0.000000	1.143940
0.001000	1.143940
0.002000	1.143940
0.003000	1.143940
0.004000	9.264060
0.005000	3.023830
0.006000	1.143940
0.007000	9.264060
0.008000	7.384180
0.009000	3.624410
0.010000	3.624410
0.011000	0.135350
0.012000	0.135350
0.013000	2.015240
0.014000	2.015240
0.015000	0.135350
0.016000	1.744530
0.017000	3.624410
0.018000	3.624410
0.019000	3.624410
0.020000	3.624410
0.021000	1.744530
0.022000	1.744530
0.023000	1.744530
0.024000	1.744530
0.025000	1.744530
0.026000	3.624410
0.027000	3.624410
0.028000	3.624410
0.029000	7.384180
0.030000	7.384180
0.031000	9.264060
0.032000	9.264060
0.033000	7.384180
0.034000	9.264060
0.035000	7.384180
0.036000	5.504290
0.037000	0.135350
0.038000	0.135350
0.039000	1.744530
0.040000	1.744530
0.041000	5.504290
0.042000	7.384180
0.043000	9.264060
0.044000	9.264060
0.045000	1.143940
0.046000	9.264060
0.047000	1.143940
0.048000	9.264060
0.049000	5.504290
0.050000	3.624410
0.051000	3.624410
0.052000	3.624410
0.053000	3.624410
0.054000	3.624410
0.055000	7.384180
0.056000	7.384180
0.057000	9.264060
0.058000	9.264060
0.059000	9.264060
0.060000	1.143940
0.061000	9.264060
0.062000	5.504290
0.063000	3.624410
0.064000	2.015240
0.065000	3.895120
0.066000	7.654880
0.067000	11.414600
0.068000	11.414600
0.069000	11.414600
0.070000	7.654880
0.071000	3.895120
0.072000	2.015240
0.073000	3.624410
0.074000	7.384180
0.075000	7.384180
0.076000	9.264060
0.077000	3.624410
0.078000	5.504290
0.079000	1.744530
0.080000	2.015240
0.081000	3.895120
0.082000	5.775000
0.083000	5.775000
0.084000	2.015240
0.085000	3.895120
0.086000	3.895120
0.087000	3.895120
0.088000	1.744530
0.089000	3.624410
0.090000	0.135350
0.091000	0.135350
0.092000	1.744530
0.093000	2.015240
0.094000	3.895120
0.095000	7.654880
0.096000	7.654880
0.097000	9.534760
0.098000	9.534760
0.099000	7.654880
0.100000	2.015240
0.101000	5.775000
0.102000	3.895120
0.103000	3.895120
0.104000	5.775000
0.105000	5.775000
0.106000	3.895120
0.107000	5.775000
0.108000	3.895120
0.109000	5.775000
0.110000	7.654880
0.111000	5.775000
0.112000	7.654880
0.113000	9.534760
0.114000	9.534760
0.115000	11.414600
0.116000	7.654880
0.117000	9.534760
0.118000	7.654880
0.119000	9.534760
0.120000	7.654880
0.121000	7.654880
0.122000	9.534760
0.123000	7.654880
0.124000	9.534760
0.125000	7.654880
0.126000	9.534760
0.127000	9.534760
0.128000	9.534760
0.129000	11.414600
0.130000	9.534760
0.131000	11.414600
0.132000	11.414600
0.133000	11.414600
0.134000	9.534760
0.135000	13.294500
0.136000	11.414600
0.137000	15.174400
0.138000	13.294500
0.139000	15.174400
0.140000	15.174400
0.141000	15.174400
0.142000	17.054199
0.143000	15.174400
0.144000	15.174400
0.145000	15.174400
0.146000	17.054199
0.147000	18.934099
0.148000	15.174400
0.149000	15.174400
0.150000	15.174400
0.151000	15.174400
0.152000	15.174400
0.153000	17.054199
0.154000	17.054199
0.155000	17.054199
0.156000	17.054199
0.157000	17.054199
0.158000	15.174400
0.159000	15.174400
0.160000	17.054199
0.161000	17.054199
0.162000	17.054199
0.163000	17.054199
0.164000	18.934099
0.165000	17.054199
0.166000	17.054199
0.167000	15.174400
0.168000	15.174400
0.169000	17.054199
0.170000	15.174400
0.171000	15.174400
0.172000	17.054199
0.173000	15.174400
0.174000	17.054199
0.175000	18.934099
0.176000	17.054199
0.177000	17.054199
0.178000	18.934099
0.179000	15.174400
0.180000	18.934099
0.181000	18.934099
0.182000	18.934099
0.183000	17.054199
0.184000	18.934099
0.185000	17.054199
0.186000	17.054199
0.187000	17.054199
0.188000	18.934099
0.189000	18.934099
0.190000	17.054199
0.191000	18.934099
0.192000	18.934099
0.193000	17.054199
0.194000	17.054199
0.195000	18.934099
0.196000	18.934099
0.197000	18.934099
0.198000	18.934099
0.199000	20.813999
0.200000	20.813999
0.201000	20.813999
0.202000	17.054199
0.203000	18.934099
0.204000	20.813999
0.205000	18.934099
0.206000	17.054199
0.207000	18.934099
0.208000	17.054199
0.209000	20.813999
0.210000	18.934099
0.211000	20.813999
0.212000	18.934099
0.213000	18.934099
0.214000	15.174400
0.215000	20.813999
0.216000	22.693899
0.217000	20.813999
0.218000	20.813999
0.219000	20.813999
0.220000	20.813999
0.221000	18.934099
0.222000	17.054199
0.223000	18.934099
0.224000	20.813999
0.225000	17.054199
0.226000	18.934099
0.227000	17.054199
0.228000	18.934099
0.229000	20.813999
0.230000	22.693899
0.231000	20.813999
0.232000	20.813999
0.233000	20.813999
0.234000	18.934099
0.235000	22.693899
0.236000	20.813999
0.237000	18.934099
0.238000	18.934099
0.239000	20.813999
0.240000	22.693899
0.241000	22.693899
0.242000	22.693899
0.243000	22.693899
0.244000	22.693899
0.245000	22.693899
0.246000	20.813999
0.247000	20.813999
0.248000	20.813999
0.249000	24.573799
0.250000	20.813999
0.251000	22.693899
0.252000	22.693899
0.253000	24.573799
0.254000	22.693899
0.255000	24.573799
0.256000	22.693899
0.257000	22.693899
0.258000	24.573799
0.259000	24.573799
0.260000	22.693899
0.261000	24.573799
0.262000	24.573799
0.263000	24.573799
0.264000	26.453699
0.265000	24.573799
0.266000	24.573799
0.267000	24.573799
0.268000	24.573799
0.269000	26.453699
0.270000	28.333500
0.271000	26.453699
0.272000	24.573799
0.273000	26.453699
0.274000	26.453699
0.275000	24.573799
0.276000	24.573799
0.277000	22.693899
0.278000	28.333500
0.279000	24.573799
0.280000	24.573799
0.281000	28.333500
0.282000	28.333500
0.283000	28.333500
0.284000	26.453699
0.285000	26.453699
0.286000	26.453699
0.287000	26.453699
0.288000	26.453699
0.289000	30.213400
0.290000	28.333500
0.291000	26.453699
0.292000	28.333500
0.293000	28.333500
0.294000	28.333500
0.295000	28.333500
0.296000	28.333500
0.297000	28.333500
0.298000	26.453699
0.299000	28.333500
0.300000	28.333500
0.301000	30.213400
0.302000	30.213400
0.303000	28.333500
0.304000	28.333500
0.305000	28.333500
0.306000	28.333500
0.307000	28.333500
0.308000	30.213400
0.309000	30.213400
0.310000	28.333500
0.311000	32.093300
0.312000	33.973202
0.313000	28.333500
0.314000	32.093300
0.315000	30.213400
0.316000	30.213400
0.317000	30.213400
0.318000	30.213400
0.319000	28.333500
0.320000	30.213400
0.321000	32.093300
0.322000	30.213400
0.323000	30.213400
0.324000	33.973202
0.325000	30.213400
0.326000	32.093300
0.327000	30.213400
0.328000	30.213400
0.329000	30.213400
0.330000	32.093300
0.331000	32.093300
0.332000	32.093300
0.333000	32.093300
0.334000	30.213400
0.335000	32.093300
0.336000	30.213400
0.337000	32.093300
0.338000	32.093300
0.339000	32.093300
0.340000	33.973202
0.341000	32.093300
0.342000	32.093300
0.343000	32.093300
0.344000	35.853100
0.345000	33.973202
0.346000	33.973202
0.347000	33.973202
0.348000	32.093300
0.349000	32.093300
0.350000	30.213400
0.351000	32.093300
0.352000	35.853100
0.353000	33.973202
0.354000	33.973202
0.355000	32.093300
0.356000	32.093300
0.357000	32.093300
0.358000	32.093300
0.359000	32.093300
0.360000	33.973202
0.361000	32.093300
0.362000	30.213400
0.363000	30.213400
0.364000	30.213400
0.365000	32.093300
0.366000	32.093300
0.367000	32.093300
0.368000	32.093300
0.369000	32.093300
0.370000	30.213400
0.371000	32.093300
0.372000	30.213400
0.373000	30.213400
0.374000	30.213400
0.375000	28.333500
0.376000	30.213400
0.377000	30.213400
0.378000	32.093300
0.379000	30.213400
0.380000	33.973202
0.381000	32.093300
0.382000	32.093300
0.383000	32.093300
0.384000	32.093300
0.385000	32.093300
0.386000	33.973202
0.387000	33.973202
0.388000	32.093300
0.389000	32.093300
0.390000	35.853100
0.391000	32.093300
0.392000	33.973202
0.393000	35.853100
0.394000	33.973202
0.395000	33.973202
0.396000	33.973202
0.397000	32.093300
0.398000	32.093300
0.399000	35.853100
0.400000	32.093300
0.401000	32.093300
0.402000	33.973202
0.403000	26.453699
0.404000	24.573799
0.405000	39.612801
0.406000	35.853100
0.407000	26.453699
0.408000	26.453699
