0.000000	0.024414
0.001000	0.029297
0.002000	0.029297
0.003000	0.024414
0.004000	0.019531
0.005000	0.024414
0.006000	0.024414
0.007000	0.024414
0.008000	0.024414
0.009000	0.019531
0.010000	0.024414
0.011000	0.024414
0.012000	0.029297
0.013000	0.024414
0.014000	0.009766
0.015000	0.019531
0.016000	0.019531
0.017000	0.024414
0.018000	0.019531
0.019000	0.014648
0.020000	0.019531
0.021000	0.019531
0.022000	0.024414
0.023000	0.029297
0.024000	0.029297
0.025000	0.024414
0.026000	0.019531
0.027000	0.014648
0.028000	0.019531
0.029000	0.014648
0.030000	0.019531
0.031000	0.019531
0.032000	0.019531
0.033000	0.014648
0.034000	0.019531
0.035000	0.019531
0.036000	0.024414
0.037000	0.024414
0.038000	0.024414
0.039000	0.019531
0.040000	0.024414
0.041000	0.019531
0.042000	0.024414
0.043000	0.014648
0.044000	0.014648
0.045000	0.014648
0.046000	0.009766
0.047000	0.014648
0.048000	0.014648
0.049000	0.014648
0.050000	0.019531
0.051000	0.014648
0.052000	0.024414
0.053000	0.024414
0.054000	0.024414
0.055000	0.029297
0.056000	0.029297
0.057000	0.034180
0.058000	0.039062
0.059000	0.048828
0.060000	0.043945
0.061000	0.053711
0.062000	0.053711
0.063000	0.053711
0.064000	0.019531
0.065000	0.019531
0.066000	0.014648
0.067000	0.014648
0.068000	0.029297
0.069000	0.039062
0.070000	0.039062
0.071000	0.053711
0.072000	0.048828
0.073000	0.029297
0.074000	0.034180
0.075000	0.034180
0.076000	0.024414
0.077000	0.039062
0.078000	0.024414
0.079000	0.019531
0.080000	0.024414
0.081000	0.014648
0.082000	0.014648
0.083000	0.014648
0.084000	0.000000
0.085000	0.000000
0.086000	0.004883
0.087000	-0.004883
0.088000	0.009766
0.089000	0.019531
0.090000	0.024414
0.091000	0.024414
0.092000	0.014648
0.093000	0.014648
0.094000	0.014648
0.095000	0.014648
0.096000	0.019531
0.097000	0.024414
0.098000	0.019531
0.099000	0.019531
0.100000	0.024414
0.101000	0.019531
0.102000	0.024414
0.103000	0.019531
0.104000	0.019531
0.105000	0.019531
0.106000	0.014648
0.107000	0.014648
0.108000	0.024414
0.109000	0.024414
0.110000	0.024414
0.111000	0.019531
0.112000	0.019531
0.113000	0.019531
0.114000	0.019531
0.115000	0.019531
0.116000	0.019531
0.117000	0.019531
0.118000	0.009766
0.119000	0.004883
0.120000	0.009766
0.121000	0.004883
0.122000	0.014648
0.123000	0.014648
0.124000	0.009766
0.125000	0.009766
0.126000	0.014648
0.127000	0.014648
0.128000	0.019531
0.129000	0.009766
0.130000	0.014648
0.131000	0.019531
0.132000	0.019531
0.133000	0.019531
0.134000	0.019531
0.135000	0.024414
0.136000	0.019531
0.137000	0.024414
0.138000	0.019531
0.139000	0.014648
0.140000	0.019531
0.141000	0.024414
0.142000	0.019531
0.143000	0.019531
0.144000	0.019531
0.145000	0.014648
0.146000	0.019531
0.147000	0.014648
0.148000	0.024414
0.149000	0.014648
0.150000	0.014648
0.151000	0.009766
0.152000	0.004883
0.153000	0.004883
0.154000	0.000000
0.155000	0.009766
0.156000	0.009766
0.157000	0.009766
0.158000	-0.004883
0.159000	0.000000
0.160000	-0.004883
0.161000	-0.004883
0.162000	-0.009766
0.163000	-0.004883
0.164000	0.000000
0.165000	-0.004883
0.166000	0.000000
0.167000	0.000000
0.168000	-0.004883
0.169000	0.000000
0.170000	0.004883
0.171000	-0.009766
0.172000	0.004883
0.173000	0.009766
0.174000	0.004883
0.175000	0.004883
0.176000	0.004883
0.177000	0.000000
0.178000	0.000000
0.179000	0.000000
0.180000	0.004883
0.181000	0.004883
0.182000	0.004883
0.183000	0.004883
0.184000	0.004883
0.185000	0.004883
0.186000	0.009766
0.187000	0.004883
0.188000	0.009766
0.189000	0.004883
0.190000	-0.004883
0.191000	0.000000
0.192000	0.000000
0.193000	0.000000
0.194000	-0.004883
0.195000	-0.004883
0.196000	-0.004883
0.197000	-0.004883
0.198000	0.112305
0.199000	-0.200195
0.200000	-0.141602
0.201000	-0.214844
0.202000	0.014648
0.203000	0.029297
0.204000	0.019531
0.205000	0.166016
0.206000	0.009766
0.207000	0.107422
0.208000	-0.078125
0.209000	0.068359
0.210000	-0.141602
0.211000	0.039062
0.212000	-0.048828
0.213000	0.092773
0.214000	0.068359
0.215000	0.058594
0.216000	0.000000
0.217000	-0.092773
0.218000	-0.063477
0.219000	-0.131836
0.220000	-0.004883
0.221000	0.034180
0.222000	0.122070
0.223000	0.068359
0.224000	0.034180
0.225000	-0.014648
0.226000	-0.078125
0.227000	-0.009766
0.228000	0.000000
0.229000	0.048828
0.230000	0.004883
0.231000	0.029297
0.232000	-0.024414
0.233000	-0.039062
0.234000	-0.019531
0.235000	-0.043945
0.236000	-0.009766
0.237000	-0.043945
0.238000	-0.004883
0.239000	-0.029297
0.240000	-0.019531
0.241000	-0.048828
0.242000	-0.039062
0.243000	-0.034180
0.244000	-0.048828
0.245000	0.009766
0.246000	0.014648
0.247000	0.048828
0.248000	0.048828
0.249000	0.029297
0.250000	-0.014648
0.251000	-0.029297
0.252000	-0.024414
0.253000	-0.029297
0.254000	0.019531
0.255000	0.024414
0.256000	0.024414
0.257000	0.004883
0.258000	0.004883
0.259000	-0.004883
0.260000	-0.019531
0.261000	-0.029297
0.262000	-0.043945
0.263000	-0.039062
0.264000	-0.039062
0.265000	0.000000
0.266000	-0.004883
0.267000	-0.029297
0.268000	-0.048828
0.269000	-0.068359
0.270000	-0.043945
0.271000	-0.053711
0.272000	-0.024414
0.273000	-0.019531
0.274000	-0.009766
0.275000	-0.009766
0.276000	-0.014648
0.277000	-0.019531
0.278000	-0.034180
0.279000	-0.014648
0.280000	-0.029297
0.281000	-0.009766
0.282000	-0.019531
0.283000	-0.004883
0.284000	-0.034180
0.285000	-0.019531
0.286000	-0.019531
0.287000	-0.024414
0.288000	-0.014648
0.289000	-0.004883
0.290000	0.136719
0.291000	-0.200195
0.292000	-0.175781
0.293000	-0.112305
0.294000	0.043945
0.295000	-0.126953
0.296000	0.146484
0.297000	0.063477
0.298000	0.097656
0.299000	0.053711
0.300000	0.039062
0.301000	0.004883
0.302000	-0.107422
0.303000	-0.039062
0.304000	-0.126953
0.305000	0.000000
0.306000	-0.043945
0.307000	0.073242
0.308000	-0.019531
0.309000	-0.053711
0.310000	-0.083008
0.311000	-0.126953
0.312000	-0.078125
0.313000	-0.009766
0.314000	0.053711
0.315000	0.039062
0.316000	0.048828
0.317000	0.009766
0.318000	-0.029297
0.319000	0.004883
0.320000	-0.009766
0.321000	0.000000
0.322000	-0.029297
0.323000	0.004883
0.324000	-0.014648
0.325000	-0.029297
0.326000	-0.039062
0.327000	-0.043945
0.328000	-0.058594
0.329000	-0.107422
0.330000	-0.058594
0.331000	-0.039062
0.332000	-0.048828
0.333000	-0.039062
0.334000	-0.009766
0.335000	-0.043945
0.336000	-0.058594
0.337000	0.000000
0.338000	0.004883
0.339000	0.009766
0.340000	0.024414
0.341000	0.000000
0.342000	-0.043945
0.343000	-0.053711
0.344000	-0.048828
0.345000	-0.043945
0.346000	-0.039062
0.347000	-0.034180
0.348000	-0.024414
0.349000	-0.048828
0.350000	-0.024414
0.351000	-0.034180
0.352000	-0.039062
0.353000	-0.053711
0.354000	-0.058594
0.355000	-0.043945
0.356000	-0.034180
0.357000	-0.004883
0.358000	0.014648
0.359000	0.009766
0.360000	-0.024414
0.361000	-0.034180
0.362000	-0.043945
0.363000	-0.058594
0.364000	-0.034180
0.365000	-0.039062
0.366000	-0.029297
0.367000	-0.034180
0.368000	-0.034180
0.369000	-0.039062
0.370000	-0.048828
0.371000	-0.048828
0.372000	-0.058594
0.373000	-0.048828
0.374000	-0.034180
0.375000	-0.004883
0.376000	-0.009766
0.377000	0.009766
0.378000	-0.009766
0.379000	-0.014648
0.380000	-0.029297
0.381000	-0.029297
0.382000	-0.034180
0.383000	-0.019531
0.384000	-0.029297
0.385000	-0.029297
0.386000	-0.048828
0.387000	-0.048828
0.388000	-0.043945
0.389000	-0.039062
0.390000	-0.029297
0.391000	-0.034180
0.392000	-0.034180
0.393000	-0.043945
0.394000	-0.039062
0.395000	-0.019531
0.396000	-0.024414
0.397000	-0.024414
0.398000	-0.014648
0.399000	-0.019531
0.400000	-0.029297
0.401000	-0.019531
0.402000	-0.019531
0.403000	-0.039062
0.404000	-0.048828
0.405000	-0.039062
0.406000	-0.039062
0.407000	-0.043945
0.408000	-0.039062
0.409000	-0.024414
0.410000	-0.034180
0.411000	-0.029297
0.412000	-0.024414
0.413000	-0.019531
0.414000	-0.029297
0.415000	-0.024414
0.416000	-0.009766
0.417000	-0.019531
0.418000	-0.039062
0.419000	-0.043945
0.420000	-0.043945
0.421000	-0.053711
0.422000	-0.053711
0.423000	-0.043945
0.424000	-0.034180
0.425000	-0.029297
0.426000	-0.009766
0.427000	-0.009766
0.428000	-0.024414
0.429000	-0.019531
0.430000	-0.024414
0.431000	-0.053711
0.432000	-0.034180
0.433000	-0.029297
0.434000	-0.014648
0.435000	-0.019531
0.436000	-0.039062
0.437000	-0.063477
0.438000	-0.058594
0.439000	0.048828
0.440000	0.131836
0.441000	0.097656
0.442000	-0.205078
0.443000	-0.273438
0.444000	-0.029297
0.445000	0.136719
0.446000	0.161133
0.447000	0.170898
0.448000	0.063477
