0.000000	0.082227
0.001000	0.082227
0.002000	0.041113
0.003000	0.020557
0.004000	-0.020557
0.005000	0.020557
0.006000	0.061670
0.007000	0.082227
0.008000	0.041113
0.009000	0.020557
0.010000	0.041113
0.011000	0.061670
0.012000	0.082227
0.013000	0.082227
0.014000	0.061670
0.015000	0.020557
0.016000	0.020557
0.017000	0.000000
0.018000	0.020557
0.019000	-0.020557
0.020000	0.000000
0.021000	0.020557
0.022000	0.102783
0.023000	0.102783
0.024000	0.082227
0.025000	0.082227
0.026000	0.000000
0.027000	-0.061670
0.028000	-0.082227
0.029000	-0.082227
0.030000	-0.102783
0.031000	-0.061670
0.032000	-0.061670
0.033000	-0.082227
0.034000	-0.102783
0.035000	-0.041113
0.036000	-0.041113
0.037000	-0.020557
0.038000	-0.020557
0.039000	-0.041113
0.040000	-0.082227
0.041000	-0.041113
0.042000	-0.061670
0.043000	-0.041113
0.044000	-0.061670
0.045000	0.000000
0.046000	-0.020557
0.047000	0.000000
0.048000	0.000000
0.049000	0.061670
0.050000	0.123340
0.051000	0.205566
0.052000	0.328906
0.053000	0.390576
0.054000	0.472803
0.055000	0.575586
0.056000	0.678369
0.057000	0.760596
0.058000	0.883936
0.059000	0.986719
0.060000	1.151170
0.061000	1.253960
0.062000	1.295070
0.063000	1.192290
0.064000	0.966162
0.065000	0.801709
0.066000	0.678369
0.067000	0.678369
0.068000	0.863379
0.069000	1.068950
0.070000	1.253960
0.071000	1.295070
0.072000	1.171730
0.073000	1.048390
0.074000	0.986719
0.075000	0.986719
0.076000	1.007280
0.077000	0.925049
0.078000	0.801709
0.079000	0.698926
0.080000	0.637256
0.081000	0.596143
0.082000	0.637256
0.083000	0.596143
0.084000	0.493359
0.085000	0.431689
0.086000	0.431689
0.087000	0.555029
0.088000	0.740039
0.089000	0.925049
0.090000	1.027830
0.091000	1.027830
0.092000	0.945605
0.093000	0.883936
0.094000	1.007280
0.095000	1.110060
0.096000	1.212840
0.097000	1.295070
0.098000	1.274510
0.099000	1.274510
0.100000	1.295070
0.101000	1.377290
0.102000	1.438960
0.103000	1.480080
0.104000	1.459520
0.105000	1.397850
0.106000	1.377290
0.107000	1.377290
0.108000	1.397850
0.109000	1.418410
0.110000	1.397850
0.111000	1.397850
0.112000	1.397850
0.113000	1.377290
0.114000	1.397850
0.115000	1.377290
0.116000	1.315630
0.117000	1.233400
0.118000	1.089500
0.119000	1.027830
0.120000	1.027830
0.121000	1.089500
0.122000	1.130620
0.123000	1.171730
0.124000	1.192290
0.125000	1.171730
0.126000	1.212840
0.127000	1.233400
0.128000	1.295070
0.129000	1.377290
0.130000	1.397850
0.131000	1.459520
0.132000	1.521190
0.133000	1.582860
0.134000	1.644530
0.135000	1.685640
0.136000	1.706200
0.137000	1.706200
0.138000	1.726760
0.139000	1.747310
0.140000	1.788430
0.141000	1.850100
0.142000	1.870650
0.143000	1.891210
0.144000	1.891210
0.145000	1.829540
0.146000	1.870650
0.147000	1.891210
0.148000	1.870650
0.149000	1.850100
0.150000	1.767870
0.151000	1.706200
0.152000	1.644530
0.153000	1.603420
0.154000	1.562300
0.155000	1.582860
0.156000	1.582860
0.157000	1.541750
0.158000	1.480080
0.159000	1.418410
0.160000	1.377290
0.161000	1.356740
0.162000	1.397850
0.163000	1.418410
0.164000	1.459520
0.165000	1.459520
0.166000	1.500630
0.167000	1.500630
0.168000	1.521190
0.169000	1.562300
0.170000	1.582860
0.171000	1.644530
0.172000	1.706200
0.173000	1.726760
0.174000	1.767870
0.175000	1.788430
0.176000	1.808980
0.177000	1.808980
0.178000	1.829540
0.179000	1.850100
0.180000	1.850100
0.181000	1.850100
0.182000	1.870650
0.183000	1.850100
0.184000	1.870650
0.185000	1.850100
0.186000	1.870650
0.187000	1.870650
0.188000	1.891210
0.189000	1.870650
0.190000	1.850100
0.191000	1.829540
0.192000	1.788430
0.193000	1.747310
0.194000	1.726760
0.195000	1.685640
0.196000	1.685640
0.197000	0.842822
0.198000	0.493359
0.199000	-1.644530
0.200000	-1.973440
0.201000	-1.767870
0.202000	0.370020
0.203000	1.767870
0.204000	2.549020
0.205000	3.782420
0.206000	3.391850
0.207000	2.877930
0.208000	1.521190
0.209000	1.397850
0.210000	0.657813
0.211000	1.541750
0.212000	2.014550
0.213000	3.165720
0.214000	3.391850
0.215000	2.816260
0.216000	1.747310
0.217000	0.472803
0.218000	-0.082227
0.219000	0.000000
0.220000	1.726760
0.221000	3.042380
0.222000	3.926320
0.223000	3.535740
0.224000	2.507910
0.225000	1.521190
0.226000	1.192290
0.227000	1.706200
0.228000	2.117330
0.229000	2.507910
0.230000	2.220120
0.231000	1.891210
0.232000	1.274510
0.233000	0.904492
0.234000	0.863379
0.235000	0.883936
0.236000	1.192290
0.237000	1.253960
0.238000	1.336180
0.239000	1.171730
0.240000	0.966162
0.241000	0.760596
0.242000	0.740039
0.243000	0.801709
0.244000	1.068950
0.245000	1.850100
0.246000	2.549020
0.247000	3.083500
0.248000	3.104050
0.249000	2.734030
0.250000	2.158450
0.251000	1.829540
0.252000	1.891210
0.253000	2.220120
0.254000	2.549020
0.255000	2.651810
0.256000	2.569580
0.257000	2.364010
0.258000	2.158450
0.259000	1.891210
0.260000	1.541750
0.261000	1.295070
0.262000	1.151170
0.263000	1.192290
0.264000	1.377290
0.265000	1.459520
0.266000	1.500630
0.267000	1.253960
0.268000	0.945605
0.269000	0.760596
0.270000	1.007280
0.271000	1.151170
0.272000	1.521190
0.273000	1.870650
0.274000	2.014550
0.275000	1.973440
0.276000	1.788430
0.277000	1.665090
0.278000	1.603420
0.279000	1.665090
0.280000	1.603420
0.281000	1.747310
0.282000	1.788430
0.283000	1.911770
0.284000	1.891210
0.285000	1.870650
0.286000	1.911770
0.287000	2.055660
0.288000	2.322900
0.289000	1.315630
0.290000	1.665090
0.291000	-0.390576
0.292000	-1.171730
0.293000	-0.555029
0.294000	1.212840
0.295000	1.521190
0.296000	3.432960
0.297000	3.967430
0.298000	4.152440
0.299000	3.597410
0.300000	2.836820
0.301000	1.891210
0.302000	0.678369
0.303000	0.452246
0.304000	0.472803
0.305000	1.521190
0.306000	1.870650
0.307000	2.384570
0.308000	1.829540
0.309000	0.637256
0.310000	-0.082227
0.311000	-0.020557
0.312000	0.925049
0.313000	2.076220
0.314000	3.062940
0.315000	3.330180
0.316000	3.165720
0.317000	2.857370
0.318000	2.569580
0.319000	2.590140
0.320000	2.466800
0.321000	2.425680
0.322000	2.364010
0.323000	2.302340
0.324000	2.014550
0.325000	1.623970
0.326000	1.274510
0.327000	0.945605
0.328000	0.719482
0.329000	0.493359
0.330000	0.719482
0.331000	1.007280
0.332000	1.295070
0.333000	1.582860
0.334000	1.706200
0.335000	1.562300
0.336000	1.726760
0.337000	2.446240
0.338000	2.877930
0.339000	3.145170
0.340000	3.021830
0.341000	2.487350
0.342000	1.973440
0.343000	1.767870
0.344000	1.706200
0.345000	1.623970
0.346000	1.623970
0.347000	1.603420
0.348000	1.582860
0.349000	1.603420
0.350000	1.788430
0.351000	1.808980
0.352000	1.623970
0.353000	1.500630
0.354000	1.582860
0.355000	1.829540
0.356000	2.117330
0.357000	2.610690
0.358000	2.898490
0.359000	2.898490
0.360000	2.507910
0.361000	2.076220
0.362000	1.808980
0.363000	1.706200
0.364000	1.870650
0.365000	2.014550
0.366000	1.993990
0.367000	1.911770
0.368000	1.870650
0.369000	1.767870
0.370000	1.644530
0.371000	1.644530
0.372000	1.706200
0.373000	1.891210
0.374000	2.179000
0.375000	2.549020
0.376000	2.919040
0.377000	3.145170
0.378000	2.980710
0.379000	2.672360
0.380000	2.364010
0.381000	2.240670
0.382000	2.302340
0.383000	2.364010
0.384000	2.281790
0.385000	2.076220
0.386000	1.870650
0.387000	1.829540
0.388000	1.850100
0.389000	1.932320
0.390000	2.055660
0.391000	2.096780
0.392000	2.137890
0.393000	2.158450
0.394000	2.302340
0.395000	2.384570
0.396000	2.446240
0.397000	2.549020
0.398000	2.590140
0.399000	2.549020
0.400000	2.507910
0.401000	2.528470
0.402000	2.446240
0.403000	2.322900
0.404000	2.220120
0.405000	2.199560
0.406000	2.220120
0.407000	2.199560
0.408000	2.364010
0.409000	2.549020
0.410000	2.549020
0.411000	2.651810
0.412000	2.734030
0.413000	2.754590
0.414000	2.734030
0.415000	2.775150
0.416000	2.795700
0.417000	2.734030
0.418000	2.343460
0.419000	2.179000
0.420000	2.199560
0.421000	2.076220
0.422000	2.096780
0.423000	2.322900
0.424000	2.528470
0.425000	2.836820
0.426000	3.104050
0.427000	3.165720
0.428000	3.021830
0.429000	2.877930
0.430000	2.692920
0.431000	2.446240
0.432000	2.466800
0.433000	2.651810
0.434000	2.836820
0.435000	2.692920
0.436000	2.343460
0.437000	2.179000
0.438000	2.651810
0.439000	3.802980
0.440000	4.193550
0.441000	1.850100
0.442000	-2.137890
0.443000	-1.356740
0.444000	2.364010
0.445000	4.275780
0.446000	4.481350
0.447000	4.686910
0.448000	3.597410
