0.000000	0.190232
0.001000	0.190232
0.002000	0.104880
0.003000	0.147556
0.004000	0.147556
0.005000	0.147556
0.006000	0.190232
0.007000	0.190232
0.008000	0.232907
0.009000	0.275583
0.010000	0.318259
0.011000	0.275583
0.012000	0.275583
0.013000	0.275583
0.014000	0.232907
0.015000	0.232907
0.016000	0.190232
0.017000	0.190232
0.018000	0.232907
0.019000	0.318259
0.020000	0.318259
0.021000	0.403610
0.022000	0.403610
0.023000	0.403610
0.024000	0.446286
0.025000	0.446286
0.026000	0.531638
0.027000	0.488962
0.028000	0.531638
0.029000	0.616989
0.030000	0.659665
0.031000	0.702341
0.032000	0.830368
0.033000	1.001070
0.034000	1.001070
0.035000	1.129100
0.036000	1.171770
0.037000	1.214450
0.038000	1.299800
0.039000	1.299800
0.040000	1.342480
0.041000	1.385150
0.042000	1.427830
0.043000	1.470510
0.044000	1.555860
0.045000	1.683880
0.046000	1.854590
0.047000	2.025290
0.048000	2.195990
0.049000	2.452050
0.050000	2.665430
0.051000	2.878810
0.052000	3.134860
0.053000	3.390920
0.054000	3.689650
0.055000	3.945700
0.056000	4.244430
0.057000	4.457810
0.058000	4.671190
0.059000	4.927240
0.060000	4.927240
0.061000	5.055270
0.062000	5.097950
0.063000	4.841890
0.064000	4.969920
0.065000	5.012590
0.066000	4.799220
0.067000	5.225970
0.068000	5.268650
0.069000	5.439350
0.070000	6.036810
0.071000	6.164840
0.072000	6.634270
0.073000	7.317090
0.074000	7.402440
0.075000	8.042580
0.076000	8.426660
0.077000	8.469330
0.078000	8.768060
0.079000	8.682710
0.080000	8.341310
0.081000	8.341310
0.082000	7.914550
0.083000	7.615820
0.084000	7.573140
0.085000	7.317090
0.086000	7.445110
0.087000	7.786520
0.088000	7.957220
0.089000	8.512010
0.090000	9.024120
0.091000	9.365520
0.092000	9.877630
0.093000	10.219000
0.094000	10.347100
0.095000	10.560400
0.096000	10.517800
0.097000	10.389700
0.098000	10.261700
0.099000	10.091000
0.100000	9.877630
0.101000	9.834960
0.102000	9.749610
0.103000	9.749610
0.104000	9.877630
0.105000	10.048300
0.106000	10.347100
0.107000	10.645800
0.108000	10.944500
0.109000	11.328600
0.110000	11.627300
0.111000	11.840700
0.112000	12.096800
0.113000	12.182100
0.114000	12.224800
0.115000	12.310200
0.116000	12.267500
0.117000	12.267500
0.118000	12.224800
0.119000	12.182100
0.120000	12.224800
0.121000	12.267500
0.122000	12.395500
0.123000	12.566200
0.124000	12.822300
0.125000	13.035600
0.126000	13.291700
0.127000	13.505100
0.128000	13.675800
0.129000	13.803800
0.130000	13.931800
0.131000	14.059900
0.132000	14.187900
0.133000	14.145200
0.134000	14.187900
0.135000	14.187900
0.136000	14.145200
0.137000	14.187900
0.138000	14.230600
0.139000	14.230600
0.140000	14.358600
0.141000	14.486600
0.142000	14.614600
0.143000	14.700000
0.144000	14.870700
0.145000	14.998700
0.146000	15.126800
0.147000	15.297500
0.148000	15.425500
0.149000	15.553500
0.150000	15.681500
0.151000	15.681500
0.152000	15.766900
0.153000	15.894900
0.154000	15.852200
0.155000	16.022900
0.156000	16.065599
0.157000	16.150999
0.158000	16.278999
0.159000	16.364401
0.160000	16.492399
0.161000	16.620399
0.162000	16.748400
0.163000	16.876499
0.164000	17.004499
0.165000	17.132500
0.166000	17.303200
0.167000	17.431200
0.168000	17.516600
0.169000	17.601999
0.170000	17.644600
0.171000	17.687300
0.172000	17.730000
0.173000	17.730000
0.174000	17.815300
0.175000	17.900700
0.176000	17.900700
0.177000	18.028700
0.178000	18.114100
0.179000	18.199400
0.180000	18.370100
0.181000	18.455500
0.182000	18.583500
0.183000	18.711500
0.184000	18.839500
0.185000	18.924900
0.186000	19.010300
0.187000	19.095600
0.188000	19.138300
0.189000	19.138300
0.190000	19.181000
0.191000	19.223600
0.192000	19.181000
0.193000	19.223600
0.194000	19.266300
0.195000	19.223600
0.196000	19.266300
0.197000	14.828000
0.198000	11.627300
0.199000	17.687300
0.200000	13.846500
0.201000	13.718500
0.202000	17.473900
0.203000	17.858000
0.204000	16.364401
0.205000	20.418600
0.206000	19.949100
0.207000	17.473900
0.208000	20.162500
0.209000	18.839500
0.210000	17.089800
0.211000	18.754200
0.212000	18.028700
0.213000	16.876499
0.214000	18.156700
0.215000	18.284800
0.216000	17.601999
0.217000	19.266300
0.218000	19.650400
0.219000	19.138300
0.220000	20.034500
0.221000	20.333200
0.222000	20.162500
0.223000	20.546600
0.224000	21.272100
0.225000	21.143999
0.226000	21.442801
0.227000	21.528099
0.228000	21.186701
0.229000	21.186701
0.230000	20.802601
0.231000	20.845301
0.232000	20.674601
0.233000	20.461201
0.234000	20.888000
0.235000	20.717300
0.236000	21.101400
0.237000	21.442801
0.238000	21.912201
0.239000	22.210899
0.240000	22.552299
0.241000	22.765699
0.242000	22.979099
0.243000	22.979099
0.244000	22.680401
0.245000	22.594999
0.246000	22.339001
0.247000	21.997601
0.248000	21.912201
0.249000	21.784201
0.250000	21.784201
0.251000	21.954901
0.252000	22.082899
0.253000	22.210899
0.254000	22.552299
0.255000	22.808399
0.256000	23.021799
0.257000	23.277800
0.258000	23.491199
0.259000	23.704599
0.260000	23.619200
0.261000	23.747299
0.262000	23.747299
0.263000	23.661900
0.264000	23.619200
0.265000	23.021799
0.266000	22.381599
0.267000	23.149799
0.268000	22.979099
0.269000	23.021799
0.270000	23.789900
0.271000	24.088699
0.272000	24.131300
0.273000	24.728800
0.274000	24.600800
0.275000	24.600800
0.276000	24.728800
0.277000	24.515400
0.278000	24.515400
0.279000	24.643499
0.280000	24.515400
0.281000	24.558100
0.282000	24.728800
0.283000	24.814199
0.284000	24.899500
0.285000	25.155600
0.286000	25.368900
0.287000	25.497000
0.288000	25.625000
0.289000	16.150999
0.290000	20.503901
0.291000	21.741501
0.292000	18.028700
0.293000	21.528099
0.294000	23.704599
0.295000	21.698799
0.296000	23.277800
0.297000	25.070200
0.298000	23.448500
0.299000	24.088699
0.300000	24.302000
0.301000	23.149799
0.302000	23.661900
0.303000	23.533899
0.304000	23.149799
0.305000	23.576599
0.306000	23.021799
0.307000	23.619200
0.308000	23.789900
0.309000	24.344700
0.310000	25.240900
0.311000	25.710300
0.312000	25.838400
0.313000	26.478500
0.314000	26.777201
0.315000	26.563900
0.316000	26.905300
0.317000	26.905300
0.318000	26.265100
0.319000	26.563900
0.320000	26.521200
0.321000	26.179800
0.322000	25.881100
0.323000	26.094400
0.324000	26.265100
0.325000	26.094400
0.326000	26.478500
0.327000	26.905300
0.328000	27.417400
0.329000	27.204000
0.330000	27.886801
0.331000	28.270901
0.332000	27.929501
0.333000	28.142900
0.334000	28.612301
0.335000	28.441601
0.336000	28.014799
0.337000	28.356199
0.338000	28.356199
0.339000	27.929501
0.340000	27.929501
0.341000	28.185499
0.342000	27.801500
0.343000	27.972200
0.344000	28.270901
0.345000	28.313601
0.346000	28.356199
0.347000	28.783001
0.348000	29.039101
0.349000	29.039101
0.350000	29.337799
0.351000	29.721901
0.352000	29.807199
0.353000	29.892599
0.354000	30.233999
0.355000	30.191299
0.356000	29.977900
0.357000	30.020599
0.358000	29.977900
0.359000	29.977900
0.360000	29.935301
0.361000	30.191299
0.362000	30.276699
0.363000	30.276699
0.364000	30.490000
0.365000	30.703400
0.366000	30.660700
0.367000	30.916800
0.368000	31.044800
0.369000	31.215500
0.370000	31.258200
0.371000	31.556900
0.372000	31.642300
0.373000	31.599600
0.374000	31.599600
0.375000	31.642300
0.376000	31.258200
0.377000	31.642300
0.378000	31.727600
0.379000	31.599600
0.380000	31.813000
0.381000	31.855700
0.382000	31.813000
0.383000	31.941000
0.384000	32.026402
0.385000	32.197102
0.386000	32.325100
0.387000	32.538502
0.388000	32.666500
0.389000	32.666500
0.390000	32.709202
0.391000	32.837200
0.392000	32.922600
0.393000	32.922600
0.394000	33.050598
0.395000	33.178600
0.396000	33.093300
0.397000	33.007900
0.398000	33.178600
0.399000	33.221298
0.400000	33.221298
0.401000	33.264000
0.402000	33.434700
0.403000	33.434700
0.404000	33.520000
0.405000	33.562698
0.406000	33.562698
0.407000	33.733398
0.408000	33.904099
0.409000	33.861401
0.410000	33.904099
0.411000	33.946800
0.412000	33.989498
0.413000	33.946800
0.414000	34.074799
0.415000	34.245499
0.416000	34.074799
0.417000	33.562698
0.418000	34.160198
0.419000	34.032101
0.420000	33.647999
0.421000	33.818699
0.422000	34.117500
0.423000	33.904099
0.424000	33.776100
0.425000	34.074799
0.426000	34.032101
0.427000	34.074799
0.428000	34.202801
0.429000	34.288200
0.430000	34.330898
0.431000	34.373501
0.432000	34.160198
0.433000	34.458900
0.434000	33.733398
0.435000	33.776100
0.436000	34.117500
0.437000	33.477299
0.438000	31.941000
0.439000	32.282398
0.440000	27.460100
0.441000	27.161301
0.442000	24.643499
0.443000	24.131300
0.444000	24.003300
0.445000	19.650400
0.446000	21.143999
0.447000	20.333200
0.448000	19.138300
