0.000000	12.094400
0.001000	12.094400
0.002000	12.094400
0.003000	10.214500
0.004000	12.094400
0.005000	10.214500
0.006000	10.214500
0.007000	10.214500
0.008000	12.094400
0.009000	13.974300
0.010000	13.974300
0.011000	15.854200
0.012000	17.734100
0.013000	21.493799
0.014000	23.373699
0.015000	27.133499
0.016000	27.133499
0.017000	29.013399
0.018000	25.253599
0.019000	25.253599
0.020000	19.613899
0.021000	13.974300
0.022000	4.574880
0.023000	-1.064760
0.024000	-1.064760
0.025000	-4.824530
0.026000	-8.584290
0.027000	-4.824530
0.028000	-1.064760
0.029000	0.815118
0.030000	4.574880
0.031000	6.454760
0.032000	8.334650
0.033000	12.094400
0.034000	12.094400
0.035000	12.094400
0.036000	10.214500
0.037000	10.214500
0.038000	8.334650
0.039000	6.454760
0.040000	4.574880
0.041000	4.574880
0.042000	6.454760
0.043000	4.574880
0.044000	4.574880
0.045000	2.695000
0.046000	-1.064760
0.047000	-1.064760
0.048000	0.815118
0.049000	-1.064760
0.050000	-1.064760
0.051000	-2.944650
0.052000	-2.944650
0.053000	-2.944650
0.054000	-1.064760
0.055000	-6.704410
0.056000	-6.704410
0.057000	0.815118
0.058000	-4.824530
0.059000	-2.944650
0.060000	-1.064760
0.061000	-6.704410
0.062000	-4.824530
0.063000	-1.064760
0.064000	-10.464200
0.065000	-10.464200
0.066000	-4.824530
0.067000	-6.704410
0.068000	-4.824530
0.069000	-2.944650
0.070000	-1.064760
0.071000	-1.064760
0.072000	-1.064760
0.073000	-2.944650
0.074000	0.815118
0.075000	0.815118
0.076000	-2.944650
0.077000	-1.064760
0.078000	-2.944650
0.079000	-1.064760
0.080000	-2.944650
0.081000	-2.944650
0.082000	-2.944650
0.083000	-2.944650
0.084000	-2.944650
0.085000	-1.064760
0.086000	-2.944650
0.087000	-6.704410
0.088000	-4.824530
0.089000	-4.824530
0.090000	-6.704410
0.091000	-4.824530
0.092000	-4.824530
0.093000	-2.944650
0.094000	-4.824530
0.095000	-6.704410
0.096000	-6.704410
0.097000	-4.824530
0.098000	-4.824530
0.099000	-8.584290
0.100000	-8.584290
0.101000	-8.584290
0.102000	-8.584290
0.103000	-10.464200
0.104000	-8.584290
0.105000	-8.584290
0.106000	-10.464200
0.107000	-6.704410
0.108000	-6.704410
0.109000	-10.464200
0.110000	-8.584290
0.111000	-8.584290
0.112000	-12.344100
0.113000	-12.344100
0.114000	-12.344100
0.115000	-10.464200
0.116000	-10.464200
0.117000	-10.464200
0.118000	-8.584290
0.119000	-10.464200
0.120000	-10.464200
0.121000	-10.464200
0.122000	-8.584290
0.123000	-6.704410
0.124000	-6.704410
0.125000	-4.824530
0.126000	-8.584290
0.127000	-6.704410
0.128000	-6.704410
0.129000	-6.704410
0.130000	-8.584290
0.131000	-8.584290
0.132000	-10.464200
0.133000	-6.704410
0.134000	-6.704410
0.135000	-6.704410
0.136000	-10.464200
0.137000	-8.584290
0.138000	-6.704410
0.139000	-8.584290
0.140000	-8.584290
0.141000	-8.584290
0.142000	-6.704410
0.143000	-6.704410
0.144000	-6.704410
0.145000	-6.704410
0.146000	-8.584290
0.147000	-6.704410
0.148000	-8.584290
0.149000	-8.584290
0.150000	-8.584290
0.151000	-8.584290
0.152000	-8.584290
0.153000	-14.223900
0.154000	-10.464200
0.155000	-10.464200
0.156000	-14.223900
0.157000	-12.344100
0.158000	-10.464200
0.159000	-10.464200
0.160000	-10.464200
0.161000	-10.464200
0.162000	-10.464200
0.163000	-12.344100
0.164000	-10.464200
0.165000	-12.344100
0.166000	-10.464200
0.167000	-12.344100
0.168000	-14.223900
0.169000	-10.464200
0.170000	-10.464200
0.171000	-12.344100
0.172000	-12.344100
0.173000	-12.344100
0.174000	-12.344100
0.175000	-12.344100
0.176000	-12.344100
0.177000	-8.584290
0.178000	-10.464200
0.179000	-8.584290
0.180000	-8.584290
0.181000	-10.464200
0.182000	-8.584290
0.183000	-6.704410
0.184000	-8.584290
0.185000	-8.584290
0.186000	-10.464200
0.187000	-10.464200
0.188000	-10.464200
0.189000	-8.584290
0.190000	-10.464200
0.191000	-10.464200
0.192000	-12.344100
0.193000	-10.464200
0.194000	-10.464200
0.195000	-12.344100
0.196000	-10.464200
0.197000	-12.344100
0.198000	-12.344100
0.199000	-12.344100
0.200000	-12.344100
0.201000	-10.464200
0.202000	-6.704410
0.203000	-10.464200
0.204000	-12.344100
0.205000	-8.584290
0.206000	-8.584290
0.207000	-12.344100
0.208000	-12.344100
0.209000	-10.464200
0.210000	-8.584290
0.211000	-10.464200
0.212000	-12.344100
0.213000	-10.464200
0.214000	-12.344100
0.215000	-16.103800
0.216000	-12.344100
0.217000	-14.223900
0.218000	-16.103800
0.219000	-16.103800
0.220000	-17.983700
0.221000	-16.103800
0.222000	-12.344100
0.223000	-14.223900
0.224000	-14.223900
0.225000	-12.344100
0.226000	-12.344100
0.227000	-14.223900
0.228000	-14.223900
0.229000	-16.103800
0.230000	-16.103800
0.231000	-12.344100
0.232000	-16.103800
0.233000	-17.983700
0.234000	-16.103800
0.235000	-16.103800
0.236000	-19.863600
0.237000	-17.983700
0.238000	-16.103800
0.239000	-17.983700
0.240000	-16.103800
0.241000	-14.223900
0.242000	-14.223900
0.243000	-14.223900
0.244000	-14.223900
0.245000	-16.103800
0.246000	-17.983700
0.247000	-16.103800
0.248000	-17.983700
0.249000	-17.983700
0.250000	-17.983700
0.251000	-19.863600
0.252000	-17.983700
0.253000	-19.863600
0.254000	-17.983700
0.255000	-21.743500
0.256000	-19.863600
0.257000	-17.983700
0.258000	-19.863600
0.259000	-19.863600
0.260000	-17.983700
0.261000	-21.743500
0.262000	-19.863600
0.263000	-19.863600
0.264000	-21.743500
0.265000	-17.983700
0.266000	-17.983700
0.267000	-21.743500
0.268000	-19.863600
0.269000	-21.743500
0.270000	-23.623400
0.271000	-23.623400
0.272000	-19.863600
0.273000	-23.623400
0.274000	-23.623400
0.275000	-21.743500
0.276000	-23.623400
0.277000	-23.623400
0.278000	-25.503201
0.279000	-23.623400
0.280000	-23.623400
0.281000	-23.623400
0.282000	-25.503201
0.283000	-23.623400
0.284000	-21.743500
0.285000	-23.623400
0.286000	-21.743500
0.287000	-19.863600
0.288000	-23.623400
0.289000	-25.503201
0.290000	-25.503201
0.291000	-19.863600
0.292000	-23.623400
0.293000	-21.743500
0.294000	-23.623400
0.295000	-19.863600
0.296000	-25.503201
0.297000	-25.503201
0.298000	-25.503201
0.299000	-21.743500
0.300000	-25.503201
0.301000	-25.503201
0.302000	-25.503201
0.303000	-25.503201
0.304000	-23.623400
0.305000	-29.263000
0.306000	-27.383101
0.307000	-27.383101
0.308000	-27.383101
0.309000	-29.263000
0.310000	-25.503201
0.311000	-25.503201
0.312000	-27.383101
0.313000	-31.142900
0.314000	-29.263000
0.315000	-29.263000
0.316000	-27.383101
0.317000	-31.142900
0.318000	-27.383101
0.319000	-29.263000
0.320000	-33.022800
0.321000	-33.022800
0.322000	-31.142900
0.323000	-33.022800
0.324000	-31.142900
0.325000	-34.902699
0.326000	-33.022800
0.327000	-31.142900
0.328000	-34.902699
0.329000	-33.022800
0.330000	-34.902699
0.331000	-34.902699
0.332000	-34.902699
0.333000	-33.022800
0.334000	-31.142900
0.335000	-34.902699
0.336000	-33.022800
0.337000	-33.022800
0.338000	-12.344100
0.339000	6.454760
0.340000	36.532902
0.341000	13.974300
0.342000	42.172501
0.343000	13.974300
0.344000	-12.344100
0.345000	-33.022800
0.346000	-33.022800
0.347000	-12.344100
0.348000	6.454760
0.349000	36.532902
0.350000	13.974300
0.351000	42.172501
0.352000	13.974300
0.353000	-12.344100
