0.000000	-0.320000
-0.018100	-0.320000
0.090700	-0.338000
0.006690	-0.338000
-0.013600	-0.320000
-0.012400	-0.320000
-0.010100	-0.320000
-0.009070	-0.320000
0.002890	-0.356000
-0.012100	-0.104000
-0.268000	0.254000
-0.464000	-0.032600
-1.770000	-1.900000
-2.750000	-4.930000
-3.340000	-6.470000
-3.790000	-8.020000
-4.190000	-9.130000
-4.520000	-8.730000
-5.210000	-9.740000
-5.740000	-12.000000
-6.590000	-12.900000
-7.100000	-14.500000
-7.480000	-15.500000
-8.250000	-15.400000
-8.870000	-13.200000
-9.970000	-15.600000
-11.300000	-16.200001
-12.200000	-15.400000
-13.200000	-19.700001
-13.200000	-17.200001
-14.600000	-16.100000
-15.400000	-19.100000
-16.299999	-19.400000
-16.700001	-19.299999
-17.200001	-20.700001
-17.900000	-20.900000
-18.200001	-20.799999
-19.000000	-22.600000
-19.299999	-23.200001
-20.000000	-23.000000
-20.500000	-24.400000
-21.299999	-23.700001
-21.799999	-24.600000
-22.600000	-22.900000
-24.100000	-21.900000
-25.600000	-21.400000
-27.799999	-19.400000
-30.000000	-20.500000
-32.299999	-16.500000
-35.299999	-16.100000
-37.900002	-13.100000
-40.900002	-14.000000
-44.000000	-10.800000
-47.299999	-8.860000
-50.400002	-7.490000
-53.200001	-5.590000
-55.500000	-4.910000
-57.700001	-5.400000
-59.299999	-4.430000
-60.099998	-3.890000
