15.900000	0.628000
15.900000	0.628000
15.900000	0.628000
15.900000	0.628000
15.900000	0.691000
15.900000	0.566000
15.900000	0.566000
15.900000	0.754000
15.900000	-0.942000
16.200001	-7.160000
17.000000	-8.290000
17.900000	-0.942000
19.100000	5.530000
20.299999	5.530000
21.600000	7.600000
22.799999	6.090000
23.799999	3.640000
24.600000	2.070000
25.299999	5.400000
25.799999	9.300000
26.400000	7.100000
26.900000	4.270000
27.299999	1.820000
27.799999	1.760000
28.400000	3.270000
29.000000	5.780000
29.600000	6.470000
30.100000	4.960000
30.600000	4.270000
31.100000	5.340000
31.500000	5.910000
32.000000	6.600000
32.400002	7.160000
32.900002	6.160000
33.299999	5.210000
33.799999	6.410000
34.299999	8.420000
34.799999	9.490000
35.299999	9.610000
35.799999	9.860000
36.299999	10.800000
36.799999	11.900000
37.299999	13.400000
37.799999	14.400000
38.400002	14.300000
38.799999	15.000000
39.400002	16.400000
39.900002	18.100000
40.500000	19.700001
40.900002	21.100000
41.500000	21.400000
42.000000	22.200001
42.599998	23.700001
43.200001	25.900000
43.700001	27.700001
44.299999	28.299999
44.799999	29.700001
45.400002	31.000000
45.900002	32.000000
46.500000	33.799999
46.500000	35.299999
47.599998	36.299999
48.099998	37.000000
48.700001	37.900002
48.700001	38.299999
49.700001	39.299999
50.299999	40.700001
50.700001	41.500000
51.099998	41.799999
51.599998	41.900002
52.000000	41.799999
52.400002	42.299999
52.799999	42.500000
53.200001	42.599998
53.599998	42.599998
54.000000	42.500000
54.299999	42.400002
54.700001	42.099998
55.000000	42.000000
55.299999	41.799999
55.299999	41.500000
55.900002	40.700001
56.299999	40.500000
56.500000	40.299999
56.799999	40.099998
57.099998	39.599998
57.400002	39.500000
57.700001	39.000000
57.900002	38.700001
58.299999	38.599998
58.599998	38.799999
58.900002	38.700001
59.200001	38.500000
59.500000	38.500000
59.799999	38.200001
60.200001	37.599998
60.200001	37.099998
61.000000	37.599998
61.400002	38.799999
61.799999	39.599998
61.799999	39.299999
62.500000	38.900002
63.000000	39.200001
63.599998	40.900002
64.199997	39.299999
64.800003	34.299999
65.199997	37.500000
65.500000	41.000000
66.000000	42.900002
66.300003	44.200001
66.800003	42.799999
67.099998	40.500000
67.500000	42.400002
67.900002	46.200001
68.300003	47.700001
68.599998	47.099998
70.000000	46.700001
71.400002	46.599998
72.000000	24.400000
72.099998	34.099998
72.099998	52.000000
72.300003	52.000000
72.500000	53.000000
72.500000	55.200001
72.599998	47.200001
72.599998	42.700001
72.699997	52.000000
72.900002	58.799999
73.000000	55.400002
72.900002	54.200001
73.099998	55.000000
73.199997	52.000000
73.199997	51.299999
73.300003	56.200001
73.400002	58.599998
73.400002	55.200001
73.400002	54.200001
73.400002	54.700001
73.500000	53.400002
73.500000	54.000000
73.599998	57.900002
73.699997	58.500000
73.699997	55.200001
73.800003	54.400002
73.900002	57.000000
73.900002	58.099998
74.000000	58.299999
74.099998	59.299999
74.199997	59.000000
74.300003	57.799999
74.300003	58.099998
74.400002	59.599998
74.400002	59.900002
74.500000	59.599998
74.599998	59.099998
74.599998	58.700001
74.699997	58.900002
74.800003	59.700001
74.900002	59.900002
74.900002	59.200001
75.099998	59.000000
75.199997	59.299999
75.300003	59.000000
75.300003	58.900002
75.400002	59.900002
75.400002	60.700001
75.500000	60.299999
75.500000	60.299999
75.599998	61.099998
75.699997	62.099998
75.800003	62.599998
75.900002	63.400002
75.900002	64.599998
76.199997	65.500000
76.199997	66.400002
76.199997	66.000000
76.300003	64.699997
76.300003	63.799999
76.300003	63.400002
76.300003	63.099998
76.400002	63.500000
76.400002	63.400002
76.400002	61.799999
76.400002	59.799999
76.500000	58.799999
76.500000	58.400002
76.500000	58.400002
76.500000	57.500000
76.500000	56.299999
76.500000	55.000000
76.500000	54.200001
76.500000	53.900002
76.500000	53.799999
76.599998	53.500000
76.599998	52.500000
76.599998	51.500000
76.599998	51.099998
76.599998	51.400002
76.599998	51.599998
76.599998	51.099998
76.599998	50.299999
76.599998	49.799999
76.599998	49.900002
76.599998	49.900002
76.699997	49.599998
76.699997	49.200001
76.699997	48.400002
76.699997	47.599998
