-0.100000	-1.332250
-0.099000	-1.269460
-0.098000	-1.332250
-0.097000	-1.395040
-0.096000	-1.395040
-0.095000	-1.332250
-0.094000	-1.332250
-0.093000	-1.332250
-0.092000	-1.395040
-0.091000	-1.269460
-0.090000	-1.395040
-0.089000	-1.269460
-0.088000	-1.332250
-0.087000	-1.332250
-0.086000	-1.395040
-0.085000	-1.269460
-0.084000	-1.269460
-0.083000	-1.269460
-0.082000	-1.269460
-0.081000	-1.332250
-0.080000	-1.269460
-0.079000	-1.457830
-0.078000	-1.332250
-0.077000	-1.332250
-0.076000	-1.332250
-0.075000	-1.395040
-0.074000	-1.332250
-0.073000	-1.332250
-0.072000	-1.332250
-0.071000	-1.269460
-0.070000	-1.269460
-0.069000	-1.332250
-0.068000	-1.332250
-0.067000	-1.332250
-0.066000	-1.395040
-0.065000	-1.395040
-0.064000	-1.395040
-0.063000	-1.395040
-0.062000	-1.395040
-0.061000	-1.395040
-0.060000	-1.269460
-0.059000	-1.332250
-0.058000	-1.332250
-0.057000	-1.395040
-0.056000	-1.395040
-0.055000	-1.332250
-0.054000	-1.332250
-0.053000	-1.395040
-0.052000	-1.395040
-0.051000	-1.395040
-0.050000	-1.395040
-0.049000	-1.395040
-0.048000	-1.332250
-0.047000	-1.395040
-0.046000	-1.457830
-0.045000	-1.457830
-0.044000	-1.457830
-0.043000	-1.395040
-0.042000	-1.395040
-0.041000	-1.206540
-0.040000	-1.269460
-0.039000	-1.395040
-0.038000	-1.206540
-0.037000	-1.018170
-0.036000	-0.955246
-0.035000	-1.143750
-0.034000	-1.206540
-0.033000	-0.955246
-0.032000	-1.206540
-0.031000	-1.269460
-0.030000	-0.829664
-0.029000	-0.515452
-0.028000	-0.641163
-0.027000	-0.201369
-0.026000	0.301216
-0.025000	0.301216
-0.024000	0.741011
-0.023000	1.369310
-0.022000	1.809100
-0.021000	1.871890
-0.020000	2.123310
-0.019000	2.437400
-0.018000	2.625900
-0.017000	2.751480
-0.016000	2.877190
-0.015000	3.128480
-0.014000	3.254190
-0.013000	3.191270
-0.012000	3.191270
-0.011000	3.128480
-0.010000	2.939980
-0.009000	2.688690
-0.008000	2.248890
-0.007000	1.871890
-0.006000	1.243720
-0.005000	0.866721
-0.004000	0.175635
-0.003000	-0.641163
-0.002000	-1.520750
-0.001000	-2.211840
0.000000	-2.840130
0.001000	-3.594010
0.002000	-4.285100
0.003000	-5.227480
0.004000	-6.107060
0.005000	-6.986650
0.006000	-7.552160
0.007000	-8.306030
0.008000	-9.248410
0.009000	-9.876710
0.010000	-10.630700
0.011000	-11.196100
0.012000	-11.761600
0.013000	-12.264200
0.014000	-12.578300
0.015000	-12.955300
0.016000	-13.206600
0.017000	-13.332300
0.018000	-13.520600
0.019000	-13.520600
0.020000	-13.457900
0.021000	-13.395100
0.022000	-13.206600
0.023000	-12.704000
0.024000	-12.201400
0.025000	-11.384600
0.026000	-10.944800
0.027000	-10.190900
0.028000	-9.374120
0.029000	-8.620250
0.030000	-7.866240
0.031000	-7.175150
0.032000	-6.484070
0.033000	-5.792980
0.034000	-5.290400
0.035000	-5.164690
0.036000	-5.227480
0.037000	-5.290400
0.038000	-5.541690
0.039000	-5.855770
0.040000	-6.295570
0.041000	-6.798150
0.042000	-7.363660
0.043000	-7.803450
0.044000	-8.180450
0.045000	-8.557330
0.046000	-8.934330
0.047000	-9.248410
0.048000	-9.625420
0.049000	-9.939500
0.050000	-10.253700
0.051000	-10.630700
0.052000	-10.882000
0.053000	-11.133300
0.054000	-11.510200
0.055000	-11.824400
0.056000	-12.012900
0.057000	-12.327000
0.058000	-12.704000
0.059000	-13.081000
0.060000	-13.269400
0.061000	-13.520600
0.062000	-13.709100
0.063000	-13.897600
0.064000	-14.023400
0.065000	-14.086100
0.066000	-14.211900
0.067000	-14.148900
0.068000	-14.086100
0.069000	-13.834900
0.070000	-13.709100
0.071000	-13.395100
0.072000	-13.018100
0.073000	-12.704000
0.074000	-12.515500
0.075000	-12.138500
0.076000	-11.761600
0.077000	-11.447400
0.078000	-11.070500
0.079000	-10.944800
0.080000	-10.693500
0.081000	-10.442200
0.082000	-10.316500
0.083000	-10.190900
0.084000	-10.002400
0.085000	-10.002400
0.086000	-10.002400
0.087000	-10.065200
0.088000	-10.190900
0.089000	-10.442200
0.090000	-10.693500
0.091000	-10.944800
0.092000	-11.258900
0.093000	-11.573100
0.094000	-11.887200
0.095000	-12.201400
0.096000	-12.515500
0.097000	-12.829600
0.098000	-13.081000
0.099000	-13.332300
0.100000	-13.395100
0.101000	-13.709100
0.102000	-13.960400
0.103000	-14.211900
0.104000	-14.400200
0.105000	-14.588700
0.106000	-14.714400
0.107000	-14.840000
0.108000	-14.965700
0.109000	-15.091400
0.110000	-15.217000
0.111000	-15.342700
0.112000	-15.342700
0.113000	-15.531100
0.114000	-15.531100
0.115000	-15.656800
0.116000	-15.594000
0.117000	-15.845300
0.118000	-15.719600
0.119000	-15.845300
0.120000	-15.782500
0.121000	-15.719600
0.122000	-15.719600
0.123000	-15.594000
0.124000	-15.594000
0.125000	-15.468300
0.126000	-15.405500
0.127000	-15.342700
0.128000	-15.279800
0.129000	-15.217000
0.130000	-15.217000
0.131000	-15.217000
0.132000	-15.217000
0.133000	-15.217000
0.134000	-15.342700
0.135000	-15.342700
0.136000	-15.342700
0.137000	-15.405500
0.138000	-15.594000
0.139000	-15.719600
0.140000	-15.719600
0.141000	-15.908100
0.142000	-16.033800
0.143000	-16.159401
0.144000	-16.410700
0.145000	-16.536400
0.146000	-16.599199
0.147000	-16.724899
0.148000	-16.850500
0.149000	-16.913401
0.150000	-16.976200
0.151000	-17.039000
0.152000	-17.101900
0.153000	-17.039000
0.154000	-17.101900
0.155000	-17.039000
0.156000	-17.101900
0.157000	-17.164700
0.158000	-17.290300
0.159000	-17.227501
0.160000	-17.290300
0.161000	-17.353201
0.162000	-17.353201
0.163000	-17.353201
0.164000	-17.416000
0.165000	-17.416000
0.166000	-17.416000
0.167000	-17.541599
0.168000	-17.604500
0.169000	-17.730101
0.170000	-17.792999
0.171000	-17.981400
0.172000	-18.107100
0.173000	-18.295601
0.174000	-18.484100
0.175000	-18.609699
0.176000	-18.735399
0.177000	-18.923901
0.178000	-19.112400
0.179000	-19.238001
0.180000	-19.363701
0.181000	-19.552000
0.182000	-19.615000
0.183000	-19.803499
0.184000	-19.866301
0.185000	-20.117599
0.186000	-20.180300
0.187000	-20.368799
0.188000	-20.431601
0.189000	-20.620100
0.190000	-20.620100
0.191000	-20.745899
0.192000	-20.871401
0.193000	-21.059900
0.194000	-21.122900
0.195000	-21.311199
0.196000	-21.436899
0.197000	-21.562500
0.198000	-21.688200
0.199000	-21.750999
0.200000	-21.876699
0.201000	-22.065201
0.202000	-22.253700
0.203000	-22.316500
0.204000	-22.504999
0.205000	-22.630600
0.206000	-22.693501
0.207000	-22.756300
0.208000	-22.881901
0.209000	-22.944799
0.210000	-23.007601
0.211000	-23.133301
0.212000	-23.070400
0.213000	-23.133301
0.214000	-23.258900
0.215000	-23.321699
0.216000	-23.321699
0.217000	-23.384600
0.218000	-23.510201
0.219000	-23.573000
0.220000	-23.698700
0.221000	-23.887199
0.222000	-23.950001
0.223000	-24.075701
0.224000	-24.138500
0.225000	-24.389799
0.226000	-24.578300
0.227000	-24.704000
0.228000	-24.892401
0.229000	-25.080900
0.230000	-25.143801
0.231000	-25.395100
0.232000	-25.457899
0.233000	-25.583500
0.234000	-25.646400
0.235000	-25.709200
0.236000	-25.834900
0.237000	-25.897699
0.238000	-25.960501
0.239000	-25.960501
0.240000	-26.023300
0.241000	-26.211800
0.242000	-26.337500
0.243000	-26.525999
0.244000	-26.588800
0.245000	-26.777300
0.246000	-26.902800
0.247000	-27.091299
0.248000	-27.342600
0.249000	-27.531099
0.250000	-27.845301
0.251000	-27.970900
0.252000	-28.285101
0.253000	-28.536400
0.254000	-28.662001
0.255000	-28.913300
0.256000	-29.101801
0.257000	-29.227501
0.258000	-29.541599
0.259000	-29.667299
0.260000	-29.918600
0.261000	-29.981400
0.262000	-29.981400
0.263000	-30.169901
0.264000	-30.295601
0.265000	-30.421200
0.266000	-30.546900
0.267000	-30.735399
0.268000	-30.861000
0.269000	-30.986700
0.270000	-31.049500
0.271000	-31.300800
0.272000	-31.300800
0.273000	-31.426500
0.274000	-31.552099
0.275000	-31.803400
0.276000	-31.866301
0.277000	-31.991899
0.278000	-32.180401
0.279000	-32.368900
0.280000	-32.494499
0.281000	-32.682999
0.282000	-32.934200
0.283000	-33.185699
0.284000	-33.437000
0.285000	-33.688301
0.286000	-33.813801
0.287000	-33.939499
0.288000	-34.190800
0.289000	-34.379299
0.290000	-34.567799
0.291000	-34.756302
0.292000	-34.881901
0.293000	-34.944698
0.294000	-35.133202
0.295000	-35.196098
0.296000	-35.258900
0.297000	-35.321701
0.298000	-35.573002
0.299000	-35.447399
0.300000	-35.573002
0.301000	-35.698700
0.302000	-35.761501
0.303000	-35.824299
0.304000	-35.950001
0.305000	-36.012798
0.306000	-36.138500
0.307000	-36.201302
0.308000	-36.452599
0.309000	-36.515400
0.310000	-36.703899
0.311000	-36.892399
0.312000	-36.955200
0.313000	-37.206600
0.314000	-37.395000
0.315000	-37.646301
0.316000	-37.709202
0.317000	-37.897701
0.318000	-38.086102
0.319000	-38.211800
0.320000	-38.400299
0.321000	-38.588799
0.322000	-38.651600
0.323000	-38.777302
0.324000	-39.091400
0.325000	-39.154202
0.326000	-39.217098
0.327000	-39.531200
0.328000	-39.656700
0.329000	-39.845200
0.330000	-39.970901
0.331000	-40.222198
0.332000	-40.410702
0.333000	-40.473499
0.334000	-40.599201
0.335000	-40.787701
0.336000	-40.976101
0.337000	-41.164600
0.338000	-41.227501
0.339000	-41.415901
0.340000	-41.541599
0.341000	-41.541599
0.342000	-41.730099
0.343000	-41.792900
0.344000	-41.604401
0.345000	-42.044201
0.346000	-42.546799
0.347000	-42.358398
0.348000	-42.169899
0.349000	-42.169899
0.350000	-42.358398
0.351000	-42.106998
0.352000	-41.730099
0.353000	-41.478802
0.354000	-41.604401
0.355000	-41.227501
0.356000	-40.599201
0.357000	-40.222198
0.358000	-40.096500
0.359000	-39.782398
0.360000	-39.531200
0.361000	-39.279900
0.362000	-39.028599
0.363000	-38.840099
0.364000	-38.651600
0.365000	-38.651600
0.366000	-38.651600
0.367000	-38.965698
0.368000	-39.028599
0.369000	-39.593899
0.370000	-40.033699
0.371000	-40.473499
0.372000	-41.039001
0.373000	-41.730099
0.374000	-42.358398
0.375000	-42.672501
0.376000	-42.923801
0.377000	-42.421200
0.378000	-43.112301
0.379000	-43.991901
0.380000	-44.431702
0.381000	-42.861000
0.382000	-42.358398
0.383000	-41.730099
0.384000	-41.227501
0.385000	-40.159500
0.386000	-38.840099
0.387000	-38.902901
0.388000	-38.337502
0.389000	-36.452599
0.390000	-34.567799
0.391000	-34.127998
0.392000	-34.316502
0.393000	-34.127998
0.394000	-33.122700
0.395000	-32.808701
0.396000	-33.311199
0.397000	-33.750999
0.398000	-33.688301
0.399000	-33.939499
0.400000	-34.756302
0.401000	-36.138500
0.402000	-37.395000
0.403000	-38.274601
0.404000	-39.154202
0.405000	-39.656700
0.406000	-40.724800
0.407000	-41.792900
0.408000	-42.735298
0.409000	-43.426399
0.410000	-43.866199
0.411000	-44.368900
0.412000	-44.620201
0.413000	-44.808701
0.414000	-45.185600
0.415000	-45.688099
0.416000	-45.939602
0.417000	-46.002399
0.418000	-45.939602
0.419000	-46.190899
0.420000	-46.316399
0.421000	-46.442101
0.422000	-46.504902
0.423000	-46.316399
0.424000	-46.442101
0.425000	-46.504902
0.426000	-46.127899
0.427000	-45.625401
0.428000	-45.122799
0.429000	-44.808701
0.430000	-44.494499
0.431000	-43.677700
0.432000	-42.861000
0.433000	-42.106998
0.434000	-41.415901
0.435000	-40.724800
0.436000	-39.908199
0.437000	-38.840099
0.438000	-37.646301
0.439000	-37.709202
0.440000	-37.206600
0.441000	-36.138500
0.442000	-35.510201
0.443000	-35.133202
0.444000	-35.447399
0.445000	-35.196098
0.446000	-34.756302
0.447000	-35.007599
0.448000	-35.824299
0.449000	-35.950001
0.450000	-36.201302
0.451000	-36.955200
0.452000	-37.771999
0.453000	-38.588799
0.454000	-39.154202
0.455000	-40.033699
0.456000	-40.913300
0.457000	-41.667198
0.458000	-42.295502
0.459000	-43.300800
0.460000	-44.054699
0.461000	-44.557301
0.462000	-44.934299
0.463000	-45.562599
0.464000	-46.002399
0.465000	-46.190899
0.466000	-46.253601
0.467000	-46.316399
0.468000	-46.316399
0.469000	-46.190899
0.470000	-46.127899
0.471000	-46.127899
0.472000	-45.813900
0.473000	-45.436901
0.474000	-45.374100
0.475000	-45.248501
0.476000	-45.122799
0.477000	-44.871498
0.478000	-44.745800
0.479000	-44.494499
0.480000	-44.054699
0.481000	-43.929100
0.482000	-43.740601
0.483000	-43.175098
0.484000	-42.672501
0.485000	-42.358398
0.486000	-41.981400
0.487000	-41.478802
0.488000	-40.913300
0.489000	-40.348000
0.490000	-39.908199
0.491000	-39.593899
0.492000	-39.028599
0.493000	-38.588799
0.494000	-38.211800
0.495000	-38.086102
0.496000	-37.897701
0.497000	-37.709202
0.498000	-37.646301
0.499000	-37.646301
0.500000	-37.771999
0.501000	-38.086102
0.502000	-38.463100
0.503000	-38.902901
0.504000	-39.154202
0.505000	-39.593899
0.506000	-39.970901
0.507000	-40.473499
0.508000	-40.913300
0.509000	-41.164600
0.510000	-41.415901
0.511000	-41.667198
0.512000	-41.855701
0.513000	-41.981400
0.514000	-42.044201
0.515000	-42.106998
0.516000	-42.106998
0.517000	-41.981400
0.518000	-41.855701
0.519000	-42.044201
0.520000	-41.981400
0.521000	-41.855701
0.522000	-41.478802
0.523000	-41.353100
0.524000	-41.478802
0.525000	-41.353100
0.526000	-41.353100
0.527000	-41.164600
0.528000	-41.227501
0.529000	-41.164600
0.530000	-41.101799
0.531000	-41.039001
0.532000	-40.913300
0.533000	-41.353100
0.534000	-40.913300
0.535000	-40.913300
0.536000	-40.285000
0.537000	-39.782398
0.538000	-39.154202
0.539000	-38.086102
0.540000	-37.520699
0.541000	-36.892399
0.542000	-36.327000
0.543000	-35.384499
0.544000	-34.316502
0.545000	-33.562500
0.546000	-33.122700
0.547000	-32.682999
0.548000	-32.243198
0.549000	-31.677799
0.550000	-30.861000
0.551000	-30.232700
0.552000	-29.604401
0.553000	-28.913300
0.554000	-29.290300
0.555000	-29.478800
0.556000	-29.541599
0.557000	-29.416000
0.558000	-29.918600
0.559000	-29.855801
0.560000	-29.416000
0.561000	-29.290300
0.562000	-29.855801
0.563000	-30.169901
0.564000	-29.039000
0.565000	-27.342600
0.566000	-26.023300
0.567000	-25.332199
0.568000	-24.829599
0.569000	-23.887199
0.570000	-22.881901
0.571000	-22.128000
0.572000	-21.813900
0.573000	-21.248400
0.574000	-20.683100
0.575000	-20.306101
0.576000	-20.368799
0.577000	-20.494600
0.578000	-20.745899
0.579000	-20.683100
0.580000	-20.871401
0.581000	-20.997101
0.582000	-21.436899
0.583000	-22.379299
0.584000	-22.567801
0.585000	-22.693501
0.586000	-23.321699
0.587000	-24.012800
0.588000	-23.698700
0.589000	-23.384600
0.590000	-23.321699
0.591000	-24.138500
0.592000	-24.452600
0.593000	-23.196100
0.594000	-22.379299
0.595000	-22.253700
0.596000	-22.002300
0.597000	-21.436899
0.598000	-20.808599
0.599000	-20.683100
0.600000	-20.871401
0.601000	-20.306101
0.602000	-19.677799
0.603000	-19.238001
0.604000	-19.426500
0.605000	-19.363701
0.606000	-19.175200
0.607000	-19.300800
0.608000	-19.363701
0.609000	-19.363701
0.610000	-19.238001
0.611000	-19.112400
0.612000	-19.363701
0.613000	-19.363701
0.614000	-19.426500
0.615000	-19.426500
0.616000	-19.175200
0.617000	-18.798201
0.618000	-18.609699
0.619000	-18.484100
0.620000	-18.421200
0.621000	-18.232800
0.622000	-17.855801
0.623000	-17.730101
0.624000	-17.604500
0.625000	-17.478800
0.626000	-17.478800
0.627000	-17.416000
0.628000	-17.478800
0.629000	-17.541599
0.630000	-17.604500
0.631000	-17.730101
0.632000	-17.730101
0.633000	-17.918600
0.634000	-18.044300
0.635000	-18.295601
0.636000	-18.358400
0.637000	-18.484100
0.638000	-18.609699
0.639000	-18.672600
0.640000	-18.672600
0.641000	-18.798201
0.642000	-19.112400
0.643000	-19.426500
0.644000	-19.363701
0.645000	-19.363701
0.646000	-19.489300
0.647000	-19.615000
0.648000	-19.929100
0.649000	-20.054800
0.650000	-20.368799
0.651000	-20.683100
0.652000	-21.059900
0.653000	-21.311199
0.654000	-21.625401
0.655000	-21.876699
0.656000	-22.379299
0.657000	-22.881901
0.658000	-23.196100
0.659000	-23.447399
0.660000	-23.635900
0.661000	-23.887199
0.662000	-24.138500
0.663000	-24.389799
0.664000	-24.327000
0.665000	-24.389799
0.666000	-24.452600
0.667000	-24.327000
0.668000	-24.389799
0.669000	-24.264200
0.670000	-24.138500
0.671000	-24.075701
0.672000	-24.012800
0.673000	-23.950001
0.674000	-23.824400
0.675000	-23.761499
0.676000	-23.573000
0.677000	-23.510201
0.678000	-23.384600
0.679000	-23.133301
0.680000	-23.133301
0.681000	-23.321699
0.682000	-23.384600
0.683000	-23.447399
0.684000	-23.510201
0.685000	-23.635900
0.686000	-24.012800
0.687000	-24.075701
0.688000	-24.264200
0.689000	-24.389799
0.690000	-24.578300
0.691000	-25.080900
0.692000	-25.143801
0.693000	-25.395100
0.694000	-25.583500
0.695000	-26.023300
0.696000	-26.086201
0.697000	-26.400299
0.698000	-26.525999
0.699000	-26.777300
0.700000	-27.028500
0.701000	-27.342600
0.702000	-27.342600
0.703000	-27.593901
0.704000	-27.782400
0.705000	-27.845301
0.706000	-28.159401
0.707000	-28.410700
0.708000	-28.662001
0.709000	-29.039000
0.710000	-29.478800
0.711000	-29.855801
0.712000	-30.169901
0.713000	-30.609699
0.714000	-31.238001
0.715000	-31.929100
0.716000	-32.180401
0.717000	-32.557400
0.718000	-32.997200
0.719000	-33.311199
0.720000	-33.625301
0.721000	-33.625301
0.722000	-33.813801
0.723000	-33.939499
0.724000	-33.625301
0.725000	-33.562500
0.726000	-33.374001
0.727000	-33.311199
0.728000	-32.934200
0.729000	-32.557400
0.730000	-32.180401
0.731000	-31.803400
0.732000	-31.426500
0.733000	-31.049500
0.734000	-30.861000
0.735000	-30.609699
0.736000	-30.483999
0.737000	-30.421200
0.738000	-30.421200
0.739000	-31.238001
0.740000	-30.861000
0.741000	-30.861000
0.742000	-31.614901
0.743000	-31.929100
0.744000	-31.991899
0.745000	-31.677799
0.746000	-32.180401
0.747000	-32.682999
0.748000	-34.504902
0.749000	-35.510201
0.750000	-36.264099
0.751000	-36.138500
0.752000	-36.264099
0.753000	-37.520699
0.754000	-37.332199
0.755000	-37.269402
0.756000	-35.950001
0.757000	-34.756302
0.758000	-33.562500
0.759000	-31.552099
0.760000	-29.290300
0.761000	-26.525999
0.762000	-25.080900
0.763000	-23.635900
0.764000	-21.813900
0.765000	-20.368799
0.766000	-19.049500
0.767000	-18.169901
0.768000	-17.855801
0.769000	-17.478800
0.770000	-17.478800
0.771000	-18.044300
0.772000	-18.923901
0.773000	-19.175200
0.774000	-19.615000
0.775000	-20.117599
0.776000	-20.934401
0.777000	-21.688200
0.778000	-22.379299
0.779000	-22.819099
0.780000	-23.070400
0.781000	-23.447399
0.782000	-23.761499
0.783000	-24.075701
0.784000	-25.080900
0.785000	-26.023300
0.786000	-26.840000
0.787000	-27.782400
0.788000	-28.347900
0.789000	-29.541599
0.790000	-30.672501
0.791000	-32.117599
0.792000	-33.374001
0.793000	-34.504902
0.794000	-35.698700
0.795000	-36.641102
0.796000	-37.709202
0.797000	-38.463100
0.798000	-39.091400
0.799000	-39.656700
0.800000	-39.970901
0.801000	-40.033699
0.802000	-40.096500
0.803000	-39.782398
0.804000	-39.279900
0.805000	-38.714401
0.806000	-37.834801
0.807000	-36.955200
0.808000	-36.075600
0.809000	-35.007599
0.810000	-33.688301
0.811000	-32.368900
0.812000	-31.112301
0.813000	-30.169901
0.814000	-28.913300
0.815000	-27.908100
0.816000	-26.902800
0.817000	-26.023300
0.818000	-25.143801
0.819000	-24.452600
0.820000	-23.887199
0.821000	-23.698700
0.822000	-23.384600
0.823000	-23.258900
0.824000	-22.881901
0.825000	-22.819099
0.826000	-22.819099
0.827000	-23.133301
0.828000	-23.321699
0.829000	-23.573000
0.830000	-23.887199
0.831000	-24.201300
0.832000	-24.515499
0.833000	-24.829599
0.834000	-25.143801
0.835000	-25.520700
0.836000	-25.897699
0.837000	-26.149000
0.838000	-26.337500
0.839000	-26.588800
0.840000	-26.651501
0.841000	-26.965799
0.842000	-27.217100
0.843000	-27.593901
0.844000	-27.782400
0.845000	-28.033701
0.846000	-28.347900
0.847000	-28.473499
0.848000	-28.787701
0.849000	-28.913300
0.850000	-28.976200
0.851000	-28.913300
0.852000	-28.787701
0.853000	-28.536400
0.854000	-28.159401
0.855000	-27.719601
0.856000	-27.154301
0.857000	-26.651501
0.858000	-25.960501
0.859000	-25.269400
0.860000	-24.327000
0.861000	-23.384600
0.862000	-22.504999
0.863000	-21.499701
0.864000	-20.620100
0.865000	-19.740601
0.866000	-18.923901
0.867000	-18.044300
0.868000	-17.290300
0.869000	-16.536400
0.870000	-15.970900
0.871000	-15.594000
0.872000	-15.279800
0.873000	-15.028500
0.874000	-14.840000
0.875000	-14.777200
0.876000	-14.714400
0.877000	-14.777200
0.878000	-14.840000
0.879000	-15.154200
0.880000	-15.468300
0.881000	-15.656800
0.882000	-15.908100
0.883000	-16.222300
0.884000	-16.285101
0.885000	-16.724899
0.886000	-16.850500
0.887000	-17.039000
0.888000	-17.227501
0.889000	-17.353201
0.890000	-17.353201
0.891000	-17.227501
0.892000	-17.101900
0.893000	-16.913401
0.894000	-16.599199
0.895000	-16.285101
0.896000	-15.908100
0.897000	-15.531100
0.898000	-15.279800
0.899000	-14.777200
0.900000	-14.400200
0.901000	-14.023400
0.902000	-13.646400
0.903000	-13.395100
0.904000	-13.081000
0.905000	-12.766800
0.906000	-12.389800
0.907000	-12.075700
0.908000	-11.698700
0.909000	-11.321800
0.910000	-10.882000
0.911000	-10.442200
0.912000	-10.065200
0.913000	-9.688210
0.914000	-9.185620
0.915000	-8.745830
0.916000	-8.180450
0.917000	-7.677740
0.918000	-7.300860
0.919000	-6.798150
0.920000	-6.232770
0.921000	-5.667270
0.922000	-5.164690
0.923000	-4.536390
0.924000	-4.033800
0.925000	-3.531220
0.926000	-3.154220
0.927000	-2.777210
0.928000	-2.463130
0.929000	-2.274630
0.930000	-2.086130
0.931000	-2.023340
0.932000	-1.897630
0.933000	-1.834830
0.934000	-1.834830
0.935000	-1.834830
0.936000	-1.897630
0.937000	-1.960540
0.938000	-1.897630
0.939000	-1.960540
0.940000	-1.772040
0.941000	-1.897630
0.942000	-1.772040
0.943000	-1.834830
0.944000	-1.646330
0.945000	-1.520750
0.946000	-1.457830
0.947000	-1.269460
0.948000	-1.143750
0.949000	-0.766745
0.950000	-0.578372
0.951000	-0.326950
0.952000	0.112844
0.953000	0.301216
0.954000	0.615429
0.955000	0.929512
0.956000	1.180800
0.957000	1.432100
0.958000	1.620600
0.959000	1.934810
0.960000	2.186100
0.961000	2.311690
0.962000	2.437400
0.963000	2.625900
0.964000	2.814400
0.965000	2.939980
0.966000	3.191270
0.967000	3.316980
0.968000	3.568280
0.969000	3.631070
0.970000	3.756780
0.971000	3.882360
0.972000	4.133780
0.973000	4.133780
0.974000	4.259360
0.975000	4.259360
0.976000	4.385070
0.977000	4.322150
0.978000	4.322150
0.979000	4.322150
0.980000	4.259360
0.981000	4.259360
0.982000	4.133780
0.983000	4.008070
0.984000	3.819570
0.985000	3.568280
0.986000	3.254190
0.987000	3.065690
0.988000	2.688690
0.989000	2.437400
0.990000	2.186100
0.991000	1.746310
0.992000	1.495020
0.993000	1.243720
0.994000	0.929512
0.995000	0.678220
0.996000	0.426927
0.997000	0.238426
0.998000	-0.012867
0.999000	-0.138578
1.000000	-0.326950
1.001000	-0.515452
1.002000	-0.641163
1.003000	-0.703954
1.004000	-0.955246
1.005000	-1.018170
1.006000	-1.018170
1.007000	-1.269460
1.008000	-1.269460
1.009000	-1.395040
1.010000	-1.395040
1.011000	-1.395040
1.012000	-1.520750
1.013000	-1.395040
1.014000	-1.395040
1.015000	-1.520750
1.016000	-1.457830
1.017000	-1.583540
1.018000	-1.646330
1.019000	-1.834830
1.020000	-2.023340
1.021000	-2.211840
1.022000	-2.525920
1.023000	-2.651630
1.024000	-2.965710
1.025000	-3.154220
1.026000	-3.468300
1.027000	-3.719720
1.028000	-3.908090
1.029000	-4.159520
1.030000	-4.410810
1.031000	-4.724890
1.032000	-4.913390
1.033000	-5.164690
1.034000	-5.353190
1.035000	-5.730190
1.036000	-5.918560
1.037000	-6.169980
1.038000	-6.358360
1.039000	-6.609780
1.040000	-6.735360
1.041000	-7.112360
1.042000	-7.363660
1.043000	-7.552160
1.044000	-7.740660
1.045000	-8.054740
1.046000	-8.243240
1.047000	-8.431750
1.048000	-8.683040
1.049000	-8.934330
1.050000	-9.248410
1.051000	-9.436920
1.052000	-9.688210
1.053000	-9.939500
1.054000	-10.190900
1.055000	-10.379300
1.056000	-10.630700
1.057000	-10.819100
1.058000	-11.070500
1.059000	-11.384600
1.060000	-11.573100
1.061000	-11.761600
1.062000	-12.012900
1.063000	-12.201400
1.064000	-12.389800
1.065000	-12.641200
1.066000	-12.955300
1.067000	-13.143800
1.068000	-13.269400
1.069000	-13.457900
1.070000	-13.709100
1.071000	-13.960400
1.072000	-14.274600
1.073000	-14.400200
1.074000	-14.651700
1.075000	-14.777200
1.076000	-15.028500
1.077000	-15.154200
1.078000	-15.279800
1.079000	-15.531100
1.080000	-15.594000
1.081000	-15.782500
1.082000	-15.970900
1.083000	-16.033800
1.084000	-16.159401
1.085000	-16.285101
1.086000	-16.410700
1.087000	-16.724899
1.088000	-16.850500
1.089000	-16.976200
1.090000	-17.164700
1.091000	-17.541599
1.092000	-17.730101
1.093000	-17.792999
1.094000	-18.107100
1.095000	-18.358400
1.096000	-18.609699
1.097000	-18.798201
1.098000	-18.986700
1.099000	-19.300800
1.100000	-19.489300
1.101000	-19.740601
1.102000	-19.866301
1.103000	-19.991800
1.104000	-20.180300
1.105000	-20.306101
1.106000	-20.431601
1.107000	-20.557301
1.108000	-20.557301
1.109000	-20.557301
1.110000	-20.620100
1.111000	-20.557301
1.112000	-20.620100
1.113000	-20.620100
1.114000	-20.620100
1.115000	-20.557301
1.116000	-20.557301
1.117000	-20.431601
1.118000	-20.494600
1.119000	-20.620100
1.120000	-20.620100
1.121000	-20.620100
1.122000	-20.620100
1.123000	-20.683100
1.124000	-20.871401
1.125000	-20.871401
1.126000	-20.934401
1.127000	-20.934401
1.128000	-21.059900
1.129000	-21.059900
1.130000	-21.059900
1.131000	-21.059900
1.132000	-21.122900
1.133000	-21.122900
1.134000	-20.997101
1.135000	-20.871401
1.136000	-20.934401
1.137000	-20.808599
1.138000	-20.620100
1.139000	-20.494600
1.140000	-20.306101
1.141000	-20.243299
1.142000	-20.054800
1.143000	-19.929100
1.144000	-19.677799
1.145000	-19.489300
1.146000	-19.363701
1.147000	-19.300800
1.148000	-19.175200
1.149000	-18.986700
1.150000	-18.923901
1.151000	-18.798201
1.152000	-18.798201
1.153000	-18.609699
1.154000	-18.609699
1.155000	-18.609699
1.156000	-18.484100
1.157000	-18.484100
1.158000	-18.421200
1.159000	-18.421200
1.160000	-18.358400
1.161000	-18.295601
1.162000	-18.295601
1.163000	-18.107100
1.164000	-18.044300
1.165000	-18.044300
1.166000	-17.730101
1.167000	-17.604500
1.168000	-17.478800
1.169000	-17.416000
1.170000	-17.164700
1.171000	-16.850500
1.172000	-16.724899
1.173000	-16.473600
1.174000	-16.285101
1.175000	-16.159401
1.176000	-15.970900
1.177000	-15.782500
1.178000	-15.594000
1.179000	-15.405500
1.180000	-15.154200
1.181000	-15.028500
1.182000	-14.777200
1.183000	-14.651700
1.184000	-14.400200
1.185000	-14.211900
1.186000	-13.897600
1.187000	-13.646400
1.188000	-13.457900
1.189000	-13.269400
1.190000	-13.018100
1.191000	-12.829600
1.192000	-12.704000
1.193000	-12.515500
1.194000	-12.327000
1.195000	-12.201400
1.196000	-12.012900
1.197000	-11.824400
1.198000	-11.761600
1.199000	-11.573100
1.200000	-11.447400
1.201000	-11.196100
1.202000	-11.196100
1.203000	-11.133300
1.204000	-10.944800
1.205000	-10.819100
1.206000	-10.567800
1.207000	-10.505000
1.208000	-10.379300
1.209000	-10.253700
1.210000	-10.128000
1.211000	-9.939500
1.212000	-9.813920
1.213000	-9.562630
1.214000	-9.436920
1.215000	-9.374120
1.216000	-9.060040
1.217000	-8.871540
1.218000	-8.620250
1.219000	-8.494540
1.220000	-8.306030
1.221000	-7.866240
1.222000	-7.677740
1.223000	-7.426450
1.224000	-7.237940
1.225000	-6.986650
1.226000	-6.798150
1.227000	-6.609780
1.228000	-6.358360
1.229000	-6.169980
1.230000	-5.981480
1.231000	-5.792980
1.232000	-5.604480
1.233000	-5.541690
1.234000	-5.290400
1.235000	-5.164690
1.236000	-5.039100
1.237000	-4.913390
1.238000	-4.787680
1.239000	-4.662100
1.240000	-4.410810
1.241000	-4.347890
1.242000	-4.222310
1.243000	-4.033800
1.244000	-3.971010
1.245000	-3.719720
1.246000	-3.531220
1.247000	-3.405510
1.248000	-3.217010
1.249000	-2.965710
1.250000	-2.840130
1.251000	-2.714420
1.252000	-2.714420
1.253000	-2.651630
1.254000	-2.714420
1.255000	-2.651630
1.256000	-2.588840
1.257000	-2.714420
1.258000	-2.902920
1.259000	-2.902920
1.260000	-3.091430
1.261000	-3.217010
1.262000	-3.342720
1.263000	-3.342720
1.264000	-3.656800
1.265000	-3.782510
1.266000	-3.908090
1.267000	-3.908090
1.268000	-4.033800
1.269000	-4.222310
1.270000	-4.159520
1.271000	-4.347890
1.272000	-4.410810
1.273000	-4.410810
1.274000	-4.410810
1.275000	-4.410810
1.276000	-4.410810
1.277000	-4.285100
1.278000	-4.285100
1.279000	-4.347890
1.280000	-4.285100
1.281000	-4.285100
1.282000	-4.222310
1.283000	-4.285100
1.284000	-4.285100
1.285000	-4.410810
1.286000	-4.473600
1.287000	-4.599310
1.288000	-4.724890
1.289000	-4.850600
1.290000	-4.913390
1.291000	-5.039100
1.292000	-5.227480
1.293000	-5.415980
1.294000	-5.478770
1.295000	-5.667270
1.296000	-5.855770
1.297000	-6.044270
1.298000	-6.295570
1.299000	-6.358360
1.300000	-6.484070
1.301000	-6.735360
1.302000	-6.861070
1.303000	-6.986650
1.304000	-7.175150
1.305000	-7.237940
1.306000	-7.426450
1.307000	-7.426450
1.308000	-7.614950
1.309000	-7.677740
1.310000	-7.803450
1.311000	-7.929030
1.312000	-7.929030
1.313000	-8.180450
1.314000	-8.243240
1.315000	-8.368830
1.316000	-8.431750
1.317000	-8.557330
1.318000	-8.620250
1.319000	-8.871540
1.320000	-8.997120
1.321000	-9.185620
1.322000	-9.248410
1.323000	-9.311330
1.324000	-9.374120
1.325000	-9.499710
1.326000	-9.751130
1.327000	-9.751130
1.328000	-9.876710
1.329000	-9.876710
1.330000	-10.065200
1.331000	-10.190900
1.332000	-10.253700
1.333000	-10.442200
1.334000	-10.442200
1.335000	-10.630700
1.336000	-10.756300
1.337000	-10.819100
1.338000	-11.007600
1.339000	-11.070500
1.340000	-11.196100
1.341000	-11.321800
1.342000	-11.384600
1.343000	-11.447400
1.344000	-11.573100
1.345000	-11.635900
1.346000	-11.761600
1.347000	-11.761600
1.348000	-11.824400
1.349000	-11.887200
1.350000	-11.950000
1.351000	-12.075700
1.352000	-12.138500
1.353000	-12.264200
1.354000	-12.389800
1.355000	-12.389800
1.356000	-12.515500
1.357000	-12.704000
1.358000	-12.829600
1.359000	-12.892500
1.360000	-13.081000
1.361000	-13.081000
1.362000	-13.269400
1.363000	-13.332300
1.364000	-13.457900
1.365000	-13.583600
1.366000	-13.520600
1.367000	-13.709100
1.368000	-13.834900
1.369000	-13.897600
1.370000	-13.960400
1.371000	-13.960400
1.372000	-14.023400
1.373000	-13.897600
1.374000	-14.086100
1.375000	-13.960400
1.376000	-13.960400
1.377000	-13.960400
1.378000	-13.960400
1.379000	-13.897600
1.380000	-13.897600
1.381000	-13.897600
1.382000	-13.960400
1.383000	-13.897600
1.384000	-13.834900
1.385000	-13.897600
1.386000	-13.960400
1.387000	-13.960400
1.388000	-14.023400
1.389000	-13.960400
1.390000	-13.834900
1.391000	-13.960400
1.392000	-13.897600
1.393000	-13.960400
1.394000	-13.960400
1.395000	-13.960400
1.396000	-13.960400
1.397000	-14.023400
1.398000	-14.023400
1.399000	-13.960400
1.400000	-13.960400
1.401000	-13.960400
1.402000	-13.897600
1.403000	-13.960400
1.404000	-13.834900
1.405000	-13.709100
1.406000	-13.709100
1.407000	-13.457900
1.408000	-13.457900
1.409000	-13.332300
1.410000	-13.206600
1.411000	-13.143800
1.412000	-13.018100
1.413000	-12.892500
1.414000	-12.766800
1.415000	-12.766800
1.416000	-12.578300
1.417000	-12.452700
1.418000	-12.327000
1.419000	-12.389800
1.420000	-12.327000
1.421000	-12.264200
1.422000	-12.264200
1.423000	-12.327000
1.424000	-12.264200
1.425000	-12.264200
1.426000	-12.201400
1.427000	-12.264200
1.428000	-12.201400
1.429000	-12.201400
1.430000	-12.138500
1.431000	-12.012900
1.432000	-12.012900
1.433000	-11.887200
1.434000	-11.761600
1.435000	-11.698700
1.436000	-11.635900
1.437000	-11.510200
1.438000	-11.321800
1.439000	-11.258900
1.440000	-11.070500
1.441000	-11.070500
1.442000	-11.007600
1.443000	-10.819100
1.444000	-10.756300
1.445000	-10.630700
1.446000	-10.567800
1.447000	-10.567800
1.448000	-10.505000
1.449000	-10.505000
1.450000	-10.505000
1.451000	-10.505000
1.452000	-10.505000
1.453000	-10.630700
1.454000	-10.505000
1.455000	-10.505000
1.456000	-10.505000
1.457000	-10.505000
1.458000	-10.567800
1.459000	-10.505000
1.460000	-10.442200
1.461000	-10.442200
1.462000	-10.442200
1.463000	-10.316500
1.464000	-10.316500
1.465000	-10.253700
1.466000	-10.128000
1.467000	-10.128000
1.468000	-10.190900
1.469000	-10.002400
1.470000	-10.065200
1.471000	-10.065200
1.472000	-10.002400
1.473000	-10.002400
1.474000	-10.128000
1.475000	-10.002400
1.476000	-10.002400
1.477000	-9.939500
1.478000	-9.939500
1.479000	-10.002400
1.480000	-9.939500
1.481000	-10.002400
1.482000	-10.002400
1.483000	-9.876710
1.484000	-9.813920
1.485000	-9.813920
1.486000	-9.751130
1.487000	-9.751130
1.488000	-9.625420
1.489000	-9.625420
1.490000	-9.499710
1.491000	-9.436920
1.492000	-9.374120
1.493000	-9.374120
1.494000	-9.374120
1.495000	-9.185620
1.496000	-9.122830
1.497000	-8.997120
1.498000	-8.997120
1.499000	-8.934330
1.500000	-8.934330
1.501000	-8.871540
1.502000	-8.808620
1.503000	-8.745830
1.504000	-8.808620
1.505000	-8.745830
1.506000	-8.808620
1.507000	-8.808620
1.508000	-8.808620
1.509000	-8.745830
1.510000	-8.745830
1.511000	-8.745830
1.512000	-8.745830
1.513000	-8.745830
1.514000	-8.745830
1.515000	-8.808620
1.516000	-8.745830
1.517000	-8.683040
1.518000	-8.808620
1.519000	-8.808620
1.520000	-8.871540
1.521000	-8.808620
1.522000	-8.871540
1.523000	-8.745830
1.524000	-8.871540
1.525000	-8.808620
1.526000	-8.934330
1.527000	-8.871540
1.528000	-8.871540
1.529000	-8.934330
1.530000	-8.934330
1.531000	-8.997120
1.532000	-8.997120
1.533000	-8.997120
1.534000	-9.060040
1.535000	-8.997120
1.536000	-8.997120
1.537000	-8.871540
1.538000	-8.871540
1.539000	-8.934330
1.540000	-8.871540
1.541000	-8.871540
1.542000	-8.808620
1.543000	-8.745830
1.544000	-8.683040
1.545000	-8.683040
1.546000	-8.557330
1.547000	-8.494540
1.548000	-8.494540
1.549000	-8.431750
1.550000	-8.368830
1.551000	-8.306030
1.552000	-8.431750
1.553000	-8.368830
1.554000	-8.368830
1.555000	-8.557330
1.556000	-8.431750
1.557000	-8.494540
1.558000	-8.368830
1.559000	-8.494540
1.560000	-8.494540
1.561000	-8.494540
1.562000	-8.557330
1.563000	-8.431750
1.564000	-8.494540
1.565000	-8.494540
1.566000	-8.557330
1.567000	-8.557330
1.568000	-8.431750
1.569000	-8.431750
1.570000	-8.368830
1.571000	-8.494540
1.572000	-8.431750
1.573000	-8.368830
1.574000	-8.306030
1.575000	-8.306030
1.576000	-8.243240
1.577000	-8.243240
1.578000	-8.180450
1.579000	-8.117530
1.580000	-8.117530
1.581000	-8.117530
1.582000	-8.054740
1.583000	-8.054740
1.584000	-8.054740
1.585000	-8.054740
1.586000	-8.054740
1.587000	-7.929030
1.588000	-7.991950
1.589000	-7.991950
1.590000	-7.866240
1.591000	-7.866240
1.592000	-7.991950
1.593000	-7.929030
1.594000	-7.991950
1.595000	-7.929030
1.596000	-7.866240
1.597000	-7.866240
1.598000	-7.866240
1.599000	-7.803450
1.600000	-7.803450
1.601000	-7.740660
1.602000	-7.740660
1.603000	-7.803450
1.604000	-7.740660
1.605000	-7.740660
1.606000	-7.677740
1.607000	-7.740660
1.608000	-7.803450
1.609000	-7.740660
1.610000	-7.803450
1.611000	-7.866240
1.612000	-7.803450
1.613000	-7.866240
1.614000	-7.929030
1.615000	-7.991950
1.616000	-8.054740
1.617000	-8.117530
1.618000	-8.117530
1.619000	-8.180450
1.620000	-8.306030
1.621000	-8.306030
1.622000	-8.368830
1.623000	-8.368830
1.624000	-8.368830
1.625000	-8.431750
1.626000	-8.557330
1.627000	-8.494540
1.628000	-8.494540
1.629000	-8.557330
1.630000	-8.557330
1.631000	-8.557330
1.632000	-8.557330
1.633000	-8.494540
1.634000	-8.494540
1.635000	-8.557330
1.636000	-8.494540
1.637000	-8.557330
1.638000	-8.620250
1.639000	-8.557330
1.640000	-8.620250
1.641000	-8.557330
1.642000	-8.745830
1.643000	-8.745830
1.644000	-8.620250
1.645000	-8.683040
1.646000	-8.683040
1.647000	-8.745830
1.648000	-8.745830
1.649000	-8.745830
1.650000	-8.683040
1.651000	-8.683040
1.652000	-8.683040
1.653000	-8.683040
1.654000	-8.620250
1.655000	-8.557330
1.656000	-8.557330
1.657000	-8.431750
1.658000	-8.494540
1.659000	-8.494540
1.660000	-8.494540
1.661000	-8.494540
1.662000	-8.494540
1.663000	-8.431750
1.664000	-8.431750
1.665000	-8.431750
1.666000	-8.431750
1.667000	-8.494540
1.668000	-8.494540
1.669000	-8.494540
1.670000	-8.557330
1.671000	-8.557330
1.672000	-8.620250
1.673000	-8.620250
1.674000	-8.683040
1.675000	-8.683040
1.676000	-8.683040
1.677000	-8.683040
1.678000	-8.808620
1.679000	-8.745830
1.680000	-8.745830
1.681000	-8.808620
1.682000	-8.871540
1.683000	-8.808620
1.684000	-8.808620
1.685000	-8.934330
1.686000	-8.997120
1.687000	-8.934330
1.688000	-8.997120
1.689000	-8.997120
1.690000	-8.934330
1.691000	-9.060040
1.692000	-8.997120
1.693000	-8.997120
1.694000	-9.060040
1.695000	-8.934330
1.696000	-8.997120
1.697000	-8.934330
1.698000	-8.871540
1.699000	-8.934330
1.700000	-8.808620
1.701000	-8.808620
1.702000	-8.745830
1.703000	-8.745830
1.704000	-8.683040
1.705000	-8.557330
1.706000	-8.494540
1.707000	-8.431750
1.708000	-8.431750
1.709000	-8.368830
1.710000	-8.306030
1.711000	-8.243240
1.712000	-8.243240
1.713000	-8.180450
1.714000	-8.180450
1.715000	-8.054740
1.716000	-8.054740
1.717000	-8.054740
1.718000	-8.054740
1.719000	-8.054740
1.720000	-7.991950
1.721000	-7.991950
1.722000	-8.180450
1.723000	-7.991950
1.724000	-8.054740
1.725000	-8.054740
1.726000	-8.054740
1.727000	-8.054740
1.728000	-8.117530
1.729000	-8.180450
1.730000	-8.117530
1.731000	-8.117530
1.732000	-8.054740
1.733000	-8.117530
1.734000	-8.054740
1.735000	-8.243240
1.736000	-8.117530
1.737000	-8.180450
1.738000	-8.243240
1.739000	-8.117530
1.740000	-8.054740
1.741000	-8.117530
1.742000	-8.117530
1.743000	-8.054740
1.744000	-8.054740
1.745000	-8.054740
1.746000	-8.054740
1.747000	-8.054740
1.748000	-8.054740
1.749000	-8.054740
1.750000	-7.929030
1.751000	-8.054740
1.752000	-8.054740
1.753000	-7.929030
1.754000	-7.929030
1.755000	-7.866240
1.756000	-7.866240
1.757000	-7.803450
1.758000	-7.803450
1.759000	-7.866240
1.760000	-7.740660
1.761000	-7.740660
1.762000	-7.677740
1.763000	-7.677740
1.764000	-7.614950
1.765000	-7.677740
1.766000	-7.677740
1.767000	-7.552160
1.768000	-7.552160
1.769000	-7.614950
1.770000	-7.552160
1.771000	-7.614950
1.772000	-7.552160
1.773000	-7.677740
1.774000	-7.552160
1.775000	-7.677740
1.776000	-7.740660
1.777000	-7.740660
1.778000	-7.803450
1.779000	-7.866240
1.780000	-7.929030
1.781000	-7.866240
1.782000	-8.054740
1.783000	-8.054740
1.784000	-8.180450
1.785000	-8.180450
1.786000	-8.180450
1.787000	-8.368830
1.788000	-8.306030
1.789000	-8.306030
1.790000	-8.306030
1.791000	-8.368830
1.792000	-8.431750
1.793000	-8.368830
1.794000	-8.306030
1.795000	-8.431750
1.796000	-8.306030
1.797000	-8.368830
1.798000	-8.306030
1.799000	-8.306030
1.800000	-8.306030
1.801000	-8.243240
1.802000	-8.243240
1.803000	-8.243240
1.804000	-8.306030
1.805000	-8.306030
1.806000	-8.306030
1.807000	-8.306030
1.808000	-8.243240
1.809000	-8.368830
1.810000	-8.243240
1.811000	-8.180450
1.812000	-8.180450
1.813000	-8.243240
1.814000	-8.180450
1.815000	-8.243240
1.816000	-8.243240
1.817000	-8.180450
1.818000	-8.180450
1.819000	-8.243240
1.820000	-8.117530
1.821000	-8.243240
1.822000	-8.243240
1.823000	-8.243240
1.824000	-8.243240
1.825000	-8.243240
1.826000	-8.306030
1.827000	-8.306030
1.828000	-8.306030
1.829000	-8.306030
1.830000	-8.368830
1.831000	-8.368830
1.832000	-8.306030
1.833000	-8.431750
1.834000	-8.431750
1.835000	-8.431750
1.836000	-8.557330
1.837000	-8.620250
1.838000	-8.557330
1.839000	-8.620250
1.840000	-8.620250
1.841000	-8.557330
1.842000	-8.620250
1.843000	-8.557330
1.844000	-8.557330
1.845000	-8.620250
1.846000	-8.683040
1.847000	-8.620250
1.848000	-8.620250
1.849000	-8.557330
1.850000	-8.557330
1.851000	-8.557330
1.852000	-8.620250
1.853000	-8.557330
1.854000	-8.494540
1.855000	-8.494540
1.856000	-8.431750
1.857000	-8.557330
1.858000	-8.431750
1.859000	-8.368830
1.860000	-8.306030
1.861000	-8.306030
1.862000	-8.243240
1.863000	-8.180450
1.864000	-8.243240
1.865000	-8.243240
1.866000	-8.180450
1.867000	-7.929030
1.868000	-8.054740
1.869000	-8.117530
1.870000	-7.991950
1.871000	-7.991950
1.872000	-7.991950
1.873000	-7.929030
1.874000	-7.929030
1.875000	-7.866240
1.876000	-7.803450
1.877000	-7.866240
1.878000	-7.866240
1.879000	-7.866240
1.880000	-7.803450
1.881000	-7.803450
1.882000	-7.866240
1.883000	-7.803450
1.884000	-7.803450
1.885000	-7.803450
1.886000	-7.866240
1.887000	-7.866240
1.888000	-7.929030
1.889000	-7.866240
1.890000	-7.803450
1.891000	-7.866240
1.892000	-7.803450
1.893000	-7.866240
1.894000	-7.803450
1.895000	-7.740660
1.896000	-7.740660
1.897000	-7.740660
1.898000	-7.740660
1.899000	-7.740660
1.900000	-7.677740
1.901000	-7.677740
1.902000	-7.614950
1.903000	-7.614950
1.904000	-7.552160
1.905000	-7.489240
1.906000	-7.426450
1.907000	-7.489240
1.908000	-7.426450
1.909000	-7.426450
1.910000	-7.426450
1.911000	-7.426450
1.912000	-7.426450
1.913000	-7.426450
1.914000	-7.363660
1.915000	-7.426450
1.916000	-7.426450
1.917000	-7.300860
1.918000	-7.426450
1.919000	-7.363660
1.920000	-7.489240
1.921000	-7.363660
1.922000	-7.489240
1.923000	-7.363660
1.924000	-7.363660
1.925000	-7.426450
1.926000	-7.426450
1.927000	-7.426450
1.928000	-7.426450
1.929000	-7.489240
1.930000	-7.363660
1.931000	-7.489240
1.932000	-7.489240
1.933000	-7.489240
1.934000	-7.489240
1.935000	-7.614950
1.936000	-7.614950
1.937000	-7.552160
1.938000	-7.614950
1.939000	-7.614950
1.940000	-7.614950
1.941000	-7.677740
1.942000	-7.677740
1.943000	-7.803450
1.944000	-7.740660
1.945000	-7.740660
1.946000	-7.803450
1.947000	-7.866240
1.948000	-7.803450
1.949000	-7.929030
1.950000	-7.866240
1.951000	-7.929030
1.952000	-7.929030
1.953000	-7.991950
1.954000	-7.991950
1.955000	-7.929030
1.956000	-8.117530
1.957000	-7.929030
1.958000	-8.117530
1.959000	-8.054740
1.960000	-8.054740
1.961000	-8.054740
1.962000	-7.929030
1.963000	-8.117530
1.964000	-8.054740
1.965000	-8.180450
1.966000	-8.054740
1.967000	-8.054740
1.968000	-8.054740
1.969000	-8.117530
1.970000	-8.117530
1.971000	-8.180450
1.972000	-8.054740
1.973000	-8.180450
1.974000	-8.054740
1.975000	-8.117530
1.976000	-8.180450
1.977000	-8.054740
1.978000	-8.054740
1.979000	-8.117530
1.980000	-8.054740
1.981000	-8.054740
1.982000	-8.054740
1.983000	-7.991950
1.984000	-7.991950
1.985000	-8.180450
1.986000	-8.054740
1.987000	-7.991950
1.988000	-8.054740
1.989000	-7.991950
1.990000	-7.929030
1.991000	-7.991950
1.992000	-7.991950
1.993000	-7.991950
1.994000	-8.054740
1.995000	-7.929030
1.996000	-7.991950
1.997000	-8.054740
1.998000	-7.991950
1.999000	-7.991950
2.000000	-7.991950
2.001000	-8.054740
2.002000	-8.117530
2.003000	-8.054740
2.004000	-7.991950
2.005000	-8.054740
2.006000	-7.991950
2.007000	-7.991950
2.008000	-8.054740
2.009000	-8.054740
2.010000	-8.054740
2.011000	-8.054740
2.012000	-7.991950
2.013000	-8.054740
2.014000	-8.054740
2.015000	-8.054740
2.016000	-8.054740
2.017000	-7.929030
2.018000	-7.991950
2.019000	-7.991950
2.020000	-7.991950
2.021000	-7.929030
2.022000	-7.991950
2.023000	-7.866240
2.024000	-7.803450
2.025000	-7.803450
2.026000	-7.740660
2.027000	-7.740660
2.028000	-7.677740
2.029000	-7.677740
2.030000	-7.552160
2.031000	-7.614950
2.032000	-7.489240
2.033000	-7.489240
2.034000	-7.489240
2.035000	-7.489240
2.036000	-7.426450
2.037000	-7.426450
2.038000	-7.426450
2.039000	-7.489240
2.040000	-7.426450
2.041000	-7.300860
2.042000	-7.363660
2.043000	-7.300860
2.044000	-7.363660
2.045000	-7.426450
2.046000	-7.363660
2.047000	-7.363660
2.048000	-7.300860
2.049000	-7.300860
2.050000	-7.300860
2.051000	-7.300860
2.052000	-7.300860
2.053000	-7.300860
2.054000	-7.363660
2.055000	-7.363660
2.056000	-7.300860
2.057000	-7.300860
2.058000	-7.300860
2.059000	-7.300860
2.060000	-7.237940
2.061000	-7.300860
2.062000	-7.300860
2.063000	-7.300860
2.064000	-7.237940
2.065000	-7.300860
2.066000	-7.300860
2.067000	-7.300860
2.068000	-7.300860
2.069000	-7.300860
2.070000	-7.237940
2.071000	-7.237940
2.072000	-7.237940
2.073000	-7.237940
2.074000	-7.237940
2.075000	-7.237940
2.076000	-7.300860
2.077000	-7.175150
2.078000	-7.175150
2.079000	-7.237940
2.080000	-7.175150
2.081000	-7.112360
2.082000	-7.175150
2.083000	-7.049570
2.084000	-7.112360
2.085000	-7.049570
2.086000	-7.112360
2.087000	-7.237940
2.088000	-7.112360
2.089000	-7.175150
2.090000	-7.175150
2.091000	-7.175150
2.092000	-7.175150
2.093000	-7.175150
2.094000	-7.112360
2.095000	-7.175150
2.096000	-7.175150
2.097000	-7.175150
2.098000	-7.175150
2.099000	-7.175150
2.100000	-7.237940
2.101000	-7.300860
2.102000	-7.300860
2.103000	-7.237940
2.104000	-7.300860
2.105000	-7.300860
2.106000	-7.363660
2.107000	-7.363660
2.108000	-7.426450
2.109000	-7.489240
2.110000	-7.489240
2.111000	-7.552160
2.112000	-7.489240
2.113000	-7.552160
2.114000	-7.552160
2.115000	-7.614950
2.116000	-7.677740
2.117000	-7.740660
2.118000	-7.614950
2.119000	-7.740660
2.120000	-7.803450
2.121000	-7.677740
2.122000	-7.803450
2.123000	-7.677740
2.124000	-7.677740
2.125000	-7.677740
2.126000	-7.740660
2.127000	-7.740660
2.128000	-7.740660
2.129000	-7.740660
2.130000	-7.677740
2.131000	-7.614950
2.132000	-7.677740
2.133000	-7.677740
2.134000	-7.677740
2.135000	-7.740660
2.136000	-7.677740
2.137000	-7.677740
2.138000	-7.740660
2.139000	-7.677740
2.140000	-7.552160
2.141000	-7.614950
2.142000	-7.740660
2.143000	-7.614950
2.144000	-7.614950
2.145000	-7.677740
2.146000	-7.614950
2.147000	-7.614950
2.148000	-7.552160
2.149000	-7.614950
2.150000	-7.552160
2.151000	-7.552160
2.152000	-7.677740
2.153000	-7.614950
2.154000	-7.552160
2.155000	-7.552160
2.156000	-7.552160
2.157000	-7.614950
2.158000	-7.552160
2.159000	-7.552160
2.160000	-7.614950
2.161000	-7.552160
2.162000	-7.552160
2.163000	-7.552160
2.164000	-7.552160
2.165000	-7.552160
2.166000	-7.614950
2.167000	-7.552160
2.168000	-7.489240
2.169000	-7.614950
2.170000	-7.614950
2.171000	-7.614950
2.172000	-7.677740
2.173000	-7.614950
2.174000	-7.677740
2.175000	-7.614950
2.176000	-7.614950
2.177000	-7.677740
2.178000	-7.552160
2.179000	-7.614950
2.180000	-7.489240
2.181000	-7.552160
2.182000	-7.552160
2.183000	-7.489240
2.184000	-7.426450
2.185000	-7.489240
2.186000	-7.489240
2.187000	-7.426450
2.188000	-7.426450
2.189000	-7.300860
2.190000	-7.300860
2.191000	-7.300860
2.192000	-7.237940
2.193000	-7.237940
2.194000	-7.175150
2.195000	-7.175150
2.196000	-7.049570
2.197000	-7.175150
2.198000	-7.049570
2.199000	-7.112360
2.200000	-7.049570
2.201000	-6.986650
2.202000	-6.923860
2.203000	-6.986650
2.204000	-6.986650
2.205000	-6.986650
2.206000	-6.986650
2.207000	-6.923860
2.208000	-6.986650
2.209000	-6.923860
2.210000	-6.923860
2.211000	-6.861070
2.212000	-6.861070
2.213000	-6.861070
2.214000	-6.861070
2.215000	-6.923860
2.216000	-6.923860
2.217000	-6.923860
2.218000	-6.923860
2.219000	-6.861070
2.220000	-6.923860
2.221000	-7.049570
2.222000	-6.923860
2.223000	-6.861070
2.224000	-6.986650
2.225000	-7.049570
2.226000	-6.986650
2.227000	-6.986650
2.228000	-6.986650
2.229000	-6.986650
2.230000	-7.049570
2.231000	-7.049570
2.232000	-7.112360
2.233000	-7.049570
2.234000	-7.049570
2.235000	-7.049570
2.236000	-7.049570
2.237000	-7.112360
2.238000	-7.112360
2.239000	-7.049570
2.240000	-7.049570
2.241000	-7.049570
2.242000	-6.986650
2.243000	-6.986650
2.244000	-6.986650
2.245000	-7.049570
2.246000	-6.923860
2.247000	-6.923860
2.248000	-6.923860
2.249000	-6.923860
2.250000	-6.861070
2.251000	-6.923860
2.252000	-6.923860
2.253000	-6.861070
2.254000	-6.861070
2.255000	-6.923860
2.256000	-6.923860
2.257000	-6.861070
2.258000	-6.798150
2.259000	-6.798150
2.260000	-6.798150
2.261000	-6.861070
2.262000	-6.798150
2.263000	-6.861070
2.264000	-6.923860
2.265000	-6.861070
2.266000	-6.923860
2.267000	-6.923860
2.268000	-6.923860
2.269000	-7.049570
2.270000	-7.049570
2.271000	-7.175150
2.272000	-7.112360
2.273000	-7.175150
2.274000	-7.237940
2.275000	-7.237940
2.276000	-7.300860
2.277000	-7.300860
2.278000	-7.300860
2.279000	-7.363660
2.280000	-7.363660
2.281000	-7.426450
2.282000	-7.426450
2.283000	-7.489240
2.284000	-7.426450
2.285000	-7.426450
2.286000	-7.489240
2.287000	-7.489240
2.288000	-7.552160
2.289000	-7.614950
2.290000	-7.489240
2.291000	-7.489240
2.292000	-7.552160
2.293000	-7.552160
2.294000	-7.552160
2.295000	-7.489240
2.296000	-7.489240
2.297000	-7.489240
2.298000	-7.489240
2.299000	-7.426450
2.300000	-7.426450
2.301000	-7.426450
2.302000	-7.426450
2.303000	-7.426450
2.304000	-7.363660
2.305000	-7.426450
2.306000	-7.363660
2.307000	-7.300860
2.308000	-7.237940
2.309000	-7.300860
2.310000	-7.300860
2.311000	-7.363660
2.312000	-7.300860
2.313000	-7.175150
2.314000	-7.237940
2.315000	-7.363660
2.316000	-7.237940
2.317000	-7.175150
2.318000	-7.237940
2.319000	-7.237940
2.320000	-7.300860
2.321000	-7.237940
2.322000	-7.237940
2.323000	-7.237940
2.324000	-7.300860
2.325000	-7.300860
2.326000	-7.300860
2.327000	-7.300860
2.328000	-7.300860
2.329000	-7.300860
2.330000	-7.300860
2.331000	-7.300860
2.332000	-7.363660
2.333000	-7.363660
2.334000	-7.300860
2.335000	-7.426450
2.336000	-7.489240
2.337000	-7.363660
2.338000	-7.363660
2.339000	-7.426450
2.340000	-7.363660
2.341000	-7.363660
2.342000	-7.426450
2.343000	-7.363660
2.344000	-7.300860
2.345000	-7.300860
2.346000	-7.300860
2.347000	-7.237940
2.348000	-7.300860
2.349000	-7.175150
2.350000	-7.112360
2.351000	-7.112360
2.352000	-7.049570
2.353000	-7.112360
2.354000	-6.986650
2.355000	-7.112360
2.356000	-6.986650
2.357000	-6.923860
2.358000	-6.986650
2.359000	-6.923860
2.360000	-6.923860
2.361000	-6.861070
2.362000	-6.861070
2.363000	-6.798150
2.364000	-6.798150
2.365000	-6.798150
2.366000	-6.735360
2.367000	-6.735360
2.368000	-6.798150
2.369000	-6.735360
2.370000	-6.798150
2.371000	-6.735360
2.372000	-6.798150
2.373000	-6.735360
2.374000	-6.735360
2.375000	-6.735360
2.376000	-6.861070
2.377000	-6.798150
2.378000	-6.798150
2.379000	-6.735360
2.380000	-6.798150
2.381000	-6.798150
2.382000	-6.735360
2.383000	-6.861070
2.384000	-6.861070
2.385000	-6.861070
2.386000	-6.798150
2.387000	-6.798150
2.388000	-6.861070
2.389000	-6.923860
2.390000	-6.861070
2.391000	-6.798150
2.392000	-6.923860
2.393000	-6.923860
2.394000	-6.923860
2.395000	-6.861070
2.396000	-6.923860
2.397000	-6.986650
2.398000	-6.923860
2.399000	-6.923860
2.400000	-6.986650
2.401000	-6.861070
2.402000	-6.923860
2.403000	-6.986650
2.404000	-6.923860
2.405000	-7.049570
2.406000	-6.923860
2.407000	-6.861070
2.408000	-6.923860
2.409000	-6.861070
2.410000	-6.986650
2.411000	-6.861070
2.412000	-6.923860
2.413000	-6.923860
2.414000	-6.798150
2.415000	-6.923860
2.416000	-6.861070
2.417000	-6.861070
2.418000	-6.861070
2.419000	-6.923860
2.420000	-6.861070
2.421000	-6.861070
2.422000	-6.923860
2.423000	-6.861070
2.424000	-6.861070
2.425000	-6.923860
2.426000	-6.986650
2.427000	-6.986650
2.428000	-6.986650
2.429000	-6.986650
2.430000	-6.923860
2.431000	-7.049570
2.432000	-7.049570
2.433000	-7.049570
2.434000	-7.049570
2.435000	-7.112360
2.436000	-7.175150
2.437000	-7.175150
2.438000	-7.175150
2.439000	-7.175150
2.440000	-7.237940
2.441000	-7.237940
2.442000	-7.237940
2.443000	-7.237940
2.444000	-7.300860
2.445000	-7.300860
2.446000	-7.300860
2.447000	-7.363660
2.448000	-7.426450
2.449000	-7.300860
2.450000	-7.426450
2.451000	-7.489240
2.452000	-7.489240
2.453000	-7.426450
2.454000	-7.489240
2.455000	-7.489240
2.456000	-7.489240
2.457000	-7.426450
2.458000	-7.489240
2.459000	-7.489240
2.460000	-7.426450
2.461000	-7.426450
2.462000	-7.489240
2.463000	-7.426450
2.464000	-7.426450
2.465000	-7.489240
2.466000	-7.426450
2.467000	-7.363660
2.468000	-7.426450
2.469000	-7.426450
2.470000	-7.300860
2.471000	-7.237940
2.472000	-7.300860
2.473000	-7.300860
2.474000	-7.300860
2.475000	-7.300860
2.476000	-7.237940
2.477000	-7.237940
2.478000	-7.237940
2.479000	-7.175150
2.480000	-7.175150
2.481000	-7.175150
2.482000	-7.237940
2.483000	-7.175150
2.484000	-7.112360
2.485000	-7.175150
2.486000	-7.175150
2.487000	-7.112360
2.488000	-7.175150
2.489000	-7.112360
2.490000	-7.175150
2.491000	-7.237940
2.492000	-7.237940
2.493000	-7.237940
2.494000	-7.237940
2.495000	-7.175150
2.496000	-7.237940
2.497000	-7.237940
2.498000	-7.237940
2.499000	-7.237940
2.500000	-7.300860
2.501000	-7.300860
2.502000	-7.237940
2.503000	-7.237940
2.504000	-7.300860
2.505000	-7.300860
2.506000	-7.300860
2.507000	-7.175150
2.508000	-7.237940
2.509000	-7.175150
2.510000	-7.175150
2.511000	-7.112360
2.512000	-7.175150
2.513000	-7.112360
2.514000	-7.049570
2.515000	-7.049570
2.516000	-6.986650
2.517000	-6.923860
2.518000	-6.923860
2.519000	-6.798150
2.520000	-6.798150
2.521000	-6.861070
2.522000	-6.798150
2.523000	-6.672570
2.524000	-6.735360
2.525000	-6.735360
2.526000	-6.672570
2.527000	-6.798150
2.528000	-6.798150
2.529000	-6.861070
2.530000	-6.861070
2.531000	-6.861070
2.532000	-6.923860
2.533000	-6.923860
2.534000	-6.986650
2.535000	-6.923860
2.536000	-6.923860
2.537000	-6.923860
2.538000	-6.861070
2.539000	-6.861070
2.540000	-6.923860
2.541000	-6.923860
2.542000	-6.861070
2.543000	-6.861070
2.544000	-6.798150
2.545000	-6.798150
2.546000	-6.798150
2.547000	-6.861070
2.548000	-6.798150
2.549000	-6.798150
2.550000	-6.798150
2.551000	-6.861070
2.552000	-6.861070
2.553000	-6.923860
2.554000	-6.986650
2.555000	-6.923860
2.556000	-6.986650
2.557000	-6.923860
2.558000	-6.986650
2.559000	-6.923860
2.560000	-6.986650
2.561000	-6.861070
2.562000	-6.986650
2.563000	-6.798150
2.564000	-6.861070
2.565000	-6.923860
2.566000	-6.798150
2.567000	-6.798150
2.568000	-6.861070
2.569000	-6.861070
2.570000	-6.861070
2.571000	-6.923860
2.572000	-6.861070
2.573000	-6.861070
2.574000	-6.923860
2.575000	-6.798150
2.576000	-6.923860
2.577000	-6.986650
2.578000	-6.923860
2.579000	-6.986650
2.580000	-6.986650
2.581000	-6.986650
2.582000	-7.049570
2.583000	-7.175150
2.584000	-7.112360
2.585000	-7.175150
2.586000	-7.175150
2.587000	-7.112360
2.588000	-7.175150
2.589000	-7.112360
2.590000	-7.112360
2.591000	-7.112360
2.592000	-7.175150
2.593000	-7.049570
2.594000	-7.049570
2.595000	-7.112360
2.596000	-7.112360
2.597000	-7.112360
2.598000	-7.049570
2.599000	-7.049570
2.600000	-7.049570
2.601000	-7.112360
2.602000	-7.175150
2.603000	-7.175150
2.604000	-7.175150
2.605000	-7.175150
2.606000	-7.175150
2.607000	-7.237940
2.608000	-7.300860
2.609000	-7.300860
2.610000	-7.237940
2.611000	-7.175150
2.612000	-7.237940
2.613000	-7.300860
2.614000	-7.300860
2.615000	-7.237940
2.616000	-7.300860
2.617000	-7.300860
2.618000	-7.300860
2.619000	-7.237940
2.620000	-7.363660
2.621000	-7.300860
2.622000	-7.300860
2.623000	-7.300860
2.624000	-7.300860
2.625000	-7.237940
2.626000	-7.300860
2.627000	-7.363660
2.628000	-7.300860
2.629000	-7.300860
2.630000	-7.300860
2.631000	-7.363660
2.632000	-7.426450
2.633000	-7.363660
2.634000	-7.363660
2.635000	-7.300860
2.636000	-7.426450
2.637000	-7.300860
2.638000	-7.300860
2.639000	-7.300860
2.640000	-7.300860
2.641000	-7.237940
2.642000	-7.300860
2.643000	-7.112360
2.644000	-7.112360
2.645000	-7.175150
2.646000	-7.049570
2.647000	-7.112360
2.648000	-7.112360
2.649000	-6.986650
2.650000	-7.049570
2.651000	-7.049570
2.652000	-6.986650
2.653000	-6.986650
2.654000	-7.049570
2.655000	-6.986650
2.656000	-7.049570
2.657000	-6.986650
2.658000	-7.049570
2.659000	-7.049570
2.660000	-6.986650
2.661000	-7.049570
2.662000	-6.986650
2.663000	-7.049570
2.664000	-6.986650
2.665000	-7.049570
2.666000	-7.049570
2.667000	-7.049570
2.668000	-7.049570
2.669000	-6.986650
2.670000	-6.986650
2.671000	-7.049570
2.672000	-7.049570
2.673000	-6.986650
2.674000	-6.986650
2.675000	-6.986650
2.676000	-6.986650
2.677000	-6.923860
2.678000	-6.923860
2.679000	-6.986650
2.680000	-6.923860
2.681000	-6.923860
2.682000	-6.923860
2.683000	-6.923860
2.684000	-6.798150
2.685000	-6.798150
2.686000	-6.861070
2.687000	-6.798150
2.688000	-6.798150
2.689000	-6.735360
2.690000	-6.672570
2.691000	-6.735360
2.692000	-6.735360
2.693000	-6.735360
2.694000	-6.735360
2.695000	-6.609780
2.696000	-6.672570
2.697000	-6.672570
2.698000	-6.672570
2.699000	-6.672570
2.700000	-6.609780
2.701000	-6.609780
2.702000	-6.546860
2.703000	-6.609780
2.704000	-6.609780
2.705000	-6.672570
2.706000	-6.546860
2.707000	-6.609780
2.708000	-6.609780
2.709000	-6.609780
2.710000	-6.735360
2.711000	-6.672570
2.712000	-6.609780
2.713000	-6.672570
2.714000	-6.672570
2.715000	-6.672570
2.716000	-6.672570
2.717000	-6.735360
2.718000	-6.798150
2.719000	-6.861070
2.720000	-6.986650
2.721000	-6.986650
2.722000	-7.049570
2.723000	-7.049570
2.724000	-7.112360
2.725000	-7.175150
2.726000	-7.175150
2.727000	-7.237940
2.728000	-7.049570
2.729000	-7.049570
2.730000	-7.049570
2.731000	-7.112360
2.732000	-7.112360
2.733000	-7.112360
2.734000	-6.986650
2.735000	-6.986650
2.736000	-6.923860
2.737000	-6.923860
2.738000	-6.861070
2.739000	-6.861070
2.740000	-6.861070
2.741000	-6.861070
2.742000	-6.798150
2.743000	-6.861070
2.744000	-6.798150
2.745000	-6.798150
2.746000	-6.798150
2.747000	-6.861070
2.748000	-6.861070
2.749000	-6.861070
2.750000	-6.861070
2.751000	-6.861070
2.752000	-6.861070
2.753000	-6.798150
2.754000	-6.798150
2.755000	-6.798150
2.756000	-6.798150
2.757000	-6.798150
2.758000	-6.798150
2.759000	-6.861070
2.760000	-6.861070
2.761000	-6.798150
2.762000	-6.923860
2.763000	-6.923860
2.764000	-6.923860
2.765000	-7.112360
2.766000	-6.986650
2.767000	-7.112360
2.768000	-7.175150
2.769000	-7.112360
2.770000	-7.237940
2.771000	-7.300860
2.772000	-7.300860
2.773000	-7.300860
2.774000	-7.300860
2.775000	-7.426450
2.776000	-7.363660
2.777000	-7.426450
2.778000	-7.363660
2.779000	-7.426450
2.780000	-7.300860
2.781000	-7.300860
2.782000	-7.300860
2.783000	-7.300860
2.784000	-7.300860
2.785000	-7.300860
2.786000	-7.237940
2.787000	-7.175150
2.788000	-7.175150
2.789000	-7.237940
2.790000	-7.112360
2.791000	-6.986650
2.792000	-7.049570
2.793000	-7.049570
2.794000	-6.986650
2.795000	-6.986650
2.796000	-6.923860
2.797000	-6.923860
2.798000	-6.861070
2.799000	-6.861070
2.800000	-6.923860
2.801000	-6.861070
2.802000	-6.861070
2.803000	-6.923860
2.804000	-6.798150
2.805000	-6.861070
2.806000	-6.923860
2.807000	-6.923860
2.808000	-6.861070
2.809000	-6.861070
2.810000	-6.861070
2.811000	-6.735360
2.812000	-6.861070
2.813000	-6.798150
2.814000	-6.798150
2.815000	-6.923860
2.816000	-6.861070
2.817000	-6.861070
2.818000	-6.986650
2.819000	-6.986650
2.820000	-6.986650
2.821000	-6.986650
2.822000	-6.986650
2.823000	-6.986650
2.824000	-7.049570
2.825000	-7.049570
2.826000	-7.049570
2.827000	-6.923860
2.828000	-7.112360
2.829000	-7.049570
2.830000	-7.049570
2.831000	-7.049570
2.832000	-7.049570
2.833000	-7.049570
2.834000	-6.986650
2.835000	-6.923860
2.836000	-6.923860
2.837000	-6.923860
2.838000	-6.923860
2.839000	-6.798150
2.840000	-6.798150
2.841000	-6.798150
2.842000	-6.672570
2.843000	-6.735360
2.844000	-6.735360
2.845000	-6.609780
2.846000	-6.609780
2.847000	-6.609780
2.848000	-6.546860
2.849000	-6.609780
2.850000	-6.609780
2.851000	-6.484070
2.852000	-6.546860
2.853000	-6.609780
2.854000	-6.609780
2.855000	-6.609780
2.856000	-6.672570
2.857000	-6.546860
2.858000	-6.609780
2.859000	-6.672570
2.860000	-6.672570
2.861000	-6.609780
2.862000	-6.672570
2.863000	-6.609780
2.864000	-6.672570
2.865000	-6.672570
2.866000	-6.546860
2.867000	-6.546860
2.868000	-6.672570
2.869000	-6.672570
2.870000	-6.609780
2.871000	-6.672570
2.872000	-6.672570
2.873000	-6.672570
2.874000	-6.672570
2.875000	-6.672570
2.876000	-6.798150
2.877000	-6.735360
2.878000	-6.735360
2.879000	-6.798150
2.880000	-6.798150
2.881000	-6.798150
2.882000	-6.798150
2.883000	-6.861070
2.884000	-6.798150
2.885000	-6.798150
2.886000	-6.923860
2.887000	-6.923860
2.888000	-6.923860
2.889000	-6.923860
2.890000	-6.923860
2.891000	-6.798150
2.892000	-6.861070
2.893000	-6.861070
2.894000	-6.735360
2.895000	-6.798150
2.896000	-6.798150
2.897000	-6.798150
2.898000	-6.798150
2.899000	-6.861070
2.900000	-6.798150
2.901000	-6.735360
2.902000	-6.798150
2.903000	-6.798150
2.904000	-6.861070
2.905000	-6.798150
2.906000	-6.798150
2.907000	-6.798150
2.908000	-6.861070
2.909000	-6.798150
2.910000	-6.861070
2.911000	-6.798150
2.912000	-6.861070
2.913000	-6.861070
2.914000	-6.798150
2.915000	-6.861070
2.916000	-6.798150
2.917000	-6.861070
2.918000	-6.798150
2.919000	-6.861070
2.920000	-6.861070
2.921000	-6.923860
2.922000	-6.923860
2.923000	-6.923860
2.924000	-6.861070
2.925000	-6.861070
2.926000	-6.986650
2.927000	-6.986650
2.928000	-6.923860
2.929000	-6.986650
2.930000	-6.986650
2.931000	-7.049570
2.932000	-7.049570
2.933000	-7.112360
2.934000	-6.986650
2.935000	-7.049570
2.936000	-7.049570
2.937000	-7.049570
2.938000	-7.049570
2.939000	-7.049570
2.940000	-7.049570
2.941000	-6.986650
2.942000	-7.112360
2.943000	-7.175150
2.944000	-7.049570
2.945000	-7.049570
2.946000	-7.112360
2.947000	-6.986650
2.948000	-6.986650
2.949000	-7.049570
2.950000	-6.986650
2.951000	-7.049570
2.952000	-7.049570
2.953000	-6.986650
2.954000	-6.986650
2.955000	-6.986650
2.956000	-7.049570
2.957000	-6.986650
2.958000	-6.986650
2.959000	-7.049570
2.960000	-6.986650
2.961000	-6.986650
2.962000	-6.986650
2.963000	-6.923860
2.964000	-6.861070
2.965000	-7.049570
2.966000	-6.923860
2.967000	-6.923860
2.968000	-6.923860
2.969000	-6.861070
2.970000	-6.798150
2.971000	-6.861070
2.972000	-6.861070
2.973000	-6.861070
2.974000	-6.861070
2.975000	-6.861070
2.976000	-6.923860
2.977000	-6.798150
2.978000	-6.735360
2.979000	-6.798150
2.980000	-6.735360
2.981000	-6.735360
2.982000	-6.672570
2.983000	-6.735360
2.984000	-6.735360
2.985000	-6.798150
2.986000	-6.735360
2.987000	-6.798150
2.988000	-6.735360
2.989000	-6.798150
2.990000	-6.735360
2.991000	-6.798150
2.992000	-6.798150
2.993000	-6.798150
2.994000	-6.798150
2.995000	-6.798150
2.996000	-6.798150
2.997000	-6.798150
2.998000	-6.735360
2.999000	-6.798150
3.000000	-6.735360
3.001000	-6.798150
3.002000	-6.798150
3.003000	-6.672570
3.004000	-6.798150
3.005000	-6.735360
3.006000	-6.735360
3.007000	-6.609780
3.008000	-6.735360
3.009000	-6.735360
3.010000	-6.672570
3.011000	-6.609780
3.012000	-6.546860
3.013000	-6.546860
3.014000	-6.546860
3.015000	-6.484070
3.016000	-6.546860
3.017000	-6.546860
3.018000	-6.546860
3.019000	-6.546860
3.020000	-6.484070
3.021000	-6.546860
3.022000	-6.484070
3.023000	-6.484070
3.024000	-6.546860
3.025000	-6.484070
3.026000	-6.484070
3.027000	-6.546860
3.028000	-6.546860
3.029000	-6.421280
3.030000	-6.484070
3.031000	-6.546860
3.032000	-6.546860
3.033000	-6.484070
3.034000	-6.484070
3.035000	-6.546860
3.036000	-6.672570
3.037000	-6.672570
3.038000	-6.672570
3.039000	-6.609780
3.040000	-6.672570
3.041000	-6.672570
3.042000	-6.672570
3.043000	-6.672570
3.044000	-6.798150
3.045000	-6.798150
3.046000	-6.861070
3.047000	-6.798150
3.048000	-6.735360
3.049000	-6.798150
3.050000	-6.861070
3.051000	-6.861070
3.052000	-6.798150
3.053000	-6.735360
3.054000	-6.861070
3.055000	-6.861070
3.056000	-6.861070
3.057000	-6.861070
3.058000	-6.861070
3.059000	-6.861070
3.060000	-6.798150
3.061000	-6.861070
3.062000	-6.861070
3.063000	-6.798150
3.064000	-6.861070
3.065000	-6.798150
3.066000	-6.861070
3.067000	-6.798150
3.068000	-6.735360
3.069000	-6.798150
3.070000	-6.861070
3.071000	-6.798150
3.072000	-6.861070
3.073000	-6.923860
3.074000	-6.672570
3.075000	-6.861070
3.076000	-6.923860
3.077000	-6.798150
3.078000	-6.861070
3.079000	-6.798150
3.080000	-6.861070
3.081000	-6.861070
3.082000	-6.861070
3.083000	-6.861070
3.084000	-6.861070
3.085000	-6.798150
3.086000	-6.923860
3.087000	-6.861070
3.088000	-6.861070
3.089000	-6.861070
3.090000	-6.923860
3.091000	-6.923860
3.092000	-6.923860
3.093000	-6.923860
3.094000	-6.986650
3.095000	-6.986650
3.096000	-6.923860
3.097000	-6.986650
3.098000	-6.986650
3.099000	-7.049570
3.100000	-6.986650
3.101000	-6.986650
3.102000	-7.049570
3.103000	-6.986650
3.104000	-7.049570
3.105000	-6.986650
3.106000	-6.986650
3.107000	-6.986650
3.108000	-7.049570
3.109000	-7.112360
3.110000	-7.049570
3.111000	-7.049570
3.112000	-6.986650
3.113000	-6.986650
3.114000	-6.923860
3.115000	-6.986650
3.116000	-6.923860
3.117000	-6.923860
3.118000	-6.923860
3.119000	-6.923860
3.120000	-6.861070
3.121000	-6.923860
3.122000	-6.861070
3.123000	-6.798150
3.124000	-6.798150
3.125000	-6.798150
3.126000	-6.735360
3.127000	-6.798150
3.128000	-6.672570
3.129000	-6.735360
3.130000	-6.672570
3.131000	-6.672570
3.132000	-6.672570
3.133000	-6.735360
3.134000	-6.735360
3.135000	-6.672570
3.136000	-6.672570
3.137000	-6.672570
3.138000	-6.672570
3.139000	-6.672570
3.140000	-6.609780
3.141000	-6.672570
3.142000	-6.735360
3.143000	-6.735360
3.144000	-6.672570
3.145000	-6.609780
3.146000	-6.672570
3.147000	-6.672570
3.148000	-6.609780
3.149000	-6.672570
3.150000	-6.672570
3.151000	-6.672570
3.152000	-6.798150
3.153000	-6.672570
3.154000	-6.672570
3.155000	-6.672570
3.156000	-6.672570
3.157000	-6.735360
3.158000	-6.798150
3.159000	-6.798150
3.160000	-6.798150
3.161000	-6.672570
3.162000	-6.672570
3.163000	-6.672570
3.164000	-6.672570
3.165000	-6.735360
3.166000	-6.609780
3.167000	-6.609780
3.168000	-6.609780
3.169000	-6.609780
3.170000	-6.609780
3.171000	-6.546860
3.172000	-6.609780
3.173000	-6.546860
3.174000	-6.546860
3.175000	-6.546860
3.176000	-6.546860
3.177000	-6.484070
3.178000	-6.484070
3.179000	-6.484070
3.180000	-6.421280
3.181000	-6.421280
3.182000	-6.484070
3.183000	-6.421280
3.184000	-6.421280
3.185000	-6.421280
3.186000	-6.421280
3.187000	-6.421280
3.188000	-6.484070
3.189000	-6.421280
3.190000	-6.484070
3.191000	-6.421280
3.192000	-6.484070
3.193000	-6.484070
3.194000	-6.484070
3.195000	-6.484070
3.196000	-6.484070
3.197000	-6.546860
3.198000	-6.546860
3.199000	-6.546860
3.200000	-6.546860
3.201000	-6.672570
3.202000	-6.609780
3.203000	-6.735360
3.204000	-6.672570
3.205000	-6.672570
3.206000	-6.672570
3.207000	-6.672570
3.208000	-6.735360
3.209000	-6.672570
3.210000	-6.735360
3.211000	-6.798150
3.212000	-6.735360
3.213000	-6.735360
3.214000	-6.735360
3.215000	-6.798150
3.216000	-6.861070
3.217000	-6.735360
3.218000	-6.798150
3.219000	-6.798150
3.220000	-6.735360
3.221000	-6.861070
3.222000	-6.861070
3.223000	-6.798150
3.224000	-6.798150
3.225000	-6.798150
3.226000	-6.798150
3.227000	-6.798150
3.228000	-6.798150
3.229000	-6.735360
3.230000	-6.735360
3.231000	-6.798150
3.232000	-6.798150
3.233000	-6.672570
3.234000	-6.798150
3.235000	-6.735360
3.236000	-6.798150
3.237000	-6.735360
3.238000	-6.798150
3.239000	-6.798150
3.240000	-6.735360
3.241000	-6.735360
3.242000	-6.735360
3.243000	-6.735360
3.244000	-6.798150
3.245000	-6.735360
3.246000	-6.798150
3.247000	-6.798150
3.248000	-6.798150
3.249000	-6.798150
3.250000	-6.798150
3.251000	-6.798150
3.252000	-6.798150
3.253000	-6.798150
3.254000	-6.798150
3.255000	-6.861070
3.256000	-6.798150
3.257000	-6.798150
3.258000	-6.923860
3.259000	-6.861070
3.260000	-6.923860
3.261000	-6.923860
3.262000	-6.798150
3.263000	-6.923860
3.264000	-6.923860
3.265000	-6.923860
3.266000	-6.923860
3.267000	-6.861070
3.268000	-6.923860
3.269000	-6.986650
3.270000	-6.861070
3.271000	-6.923860
3.272000	-6.986650
3.273000	-6.861070
3.274000	-6.798150
3.275000	-6.861070
3.276000	-6.923860
3.277000	-6.798150
3.278000	-6.861070
3.279000	-6.861070
3.280000	-6.798150
3.281000	-6.672570
3.282000	-6.798150
3.283000	-6.798150
3.284000	-6.735360
3.285000	-6.735360
3.286000	-6.609780
3.287000	-6.609780
3.288000	-6.735360
3.289000	-6.735360
3.290000	-6.609780
3.291000	-6.609780
3.292000	-6.672570
3.293000	-6.609780
3.294000	-6.672570
3.295000	-6.609780
3.296000	-6.609780
3.297000	-6.546860
3.298000	-6.546860
3.299000	-6.546860
3.300000	-6.546860
3.301000	-6.546860
3.302000	-6.484070
3.303000	-6.546860
3.304000	-6.546860
3.305000	-6.546860
3.306000	-6.609780
3.307000	-6.484070
3.308000	-6.546860
3.309000	-6.609780
3.310000	-6.609780
3.311000	-6.546860
3.312000	-6.546860
3.313000	-6.484070
3.314000	-6.546860
3.315000	-6.546860
3.316000	-6.609780
3.317000	-6.546860
3.318000	-6.609780
3.319000	-6.609780
3.320000	-6.672570
3.321000	-6.609780
3.322000	-6.672570
3.323000	-6.546860
3.324000	-6.546860
3.325000	-6.546860
3.326000	-6.609780
3.327000	-6.484070
3.328000	-6.484070
3.329000	-6.484070
3.330000	-6.484070
3.331000	-6.484070
3.332000	-6.546860
3.333000	-6.421280
3.334000	-6.546860
3.335000	-6.484070
3.336000	-6.421280
3.337000	-6.421280
3.338000	-6.484070
3.339000	-6.484070
3.340000	-6.358360
3.341000	-6.484070
3.342000	-6.484070
3.343000	-6.484070
3.344000	-6.421280
3.345000	-6.421280
3.346000	-6.484070
3.347000	-6.421280
3.348000	-6.484070
3.349000	-6.421280
3.350000	-6.421280
3.351000	-6.358360
3.352000	-6.421280
3.353000	-6.421280
3.354000	-6.484070
3.355000	-6.546860
3.356000	-6.484070
3.357000	-6.546860
3.358000	-6.546860
3.359000	-6.546860
3.360000	-6.672570
3.361000	-6.546860
3.362000	-6.546860
3.363000	-6.609780
3.364000	-6.672570
3.365000	-6.672570
3.366000	-6.672570
3.367000	-6.672570
3.368000	-6.672570
3.369000	-6.672570
3.370000	-6.672570
3.371000	-6.735360
3.372000	-6.672570
3.373000	-6.735360
3.374000	-6.735360
3.375000	-6.798150
3.376000	-6.861070
3.377000	-6.798150
3.378000	-6.735360
3.379000	-6.735360
3.380000	-6.735360
3.381000	-6.798150
3.382000	-6.735360
3.383000	-6.798150
3.384000	-6.798150
3.385000	-6.735360
3.386000	-6.798150
3.387000	-6.861070
3.388000	-6.798150
3.389000	-6.798150
3.390000	-6.798150
3.391000	-6.798150
3.392000	-6.798150
3.393000	-6.798150
3.394000	-6.798150
3.395000	-6.798150
3.396000	-6.735360
3.397000	-6.735360
3.398000	-6.798150
3.399000	-6.735360
3.400000	-6.735360
3.401000	-6.798150
3.402000	-6.735360
3.403000	-6.735360
3.404000	-6.798150
3.405000	-6.798150
3.406000	-6.798150
3.407000	-6.798150
3.408000	-6.861070
3.409000	-6.798150
3.410000	-6.798150
3.411000	-6.735360
3.412000	-6.798150
3.413000	-6.672570
3.414000	-6.798150
3.415000	-6.798150
3.416000	-6.798150
3.417000	-6.798150
3.418000	-6.672570
3.419000	-6.735360
3.420000	-6.735360
3.421000	-6.798150
3.422000	-6.798150
3.423000	-6.861070
3.424000	-6.798150
3.425000	-6.798150
3.426000	-6.798150
3.427000	-6.798150
3.428000	-6.798150
3.429000	-6.735360
3.430000	-6.735360
3.431000	-6.798150
3.432000	-6.798150
3.433000	-6.798150
3.434000	-6.672570
3.435000	-6.861070
3.436000	-6.735360
3.437000	-6.672570
3.438000	-6.735360
3.439000	-6.798150
3.440000	-6.735360
3.441000	-6.798150
3.442000	-6.672570
3.443000	-6.672570
3.444000	-6.672570
3.445000	-6.672570
3.446000	-6.609780
3.447000	-6.672570
3.448000	-6.609780
3.449000	-6.672570
3.450000	-6.609780
3.451000	-6.672570
3.452000	-6.546860
3.453000	-6.609780
3.454000	-6.672570
3.455000	-6.546860
3.456000	-6.609780
3.457000	-6.546860
3.458000	-6.546860
3.459000	-6.546860
3.460000	-6.484070
3.461000	-6.421280
3.462000	-6.484070
3.463000	-6.546860
3.464000	-6.484070
3.465000	-6.546860
3.466000	-6.484070
3.467000	-6.421280
3.468000	-6.484070
3.469000	-6.484070
3.470000	-6.484070
3.471000	-6.546860
3.472000	-6.484070
3.473000	-6.484070
3.474000	-6.484070
3.475000	-6.421280
3.476000	-6.484070
3.477000	-6.484070
3.478000	-6.484070
3.479000	-6.484070
3.480000	-6.484070
3.481000	-6.484070
3.482000	-6.546860
3.483000	-6.546860
3.484000	-6.484070
3.485000	-6.484070
3.486000	-6.421280
3.487000	-6.546860
3.488000	-6.546860
3.489000	-6.484070
3.490000	-6.484070
3.491000	-6.546860
3.492000	-6.546860
3.493000	-6.484070
3.494000	-6.421280
3.495000	-6.546860
3.496000	-6.484070
3.497000	-6.484070
3.498000	-6.546860
3.499000	-6.484070
3.500000	-6.484070
3.501000	-6.484070
3.502000	-6.484070
3.503000	-6.546860
3.504000	-6.546860
3.505000	-6.546860
3.506000	-6.546860
3.507000	-6.484070
3.508000	-6.546860
3.509000	-6.484070
3.510000	-6.546860
3.511000	-6.484070
3.512000	-6.546860
3.513000	-6.421280
3.514000	-6.484070
3.515000	-6.546860
3.516000	-6.546860
3.517000	-6.484070
3.518000	-6.484070
3.519000	-6.546860
3.520000	-6.484070
3.521000	-6.546860
3.522000	-6.546860
3.523000	-6.546860
3.524000	-6.546860
3.525000	-6.672570
3.526000	-6.672570
3.527000	-6.546860
3.528000	-6.546860
3.529000	-6.672570
3.530000	-6.609780
3.531000	-6.735360
3.532000	-6.735360
3.533000	-6.672570
3.534000	-6.672570
3.535000	-6.672570
3.536000	-6.798150
3.537000	-6.672570
3.538000	-6.735360
3.539000	-6.798150
3.540000	-6.735360
3.541000	-6.798150
3.542000	-6.861070
3.543000	-6.798150
3.544000	-6.798150
3.545000	-6.798150
3.546000	-6.735360
3.547000	-6.798150
3.548000	-6.735360
3.549000	-6.798150
3.550000	-6.798150
3.551000	-6.861070
3.552000	-6.798150
3.553000	-6.735360
3.554000	-6.861070
3.555000	-6.861070
3.556000	-6.798150
3.557000	-6.798150
3.558000	-6.798150
3.559000	-6.735360
3.560000	-6.735360
3.561000	-6.798150
3.562000	-6.735360
3.563000	-6.798150
3.564000	-6.798150
3.565000	-6.798150
3.566000	-6.672570
3.567000	-6.735360
3.568000	-6.798150
3.569000	-6.735360
3.570000	-6.672570
3.571000	-6.735360
3.572000	-6.735360
3.573000	-6.672570
3.574000	-6.798150
3.575000	-6.735360
3.576000	-6.735360
3.577000	-6.735360
3.578000	-6.735360
3.579000	-6.672570
3.580000	-6.672570
3.581000	-6.735360
3.582000	-6.735360
3.583000	-6.735360
3.584000	-6.735360
3.585000	-6.735360
3.586000	-6.672570
3.587000	-6.798150
3.588000	-6.735360
3.589000	-6.735360
3.590000	-6.672570
3.591000	-6.735360
3.592000	-6.735360
3.593000	-6.735360
3.594000	-6.798150
3.595000	-6.672570
3.596000	-6.672570
3.597000	-6.672570
3.598000	-6.672570
3.599000	-6.672570
3.600000	-6.735360
3.601000	-6.672570
3.602000	-6.672570
3.603000	-6.672570
3.604000	-6.672570
3.605000	-6.735360
3.606000	-6.672570
3.607000	-6.609780
3.608000	-6.546860
3.609000	-6.672570
3.610000	-6.609780
3.611000	-6.672570
3.612000	-6.546860
3.613000	-6.672570
3.614000	-6.609780
3.615000	-6.609780
3.616000	-6.546860
3.617000	-6.484070
3.618000	-6.421280
3.619000	-6.546860
3.620000	-6.484070
3.621000	-6.484070
3.622000	-6.484070
3.623000	-6.421280
3.624000	-6.421280
3.625000	-6.546860
3.626000	-6.484070
3.627000	-6.421280
3.628000	-6.358360
3.629000	-6.484070
3.630000	-6.421280
3.631000	-6.421280
3.632000	-6.421280
3.633000	-6.421280
3.634000	-6.421280
3.635000	-6.484070
3.636000	-6.484070
3.637000	-6.421280
3.638000	-6.484070
3.639000	-6.546860
3.640000	-6.421280
3.641000	-6.421280
3.642000	-6.484070
3.643000	-6.484070
3.644000	-6.421280
3.645000	-6.484070
3.646000	-6.484070
3.647000	-6.484070
3.648000	-6.421280
3.649000	-6.546860
3.650000	-6.609780
3.651000	-6.484070
3.652000	-6.546860
3.653000	-6.484070
3.654000	-6.546860
3.655000	-6.609780
3.656000	-6.546860
3.657000	-6.546860
3.658000	-6.609780
3.659000	-6.609780
3.660000	-6.546860
3.661000	-6.546860
3.662000	-6.546860
3.663000	-6.609780
3.664000	-6.546860
3.665000	-6.546860
3.666000	-6.546860
3.667000	-6.609780
3.668000	-6.484070
3.669000	-6.546860
3.670000	-6.484070
3.671000	-6.484070
3.672000	-6.546860
3.673000	-6.421280
3.674000	-6.484070
3.675000	-6.546860
3.676000	-6.546860
3.677000	-6.546860
3.678000	-6.484070
3.679000	-6.484070
3.680000	-6.484070
3.681000	-6.484070
3.682000	-6.546860
3.683000	-6.609780
3.684000	-6.546860
3.685000	-6.484070
3.686000	-6.546860
3.687000	-6.546860
3.688000	-6.672570
3.689000	-6.609780
3.690000	-6.546860
3.691000	-6.672570
3.692000	-6.672570
3.693000	-6.672570
3.694000	-6.609780
3.695000	-6.735360
3.696000	-6.672570
3.697000	-6.672570
3.698000	-6.735360
3.699000	-6.735360
3.700000	-6.735360
3.701000	-6.798150
3.702000	-6.798150
3.703000	-6.861070
3.704000	-6.861070
3.705000	-6.798150
3.706000	-6.798150
3.707000	-6.798150
3.708000	-6.798150
3.709000	-6.861070
3.710000	-6.798150
3.711000	-6.861070
3.712000	-6.798150
3.713000	-6.798150
3.714000	-6.798150
3.715000	-6.798150
3.716000	-6.735360
3.717000	-6.735360
3.718000	-6.798150
3.719000	-6.798150
3.720000	-6.735360
3.721000	-6.798150
3.722000	-6.798150
3.723000	-6.735360
3.724000	-6.735360
3.725000	-6.798150
3.726000	-6.798150
3.727000	-6.672570
3.728000	-6.735360
3.729000	-6.672570
3.730000	-6.798150
3.731000	-6.672570
3.732000	-6.672570
3.733000	-6.609780
3.734000	-6.672570
3.735000	-6.735360
3.736000	-6.735360
3.737000	-6.609780
3.738000	-6.672570
3.739000	-6.609780
3.740000	-6.672570
3.741000	-6.609780
3.742000	-6.672570
3.743000	-6.672570
3.744000	-6.672570
3.745000	-6.672570
3.746000	-6.672570
3.747000	-6.672570
3.748000	-6.735360
3.749000	-6.735360
3.750000	-6.672570
3.751000	-6.672570
3.752000	-6.735360
3.753000	-6.672570
3.754000	-6.609780
3.755000	-6.672570
3.756000	-6.672570
3.757000	-6.609780
3.758000	-6.672570
3.759000	-6.735360
3.760000	-6.735360
3.761000	-6.735360
3.762000	-6.672570
3.763000	-6.672570
3.764000	-6.672570
3.765000	-6.735360
3.766000	-6.672570
3.767000	-6.672570
3.768000	-6.735360
3.769000	-6.609780
3.770000	-6.609780
3.771000	-6.672570
3.772000	-6.546860
3.773000	-6.672570
3.774000	-6.546860
3.775000	-6.609780
3.776000	-6.546860
3.777000	-6.484070
3.778000	-6.484070
3.779000	-6.546860
3.780000	-6.484070
3.781000	-6.484070
3.782000	-6.546860
3.783000	-6.484070
3.784000	-6.358360
3.785000	-6.484070
3.786000	-6.484070
3.787000	-6.421280
3.788000	-6.484070
3.789000	-6.421280
3.790000	-6.421280
3.791000	-6.484070
3.792000	-6.484070
3.793000	-6.421280
3.794000	-6.421280
3.795000	-6.421280
3.796000	-6.421280
3.797000	-6.421280
3.798000	-6.358360
3.799000	-6.484070
3.800000	-6.484070
3.801000	-6.421280
3.802000	-6.484070
3.803000	-6.484070
3.804000	-6.484070
3.805000	-6.421280
3.806000	-6.546860
3.807000	-6.546860
3.808000	-6.484070
3.809000	-6.609780
3.810000	-6.546860
3.811000	-6.484070
3.812000	-6.546860
3.813000	-6.546860
3.814000	-6.484070
3.815000	-6.546860
3.816000	-6.546860
3.817000	-6.546860
3.818000	-6.546860
3.819000	-6.546860
3.820000	-6.546860
3.821000	-6.546860
3.822000	-6.672570
3.823000	-6.546860
3.824000	-6.546860
3.825000	-6.609780
3.826000	-6.609780
3.827000	-6.484070
3.828000	-6.546860
3.829000	-6.484070
3.830000	-6.484070
3.831000	-6.546860
3.832000	-6.546860
3.833000	-6.546860
3.834000	-6.546860
3.835000	-6.421280
3.836000	-6.609780
3.837000	-6.546860
3.838000	-6.546860
3.839000	-6.609780
3.840000	-6.484070
3.841000	-6.484070
3.842000	-6.546860
3.843000	-6.546860
3.844000	-6.546860
3.845000	-6.546860
3.846000	-6.609780
3.847000	-6.546860
3.848000	-6.546860
3.849000	-6.609780
3.850000	-6.484070
3.851000	-6.546860
3.852000	-6.609780
3.853000	-6.735360
3.854000	-6.609780
3.855000	-6.735360
3.856000	-6.672570
3.857000	-6.672570
3.858000	-6.735360
3.859000	-6.735360
3.860000	-6.735360
3.861000	-6.735360
3.862000	-6.735360
3.863000	-6.798150
3.864000	-6.672570
3.865000	-6.798150
3.866000	-6.798150
3.867000	-6.798150
3.868000	-6.735360
3.869000	-6.861070
3.870000	-6.798150
3.871000	-6.798150
3.872000	-6.735360
3.873000	-6.798150
3.874000	-6.735360
3.875000	-6.861070
3.876000	-6.798150
3.877000	-6.798150
3.878000	-6.798150
3.879000	-6.798150
3.880000	-6.735360
3.881000	-6.798150
3.882000	-6.861070
3.883000	-6.735360
3.884000	-6.735360
3.885000	-6.735360
3.886000	-6.798150
3.887000	-6.735360
3.888000	-6.798150
3.889000	-6.798150
3.890000	-6.735360
3.891000	-6.798150
3.892000	-6.798150
3.893000	-6.735360
3.894000	-6.672570
3.895000	-6.672570
3.896000	-6.672570
3.897000	-6.609780
3.898000	-6.672570
3.899000	-6.735360
