-15.100000	-1.420000
-15.100000	-1.300000
-15.100000	-1.360000
-15.100000	-1.360000
-15.100000	-1.300000
-15.100000	-1.420000
-15.100000	-1.480000
-15.100000	-0.981000
-15.200000	-0.667000
-15.300000	2.100000
-15.600000	3.170000
-16.299999	0.150000
-17.600000	-6.130000
-17.600000	-11.800000
-18.900000	-13.500000
-19.600000	-9.400000
-20.000000	-5.250000
-20.500000	-8.210000
-20.799999	-10.900000
-21.100000	-13.300000
-21.500000	-14.100000
-21.700001	-11.800000
-22.100000	-10.000000
-22.400000	-11.300000
-22.799999	-13.400000
-23.100000	-15.000000
-23.600000	-15.600000
-24.000000	-15.600000
-24.200001	-15.200000
-24.700001	-15.700000
-25.000000	-16.900000
-25.299999	-17.100000
-25.700001	-17.400000
-26.000000	-18.100000
-26.400000	-19.400000
-26.799999	-20.500000
-27.100000	-21.500000
-27.500000	-22.500000
-27.900000	-23.100000
-28.100000	-23.700001
-28.600000	-24.900000
-29.000000	-25.900000
-29.299999	-26.600000
-29.799999	-28.299999
-30.100000	-29.900000
-30.600000	-30.900000
-31.000000	-31.900000
-31.299999	-33.500000
-31.799999	-34.900002
-32.099998	-35.599998
-32.500000	-36.500000
-32.900002	-37.700001
-33.400002	-39.099998
-33.700001	-40.400002
-34.099998	-41.599998
-34.599998	-42.200001
-35.099998	-40.599998
-35.599998	-38.700001
-36.400002	-41.099998
-37.099998	-44.500000
-37.900002	-38.400002
-38.700001	-33.299999
-39.099998	-39.200001
-39.900002	-44.599998
-40.000000	-46.299999
-40.400002	-45.099998
-40.900002	-39.900002
-41.200001	-35.500000
-41.599998	-37.799999
-42.000000	-44.099998
-42.500000	-46.299999
-42.799999	-45.099998
-43.200001	-42.700001
-43.599998	-39.099998
-43.900002	-37.799999
-44.599998	-40.900002
-44.900002	-42.099998
-45.500000	-41.500000
-46.299999	-40.900002
-46.799999	-37.500000
-47.500000	-32.299999
-48.700001	-29.600000
-49.799999	-29.100000
-51.299999	-21.799999
-52.599998	-20.900000
-53.700001	-23.700001
