0.000000	13.595300
0.001000	11.715400
0.002000	9.835540
0.003000	13.595300
0.004000	11.715400
0.005000	13.595300
0.006000	13.595300
0.007000	9.835540
0.008000	9.835540
0.009000	11.715400
0.010000	11.715400
0.011000	11.715400
0.012000	13.595300
0.013000	9.835540
0.014000	11.715400
0.015000	9.835540
0.016000	13.595300
0.017000	13.595300
0.018000	13.595300
0.019000	13.595300
0.020000	13.595300
0.021000	13.595300
0.022000	13.595300
0.023000	13.595300
0.024000	15.475200
0.025000	17.355101
0.026000	19.235001
0.027000	19.235001
0.028000	22.994699
0.029000	24.874599
0.030000	24.874599
0.031000	22.994699
0.032000	22.994699
0.033000	21.114799
0.034000	15.475200
0.035000	19.235001
0.036000	13.595300
0.037000	13.595300
0.038000	15.475200
0.039000	17.355101
0.040000	15.475200
0.041000	15.475200
0.042000	17.355101
0.043000	15.475200
0.044000	15.475200
0.045000	15.475200
0.046000	17.355101
0.047000	15.475200
0.048000	15.475200
0.049000	11.715400
0.050000	7.955660
0.051000	2.316010
0.052000	2.316010
0.053000	2.316010
0.054000	4.195900
0.055000	9.835540
0.056000	9.835540
0.057000	11.715400
0.058000	17.355101
0.059000	19.235001
0.060000	19.235001
0.061000	21.114799
0.062000	21.114799
0.063000	15.475200
0.064000	15.475200
0.065000	13.595300
0.066000	7.955660
0.067000	7.955660
0.068000	7.955660
0.069000	4.195900
0.070000	2.316010
0.071000	4.195900
0.072000	4.195900
0.073000	6.075780
0.074000	6.075780
0.075000	6.075780
0.076000	9.835540
0.077000	7.955660
0.078000	7.955660
0.079000	4.195900
0.080000	4.195900
0.081000	4.195900
0.082000	4.195900
0.083000	4.195900
0.084000	4.195900
0.085000	4.195900
0.086000	4.195900
0.087000	6.075780
0.088000	4.195900
0.089000	6.075780
0.090000	7.955660
0.091000	7.955660
0.092000	4.195900
0.093000	6.075780
0.094000	6.075780
0.095000	2.316010
0.096000	2.316010
0.097000	2.316010
0.098000	0.436132
0.099000	0.436132
0.100000	-1.443750
0.101000	-1.443750
0.102000	0.436132
0.103000	0.436132
0.104000	2.316010
0.105000	2.316010
0.106000	0.436132
0.107000	2.316010
0.108000	4.195900
0.109000	2.316010
0.110000	2.316010
0.111000	2.316010
0.112000	0.436132
0.113000	0.436132
0.114000	-1.443750
0.115000	0.436132
0.116000	-5.203520
0.117000	-7.083400
0.118000	-3.323630
0.119000	-5.203520
0.120000	-5.203520
0.121000	-5.203520
0.122000	-5.203520
0.123000	-5.203520
0.124000	-7.083400
0.125000	-5.203520
0.126000	-7.083400
0.127000	-8.963280
0.128000	-8.963280
0.129000	-7.083400
0.130000	-7.083400
0.131000	-5.203520
0.132000	-3.323630
0.133000	-5.203520
0.134000	-7.083400
0.135000	-3.323630
0.136000	-5.203520
0.137000	-7.083400
0.138000	-7.083400
0.139000	-8.963280
0.140000	-10.843200
0.141000	-7.083400
0.142000	-8.963280
0.143000	-12.723000
0.144000	-10.843200
0.145000	-10.843200
0.146000	-8.963280
0.147000	-10.843200
0.148000	-8.963280
0.149000	-8.963280
0.150000	-12.723000
0.151000	-10.843200
0.152000	-8.963280
0.153000	-10.843200
0.154000	-10.843200
0.155000	-10.843200
0.156000	-12.723000
0.157000	-10.843200
0.158000	-14.602900
0.159000	-16.482800
0.160000	-16.482800
0.161000	-20.242599
0.162000	-20.242599
0.163000	-18.362700
0.164000	-16.482800
0.165000	-12.723000
0.166000	-5.203520
0.167000	2.316010
0.168000	13.595300
0.169000	15.475200
0.170000	15.475200
0.171000	13.595300
0.172000	11.715400
0.173000	4.195900
0.174000	-3.323630
0.175000	-12.723000
0.176000	-22.122499
0.177000	-22.122499
0.178000	-24.002300
0.179000	-22.122499
0.180000	-16.482800
0.181000	-14.602900
0.182000	-14.602900
0.183000	-14.602900
0.184000	-8.963280
0.185000	-10.843200
0.186000	-10.843200
0.187000	-10.843200
0.188000	-10.843200
0.189000	-10.843200
0.190000	-8.963280
0.191000	-7.083400
0.192000	-7.083400
0.193000	-3.323630
0.194000	-7.083400
0.195000	-5.203520
0.196000	-7.083400
0.197000	-8.963280
0.198000	-8.963280
0.199000	-7.083400
0.200000	-8.963280
0.201000	-8.963280
0.202000	-7.083400
0.203000	-10.843200
0.204000	-8.963280
0.205000	-12.723000
0.206000	-12.723000
0.207000	-14.602900
0.208000	-14.602900
0.209000	-12.723000
0.210000	-14.602900
0.211000	-12.723000
0.212000	-10.843200
0.213000	-8.963280
0.214000	-8.963280
0.215000	-7.083400
0.216000	-5.203520
0.217000	-7.083400
0.218000	-3.323630
0.219000	-7.083400
0.220000	-7.083400
0.221000	-5.203520
0.222000	-7.083400
0.223000	-8.963280
0.224000	-7.083400
0.225000	-8.963280
0.226000	-7.083400
0.227000	-8.963280
0.228000	-7.083400
0.229000	-8.963280
0.230000	-10.843200
0.231000	-8.963280
0.232000	-10.843200
0.233000	-12.723000
0.234000	-10.843200
0.235000	-8.963280
0.236000	-8.963280
0.237000	-8.963280
0.238000	-8.963280
0.239000	-5.203520
0.240000	-7.083400
0.241000	-8.963280
0.242000	-7.083400
0.243000	-8.963280
0.244000	-8.963280
0.245000	-10.843200
0.246000	-8.963280
0.247000	-10.843200
0.248000	-10.843200
0.249000	-12.723000
0.250000	-12.723000
0.251000	-12.723000
0.252000	-14.602900
0.253000	-14.602900
0.254000	-8.963280
0.255000	34.273998
0.256000	2.316010
0.257000	-27.762100
0.258000	-10.843200
0.259000	11.715400
0.260000	-20.242599
0.261000	-25.882200
0.262000	-42.801201
0.263000	-46.560902
0.264000	-10.843200
0.265000	-16.482800
0.266000	-20.242599
0.267000	0.436132
0.268000	-20.242599
0.269000	-22.122499
0.270000	-7.083400
0.271000	15.475200
0.272000	32.394100
0.273000	15.475200
0.274000	-1.443750
0.275000	-1.443750
0.276000	15.475200
0.277000	21.114799
0.278000	15.475200
0.279000	0.436132
0.280000	-16.482800
0.281000	-18.362700
0.282000	-8.963280
0.283000	-16.482800
0.284000	-22.122499
0.285000	-24.002300
0.286000	-33.401798
0.287000	-24.002300
0.288000	-14.602900
0.289000	-22.122499
0.290000	-18.362700
0.291000	-22.122499
0.292000	-18.362700
0.293000	-7.083400
0.294000	-7.083400
0.295000	-14.602900
0.296000	-14.602900
0.297000	-14.602900
0.298000	-14.602900
0.299000	-5.203520
0.300000	-5.203520
0.301000	-8.963280
0.302000	-10.843200
0.303000	-5.203520
0.304000	-5.203520
0.305000	-8.963280
0.306000	-10.843200
0.307000	-22.122499
0.308000	-22.122499
0.309000	-12.723000
0.310000	-14.602900
0.311000	-20.242599
0.312000	-14.602900
0.313000	-7.083400
0.314000	-22.122499
0.315000	-12.723000
0.316000	7.955660
0.317000	-7.083400
0.318000	-8.963280
0.319000	-8.963280
0.320000	-24.002300
0.321000	-20.242599
0.322000	-14.602900
0.323000	-29.642000
0.324000	-14.602900
0.325000	-10.843200
0.326000	-24.002300
0.327000	-20.242599
0.328000	-16.482800
0.329000	-14.602900
0.330000	-12.723000
0.331000	-20.242599
0.332000	-16.482800
0.333000	-14.602900
0.334000	-16.482800
0.335000	-16.482800
0.336000	-14.602900
0.337000	-16.482800
0.338000	-27.762100
0.339000	-27.762100
0.340000	-24.002300
0.341000	-25.882200
0.342000	-22.122499
0.343000	-16.482800
0.344000	-16.482800
0.345000	-18.362700
0.346000	-18.362700
0.347000	-18.362700
0.348000	-22.122499
0.349000	-24.002300
0.350000	-22.122499
0.351000	-20.242599
0.352000	-18.362700
0.353000	-18.362700
0.354000	-25.882200
0.355000	-25.882200
0.356000	-25.882200
0.357000	-31.521900
0.358000	-27.762100
0.359000	-24.002300
0.360000	-24.002300
0.361000	-24.002300
0.362000	-18.362700
0.363000	-29.642000
0.364000	-25.882200
0.365000	-24.002300
0.366000	-29.642000
0.367000	-27.762100
0.368000	-27.762100
0.369000	-31.521900
0.370000	-25.882200
0.371000	-31.521900
0.372000	-37.161499
0.373000	-33.401798
0.374000	-31.521900
0.375000	-27.762100
0.376000	-27.762100
0.377000	-31.521900
0.378000	-31.521900
0.379000	-29.642000
0.380000	-27.762100
0.381000	-29.642000
0.382000	-25.882200
0.383000	-29.642000
0.384000	-31.521900
0.385000	-27.762100
0.386000	-27.762100
0.387000	-27.762100
0.388000	-25.882200
0.389000	-27.762100
0.390000	-29.642000
0.391000	-27.762100
0.392000	-27.762100
0.393000	-29.642000
0.394000	-29.642000
0.395000	-33.401798
0.396000	-31.521900
0.397000	-31.521900
0.398000	-35.281601
0.399000	-35.281601
0.400000	-37.161499
0.401000	-37.161499
0.402000	-39.041401
0.403000	-35.281601
0.404000	-37.161499
0.405000	-35.281601
0.406000	-35.281601
0.407000	-31.521900
0.408000	-31.521900
0.409000	-31.521900
0.410000	-29.642000
0.411000	-33.401798
0.412000	-31.521900
0.413000	-33.401798
0.414000	-35.281601
0.415000	-35.281601
0.416000	-37.161499
0.417000	-39.041401
0.418000	-35.281601
0.419000	-39.041401
0.420000	-39.041401
0.421000	-39.041401
0.422000	-42.801201
0.423000	-42.801201
0.424000	-40.921299
0.425000	-40.921299
0.426000	-40.921299
0.427000	-37.161499
0.428000	-39.041401
0.429000	-40.921299
0.430000	-37.161499
0.431000	-40.921299
0.432000	-39.041401
0.433000	-39.041401
0.434000	-40.921299
0.435000	-39.041401
0.436000	-40.921299
0.437000	-39.041401
0.438000	-37.161499
0.439000	-39.041401
0.440000	-39.041401
0.441000	-39.041401
0.442000	-39.041401
0.443000	-37.161499
0.444000	-39.041401
0.445000	-40.921299
0.446000	-39.041401
0.447000	-40.921299
0.448000	-44.681099
0.449000	-40.921299
0.450000	-40.921299
0.451000	-40.921299
0.452000	-44.681099
0.453000	-42.801201
0.454000	-44.681099
0.455000	-44.681099
0.456000	-42.801201
0.457000	-42.801201
0.458000	-46.560902
0.459000	-44.681099
0.460000	-42.801201
0.461000	-46.560902
0.462000	-42.801201
0.463000	-40.921299
0.464000	-40.921299
0.465000	-42.801201
0.466000	-44.681099
0.467000	-42.801201
0.468000	-44.681099
0.469000	-42.801201
0.470000	-40.921299
0.471000	-44.681099
0.472000	-42.801201
0.473000	-40.921299
0.474000	-46.560902
0.475000	-44.681099
0.476000	-42.801201
0.477000	-46.560902
0.478000	-42.801201
0.479000	-42.801201
0.480000	-46.560902
0.481000	-44.681099
0.482000	-44.681099
0.483000	-42.801201
0.484000	-42.801201
0.485000	-42.801201
0.486000	-42.801201
0.487000	-44.681099
0.488000	-42.801201
0.489000	-44.681099
0.490000	-46.560902
0.491000	-44.681099
0.492000	-44.681099
0.493000	-44.681099
0.494000	-44.681099
0.495000	-46.560902
0.496000	-46.560902
0.497000	-46.560902
0.498000	-46.560902
0.499000	-48.440800
0.500000	-48.440800
0.501000	-44.681099
0.502000	-46.560902
0.503000	-44.681099
0.504000	-48.440800
0.505000	-44.681099
0.506000	-46.560902
0.507000	-44.681099
0.508000	-44.681099
0.509000	-46.560902
0.510000	-46.560902
0.511000	-44.681099
0.512000	-46.560902
0.513000	-46.560902
0.514000	-42.801201
0.515000	-44.681099
0.516000	-48.440800
0.517000	-48.440800
0.518000	-46.560902
0.519000	-46.560902
0.520000	-46.560902
0.521000	-46.560902
0.522000	-48.440800
0.523000	-46.560902
0.524000	-48.440800
0.525000	-52.200600
0.526000	-48.440800
0.527000	-48.440800
0.528000	-52.200600
0.529000	-46.560902
0.530000	-46.560902
0.531000	-46.560902
0.532000	-46.560902
0.533000	-44.681099
0.534000	-42.801201
0.535000	-35.281601
0.536000	-39.041401
0.537000	-50.320702
0.538000	-40.921299
0.539000	-50.320702
0.540000	-48.440800
0.541000	-54.080502
0.542000	-54.080502
0.543000	-63.479900
0.544000	-55.960400
0.545000	-48.440800
0.546000	-42.801201
0.547000	-35.281601
0.548000	-35.281601
0.549000	-50.320702
0.550000	-46.560902
0.551000	-46.560902
0.552000	-46.560902
0.553000	-35.281601
0.554000	-35.281601
0.555000	-37.161499
0.556000	-29.642000
0.557000	-25.882200
0.558000	-29.642000
0.559000	-33.401798
0.560000	-37.161499
0.561000	-42.801201
0.562000	-39.041401
0.563000	-39.041401
0.564000	-46.560902
0.565000	-46.560902
0.566000	-48.440800
0.567000	-50.320702
0.568000	-44.681099
0.569000	-39.041401
0.570000	-42.801201
0.571000	-42.801201
0.572000	-46.560902
0.573000	-46.560902
0.574000	-40.921299
0.575000	-46.560902
0.576000	-50.320702
0.577000	-40.921299
0.578000	-48.440800
0.579000	-46.560902
0.580000	-35.281601
0.581000	-33.401798
0.582000	-35.281601
0.583000	-29.642000
0.584000	-40.921299
0.585000	-40.921299
0.586000	-27.762100
0.587000	-29.642000
0.588000	-29.642000
0.589000	-27.762100
0.590000	-37.161499
0.591000	-25.882200
0.592000	-24.002300
0.593000	-31.521900
0.594000	-8.963280
0.595000	-25.882200
0.596000	-44.681099
0.597000	-16.482800
0.598000	-18.362700
0.599000	-50.320702
0.600000	-37.161499
