0.000000	-1.034530
0.001000	-1.034530
0.002000	-1.034530
0.003000	-1.077210
0.004000	-1.077210
0.005000	-1.077210
0.006000	-1.077210
0.007000	-1.077210
0.008000	-1.034530
0.009000	-1.077210
0.010000	-1.119880
0.011000	-1.077210
0.012000	-1.077210
0.013000	-1.034530
0.014000	-1.077210
0.015000	-1.077210
0.016000	-1.034530
0.017000	-1.034530
0.018000	-0.991853
0.019000	-0.949178
0.020000	-0.949178
0.021000	-0.949178
0.022000	-0.906502
0.023000	-0.821150
0.024000	-0.735799
0.025000	-0.650447
0.026000	-0.437068
0.027000	-0.266365
0.028000	-0.010310
0.029000	0.203068
0.030000	0.501799
0.031000	0.715178
0.032000	0.885881
0.033000	1.056580
0.034000	1.184610
0.035000	1.227290
0.036000	1.227290
0.037000	1.184610
0.038000	1.141940
0.039000	1.013910
0.040000	0.885881
0.041000	0.672502
0.042000	0.459123
0.043000	0.245744
0.044000	-0.010310
0.045000	-0.223689
0.046000	-0.479744
0.047000	-0.693123
0.048000	-0.906502
0.049000	-1.077210
0.050000	-1.205230
0.051000	-1.333260
0.052000	-1.418610
0.053000	-1.461290
0.054000	-1.546640
0.055000	-1.589310
0.056000	-1.760020
0.057000	-1.930720
0.058000	-2.186780
0.059000	-2.570860
0.060000	-2.869590
0.061000	-3.296350
0.062000	-3.765780
0.063000	-4.192540
0.064000	-4.661970
0.065000	-5.131400
0.066000	-5.558160
0.067000	-6.027600
0.068000	-6.411680
0.069000	-6.838440
0.070000	-7.179840
0.071000	-7.521250
0.072000	-7.905330
0.073000	-8.204060
0.074000	-8.545470
0.075000	-8.844200
0.076000	-9.228280
0.077000	-9.527010
0.078000	-9.825740
0.079000	-9.996440
0.080000	-10.167100
0.081000	-10.252500
0.082000	-10.380500
0.083000	-10.423200
0.084000	-10.423200
0.085000	-10.380500
0.086000	-10.380500
0.087000	-10.337800
0.088000	-10.337800
0.089000	-10.380500
0.090000	-10.295200
0.091000	-10.252500
0.092000	-10.209800
0.093000	-10.295200
0.094000	-10.252500
0.095000	-10.252500
0.096000	-10.295200
0.097000	-10.337800
0.098000	-10.380500
0.099000	-10.465900
0.100000	-10.593900
0.101000	-10.636600
0.102000	-10.721900
0.103000	-10.807300
0.104000	-10.935300
0.105000	-11.020700
0.106000	-11.063300
0.107000	-11.148700
0.108000	-11.234000
0.109000	-11.319400
0.110000	-11.404700
0.111000	-11.490100
0.112000	-11.532800
0.113000	-11.660800
0.114000	-11.746200
0.115000	-11.831500
0.116000	-11.959500
0.117000	-12.087600
0.118000	-12.172900
0.119000	-12.300900
0.120000	-12.386300
0.121000	-12.599700
0.122000	-12.642300
0.123000	-12.770400
0.124000	-12.898400
0.125000	-13.069100
0.126000	-13.239800
0.127000	-13.325200
0.128000	-13.538500
0.129000	-13.666600
0.130000	-13.794600
0.131000	-13.879900
0.132000	-14.008000
0.133000	-14.136000
0.134000	-14.221300
0.135000	-14.264000
0.136000	-14.349400
0.137000	-14.392000
0.138000	-14.434700
0.139000	-14.477400
0.140000	-14.477400
0.141000	-14.520100
0.142000	-14.520100
0.143000	-14.477400
0.144000	-14.477400
0.145000	-14.477400
0.146000	-14.520100
0.147000	-14.520100
0.148000	-14.477400
0.149000	-14.477400
0.150000	-14.562800
0.151000	-14.562800
0.152000	-14.605400
0.153000	-14.690800
0.154000	-14.733500
0.155000	-14.818800
0.156000	-14.861500
0.157000	-14.904200
0.158000	-14.989500
0.159000	-15.032200
0.160000	-15.032200
0.161000	-15.032200
0.162000	-14.989500
0.163000	-14.904200
0.164000	-14.776100
0.165000	-14.520100
0.166000	-14.221300
0.167000	-14.050600
0.168000	-13.965300
0.169000	-13.965300
0.170000	-14.136000
0.171000	-14.434700
0.172000	-14.818800
0.173000	-15.288200
0.174000	-15.757700
0.175000	-16.312500
0.176000	-16.696501
0.177000	-17.080601
0.178000	-17.422001
0.179000	-17.763399
0.180000	-17.976801
0.181000	-18.275499
0.182000	-18.531601
0.183000	-18.702299
0.184000	-18.872999
0.185000	-19.000999
0.186000	-19.129101
0.187000	-19.214399
0.188000	-19.299801
0.189000	-19.427799
0.190000	-19.470501
0.191000	-19.555799
0.192000	-19.726500
0.193000	-19.683800
0.194000	-19.726500
0.195000	-19.683800
0.196000	-19.641199
0.197000	-19.598499
0.198000	-19.598499
0.199000	-19.598499
0.200000	-19.598499
0.201000	-19.598499
0.202000	-19.726500
0.203000	-19.769199
0.204000	-19.811899
0.205000	-19.897200
0.206000	-19.982599
0.207000	-20.025299
0.208000	-20.110600
0.209000	-20.153299
0.210000	-20.195999
0.211000	-20.281300
0.212000	-20.366699
0.213000	-20.452000
0.214000	-20.537399
0.215000	-20.622700
0.216000	-20.708099
0.217000	-20.793400
0.218000	-20.878799
0.219000	-20.964100
0.220000	-20.964100
0.221000	-21.006800
0.222000	-21.006800
0.223000	-21.006800
0.224000	-21.049500
0.225000	-21.092100
0.226000	-21.092100
0.227000	-21.134800
0.228000	-21.177500
0.229000	-21.262800
0.230000	-21.305500
0.231000	-21.390900
0.232000	-21.476200
0.233000	-21.604300
0.234000	-21.775000
0.235000	-21.903000
0.236000	-22.116400
0.237000	-22.287100
0.238000	-22.457800
0.239000	-22.671200
0.240000	-22.841900
0.241000	-23.012600
0.242000	-23.225901
0.243000	-23.396601
0.244000	-23.652700
0.245000	-23.908701
0.246000	-24.122101
0.247000	-24.378201
0.248000	-24.591600
0.249000	-24.890301
0.250000	-25.146299
0.251000	-25.445101
0.252000	-25.701099
0.253000	-25.999901
0.254000	-26.042500
0.255000	-26.725300
0.256000	-26.639999
0.257000	-26.426600
0.258000	-26.426600
0.259000	-26.383900
0.260000	-24.933001
0.261000	-23.610001
0.262000	-21.860300
0.263000	-20.110600
0.264000	-19.043699
0.265000	-17.251301
0.266000	-15.629600
0.267000	-15.160200
0.268000	-14.477400
0.269000	-13.794600
0.270000	-13.325200
0.271000	-13.666600
0.272000	-14.946800
0.273000	-15.800300
0.274000	-16.739201
0.275000	-17.678101
0.276000	-18.488899
0.277000	-19.470501
0.278000	-20.452000
0.279000	-21.476200
0.280000	-22.287100
0.281000	-23.268600
0.282000	-24.335501
0.283000	-25.061001
0.284000	-25.914499
0.285000	-26.810699
0.286000	-27.408199
0.287000	-28.048300
0.288000	-28.432400
0.289000	-28.603100
0.290000	-28.731100
0.291000	-28.688400
0.292000	-28.645800
0.293000	-28.645800
0.294000	-28.432400
0.295000	-28.219000
0.296000	-28.133699
0.297000	-28.005600
0.298000	-27.834900
0.299000	-27.792200
0.300000	-27.621500
0.301000	-27.536200
0.302000	-27.322800
0.303000	-27.024099
0.304000	-26.810699
0.305000	-26.469299
0.306000	-26.298599
0.307000	-26.042500
0.308000	-25.999901
0.309000	-26.213200
0.310000	-26.170601
0.311000	-26.170601
0.312000	-26.426600
0.313000	-26.768000
0.314000	-26.597300
0.315000	-26.896099
0.316000	-27.578899
0.317000	-27.322800
0.318000	-27.365499
0.319000	-27.493500
0.320000	-27.109400
0.321000	-27.109400
0.322000	-27.194799
0.323000	-26.981400
0.324000	-27.109400
0.325000	-27.194799
0.326000	-27.109400
0.327000	-27.280100
0.328000	-27.450800
0.329000	-27.792200
0.330000	-28.133699
0.331000	-28.304399
0.332000	-28.688400
0.333000	-28.944500
0.334000	-29.072500
0.335000	-29.157900
0.336000	-29.371201
0.337000	-29.456600
0.338000	-29.371201
0.339000	-29.499300
0.340000	-29.627300
0.341000	-29.584600
0.342000	-29.712700
0.343000	-29.883400
0.344000	-29.883400
0.345000	-29.883400
0.346000	-29.840700
0.347000	-29.840700
0.348000	-29.798000
0.349000	-29.755301
0.350000	-29.883400
0.351000	-30.011400
0.352000	-30.182100
0.353000	-30.352800
0.354000	-30.480801
0.355000	-30.651501
0.356000	-30.864901
0.357000	-31.121000
0.358000	-31.419701
0.359000	-31.803801
0.360000	-32.102501
0.361000	-32.443901
0.362000	-32.827999
0.363000	-32.870701
0.364000	-33.169399
0.365000	-33.510799
0.366000	-33.596199
0.367000	-33.894901
0.368000	-34.193600
0.369000	-34.364300
0.370000	-34.620399
0.371000	-34.705700
0.372000	-34.876400
0.373000	-35.047100
0.374000	-35.089802
0.375000	-35.217800
0.376000	-35.260502
0.377000	-35.260502
0.378000	-35.217800
0.379000	-35.217800
0.380000	-35.175201
0.381000	-35.089802
0.382000	-35.089802
0.383000	-35.004501
0.384000	-34.876400
0.385000	-34.876400
0.386000	-34.919102
0.387000	-34.876400
0.388000	-34.833698
0.389000	-34.876400
0.390000	-34.833698
0.391000	-34.919102
0.392000	-34.961800
0.393000	-35.047100
0.394000	-35.132500
0.395000	-35.260502
0.396000	-35.345901
0.397000	-35.516602
0.398000	-35.644600
0.399000	-35.772598
0.400000	-35.943298
0.401000	-36.028702
0.402000	-36.113998
0.403000	-36.242001
0.404000	-36.370098
0.405000	-36.540798
0.406000	-36.711498
0.407000	-36.839500
0.408000	-36.967499
0.409000	-37.010201
0.410000	-37.095600
0.411000	-37.095600
0.412000	-37.223598
0.413000	-37.266300
0.414000	-37.266300
0.415000	-37.394299
0.416000	-37.394299
0.417000	-37.564999
0.418000	-37.735699
0.419000	-37.821098
0.420000	-38.077099
0.421000	-38.375801
0.422000	-38.546501
0.423000	-38.802601
0.424000	-39.058701
0.425000	-39.271999
0.426000	-39.570801
0.427000	-39.826801
0.428000	-39.954800
0.429000	-40.082901
0.430000	-40.253601
0.431000	-40.338902
0.432000	-40.466999
0.433000	-40.637699
0.434000	-40.680302
0.435000	-40.851002
0.436000	-40.979099
0.437000	-41.149799
0.438000	-41.363098
0.439000	-41.533798
0.440000	-41.747200
0.441000	-41.917900
0.442000	-42.174000
0.443000	-42.387402
0.444000	-42.600700
0.445000	-42.771400
0.446000	-42.899502
0.447000	-43.070202
0.448000	-43.155499
0.449000	-43.283600
0.450000	-43.454300
0.451000	-43.539600
0.452000	-43.582298
0.453000	-43.625000
0.454000	-43.667599
0.455000	-43.625000
0.456000	-43.582298
0.457000	-43.582298
0.458000	-43.454300
0.459000	-43.411598
0.460000	-43.368900
0.461000	-43.283600
0.462000	-43.240898
0.463000	-43.155499
0.464000	-43.155499
0.465000	-43.070202
0.466000	-42.984798
0.467000	-43.027500
0.468000	-42.984798
0.469000	-42.899502
0.470000	-42.984798
0.471000	-42.899502
0.472000	-42.942101
0.473000	-42.942101
0.474000	-42.899502
0.475000	-43.027500
0.476000	-43.070202
0.477000	-43.155499
0.478000	-43.454300
0.479000	-43.582298
0.480000	-43.752998
0.481000	-44.051701
0.482000	-44.265099
0.483000	-44.563801
0.484000	-44.777199
0.485000	-44.990601
0.486000	-45.289299
0.487000	-45.502701
0.488000	-45.716099
0.489000	-45.929501
0.490000	-46.057499
0.491000	-46.398899
0.492000	-46.526901
0.493000	-46.697601
0.494000	-46.868301
0.495000	-46.996300
0.496000	-47.039001
0.497000	-47.209702
0.498000	-47.252399
0.499000	-47.295101
0.500000	-47.337799
0.501000	-47.337799
0.502000	-47.337799
0.503000	-47.337799
0.504000	-47.295101
0.505000	-47.295101
0.506000	-47.295101
0.507000	-47.209702
0.508000	-47.252399
0.509000	-47.252399
0.510000	-47.252399
0.511000	-47.295101
0.512000	-47.337799
0.513000	-47.423100
0.514000	-47.465801
0.515000	-47.508499
0.516000	-47.593800
0.517000	-47.679199
0.518000	-47.764500
0.519000	-47.892502
0.520000	-48.020599
0.521000	-48.191299
0.522000	-48.319302
0.523000	-48.404598
0.524000	-48.575298
0.525000	-48.575298
0.526000	-48.703400
0.527000	-48.703400
0.528000	-48.660702
0.529000	-48.660702
0.530000	-48.618000
0.531000	-48.532700
0.532000	-48.447300
0.533000	-48.447300
0.534000	-48.276600
0.535000	-48.319302
0.536000	-48.020599
0.537000	-47.636501
0.538000	-47.337799
0.539000	-46.654900
0.540000	-46.014801
0.541000	-45.374699
0.542000	-44.521198
0.543000	-43.582298
0.544000	-42.899502
0.545000	-42.174000
0.546000	-41.192402
0.547000	-40.466999
0.548000	-39.741501
0.549000	-38.802601
0.550000	-38.375801
0.551000	-37.906399
0.552000	-37.650299
0.553000	-37.564999
0.554000	-37.479599
0.555000	-37.522301
0.556000	-37.735699
0.557000	-37.863701
0.558000	-37.949100
0.559000	-38.247799
0.560000	-38.546501
0.561000	-38.802601
0.562000	-39.400101
0.563000	-39.912201
0.564000	-40.424301
0.565000	-41.021702
0.566000	-41.619202
0.567000	-42.046001
0.568000	-42.643398
0.569000	-42.984798
0.570000	-43.112801
0.571000	-43.326199
0.572000	-43.240898
0.573000	-43.070202
0.574000	-42.899502
0.575000	-42.558102
0.576000	-42.046001
0.577000	-41.576500
0.578000	-40.765701
0.579000	-40.040199
0.580000	-39.357399
0.581000	-38.333199
0.582000	-37.522301
0.583000	-36.882198
0.584000	-35.900600
0.585000	-35.089802
0.586000	-34.791100
0.587000	-34.193600
0.588000	-33.425400
0.589000	-32.913300
0.590000	-32.273201
0.591000	-31.931801
0.592000	-31.504999
0.593000	-31.163601
0.594000	-31.462400
0.595000	-31.206301
0.596000	-30.694201
0.597000	-30.950300
0.598000	-30.438101
0.599000	-29.413900
0.600000	-28.944500
