0.000000	0.000000
-9.380000	-1.034530
-9.390000	-1.034530
-9.380000	-1.034530
-9.450000	-0.735799
-9.680000	0.885881
-10.140000	0.885881
-10.750000	-0.906502
-11.550000	-1.760020
-12.330000	-4.661970
-13.130000	-7.905330
-13.780000	-10.167100
-14.280000	-10.337800
-14.780000	-10.295200
-15.280000	-10.935300
-15.690000	-11.532800
-16.100000	-12.386300
-16.400000	-13.538500
-16.770000	-14.349400
-17.110001	-14.477400
-17.400000	-14.605400
-17.400000	-15.032200
-17.940001	-13.965300
-18.299999	-16.696501
-18.650000	-18.872999
-18.940001	-19.726500
-19.160000	-19.598499
-19.559999	-20.110600
-19.799999	-20.708099
-20.160000	-21.049500
-20.440001	-21.476200
-20.740000	-22.841900
-21.049999	-24.591600
-21.350000	-26.639999
-22.000000	-19.043699
-22.719999	-14.946800
-23.270000	-22.287100
-23.799999	-28.432400
-24.260000	-28.133699
-24.639999	-26.810699
-25.040001	-26.426600
-25.500000	-27.109400
-26.010000	-27.450800
-26.500000	-29.371201
-26.950001	-29.883400
-27.379999	-30.182100
-27.820000	-32.102501
-28.299999	-34.193600
-28.690001	-35.260502
-29.110001	-34.876400
-29.580000	-34.961800
-30.110001	-35.943298
-30.510000	-36.967499
-30.959999	-37.394299
-31.410000	-39.058701
-31.879999	-40.466999
-32.369999	-41.747200
-32.779999	-43.155499
-33.259998	-43.582298
-33.720001	-43.155499
-34.230000	-42.942101
-34.669998	-43.752998
-35.029999	-45.716099
-35.480000	-47.039001
-35.830002	-47.295101
-36.240002	-47.337799
-36.610001	-48.020599
-36.980000	-48.660702
-37.410000	-48.020599
-38.040001	-42.899502
-38.639999	-37.650299
-39.209999	-38.546501
-39.709999	-42.643398
-40.299999	-42.046001
-41.040001	-35.900600
-41.790001	-31.504999
-42.709999	-28.944500
