0.000000	0.553007
0.001000	0.553007
0.002000	2.164340
0.003000	-0.252656
0.004000	0.553007
0.005000	-0.252656
0.006000	0.553007
0.007000	-1.058320
0.008000	0.553007
0.009000	1.358670
0.010000	-0.252656
0.011000	-0.252656
0.012000	-1.863980
0.013000	-3.475310
0.014000	-5.892310
0.015000	-5.892310
0.016000	-9.114960
0.017000	-11.532000
0.018000	-10.726300
0.019000	-13.948900
0.020000	-13.948900
0.021000	-12.337600
0.022000	-10.726300
0.023000	-6.697970
0.024000	-2.669650
0.025000	0.553007
0.026000	2.164340
0.027000	3.775660
0.028000	3.775660
0.029000	6.192660
0.030000	5.386990
0.031000	4.581330
0.032000	4.581330
0.033000	-1.058320
0.034000	-1.863980
0.035000	-4.280980
0.036000	-6.697970
0.037000	-8.309300
0.038000	-8.309300
0.039000	-8.309300
0.040000	-6.697970
0.041000	-3.475310
0.042000	-1.863980
0.043000	-0.252656
0.044000	1.358670
0.045000	0.553007
0.046000	1.358670
0.047000	-1.058320
0.048000	-1.863980
0.049000	-2.669650
0.050000	-2.669650
0.051000	-0.252656
0.052000	-0.252656
0.053000	1.358670
0.054000	2.164340
0.055000	4.581330
0.056000	3.775660
0.057000	4.581330
0.058000	2.970000
0.059000	2.164340
0.060000	1.358670
0.061000	0.553007
0.062000	1.358670
0.063000	0.553007
0.064000	-0.252656
0.065000	-0.252656
0.066000	-1.058320
0.067000	-1.058320
0.068000	-1.863980
0.069000	-1.863980
0.070000	-1.863980
0.071000	-1.058320
0.072000	0.553007
0.073000	1.358670
0.074000	2.970000
0.075000	1.358670
0.076000	2.970000
0.077000	2.970000
0.078000	3.775660
0.079000	3.775660
0.080000	3.775660
0.081000	3.775660
0.082000	2.970000
0.083000	2.970000
0.084000	2.970000
0.085000	2.164340
0.086000	1.358670
0.087000	-0.252656
0.088000	-0.252656
0.089000	-1.058320
0.090000	-1.863980
0.091000	-2.669650
0.092000	-2.669650
0.093000	-3.475310
0.094000	-5.892310
0.095000	-8.309300
0.096000	-10.726300
0.097000	-10.726300
0.098000	-5.086640
0.099000	1.358670
0.100000	6.998320
0.101000	11.026600
0.102000	11.026600
0.103000	14.249300
0.104000	12.638000
0.105000	12.638000
0.106000	15.860600
0.107000	15.055000
0.108000	15.860600
0.109000	13.443600
0.110000	7.803980
0.111000	5.386990
0.112000	2.970000
0.113000	-0.252656
0.114000	0.553007
0.115000	-0.252656
0.116000	-0.252656
0.117000	-0.252656
0.118000	-1.058320
0.119000	-1.863980
0.120000	-1.058320
0.121000	-0.252656
0.122000	-0.252656
0.123000	-1.863980
0.124000	-1.058320
0.125000	-0.252656
0.126000	-1.058320
0.127000	-1.863980
0.128000	-3.475310
0.129000	-3.475310
0.130000	-3.475310
0.131000	-1.863980
0.132000	-1.058320
0.133000	-0.252656
0.134000	0.553007
0.135000	1.358670
0.136000	1.358670
0.137000	2.970000
0.138000	2.970000
0.139000	2.164340
0.140000	5.386990
0.141000	4.581330
0.142000	6.192660
0.143000	6.192660
0.144000	5.386990
0.145000	4.581330
0.146000	6.998320
0.147000	7.803980
0.148000	7.803980
0.149000	6.998320
0.150000	4.581330
0.151000	2.970000
0.152000	11.832300
0.153000	11.026600
0.154000	-4.280980
0.155000	-10.726300
0.156000	-12.337600
0.157000	-17.171600
0.158000	-6.697970
0.159000	3.775660
0.160000	-1.863980
0.161000	-1.863980
0.162000	-1.863980
0.163000	-6.697970
0.164000	-3.475310
0.165000	-0.252656
0.166000	-0.252656
0.167000	6.192660
0.168000	7.803980
0.169000	0.553007
0.170000	0.553007
0.171000	-1.863980
