-0.500000	-0.369802
-0.499000	-0.369802
-0.498000	-0.369802
-0.497000	-0.369802
-0.496000	-0.369802
-0.495000	-0.369802
-0.494000	-0.369802
-0.493000	-0.369802
-0.492000	-0.369802
-0.491000	-0.369802
-0.490000	-0.369802
-0.489000	-0.387730
-0.488000	-0.369802
-0.487000	-0.369802
-0.486000	-0.387730
-0.485000	-0.369802
-0.484000	-0.387730
-0.483000	-0.387730
-0.482000	-0.387730
-0.481000	-0.369802
-0.480000	-0.369802
-0.479000	-0.369802
-0.478000	-0.369802
-0.477000	-0.369802
-0.476000	-0.387730
-0.475000	-0.369802
-0.474000	-0.369802
-0.473000	-0.369802
-0.472000	-0.387730
-0.471000	-0.369802
-0.470000	-0.369802
-0.469000	-0.369802
-0.468000	-0.369802
-0.467000	-0.369802
-0.466000	-0.369802
-0.465000	-0.369802
-0.464000	-0.369802
-0.463000	-0.369802
-0.462000	-0.369802
-0.461000	-0.369802
-0.460000	-0.369802
-0.459000	-0.369802
-0.458000	-0.387730
-0.457000	-0.369802
-0.456000	-0.369802
-0.455000	-0.369802
-0.454000	-0.387730
-0.453000	-0.387730
-0.452000	-0.369802
-0.451000	-0.369802
-0.450000	-0.369802
-0.449000	-0.387730
-0.448000	-0.369802
-0.447000	-0.369802
-0.446000	-0.369802
-0.445000	-0.369802
-0.444000	-0.369802
-0.443000	-0.369802
-0.442000	-0.387730
-0.441000	-0.369802
-0.440000	-0.369802
-0.439000	-0.369802
-0.438000	-0.387730
-0.437000	-0.369802
-0.436000	-0.369802
-0.435000	-0.369802
-0.434000	-0.387730
-0.433000	-0.369802
-0.432000	-0.369802
-0.431000	-0.369802
-0.430000	-0.369802
-0.429000	-0.387730
-0.428000	-0.369802
-0.427000	-0.369802
-0.426000	-0.369802
-0.425000	-0.369802
-0.424000	-0.369802
-0.423000	-0.351837
-0.422000	-0.387730
-0.421000	-0.369802
-0.420000	-0.369802
-0.419000	-0.387730
-0.418000	-0.369802
-0.417000	-0.369802
-0.416000	-0.369802
-0.415000	-0.387730
-0.414000	-0.369802
-0.413000	-0.387730
-0.412000	-0.387730
-0.411000	-0.369802
-0.410000	-0.369802
-0.409000	-0.369802
-0.408000	-0.369802
-0.407000	-0.387730
-0.406000	-0.387730
-0.405000	-0.369802
-0.404000	-0.369802
-0.403000	-0.387730
-0.402000	-0.387730
-0.401000	-0.369802
-0.400000	-0.369802
-0.399000	-0.369802
-0.398000	-0.387730
-0.397000	-0.369802
-0.396000	-0.369802
-0.395000	-0.369802
-0.394000	-0.369802
-0.393000	-0.369802
-0.392000	-0.387730
-0.391000	-0.369802
-0.390000	-0.369802
-0.389000	-0.387730
-0.388000	-0.369802
-0.387000	-0.369802
-0.386000	-0.369802
-0.385000	-0.369802
-0.384000	-0.351837
-0.383000	-0.369802
-0.382000	-0.369802
-0.381000	-0.369802
-0.380000	-0.369802
-0.379000	-0.369802
-0.378000	-0.369802
-0.377000	-0.369802
-0.376000	-0.369802
-0.375000	-0.369802
-0.374000	-0.369802
-0.373000	-0.369802
-0.372000	-0.387730
-0.371000	-0.369802
-0.370000	-0.387730
-0.369000	-0.369802
-0.368000	-0.369802
-0.367000	-0.369802
-0.366000	-0.369802
-0.365000	-0.369802
-0.364000	-0.369802
-0.363000	-0.369802
-0.362000	-0.369802
-0.361000	-0.369802
-0.360000	-0.369802
-0.359000	-0.369802
-0.358000	-0.387730
-0.357000	-0.369802
-0.356000	-0.369802
-0.355000	-0.369802
-0.354000	-0.369802
-0.353000	-0.369802
-0.352000	-0.369802
-0.351000	-0.369802
-0.350000	-0.369802
-0.349000	-0.351837
-0.348000	-0.369802
-0.347000	-0.369802
-0.346000	-0.369802
-0.345000	-0.369802
-0.344000	-0.369802
-0.343000	-0.369802
-0.342000	-0.387730
-0.341000	-0.387730
-0.340000	-0.369802
-0.339000	-0.369802
-0.338000	-0.369802
-0.337000	-0.387730
-0.336000	-0.387730
-0.335000	-0.369802
-0.334000	-0.369802
-0.333000	-0.369802
-0.332000	-0.369802
-0.331000	-0.369802
-0.330000	-0.369802
-0.329000	-0.387730
-0.328000	-0.369802
-0.327000	-0.369802
-0.326000	-0.387730
-0.325000	-0.369802
-0.324000	-0.387730
-0.323000	-0.369802
-0.322000	-0.369802
-0.321000	-0.369802
-0.320000	-0.369802
-0.319000	-0.369802
-0.318000	-0.369802
-0.317000	-0.351837
-0.316000	-0.369802
-0.315000	-0.369802
-0.314000	-0.369802
-0.313000	-0.369802
-0.312000	-0.369802
-0.311000	-0.369802
-0.310000	-0.369802
-0.309000	-0.369802
-0.308000	-0.369802
-0.307000	-0.369802
-0.306000	-0.351837
-0.305000	-0.369802
-0.304000	-0.387730
-0.303000	-0.369802
-0.302000	-0.369802
-0.301000	-0.387730
-0.300000	-0.387730
-0.299000	-0.369802
-0.298000	-0.369802
-0.297000	-0.369802
-0.296000	-0.369802
-0.295000	-0.369802
-0.294000	-0.387730
-0.293000	-0.369802
-0.292000	-0.369802
-0.291000	-0.387730
-0.290000	-0.369802
-0.289000	-0.387730
-0.288000	-0.387730
-0.287000	-0.369802
-0.286000	-0.387730
-0.285000	-0.369802
-0.284000	-0.387730
-0.283000	-0.369802
-0.282000	-0.369802
-0.281000	-0.369802
-0.280000	-0.369802
-0.279000	-0.369802
-0.278000	-0.369802
-0.277000	-0.369802
-0.276000	-0.369802
-0.275000	-0.387730
-0.274000	-0.369802
-0.273000	-0.369802
-0.272000	-0.387730
-0.271000	-0.387730
-0.270000	-0.387730
-0.269000	-0.369802
-0.268000	-0.387730
-0.267000	-0.369802
-0.266000	-0.369802
-0.265000	-0.369802
-0.264000	-0.387730
-0.263000	-0.369802
-0.262000	-0.369802
-0.261000	-0.369802
-0.260000	-0.387730
-0.259000	-0.369802
-0.258000	-0.387730
-0.257000	-0.369802
-0.256000	-0.369802
-0.255000	-0.369802
-0.254000	-0.387730
-0.253000	-0.369802
-0.252000	-0.369802
-0.251000	-0.369802
-0.250000	-0.369802
-0.249000	-0.369802
-0.248000	-0.369802
-0.247000	-0.369802
-0.246000	-0.387730
-0.245000	-0.369802
-0.244000	-0.369802
-0.243000	-0.387730
-0.242000	-0.351837
-0.241000	-0.369802
-0.240000	-0.369802
-0.239000	-0.369802
-0.238000	-0.369802
-0.237000	-0.369802
-0.236000	-0.369802
-0.235000	-0.369802
-0.234000	-0.369802
-0.233000	-0.369802
-0.232000	-0.387730
-0.231000	-0.369802
-0.230000	-0.369802
-0.229000	-0.369802
-0.228000	-0.387730
-0.227000	-0.369802
-0.226000	-0.369802
-0.225000	-0.369802
-0.224000	-0.369802
-0.223000	-0.387730
-0.222000	-0.369802
-0.221000	-0.369802
-0.220000	-0.369802
-0.219000	-0.369802
-0.218000	-0.369802
-0.217000	-0.369802
-0.216000	-0.387730
-0.215000	-0.369802
-0.214000	-0.369802
-0.213000	-0.369802
-0.212000	-0.369802
-0.211000	-0.369802
-0.210000	-0.369802
-0.209000	-0.369802
-0.208000	-0.369802
-0.207000	-0.387730
-0.206000	-0.387730
-0.205000	-0.387730
-0.204000	-0.369802
-0.203000	-0.369802
-0.202000	-0.387730
-0.201000	-0.369802
-0.200000	-0.369802
-0.199000	-0.369802
-0.198000	-0.369802
-0.197000	-0.369802
-0.196000	-0.369802
-0.195000	-0.369802
-0.194000	-0.369802
-0.193000	-0.387730
-0.192000	-0.369802
-0.191000	-0.369802
-0.190000	-0.387730
-0.189000	-0.369802
-0.188000	-0.369802
-0.187000	-0.369802
-0.186000	-0.369802
-0.185000	-0.387730
-0.184000	-0.387730
-0.183000	-0.387730
-0.182000	-0.369802
-0.181000	-0.387730
-0.180000	-0.387730
-0.179000	-0.387730
-0.178000	-0.387730
-0.177000	-0.387730
-0.176000	-0.369802
-0.175000	-0.369802
-0.174000	-0.369802
-0.173000	-0.387730
-0.172000	-0.387730
-0.171000	-0.369802
-0.170000	-0.369802
-0.169000	-0.387730
-0.168000	-0.369802
-0.167000	-0.369802
-0.166000	-0.369802
-0.165000	-0.369802
-0.164000	-0.369802
-0.163000	-0.369802
-0.162000	-0.369802
-0.161000	-0.387730
-0.160000	-0.369802
-0.159000	-0.369802
-0.158000	-0.369802
-0.157000	-0.387730
-0.156000	-0.369802
-0.155000	-0.369802
-0.154000	-0.387730
-0.153000	-0.387730
-0.152000	-0.387730
-0.151000	-0.369802
-0.150000	-0.369802
-0.149000	-0.369802
-0.148000	-0.387730
-0.147000	-0.387730
-0.146000	-0.369802
-0.145000	-0.369802
-0.144000	-0.369802
-0.143000	-0.387730
-0.142000	-0.387730
-0.141000	-0.387730
-0.140000	-0.369802
-0.139000	-0.387730
-0.138000	-0.387730
-0.137000	-0.369802
-0.136000	-0.369802
-0.135000	-0.387730
-0.134000	-0.369802
-0.133000	-0.369802
-0.132000	-0.369802
-0.131000	-0.351837
-0.130000	-0.369802
-0.129000	-0.369802
-0.128000	-0.369802
-0.127000	-0.369802
-0.126000	-0.369802
-0.125000	-0.369802
-0.124000	-0.369802
-0.123000	-0.369802
-0.122000	-0.369802
-0.121000	-0.387730
-0.120000	-0.369802
-0.119000	-0.369802
-0.118000	-0.387730
-0.117000	-0.369802
-0.116000	-0.387730
-0.115000	-0.369802
-0.114000	-0.387730
-0.113000	-0.369802
-0.112000	-0.369802
-0.111000	-0.369802
-0.110000	-0.387730
-0.109000	-0.387730
-0.108000	-0.387730
-0.107000	-0.369802
-0.106000	-0.387730
-0.105000	-0.369802
-0.104000	-0.387730
-0.103000	-0.387730
-0.102000	-0.387730
-0.101000	-0.369802
-0.100000	-0.369802
-0.099000	-0.369802
-0.098000	-0.387730
-0.097000	-0.369802
-0.096000	-0.351837
-0.095000	-0.351837
-0.094000	-0.369802
-0.093000	-0.369802
-0.092000	-0.369802
-0.091000	-0.387730
-0.090000	-0.369802
-0.089000	-0.387730
-0.088000	-0.387730
-0.087000	-0.369802
-0.086000	-0.369802
-0.085000	-0.369802
-0.084000	-0.387730
-0.083000	-0.369802
-0.082000	-0.369802
-0.081000	-0.369802
-0.080000	-0.369802
-0.079000	-0.369802
-0.078000	-0.387730
-0.077000	-0.387730
-0.076000	-0.369802
-0.075000	-0.369802
-0.074000	-0.369802
-0.073000	-0.369802
-0.072000	-0.369802
-0.071000	-0.405658
-0.070000	-0.387730
-0.069000	-0.369802
-0.068000	-0.369802
-0.067000	-0.387730
-0.066000	-0.387730
-0.065000	-0.369802
-0.064000	-0.387730
-0.063000	-0.369802
-0.062000	-0.369802
-0.061000	-0.369802
-0.060000	-0.369802
-0.059000	-0.369802
-0.058000	-0.405658
-0.057000	-0.369802
-0.056000	-0.369802
-0.055000	-0.369802
-0.054000	-0.369802
-0.053000	-0.369802
-0.052000	-0.387730
-0.051000	-0.387730
-0.050000	-0.369802
-0.049000	-0.369802
-0.048000	-0.369802
-0.047000	-0.387730
-0.046000	-0.369802
-0.045000	-0.387730
-0.044000	-0.387730
-0.043000	-0.387730
-0.042000	-0.369802
-0.041000	-0.387730
-0.040000	-0.369802
-0.039000	-0.369802
-0.038000	-0.387730
-0.037000	-0.369802
-0.036000	-0.369802
-0.035000	-0.387730
-0.034000	-0.387730
-0.033000	-0.387730
-0.032000	-0.405658
-0.031000	-0.369802
-0.030000	-0.369802
-0.029000	-0.369802
-0.028000	-0.351837
-0.027000	-0.262160
-0.026000	-0.136591
-0.025000	0.060727
-0.024000	0.276010
-0.023000	0.437436
-0.022000	0.545077
-0.021000	0.598898
-0.020000	0.580933
-0.019000	0.563005
-0.018000	0.527113
-0.017000	0.527113
-0.016000	0.491257
-0.015000	0.473329
-0.014000	0.509185
-0.013000	0.527113
-0.012000	0.563005
-0.011000	0.580933
-0.010000	0.545077
-0.009000	0.491257
-0.008000	0.365687
-0.007000	0.240118
-0.006000	0.078655
-0.005000	-0.082770
-0.004000	-0.226267
-0.003000	-0.369802
-0.002000	-0.513299
-0.001000	-0.710617
0.000000	-0.872080
0.001000	-1.123180
0.002000	-1.338460
0.003000	-1.589600
0.004000	-1.858670
0.005000	-2.199490
0.006000	-2.558270
0.007000	-2.934970
0.008000	-3.311680
0.009000	-3.760140
0.010000	-4.208600
0.011000	-4.728800
0.012000	-5.123440
0.013000	-5.446330
0.014000	-5.536040
0.015000	-5.625720
0.016000	-5.661610
0.017000	-5.894780
0.018000	-6.128000
0.019000	-6.576450
0.020000	-7.114590
0.021000	-7.581010
0.022000	-8.101210
0.023000	-8.388210
0.024000	-8.531740
0.025000	-8.406170
0.026000	-7.903900
0.027000	-7.652760
0.028000	-6.989020
0.029000	-6.953160
0.030000	-7.006980
0.031000	-8.172960
0.032000	-9.033980
0.033000	-10.558700
0.034000	-10.684300
0.035000	-10.522900
0.036000	-9.500410
0.037000	-8.370280
0.038000	-7.975640
0.039000	-7.778330
0.040000	-8.101210
0.041000	-8.477920
0.042000	-8.477920
0.043000	-8.657310
0.044000	-8.693170
0.045000	-8.818740
0.046000	-8.854630
0.047000	-8.657310
0.048000	-8.244710
0.049000	-7.742430
0.050000	-7.509260
0.051000	-7.455440
0.052000	-7.885930
0.053000	-8.513780
0.054000	-9.141630
0.055000	-9.661830
0.056000	-9.948860
0.057000	-10.110300
0.058000	-10.271800
0.059000	-10.397300
0.060000	-10.594600
0.061000	-10.702300
0.062000	-10.953400
0.063000	-11.204600
0.064000	-11.635100
0.065000	-12.083500
0.066000	-12.585800
0.067000	-13.052200
0.068000	-13.321300
0.069000	-13.536500
0.070000	-13.608300
0.071000	-13.626200
0.072000	-13.715900
0.073000	-13.751800
0.074000	-13.913200
0.075000	-14.038800
0.076000	-14.218200
0.077000	-14.361700
0.078000	-14.469300
0.079000	-14.541100
0.080000	-14.576900
0.081000	-14.576900
0.082000	-14.594900
0.083000	-14.612800
0.084000	-14.648700
0.085000	-14.720500
0.086000	-13.949100
0.087000	-12.944600
0.088000	-12.334600
0.089000	-11.653000
0.090000	-11.168700
0.091000	-11.258300
0.092000	-11.240400
0.093000	-12.047700
0.094000	-13.034200
0.095000	-14.146400
0.096000	-14.272000
0.097000	-14.128500
0.098000	-12.585800
0.099000	-11.706800
0.100000	-10.666400
0.101000	-10.020600
0.102000	-10.253800
0.103000	-10.576700
0.104000	-11.814400
0.105000	-13.375100
0.106000	-14.864000
0.107000	-16.011999
0.108000	-16.299000
0.109000	-15.581500
0.110000	-15.007500
0.111000	-14.074700
0.112000	-13.967000
0.113000	-14.272000
0.114000	-14.774200
0.115000	-15.635300
0.116000	-16.657801
0.117000	-17.465000
0.118000	-18.308100
0.119000	-18.326099
0.120000	-17.931400
0.121000	-17.016600
0.122000	-16.209299
0.123000	-15.707100
0.124000	-15.384200
0.125000	-15.760900
0.126000	-16.155500
0.127000	-16.765400
0.128000	-17.447100
0.129000	-17.608500
0.130000	-17.734100
0.131000	-17.070400
0.132000	-16.568100
0.133000	-15.832600
0.134000	-15.384200
0.135000	-15.330300
0.136000	-15.222700
0.137000	-15.581500
0.138000	-15.940300
0.139000	-16.370800
0.140000	-16.621901
0.141000	-16.765400
0.142000	-16.209299
0.143000	-15.958200
0.144000	-15.402100
0.145000	-14.953600
0.146000	-14.864000
0.147000	-14.774200
0.148000	-14.971600
0.149000	-15.491800
0.150000	-15.868500
0.151000	-16.478399
0.152000	-16.514299
0.153000	-16.604000
0.154000	-16.424601
0.155000	-16.281099
0.156000	-16.245199
0.157000	-16.245199
0.158000	-16.442499
0.159000	-16.639900
0.160000	-16.908899
0.161000	-17.321501
0.162000	-17.554701
0.163000	-17.734100
0.164000	-17.680300
0.165000	-17.590599
0.166000	-17.249701
0.167000	-17.070400
0.168000	-16.855101
0.169000	-16.711599
0.170000	-16.837200
0.171000	-16.908899
0.172000	-16.998600
0.173000	-17.052401
0.174000	-17.124201
0.175000	-16.944799
0.176000	-16.855101
0.177000	-16.729500
0.178000	-16.693701
0.179000	-16.496300
0.180000	-16.478399
0.181000	-16.532200
0.182000	-16.693701
0.183000	-16.872999
0.184000	-18.039101
0.185000	-16.191401
0.186000	-15.276500
0.187000	-15.707100
0.188000	-12.585800
0.189000	-14.523100
0.190000	-14.989500
0.191000	-15.581500
0.192000	-17.303600
0.193000	-16.891001
0.194000	-16.962799
0.195000	-16.962799
0.196000	-16.370800
0.197000	-15.671200
0.198000	-15.402100
0.199000	-14.343800
0.200000	-14.433400
0.201000	-14.828100
0.202000	-15.707100
0.203000	-16.478399
0.204000	-16.604000
0.205000	-16.568100
0.206000	-15.994100
0.207000	-15.276500
0.208000	-14.828100
0.209000	-14.379600
0.210000	-14.272000
0.211000	-14.182300
0.212000	-14.236100
0.213000	-15.348300
0.214000	-12.675500
0.215000	-14.415500
0.216000	-12.621700
0.217000	-10.684300
0.218000	-11.581200
0.219000	-9.984720
0.220000	-10.558700
0.221000	-10.594600
0.222000	-9.482480
0.223000	-10.128300
0.224000	-9.769470
0.225000	-10.200000
0.226000	-10.630500
0.227000	-10.271800
0.228000	-10.002700
0.229000	-10.128300
0.230000	-9.410690
0.231000	-9.769470
0.232000	-8.890490
0.233000	-8.693170
0.234000	-7.509260
0.235000	-7.311900
0.236000	-7.132550
0.237000	-6.450880
0.238000	-6.594380
0.239000	-6.128000
0.240000	-5.948610
0.241000	-5.966530
0.242000	-5.697470
0.243000	-6.145920
0.244000	-6.038320
0.245000	-5.751290
0.246000	-5.320760
0.247000	-4.674980
0.248000	-4.567340
0.249000	-4.172700
0.250000	-4.154780
0.251000	-4.208600
0.252000	-4.280350
0.253000	-4.387990
0.254000	-4.477660
0.255000	-4.441770
0.256000	-4.674980
0.257000	-4.908190
0.258000	-5.231080
0.259000	-5.858930
0.260000	-6.271490
0.261000	-6.540560
0.262000	-6.612350
0.263000	-6.558520
0.264000	-6.576450
0.265000	-6.343240
0.266000	-6.504700
0.267000	-6.199740
0.268000	-6.199740
0.269000	-6.074170
0.270000	-5.536040
0.271000	-5.249010
0.272000	-5.105510
0.273000	-4.890270
0.274000	-4.890270
0.275000	-4.728800
0.276000	-4.531490
0.277000	-4.352090
0.278000	-4.423840
0.279000	-4.298270
0.280000	-4.316240
0.281000	-4.190670
0.282000	-3.975390
0.283000	-3.867750
0.284000	-3.580750
0.285000	-3.168190
0.286000	-2.827330
0.287000	-2.343020
0.288000	-2.127740
0.289000	-1.894560
0.290000	-1.822780
0.291000	-1.751030
0.292000	-1.643420
0.293000	-1.374320
0.294000	-1.159070
0.295000	-0.943828
0.296000	-0.764438
0.297000	-0.531227
0.298000	-0.298053
0.299000	0.042799
0.300000	0.293938
0.301000	0.401543
0.302000	0.724467
0.303000	1.011460
0.304000	1.226710
0.305000	1.388170
0.306000	1.208780
0.307000	1.119100
0.308000	1.029390
0.309000	0.957642
0.310000	0.993534
0.311000	0.993534
0.312000	0.975570
0.313000	0.939714
0.314000	0.903821
0.315000	0.832072
0.316000	0.760323
0.317000	0.742395
0.318000	0.580933
0.319000	0.401543
0.320000	0.311866
0.321000	0.204225
0.322000	0.078655
0.323000	-0.028949
0.324000	-0.028949
0.325000	-0.262160
0.326000	-0.262160
0.327000	-0.405658
0.328000	-0.369802
0.329000	-0.280088
0.330000	-0.226267
0.331000	-0.136591
0.332000	-0.154519
0.333000	-0.190411
0.334000	-0.244232
0.335000	-0.315981
0.336000	-0.315981
0.337000	-0.405658
0.338000	-0.280088
0.339000	-0.226267
0.340000	-0.118663
0.341000	-0.226267
0.342000	-0.387730
0.343000	-0.405658
0.344000	-0.405658
0.345000	-0.244232
0.346000	-0.136591
0.347000	-0.028949
0.348000	0.024871
0.349000	0.024871
0.350000	0.078655
0.351000	0.006907
0.352000	0.078655
0.353000	0.114548
0.354000	0.168369
0.355000	0.258046
0.356000	0.419508
0.357000	0.509185
0.358000	0.580933
0.359000	0.545077
0.360000	0.580933
0.361000	0.850037
0.362000	1.119100
0.363000	1.567560
0.364000	1.908380
0.365000	1.962200
0.366000	1.944270
0.367000	1.782810
0.368000	1.585490
0.369000	1.513740
0.370000	1.513740
0.371000	1.639310
0.372000	1.782810
0.373000	1.639310
0.374000	1.585490
0.375000	1.621380
0.376000	1.585490
0.377000	1.872520
0.378000	1.980130
0.379000	2.105690
0.380000	1.101140
0.381000	-0.477406
0.382000	-2.934970
0.383000	-5.249010
0.384000	-6.594380
0.385000	-6.594380
0.386000	-5.177260
0.387000	-3.293720
0.388000	-0.136591
0.389000	3.379320
0.390000	6.877300
0.391000	9.227220
0.392000	9.693610
0.393000	8.635270
0.394000	6.159770
0.395000	4.437690
0.396000	3.056430
0.397000	2.912930
0.398000	3.379320
0.399000	3.666350
0.400000	4.043060
0.401000	3.433140
0.402000	3.128180
0.403000	2.607970
0.404000	2.984680
0.405000	3.648380
0.406000	4.312120
0.407000	4.957900
0.408000	4.796440
0.409000	4.599120
0.410000	4.186550
0.411000	3.594600
0.412000	3.325500
0.413000	2.590040
0.414000	2.213340
0.415000	1.621380
0.416000	1.208780
0.417000	0.957642
0.418000	0.580933
0.419000	0.365687
0.420000	0.634754
0.421000	1.065280
0.422000	1.639310
0.423000	2.303010
0.424000	2.769430
0.425000	3.164070
0.426000	3.146140
0.427000	3.379320
0.428000	3.289640
0.429000	3.415210
0.430000	3.540780
0.431000	3.594600
0.432000	3.612530
0.433000	3.469030
0.434000	3.469030
0.435000	3.433140
0.436000	3.361390
0.437000	3.469030
0.438000	3.146140
0.439000	3.146140
0.440000	3.056430
0.441000	3.038500
0.442000	2.805290
0.443000	2.536220
0.444000	2.320980
0.445000	1.998090
0.446000	1.998090
0.447000	1.782810
0.448000	1.675170
0.449000	1.226710
0.450000	0.903821
0.451000	0.796216
0.452000	0.921786
0.453000	1.172920
0.454000	1.531670
0.455000	1.818700
0.456000	1.854560
0.457000	1.926300
0.458000	1.836630
0.459000	1.836630
0.460000	1.890450
0.461000	1.944270
0.462000	2.338910
0.463000	2.410650
0.464000	2.356830
0.465000	2.231260
0.466000	2.033950
0.467000	1.854560
0.468000	1.746950
0.469000	1.711060
0.470000	1.639310
0.471000	1.495810
0.472000	1.406100
0.473000	1.226710
0.474000	1.101140
0.475000	0.867965
0.476000	0.832072
0.477000	0.867965
0.478000	0.706503
0.479000	0.742395
0.480000	0.706503
0.481000	0.688575
0.482000	0.724467
0.483000	0.652682
0.484000	0.724467
0.485000	0.778251
0.486000	0.742395
0.487000	1.029390
0.488000	1.119100
0.489000	1.298490
0.490000	1.388170
0.491000	1.280530
0.492000	1.513740
0.493000	1.388170
0.494000	1.639310
0.495000	1.657240
0.496000	1.728990
0.497000	1.746950
0.498000	1.531670
0.499000	1.495810
0.500000	1.101140
0.501000	1.047360
0.502000	0.814144
0.503000	0.688575
0.504000	0.814144
0.505000	0.509185
0.506000	0.580933
0.507000	0.527113
0.508000	0.419508
0.509000	0.598898
0.510000	0.473329
0.511000	0.491257
0.512000	0.527113
0.513000	0.240118
0.514000	0.383615
0.515000	0.168369
0.516000	0.186297
0.517000	0.204225
0.518000	0.096620
0.519000	0.258046
0.520000	0.276010
0.521000	0.329794
0.522000	0.545077
0.523000	0.527113
0.524000	0.634754
0.525000	0.598898
0.526000	0.473329
0.527000	0.509185
0.528000	0.276010
0.529000	0.132476
0.530000	0.132476
0.531000	-0.118663
0.532000	0.006907
0.533000	-0.262160
0.534000	-0.280088
0.535000	-0.298053
0.536000	-0.477406
0.537000	-0.333909
0.538000	-0.585048
0.539000	-0.549155
0.540000	-0.620941
0.541000	-0.674725
0.542000	-0.764438
0.543000	-0.872080
0.544000	-0.979684
0.545000	-0.961756
0.546000	-1.069400
0.547000	-0.836187
0.548000	-0.997612
0.549000	-0.764438
0.550000	-0.872080
0.551000	-0.746510
0.552000	-0.764438
0.553000	-0.925864
0.554000	-0.907936
0.555000	-1.194970
0.556000	-1.212900
0.557000	-1.194970
0.558000	-1.446110
0.559000	-1.428140
0.560000	-1.625460
0.561000	-1.804850
0.562000	-1.733100
0.563000	-2.002170
0.564000	-1.912490
0.565000	-2.055990
0.566000	-2.091880
0.567000	-1.930420
0.568000	-2.127740
0.569000	-2.109810
0.570000	-2.217450
0.571000	-2.504450
0.572000	-2.486520
0.573000	-2.737660
0.574000	-2.665910
0.575000	-2.719690
0.576000	-2.737660
0.577000	-2.612090
0.578000	-2.594160
0.579000	-2.378880
0.580000	-2.091880
0.581000	-1.984240
0.582000	-1.858670
0.583000	-2.020130
0.584000	-2.217450
0.585000	-2.450630
0.586000	-2.665910
0.587000	-2.737660
0.588000	-2.755580
0.589000	-2.630020
0.590000	-2.612090
0.591000	-2.665910
0.592000	-2.683840
0.593000	-2.719690
0.594000	-2.737660
0.595000	-2.396800
0.596000	-2.450630
0.597000	-2.235380
0.598000	-2.343020
0.599000	-2.486520
0.600000	-2.701760
0.601000	-2.845260
0.602000	-2.952900
0.603000	-2.917050
0.604000	-2.701760
0.605000	-2.755580
0.606000	-2.540340
0.607000	-2.665910
0.608000	-2.791480
0.609000	-2.737660
0.610000	-2.827330
0.611000	-2.558270
0.612000	-2.396800
0.613000	-2.360950
0.614000	-2.235380
0.615000	-2.360950
0.616000	-2.522370
0.617000	-2.594160
0.618000	-2.809410
0.619000	-2.737660
0.620000	-2.612090
0.621000	-2.791480
0.622000	-2.737660
0.623000	-2.881150
0.624000	-2.988800
0.625000	-3.024650
0.626000	-3.006720
0.627000	-2.917050
0.628000	-2.809410
0.629000	-2.845260
0.630000	-2.845260
0.631000	-3.060540
0.632000	-3.114370
0.633000	-3.204040
0.634000	-3.150220
0.635000	-3.221970
0.636000	-3.060540
0.637000	-3.132290
0.638000	-2.952900
0.639000	-2.952900
0.640000	-2.827330
0.641000	-2.773510
0.642000	-2.827330
0.643000	-2.809410
0.644000	-2.863230
0.645000	-2.755580
0.646000	-2.809410
0.647000	-2.881150
0.648000	-2.988800
0.649000	-3.114370
0.650000	-3.221970
0.651000	-3.204040
0.652000	-3.204040
0.653000	-3.168190
0.654000	-3.455180
0.655000	-3.419290
0.656000	-3.455180
0.657000	-3.401360
0.658000	-3.257860
0.659000	-3.239930
0.660000	-3.221970
0.661000	-3.311680
0.662000	-3.239930
0.663000	-3.078470
0.664000	-3.006720
0.665000	-2.845260
0.666000	-3.078470
0.667000	-2.988800
0.668000	-3.168190
0.669000	-3.168190
0.670000	-3.168190
0.671000	-3.239930
0.672000	-3.275790
0.673000	-3.311680
0.674000	-2.952900
0.675000	-2.934970
0.676000	-2.540340
0.677000	-2.827330
0.678000	-3.078470
0.679000	-3.132290
0.680000	-3.257860
0.681000	-3.132290
0.682000	-3.275790
0.683000	-3.383430
0.684000	-3.275790
0.685000	-3.204040
0.686000	-3.042620
0.687000	-3.275790
0.688000	-3.437250
0.689000	-3.724250
0.690000	-3.634570
0.691000	-3.221970
0.692000	-2.809410
0.693000	-2.522370
0.694000	-2.360950
0.695000	-2.414770
0.696000	-2.414770
0.697000	-2.271230
0.698000	-2.055990
0.699000	-1.822780
0.700000	-1.697210
0.701000	-1.661350
0.702000	-1.984240
0.703000	-2.343020
0.704000	-3.024650
0.705000	-3.365500
0.706000	-3.419290
0.707000	-3.078470
0.708000	-2.145670
0.709000	-1.464030
0.710000	-0.997612
0.711000	-0.872080
0.712000	-1.159070
0.713000	-1.159070
0.714000	-1.051430
0.715000	-0.495371
0.716000	0.347759
0.717000	1.172920
0.718000	1.639310
0.719000	1.854560
0.720000	1.639310
0.721000	1.585490
0.722000	1.495810
0.723000	1.531670
0.724000	1.998090
0.725000	1.944270
0.726000	2.285080
0.727000	1.800740
0.728000	1.477850
0.729000	1.011460
0.730000	-1.212900
0.731000	3.433140
0.732000	6.590300
0.733000	9.281050
0.734000	6.141810
0.735000	-0.925864
0.736000	-4.764700
0.737000	-8.442030
0.738000	-4.065100
0.739000	1.208780
0.740000	5.280790
0.741000	7.541000
0.742000	4.473550
0.743000	0.598898
0.744000	-4.926120
0.745000	-7.276050
0.746000	-5.159330
0.747000	-1.194970
0.748000	3.863670
0.749000	5.675420
0.750000	4.312120
0.751000	0.563005
0.752000	-3.652500
0.753000	-6.002430
0.754000	-5.607790
0.755000	-1.858670
0.756000	2.643870
0.757000	5.209040
0.758000	4.850260
0.759000	1.657240
0.760000	-2.199490
0.761000	-4.334170
0.762000	-3.885710
0.763000	-1.356390
0.764000	2.338910
0.765000	4.796440
0.766000	5.047580
0.767000	2.518300
0.768000	-0.907936
0.769000	-3.598680
0.770000	-4.226530
0.771000	-1.840740
0.772000	0.293938
0.773000	3.164070
0.774000	3.845700
0.775000	2.249190
0.776000	-0.567120
0.777000	-3.849820
0.778000	-3.813960
0.779000	-3.078470
0.780000	0.132476
0.781000	1.890450
0.782000	2.446550
0.783000	1.603420
0.784000	-0.567120
0.785000	-2.145670
0.786000	-2.791480
0.787000	-1.822780
0.788000	0.293938
0.789000	1.980130
0.790000	2.518300
0.791000	2.069840
0.792000	0.832072
0.793000	-0.764438
0.794000	-1.589600
0.795000	-1.212900
0.796000	0.114548
0.797000	1.334350
0.798000	2.285080
0.799000	1.908380
0.800000	0.311866
0.801000	-0.674725
0.802000	-1.535780
0.803000	-1.822780
0.804000	-1.051430
0.805000	0.347759
0.806000	0.993534
0.807000	1.190850
0.808000	0.096620
0.809000	-0.997612
0.810000	-1.894560
0.811000	-1.786920
0.812000	-1.320540
0.813000	-0.369802
0.814000	0.509185
0.815000	0.957642
0.816000	0.867965
0.817000	-0.046914
0.818000	-0.495371
0.819000	-0.638869
0.820000	0.311866
0.821000	0.329794
0.822000	0.670647
0.823000	0.778251
0.824000	0.652682
0.825000	0.778251
0.826000	-0.011021
0.827000	-0.298053
0.828000	-0.477406
0.829000	-0.136591
0.830000	0.545077
0.831000	0.563005
0.832000	0.957642
0.833000	0.509185
0.834000	-0.226267
0.835000	-0.746510
0.836000	-1.697210
0.837000	-0.710617
0.838000	-0.369802
0.839000	0.437436
0.840000	0.527113
0.841000	0.186297
0.842000	-0.190411
0.843000	-0.567120
0.844000	-1.123180
0.845000	0.240118
0.846000	-0.011021
0.847000	1.101140
0.848000	0.670647
0.849000	0.293938
0.850000	0.204225
0.851000	-0.298053
0.852000	-0.136591
0.853000	-0.011021
0.854000	0.078655
0.855000	0.724467
0.856000	0.527113
0.857000	0.491257
0.858000	-0.082770
0.859000	-0.495371
0.860000	-0.423586
0.861000	-0.602976
0.862000	-0.100698
0.863000	-0.082770
0.864000	0.114548
0.865000	0.168369
0.866000	-0.549155
0.867000	-0.836187
0.868000	-0.997612
0.869000	-0.746510
0.870000	-0.172484
0.871000	-0.100698
0.872000	0.419508
0.873000	0.311866
0.874000	0.276010
0.875000	-0.351837
0.876000	-0.567120
0.877000	-0.602976
0.878000	-0.046914
0.879000	0.293938
0.880000	0.455364
0.881000	0.078655
0.882000	-0.172484
0.883000	-0.226267
0.884000	-0.351837
0.885000	-0.244232
0.886000	0.401543
0.887000	0.545077
0.888000	0.778251
0.889000	0.168369
0.890000	-0.369802
0.891000	-0.549155
0.892000	-0.620941
0.893000	-0.369802
0.894000	-0.136591
0.895000	0.024871
0.896000	0.491257
0.897000	-0.046914
0.898000	-0.011021
0.899000	-0.387730
0.900000	-0.387730
0.901000	0.114548
0.902000	0.311866
0.903000	0.491257
0.904000	0.365687
0.905000	-0.011021
0.906000	-0.011021
0.907000	-0.531227
0.908000	-0.405658
0.909000	0.006907
0.910000	0.329794
0.911000	0.616826
0.912000	0.060727
0.913000	-0.046914
0.914000	0.006907
0.915000	-0.351837
0.916000	-0.082770
0.917000	0.132476
0.918000	0.491257
0.919000	0.903821
0.920000	0.258046
0.921000	-0.244232
0.922000	-0.262160
0.923000	-0.728545
0.924000	-0.387730
0.925000	-0.226267
0.926000	0.024871
0.927000	0.455364
0.928000	0.383615
0.929000	0.132476
0.930000	-0.262160
0.931000	-0.369802
0.932000	-0.208339
0.933000	0.114548
0.934000	0.096620
0.935000	0.222190
0.936000	-0.172484
0.937000	0.060727
0.938000	-0.405658
0.939000	-0.674725
0.940000	-0.315981
0.941000	0.132476
0.942000	0.347759
0.943000	0.778251
0.944000	-0.011021
0.945000	0.024871
0.946000	-0.387730
0.947000	-0.136591
0.948000	-0.154519
0.949000	0.276010
0.950000	0.347759
0.951000	0.527113
0.952000	-0.172484
0.953000	-0.226267
0.954000	-0.692689
0.955000	-0.315981
0.956000	-0.172484
0.957000	0.186297
0.958000	0.150441
0.959000	0.724467
0.960000	0.527113
0.961000	-0.136591
0.962000	-0.710617
0.963000	-0.585048
0.964000	-0.280088
0.965000	0.365687
0.966000	0.365687
0.967000	0.114548
0.968000	-0.208339
0.969000	-0.620941
0.970000	-0.764438
0.971000	-0.262160
0.972000	0.204225
0.973000	0.527113
0.974000	0.814144
0.975000	0.024871
0.976000	-0.369802
0.977000	-0.441550
0.978000	-0.208339
0.979000	0.383615
0.980000	0.024871
0.981000	0.240118
0.982000	0.150441
0.983000	0.240118
0.984000	0.276010
0.985000	0.060727
0.986000	0.276010
0.987000	0.240118
0.988000	0.204225
0.989000	0.114548
0.990000	-0.100698
0.991000	-0.064842
0.992000	0.006907
0.993000	-0.190411
0.994000	-0.244232
0.995000	-0.262160
0.996000	-0.244232
0.997000	-0.262160
0.998000	-0.351837
0.999000	-0.315981
1.000000	-0.064842
1.001000	-0.082770
1.002000	0.024871
1.003000	-0.262160
1.004000	-0.118663
1.005000	-0.064842
1.006000	-0.011021
1.007000	-0.028949
1.008000	0.006907
1.009000	0.006907
1.010000	0.006907
1.011000	-0.226267
1.012000	-0.154519
1.013000	-0.208339
1.014000	0.168369
1.015000	0.329794
1.016000	0.293938
1.017000	0.222190
1.018000	0.060727
1.019000	0.006907
1.020000	-0.118663
1.021000	-0.262160
1.022000	-0.190411
1.023000	-0.011021
1.024000	0.006907
1.025000	-0.064842
1.026000	-0.190411
1.027000	-0.028949
1.028000	0.006907
1.029000	0.006907
1.030000	-0.082770
1.031000	-0.082770
1.032000	-0.082770
1.033000	0.006907
1.034000	-0.118663
1.035000	-0.190411
1.036000	-0.262160
1.037000	0.024871
1.038000	0.096620
1.039000	-0.011021
1.040000	-0.011021
1.041000	0.024871
1.042000	0.060727
1.043000	0.186297
1.044000	0.114548
1.045000	0.042799
1.046000	-0.226267
1.047000	-0.244232
1.048000	-0.315981
1.049000	-0.154519
1.050000	0.168369
1.051000	0.293938
1.052000	0.132476
1.053000	-0.118663
1.054000	-0.333909
1.055000	-0.315981
1.056000	-0.136591
1.057000	0.024871
1.058000	0.401543
1.059000	0.258046
1.060000	0.114548
1.061000	-0.154519
1.062000	-0.172484
1.063000	-0.333909
1.064000	-0.011021
1.065000	0.024871
1.066000	0.150441
1.067000	0.258046
1.068000	0.293938
1.069000	0.006907
1.070000	-0.154519
1.071000	-0.369802
1.072000	-0.190411
1.073000	-0.028949
1.074000	0.276010
1.075000	0.365687
1.076000	0.150441
1.077000	-0.172484
1.078000	-0.549155
1.079000	-0.836187
1.080000	-0.549155
1.081000	-0.011021
1.082000	0.491257
1.083000	0.598898
1.084000	0.293938
1.085000	-0.100698
1.086000	-0.315981
1.087000	-0.495371
1.088000	-0.333909
1.089000	-0.082770
1.090000	0.096620
1.091000	0.311866
1.092000	0.078655
1.093000	-0.208339
1.094000	-0.423586
1.095000	-0.423586
1.096000	-0.208339
1.097000	0.096620
1.098000	0.491257
1.099000	0.616826
1.100000	0.491257
1.101000	0.132476
1.102000	-0.208339
1.103000	-0.387730
1.104000	-0.262160
1.105000	0.114548
1.106000	0.311866
1.107000	0.347759
1.108000	0.293938
1.109000	-0.028949
1.110000	-0.280088
1.111000	-0.405658
1.112000	-0.226267
1.113000	-0.028949
1.114000	0.204225
1.115000	0.455364
1.116000	0.383615
1.117000	-0.136591
1.118000	-0.423586
1.119000	-0.638869
1.120000	-0.477406
1.121000	-0.118663
1.122000	0.222190
1.123000	0.258046
1.124000	-0.100698
1.125000	-0.315981
1.126000	-0.315981
1.127000	0.078655
1.128000	0.329794
1.129000	0.347759
1.130000	0.293938
1.131000	0.186297
1.132000	0.150441
1.133000	0.024871
1.134000	0.222190
1.135000	-0.064842
1.136000	-0.136591
1.137000	-0.011021
1.138000	0.024871
1.139000	0.455364
1.140000	0.491257
1.141000	0.240118
1.142000	0.150441
1.143000	-0.351837
1.144000	-0.298053
1.145000	-0.244232
1.146000	-0.100698
1.147000	0.006907
1.148000	0.024871
1.149000	-0.046914
1.150000	-0.244232
1.151000	-0.387730
1.152000	-0.315981
1.153000	-0.262160
1.154000	0.042799
1.155000	0.024871
1.156000	0.293938
1.157000	0.150441
1.158000	0.060727
1.159000	-0.136591
1.160000	-0.190411
1.161000	-0.118663
1.162000	0.168369
1.163000	0.132476
1.164000	0.276010
1.165000	-0.028949
1.166000	-0.028949
1.167000	-0.136591
1.168000	-0.244232
1.169000	-0.028949
1.170000	0.042799
1.171000	0.240118
1.172000	0.150441
1.173000	-0.046914
1.174000	-0.100698
1.175000	-0.351837
1.176000	-0.280088
1.177000	-0.244232
1.178000	-0.262160
1.179000	-0.046914
1.180000	-0.208339
1.181000	0.024871
1.182000	-0.154519
1.183000	-0.064842
1.184000	0.060727
1.185000	-0.011021
1.186000	0.132476
1.187000	0.168369
1.188000	-0.011021
1.189000	0.006907
1.190000	-0.118663
1.191000	-0.046914
1.192000	-0.100698
1.193000	-0.046914
1.194000	0.006907
1.195000	0.006907
1.196000	0.096620
1.197000	0.024871
1.198000	-0.082770
1.199000	-0.100698
1.200000	-0.262160
1.201000	-0.208339
1.202000	-0.244232
1.203000	-0.100698
1.204000	-0.244232
1.205000	-0.136591
1.206000	-0.387730
1.207000	-0.298053
1.208000	-0.280088
1.209000	0.042799
1.210000	-0.118663
1.211000	0.114548
1.212000	-0.082770
1.213000	0.096620
1.214000	0.114548
1.215000	0.150441
1.216000	0.132476
1.217000	0.060727
1.218000	-0.028949
1.219000	0.024871
1.220000	0.078655
1.221000	0.186297
1.222000	0.132476
1.223000	0.132476
1.224000	0.078655
1.225000	-0.082770
1.226000	-0.046914
1.227000	-0.011021
1.228000	0.096620
1.229000	0.150441
1.230000	0.078655
1.231000	-0.011021
1.232000	-0.190411
1.233000	-0.333909
1.234000	-0.262160
1.235000	-0.118663
1.236000	0.042799
1.237000	0.168369
1.238000	0.024871
1.239000	-0.028949
1.240000	-0.154519
1.241000	-0.046914
1.242000	-0.082770
1.243000	0.186297
1.244000	0.186297
1.245000	0.276010
1.246000	0.006907
1.247000	0.078655
1.248000	-0.028949
1.249000	-0.028949
1.250000	-0.011021
1.251000	0.078655
1.252000	0.204225
1.253000	0.204225
1.254000	0.240118
1.255000	0.024871
1.256000	-0.154519
1.257000	-0.244232
1.258000	-0.298053
1.259000	-0.011021
1.260000	0.006907
1.261000	0.096620
1.262000	0.024871
1.263000	-0.154519
1.264000	-0.262160
1.265000	-0.298053
1.266000	-0.136591
1.267000	0.132476
1.268000	0.114548
1.269000	0.204225
1.270000	-0.118663
1.271000	-0.064842
1.272000	-0.208339
1.273000	-0.172484
1.274000	-0.100698
1.275000	-0.028949
1.276000	0.096620
1.277000	0.006907
1.278000	-0.046914
1.279000	-0.118663
1.280000	-0.190411
1.281000	-0.082770
1.282000	-0.011021
1.283000	0.186297
1.284000	0.150441
1.285000	0.150441
1.286000	-0.011021
1.287000	-0.100698
1.288000	-0.100698
1.289000	-0.046914
1.290000	0.078655
1.291000	0.114548
1.292000	0.150441
1.293000	0.150441
1.294000	0.006907
1.295000	-0.028949
1.296000	0.078655
1.297000	0.114548
1.298000	0.150441
1.299000	0.024871
1.300000	-0.100698
1.301000	-0.262160
1.302000	-0.208339
1.303000	-0.226267
1.304000	-0.226267
1.305000	0.186297
1.306000	-0.172484
1.307000	-0.441550
1.308000	-0.351837
1.309000	-1.159070
1.310000	0.706503
1.311000	-0.028949
1.312000	0.903821
1.313000	0.814144
1.314000	0.616826
1.315000	0.006907
1.316000	-0.190411
1.317000	-0.656797
1.318000	0.204225
1.319000	0.634754
1.320000	1.262600
1.321000	0.957642
1.322000	0.347759
1.323000	-0.046914
1.324000	-0.638869
1.325000	-0.495371
1.326000	-0.064842
1.327000	0.006907
1.328000	1.208780
1.329000	0.796216
1.330000	0.222190
1.331000	-0.674725
1.332000	-1.625460
1.333000	-0.961756
1.334000	-0.674725
1.335000	-0.190411
1.336000	0.258046
1.337000	0.383615
1.338000	-0.172484
1.339000	-0.764438
1.340000	-1.212900
1.341000	-0.907936
1.342000	-0.028949
1.343000	0.921786
1.344000	1.119100
1.345000	0.598898
1.346000	-0.082770
1.347000	-0.585048
1.348000	-0.728545
1.349000	-0.208339
1.350000	0.365687
1.351000	0.706503
1.352000	0.670647
1.353000	0.132476
1.354000	-0.477406
1.355000	-0.441550
1.356000	-0.441550
1.357000	-0.280088
1.358000	-0.387730
1.359000	-0.387730
1.360000	-0.262160
1.361000	-0.333909
1.362000	-0.333909
1.363000	-0.387730
1.364000	-0.333909
1.365000	-0.333909
1.366000	-0.333909
1.367000	-0.280088
1.368000	-0.172484
1.369000	0.006907
1.370000	0.042799
1.371000	0.006907
1.372000	-0.082770
1.373000	-0.064842
1.374000	-0.100698
1.375000	-0.208339
1.376000	-0.315981
1.377000	-0.172484
1.378000	0.186297
1.379000	0.311866
1.380000	0.168369
1.381000	-0.082770
1.382000	-0.405658
1.383000	-0.477406
1.384000	-0.567120
1.385000	-0.315981
1.386000	0.096620
1.387000	0.419508
1.388000	0.347759
1.389000	0.096620
1.390000	-0.369802
1.391000	-0.495371
1.392000	-0.208339
1.393000	-0.064842
1.394000	0.293938
1.395000	0.365687
1.396000	0.437436
1.397000	0.240118
1.398000	-0.118663
1.399000	-0.244232
1.400000	-0.118663
1.401000	0.168369
1.402000	0.473329
1.403000	0.419508
1.404000	0.276010
1.405000	0.078655
1.406000	-0.190411
1.407000	-0.387730
1.408000	-0.423586
1.409000	-0.172484
1.410000	0.186297
1.411000	0.293938
1.412000	0.168369
1.413000	-0.011021
1.414000	-0.262160
1.415000	-0.369802
1.416000	-0.369802
1.417000	-0.208339
1.418000	0.186297
1.419000	0.347759
1.420000	0.276010
1.421000	0.042799
1.422000	-0.190411
1.423000	-0.118663
1.424000	0.078655
1.425000	0.293938
1.426000	0.419508
1.427000	0.473329
1.428000	0.347759
1.429000	0.078655
1.430000	-0.226267
1.431000	-0.208339
1.432000	-0.064842
1.433000	0.168369
1.434000	0.293938
1.435000	0.240118
1.436000	0.132476
1.437000	0.024871
1.438000	-0.118663
1.439000	-0.154519
1.440000	-0.064842
1.441000	0.204225
1.442000	0.329794
1.443000	0.311866
1.444000	0.078655
1.445000	-0.100698
1.446000	-0.172484
1.447000	-0.136591
1.448000	-0.046914
1.449000	0.114548
1.450000	0.204225
1.451000	0.222190
1.452000	0.096620
1.453000	0.006907
1.454000	-0.064842
1.455000	0.060727
1.456000	0.114548
1.457000	0.168369
1.458000	0.204225
1.459000	0.168369
1.460000	0.150441
1.461000	0.060727
1.462000	-0.011021
1.463000	0.060727
1.464000	0.150441
1.465000	0.240118
1.466000	0.222190
1.467000	0.132476
1.468000	0.132476
1.469000	0.114548
1.470000	0.096620
1.471000	0.006907
1.472000	-0.046914
1.473000	-0.046914
1.474000	-0.082770
1.475000	-0.190411
1.476000	-0.244232
1.477000	-0.262160
1.478000	-0.208339
1.479000	-0.244232
1.480000	-0.226267
1.481000	-0.118663
1.482000	-0.100698
1.483000	0.006907
1.484000	-0.028949
1.485000	-0.028949
1.486000	0.006907
1.487000	-0.011021
1.488000	0.006907
1.489000	-0.028949
1.490000	-0.011021
1.491000	0.006907
1.492000	-0.011021
1.493000	-0.011021
1.494000	-0.064842
1.495000	0.006907
1.496000	0.060727
1.497000	0.024871
1.498000	0.006907
1.499000	-0.046914
1.500000	-0.064842
1.501000	-0.118663
1.502000	-0.226267
1.503000	-0.280088
1.504000	-0.226267
1.505000	-0.208339
1.506000	-0.154519
1.507000	-0.226267
1.508000	-0.262160
1.509000	-0.172484
1.510000	-0.262160
1.511000	-0.154519
1.512000	-0.172484
1.513000	-0.082770
1.514000	-0.028949
1.515000	-0.046914
1.516000	-0.118663
1.517000	-0.064842
1.518000	-0.064842
1.519000	0.078655
1.520000	0.042799
1.521000	0.060727
1.522000	0.060727
1.523000	0.060727
1.524000	-0.028949
1.525000	-0.028949
1.526000	-0.046914
1.527000	0.024871
1.528000	0.042799
1.529000	0.006907
1.530000	-0.028949
1.531000	-0.136591
1.532000	-0.154519
1.533000	-0.226267
1.534000	-0.226267
1.535000	-0.118663
1.536000	-0.100698
1.537000	-0.064842
1.538000	-0.154519
1.539000	-0.226267
1.540000	-0.208339
1.541000	-0.172484
1.542000	-0.046914
1.543000	-0.046914
1.544000	-0.064842
1.545000	-0.028949
1.546000	-0.100698
1.547000	-0.136591
1.548000	-0.154519
1.549000	-0.118663
1.550000	-0.011021
1.551000	-0.028949
1.552000	-0.011021
1.553000	-0.028949
1.554000	-0.082770
1.555000	-0.082770
1.556000	-0.190411
1.557000	-0.136591
1.558000	-0.064842
1.559000	0.024871
1.560000	0.024871
1.561000	-0.028949
1.562000	-0.082770
1.563000	-0.064842
1.564000	-0.100698
1.565000	-0.064842
1.566000	-0.046914
1.567000	0.024871
1.568000	0.042799
1.569000	0.024871
1.570000	-0.046914
1.571000	-0.082770
1.572000	-0.046914
1.573000	-0.011021
1.574000	0.006907
1.575000	0.006907
1.576000	0.096620
1.577000	0.096620
1.578000	0.042799
1.579000	0.006907
1.580000	0.024871
1.581000	0.078655
1.582000	0.168369
1.583000	0.096620
1.584000	0.168369
1.585000	0.204225
1.586000	0.168369
1.587000	0.168369
1.588000	0.096620
1.589000	0.132476
1.590000	0.204225
1.591000	0.240118
1.592000	0.240118
1.593000	0.132476
1.594000	0.114548
1.595000	0.078655
1.596000	0.042799
1.597000	0.042799
1.598000	0.060727
1.599000	0.060727
1.600000	0.078655
1.601000	0.024871
1.602000	-0.046914
1.603000	-0.046914
1.604000	-0.028949
1.605000	-0.028949
1.606000	0.006907
1.607000	0.024871
1.608000	0.078655
1.609000	0.078655
1.610000	0.006907
1.611000	-0.064842
1.612000	-0.082770
1.613000	-0.011021
1.614000	0.078655
1.615000	0.078655
1.616000	0.150441
1.617000	0.150441
1.618000	0.042799
1.619000	-0.028949
1.620000	-0.082770
1.621000	0.024871
1.622000	0.096620
1.623000	0.114548
1.624000	0.078655
1.625000	-0.011021
1.626000	-0.064842
1.627000	-0.100698
1.628000	-0.136591
1.629000	-0.136591
1.630000	-0.082770
1.631000	0.024871
1.632000	-0.028949
1.633000	-0.046914
1.634000	-0.118663
1.635000	-0.154519
1.636000	-0.154519
1.637000	-0.136591
1.638000	-0.082770
1.639000	0.006907
1.640000	-0.011021
1.641000	0.006907
1.642000	-0.118663
1.643000	-0.154519
1.644000	-0.082770
1.645000	-0.064842
1.646000	0.024871
1.647000	0.060727
1.648000	0.060727
1.649000	0.024871
1.650000	-0.064842
1.651000	-0.100698
1.652000	-0.082770
1.653000	-0.011021
1.654000	0.060727
1.655000	0.024871
1.656000	-0.046914
1.657000	-0.118663
1.658000	-0.136591
1.659000	-0.046914
1.660000	0.024871
1.661000	0.006907
1.662000	-0.082770
1.663000	-0.100698
1.664000	0.024871
1.665000	0.419508
1.666000	0.222190
1.667000	0.096620
1.668000	-0.351837
1.669000	-0.351837
1.670000	-0.028949
1.671000	-0.082770
1.672000	0.204225
1.673000	0.060727
1.674000	-0.369802
1.675000	-0.244232
1.676000	-0.495371
1.677000	0.078655
1.678000	-0.028949
1.679000	-0.028949
1.680000	-0.100698
1.681000	-0.262160
1.682000	-0.405658
1.683000	-0.172484
1.684000	-0.154519
1.685000	0.240118
1.686000	0.024871
1.687000	-0.028949
1.688000	-0.011021
1.689000	-0.226267
1.690000	0.024871
1.691000	0.078655
1.692000	0.168369
1.693000	0.186297
1.694000	0.060727
1.695000	-0.028949
1.696000	-0.280088
1.697000	-0.387730
1.698000	-0.172484
1.699000	-0.136591
1.700000	0.293938
1.701000	0.204225
1.702000	0.132476
1.703000	-0.208339
1.704000	-0.441550
1.705000	-0.531227
1.706000	-0.333909
1.707000	-0.082770
1.708000	0.276010
1.709000	0.240118
1.710000	0.150441
1.711000	-0.226267
1.712000	-0.405658
1.713000	-0.405658
1.714000	-0.154519
1.715000	0.150441
1.716000	0.401543
1.717000	0.509185
1.718000	0.365687
1.719000	-0.046914
1.720000	-0.262160
1.721000	-0.369802
1.722000	-0.262160
1.723000	0.006907
1.724000	0.258046
1.725000	0.401543
1.726000	0.186297
1.727000	-0.082770
1.728000	-0.369802
1.729000	-0.423586
1.730000	-0.190411
1.731000	0.096620
1.732000	0.383615
1.733000	0.419508
1.734000	0.150441
1.735000	-0.154519
1.736000	-0.423586
1.737000	-0.513299
1.738000	-0.315981
1.739000	-0.064842
1.740000	0.222190
1.741000	0.293938
1.742000	0.240118
1.743000	0.096620
1.744000	-0.082770
1.745000	-0.118663
1.746000	-0.046914
1.747000	0.114548
1.748000	0.293938
1.749000	0.311866
1.750000	0.186297
1.751000	-0.118663
1.752000	-0.298053
1.753000	-0.333909
1.754000	-0.172484
1.755000	0.132476
1.756000	0.365687
1.757000	0.437436
1.758000	0.311866
1.759000	0.060727
1.760000	-0.118663
1.761000	-0.244232
1.762000	-0.154519
1.763000	0.006907
1.764000	0.186297
1.765000	0.258046
1.766000	0.168369
1.767000	0.006907
1.768000	-0.154519
1.769000	-0.262160
1.770000	-0.154519
1.771000	0.006907
1.772000	0.222190
1.773000	0.311866
1.774000	0.240118
1.775000	0.096620
1.776000	-0.136591
1.777000	-0.262160
1.778000	-0.208339
1.779000	-0.064842
1.780000	0.132476
1.781000	0.204225
1.782000	0.168369
1.783000	0.096620
1.784000	-0.082770
1.785000	-0.154519
1.786000	-0.118663
1.787000	0.006907
1.788000	0.186297
1.789000	0.258046
1.790000	0.240118
1.791000	0.114548
1.792000	-0.064842
1.793000	-0.190411
1.794000	-0.208339
1.795000	-0.172484
1.796000	0.006907
1.797000	0.096620
1.798000	0.186297
1.799000	0.060727
1.800000	-0.082770
1.801000	-0.226267
1.802000	-0.226267
1.803000	-0.154519
1.804000	-0.046914
1.805000	0.060727
1.806000	0.096620
1.807000	0.024871
1.808000	-0.118663
1.809000	-0.244232
1.810000	-0.280088
1.811000	-0.154519
1.812000	-0.046914
1.813000	0.132476
1.814000	0.150441
1.815000	0.096620
1.816000	-0.028949
1.817000	-0.154519
1.818000	-0.244232
1.819000	-0.136591
1.820000	-0.011021
1.821000	0.204225
1.822000	0.114548
1.823000	0.096620
1.824000	-0.136591
1.825000	-0.226267
1.826000	-0.351837
1.827000	-0.190411
1.828000	-0.082770
1.829000	0.060727
1.830000	0.078655
1.831000	-0.011021
1.832000	-0.190411
1.833000	-0.262160
1.834000	-0.298053
1.835000	-0.172484
1.836000	-0.100698
1.837000	0.024871
1.838000	0.042799
1.839000	-0.028949
1.840000	-0.172484
1.841000	-0.154519
1.842000	-0.262160
1.843000	-0.082770
1.844000	-0.011021
1.845000	0.078655
1.846000	0.096620
1.847000	0.006907
1.848000	-0.082770
1.849000	-0.190411
1.850000	-0.190411
1.851000	-0.100698
1.852000	-0.046914
1.853000	0.042799
1.854000	0.078655
1.855000	0.006907
1.856000	-0.064842
1.857000	-0.154519
1.858000	-0.136591
1.859000	-0.136591
1.860000	-0.011021
1.861000	0.060727
1.862000	0.096620
1.863000	-0.011021
1.864000	-0.028949
1.865000	-0.154519
1.866000	-0.136591
1.867000	-0.118663
1.868000	-0.100698
1.869000	0.042799
1.870000	0.078655
1.871000	0.096620
1.872000	0.024871
1.873000	-0.011021
1.874000	-0.064842
1.875000	-0.046914
1.876000	-0.011021
1.877000	0.114548
1.878000	0.114548
1.879000	0.150441
1.880000	0.078655
1.881000	0.006907
1.882000	-0.082770
1.883000	-0.064842
1.884000	-0.028949
1.885000	0.060727
1.886000	0.078655
1.887000	0.132476
1.888000	0.132476
1.889000	0.060727
1.890000	-0.028949
1.891000	-0.100698
1.892000	-0.028949
1.893000	0.042799
1.894000	0.114548
1.895000	0.114548
1.896000	0.042799
1.897000	-0.011021
1.898000	-0.100698
1.899000	-0.064842
1.900000	-0.100698
1.901000	0.006907
1.902000	0.078655
1.903000	0.114548
1.904000	0.150441
1.905000	-0.011021
1.906000	-0.046914
1.907000	-0.118663
1.908000	-0.118663
1.909000	-0.082770
1.910000	0.006907
1.911000	0.114548
1.912000	0.096620
1.913000	0.078655
1.914000	-0.028949
1.915000	-0.064842
1.916000	-0.046914
1.917000	-0.011021
1.918000	0.078655
1.919000	0.168369
1.920000	0.132476
1.921000	0.114548
1.922000	0.006907
1.923000	-0.064842
1.924000	-0.100698
1.925000	-0.100698
1.926000	-0.011021
1.927000	0.042799
1.928000	0.096620
1.929000	0.114548
1.930000	0.024871
1.931000	-0.046914
1.932000	-0.100698
1.933000	-0.172484
1.934000	-0.082770
1.935000	-0.046914
1.936000	0.024871
1.937000	0.060727
1.938000	0.006907
1.939000	-0.011021
1.940000	-0.082770
1.941000	-0.100698
1.942000	-0.100698
1.943000	-0.028949
1.944000	0.060727
1.945000	0.078655
1.946000	0.096620
1.947000	0.042799
1.948000	-0.046914
1.949000	-0.082770
1.950000	-0.118663
1.951000	-0.064842
1.952000	0.006907
1.953000	0.096620
1.954000	0.114548
1.955000	0.042799
1.956000	-0.028949
1.957000	-0.136591
1.958000	-0.154519
1.959000	-0.118663
1.960000	-0.064842
1.961000	0.006907
1.962000	0.060727
1.963000	0.024871
1.964000	-0.046914
1.965000	-0.118663
1.966000	-0.136591
1.967000	-0.118663
1.968000	-0.064842
1.969000	0.024871
1.970000	0.042799
1.971000	0.006907
1.972000	-0.082770
1.973000	-0.172484
1.974000	-0.190411
1.975000	-0.172484
1.976000	-0.011021
1.977000	0.078655
1.978000	0.096620
1.979000	0.024871
1.980000	-0.082770
1.981000	-0.190411
1.982000	-0.208339
1.983000	-0.244232
1.984000	-0.136591
1.985000	0.024871
1.986000	0.096620
1.987000	0.060727
1.988000	-0.046914
1.989000	-0.136591
1.990000	-0.154519
1.991000	-0.172484
1.992000	-0.064842
1.993000	0.042799
1.994000	0.096620
1.995000	0.096620
1.996000	0.006907
1.997000	-0.136591
1.998000	-0.190411
1.999000	-0.226267
2.000000	-0.118663
2.001000	-0.046914
2.002000	0.024871
2.003000	0.042799
2.004000	0.006907
2.005000	-0.082770
2.006000	-0.118663
2.007000	-0.154519
2.008000	-0.118663
2.009000	-0.028949
2.010000	0.042799
2.011000	0.060727
2.012000	0.024871
2.013000	-0.011021
2.014000	-0.082770
2.015000	-0.082770
2.016000	-0.046914
2.017000	0.006907
2.018000	0.096620
2.019000	0.096620
2.020000	0.132476
2.021000	0.078655
2.022000	0.024871
2.023000	0.042799
2.024000	0.006907
2.025000	0.006907
2.026000	-0.011021
2.027000	0.006907
2.028000	0.042799
2.029000	-0.011021
2.030000	-0.011021
2.031000	-0.046914
2.032000	-0.064842
2.033000	-0.082770
2.034000	-0.064842
2.035000	-0.011021
2.036000	0.024871
2.037000	0.024871
2.038000	0.006907
2.039000	-0.046914
2.040000	-0.064842
2.041000	-0.100698
2.042000	-0.046914
2.043000	-0.011021
2.044000	0.042799
2.045000	0.060727
2.046000	0.078655
2.047000	0.042799
2.048000	0.024871
2.049000	-0.011021
2.050000	0.006907
2.051000	0.060727
2.052000	0.096620
2.053000	0.096620
2.054000	0.060727
2.055000	-0.046914
2.056000	-0.118663
2.057000	-0.136591
2.058000	-0.082770
2.059000	0.006907
2.060000	0.060727
2.061000	0.042799
2.062000	-0.028949
2.063000	-0.082770
2.064000	-0.118663
2.065000	-0.100698
2.066000	-0.064842
2.067000	-0.011021
2.068000	0.024871
2.069000	0.024871
2.070000	-0.011021
2.071000	-0.046914
2.072000	-0.028949
2.073000	-0.046914
2.074000	-0.028949
2.075000	0.006907
2.076000	0.024871
2.077000	0.060727
2.078000	0.006907
2.079000	-0.028949
2.080000	-0.064842
2.081000	-0.064842
2.082000	-0.011021
2.083000	0.006907
2.084000	0.042799
2.085000	0.024871
2.086000	0.042799
2.087000	0.006907
2.088000	-0.028949
2.089000	-0.028949
2.090000	-0.011021
2.091000	0.006907
2.092000	0.006907
2.093000	0.024871
2.094000	0.024871
2.095000	0.042799
2.096000	0.024871
2.097000	0.006907
2.098000	-0.011021
2.099000	-0.028949
2.100000	-0.011021
2.101000	-0.011021
2.102000	-0.011021
2.103000	0.006907
2.104000	-0.011021
2.105000	-0.046914
2.106000	-0.100698
2.107000	-0.118663
2.108000	-0.100698
2.109000	-0.064842
2.110000	-0.028949
2.111000	-0.011021
2.112000	-0.028949
2.113000	-0.046914
2.114000	-0.064842
2.115000	-0.046914
2.116000	-0.046914
2.117000	0.006907
2.118000	0.024871
2.119000	0.042799
2.120000	0.024871
2.121000	0.024871
2.122000	-0.011021
2.123000	-0.011021
2.124000	-0.011021
2.125000	0.006907
2.126000	0.024871
2.127000	0.024871
2.128000	0.006907
2.129000	-0.046914
2.130000	-0.082770
2.131000	-0.082770
2.132000	-0.082770
2.133000	-0.046914
2.134000	-0.046914
2.135000	-0.046914
2.136000	-0.064842
2.137000	-0.100698
2.138000	-0.100698
2.139000	-0.082770
2.140000	-0.046914
2.141000	-0.011021
2.142000	0.006907
2.143000	-0.011021
2.144000	-0.028949
2.145000	-0.028949
2.146000	-0.028949
2.147000	-0.011021
2.148000	0.006907
2.149000	0.024871
2.150000	0.006907
2.151000	0.006907
2.152000	-0.046914
2.153000	-0.082770
2.154000	-0.082770
2.155000	-0.064842
2.156000	-0.046914
2.157000	-0.028949
2.158000	-0.046914
2.159000	-0.082770
2.160000	-0.118663
2.161000	-0.118663
2.162000	-0.118663
2.163000	-0.082770
2.164000	-0.046914
2.165000	-0.046914
2.166000	-0.046914
2.167000	-0.046914
2.168000	-0.064842
2.169000	-0.046914
2.170000	-0.064842
2.171000	-0.028949
2.172000	-0.028949
2.173000	-0.028949
2.174000	-0.028949
2.175000	-0.028949
2.176000	-0.011021
2.177000	-0.028949
2.178000	0.006907
2.179000	0.006907
2.180000	0.006907
2.181000	-0.011021
2.182000	-0.046914
2.183000	-0.046914
2.184000	-0.064842
2.185000	-0.082770
2.186000	-0.046914
2.187000	-0.028949
2.188000	-0.028949
2.189000	-0.046914
2.190000	-0.046914
2.191000	-0.028949
2.192000	0.006907
2.193000	0.024871
2.194000	0.060727
2.195000	0.042799
2.196000	0.042799
2.197000	0.024871
2.198000	0.024871
2.199000	0.024871
2.200000	0.024871
2.201000	0.042799
2.202000	0.060727
2.203000	0.060727
2.204000	0.024871
2.205000	-0.011021
2.206000	-0.028949
2.207000	-0.011021
2.208000	0.024871
2.209000	0.024871
2.210000	0.060727
2.211000	0.024871
2.212000	-0.011021
2.213000	-0.028949
2.214000	-0.064842
2.215000	-0.028949
2.216000	-0.011021
2.217000	0.006907
2.218000	0.006907
2.219000	0.006907
2.220000	-0.011021
2.221000	-0.028949
2.222000	-0.011021
2.223000	0.024871
2.224000	0.060727
2.225000	0.060727
2.226000	0.060727
2.227000	0.024871
2.228000	-0.011021
2.229000	-0.046914
2.230000	-0.046914
2.231000	-0.028949
2.232000	0.006907
2.233000	0.006907
2.234000	0.006907
2.235000	-0.046914
2.236000	-0.064842
2.237000	-0.064842
2.238000	-0.046914
2.239000	-0.011021
2.240000	-0.011021
2.241000	-0.011021
2.242000	-0.011021
2.243000	-0.028949
2.244000	-0.046914
2.245000	-0.064842
2.246000	-0.046914
2.247000	-0.028949
2.248000	0.006907
2.249000	0.024871
2.250000	0.006907
2.251000	-0.011021
2.252000	-0.011021
2.253000	-0.011021
2.254000	0.006907
2.255000	0.024871
2.256000	0.006907
2.257000	0.006907
2.258000	-0.028949
2.259000	-0.028949
2.260000	-0.028949
2.261000	-0.011021
2.262000	-0.011021
2.263000	-0.028949
2.264000	-0.028949
2.265000	-0.028949
2.266000	-0.028949
2.267000	-0.046914
2.268000	-0.028949
2.269000	-0.028949
2.270000	-0.028949
2.271000	-0.046914
2.272000	-0.046914
2.273000	-0.064842
2.274000	-0.046914
2.275000	-0.046914
2.276000	-0.028949
2.277000	-0.011021
2.278000	-0.046914
2.279000	-0.046914
2.280000	-0.064842
2.281000	-0.100698
2.282000	-0.100698
2.283000	-0.064842
2.284000	-0.046914
2.285000	-0.028949
2.286000	-0.028949
2.287000	-0.028949
2.288000	-0.046914
2.289000	-0.046914
2.290000	-0.046914
2.291000	-0.028949
2.292000	-0.011021
2.293000	0.006907
2.294000	-0.011021
2.295000	-0.046914
2.296000	-0.046914
2.297000	-0.046914
2.298000	-0.028949
2.299000	-0.046914
2.300000	-0.028949
2.301000	-0.011021
2.302000	-0.028949
2.303000	-0.046914
2.304000	-0.046914
2.305000	-0.064842
2.306000	-0.028949
2.307000	-0.028949
2.308000	-0.011021
2.309000	-0.028949
2.310000	-0.046914
2.311000	-0.046914
2.312000	-0.046914
2.313000	-0.046914
2.314000	-0.028949
2.315000	0.006907
2.316000	0.024871
2.317000	0.024871
2.318000	0.006907
2.319000	-0.028949
2.320000	-0.011021
2.321000	-0.028949
2.322000	0.006907
2.323000	0.006907
2.324000	0.024871
2.325000	0.024871
2.326000	-0.011021
2.327000	-0.046914
2.328000	-0.046914
2.329000	-0.046914
2.330000	-0.028949
2.331000	-0.028949
2.332000	-0.011021
2.333000	-0.028949
2.334000	-0.028949
2.335000	-0.046914
2.336000	-0.064842
2.337000	-0.064842
2.338000	-0.046914
2.339000	-0.011021
2.340000	-0.011021
2.341000	-0.011021
2.342000	-0.011021
2.343000	-0.028949
2.344000	-0.028949
2.345000	-0.028949
2.346000	-0.011021
2.347000	0.006907
2.348000	0.024871
2.349000	0.042799
2.350000	0.024871
2.351000	0.006907
2.352000	0.006907
2.353000	-0.011021
2.354000	0.024871
2.355000	0.024871
2.356000	0.024871
2.357000	0.024871
2.358000	0.006907
2.359000	-0.011021
2.360000	-0.011021
2.361000	-0.028949
2.362000	-0.028949
2.363000	-0.011021
2.364000	0.006907
2.365000	-0.011021
2.366000	-0.028949
2.367000	-0.046914
2.368000	-0.046914
2.369000	-0.046914
2.370000	-0.028949
2.371000	-0.011021
2.372000	-0.011021
2.373000	-0.011021
2.374000	-0.028949
2.375000	-0.046914
2.376000	-0.046914
2.377000	-0.028949
2.378000	-0.011021
2.379000	0.006907
2.380000	0.024871
2.381000	0.024871
2.382000	0.024871
2.383000	0.006907
2.384000	0.006907
2.385000	0.006907
2.386000	0.042799
2.387000	0.042799
2.388000	0.042799
2.389000	0.024871
2.390000	-0.011021
2.391000	-0.046914
2.392000	-0.064842
2.393000	-0.064842
2.394000	-0.028949
2.395000	-0.011021
2.396000	-0.028949
2.397000	-0.046914
2.398000	-0.064842
2.399000	-0.082770
2.400000	-0.064842
2.401000	-0.064842
2.402000	-0.064842
2.403000	-0.046914
2.404000	-0.046914
2.405000	-0.028949
2.406000	-0.046914
2.407000	-0.046914
2.408000	-0.028949
2.409000	-0.011021
2.410000	0.006907
2.411000	0.024871
2.412000	0.060727
2.413000	0.060727
2.414000	0.042799
2.415000	0.006907
2.416000	0.006907
2.417000	0.006907
2.418000	0.006907
2.419000	0.006907
2.420000	0.006907
2.421000	-0.011021
2.422000	-0.046914
2.423000	-0.064842
2.424000	-0.064842
2.425000	-0.064842
2.426000	-0.064842
2.427000	-0.028949
2.428000	-0.028949
2.429000	-0.028949
2.430000	-0.064842
2.431000	-0.064842
2.432000	-0.064842
2.433000	-0.082770
2.434000	-0.046914
2.435000	-0.011021
2.436000	0.006907
2.437000	0.006907
2.438000	-0.011021
2.439000	-0.028949
2.440000	-0.011021
2.441000	-0.011021
2.442000	0.024871
2.443000	0.006907
2.444000	0.024871
2.445000	0.006907
2.446000	-0.028949
2.447000	-0.046914
2.448000	-0.064842
2.449000	-0.064842
2.450000	-0.046914
2.451000	-0.064842
2.452000	-0.046914
2.453000	-0.028949
2.454000	-0.046914
2.455000	-0.064842
2.456000	-0.064842
2.457000	-0.064842
2.458000	-0.046914
2.459000	-0.028949
2.460000	-0.011021
2.461000	-0.028949
2.462000	-0.046914
2.463000	-0.046914
2.464000	-0.046914
2.465000	-0.064842
2.466000	-0.011021
2.467000	0.006907
2.468000	0.006907
2.469000	-0.011021
2.470000	-0.011021
2.471000	-0.028949
2.472000	-0.028949
2.473000	-0.028949
2.474000	-0.011021
2.475000	-0.028949
2.476000	-0.028949
2.477000	-0.011021
2.478000	-0.028949
2.479000	-0.028949
2.480000	-0.046914
2.481000	-0.046914
2.482000	-0.046914
2.483000	-0.028949
2.484000	-0.011021
2.485000	-0.011021
2.486000	-0.011021
2.487000	-0.011021
2.488000	-0.028949
2.489000	-0.028949
2.490000	-0.028949
2.491000	-0.028949
2.492000	-0.011021
2.493000	-0.028949
2.494000	-0.011021
2.495000	-0.011021
2.496000	-0.011021
2.497000	-0.011021
2.498000	-0.028949
2.499000	-0.028949
2.500000	-0.028949
2.501000	-0.011021
2.502000	0.006907
2.503000	0.006907
2.504000	0.006907
2.505000	-0.028949
2.506000	-0.028949
2.507000	-0.011021
2.508000	-0.011021
2.509000	-0.011021
2.510000	-0.028949
2.511000	-0.028949
2.512000	-0.028949
2.513000	-0.028949
2.514000	-0.011021
2.515000	-0.028949
2.516000	-0.011021
2.517000	-0.028949
2.518000	-0.011021
2.519000	-0.011021
2.520000	-0.011021
2.521000	-0.028949
2.522000	-0.011021
2.523000	0.006907
2.524000	0.006907
2.525000	0.006907
2.526000	-0.011021
2.527000	-0.011021
2.528000	-0.028949
2.529000	-0.011021
2.530000	-0.011021
2.531000	0.006907
2.532000	0.006907
2.533000	0.006907
2.534000	0.006907
2.535000	-0.011021
2.536000	-0.028949
2.537000	-0.028949
2.538000	-0.011021
2.539000	0.006907
2.540000	-0.011021
2.541000	-0.028949
2.542000	-0.028949
2.543000	-0.028949
2.544000	-0.046914
2.545000	-0.028949
2.546000	-0.028949
2.547000	-0.011021
2.548000	-0.011021
2.549000	-0.011021
2.550000	-0.011021
2.551000	-0.011021
2.552000	-0.011021
2.553000	0.006907
2.554000	0.006907
2.555000	0.024871
2.556000	0.006907
2.557000	0.006907
2.558000	0.006907
2.559000	-0.011021
2.560000	0.024871
2.561000	0.006907
2.562000	0.006907
2.563000	0.006907
2.564000	0.006907
2.565000	-0.011021
2.566000	-0.046914
2.567000	-0.046914
2.568000	-0.028949
2.569000	-0.046914
2.570000	-0.028949
2.571000	-0.028949
2.572000	-0.046914
2.573000	-0.046914
2.574000	-0.046914
2.575000	-0.046914
2.576000	-0.064842
2.577000	-0.046914
2.578000	-0.028949
2.579000	-0.028949
2.580000	-0.028949
2.581000	-0.011021
2.582000	-0.028949
2.583000	-0.028949
2.584000	-0.028949
2.585000	-0.011021
2.586000	-0.011021
2.587000	0.006907
2.588000	-0.011021
2.589000	-0.028949
2.590000	-0.028949
2.591000	-0.046914
2.592000	-0.064842
2.593000	-0.046914
2.594000	-0.046914
2.595000	-0.046914
2.596000	-0.046914
2.597000	-0.046914
2.598000	-0.082770
2.599000	-0.064842
2.600000	-0.082770
2.601000	-0.064842
2.602000	-0.064842
2.603000	-0.064842
2.604000	-0.064842
2.605000	-0.064842
2.606000	-0.046914
2.607000	-0.046914
2.608000	-0.046914
2.609000	-0.046914
2.610000	-0.011021
2.611000	-0.028949
2.612000	-0.028949
2.613000	-0.028949
2.614000	-0.028949
2.615000	-0.011021
2.616000	-0.028949
2.617000	-0.028949
2.618000	-0.011021
2.619000	-0.028949
2.620000	-0.028949
2.621000	-0.028949
2.622000	-0.028949
2.623000	-0.011021
2.624000	-0.028949
2.625000	-0.028949
2.626000	-0.011021
2.627000	-0.011021
2.628000	-0.028949
2.629000	-0.011021
2.630000	-0.028949
2.631000	-0.028949
2.632000	-0.046914
2.633000	-0.028949
2.634000	-0.028949
2.635000	-0.028949
2.636000	-0.028949
2.637000	-0.011021
2.638000	-0.011021
2.639000	0.006907
2.640000	-0.011021
2.641000	-0.011021
2.642000	0.006907
2.643000	0.006907
2.644000	0.024871
2.645000	0.006907
2.646000	0.006907
2.647000	0.006907
2.648000	0.006907
2.649000	0.006907
2.650000	-0.011021
2.651000	0.006907
2.652000	-0.011021
2.653000	0.006907
2.654000	0.006907
2.655000	-0.011021
2.656000	-0.011021
2.657000	-0.028949
2.658000	-0.011021
2.659000	-0.028949
2.660000	-0.028949
2.661000	-0.046914
2.662000	-0.028949
2.663000	-0.046914
2.664000	-0.046914
2.665000	-0.046914
2.666000	-0.046914
2.667000	-0.046914
2.668000	-0.028949
2.669000	-0.028949
2.670000	0.006907
2.671000	0.006907
2.672000	-0.011021
2.673000	0.006907
2.674000	-0.028949
2.675000	-0.011021
2.676000	-0.028949
2.677000	0.006907
2.678000	0.006907
2.679000	0.006907
2.680000	0.006907
2.681000	-0.011021
2.682000	-0.028949
2.683000	-0.011021
2.684000	-0.011021
2.685000	-0.028949
2.686000	-0.011021
2.687000	-0.011021
2.688000	-0.028949
2.689000	-0.011021
2.690000	-0.028949
2.691000	-0.028949
2.692000	-0.046914
2.693000	-0.011021
2.694000	-0.028949
2.695000	-0.028949
2.696000	-0.028949
2.697000	-0.028949
2.698000	-0.011021
2.699000	-0.028949
2.700000	-0.011021
2.701000	-0.011021
2.702000	-0.028949
2.703000	-0.011021
2.704000	-0.011021
2.705000	-0.011021
2.706000	-0.011021
2.707000	-0.011021
2.708000	-0.011021
2.709000	-0.011021
2.710000	-0.011021
2.711000	-0.028949
2.712000	-0.011021
2.713000	-0.028949
2.714000	-0.028949
2.715000	-0.011021
2.716000	-0.028949
2.717000	-0.011021
2.718000	-0.011021
2.719000	-0.028949
2.720000	-0.011021
2.721000	-0.011021
2.722000	-0.028949
2.723000	-0.028949
2.724000	-0.011021
2.725000	-0.028949
2.726000	-0.028949
2.727000	-0.011021
2.728000	-0.011021
2.729000	-0.028949
2.730000	-0.028949
2.731000	-0.028949
2.732000	-0.011021
2.733000	-0.011021
2.734000	-0.028949
2.735000	-0.028949
2.736000	-0.028949
2.737000	-0.028949
2.738000	0.006907
2.739000	-0.028949
2.740000	-0.028949
2.741000	-0.028949
2.742000	-0.011021
2.743000	-0.028949
2.744000	-0.028949
2.745000	-0.011021
2.746000	-0.046914
2.747000	-0.011021
2.748000	-0.028949
2.749000	-0.028949
2.750000	-0.028949
2.751000	-0.028949
2.752000	-0.011021
2.753000	-0.011021
2.754000	-0.028949
2.755000	-0.028949
2.756000	-0.028949
2.757000	-0.028949
2.758000	-0.046914
2.759000	-0.028949
2.760000	-0.028949
2.761000	-0.028949
2.762000	-0.046914
2.763000	-0.046914
2.764000	-0.028949
2.765000	-0.028949
2.766000	-0.046914
2.767000	-0.028949
2.768000	-0.046914
2.769000	-0.046914
2.770000	-0.028949
2.771000	-0.028949
2.772000	-0.046914
2.773000	-0.028949
2.774000	-0.011021
2.775000	-0.028949
2.776000	-0.028949
2.777000	-0.028949
2.778000	-0.028949
2.779000	-0.011021
2.780000	-0.011021
2.781000	-0.011021
2.782000	-0.011021
2.783000	-0.011021
2.784000	-0.011021
2.785000	-0.028949
2.786000	-0.028949
2.787000	-0.011021
2.788000	-0.028949
2.789000	-0.028949
2.790000	-0.011021
2.791000	-0.011021
2.792000	-0.028949
2.793000	-0.011021
2.794000	-0.011021
2.795000	0.006907
2.796000	-0.028949
2.797000	-0.028949
2.798000	0.006907
2.799000	-0.011021
2.800000	-0.011021
2.801000	0.006907
2.802000	-0.011021
2.803000	0.006907
2.804000	0.006907
2.805000	0.006907
2.806000	0.006907
2.807000	0.006907
2.808000	0.006907
2.809000	-0.011021
2.810000	-0.011021
2.811000	-0.011021
2.812000	-0.011021
2.813000	-0.011021
2.814000	-0.011021
2.815000	-0.011021
2.816000	0.006907
2.817000	-0.011021
2.818000	-0.011021
2.819000	-0.011021
2.820000	-0.011021
2.821000	-0.028949
2.822000	-0.011021
2.823000	-0.028949
2.824000	-0.011021
2.825000	-0.028949
2.826000	-0.028949
2.827000	-0.028949
2.828000	-0.028949
2.829000	-0.046914
2.830000	-0.028949
2.831000	-0.028949
2.832000	-0.028949
2.833000	-0.028949
2.834000	-0.046914
2.835000	-0.028949
2.836000	-0.028949
2.837000	-0.028949
2.838000	-0.011021
2.839000	-0.011021
2.840000	-0.028949
2.841000	-0.028949
2.842000	-0.028949
2.843000	-0.028949
2.844000	-0.011021
2.845000	-0.011021
2.846000	0.006907
2.847000	0.006907
2.848000	0.006907
2.849000	0.006907
2.850000	0.006907
2.851000	-0.011021
2.852000	0.006907
2.853000	0.006907
2.854000	-0.011021
2.855000	-0.011021
2.856000	-0.011021
2.857000	-0.011021
2.858000	-0.028949
2.859000	-0.028949
2.860000	-0.028949
2.861000	-0.028949
2.862000	-0.028949
2.863000	-0.028949
2.864000	-0.046914
2.865000	-0.028949
2.866000	-0.046914
2.867000	-0.028949
2.868000	-0.028949
2.869000	-0.028949
2.870000	-0.028949
2.871000	-0.011021
2.872000	-0.011021
2.873000	-0.011021
2.874000	-0.011021
2.875000	-0.011021
2.876000	-0.028949
2.877000	-0.011021
2.878000	-0.011021
2.879000	0.006907
2.880000	0.006907
2.881000	0.006907
2.882000	0.006907
2.883000	-0.028949
2.884000	-0.011021
2.885000	0.006907
2.886000	0.006907
2.887000	-0.011021
2.888000	-0.028949
2.889000	-0.028949
2.890000	-0.046914
2.891000	-0.046914
2.892000	-0.046914
2.893000	-0.028949
2.894000	-0.028949
2.895000	-0.028949
2.896000	-0.046914
2.897000	-0.046914
2.898000	-0.046914
2.899000	-0.046914
2.900000	-0.046914
2.901000	-0.046914
2.902000	-0.028949
2.903000	-0.011021
2.904000	-0.011021
2.905000	0.006907
2.906000	-0.011021
2.907000	-0.011021
2.908000	0.006907
2.909000	0.006907
2.910000	0.006907
2.911000	0.006907
2.912000	0.006907
2.913000	0.006907
2.914000	-0.011021
2.915000	-0.011021
2.916000	-0.011021
2.917000	-0.011021
2.918000	-0.028949
2.919000	-0.011021
2.920000	-0.028949
2.921000	-0.028949
2.922000	-0.046914
2.923000	-0.064842
2.924000	-0.046914
2.925000	-0.046914
2.926000	-0.046914
2.927000	-0.046914
2.928000	-0.046914
2.929000	-0.046914
2.930000	-0.046914
2.931000	-0.046914
2.932000	-0.046914
2.933000	-0.028949
2.934000	-0.028949
2.935000	-0.028949
2.936000	-0.011021
2.937000	-0.028949
2.938000	-0.011021
2.939000	-0.011021
2.940000	-0.011021
2.941000	-0.011021
2.942000	-0.011021
2.943000	-0.011021
2.944000	0.006907
2.945000	-0.011021
2.946000	-0.011021
2.947000	-0.028949
2.948000	-0.028949
2.949000	-0.028949
2.950000	-0.028949
2.951000	-0.028949
2.952000	-0.028949
2.953000	-0.028949
2.954000	-0.028949
2.955000	-0.011021
2.956000	-0.028949
2.957000	-0.028949
2.958000	-0.011021
2.959000	-0.028949
2.960000	-0.011021
2.961000	-0.011021
2.962000	-0.028949
2.963000	0.006907
2.964000	-0.011021
2.965000	-0.011021
2.966000	0.006907
2.967000	-0.011021
2.968000	-0.011021
2.969000	-0.011021
2.970000	-0.011021
2.971000	0.006907
2.972000	0.006907
2.973000	0.006907
2.974000	0.006907
2.975000	0.006907
2.976000	-0.011021
2.977000	-0.011021
2.978000	0.006907
2.979000	-0.011021
2.980000	-0.011021
2.981000	-0.011021
2.982000	-0.011021
2.983000	-0.028949
2.984000	-0.011021
2.985000	-0.011021
2.986000	-0.011021
2.987000	-0.028949
2.988000	-0.011021
2.989000	-0.028949
2.990000	-0.028949
2.991000	-0.028949
2.992000	-0.028949
2.993000	-0.028949
2.994000	-0.028949
2.995000	-0.028949
2.996000	-0.046914
2.997000	-0.028949
2.998000	-0.028949
2.999000	-0.028949
