-0.500000	0.230559
-0.499000	0.230559
-0.498000	0.319502
-0.497000	0.319502
-0.496000	0.319502
-0.495000	0.319502
-0.494000	0.319502
-0.493000	0.319502
-0.492000	0.319502
-0.491000	0.230559
-0.490000	0.408445
-0.489000	0.319502
-0.488000	0.408445
-0.487000	0.319502
-0.486000	0.408445
-0.485000	0.319502
-0.484000	0.230559
-0.483000	0.141616
-0.482000	0.230559
-0.481000	0.141616
-0.480000	0.230559
-0.479000	0.230559
-0.478000	0.319502
-0.477000	0.319502
-0.476000	0.408445
-0.475000	0.408445
-0.474000	0.319502
-0.473000	0.319502
-0.472000	0.319502
-0.471000	0.319502
-0.470000	0.408445
-0.469000	0.408445
-0.468000	0.319502
-0.467000	0.319502
-0.466000	0.319502
-0.465000	0.319502
-0.464000	0.230559
-0.463000	0.319502
-0.462000	0.319502
-0.461000	0.319502
-0.460000	0.319502
-0.459000	0.408445
-0.458000	0.319502
-0.457000	0.319502
-0.456000	0.319502
-0.455000	0.319502
-0.454000	0.230559
-0.453000	0.319502
-0.452000	0.408445
-0.451000	0.319502
-0.450000	0.230559
-0.449000	0.319502
-0.448000	0.230559
-0.447000	0.319502
-0.446000	0.230559
-0.445000	0.319502
-0.444000	0.319502
-0.443000	0.408445
-0.442000	0.408445
-0.441000	0.319502
-0.440000	0.230559
-0.439000	0.319502
-0.438000	0.408445
-0.437000	0.319502
-0.436000	0.408445
-0.435000	0.319502
-0.434000	0.230559
-0.433000	0.230559
-0.432000	0.319502
-0.431000	0.230559
-0.430000	0.230559
-0.429000	0.319502
-0.428000	0.319502
-0.427000	0.230559
-0.426000	0.408445
-0.425000	0.408445
-0.424000	0.319502
-0.423000	0.408445
-0.422000	0.230559
-0.421000	0.319502
-0.420000	0.319502
-0.419000	0.408445
-0.418000	0.497570
-0.417000	0.319502
-0.416000	0.230559
-0.415000	0.319502
-0.414000	0.319502
-0.413000	0.408445
-0.412000	0.319502
-0.411000	0.230559
-0.410000	0.319502
-0.409000	0.408445
-0.408000	0.408445
-0.407000	0.408445
-0.406000	0.319502
-0.405000	0.319502
-0.404000	0.319502
-0.403000	0.408445
-0.402000	0.319502
-0.401000	0.230559
-0.400000	0.230559
-0.399000	0.230559
-0.398000	0.319502
-0.397000	0.141616
-0.396000	0.230559
-0.395000	0.230559
-0.394000	0.230559
-0.393000	0.230559
-0.392000	0.319502
-0.391000	0.319502
-0.390000	0.230559
-0.389000	0.319502
-0.388000	0.230559
-0.387000	0.319502
-0.386000	0.319502
-0.385000	0.230559
-0.384000	0.319502
-0.383000	0.319502
-0.382000	0.408445
-0.381000	0.319502
-0.380000	0.319502
-0.379000	0.230559
-0.378000	0.141616
-0.377000	0.141616
-0.376000	0.319502
-0.375000	0.408445
-0.374000	0.230559
-0.373000	0.319502
-0.372000	0.408445
-0.371000	0.319502
-0.370000	0.408445
-0.369000	0.319502
-0.368000	0.319502
-0.367000	0.230559
-0.366000	0.230559
-0.365000	0.319502
-0.364000	0.319502
-0.363000	0.408445
-0.362000	0.230559
-0.361000	0.319502
-0.360000	0.319502
-0.359000	0.408445
-0.358000	0.319502
-0.357000	0.230559
-0.356000	0.319502
-0.355000	0.319502
-0.354000	0.319502
-0.353000	0.408445
-0.352000	0.319502
-0.351000	0.408445
-0.350000	0.230559
-0.349000	0.408445
-0.348000	0.319502
-0.347000	0.319502
-0.346000	0.319502
-0.345000	0.408445
-0.344000	0.230559
-0.343000	0.319502
-0.342000	0.319502
-0.341000	0.408445
-0.340000	0.408445
-0.339000	0.319502
-0.338000	0.319502
-0.337000	0.319502
-0.336000	0.408445
-0.335000	0.319502
-0.334000	0.230559
-0.333000	0.230559
-0.332000	0.319502
-0.331000	0.319502
-0.330000	0.230559
-0.329000	0.319502
-0.328000	0.230559
-0.327000	0.408445
-0.326000	0.408445
-0.325000	0.230559
-0.324000	0.230559
-0.323000	0.319502
-0.322000	0.319502
-0.321000	0.408445
-0.320000	0.408445
-0.319000	0.319502
-0.318000	0.319502
-0.317000	0.319502
-0.316000	0.319502
-0.315000	0.408445
-0.314000	0.319502
-0.313000	0.319502
-0.312000	0.408445
-0.311000	0.230559
-0.310000	0.230559
-0.309000	0.319502
-0.308000	0.319502
-0.307000	0.319502
-0.306000	0.408445
-0.305000	0.319502
-0.304000	0.408445
-0.303000	0.408445
-0.302000	0.408445
-0.301000	0.141616
-0.300000	0.319502
-0.299000	0.319502
-0.298000	0.230559
-0.297000	0.319502
-0.296000	0.319502
-0.295000	0.319502
-0.294000	0.141616
-0.293000	0.319502
-0.292000	0.319502
-0.291000	0.408445
-0.290000	0.319502
-0.289000	0.408445
-0.288000	0.319502
-0.287000	0.408445
-0.286000	0.230559
-0.285000	0.408445
-0.284000	0.230559
-0.283000	0.230559
-0.282000	0.230559
-0.281000	0.230559
-0.280000	0.319502
-0.279000	0.319502
-0.278000	0.319502
-0.277000	0.230559
-0.276000	0.319502
-0.275000	0.408445
-0.274000	0.408445
-0.273000	0.408445
-0.272000	0.319502
-0.271000	0.319502
-0.270000	0.319502
-0.269000	0.319502
-0.268000	0.319502
-0.267000	0.230559
-0.266000	0.319502
-0.265000	0.230559
-0.264000	0.319502
-0.263000	0.319502
-0.262000	0.319502
-0.261000	0.319502
-0.260000	0.319502
-0.259000	0.319502
-0.258000	0.319502
-0.257000	0.319502
-0.256000	0.319502
-0.255000	0.319502
-0.254000	0.319502
-0.253000	0.319502
-0.252000	0.408445
-0.251000	0.319502
-0.250000	0.141616
-0.249000	0.319502
-0.248000	0.319502
-0.247000	0.319502
-0.246000	0.319502
-0.245000	0.319502
-0.244000	0.319502
-0.243000	0.319502
-0.242000	0.408445
-0.241000	0.408445
-0.240000	0.319502
-0.239000	0.319502
-0.238000	0.319502
-0.237000	0.319502
-0.236000	0.408445
-0.235000	0.319502
-0.234000	0.230559
-0.233000	0.319502
-0.232000	0.319502
-0.231000	0.319502
-0.230000	0.319502
-0.229000	0.319502
-0.228000	0.319502
-0.227000	0.319502
-0.226000	0.319502
-0.225000	0.319502
-0.224000	0.319502
-0.223000	0.497570
-0.222000	0.408445
-0.221000	0.408445
-0.220000	0.319502
-0.219000	0.497570
-0.218000	0.319502
-0.217000	0.230559
-0.216000	0.230559
-0.215000	0.319502
-0.214000	0.408445
-0.213000	0.408445
-0.212000	0.319502
-0.211000	0.319502
-0.210000	0.408445
-0.209000	0.319502
-0.208000	0.319502
-0.207000	0.408445
-0.206000	0.408445
-0.205000	0.319502
-0.204000	0.408445
-0.203000	0.319502
-0.202000	0.408445
-0.201000	0.230559
-0.200000	0.319502
-0.199000	0.319502
-0.198000	0.230559
-0.197000	0.319502
-0.196000	0.230559
-0.195000	0.319502
-0.194000	0.319502
-0.193000	0.319502
-0.192000	0.408445
-0.191000	0.408445
-0.190000	0.408445
-0.189000	0.408445
-0.188000	0.230559
-0.187000	0.408445
-0.186000	0.408445
-0.185000	0.408445
-0.184000	0.319502
-0.183000	0.319502
-0.182000	0.319502
-0.181000	0.319502
-0.180000	0.319502
-0.179000	0.319502
-0.178000	0.319502
-0.177000	0.408445
-0.176000	0.230559
-0.175000	0.319502
-0.174000	0.319502
-0.173000	0.408445
-0.172000	0.319502
-0.171000	0.408445
-0.170000	0.408445
-0.169000	0.408445
-0.168000	0.319502
-0.167000	0.319502
-0.166000	0.408445
-0.165000	0.319502
-0.164000	0.319502
-0.163000	0.319502
-0.162000	0.230559
-0.161000	0.141616
-0.160000	0.319502
-0.159000	0.319502
-0.158000	0.408445
-0.157000	0.408445
-0.156000	0.319502
-0.155000	0.319502
-0.154000	0.408445
-0.153000	0.408445
-0.152000	0.497570
-0.151000	0.319502
-0.150000	0.230559
-0.149000	0.319502
-0.148000	0.319502
-0.147000	0.319502
-0.146000	0.319502
-0.145000	0.319502
-0.144000	0.230559
-0.143000	0.408445
-0.142000	0.408445
-0.141000	0.319502
-0.140000	0.408445
-0.139000	0.319502
-0.138000	0.319502
-0.137000	0.408445
-0.136000	0.497570
-0.135000	0.408445
-0.134000	0.319502
-0.133000	0.230559
-0.132000	0.319502
-0.131000	0.319502
-0.130000	0.230559
-0.129000	0.230559
-0.128000	0.408445
-0.127000	0.319502
-0.126000	0.230559
-0.125000	0.319502
-0.124000	0.319502
-0.123000	0.319502
-0.122000	0.319502
-0.121000	0.408445
-0.120000	0.319502
-0.119000	0.408445
-0.118000	0.230559
-0.117000	0.319502
-0.116000	0.408445
-0.115000	0.408445
-0.114000	0.319502
-0.113000	0.408445
-0.112000	0.319502
-0.111000	0.319502
-0.110000	0.319502
-0.109000	0.319502
-0.108000	0.319502
-0.107000	0.319502
-0.106000	0.408445
-0.105000	0.408445
-0.104000	0.408445
-0.103000	0.408445
-0.102000	0.319502
-0.101000	0.230559
-0.100000	0.319502
-0.099000	0.319502
-0.098000	0.319502
-0.097000	0.319502
-0.096000	0.319502
-0.095000	0.319502
-0.094000	0.319502
-0.093000	0.319502
-0.092000	0.319502
-0.091000	0.319502
-0.090000	0.408445
-0.089000	0.319502
-0.088000	0.319502
-0.087000	0.408445
-0.086000	0.408445
-0.085000	0.319502
-0.084000	0.319502
-0.083000	0.319502
-0.082000	0.319502
-0.081000	0.319502
-0.080000	0.319502
-0.079000	0.319502
-0.078000	0.319502
-0.077000	0.408445
-0.076000	0.319502
-0.075000	0.319502
-0.074000	0.408445
-0.073000	0.319502
-0.072000	0.319502
-0.071000	0.319502
-0.070000	0.408445
-0.069000	0.408445
-0.068000	0.319502
-0.067000	0.319502
-0.066000	0.230559
-0.065000	0.408445
-0.064000	0.319502
-0.063000	0.230559
-0.062000	0.319502
-0.061000	0.230559
-0.060000	0.230559
-0.059000	0.319502
-0.058000	0.408445
-0.057000	0.319502
-0.056000	0.408445
-0.055000	0.408445
-0.054000	0.319502
-0.053000	0.408445
-0.052000	0.408445
-0.051000	0.230559
-0.050000	0.319502
-0.049000	0.319502
-0.048000	0.319502
-0.047000	0.319502
-0.046000	0.319502
-0.045000	0.319502
-0.044000	0.319502
-0.043000	0.319502
-0.042000	0.319502
-0.041000	0.230559
-0.040000	0.230559
-0.039000	0.319502
-0.038000	0.408445
-0.037000	0.230559
-0.036000	0.230559
-0.035000	0.319502
-0.034000	0.230559
-0.033000	0.230559
-0.032000	0.319502
-0.031000	0.141616
-0.030000	0.141616
-0.029000	0.230559
-0.028000	0.319502
-0.027000	0.230559
-0.026000	0.141616
-0.025000	-0.036452
-0.024000	-0.303463
-0.023000	-0.214520
-0.022000	-0.214520
-0.021000	-0.392406
-0.020000	-0.659417
-0.019000	-0.748360
-0.018000	-0.926428
-0.017000	-1.015370
-0.016000	-0.926428
-0.015000	-1.015370
-0.014000	-1.371320
-0.013000	-1.816400
-0.012000	-1.638340
-0.011000	-1.905350
-0.010000	-2.528310
-0.009000	-2.439370
-0.008000	-2.617250
-0.007000	-2.884260
-0.006000	-2.884260
-0.005000	-3.507230
-0.004000	-3.418290
-0.003000	-2.795320
-0.002000	-3.774240
-0.001000	-3.774240
0.000000	-3.507230
0.001000	-4.130190
0.002000	-3.863180
0.003000	-3.507230
0.004000	-3.952130
0.005000	-3.507230
0.006000	-4.041250
0.007000	-2.884260
0.008000	-2.350240
0.009000	-1.905350
0.010000	-1.104310
0.011000	-0.392406
0.012000	0.141616
0.013000	0.942466
0.014000	2.366460
0.015000	2.099450
0.016000	3.701340
0.017000	5.392160
0.018000	4.502190
0.019000	6.193190
0.020000	7.705950
0.021000	6.015130
0.022000	8.595930
0.023000	8.951880
0.024000	6.816160
0.025000	9.129950
0.026000	5.659170
0.027000	4.680250
0.028000	10.909900
0.029000	4.680250
0.030000	4.591310
0.031000	6.460210
0.032000	2.900300
0.033000	-2.617250
0.034000	1.921380
0.035000	2.099450
0.036000	0.497570
0.037000	7.972960
0.038000	6.015130
0.039000	-2.172360
0.040000	-1.193440
0.041000	-0.125395
0.042000	-1.727280
0.043000	1.298420
0.044000	2.722420
0.045000	-1.549390
0.046000	-0.125395
0.047000	-0.926428
0.048000	-4.308260
0.049000	-2.617250
0.050000	-1.549390
0.051000	-1.638340
0.052000	-0.214520
0.053000	-2.528310
0.054000	-6.266100
0.055000	-4.931040
0.056000	-3.329160
0.057000	-4.130190
0.058000	-3.952130
0.059000	-5.554010
0.060000	-6.443980
0.061000	-4.041250
0.062000	-2.172360
0.063000	-4.308260
0.064000	-4.486150
0.065000	-4.486150
0.066000	-3.418290
0.067000	-0.303463
0.068000	-0.392406
0.069000	-1.994290
0.070000	-0.481349
0.071000	0.497570
0.072000	-0.748360
0.073000	2.188400
0.074000	2.277340
0.075000	1.209480
0.076000	1.921380
0.077000	3.345380
0.078000	3.879220
0.079000	4.680250
0.080000	3.879220
0.081000	2.633290
0.082000	2.633290
0.083000	3.879220
0.084000	3.968350
0.085000	4.057290
0.086000	15.181500
0.087000	-14.987400
0.088000	-1.371320
0.089000	4.502190
0.090000	1.921380
0.091000	3.167310
0.092000	5.748120
0.093000	-10.003900
0.094000	-4.931040
0.095000	5.837240
0.096000	0.764581
0.097000	-5.732080
0.098000	-4.130190
0.099000	-2.706200
0.100000	0.052491
0.101000	6.816160
0.102000	0.586513
0.103000	-8.045870
0.104000	-1.104310
0.105000	1.298420
0.106000	2.811360
0.107000	-2.172360
0.108000	-10.626700
0.109000	-7.512030
0.110000	-2.083230
0.111000	-0.570474
0.112000	2.366460
0.113000	-4.575090
0.114000	-11.783700
0.115000	-4.130190
0.116000	1.298420
0.117000	-5.376120
0.118000	-3.685300
0.119000	-5.376120
0.120000	-7.422900
0.121000	-4.842100
0.122000	2.099450
0.123000	-2.261300
0.124000	-6.889060
0.125000	-4.130190
0.126000	-1.371320
0.127000	1.921380
0.128000	0.586513
0.129000	-0.659417
0.130000	-3.151280
0.131000	-0.392406
0.132000	-0.303463
0.133000	4.235360
0.134000	2.633290
0.135000	-2.172360
0.136000	-1.549390
0.137000	2.188400
0.138000	0.942466
0.139000	0.230559
0.140000	-0.481349
0.141000	-2.439370
0.142000	1.298420
0.143000	3.523270
0.144000	3.790280
0.145000	0.586513
0.146000	-3.418290
0.147000	-2.795320
0.148000	0.853524
0.149000	0.230559
0.150000	-4.130190
0.151000	-4.041250
0.152000	-7.333960
0.153000	-3.596170
0.154000	-1.994290
0.155000	-3.329160
0.156000	-6.443980
0.157000	-4.931040
0.158000	-4.842100
0.159000	-3.863180
0.160000	-1.905350
0.161000	-4.486150
0.162000	-7.512030
0.163000	-5.821020
0.164000	-3.507230
0.165000	-4.130190
0.166000	-2.884260
0.167000	-9.113910
0.168000	-7.245020
0.169000	-7.066950
0.170000	-5.732080
0.171000	-4.664220
0.172000	-5.020170
0.173000	-6.889060
0.174000	-5.554010
0.175000	-0.659417
0.176000	-8.757960
0.177000	-5.109110
0.178000	-3.952130
0.179000	-5.287180
0.180000	-4.130190
0.181000	-1.460450
0.182000	-3.418290
0.183000	-5.109110
0.184000	10.553800
0.185000	-22.374100
0.186000	-0.303463
0.187000	1.031410
0.188000	9.574850
0.189000	-8.401820
0.190000	-6.443980
0.191000	-0.926428
0.192000	-1.549390
0.193000	-12.050700
0.194000	3.701340
0.195000	7.795080
0.196000	-15.699500
0.197000	-10.715800
0.198000	1.476490
0.199000	-3.240220
0.200000	-5.643130
0.201000	1.209480
0.202000	-2.706200
0.203000	-10.003900
0.204000	-5.821020
0.205000	-3.418290
0.206000	-2.973210
0.207000	-6.088030
0.208000	-9.558810
0.209000	-6.622050
0.210000	-5.910150
0.211000	-8.045870
0.212000	-1.460450
0.213000	9.663970
0.214000	-40.884701
0.215000	-9.469870
0.216000	-4.931040
0.217000	0.853524
0.218000	-14.453600
0.219000	-8.490950
0.220000	-14.453600
0.221000	2.633290
0.222000	7.083170
0.223000	-7.600970
0.224000	-13.652500
0.225000	-10.893700
0.226000	-5.109110
0.227000	-0.036452
0.228000	1.832440
0.229000	-19.526199
0.230000	-17.568199
0.231000	-1.460450
0.232000	1.031410
0.233000	-7.245020
0.234000	-6.266100
0.235000	-5.554010
0.236000	3.256260
0.237000	8.595930
0.238000	-4.397200
0.239000	-13.207700
0.240000	-1.816400
0.241000	2.277340
0.242000	2.455410
0.243000	6.104070
0.244000	-6.176970
0.245000	-10.181800
0.246000	0.497570
0.247000	5.926180
0.248000	4.591310
0.249000	-2.973210
0.250000	-5.109110
0.251000	-3.596170
0.252000	4.413240
0.253000	8.239970
0.254000	-1.282380
0.255000	-7.512030
0.256000	-7.956920
0.257000	-2.350240
0.258000	3.078370
0.259000	-0.036452
0.260000	-6.889060
0.261000	-4.486150
0.262000	0.230559
0.263000	0.230559
0.264000	0.853524
0.265000	-0.837485
0.266000	-8.579890
0.267000	-6.355040
0.268000	2.277340
0.269000	1.565430
0.270000	-2.973210
0.271000	-2.261300
0.272000	-6.355040
0.273000	-3.329160
0.274000	2.900300
0.275000	2.277340
0.276000	-0.570474
0.277000	-0.926428
0.278000	-0.392406
0.279000	1.031410
0.280000	3.612390
0.281000	3.167310
0.282000	0.853524
0.283000	1.120530
0.284000	2.633290
0.285000	2.277340
0.286000	0.319502
0.287000	0.764581
0.288000	0.675456
0.289000	1.565430
0.290000	3.968350
0.291000	1.743500
0.292000	-1.015370
0.293000	1.743500
0.294000	2.989430
0.295000	1.654370
0.296000	0.586513
0.297000	-0.926428
0.298000	-0.481349
0.299000	-0.926428
0.300000	-0.036452
0.301000	-2.083230
0.302000	-5.109110
0.303000	-2.350240
0.304000	-0.926428
0.305000	-3.151280
0.306000	-4.753160
0.307000	-6.533110
0.308000	-6.355040
0.309000	-4.842100
0.310000	-5.732080
0.311000	-7.689910
0.312000	-8.045870
0.313000	-8.846900
0.314000	-9.914760
0.315000	-7.600970
0.316000	-8.757960
0.317000	-11.160700
0.318000	-9.024790
0.319000	-9.469870
0.320000	-10.804700
0.321000	-9.469870
0.322000	-8.134990
0.323000	-10.270700
0.324000	-9.380920
0.325000	-12.139600
0.326000	-13.919600
0.327000	-11.071700
0.328000	-11.071700
0.329000	-8.045870
0.330000	-8.490950
0.331000	-10.893700
0.332000	-9.202850
0.333000	-8.757960
0.334000	-5.910150
0.335000	-6.088030
0.336000	-8.045870
0.337000	-6.978010
0.338000	-6.889060
0.339000	-8.045870
0.340000	-5.910150
0.341000	-6.088030
0.342000	-7.512030
0.343000	-5.198060
0.344000	-2.795320
0.345000	-4.130190
0.346000	-5.465070
0.347000	-4.842100
0.348000	-4.842100
0.349000	-4.397200
0.350000	-3.151280
0.351000	-4.308260
0.352000	-4.397200
0.353000	-2.617250
0.354000	-3.062330
0.355000	-7.333960
0.356000	-6.978010
0.357000	-4.842100
0.358000	-9.914760
0.359000	-9.380920
0.360000	-7.156070
0.361000	-8.134990
0.362000	-7.600970
0.363000	-5.999090
0.364000	-7.245020
0.365000	-10.359800
0.366000	-10.537700
0.367000	-7.867980
0.368000	-8.401820
0.369000	-9.647750
0.370000	-10.626700
0.371000	-11.071700
0.372000	-8.045870
0.373000	-11.694700
0.374000	-15.788500
0.375000	-10.181800
0.376000	-9.825820
0.377000	-10.003900
0.378000	-8.579890
0.379000	-12.406600
0.380000	-15.165500
0.381000	0.141616
0.382000	9.129950
0.383000	0.230559
0.384000	-2.350240
0.385000	-15.699500
0.386000	-3.952130
0.387000	22.034100
0.388000	2.900300
0.389000	-19.437099
0.390000	-12.317700
0.391000	-8.401820
0.392000	-5.554010
0.393000	2.099450
0.394000	-1.638340
0.395000	-12.050700
0.396000	-12.050700
0.397000	-5.109110
0.398000	-2.973210
0.399000	13.846700
0.400000	16.516399
0.401000	-9.024790
0.402000	-10.893700
0.403000	1.743500
0.404000	2.989430
0.405000	3.434330
0.406000	3.434330
0.407000	0.230559
0.408000	-1.638340
0.409000	1.209480
0.410000	1.209480
0.411000	-4.219140
0.412000	-8.045870
0.413000	-7.422900
0.414000	-3.863180
0.415000	3.968350
0.416000	5.125150
0.417000	-5.198060
0.418000	-3.596170
0.419000	3.167310
0.420000	2.188400
0.421000	1.387550
0.422000	-1.104310
0.423000	-4.664220
0.424000	-2.083230
0.425000	0.675456
0.426000	-5.109110
0.427000	-13.207700
0.428000	-12.851700
0.429000	-4.041250
0.430000	-0.748360
0.431000	-2.884260
0.432000	-6.443980
0.433000	-7.689910
0.434000	-3.062330
0.435000	0.497570
0.436000	-1.460450
0.437000	-4.219140
0.438000	-3.952130
0.439000	-2.884260
0.440000	-0.125395
0.441000	0.408445
0.442000	-7.600970
0.443000	-9.647750
0.444000	-5.109110
0.445000	-3.240220
0.446000	-1.015370
0.447000	-1.371320
0.448000	-1.994290
0.449000	0.675456
0.450000	1.209480
0.451000	-0.125395
0.452000	-0.214520
0.453000	-1.104310
0.454000	-0.926428
0.455000	-0.659417
0.456000	-1.015370
0.457000	-3.507230
0.458000	-7.512030
0.459000	-8.223940
0.460000	-4.041250
0.461000	-3.952130
0.462000	-5.732080
0.463000	-4.308260
0.464000	-4.308260
0.465000	-4.486150
0.466000	-4.041250
0.467000	-4.130190
0.468000	-5.198060
0.469000	-6.799940
0.470000	-6.799940
0.471000	-4.842100
0.472000	-8.134990
0.473000	-10.893700
0.474000	-8.846900
0.475000	-9.647750
0.476000	-9.024790
0.477000	-6.622050
0.478000	-6.533110
0.479000	-7.245020
0.480000	-6.355040
0.481000	-4.664220
0.482000	-2.706200
0.483000	-4.130190
0.484000	-6.622050
0.485000	-5.109110
0.486000	-4.931040
0.487000	-5.376120
0.488000	-6.266100
0.489000	-5.376120
0.490000	-2.884260
0.491000	-1.104310
0.492000	-1.015370
0.493000	-1.727280
0.494000	0.675456
0.495000	0.319502
0.496000	1.565430
0.497000	4.591310
0.498000	2.277340
0.499000	1.298420
0.500000	2.455410
0.501000	1.298420
0.502000	2.277340
0.503000	4.413240
0.504000	4.947270
0.505000	3.078370
0.506000	5.125150
0.507000	4.502190
0.508000	2.722420
0.509000	5.481100
0.510000	5.926180
0.511000	3.523270
0.512000	3.879220
0.513000	4.324300
0.514000	2.188400
0.515000	1.120530
0.516000	2.277340
0.517000	0.764581
0.518000	0.497570
0.519000	3.523270
0.520000	2.544350
0.521000	-1.460450
0.522000	1.209480
0.523000	0.942466
0.524000	-1.015370
0.525000	-0.125395
0.526000	-2.172360
0.527000	-4.130190
0.528000	-1.371320
0.529000	-0.481349
0.530000	-2.795320
0.531000	-2.706200
0.532000	-2.261300
0.533000	-4.041250
0.534000	-0.926428
0.535000	0.586513
0.536000	-5.999090
0.537000	-3.418290
0.538000	-0.214520
0.539000	-2.706200
0.540000	-2.261300
0.541000	-1.727280
0.542000	-4.308260
0.543000	-1.727280
0.544000	1.298420
0.545000	0.141616
0.546000	-0.570474
0.547000	-0.570474
0.548000	-1.638340
0.549000	0.230559
0.550000	1.209480
0.551000	-0.125395
0.552000	-3.062330
0.553000	-0.837485
0.554000	0.408445
0.555000	-0.392406
0.556000	0.052491
0.557000	1.031410
0.558000	-1.015370
0.559000	-0.392406
0.560000	1.209480
0.561000	-0.659417
0.562000	-2.439370
0.563000	-1.282380
0.564000	-1.727280
0.565000	-1.638340
0.566000	-1.549390
0.567000	-2.884260
0.568000	-2.795320
0.569000	-1.638340
0.570000	-1.905350
0.571000	-4.842100
0.572000	-3.952130
0.573000	-2.350240
0.574000	-2.172360
0.575000	-4.130190
0.576000	-4.219140
0.577000	-4.664220
0.578000	-4.842100
0.579000	-6.088030
0.580000	-4.753160
0.581000	-3.685300
0.582000	-4.575090
0.583000	-3.863180
0.584000	-2.261300
0.585000	-3.329160
0.586000	-5.109110
0.587000	-5.109110
0.588000	-3.507230
0.589000	-2.172360
0.590000	-0.392406
0.591000	-1.282380
0.592000	-2.706200
0.593000	-1.282380
0.594000	0.230559
0.595000	0.586513
0.596000	1.565430
0.597000	0.586513
0.598000	-1.282380
0.599000	1.209480
0.600000	1.209480
0.601000	-1.371320
0.602000	-1.104310
0.603000	0.853524
0.604000	2.722420
0.605000	2.010330
0.606000	1.921380
0.607000	0.764581
0.608000	1.921380
0.609000	4.858140
0.610000	1.832440
0.611000	-1.104310
0.612000	-0.926428
0.613000	1.031410
0.614000	-0.570474
0.615000	-0.659417
0.616000	-2.350240
0.617000	-2.528310
0.618000	-0.392406
0.619000	0.942466
0.620000	-0.214520
0.621000	-0.659417
0.622000	-0.570474
0.623000	-0.214520
0.624000	0.230559
0.625000	-1.549390
0.626000	-4.041250
0.627000	-2.261300
0.628000	-0.570474
0.629000	-1.994290
0.630000	-2.706200
0.631000	-1.905350
0.632000	-2.172360
0.633000	-1.460450
0.634000	-0.036452
0.635000	-0.748360
0.636000	-1.104310
0.637000	-0.837485
0.638000	-0.125395
0.639000	-1.282380
0.640000	-2.261300
0.641000	-2.350240
0.642000	-0.125395
0.643000	0.141616
0.644000	0.319502
0.645000	1.654370
0.646000	0.586513
0.647000	-0.481349
0.648000	0.675456
0.649000	1.476490
0.650000	0.052491
0.651000	1.743500
0.652000	2.010330
0.653000	1.387550
0.654000	-1.638340
0.655000	-0.748360
0.656000	2.900300
0.657000	2.188400
0.658000	-0.125395
0.659000	0.230559
0.660000	1.031410
0.661000	-0.481349
0.662000	2.099450
0.663000	3.523270
0.664000	0.675456
0.665000	-0.926428
0.666000	1.209480
0.667000	1.031410
0.668000	0.853524
0.669000	1.743500
0.670000	-1.727280
0.671000	-2.706200
0.672000	0.853524
0.673000	1.476490
0.674000	-0.036452
0.675000	-0.837485
0.676000	-2.528310
0.677000	-4.753160
0.678000	-2.261300
0.679000	1.832440
0.680000	3.167310
0.681000	-3.596170
0.682000	-6.622050
0.683000	-1.460450
0.684000	2.366460
0.685000	3.701340
0.686000	-3.240220
0.687000	-8.668830
0.688000	-5.020170
0.689000	0.675456
0.690000	1.120530
0.691000	-1.460450
0.692000	-2.795320
0.693000	-1.727280
0.694000	1.565430
0.695000	1.743500
0.696000	3.256260
0.697000	-2.172360
0.698000	-4.575090
0.699000	2.544350
0.700000	2.900300
0.701000	-0.303463
0.702000	-2.439370
0.703000	-6.355040
0.704000	-13.296600
0.705000	-7.422900
0.706000	-1.905350
0.707000	-6.266100
0.708000	-6.711000
0.709000	-1.460450
0.710000	-0.481349
0.711000	-0.481349
0.712000	1.031410
0.713000	0.141616
0.714000	-2.439370
0.715000	0.052491
0.716000	3.968350
0.717000	2.544350
0.718000	0.497570
0.719000	1.743500
0.720000	4.947270
0.721000	5.926180
0.722000	4.324300
0.723000	1.476490
0.724000	-0.748360
0.725000	1.209480
0.726000	5.570230
0.727000	2.722420
0.728000	-0.837485
0.729000	-0.481349
0.730000	-8.045870
0.731000	-3.151280
0.732000	6.727030
0.733000	5.125150
0.734000	-4.130190
0.735000	3.523270
0.736000	14.380700
0.737000	2.010330
0.738000	-11.249600
0.739000	-0.481349
0.740000	4.591310
0.741000	-1.104310
0.742000	1.031410
0.743000	6.994050
0.744000	3.790280
0.745000	0.853524
0.746000	0.675456
0.747000	-3.952130
0.748000	-5.020170
0.749000	4.947270
0.750000	10.019900
0.751000	-0.214520
0.752000	-1.193440
0.753000	0.497570
0.754000	-6.088030
0.755000	-4.753160
0.756000	4.324300
0.757000	3.256260
0.758000	-11.249600
0.759000	-8.579890
0.760000	9.574850
0.761000	16.961500
0.762000	4.591310
0.763000	-1.727280
0.764000	-0.392406
0.765000	4.235360
0.766000	2.900300
0.767000	-10.003900
0.768000	-14.097400
0.769000	-2.350240
0.770000	7.172110
0.771000	5.659170
0.772000	-3.062330
0.773000	-5.999090
0.774000	0.052491
0.775000	5.303220
0.776000	9.308020
0.777000	10.553800
0.778000	6.816160
0.779000	-0.036452
0.780000	-5.999090
0.781000	-1.549390
0.782000	5.837240
0.783000	-3.685300
0.784000	-11.071700
0.785000	0.408445
0.786000	2.989430
0.787000	-3.418290
0.788000	-1.104310
0.789000	-1.282380
0.790000	-0.837485
0.791000	6.816160
0.792000	8.239970
0.793000	0.052491
0.794000	-4.219140
0.795000	-8.846900
0.796000	-2.795320
0.797000	1.209480
0.798000	-7.956920
0.799000	-7.867980
0.800000	3.167310
0.801000	4.324300
0.802000	-1.193440
0.803000	5.214280
0.804000	5.837240
0.805000	-9.380920
0.806000	-10.359800
0.807000	2.989430
0.808000	3.612390
0.809000	-3.240220
0.810000	-5.109110
0.811000	-5.732080
0.812000	5.392160
0.813000	13.312600
0.814000	-3.329160
0.815000	-9.113910
0.816000	-0.659417
0.817000	6.371080
0.818000	12.689700
0.819000	5.570230
0.820000	-9.647750
0.821000	-7.512030
0.822000	11.087800
0.823000	11.354800
0.824000	-3.062330
0.825000	-9.469870
0.826000	-4.842100
0.827000	9.930980
0.828000	13.490700
0.829000	-2.973210
0.830000	-10.804700
0.831000	2.989430
0.832000	15.092600
0.833000	6.994050
0.834000	-3.596170
0.835000	-11.071700
0.836000	-2.261300
0.837000	14.380700
0.838000	3.701340
0.839000	-15.610400
0.840000	-10.448800
0.841000	0.586513
0.842000	6.371080
0.843000	1.476490
0.844000	-12.317700
0.845000	-7.689910
0.846000	12.689700
0.847000	17.317400
0.848000	-4.664220
0.849000	-8.401820
0.850000	3.167310
0.851000	4.591310
0.852000	3.790280
0.853000	-5.465070
0.854000	-12.228700
0.855000	-5.376120
0.856000	2.010330
0.857000	3.345380
0.858000	5.125150
0.859000	2.277340
0.860000	2.010330
0.861000	9.663970
0.862000	7.884020
0.863000	-0.036452
0.864000	-1.104310
0.865000	1.031410
0.866000	1.921380
0.867000	3.790280
0.868000	-2.350240
0.869000	-12.673600
0.870000	-4.308260
0.871000	6.994050
0.872000	7.172110
0.873000	1.654370
0.874000	1.921380
0.875000	5.036210
0.876000	12.600700
0.877000	13.579600
0.878000	-3.062330
0.879000	-16.322300
0.880000	-3.151280
0.881000	10.286900
0.882000	-1.727280
0.883000	-10.359800
0.884000	-6.355040
0.885000	-4.130190
0.886000	0.942466
0.887000	8.595930
0.888000	0.230559
0.889000	-8.490950
0.890000	4.769200
0.891000	13.490700
0.892000	2.010330
0.893000	-3.863180
0.894000	-5.198060
0.895000	-8.935840
0.896000	-0.214520
0.897000	3.523270
0.898000	-8.935840
0.899000	-11.160700
0.900000	1.565430
0.901000	3.790280
0.902000	-1.104310
0.903000	2.900300
0.904000	2.277340
0.905000	-0.392406
0.906000	6.638090
0.907000	9.129950
0.908000	2.277340
0.909000	-1.015370
0.910000	-3.952130
0.911000	-4.130190
0.912000	5.926180
0.913000	4.235360
0.914000	-7.512030
0.915000	-4.486150
0.916000	9.574850
0.917000	10.553800
0.918000	6.638090
0.919000	0.230559
0.920000	-2.350240
0.921000	6.371080
0.922000	10.108900
0.923000	-1.638340
0.924000	-7.512030
0.925000	-1.193440
0.926000	4.947270
0.927000	0.052491
0.928000	-3.418290
0.929000	-1.638340
0.930000	2.455410
0.931000	3.790280
0.932000	5.214280
0.933000	1.298420
0.934000	-5.643130
0.935000	-3.952130
0.936000	3.790280
0.937000	9.574850
0.938000	4.858140
0.939000	-5.554010
0.940000	-8.134990
0.941000	3.167310
0.942000	8.774000
0.943000	2.366460
0.944000	-2.973210
0.945000	-3.151280
0.946000	-2.973210
0.947000	1.387550
0.948000	2.188400
0.949000	1.031410
0.950000	-3.062330
0.951000	-0.125395
0.952000	0.319502
0.953000	5.570230
0.954000	3.523270
0.955000	-5.643130
0.956000	-3.240220
0.957000	0.586513
0.958000	-2.083230
0.959000	-4.041250
0.960000	-1.549390
0.961000	-3.062330
0.962000	-0.214520
0.963000	3.790280
0.964000	3.078370
0.965000	-3.863180
0.966000	-1.638340
0.967000	3.968350
0.968000	-0.303463
0.969000	-4.575090
0.970000	-5.554010
0.971000	-8.312880
0.972000	-2.884260
0.973000	5.659170
0.974000	0.853524
0.975000	-2.795320
0.976000	1.743500
0.977000	3.523270
0.978000	2.366460
0.979000	6.104070
0.980000	-1.104310
0.981000	-4.753160
0.982000	3.256260
0.983000	4.502190
0.984000	-1.905350
0.985000	-1.460450
0.986000	4.413240
0.987000	7.083170
0.988000	6.104070
0.989000	1.476490
0.990000	0.141616
0.991000	2.722420
0.992000	1.654370
0.993000	-1.193440
0.994000	-2.350240
0.995000	-2.973210
0.996000	1.209480
0.997000	5.481100
0.998000	0.675456
0.999000	1.921380
1.000000	4.591310
1.001000	-0.125395
1.002000	0.052491
1.003000	0.675456
1.004000	-5.020170
1.005000	-8.401820
1.006000	-5.732080
1.007000	-5.554010
1.008000	-2.083230
1.009000	0.764581
1.010000	-1.727280
1.011000	-3.596170
1.012000	0.675456
1.013000	-0.214520
1.014000	-4.397200
1.015000	-3.685300
1.016000	-0.748360
1.017000	-2.795320
1.018000	-3.240220
1.019000	-1.638340
1.020000	-2.795320
1.021000	-2.617250
1.022000	0.319502
1.023000	2.099450
1.024000	1.832440
1.025000	1.120530
1.026000	0.408445
1.027000	2.544350
1.028000	3.523270
1.029000	3.701340
1.030000	5.303220
1.031000	6.638090
1.032000	4.858140
1.033000	4.858140
1.034000	4.591310
1.035000	3.701340
1.036000	3.078370
1.037000	2.544350
1.038000	3.345380
1.039000	8.951880
1.040000	8.062090
1.041000	2.544350
1.042000	5.837240
1.043000	10.464800
1.044000	5.303220
1.045000	5.125150
1.046000	7.172110
1.047000	-0.926428
1.048000	-2.884260
1.049000	0.408445
1.050000	-1.727280
1.051000	-3.952130
1.052000	-2.261300
1.053000	-5.020170
1.054000	-3.418290
1.055000	2.544350
1.056000	1.298420
1.057000	-1.549390
1.058000	0.141616
1.059000	-0.125395
1.060000	-3.329160
1.061000	-1.816400
1.062000	-1.549390
1.063000	-5.376120
1.064000	-8.757960
1.065000	-3.329160
1.066000	1.209480
1.067000	-0.837485
1.068000	-4.130190
1.069000	-3.774240
1.070000	-0.748360
1.071000	2.099450
1.072000	3.434330
1.073000	-1.371320
1.074000	0.408445
1.075000	8.685050
1.076000	5.926180
1.077000	1.120530
1.078000	2.188400
1.079000	-0.748360
1.080000	-0.392406
1.081000	4.858140
1.082000	3.879220
1.083000	1.120530
1.084000	3.968350
1.085000	5.748120
1.086000	5.926180
1.087000	7.972960
1.088000	3.523270
1.089000	-0.125395
1.090000	5.392160
1.091000	6.816160
1.092000	-0.837485
1.093000	-0.659417
1.094000	-0.748360
1.095000	-2.706200
1.096000	1.120530
1.097000	2.188400
1.098000	-3.151280
1.099000	-1.282380
1.100000	3.523270
1.101000	0.497570
1.102000	-2.706200
1.103000	-1.549390
1.104000	-1.816400
1.105000	-3.863180
1.106000	-0.748360
1.107000	-1.193440
1.108000	-8.045870
1.109000	-5.643130
1.110000	1.298420
1.111000	-2.172360
1.112000	-6.711000
1.113000	-3.062330
1.114000	-1.193440
1.115000	-1.816400
1.116000	0.764581
1.117000	-0.748360
1.118000	-4.753160
1.119000	-3.151280
1.120000	0.052491
1.121000	-0.837485
1.122000	-1.816400
1.123000	-3.596170
1.124000	0.853524
1.125000	5.481100
1.126000	0.052491
1.127000	-5.020170
1.128000	2.722420
1.129000	9.308020
1.130000	1.120530
1.131000	-4.308260
1.132000	4.413240
1.133000	6.816160
1.134000	0.052491
1.135000	-1.282380
1.136000	2.900300
1.137000	1.832440
1.138000	1.832440
1.139000	6.905100
1.140000	8.328920
1.141000	4.947270
1.142000	4.413240
1.143000	3.523270
1.144000	-0.036452
1.145000	-1.638340
1.146000	-1.015370
1.147000	-1.905350
1.148000	-2.350240
1.149000	-3.062330
1.150000	-1.727280
1.151000	3.167310
1.152000	0.497570
1.153000	-5.643130
1.154000	-4.397200
1.155000	0.675456
1.156000	0.319502
1.157000	-4.130190
1.158000	-2.261300
1.159000	-0.481349
1.160000	-4.308260
1.161000	-5.109110
1.162000	-4.130190
1.163000	-3.863180
1.164000	-1.994290
1.165000	-3.151280
1.166000	-5.732080
1.167000	-4.397200
1.168000	-2.795320
1.169000	-2.617250
1.170000	0.230559
1.171000	2.633290
1.172000	-0.659417
1.173000	-2.617250
1.174000	1.654370
1.175000	3.167310
1.176000	-0.570474
1.177000	-1.015370
1.178000	1.120530
1.179000	2.633290
1.180000	2.455410
1.181000	2.010330
1.182000	2.188400
1.183000	4.324300
1.184000	4.591310
1.185000	4.591310
1.186000	6.905100
1.187000	4.947270
1.188000	2.455410
1.189000	2.544350
1.190000	2.455410
1.191000	2.099450
1.192000	2.722420
1.193000	0.497570
1.194000	-1.460450
1.195000	2.099450
1.196000	4.324300
1.197000	0.497570
1.198000	-0.748360
1.199000	2.633290
1.200000	2.633290
1.201000	1.209480
1.202000	-0.392406
1.203000	-2.261300
1.204000	-1.549390
1.205000	-0.125395
1.206000	-3.596170
1.207000	-5.465070
1.208000	-2.706200
1.209000	-0.837485
1.210000	-1.104310
1.211000	-0.214520
1.212000	-0.481349
1.213000	-1.104310
1.214000	-1.638340
1.215000	-0.570474
1.216000	-0.926428
1.217000	-1.193440
1.218000	-1.638340
1.219000	0.408445
1.220000	0.764581
1.221000	-0.125395
1.222000	0.942466
1.223000	0.497570
1.224000	0.586513
1.225000	2.455410
1.226000	4.235360
1.227000	0.853524
1.228000	1.832440
1.229000	3.434330
1.230000	3.078370
1.231000	2.989430
1.232000	4.769200
1.233000	1.832440
1.234000	0.497570
1.235000	4.235360
1.236000	3.523270
1.237000	1.654370
1.238000	2.633290
1.239000	2.811360
1.240000	1.031410
1.241000	2.455410
1.242000	3.078370
1.243000	2.188400
1.244000	3.078370
1.245000	3.701340
1.246000	1.476490
1.247000	1.120530
1.248000	2.544350
1.249000	1.209480
1.250000	-0.570474
1.251000	-0.125395
1.252000	-0.125395
1.253000	-0.214520
1.254000	2.366460
1.255000	2.455410
1.256000	-0.214520
1.257000	-1.015370
1.258000	-0.570474
1.259000	-0.303463
1.260000	-0.837485
1.261000	-1.994290
1.262000	-3.774240
1.263000	-1.816400
1.264000	0.586513
1.265000	-0.392406
1.266000	-3.685300
1.267000	-4.842100
1.268000	-0.659417
1.269000	2.099450
1.270000	-0.481349
1.271000	-2.083230
1.272000	-0.303463
1.273000	1.031410
1.274000	1.031410
1.275000	0.497570
1.276000	-1.638340
1.277000	-1.816400
1.278000	2.633290
1.279000	2.544350
1.280000	-1.638340
1.281000	-1.727280
1.282000	1.120530
1.283000	2.188400
1.284000	3.523270
1.285000	2.811360
1.286000	-0.570474
1.287000	0.853524
1.288000	4.502190
1.289000	1.565430
1.290000	-2.706200
1.291000	-0.125395
1.292000	2.455410
1.293000	1.298420
1.294000	2.366460
1.295000	2.900300
1.296000	-0.036452
1.297000	-0.036452
1.298000	1.654370
1.299000	0.230559
1.300000	-0.570474
1.301000	-1.549390
1.302000	-4.308260
1.303000	0.764581
1.304000	5.926180
1.305000	-1.104310
1.306000	-5.020170
1.307000	-4.931040
1.308000	3.078370
1.309000	2.277340
1.310000	4.413240
1.311000	-8.935840
1.312000	-1.638340
1.313000	3.879220
1.314000	-2.617250
1.315000	-10.804700
1.316000	-10.270700
1.317000	-1.282380
1.318000	14.380700
1.319000	12.689700
1.320000	-6.622050
1.321000	-9.202850
1.322000	7.172110
1.323000	7.083170
1.324000	-1.371320
1.325000	-1.282380
1.326000	-4.130190
1.327000	-2.083230
1.328000	10.108900
1.329000	5.125150
1.330000	-9.825820
1.331000	-3.329160
1.332000	-0.481349
1.333000	-4.219140
1.334000	2.722420
1.335000	0.942466
1.336000	-10.181800
1.337000	-1.994290
1.338000	9.485900
1.339000	2.900300
1.340000	-2.350240
1.341000	0.408445
1.342000	0.141616
1.343000	0.230559
1.344000	6.549150
1.345000	6.549150
1.346000	-5.999090
1.347000	-6.533110
1.348000	3.523270
1.349000	3.612390
1.350000	-1.193440
1.351000	-1.460450
1.352000	-3.596170
1.353000	-1.994290
1.354000	7.083170
1.355000	3.879220
1.356000	-10.537700
1.357000	-7.156070
1.358000	5.926180
1.359000	8.328920
1.360000	4.324300
1.361000	-3.685300
1.362000	-8.490950
1.363000	-0.659417
1.364000	9.574850
1.365000	1.298420
1.366000	-11.605800
1.367000	-8.579890
1.368000	3.256260
1.369000	7.972960
1.370000	5.748120
1.371000	0.408445
1.372000	-4.219140
1.373000	1.654370
1.374000	11.977800
1.375000	7.350000
1.376000	-6.443980
1.377000	-8.579890
1.378000	-2.350240
1.379000	3.968350
1.380000	6.638090
1.381000	1.031410
1.382000	-4.308260
1.383000	1.921380
1.384000	10.464800
1.385000	6.282140
1.386000	-0.926428
1.387000	-1.816400
1.388000	1.387550
1.389000	3.078370
1.390000	3.078370
1.391000	-0.481349
1.392000	-5.109110
1.393000	-3.774240
1.394000	3.612390
1.395000	5.036210
1.396000	1.031410
1.397000	-0.125395
1.398000	-0.125395
1.399000	2.722420
1.400000	6.193190
1.401000	1.031410
1.402000	-6.889060
1.403000	-3.151280
1.404000	3.612390
1.405000	3.167310
1.406000	1.120530
1.407000	-0.036452
1.408000	-2.706200
1.409000	-2.973210
1.410000	0.141616
1.411000	1.743500
1.412000	1.209480
1.413000	0.942466
1.414000	-0.392406
1.415000	0.319502
1.416000	2.811360
1.417000	2.455410
1.418000	-2.439370
1.419000	-3.863180
1.420000	0.230559
1.421000	3.256260
1.422000	3.256260
1.423000	1.832440
1.424000	-0.125395
1.425000	-0.570474
1.426000	2.900300
1.427000	5.125150
1.428000	2.099450
1.429000	-0.392406
1.430000	0.497570
1.431000	2.989430
1.432000	3.879220
1.433000	1.120530
1.434000	-3.151280
1.435000	-1.994290
1.436000	2.989430
1.437000	2.811360
1.438000	-1.371320
1.439000	-2.528310
1.440000	-0.481349
1.441000	2.010330
1.442000	3.523270
1.443000	1.565430
1.444000	-1.994290
1.445000	-2.083230
1.446000	1.209480
1.447000	2.455410
1.448000	-0.481349
1.449000	-4.219140
1.450000	-3.774240
1.451000	0.319502
1.452000	1.921380
1.453000	0.230559
1.454000	-2.350240
1.455000	-1.816400
1.456000	-0.659417
1.457000	1.120530
1.458000	1.565430
1.459000	-1.549390
1.460000	-4.308260
1.461000	-2.083230
1.462000	1.832440
1.463000	2.010330
1.464000	-0.392406
1.465000	-1.371320
1.466000	-1.460450
1.467000	0.586513
1.468000	2.811360
1.469000	2.544350
1.470000	-0.659417
1.471000	-0.570474
1.472000	1.565430
1.473000	1.921380
1.474000	0.675456
1.475000	-0.570474
1.476000	-1.282380
1.477000	0.052491
1.478000	2.544350
1.479000	1.654370
1.480000	-0.570474
1.481000	0.853524
1.482000	2.277340
1.483000	1.476490
1.484000	1.565430
1.485000	1.031410
1.486000	-1.015370
1.487000	-1.104310
1.488000	1.120530
1.489000	0.319502
1.490000	-1.371320
1.491000	-0.570474
1.492000	0.230559
1.493000	0.052491
1.494000	0.853524
1.495000	1.298420
1.496000	-0.392406
1.497000	-0.125395
1.498000	0.052491
1.499000	-1.460450
1.500000	-1.015370
1.501000	-0.748360
1.502000	-2.973210
1.503000	-1.282380
1.504000	1.654370
1.505000	-0.570474
1.506000	-3.596170
1.507000	-1.816400
1.508000	1.120530
1.509000	1.476490
1.510000	0.764581
1.511000	-0.748360
1.512000	-2.172360
1.513000	-0.837485
1.514000	2.099450
1.515000	0.497570
1.516000	-1.994290
1.517000	-0.570474
1.518000	1.298420
1.519000	1.209480
1.520000	0.764581
1.521000	0.141616
1.522000	-1.371320
1.523000	0.586513
1.524000	2.900300
1.525000	1.209480
1.526000	-0.659417
1.527000	0.408445
1.528000	1.031410
1.529000	1.654370
1.530000	2.277340
1.531000	-0.036452
1.532000	-1.727280
1.533000	-0.125395
1.534000	1.743500
1.535000	0.853524
1.536000	-0.748360
1.537000	0.586513
1.538000	1.654370
1.539000	2.099450
1.540000	1.298420
1.541000	-0.125395
1.542000	-0.036452
1.543000	0.764581
1.544000	1.031410
1.545000	0.497570
1.546000	0.586513
1.547000	0.408445
1.548000	0.408445
1.549000	1.832440
1.550000	1.743500
1.551000	-0.303463
1.552000	-0.659417
1.553000	0.942466
1.554000	1.565430
1.555000	-0.036452
1.556000	-0.392406
1.557000	0.497570
1.558000	0.764581
1.559000	0.853524
1.560000	1.387550
1.561000	0.942466
1.562000	-0.481349
1.563000	-0.748360
1.564000	0.408445
1.565000	1.387550
1.566000	1.476490
1.567000	0.853524
1.568000	0.497570
1.569000	0.942466
1.570000	0.942466
1.571000	1.298420
1.572000	1.209480
1.573000	-0.125395
1.574000	-1.371320
1.575000	0.052491
1.576000	1.921380
1.577000	1.832440
1.578000	0.675456
1.579000	0.675456
1.580000	2.633290
1.581000	3.256260
1.582000	1.743500
1.583000	0.141616
1.584000	0.586513
1.585000	1.921380
1.586000	2.900300
1.587000	2.099450
1.588000	0.675456
1.589000	1.031410
1.590000	2.188400
1.591000	2.455410
1.592000	1.654370
1.593000	0.497570
1.594000	0.497570
1.595000	1.565430
1.596000	1.654370
1.597000	0.052491
1.598000	-1.015370
1.599000	0.230559
1.600000	2.010330
1.601000	1.031410
1.602000	-0.659417
1.603000	-0.837485
1.604000	-0.748360
1.605000	-0.125395
1.606000	-0.303463
1.607000	-1.371320
1.608000	-1.460450
1.609000	-0.570474
1.610000	-0.214520
1.611000	-0.837485
1.612000	-1.371320
1.613000	-1.104310
1.614000	-0.481349
1.615000	0.230559
1.616000	-0.036452
1.617000	-1.549390
1.618000	-2.083230
1.619000	-1.104310
1.620000	-0.214520
1.621000	0.230559
1.622000	0.319502
1.623000	-0.214520
1.624000	-0.036452
1.625000	0.586513
1.626000	0.764581
1.627000	-0.392406
1.628000	-0.392406
1.629000	0.408445
1.630000	0.675456
1.631000	0.497570
1.632000	0.497570
1.633000	1.031410
1.634000	1.565430
1.635000	0.853524
1.636000	0.141616
1.637000	0.141616
1.638000	0.764581
1.639000	0.853524
1.640000	0.497570
1.641000	-0.125395
1.642000	-0.036452
1.643000	0.764581
1.644000	0.586513
1.645000	-0.570474
1.646000	-0.926428
1.647000	-0.659417
1.648000	-0.303463
1.649000	0.408445
1.650000	-0.481349
1.651000	-1.727280
1.652000	-1.282380
1.653000	0.141616
1.654000	0.052491
1.655000	-1.638340
1.656000	-2.795320
1.657000	-1.816400
1.658000	0.675456
1.659000	0.319502
1.660000	-2.706200
1.661000	-2.973210
1.662000	1.921380
1.663000	-1.727280
1.664000	-3.507230
1.665000	7.261060
1.666000	3.612390
1.667000	-12.317700
1.668000	-2.261300
1.669000	9.129950
1.670000	3.790280
1.671000	-6.889060
1.672000	-9.825820
1.673000	0.497570
1.674000	12.066700
1.675000	7.172110
1.676000	-5.198060
1.677000	2.900300
1.678000	10.731800
1.679000	3.167310
1.680000	-2.350240
1.681000	-3.418290
1.682000	-2.884260
1.683000	1.120530
1.684000	2.544350
1.685000	-3.151280
1.686000	0.052491
1.687000	6.638090
1.688000	3.612390
1.689000	0.408445
1.690000	4.591310
1.691000	4.057290
1.692000	-0.214520
1.693000	0.319502
1.694000	-2.528310
1.695000	-3.952130
1.696000	2.099450
1.697000	2.722420
1.698000	-3.685300
1.699000	-0.481349
1.700000	1.832440
1.701000	-3.507230
1.702000	1.298420
1.703000	3.612390
1.704000	-4.219140
1.705000	-0.036452
1.706000	8.151030
1.707000	1.565430
1.708000	-3.240220
1.709000	-0.214520
1.710000	-0.303463
1.711000	-0.570474
1.712000	0.586513
1.713000	-4.130190
1.714000	-3.952130
1.715000	3.790280
1.716000	3.968350
1.717000	-0.303463
1.718000	2.900300
1.719000	3.612390
1.720000	1.832440
1.721000	3.968350
1.722000	3.523270
1.723000	-2.528310
1.724000	-3.418290
1.725000	1.476490
1.726000	1.209480
1.727000	-1.193440
1.728000	-1.015370
1.729000	0.230559
1.730000	2.366460
1.731000	4.858140
1.732000	3.345380
1.733000	0.319502
1.734000	1.031410
1.735000	1.832440
1.736000	0.052491
1.737000	-0.214520
1.738000	0.052491
1.739000	-1.638340
1.740000	-1.638340
1.741000	-0.392406
1.742000	0.586513
1.743000	0.586513
1.744000	0.586513
1.745000	1.298420
1.746000	2.099450
1.747000	1.120530
1.748000	-0.214520
1.749000	-0.036452
1.750000	0.141616
1.751000	-0.926428
1.752000	-0.392406
1.753000	-0.125395
1.754000	0.942466
1.755000	1.209480
1.756000	0.319502
1.757000	0.853524
1.758000	1.921380
1.759000	0.141616
1.760000	-1.104310
1.761000	0.853524
1.762000	2.010330
1.763000	1.832440
1.764000	1.209480
1.765000	-0.036452
1.766000	0.408445
1.767000	2.455410
1.768000	1.921380
1.769000	-0.214520
1.770000	-0.303463
1.771000	0.764581
1.772000	1.209480
1.773000	1.120530
1.774000	0.408445
1.775000	-0.214520
1.776000	0.675456
1.777000	1.832440
1.778000	2.188400
1.779000	1.120530
1.780000	0.586513
1.781000	0.764581
1.782000	1.298420
1.783000	0.942466
1.784000	-0.748360
1.785000	-0.748360
1.786000	-0.481349
1.787000	-0.214520
1.788000	-0.036452
1.789000	0.052491
1.790000	-0.125395
1.791000	0.052491
1.792000	-0.036452
1.793000	0.141616
1.794000	0.764581
1.795000	0.675456
1.796000	-0.926428
1.797000	-1.371320
1.798000	0.141616
1.799000	-0.036452
1.800000	-1.371320
1.801000	-1.460450
1.802000	-0.303463
1.803000	-0.303463
1.804000	-0.392406
1.805000	-0.837485
1.806000	-1.015370
1.807000	-0.392406
1.808000	0.319502
1.809000	0.408445
1.810000	0.141616
1.811000	-0.392406
1.812000	-1.015370
1.813000	-0.303463
1.814000	0.052491
1.815000	-0.392406
1.816000	-1.104310
1.817000	-0.392406
1.818000	1.120530
1.819000	-0.214520
1.820000	-0.659417
1.821000	1.743500
1.822000	1.120530
1.823000	-0.303463
1.824000	0.052491
1.825000	0.319502
1.826000	-0.214520
1.827000	-0.214520
1.828000	-0.392406
1.829000	0.052491
1.830000	0.764581
1.831000	0.408445
1.832000	-0.481349
1.833000	0.052491
1.834000	0.675456
1.835000	0.408445
1.836000	-0.659417
1.837000	-0.659417
1.838000	-0.837485
1.839000	-0.125395
1.840000	1.743500
1.841000	1.387550
1.842000	-1.015370
1.843000	-1.460450
1.844000	0.230559
1.845000	0.230559
1.846000	-0.125395
1.847000	-1.104310
1.848000	-1.727280
1.849000	-0.481349
1.850000	0.497570
1.851000	-0.481349
1.852000	0.141616
1.853000	1.387550
1.854000	1.031410
1.855000	1.298420
1.856000	0.942466
1.857000	-1.193440
1.858000	-1.193440
1.859000	1.387550
1.860000	1.031410
1.861000	-0.481349
1.862000	0.497570
1.863000	1.387550
1.864000	1.387550
1.865000	2.544350
1.866000	1.921380
1.867000	0.675456
1.868000	1.743500
1.869000	2.633290
1.870000	1.209480
1.871000	0.764581
1.872000	0.853524
1.873000	0.497570
1.874000	1.209480
1.875000	2.188400
1.876000	1.031410
1.877000	0.497570
1.878000	2.188400
1.879000	2.277340
1.880000	1.743500
1.881000	2.099450
1.882000	1.120530
1.883000	-0.125395
1.884000	1.031410
1.885000	1.654370
1.886000	0.764581
1.887000	0.319502
1.888000	0.141616
1.889000	0.408445
1.890000	1.387550
1.891000	0.853524
1.892000	-0.303463
1.893000	-0.392406
1.894000	0.052491
1.895000	0.497570
1.896000	0.853524
1.897000	0.497570
1.898000	0.319502
1.899000	0.853524
1.900000	-0.036452
1.901000	0.497570
1.902000	1.209480
1.903000	0.853524
1.904000	-0.214520
1.905000	-0.481349
1.906000	1.120530
1.907000	1.654370
1.908000	0.853524
1.909000	-0.659417
1.910000	-1.015370
1.911000	1.743500
1.912000	3.345380
1.913000	2.010330
1.914000	0.230559
1.915000	0.764581
1.916000	1.832440
1.917000	0.497570
1.918000	-0.926428
1.919000	-0.214520
1.920000	0.497570
1.921000	0.230559
1.922000	0.052491
1.923000	-0.303463
1.924000	0.052491
1.925000	0.853524
1.926000	1.387550
1.927000	1.387550
1.928000	1.120530
1.929000	0.586513
1.930000	-0.036452
1.931000	-0.392406
1.932000	-0.125395
1.933000	-0.748360
1.934000	-1.460450
1.935000	-0.748360
1.936000	0.586513
1.937000	0.675456
1.938000	0.319502
1.939000	0.052491
1.940000	-0.214520
1.941000	0.497570
1.942000	1.031410
1.943000	0.141616
1.944000	-0.214520
1.945000	0.319502
1.946000	0.586513
1.947000	0.408445
1.948000	-0.214520
1.949000	-1.193440
1.950000	-0.926428
1.951000	0.497570
1.952000	0.408445
1.953000	-0.125395
1.954000	0.408445
1.955000	0.675456
1.956000	0.675456
1.957000	0.942466
1.958000	0.675456
1.959000	0.052491
1.960000	-0.214520
1.961000	-0.036452
1.962000	-0.303463
1.963000	-0.748360
1.964000	-0.837485
1.965000	-0.926428
1.966000	-0.570474
1.967000	0.230559
1.968000	0.675456
1.969000	0.319502
1.970000	0.497570
1.971000	0.764581
1.972000	0.497570
1.973000	0.675456
1.974000	-0.214520
1.975000	-1.193440
1.976000	-0.392406
1.977000	0.141616
1.978000	-0.392406
1.979000	-0.392406
1.980000	0.052491
1.981000	0.230559
1.982000	1.298420
1.983000	1.476490
1.984000	0.230559
1.985000	0.497570
1.986000	1.743500
1.987000	1.298420
1.988000	0.052491
1.989000	-0.392406
1.990000	-0.125395
1.991000	-0.036452
1.992000	0.408445
1.993000	0.319502
1.994000	0.408445
1.995000	0.675456
1.996000	0.408445
1.997000	0.052491
1.998000	0.675456
1.999000	0.497570
2.000000	-0.837485
2.001000	-0.303463
2.002000	1.209480
2.003000	0.675456
2.004000	-0.303463
2.005000	0.141616
2.006000	-0.125395
2.007000	-0.125395
2.008000	0.052491
2.009000	-0.837485
2.010000	-0.926428
2.011000	0.141616
2.012000	-0.303463
2.013000	-0.392406
2.014000	0.764581
2.015000	0.586513
2.016000	-0.748360
2.017000	0.141616
2.018000	1.209480
2.019000	0.408445
2.020000	-0.303463
2.021000	0.141616
2.022000	0.052491
2.023000	-0.125395
2.024000	0.319502
2.025000	0.141616
2.026000	0.141616
2.027000	0.319502
2.028000	0.675456
2.029000	1.298420
2.030000	1.565430
2.031000	0.675456
2.032000	0.408445
2.033000	1.120530
2.034000	1.476490
2.035000	0.408445
2.036000	-0.214520
2.037000	0.586513
2.038000	0.764581
2.039000	0.408445
2.040000	0.319502
2.041000	0.230559
2.042000	0.497570
2.043000	1.298420
2.044000	1.209480
2.045000	0.764581
2.046000	0.675456
2.047000	0.764581
2.048000	0.764581
2.049000	0.853524
2.050000	0.586513
2.051000	0.052491
2.052000	-0.214520
2.053000	0.141616
2.054000	0.408445
2.055000	0.230559
2.056000	0.408445
2.057000	0.497570
2.058000	0.853524
2.059000	0.853524
2.060000	1.120530
2.061000	0.853524
2.062000	0.319502
2.063000	0.497570
2.064000	0.764581
2.065000	0.942466
2.066000	1.031410
2.067000	0.853524
2.068000	0.319502
2.069000	0.586513
2.070000	1.209480
2.071000	1.031410
2.072000	0.141616
2.073000	0.230559
2.074000	0.853524
2.075000	0.942466
2.076000	1.120530
2.077000	0.942466
2.078000	0.497570
2.079000	0.675456
2.080000	1.298420
2.081000	1.209480
2.082000	0.230559
2.083000	-0.125395
2.084000	0.141616
2.085000	0.497570
2.086000	0.853524
2.087000	0.230559
2.088000	-0.303463
2.089000	0.408445
2.090000	1.120530
2.091000	0.586513
2.092000	0.141616
2.093000	0.052491
2.094000	0.052491
2.095000	0.408445
2.096000	0.675456
2.097000	0.052491
2.098000	-0.125395
2.099000	0.230559
2.100000	0.675456
2.101000	0.942466
2.102000	1.120530
2.103000	0.764581
2.104000	0.586513
2.105000	0.942466
2.106000	1.209480
2.107000	0.675456
2.108000	0.319502
2.109000	0.141616
2.110000	0.497570
2.111000	1.209480
2.112000	1.031410
2.113000	0.586513
2.114000	0.586513
2.115000	1.120530
2.116000	1.031410
2.117000	0.586513
2.118000	0.319502
2.119000	0.141616
2.120000	0.408445
2.121000	0.497570
2.122000	0.141616
2.123000	-0.303463
2.124000	-0.303463
2.125000	-0.125395
2.126000	-0.036452
2.127000	-0.125395
2.128000	-0.214520
2.129000	-0.125395
2.130000	-0.214520
2.131000	-0.392406
2.132000	-0.748360
2.133000	-0.926428
2.134000	-1.015370
2.135000	-0.926428
2.136000	-0.748360
2.137000	-0.570474
2.138000	-0.570474
2.139000	-0.481349
2.140000	-0.481349
2.141000	-0.392406
2.142000	-0.392406
2.143000	-0.303463
2.144000	-0.392406
2.145000	-0.392406
2.146000	-0.214520
2.147000	-0.036452
2.148000	0.230559
2.149000	0.230559
2.150000	0.230559
2.151000	0.141616
2.152000	0.675456
2.153000	0.764581
2.154000	0.497570
2.155000	0.141616
2.156000	0.319502
2.157000	0.497570
2.158000	0.764581
2.159000	0.675456
2.160000	0.497570
2.161000	0.497570
2.162000	0.853524
2.163000	0.764581
2.164000	0.764581
2.165000	0.586513
2.166000	0.319502
2.167000	0.408445
2.168000	0.586513
2.169000	0.497570
2.170000	0.230559
2.171000	0.141616
2.172000	0.141616
2.173000	0.141616
2.174000	0.141616
2.175000	-0.214520
2.176000	-0.214520
2.177000	-0.214520
2.178000	-0.125395
2.179000	-0.214520
2.180000	0.052491
2.181000	0.052491
2.182000	-0.214520
2.183000	0.141616
2.184000	0.497570
2.185000	0.408445
2.186000	0.230559
2.187000	-0.125395
2.188000	-0.214520
2.189000	-0.125395
2.190000	-0.125395
2.191000	-0.036452
2.192000	0.052491
2.193000	0.764581
2.194000	1.209480
2.195000	1.476490
2.196000	1.120530
2.197000	0.764581
2.198000	0.942466
2.199000	1.120530
2.200000	0.853524
2.201000	0.408445
2.202000	0.230559
2.203000	0.586513
2.204000	0.942466
2.205000	1.031410
2.206000	0.942466
2.207000	0.942466
2.208000	1.565430
2.209000	1.743500
2.210000	1.832440
2.211000	1.298420
2.212000	0.675456
2.213000	0.675456
2.214000	0.764581
2.215000	0.853524
2.216000	0.497570
2.217000	0.586513
2.218000	0.497570
2.219000	0.497570
2.220000	0.764581
2.221000	0.586513
2.222000	0.408445
2.223000	0.497570
2.224000	0.586513
2.225000	0.675456
2.226000	0.764581
2.227000	0.497570
2.228000	0.141616
2.229000	0.230559
2.230000	0.408445
2.231000	0.230559
2.232000	0.408445
2.233000	0.141616
2.234000	0.052491
2.235000	0.230559
2.236000	0.319502
2.237000	0.141616
2.238000	-0.036452
2.239000	0.141616
2.240000	0.586513
2.241000	0.586513
2.242000	0.319502
2.243000	0.052491
2.244000	-0.125395
2.245000	-0.036452
2.246000	-0.036452
2.247000	-0.125395
2.248000	-0.125395
2.249000	-0.036452
2.250000	0.408445
2.251000	0.586513
2.252000	0.408445
2.253000	0.408445
2.254000	0.497570
2.255000	0.408445
2.256000	0.675456
2.257000	0.497570
2.258000	0.230559
2.259000	0.319502
2.260000	0.675456
2.261000	0.141616
2.262000	0.319502
2.263000	0.497570
2.264000	0.497570
2.265000	0.319502
2.266000	0.675456
2.267000	0.675456
2.268000	0.586513
2.269000	0.586513
2.270000	0.408445
2.271000	0.586513
2.272000	0.764581
2.273000	0.586513
2.274000	0.230559
2.275000	0.408445
2.276000	0.586513
2.277000	0.408445
2.278000	0.141616
2.279000	0.497570
2.280000	0.319502
2.281000	0.319502
2.282000	0.497570
2.283000	0.141616
2.284000	-0.036452
2.285000	0.141616
2.286000	0.230559
2.287000	0.052491
2.288000	-0.125395
2.289000	-0.036452
2.290000	-0.125395
2.291000	0.052491
2.292000	0.052491
2.293000	-0.125395
2.294000	-0.392406
2.295000	-0.036452
2.296000	0.141616
2.297000	0.141616
2.298000	0.052491
2.299000	0.141616
2.300000	0.319502
2.301000	0.497570
2.302000	0.230559
2.303000	0.230559
2.304000	0.319502
2.305000	0.408445
2.306000	0.230559
2.307000	0.319502
2.308000	0.319502
2.309000	0.319502
2.310000	0.319502
2.311000	0.497570
2.312000	0.764581
2.313000	0.942466
2.314000	0.853524
2.315000	1.031410
2.316000	1.120530
2.317000	1.120530
2.318000	0.853524
2.319000	0.675456
2.320000	0.497570
2.321000	0.497570
2.322000	0.497570
2.323000	0.497570
2.324000	0.230559
2.325000	0.230559
2.326000	0.586513
2.327000	0.586513
2.328000	0.497570
2.329000	0.408445
2.330000	0.230559
2.331000	0.408445
2.332000	0.319502
2.333000	0.052491
2.334000	-0.303463
2.335000	-0.392406
2.336000	-0.392406
2.337000	-0.392406
2.338000	-0.392406
2.339000	-0.481349
2.340000	-0.659417
2.341000	-0.214520
2.342000	0.230559
2.343000	0.141616
2.344000	0.141616
2.345000	0.141616
2.346000	0.230559
2.347000	0.052491
2.348000	0.319502
2.349000	-0.036452
2.350000	0.052491
2.351000	-0.036452
2.352000	-0.036452
2.353000	0.319502
2.354000	0.586513
2.355000	0.230559
2.356000	0.141616
2.357000	0.497570
2.358000	0.853524
2.359000	0.853524
2.360000	0.764581
2.361000	0.675456
2.362000	0.853524
2.363000	0.942466
2.364000	0.853524
2.365000	0.586513
2.366000	0.319502
2.367000	0.319502
2.368000	0.764581
2.369000	0.586513
2.370000	0.408445
2.371000	0.319502
2.372000	0.675456
2.373000	0.764581
2.374000	0.853524
2.375000	0.675456
2.376000	0.319502
2.377000	0.497570
2.378000	0.675456
2.379000	0.408445
2.380000	0.141616
2.381000	-0.036452
2.382000	-0.036452
2.383000	0.052491
2.384000	0.319502
2.385000	0.319502
2.386000	0.141616
2.387000	0.319502
2.388000	0.497570
2.389000	0.586513
2.390000	0.319502
2.391000	0.230559
2.392000	0.230559
2.393000	0.230559
2.394000	0.319502
2.395000	0.141616
2.396000	0.230559
2.397000	0.408445
2.398000	0.497570
2.399000	0.586513
2.400000	0.764581
2.401000	0.497570
2.402000	0.319502
2.403000	0.586513
2.404000	0.764581
2.405000	0.675456
2.406000	0.408445
2.407000	0.319502
2.408000	0.675456
2.409000	0.853524
2.410000	0.764581
2.411000	0.764581
2.412000	0.586513
2.413000	0.764581
2.414000	0.942466
2.415000	0.764581
2.416000	0.675456
2.417000	0.497570
2.418000	0.675456
2.419000	0.764581
2.420000	0.764581
2.421000	0.586513
2.422000	0.408445
2.423000	0.497570
2.424000	0.675456
2.425000	0.586513
2.426000	0.586513
2.427000	0.408445
2.428000	0.497570
2.429000	0.497570
2.430000	0.408445
2.431000	0.319502
2.432000	0.408445
2.433000	0.230559
2.434000	0.141616
2.435000	0.497570
2.436000	0.497570
2.437000	0.497570
2.438000	0.408445
2.439000	0.230559
2.440000	0.141616
2.441000	0.230559
2.442000	0.141616
2.443000	-0.036452
2.444000	-0.036452
2.445000	0.141616
2.446000	0.141616
2.447000	0.230559
2.448000	0.230559
2.449000	0.052491
2.450000	0.141616
2.451000	0.408445
2.452000	0.141616
2.453000	-0.036452
2.454000	-0.125395
2.455000	-0.036452
2.456000	0.141616
2.457000	0.141616
2.458000	0.052491
2.459000	0.230559
2.460000	0.408445
2.461000	0.408445
2.462000	0.408445
2.463000	0.319502
2.464000	0.319502
2.465000	0.408445
2.466000	0.497570
2.467000	0.319502
2.468000	0.230559
2.469000	0.230559
2.470000	0.319502
2.471000	0.408445
2.472000	0.408445
2.473000	0.319502
2.474000	0.408445
2.475000	0.497570
2.476000	0.408445
2.477000	0.230559
2.478000	0.408445
2.479000	0.408445
2.480000	0.408445
2.481000	0.408445
2.482000	0.497570
2.483000	0.497570
2.484000	0.319502
2.485000	0.408445
2.486000	0.319502
2.487000	0.230559
2.488000	0.319502
2.489000	0.141616
2.490000	0.052491
2.491000	0.141616
2.492000	0.230559
2.493000	0.230559
2.494000	0.230559
2.495000	0.230559
2.496000	0.230559
2.497000	0.408445
2.498000	0.230559
2.499000	0.141616
2.500000	0.141616
2.501000	0.141616
2.502000	0.052491
2.503000	0.141616
2.504000	0.230559
2.505000	0.052491
2.506000	0.230559
2.507000	0.230559
2.508000	0.230559
2.509000	0.230559
2.510000	0.319502
2.511000	0.319502
2.512000	0.052491
2.513000	0.230559
2.514000	0.319502
2.515000	0.319502
2.516000	0.319502
2.517000	0.141616
2.518000	0.141616
2.519000	0.319502
2.520000	0.319502
2.521000	0.141616
2.522000	0.230559
2.523000	0.141616
2.524000	0.408445
2.525000	0.319502
2.526000	0.319502
2.527000	0.319502
2.528000	0.319502
2.529000	0.586513
2.530000	0.497570
2.531000	0.586513
2.532000	0.408445
2.533000	0.497570
2.534000	0.497570
2.535000	0.586513
2.536000	0.497570
2.537000	0.408445
2.538000	0.497570
2.539000	0.497570
2.540000	0.497570
2.541000	0.675456
2.542000	0.675456
2.543000	0.764581
2.544000	0.764581
2.545000	0.675456
2.546000	0.675456
2.547000	0.675456
2.548000	0.497570
2.549000	0.497570
2.550000	0.497570
2.551000	0.408445
2.552000	0.586513
2.553000	0.675456
2.554000	0.497570
2.555000	0.675456
2.556000	0.586513
2.557000	0.586513
2.558000	0.497570
2.559000	0.408445
2.560000	0.408445
2.561000	0.319502
2.562000	0.230559
2.563000	0.230559
2.564000	0.230559
2.565000	0.141616
2.566000	0.230559
2.567000	0.230559
2.568000	0.141616
2.569000	0.141616
2.570000	0.319502
2.571000	0.230559
2.572000	0.141616
2.573000	0.141616
2.574000	0.141616
2.575000	0.319502
2.576000	0.319502
2.577000	0.230559
2.578000	0.230559
2.579000	0.319502
2.580000	0.408445
2.581000	0.319502
2.582000	0.497570
2.583000	0.408445
2.584000	0.497570
2.585000	0.586513
2.586000	0.497570
2.587000	0.764581
2.588000	0.675456
2.589000	0.675456
2.590000	0.497570
2.591000	0.586513
2.592000	0.675456
2.593000	0.586513
2.594000	0.408445
2.595000	0.586513
2.596000	0.586513
2.597000	0.408445
2.598000	0.675456
2.599000	0.408445
2.600000	0.319502
2.601000	0.319502
2.602000	0.408445
2.603000	0.319502
2.604000	0.230559
2.605000	0.230559
2.606000	0.052491
2.607000	0.141616
2.608000	0.052491
2.609000	0.052491
2.610000	0.052491
2.611000	0.052491
2.612000	-0.036452
2.613000	0.052491
2.614000	-0.036452
2.615000	-0.036452
2.616000	-0.125395
2.617000	-0.036452
2.618000	-0.125395
2.619000	-0.036452
2.620000	-0.125395
2.621000	0.052491
2.622000	0.141616
2.623000	-0.125395
2.624000	0.052491
2.625000	0.230559
2.626000	0.319502
2.627000	0.141616
2.628000	0.497570
2.629000	0.408445
2.630000	0.408445
2.631000	0.408445
2.632000	0.586513
2.633000	0.408445
2.634000	0.586513
2.635000	0.675456
2.636000	0.675456
2.637000	0.586513
2.638000	0.764581
2.639000	0.764581
2.640000	0.764581
2.641000	0.764581
2.642000	0.764581
2.643000	0.675456
2.644000	0.764581
2.645000	0.853524
2.646000	0.675456
2.647000	0.764581
2.648000	0.853524
2.649000	0.853524
2.650000	0.675456
2.651000	0.675456
2.652000	0.586513
2.653000	0.586513
2.654000	0.586513
2.655000	0.497570
2.656000	0.319502
2.657000	0.230559
2.658000	0.408445
2.659000	0.408445
2.660000	0.319502
2.661000	0.230559
2.662000	0.230559
2.663000	0.319502
2.664000	0.319502
2.665000	0.052491
2.666000	0.141616
2.667000	0.052491
2.668000	0.052491
2.669000	0.141616
2.670000	0.052491
2.671000	0.052491
2.672000	-0.036452
2.673000	-0.036452
2.674000	-0.036452
2.675000	0.052491
2.676000	0.052491
2.677000	0.052491
2.678000	-0.036452
2.679000	0.052491
2.680000	0.230559
2.681000	0.141616
2.682000	0.141616
2.683000	0.052491
2.684000	0.141616
2.685000	0.230559
2.686000	0.230559
2.687000	0.230559
2.688000	0.141616
2.689000	0.230559
2.690000	0.230559
2.691000	0.319502
2.692000	0.319502
2.693000	0.319502
2.694000	0.408445
2.695000	0.586513
2.696000	0.497570
2.697000	0.586513
2.698000	0.586513
2.699000	0.675456
2.700000	0.675456
2.701000	0.586513
2.702000	0.497570
2.703000	0.586513
2.704000	0.675456
2.705000	0.497570
2.706000	0.675456
2.707000	0.586513
2.708000	0.408445
2.709000	0.586513
2.710000	0.497570
2.711000	0.497570
2.712000	0.408445
2.713000	0.408445
2.714000	0.408445
2.715000	0.319502
2.716000	0.141616
2.717000	0.052491
2.718000	0.052491
2.719000	-0.036452
2.720000	-0.036452
2.721000	-0.125395
2.722000	-0.125395
2.723000	-0.125395
2.724000	-0.036452
2.725000	-0.036452
2.726000	-0.036452
2.727000	0.052491
2.728000	-0.036452
2.729000	-0.036452
2.730000	-0.036452
2.731000	-0.036452
2.732000	-0.036452
2.733000	-0.036452
2.734000	-0.036452
2.735000	0.141616
2.736000	0.408445
2.737000	0.230559
2.738000	0.408445
2.739000	0.497570
2.740000	0.497570
2.741000	0.675456
2.742000	0.853524
2.743000	0.764581
2.744000	0.853524
2.745000	0.942466
2.746000	0.853524
2.747000	0.942466
2.748000	1.031410
2.749000	1.031410
2.750000	1.031410
2.751000	1.031410
2.752000	0.942466
2.753000	1.031410
2.754000	1.031410
2.755000	1.120530
2.756000	0.942466
2.757000	0.942466
2.758000	0.942466
2.759000	0.853524
2.760000	0.764581
2.761000	0.764581
2.762000	0.675456
2.763000	0.675456
2.764000	0.497570
2.765000	0.497570
2.766000	0.319502
2.767000	0.230559
2.768000	0.319502
2.769000	0.141616
2.770000	0.141616
2.771000	0.141616
2.772000	-0.036452
2.773000	0.052491
2.774000	-0.036452
2.775000	-0.036452
2.776000	-0.036452
2.777000	-0.214520
2.778000	-0.214520
2.779000	-0.036452
2.780000	-0.125395
2.781000	-0.036452
2.782000	-0.036452
2.783000	-0.036452
2.784000	0.052491
2.785000	0.230559
2.786000	0.230559
2.787000	0.230559
2.788000	0.319502
2.789000	0.319502
2.790000	0.230559
2.791000	0.408445
2.792000	0.497570
2.793000	0.586513
2.794000	0.675456
2.795000	0.586513
2.796000	0.764581
2.797000	0.764581
2.798000	0.764581
2.799000	0.764581
2.800000	1.031410
2.801000	0.853524
2.802000	0.675456
2.803000	0.764581
2.804000	0.675456
2.805000	0.764581
2.806000	0.675456
2.807000	0.675456
2.808000	0.586513
2.809000	0.586513
2.810000	0.586513
2.811000	0.408445
2.812000	0.408445
2.813000	0.319502
2.814000	0.408445
2.815000	0.319502
2.816000	0.052491
2.817000	-0.036452
2.818000	-0.036452
2.819000	-0.036452
2.820000	-0.214520
2.821000	-0.303463
2.822000	-0.392406
2.823000	-0.570474
2.824000	-0.481349
2.825000	-0.392406
2.826000	-0.570474
2.827000	-0.570474
2.828000	-0.481349
2.829000	-0.481349
2.830000	-0.570474
2.831000	-0.392406
2.832000	-0.392406
2.833000	-0.659417
2.834000	-0.303463
2.835000	-0.303463
2.836000	-0.481349
2.837000	-0.214520
2.838000	-0.125395
2.839000	-0.125395
2.840000	0.052491
2.841000	0.319502
2.842000	0.230559
2.843000	0.141616
2.844000	0.497570
2.845000	0.586513
2.846000	0.586513
2.847000	0.675456
2.848000	1.120530
2.849000	0.942466
2.850000	1.031410
2.851000	1.031410
2.852000	0.942466
2.853000	1.031410
2.854000	1.298420
2.855000	1.209480
2.856000	1.031410
2.857000	1.209480
2.858000	1.209480
2.859000	1.120530
2.860000	1.120530
2.861000	1.031410
2.862000	0.942466
2.863000	1.031410
2.864000	1.120530
2.865000	0.764581
2.866000	0.675456
2.867000	0.764581
2.868000	0.675456
2.869000	0.586513
2.870000	0.497570
2.871000	0.319502
2.872000	0.230559
2.873000	0.141616
2.874000	0.319502
2.875000	0.230559
2.876000	0.052491
2.877000	0.052491
2.878000	0.052491
2.879000	0.141616
2.880000	0.052491
2.881000	-0.036452
2.882000	-0.125395
2.883000	-0.036452
2.884000	0.141616
2.885000	-0.036452
2.886000	-0.036452
2.887000	0.141616
2.888000	0.230559
2.889000	0.230559
2.890000	0.319502
2.891000	0.319502
2.892000	0.408445
2.893000	0.497570
2.894000	0.497570
2.895000	0.497570
2.896000	0.764581
2.897000	0.764581
2.898000	0.942466
2.899000	0.942466
2.900000	0.764581
2.901000	0.853524
2.902000	1.120530
2.903000	1.031410
2.904000	1.031410
2.905000	0.942466
2.906000	1.031410
2.907000	0.942466
2.908000	0.853524
2.909000	0.942466
2.910000	0.764581
2.911000	0.853524
2.912000	0.764581
2.913000	0.764581
2.914000	0.675456
2.915000	0.497570
2.916000	0.497570
2.917000	0.408445
2.918000	0.408445
2.919000	0.319502
2.920000	0.319502
2.921000	0.052491
2.922000	0.141616
2.923000	-0.125395
2.924000	-0.125395
2.925000	-0.125395
2.926000	-0.125395
2.927000	-0.125395
2.928000	-0.303463
2.929000	-0.303463
2.930000	-0.392406
2.931000	-0.214520
2.932000	-0.125395
2.933000	-0.303463
2.934000	-0.214520
2.935000	-0.214520
2.936000	-0.214520
2.937000	-0.214520
2.938000	-0.303463
2.939000	-0.214520
2.940000	-0.303463
2.941000	-0.303463
2.942000	0.052491
2.943000	0.052491
2.944000	0.052491
2.945000	0.141616
2.946000	0.319502
2.947000	0.319502
2.948000	0.408445
2.949000	0.408445
2.950000	0.319502
2.951000	0.319502
2.952000	0.230559
2.953000	0.319502
2.954000	0.319502
2.955000	0.497570
2.956000	0.586513
2.957000	0.497570
2.958000	0.586513
2.959000	0.675456
2.960000	0.586513
2.961000	0.675456
2.962000	0.586513
2.963000	0.586513
2.964000	0.675456
2.965000	0.586513
2.966000	0.497570
2.967000	0.497570
2.968000	0.497570
2.969000	0.408445
2.970000	0.408445
2.971000	0.408445
2.972000	0.319502
2.973000	0.319502
2.974000	0.230559
2.975000	0.319502
2.976000	0.408445
2.977000	0.230559
2.978000	0.230559
2.979000	0.230559
2.980000	0.319502
2.981000	0.230559
2.982000	0.141616
2.983000	0.052491
2.984000	0.230559
2.985000	0.141616
2.986000	0.141616
2.987000	0.141616
2.988000	0.052491
2.989000	0.052491
2.990000	0.052491
2.991000	0.141616
2.992000	0.319502
2.993000	0.319502
2.994000	0.319502
2.995000	0.319502
2.996000	0.230559
2.997000	0.319502
2.998000	0.319502
2.999000	0.230559
