-0.500000	-1.173870
-0.499000	-1.264140
-0.498000	-1.264140
-0.497000	-1.173870
-0.496000	-1.173870
-0.495000	-1.264140
-0.494000	-1.173870
-0.493000	-1.264140
-0.492000	-1.173870
-0.491000	-1.173870
-0.490000	-1.264140
-0.489000	-1.173870
-0.488000	-1.354230
-0.487000	-1.173870
-0.486000	-1.083790
-0.485000	-1.264140
-0.484000	-1.354230
-0.483000	-1.354230
-0.482000	-1.264140
-0.481000	-1.173870
-0.480000	-1.173870
-0.479000	-1.264140
-0.478000	-1.264140
-0.477000	-1.354230
-0.476000	-1.264140
-0.475000	-1.354230
-0.474000	-1.173870
-0.473000	-1.173870
-0.472000	-1.354230
-0.471000	-1.264140
-0.470000	-1.173870
-0.469000	-1.264140
-0.468000	-1.173870
-0.467000	-1.264140
-0.466000	-1.354230
-0.465000	-1.264140
-0.464000	-1.173870
-0.463000	-1.173870
-0.462000	-1.173870
-0.461000	-1.354230
-0.460000	-1.264140
-0.459000	-1.083790
-0.458000	-1.173870
-0.457000	-1.354230
-0.456000	-1.173870
-0.455000	-1.264140
-0.454000	-1.264140
-0.453000	-1.264140
-0.452000	-1.354230
-0.451000	-1.354230
-0.450000	-1.354230
-0.449000	-1.354230
-0.448000	-1.264140
-0.447000	-1.264140
-0.446000	-1.264140
-0.445000	-1.354230
-0.444000	-1.444310
-0.443000	-1.264140
-0.442000	-1.264140
-0.441000	-1.264140
-0.440000	-1.354230
-0.439000	-1.354230
-0.438000	-1.354230
-0.437000	-1.173870
-0.436000	-1.264140
-0.435000	-1.173870
-0.434000	-1.354230
-0.433000	-1.354230
-0.432000	-1.354230
-0.431000	-1.173870
-0.430000	-1.264140
-0.429000	-1.173870
-0.428000	-1.083790
-0.427000	-1.173870
-0.426000	-1.173870
-0.425000	-1.264140
-0.424000	-1.264140
-0.423000	-1.173870
-0.422000	-1.264140
-0.421000	-1.264140
-0.420000	-1.173870
-0.419000	-1.173870
-0.418000	-1.173870
-0.417000	-1.264140
-0.416000	-1.173870
-0.415000	-1.354230
-0.414000	-1.264140
-0.413000	-1.173870
-0.412000	-1.264140
-0.411000	-1.264140
-0.410000	-1.354230
-0.409000	-1.264140
-0.408000	-1.264140
-0.407000	-1.173870
-0.406000	-1.264140
-0.405000	-1.264140
-0.404000	-1.264140
-0.403000	-1.354230
-0.402000	-1.173870
-0.401000	-1.264140
-0.400000	-1.264140
-0.399000	-1.264140
-0.398000	-1.354230
-0.397000	-1.264140
-0.396000	-1.264140
-0.395000	-1.264140
-0.394000	-1.264140
-0.393000	-1.264140
-0.392000	-1.354230
-0.391000	-1.264140
-0.390000	-1.173870
-0.389000	-1.173870
-0.388000	-1.264140
-0.387000	-1.173870
-0.386000	-1.264140
-0.385000	-1.173870
-0.384000	-1.264140
-0.383000	-1.264140
-0.382000	-1.264140
-0.381000	-1.264140
-0.380000	-1.264140
-0.379000	-1.264140
-0.378000	-1.264140
-0.377000	-1.173870
-0.376000	-1.264140
-0.375000	-1.173870
-0.374000	-1.354230
-0.373000	-1.264140
-0.372000	-1.173870
-0.371000	-1.354230
-0.370000	-1.264140
-0.369000	-1.354230
-0.368000	-1.264140
-0.367000	-1.354230
-0.366000	-1.264140
-0.365000	-1.354230
-0.364000	-1.264140
-0.363000	-1.354230
-0.362000	-1.264140
-0.361000	-1.264140
-0.360000	-1.354230
-0.359000	-1.264140
-0.358000	-1.083790
-0.357000	-1.264140
-0.356000	-1.354230
-0.355000	-1.264140
-0.354000	-1.173870
-0.353000	-1.083790
-0.352000	-1.264140
-0.351000	-1.264140
-0.350000	-1.264140
-0.349000	-1.173870
-0.348000	-1.264140
-0.347000	-1.173870
-0.346000	-1.173870
-0.345000	-1.264140
-0.344000	-1.264140
-0.343000	-1.354230
-0.342000	-1.264140
-0.341000	-1.354230
-0.340000	-1.173870
-0.339000	-1.264140
-0.338000	-1.354230
-0.337000	-1.354230
-0.336000	-1.354230
-0.335000	-1.354230
-0.334000	-1.264140
-0.333000	-1.354230
-0.332000	-1.444310
-0.331000	-1.354230
-0.330000	-1.444310
-0.329000	-1.354230
-0.328000	-1.354230
-0.327000	-1.264140
-0.326000	-1.354230
-0.325000	-1.173870
-0.324000	-1.264140
-0.323000	-1.264140
-0.322000	-1.264140
-0.321000	-1.264140
-0.320000	-1.264140
-0.319000	-1.264140
-0.318000	-1.264140
-0.317000	-1.264140
-0.316000	-1.264140
-0.315000	-1.173870
-0.314000	-1.173870
-0.313000	-1.173870
-0.312000	-1.173870
-0.311000	-1.264140
-0.310000	-1.173870
-0.309000	-1.173870
-0.308000	-1.264140
-0.307000	-1.264140
-0.306000	-1.264140
-0.305000	-1.264140
-0.304000	-1.264140
-0.303000	-1.354230
-0.302000	-1.354230
-0.301000	-1.264140
-0.300000	-1.354230
-0.299000	-1.264140
-0.298000	-1.354230
-0.297000	-1.354230
-0.296000	-1.264140
-0.295000	-1.264140
-0.294000	-1.354230
-0.293000	-1.354230
-0.292000	-1.354230
-0.291000	-1.354230
-0.290000	-1.264140
-0.289000	-1.264140
-0.288000	-1.264140
-0.287000	-1.173870
-0.286000	-1.264140
-0.285000	-1.173870
-0.284000	-1.264140
-0.283000	-1.354230
-0.282000	-1.264140
-0.281000	-1.173870
-0.280000	-1.264140
-0.279000	-1.264140
-0.278000	-1.173870
-0.277000	-1.264140
-0.276000	-1.264140
-0.275000	-1.173870
-0.274000	-1.264140
-0.273000	-1.264140
-0.272000	-1.264140
-0.271000	-1.173870
-0.270000	-1.173870
-0.269000	-1.354230
-0.268000	-1.444310
-0.267000	-1.264140
-0.266000	-1.354230
-0.265000	-1.354230
-0.264000	-1.354230
-0.263000	-1.173870
-0.262000	-1.264140
-0.261000	-1.354230
-0.260000	-1.264140
-0.259000	-1.264140
-0.258000	-1.264140
-0.257000	-1.354230
-0.256000	-1.264140
-0.255000	-1.354230
-0.254000	-1.264140
-0.253000	-1.264140
-0.252000	-1.264140
-0.251000	-1.354230
-0.250000	-1.173870
-0.249000	-1.354230
-0.248000	-1.264140
-0.247000	-1.264140
-0.246000	-1.354230
-0.245000	-1.354230
-0.244000	-1.264140
-0.243000	-1.173870
-0.242000	-1.264140
-0.241000	-1.173870
-0.240000	-1.264140
-0.239000	-1.173870
-0.238000	-1.264140
-0.237000	-1.173870
-0.236000	-1.173870
-0.235000	-1.173870
-0.234000	-1.264140
-0.233000	-1.173870
-0.232000	-1.173870
-0.231000	-1.264140
-0.230000	-1.264140
-0.229000	-1.173870
-0.228000	-1.173870
-0.227000	-1.173870
-0.226000	-1.264140
-0.225000	-1.264140
-0.224000	-1.264140
-0.223000	-1.264140
-0.222000	-1.354230
-0.221000	-1.173870
-0.220000	-1.173870
-0.219000	-1.264140
-0.218000	-1.264140
-0.217000	-1.264140
-0.216000	-1.354230
-0.215000	-1.264140
-0.214000	-1.354230
-0.213000	-1.264140
-0.212000	-1.264140
-0.211000	-1.264140
-0.210000	-1.173870
-0.209000	-1.264140
-0.208000	-1.264140
-0.207000	-1.173870
-0.206000	-1.264140
-0.205000	-1.264140
-0.204000	-1.264140
-0.203000	-1.173870
-0.202000	-1.173870
-0.201000	-1.264140
-0.200000	-1.173870
-0.199000	-1.264140
-0.198000	-1.264140
-0.197000	-1.264140
-0.196000	-1.173870
-0.195000	-1.264140
-0.194000	-1.354230
-0.193000	-1.173870
-0.192000	-1.173870
-0.191000	-1.444310
-0.190000	-1.264140
-0.189000	-1.264140
-0.188000	-1.354230
-0.187000	-1.264140
-0.186000	-1.354230
-0.185000	-1.264140
-0.184000	-1.354230
-0.183000	-1.354230
-0.182000	-1.354230
-0.181000	-1.354230
-0.180000	-1.264140
-0.179000	-1.444310
-0.178000	-1.264140
-0.177000	-1.264140
-0.176000	-1.264140
-0.175000	-1.264140
-0.174000	-1.173870
-0.173000	-1.264140
-0.172000	-1.173870
-0.171000	-1.173870
-0.170000	-1.173870
-0.169000	-1.264140
-0.168000	-1.264140
-0.167000	-1.264140
-0.166000	-1.173870
-0.165000	-1.354230
-0.164000	-1.354230
-0.163000	-1.173870
-0.162000	-1.264140
-0.161000	-1.173870
-0.160000	-1.173870
-0.159000	-1.173870
-0.158000	-1.264140
-0.157000	-1.264140
-0.156000	-1.264140
-0.155000	-1.354230
-0.154000	-1.264140
-0.153000	-1.173870
-0.152000	-1.264140
-0.151000	-1.444310
-0.150000	-1.264140
-0.149000	-1.354230
-0.148000	-1.354230
-0.147000	-1.354230
-0.146000	-1.264140
-0.145000	-1.264140
-0.144000	-1.354230
-0.143000	-1.264140
-0.142000	-1.264140
-0.141000	-1.354230
-0.140000	-1.264140
-0.139000	-1.354230
-0.138000	-1.264140
-0.137000	-1.264140
-0.136000	-1.264140
-0.135000	-1.264140
-0.134000	-1.354230
-0.133000	-1.354230
-0.132000	-1.264140
-0.131000	-1.264140
-0.130000	-1.173870
-0.129000	-1.264140
-0.128000	-1.173870
-0.127000	-1.264140
-0.126000	-1.264140
-0.125000	-1.173870
-0.124000	-1.173870
-0.123000	-1.264140
-0.122000	-1.264140
-0.121000	-1.354230
-0.120000	-1.264140
-0.119000	-1.354230
-0.118000	-1.264140
-0.117000	-1.354230
-0.116000	-1.354230
-0.115000	-1.264140
-0.114000	-1.264140
-0.113000	-1.264140
-0.112000	-1.264140
-0.111000	-1.354230
-0.110000	-1.354230
-0.109000	-1.264140
-0.108000	-1.264140
-0.107000	-1.173870
-0.106000	-1.264140
-0.105000	-1.354230
-0.104000	-1.354230
-0.103000	-1.354230
-0.102000	-1.173870
-0.101000	-1.444310
-0.100000	-1.354230
-0.099000	-1.264140
-0.098000	-1.264140
-0.097000	-1.354230
-0.096000	-1.264140
-0.095000	-1.354230
-0.094000	-1.173870
-0.093000	-1.173870
-0.092000	-1.264140
-0.091000	-1.173870
-0.090000	-1.083790
-0.089000	-1.173870
-0.088000	-1.354230
-0.087000	-1.173870
-0.086000	-1.264140
-0.085000	-1.083790
-0.084000	-1.444310
-0.083000	-1.354230
-0.082000	-1.354230
-0.081000	-1.264140
-0.080000	-1.173870
-0.079000	-1.173870
-0.078000	-1.173870
-0.077000	-1.264140
-0.076000	-1.264140
-0.075000	-1.173870
-0.074000	-1.354230
-0.073000	-1.264140
-0.072000	-1.264140
-0.071000	-1.354230
-0.070000	-1.354230
-0.069000	-1.264140
-0.068000	-1.264140
-0.067000	-1.354230
-0.066000	-1.354230
-0.065000	-1.354230
-0.064000	-1.264140
-0.063000	-1.264140
-0.062000	-1.354230
-0.061000	-1.354230
-0.060000	-1.264140
-0.059000	-1.264140
-0.058000	-1.173870
-0.057000	-1.264140
-0.056000	-1.264140
-0.055000	-1.264140
-0.054000	-1.354230
-0.053000	-1.173870
-0.052000	-1.354230
-0.051000	-1.264140
-0.050000	-1.354230
-0.049000	-1.264140
-0.048000	-1.173870
-0.047000	-1.264140
-0.046000	-1.354230
-0.045000	-1.264140
-0.044000	-1.264140
-0.043000	-1.354230
-0.042000	-1.354230
-0.041000	-1.264140
-0.040000	-1.173870
-0.039000	-1.444310
-0.038000	-1.354230
-0.037000	-1.444310
-0.036000	-1.264140
-0.035000	-1.354230
-0.034000	-1.444310
-0.033000	-1.534580
-0.032000	-1.354230
-0.031000	-1.444310
-0.030000	-1.354230
-0.029000	-1.354230
-0.028000	-1.534580
-0.027000	-1.264140
-0.026000	-0.723263
-0.025000	0.719017
-0.024000	2.611720
-0.023000	4.324440
-0.022000	5.315930
-0.021000	5.496100
-0.020000	5.225840
-0.019000	5.496100
-0.018000	5.856800
-0.017000	6.036970
-0.016000	6.127060
-0.015000	6.307410
-0.014000	6.848290
-0.013000	7.839780
-0.012000	8.560820
-0.011000	9.281870
-0.010000	9.552310
-0.009000	9.281870
-0.008000	9.191790
-0.007000	8.560820
-0.006000	8.110220
-0.005000	7.659420
-0.004000	7.479250
-0.003000	6.938380
-0.002000	7.028460
-0.001000	6.577850
0.000000	5.676450
0.001000	5.225840
0.002000	4.684960
0.003000	4.234350
0.004000	3.603390
0.005000	2.341470
0.006000	1.079540
0.007000	0.088054
0.008000	-0.542909
0.009000	-0.993702
0.010000	-3.247110
0.011000	-5.680700
0.012000	-8.474990
0.013000	-8.204550
0.014000	-8.204550
0.015000	-5.410440
0.016000	-4.148520
0.017000	-3.337200
0.018000	-4.599120
0.019000	-5.320170
0.020000	-7.032890
0.021000	-9.466470
0.022000	-12.170700
0.023000	-15.055100
0.024000	-12.981800
0.025000	-11.539700
0.026000	-10.548200
0.027000	-1.985190
0.028000	-1.354230
0.029000	6.487770
0.030000	7.388980
0.031000	6.667940
0.032000	-10.097400
0.033000	-18.209900
0.034000	-28.124701
0.035000	-20.643400
0.036000	-8.474990
0.037000	3.693480
0.038000	10.003100
0.039000	4.324440
0.040000	-0.993702
0.041000	-2.706240
0.042000	-2.796320
0.043000	1.530150
0.044000	0.809102
0.045000	-1.264140
0.046000	-2.886590
0.047000	-1.264140
0.048000	3.423040
0.049000	9.552310
0.050000	14.780200
0.051000	14.960500
0.052000	13.608500
0.053000	8.741180
0.054000	4.144090
0.055000	3.062510
0.056000	3.513120
0.057000	4.955400
0.058000	5.676450
0.059000	5.045490
0.060000	5.586370
0.061000	6.036970
0.062000	7.569340
0.063000	6.667940
0.064000	4.955400
0.065000	1.620230
0.066000	-1.264140
0.067000	-2.976680
0.068000	-4.689210
0.069000	-4.418950
0.070000	-3.787990
0.071000	-4.148520
0.072000	-2.526070
0.073000	-2.886590
0.074000	-2.255630
0.075000	-2.616150
0.076000	-2.616150
0.077000	-3.247110
0.078000	-3.157030
0.079000	-2.796320
0.080000	-1.624660
0.081000	-0.542909
0.082000	0.358309
0.083000	1.079540
0.084000	1.800590
0.085000	2.611720
0.086000	-4.418950
0.087000	1.890670
0.088000	24.785500
0.089000	19.467400
0.090000	17.484400
0.091000	19.016800
0.092000	19.827900
0.093000	23.343201
0.094000	12.977600
0.095000	-3.066760
0.096000	-13.702900
0.097000	-3.968160
0.098000	0.809102
0.099000	15.140900
0.100000	19.917999
0.101000	21.360300
0.102000	27.489500
0.103000	24.695200
0.104000	22.261700
0.105000	11.355100
0.106000	-3.066760
0.107000	-11.900200
0.108000	-13.342300
0.109000	-10.367900
0.110000	6.036970
0.111000	14.509900
0.112000	15.140900
0.113000	11.355100
0.114000	7.028460
0.115000	4.414520
0.116000	0.448578
0.117000	-7.844020
0.118000	-13.162200
0.119000	-15.055100
0.120000	-11.810200
0.121000	-4.148520
0.122000	4.955400
0.123000	10.994600
0.124000	8.741180
0.125000	8.650910
0.126000	4.594880
0.127000	0.538663
0.128000	-3.157030
0.129000	-9.286300
0.130000	-5.861050
0.131000	-4.869560
0.132000	3.783560
0.133000	10.724200
0.134000	12.977600
0.135000	14.419700
0.136000	12.076200
0.137000	12.887500
0.138000	9.732670
0.139000	5.946890
0.140000	3.062510
0.141000	3.603390
0.142000	3.423040
0.143000	10.724200
0.144000	12.707100
0.145000	14.059100
0.146000	17.033600
0.147000	17.394300
0.148000	17.934999
0.149000	16.853399
0.150000	9.462230
0.151000	7.208810
0.152000	3.783560
0.153000	7.388980
0.154000	10.273400
0.155000	12.076200
0.156000	13.157700
0.157000	12.617000
0.158000	13.067600
0.159000	12.526800
0.160000	10.453700
0.161000	8.831260
0.162000	5.766530
0.163000	6.397500
0.164000	7.208810
0.165000	9.281870
0.166000	8.741180
0.167000	11.805700
0.168000	13.338100
0.169000	13.428200
0.170000	13.338100
0.171000	11.264800
0.172000	10.633900
0.173000	11.895800
0.174000	13.157700
0.175000	9.462230
0.176000	11.084700
0.177000	12.887500
0.178000	14.690100
0.179000	14.419700
0.180000	16.492901
0.181000	17.574499
0.182000	16.853399
0.183000	13.608500
0.184000	11.535300
0.185000	-5.861050
0.186000	11.986100
0.187000	45.066200
0.188000	23.794001
0.189000	46.508301
0.190000	24.965700
0.191000	6.848290
0.192000	8.921350
0.193000	5.135570
0.194000	13.969100
0.195000	13.698600
0.196000	9.281870
0.197000	5.676450
0.198000	21.270201
0.199000	26.047400
0.200000	33.078098
0.201000	24.695200
0.202000	14.600000
0.203000	6.036970
0.204000	3.783560
0.205000	8.921350
0.206000	11.445200
0.207000	13.788700
0.208000	20.098301
0.209000	21.360300
0.210000	20.639200
0.211000	15.591500
0.212000	12.977600
0.213000	23.072800
0.214000	-10.187700
0.215000	17.123899
0.216000	15.140900
0.217000	20.278700
0.218000	41.640999
0.219000	28.931801
0.220000	27.850000
0.221000	27.309401
0.222000	25.867100
0.223000	37.584900
0.224000	25.957199
0.225000	20.278700
0.226000	19.196899
0.227000	22.982700
0.228000	25.416500
0.229000	29.292299
0.230000	21.810900
0.231000	29.292299
0.232000	22.982700
0.233000	27.309401
0.234000	23.072800
0.235000	30.013399
0.236000	30.283800
0.237000	24.424999
0.238000	26.047400
0.239000	21.991199
0.240000	25.236099
0.241000	27.579599
0.242000	22.622200
0.243000	23.523600
0.244000	15.140900
0.245000	13.428200
0.246000	17.664600
0.247000	20.999701
0.248000	27.129000
0.249000	21.179899
0.250000	18.475901
0.251000	20.278700
0.252000	21.450300
0.253000	20.098301
0.254000	17.394300
0.255000	16.763300
0.256000	19.377300
0.257000	18.385799
0.258000	12.617000
0.259000	9.642400
0.260000	4.865130
0.261000	2.251200
0.262000	2.972430
0.263000	2.792080
0.264000	2.161110
0.265000	-0.002215
0.266000	1.800590
0.267000	-2.165360
0.268000	-3.157030
0.269000	-3.878080
0.270000	-3.607640
0.271000	0.719017
0.272000	1.440060
0.273000	-2.075270
0.274000	-1.264140
0.275000	0.088054
0.276000	2.521640
0.277000	2.972430
0.278000	4.865130
0.279000	3.693480
0.280000	3.603390
0.281000	3.783560
0.282000	4.234350
0.283000	6.577850
0.284000	7.839780
0.285000	9.101700
0.286000	13.518300
0.287000	15.501400
0.288000	18.836399
0.289000	19.016800
0.290000	18.205400
0.291000	17.394300
0.292000	17.934999
0.293000	19.287001
0.294000	21.179899
0.295000	20.819401
0.296000	20.639200
0.297000	21.810900
0.298000	24.334700
0.299000	26.588100
0.300000	27.489500
0.301000	28.300800
0.302000	28.390900
0.303000	32.447102
0.304000	36.052601
0.305000	36.413101
0.306000	36.773602
0.307000	34.339802
0.308000	33.889198
0.309000	35.782101
0.310000	36.503201
0.311000	37.494701
0.312000	37.765099
0.313000	37.945499
0.314000	38.035500
0.315000	38.666500
0.316000	39.117100
0.317000	37.494701
0.318000	36.683498
0.319000	36.593300
0.320000	35.601799
0.321000	34.790600
0.322000	33.168201
0.323000	31.635799
0.324000	30.464001
0.325000	32.266800
0.326000	28.661400
0.327000	27.219101
0.328000	26.768499
0.329000	27.760000
0.330000	29.382401
0.331000	29.562799
0.332000	29.923300
0.333000	28.300800
0.334000	26.858601
0.335000	27.579599
0.336000	26.858601
0.337000	27.850000
0.338000	27.669901
0.339000	30.464001
0.340000	30.644300
0.341000	29.833000
0.342000	28.481001
0.343000	26.408001
0.344000	27.399401
0.345000	28.661400
0.346000	30.734400
0.347000	30.914801
0.348000	30.914801
0.349000	29.923300
0.350000	28.571100
0.351000	29.472500
0.352000	28.390900
0.353000	27.669901
0.354000	27.669901
0.355000	28.300800
0.356000	28.571100
0.357000	28.931801
0.358000	29.112000
0.359000	28.661400
0.360000	26.227600
0.361000	26.408001
0.362000	30.824499
0.363000	33.979301
0.364000	35.601799
0.365000	38.486099
0.366000	37.404598
0.367000	35.061100
0.368000	32.356899
0.369000	31.635799
0.370000	33.168201
0.371000	33.708900
0.372000	34.520199
0.373000	36.683498
0.374000	33.708900
0.375000	30.103500
0.376000	31.365400
0.377000	32.717400
0.378000	35.782101
0.379000	35.962502
0.380000	43.533798
0.381000	33.438599
0.382000	4.955400
0.383000	-24.429199
0.384000	-34.344299
0.385000	-31.459900
0.386000	-24.609600
0.387000	-11.629800
0.388000	-2.075270
0.389000	15.681600
0.390000	51.015099
0.391000	80.850601
0.392000	87.160004
0.393000	65.256798
0.394000	42.181801
0.395000	20.639200
0.396000	23.253099
0.397000	28.390900
0.398000	33.799198
0.399000	41.731201
0.400000	43.443802
0.401000	43.984600
0.402000	35.962502
0.403000	33.078098
0.404000	32.537201
0.405000	38.666500
0.406000	47.229500
0.407000	47.319599
0.408000	49.032200
0.409000	44.435299
0.410000	40.379002
0.411000	37.134102
0.412000	28.210600
0.413000	24.244600
0.414000	19.016800
0.415000	14.870500
0.416000	11.084700
0.417000	5.676450
0.418000	3.783560
0.419000	3.332950
0.420000	2.882160
0.421000	7.208810
0.422000	13.338100
0.423000	18.205400
0.424000	23.433300
0.425000	25.957199
0.426000	31.185200
0.427000	29.923300
0.428000	31.816200
0.429000	31.094900
0.430000	33.348400
0.431000	36.232700
0.432000	36.953999
0.433000	35.601799
0.434000	34.159698
0.435000	34.520199
0.436000	36.142601
0.437000	33.258301
0.438000	32.627300
0.439000	29.021900
0.440000	28.481001
0.441000	27.760000
0.442000	26.408001
0.443000	22.802299
0.444000	18.115400
0.445000	16.042101
0.446000	15.231000
0.447000	16.853399
0.448000	14.329600
0.449000	10.093200
0.450000	5.676450
0.451000	4.324440
0.452000	6.036970
0.453000	11.174800
0.454000	14.600000
0.455000	16.673100
0.456000	18.926500
0.457000	19.737801
0.458000	20.188400
0.459000	18.836399
0.460000	19.647699
0.461000	22.802299
0.462000	25.416500
0.463000	29.742901
0.464000	28.931801
0.465000	25.777000
0.466000	23.163099
0.467000	21.450300
0.468000	21.630699
0.469000	20.188400
0.470000	19.106800
0.471000	18.205400
0.472000	15.952000
0.473000	14.870500
0.474000	13.428200
0.475000	12.436700
0.476000	10.904300
0.477000	9.642400
0.478000	9.642400
0.479000	8.470740
0.480000	8.650910
0.481000	8.560820
0.482000	7.569340
0.483000	8.560820
0.484000	8.290390
0.485000	8.200300
0.486000	10.363600
0.487000	10.814200
0.488000	15.321100
0.489000	16.943501
0.490000	16.853399
0.491000	18.115400
0.492000	16.222500
0.493000	18.295500
0.494000	18.025299
0.495000	20.999701
0.496000	21.089800
0.497000	20.188400
0.498000	19.557400
0.499000	16.673100
0.500000	16.492901
0.501000	11.355100
0.502000	11.535300
0.503000	12.346600
0.504000	10.003100
0.505000	10.273400
0.506000	7.839780
0.507000	6.938380
0.508000	6.667940
0.509000	5.045490
0.510000	5.946890
0.511000	6.577850
0.512000	4.865130
0.513000	5.315930
0.514000	2.972430
0.515000	4.504610
0.516000	4.684960
0.517000	4.775050
0.518000	6.938380
0.519000	7.298900
0.520000	8.831260
0.521000	10.633900
0.522000	10.543800
0.523000	12.436700
0.524000	11.625600
0.525000	11.805700
0.526000	12.346600
0.527000	9.552310
0.528000	9.101700
0.529000	8.921350
0.530000	6.487770
0.531000	7.929860
0.532000	4.504610
0.533000	5.676450
0.534000	3.423040
0.535000	3.062510
0.536000	3.873650
0.537000	2.071030
0.538000	2.792080
0.539000	0.358309
0.540000	0.809102
0.541000	0.899187
0.542000	-0.272654
0.543000	-1.354230
0.544000	-1.804830
0.545000	-2.255630
0.546000	0.268224
0.547000	-0.092300
0.548000	2.701990
0.549000	1.079540
0.550000	3.963920
0.551000	3.783560
0.552000	4.955400
0.553000	4.324440
0.554000	2.251200
0.555000	3.963920
0.556000	2.701990
0.557000	1.349980
0.558000	3.152600
0.559000	-0.272654
0.560000	-0.633178
0.561000	-0.813348
0.562000	-2.616150
0.563000	-1.624660
0.564000	-4.418950
0.565000	-2.886590
0.566000	-2.075270
0.567000	-4.689210
0.568000	-3.517550
0.569000	-5.410440
0.570000	-6.942620
0.571000	-6.672370
0.572000	-8.204550
0.573000	-6.672370
0.574000	-8.024380
0.575000	-7.122980
0.576000	-7.844020
0.577000	-9.286300
0.578000	-7.122980
0.579000	-5.770970
0.580000	-4.418950
0.581000	-1.534580
0.582000	-0.813348
0.583000	-1.173870
0.584000	-4.418950
0.585000	-7.303330
0.586000	-8.655340
0.587000	-10.007400
0.588000	-8.745430
0.589000	-8.114460
0.590000	-6.221570
0.591000	-6.762450
0.592000	-10.007400
0.593000	-10.728400
0.594000	-9.556740
0.595000	-11.539700
0.596000	-8.294820
0.597000	-7.844020
0.598000	-7.032890
0.599000	-9.466470
0.600000	-12.080400
0.601000	-13.342300
0.602000	-12.891700
0.603000	-11.900200
0.604000	-11.719900
0.605000	-8.745430
0.606000	-10.818500
0.607000	-9.827000
0.608000	-10.818500
0.609000	-13.162200
0.610000	-11.449400
0.611000	-11.179200
0.612000	-9.376390
0.613000	-7.303330
0.614000	-9.196030
0.615000	-9.736910
0.616000	-10.458000
0.617000	-12.170700
0.618000	-11.359400
0.619000	-12.801600
0.620000	-13.432600
0.621000	-12.170700
0.622000	-15.235200
0.623000	-16.497101
0.624000	-17.488600
0.625000	-16.136600
0.626000	-15.415600
0.627000	-14.694500
0.628000	-13.883200
0.629000	-14.243700
0.630000	-16.767599
0.631000	-18.299999
0.632000	-19.832300
0.633000	-18.299999
0.634000	-17.669001
0.635000	-14.874700
0.636000	-16.226700
0.637000	-15.686000
0.638000	-19.471600
0.639000	-18.029499
0.640000	-16.767599
0.641000	-15.595700
0.642000	-14.514200
0.643000	-14.424100
0.644000	-14.514200
0.645000	-15.956500
0.646000	-16.767599
0.647000	-18.029499
0.648000	-19.291401
0.649000	-19.742001
0.650000	-20.012501
0.651000	-20.102600
0.652000	-19.111099
0.653000	-20.643400
0.654000	-21.454800
0.655000	-25.871300
0.656000	-25.601101
0.657000	-21.634899
0.658000	-20.463301
0.659000	-20.553400
0.660000	-22.085699
0.661000	-22.446301
0.662000	-22.716700
0.663000	-22.265900
0.664000	-19.021000
0.665000	-19.111099
0.666000	-18.119600
0.667000	-22.806801
0.668000	-22.356001
0.669000	-21.184299
0.670000	-20.282900
0.671000	-20.372999
0.672000	-23.347700
0.673000	-22.806801
0.674000	-23.347700
0.675000	-16.226700
0.676000	-17.759100
0.677000	-18.660500
0.678000	-22.536301
0.679000	-25.510799
0.680000	-22.536301
0.681000	-22.626400
0.682000	-23.527800
0.683000	-26.682600
0.684000	-27.674101
0.685000	-22.265900
0.686000	-20.733500
0.687000	-22.085699
0.688000	-28.755699
0.689000	-30.107901
0.690000	-29.566999
0.691000	-25.961599
0.692000	-21.364500
0.693000	-17.128099
0.694000	-16.767599
0.695000	-19.381500
0.696000	-21.184299
0.697000	-20.553400
0.698000	-17.669001
0.699000	-14.694500
0.700000	-12.441100
0.701000	-12.441100
0.702000	-11.810200
0.703000	-15.866200
0.704000	-20.823799
0.705000	-28.755699
0.706000	-29.927500
0.707000	-24.699699
0.708000	-19.201401
0.709000	-11.359400
0.710000	-7.393410
0.711000	-8.204550
0.712000	-11.810200
0.713000	-16.857700
0.714000	-17.038000
0.715000	-11.990300
0.716000	-4.689210
0.717000	1.530150
0.718000	6.487770
0.719000	5.946890
0.720000	5.225840
0.721000	1.349980
0.722000	-0.002215
0.723000	3.332950
0.724000	5.406010
0.725000	12.887500
0.726000	11.174800
0.727000	13.338100
0.728000	8.831260
0.729000	4.504610
0.730000	80.489799
0.731000	88.782402
0.732000	81.661697
0.733000	83.103996
0.734000	73.639503
0.735000	25.686701
0.736000	-60.934601
0.737000	-74.996002
0.738000	-64.179497
0.739000	2.882160
0.740000	62.102001
0.741000	80.399803
0.742000	69.313103
0.743000	5.315930
0.744000	-49.397099
0.745000	-90.499397
0.746000	-79.502800
0.747000	-18.480101
0.748000	34.880699
0.749000	68.591797
0.750000	54.800900
0.751000	9.642400
0.752000	-44.078999
0.753000	-81.125198
0.754000	-69.317299
0.755000	-27.764200
0.756000	30.283800
0.757000	62.011902
0.758000	59.938702
0.759000	24.515100
0.760000	-24.068701
0.761000	-52.011101
0.762000	-49.397099
0.763000	-15.776100
0.764000	28.661400
0.765000	60.569698
0.766000	60.840099
0.767000	40.559399
0.768000	-5.680700
0.769000	-40.293201
0.770000	-47.323898
0.771000	-33.893501
0.772000	7.749510
0.773000	33.528702
0.774000	42.181801
0.775000	28.931801
0.776000	-11.900200
0.777000	-39.391998
0.778000	-64.720398
0.779000	-37.499100
0.780000	-15.956500
0.781000	19.377300
0.782000	27.309401
0.783000	13.608500
0.784000	-4.148520
0.785000	-28.124701
0.786000	-33.803398
0.787000	-18.299999
0.788000	2.161110
0.789000	25.236099
0.790000	32.987801
0.791000	25.055799
0.792000	8.470740
0.793000	-2.435800
0.794000	-12.621300
0.795000	-9.827000
0.796000	-0.452824
0.797000	21.179899
0.798000	28.481001
0.799000	20.729300
0.800000	12.166200
0.801000	-8.565070
0.802000	-21.725201
0.803000	-22.536301
0.804000	-14.063600
0.805000	-4.148520
0.806000	7.118730
0.807000	9.281870
0.808000	0.899187
0.809000	-17.128099
0.810000	-24.970100
0.811000	-28.936100
0.812000	-19.021000
0.813000	-10.187700
0.814000	3.693480
0.815000	10.003100
0.816000	8.290390
0.817000	1.800590
0.818000	-5.140000
0.819000	-3.157030
0.820000	-2.796320
0.821000	6.036970
0.822000	10.453700
0.823000	11.084700
0.824000	14.780200
0.825000	7.929860
0.826000	4.234350
0.827000	-3.517550
0.828000	-5.230090
0.829000	-1.354230
0.830000	2.882160
0.831000	10.633900
0.832000	8.019950
0.833000	6.036970
0.834000	-2.075270
0.835000	-19.922400
0.836000	-19.742001
0.837000	-24.429199
0.838000	-6.762450
0.839000	-2.706240
0.840000	3.152600
0.841000	5.586370
0.842000	-0.723263
0.843000	-7.483500
0.844000	-4.418950
0.845000	-9.286300
0.846000	7.118730
0.847000	7.479250
0.848000	14.329600
0.849000	7.929860
0.850000	2.341470
0.851000	1.620230
0.852000	-1.985190
0.853000	-2.435800
0.854000	2.792080
0.855000	5.045490
0.856000	11.445200
0.857000	6.217330
0.858000	1.169630
0.859000	-5.140000
0.860000	-9.556740
0.861000	-7.934110
0.862000	-8.114460
0.863000	-2.075270
0.864000	-0.723263
0.865000	-3.517550
0.866000	-5.951130
0.867000	-13.072100
0.868000	-15.686000
0.869000	-11.629800
0.870000	-7.393410
0.871000	-0.002215
0.872000	-0.903617
0.873000	4.955400
0.874000	0.358309
0.875000	-3.066760
0.876000	-9.917270
0.877000	-6.942620
0.878000	-4.058250
0.879000	0.989271
0.880000	2.071030
0.881000	1.980760
0.882000	-1.624660
0.883000	-4.418950
0.884000	-4.599120
0.885000	-1.714750
0.886000	-0.542909
0.887000	7.208810
0.888000	5.225840
0.889000	2.341470
0.890000	-3.607640
0.891000	-8.835510
0.892000	-7.573580
0.893000	-6.401930
0.894000	-4.058250
0.895000	0.448578
0.896000	-2.165360
0.897000	1.980760
0.898000	-3.878080
0.899000	-5.320170
0.900000	-2.435800
0.901000	-0.092300
0.902000	4.234350
0.903000	4.504610
0.904000	3.423040
0.905000	2.161110
0.906000	-3.968160
0.907000	-4.418950
0.908000	-5.320170
0.909000	-1.895100
0.910000	4.054000
0.911000	3.603390
0.912000	3.873650
0.913000	-1.444310
0.914000	-3.427280
0.915000	0.628748
0.916000	-2.706240
0.917000	1.980760
0.918000	7.929860
0.919000	5.586370
0.920000	4.955400
0.921000	-1.804830
0.922000	-9.376390
0.923000	-8.384900
0.924000	-8.474990
0.925000	-5.500530
0.926000	0.628748
0.927000	2.521640
0.928000	4.955400
0.929000	0.989271
0.930000	-3.337200
0.931000	-5.500530
0.932000	-5.230090
0.933000	0.809102
0.934000	0.088054
0.935000	-2.435800
0.936000	1.259710
0.937000	-6.762450
0.938000	-6.131490
0.939000	-6.492010
0.940000	-4.328690
0.941000	1.259710
0.942000	5.315930
0.943000	3.513120
0.944000	5.856800
0.945000	-2.435800
0.946000	-0.452824
0.947000	-2.706240
0.948000	0.358309
0.949000	2.701990
0.950000	5.496100
0.951000	4.775050
0.952000	1.530150
0.953000	-7.573580
0.954000	-9.105950
0.955000	-8.835510
0.956000	-2.345710
0.957000	0.358309
0.958000	8.110220
0.959000	7.479250
0.960000	4.234350
0.961000	-2.435800
0.962000	-8.294820
0.963000	-9.466470
0.964000	-1.083790
0.965000	1.440060
0.966000	3.963920
0.967000	1.620230
0.968000	-5.951130
0.969000	-10.007400
0.970000	-10.458000
0.971000	-6.582100
0.972000	0.628748
0.973000	6.938380
0.974000	3.423040
0.975000	2.251200
0.976000	-3.607640
0.977000	-4.779480
0.978000	-1.173870
0.979000	-1.173870
0.980000	3.693480
0.981000	2.611720
0.982000	3.332950
0.983000	3.332950
0.984000	1.980760
0.985000	5.135570
0.986000	2.251200
0.987000	3.332950
0.988000	3.513120
0.989000	0.268224
0.990000	-0.903617
0.991000	-1.804830
0.992000	-2.976680
0.993000	-2.435800
0.994000	-4.959650
0.995000	-5.320170
0.996000	-5.140000
0.997000	-5.590610
0.998000	-6.492010
0.999000	-5.049730
1.000000	-4.418950
1.001000	-0.542909
1.002000	-2.886590
1.003000	-2.075270
1.004000	-4.058250
1.005000	-2.706240
1.006000	-1.264140
1.007000	-1.173870
1.008000	-1.354230
1.009000	-0.813348
1.010000	-1.985190
1.011000	-2.165360
1.012000	-4.328690
1.013000	-0.813348
1.014000	0.809102
1.015000	3.242680
1.016000	3.423040
1.017000	1.620230
1.018000	0.719017
1.019000	-1.534580
1.020000	-2.976680
1.021000	-2.976680
1.022000	-2.706240
1.023000	-1.714750
1.024000	-1.534580
1.025000	-3.427280
1.026000	-3.787990
1.027000	-3.157030
1.028000	-1.264140
1.029000	-1.173870
1.030000	-1.264140
1.031000	-1.264140
1.032000	-0.903617
1.033000	-2.345710
1.034000	-2.345710
1.035000	-3.517550
1.036000	-1.714750
1.037000	-1.714750
1.038000	-1.354230
1.039000	-1.714750
1.040000	-1.985190
1.041000	-0.542909
1.042000	1.980760
1.043000	1.980760
1.044000	1.530150
1.045000	-0.633178
1.046000	-1.714750
1.047000	-5.410440
1.048000	-5.410440
1.049000	-2.435800
1.050000	0.448578
1.051000	1.710500
1.052000	-0.092300
1.053000	-3.697720
1.054000	-4.779480
1.055000	-5.861050
1.056000	-3.697720
1.057000	1.079540
1.058000	2.341470
1.059000	3.513120
1.060000	1.710500
1.061000	-0.993702
1.062000	-4.418950
1.063000	-2.526070
1.064000	-2.526070
1.065000	-0.182385
1.066000	2.341470
1.067000	2.161110
1.068000	1.530150
1.069000	-0.182385
1.070000	-2.976680
1.071000	-4.779480
1.072000	-5.320170
1.073000	-0.272654
1.074000	1.620230
1.075000	1.800590
1.076000	-0.542909
1.077000	-3.427280
1.078000	-8.745430
1.079000	-10.277800
1.080000	-7.663850
1.081000	-0.542909
1.082000	4.594880
1.083000	5.676450
1.084000	2.972430
1.085000	-1.354230
1.086000	-4.779480
1.087000	-5.861050
1.088000	-5.410440
1.089000	-2.345710
1.090000	0.989271
1.091000	-0.002215
1.092000	-0.903617
1.093000	-3.787990
1.094000	-6.762450
1.095000	-6.492010
1.096000	-3.157030
1.097000	1.800590
1.098000	5.135570
1.099000	7.839780
1.100000	6.487770
1.101000	2.431550
1.102000	-2.075270
1.103000	-4.148520
1.104000	-2.165360
1.105000	-0.272654
1.106000	3.603390
1.107000	4.594880
1.108000	2.972430
1.109000	-0.993702
1.110000	-4.779480
1.111000	-6.131490
1.112000	-4.779480
1.113000	-0.362739
1.114000	2.972430
1.115000	4.414520
1.116000	3.152600
1.117000	-1.444310
1.118000	-8.474990
1.119000	-10.998800
1.120000	-7.573580
1.121000	-3.607640
1.122000	1.440060
1.123000	-0.362739
1.124000	0.088054
1.125000	-5.410440
1.126000	-3.247110
1.127000	-0.092300
1.128000	1.349980
1.129000	3.603390
1.130000	3.603390
1.131000	3.332950
1.132000	2.701990
1.133000	2.882160
1.134000	-0.182385
1.135000	1.530150
1.136000	-1.624660
1.137000	-3.337200
1.138000	0.628748
1.139000	3.873650
1.140000	6.307410
1.141000	6.487770
1.142000	-0.362739
1.143000	-1.264140
1.144000	-6.942620
1.145000	-5.320170
1.146000	-2.976680
1.147000	-2.706240
1.148000	-1.895100
1.149000	-3.066760
1.150000	-4.959650
1.151000	-7.663850
1.152000	-7.032890
1.153000	-3.878080
1.154000	-2.886590
1.155000	1.620230
1.156000	1.079540
1.157000	2.611720
1.158000	-0.272654
1.159000	-1.985190
1.160000	-2.345710
1.161000	-1.444310
1.162000	0.088054
1.163000	2.431550
1.164000	1.530150
1.165000	0.809102
1.166000	-1.624660
1.167000	-3.607640
1.168000	-2.976680
1.169000	-2.976680
1.170000	-0.362739
1.171000	0.538663
1.172000	1.349980
1.173000	-0.002215
1.174000	-3.517550
1.175000	-4.328690
1.176000	-6.221570
1.177000	-6.672370
1.178000	-4.869560
1.179000	-5.049730
1.180000	-1.173870
1.181000	-3.427280
1.182000	-1.264140
1.183000	-1.895100
1.184000	-2.075270
1.185000	0.538663
1.186000	0.268224
1.187000	-0.182385
1.188000	-0.182385
1.189000	-1.804830
1.190000	-0.633178
1.191000	-2.255630
1.192000	-0.993702
1.193000	-0.903617
1.194000	-0.633178
1.195000	-0.002215
1.196000	-1.264140
1.197000	-1.083790
1.198000	-2.435800
1.199000	-4.328690
1.200000	-3.517550
1.201000	-4.148520
1.202000	-3.607640
1.203000	-5.320170
1.204000	-3.697720
1.205000	-7.573580
1.206000	-5.770970
1.207000	-7.483500
1.208000	-4.058250
1.209000	-3.968160
1.210000	0.358309
1.211000	-2.345710
1.212000	0.448578
1.213000	-1.264140
1.214000	0.358309
1.215000	0.719017
1.216000	1.259710
1.217000	0.448578
1.218000	0.538663
1.219000	0.899187
1.220000	1.530150
1.221000	1.349980
1.222000	1.890670
1.223000	1.349980
1.224000	-0.272654
1.225000	-0.362739
1.226000	-1.534580
1.227000	-0.633178
1.228000	0.358309
1.229000	-0.002215
1.230000	0.178139
1.231000	-1.624660
1.232000	-3.607640
1.233000	-4.779480
1.234000	-4.509040
1.235000	-2.616150
1.236000	-0.542909
1.237000	-0.542909
1.238000	0.899187
1.239000	-1.083790
1.240000	-1.534580
1.241000	-2.345710
1.242000	-0.362739
1.243000	0.628748
1.244000	2.341470
1.245000	1.710500
1.246000	3.152600
1.247000	0.268224
1.248000	0.628748
1.249000	-0.542909
1.250000	0.268224
1.251000	0.628748
1.252000	1.530150
1.253000	2.882160
1.254000	1.890670
1.255000	0.628748
1.256000	-1.895100
1.257000	-3.968160
1.258000	-2.796320
1.259000	-3.787990
1.260000	-0.272654
1.261000	-1.173870
1.262000	-1.714750
1.263000	-3.427280
1.264000	-4.959650
1.265000	-4.328690
1.266000	-2.255630
1.267000	-0.723263
1.268000	1.530150
1.269000	-0.723263
1.270000	-0.452824
1.271000	-3.337200
1.272000	-3.157030
1.273000	-3.157030
1.274000	-2.075270
1.275000	-1.083790
1.276000	-0.813348
1.277000	-0.092300
1.278000	-1.985190
1.279000	-3.607640
1.280000	-3.247110
1.281000	-2.345710
1.282000	-0.272654
1.283000	0.268224
1.284000	2.161110
1.285000	0.358309
1.286000	-0.633178
1.287000	-1.895100
1.288000	-2.255630
1.289000	-0.813348
1.290000	0.178139
1.291000	1.079540
1.292000	2.251200
1.293000	0.719017
1.294000	0.448578
1.295000	-0.362739
1.296000	0.088054
1.297000	1.349980
1.298000	0.899187
1.299000	-0.272654
1.300000	-2.976680
1.301000	-4.058250
1.302000	-4.599120
1.303000	-0.002215
1.304000	1.710500
1.305000	-0.903617
1.306000	0.989271
1.307000	-7.934110
1.308000	-17.308500
1.309000	-4.599120
1.310000	-5.410440
1.311000	11.355100
1.312000	4.955400
1.313000	13.428200
1.314000	12.256500
1.315000	6.217330
1.316000	-4.959650
1.317000	1.440060
1.318000	-2.165360
1.319000	8.019950
1.320000	11.895800
1.321000	14.239500
1.322000	8.470740
1.323000	3.332950
1.324000	2.431550
1.325000	-4.148520
1.326000	-3.337200
1.327000	6.127060
1.328000	4.324440
1.329000	10.003100
1.330000	-0.633178
1.331000	-13.072100
1.332000	-16.677500
1.333000	-22.446301
1.334000	-12.350800
1.335000	-4.689210
1.336000	-1.444310
1.337000	-1.985190
1.338000	-5.140000
1.339000	-12.981800
1.340000	-16.767599
1.341000	-13.072100
1.342000	-1.083790
1.343000	8.110220
1.344000	12.797200
1.345000	9.281870
1.346000	2.611720
1.347000	-4.328690
1.348000	-5.680700
1.349000	-4.238600
1.350000	2.431550
1.351000	7.659420
1.352000	6.577850
1.353000	1.079540
1.354000	-2.976680
1.355000	-9.827000
1.356000	-8.294820
1.357000	-10.367900
1.358000	-8.925780
1.359000	-7.844020
1.360000	-7.753940
1.361000	-6.131490
1.362000	-7.934110
1.363000	-8.294820
1.364000	-8.835510
1.365000	-7.663850
1.366000	-6.221570
1.367000	-6.041400
1.368000	-3.337200
1.369000	-1.534580
1.370000	0.088054
1.371000	-1.354230
1.372000	-1.804830
1.373000	-2.526070
1.374000	-2.526070
1.375000	-4.238600
1.376000	-4.328690
1.377000	-2.526070
1.378000	-0.182385
1.379000	1.530150
1.380000	0.448578
1.381000	-2.886590
1.382000	-6.131490
1.383000	-8.925780
1.384000	-7.573580
1.385000	-5.230090
1.386000	-0.903617
1.387000	2.251200
1.388000	2.972430
1.389000	-1.354230
1.390000	-4.689210
1.391000	-6.762450
1.392000	-5.410440
1.393000	-0.272654
1.394000	1.890670
1.395000	5.946890
1.396000	5.315930
1.397000	3.242680
1.398000	0.538663
1.399000	-2.255630
1.400000	-1.264140
1.401000	2.431550
1.402000	4.414520
1.403000	5.766530
1.404000	3.693480
1.405000	0.628748
1.406000	-2.526070
1.407000	-6.041400
1.408000	-6.131490
1.409000	-3.157030
1.410000	-0.002215
1.411000	1.710500
1.412000	0.809102
1.413000	-2.435800
1.414000	-4.328690
1.415000	-6.311660
1.416000	-5.680700
1.417000	-2.976680
1.418000	0.358309
1.419000	3.152600
1.420000	3.332950
1.421000	0.899187
1.422000	-1.173870
1.423000	-1.444310
1.424000	0.989271
1.425000	3.693480
1.426000	6.127060
1.427000	6.217330
1.428000	4.324440
1.429000	0.899187
1.430000	-1.534580
1.431000	-3.337200
1.432000	-1.354230
1.433000	0.899187
1.434000	2.341470
1.435000	2.341470
1.436000	1.079540
1.437000	-0.542909
1.438000	-1.804830
1.439000	-1.985190
1.440000	-0.182385
1.441000	1.710500
1.442000	4.414520
1.443000	3.513120
1.444000	1.800590
1.445000	-0.903617
1.446000	-2.255630
1.447000	-2.075270
1.448000	-0.903617
1.449000	0.538663
1.450000	2.161110
1.451000	1.530150
1.452000	1.169630
1.453000	-0.813348
1.454000	-0.182385
1.455000	-0.272654
1.456000	0.989271
1.457000	2.071030
1.458000	2.071030
1.459000	2.521640
1.460000	1.710500
1.461000	0.719017
1.462000	0.358309
1.463000	0.448578
1.464000	2.521640
1.465000	3.603390
1.466000	3.603390
1.467000	2.792080
1.468000	2.431550
1.469000	1.800590
1.470000	0.448578
1.471000	-0.182385
1.472000	-1.354230
1.473000	-1.804830
1.474000	-2.976680
1.475000	-4.148520
1.476000	-5.230090
1.477000	-5.230090
1.478000	-4.959650
1.479000	-5.049730
1.480000	-4.779480
1.481000	-4.148520
1.482000	-2.435800
1.483000	-1.895100
1.484000	-1.624660
1.485000	-1.534580
1.486000	-1.444310
1.487000	-0.813348
1.488000	-0.633178
1.489000	-0.993702
1.490000	-0.633178
1.491000	-0.452824
1.492000	-0.542909
1.493000	-1.264140
1.494000	-1.264140
1.495000	-1.264140
1.496000	-0.633178
1.497000	-0.723263
1.498000	-1.083790
1.499000	-1.354230
1.500000	-2.075270
1.501000	-3.607640
1.502000	-5.230090
1.503000	-5.951130
1.504000	-5.500530
1.505000	-4.779480
1.506000	-4.779480
1.507000	-5.230090
1.508000	-5.680700
1.509000	-6.221570
1.510000	-4.328690
1.511000	-4.689210
1.512000	-2.976680
1.513000	-2.616150
1.514000	-1.714750
1.515000	-2.075270
1.516000	-2.886590
1.517000	-2.706240
1.518000	-1.173870
1.519000	-0.993702
1.520000	0.628748
1.521000	0.809102
1.522000	0.899187
1.523000	-0.002215
1.524000	-0.633178
1.525000	-1.895100
1.526000	-1.534580
1.527000	-0.993702
1.528000	-0.723263
1.529000	-1.083790
1.530000	-2.075270
1.531000	-2.976680
1.532000	-3.878080
1.533000	-4.779480
1.534000	-4.599120
1.535000	-4.058250
1.536000	-2.886590
1.537000	-3.427280
1.538000	-3.517550
1.539000	-4.599120
1.540000	-4.689210
1.541000	-3.337200
1.542000	-3.066760
1.543000	-1.895100
1.544000	-1.444310
1.545000	-2.075270
1.546000	-2.165360
1.547000	-3.157030
1.548000	-3.697720
1.549000	-3.157030
1.550000	-2.435800
1.551000	-1.173870
1.552000	-1.444310
1.553000	-1.804830
1.554000	-1.985190
1.555000	-3.157030
1.556000	-3.247110
1.557000	-3.517550
1.558000	-2.526070
1.559000	-1.534580
1.560000	-0.993702
1.561000	-1.264140
1.562000	-1.714750
1.563000	-1.804830
1.564000	-1.804830
1.565000	-2.075270
1.566000	-1.444310
1.567000	-0.633178
1.568000	-0.633178
1.569000	-0.452824
1.570000	-1.264140
1.571000	-1.895100
1.572000	-1.354230
1.573000	-1.354230
1.574000	-0.542909
1.575000	-0.182385
1.576000	0.178139
1.577000	0.538663
1.578000	0.989271
1.579000	0.358309
1.580000	0.448578
1.581000	1.079540
1.582000	1.710500
1.583000	2.521640
1.584000	1.620230
1.585000	2.521640
1.586000	2.611720
1.587000	2.161110
1.588000	2.341470
1.589000	1.890670
1.590000	2.431550
1.591000	3.603390
1.592000	2.972430
1.593000	2.882160
1.594000	1.259710
1.595000	0.628748
1.596000	0.358309
1.597000	0.358309
1.598000	0.358309
1.599000	0.358309
1.600000	-0.182385
1.601000	-0.542909
1.602000	-0.903617
1.603000	-1.173870
1.604000	-1.534580
1.605000	-1.624660
1.606000	-1.173870
1.607000	0.088054
1.608000	0.899187
1.609000	0.628748
1.610000	-0.362739
1.611000	-1.264140
1.612000	-1.444310
1.613000	-0.542909
1.614000	0.088054
1.615000	0.899187
1.616000	1.259710
1.617000	1.349980
1.618000	1.079540
1.619000	-0.542909
1.620000	-1.264140
1.621000	-0.993702
1.622000	0.268224
1.623000	0.809102
1.624000	0.538663
1.625000	-0.452824
1.626000	-1.444310
1.627000	-2.796320
1.628000	-3.337200
1.629000	-3.247110
1.630000	-2.435800
1.631000	-1.804830
1.632000	-1.173870
1.633000	-1.895100
1.634000	-2.706240
1.635000	-3.607640
1.636000	-3.878080
1.637000	-3.066760
1.638000	-2.435800
1.639000	-1.804830
1.640000	-0.813348
1.641000	-1.714750
1.642000	-2.075270
1.643000	-3.066760
1.644000	-2.616150
1.645000	-1.714750
1.646000	-0.903617
1.647000	-0.362739
1.648000	-0.002215
1.649000	-0.813348
1.650000	-1.173870
1.651000	-1.714750
1.652000	-2.165360
1.653000	-1.173870
1.654000	-0.993702
1.655000	-0.633178
1.656000	-1.895100
1.657000	-2.345710
1.658000	-2.796320
1.659000	-2.345710
1.660000	-1.624660
1.661000	-2.165360
1.662000	-2.706240
1.663000	-1.624660
1.664000	-1.083790
1.665000	0.178139
1.666000	1.259710
1.667000	-1.624660
1.668000	-2.435800
1.669000	-2.976680
1.670000	-5.140000
1.671000	0.809102
1.672000	0.448578
1.673000	-1.264140
1.674000	-5.500530
1.675000	-8.745430
1.676000	-3.697720
1.677000	-6.672370
1.678000	-3.517550
1.679000	-2.706240
1.680000	-3.787990
1.681000	-3.968160
1.682000	-4.689210
1.683000	-5.500530
1.684000	-1.534580
1.685000	-1.444310
1.686000	0.989271
1.687000	-0.813348
1.688000	-2.976680
1.689000	-0.633178
1.690000	0.088054
1.691000	1.079540
1.692000	1.530150
1.693000	1.620230
1.694000	1.440060
1.695000	-2.886590
1.696000	-3.337200
1.697000	-4.959650
1.698000	-5.140000
1.699000	-0.362739
1.700000	-0.362739
1.701000	1.620230
1.702000	-1.173870
1.703000	-4.148520
1.704000	-6.852540
1.705000	-8.114460
1.706000	-5.861050
1.707000	-1.985190
1.708000	0.538663
1.709000	2.071030
1.710000	-1.264140
1.711000	-2.976680
1.712000	-5.770970
1.713000	-5.320170
1.714000	-2.616150
1.715000	1.259710
1.716000	4.414520
1.717000	5.766530
1.718000	3.332950
1.719000	0.899187
1.720000	-3.968160
1.721000	-5.680700
1.722000	-4.328690
1.723000	-0.813348
1.724000	2.161110
1.725000	2.431550
1.726000	1.710500
1.727000	-2.345710
1.728000	-5.320170
1.729000	-6.041400
1.730000	-3.697720
1.731000	0.448578
1.732000	3.332950
1.733000	3.873650
1.734000	1.710500
1.735000	-2.796320
1.736000	-6.582100
1.737000	-7.213060
1.738000	-5.770970
1.739000	-1.714750
1.740000	1.079540
1.741000	3.152600
1.742000	2.701990
1.743000	1.169630
1.744000	-0.903617
1.745000	-1.895100
1.746000	-1.083790
1.747000	1.349980
1.748000	2.701990
1.749000	3.603390
1.750000	1.169630
1.751000	-1.173870
1.752000	-4.148520
1.753000	-4.869560
1.754000	-2.886590
1.755000	0.719017
1.756000	3.693480
1.757000	5.225840
1.758000	3.603390
1.759000	0.719017
1.760000	-1.804830
1.761000	-2.526070
1.762000	-2.616150
1.763000	-0.633178
1.764000	1.259710
1.765000	2.341470
1.766000	1.530150
1.767000	-0.452824
1.768000	-2.435800
1.769000	-3.337200
1.770000	-2.526070
1.771000	-0.182385
1.772000	1.980760
1.773000	2.882160
1.774000	2.792080
1.775000	0.719017
1.776000	-1.895100
1.777000	-3.517550
1.778000	-3.517550
1.779000	-1.264140
1.780000	0.719017
1.781000	1.890670
1.782000	1.710500
1.783000	0.268224
1.784000	-0.903617
1.785000	-2.255630
1.786000	-1.804830
1.787000	-0.362739
1.788000	1.530150
1.789000	2.792080
1.790000	2.431550
1.791000	0.628748
1.792000	-1.354230
1.793000	-2.886590
1.794000	-3.968160
1.795000	-2.796320
1.796000	-1.264140
1.797000	0.719017
1.798000	0.628748
1.799000	-0.092300
1.800000	-2.075270
1.801000	-3.968160
1.802000	-4.328690
1.803000	-3.787990
1.804000	-1.895100
1.805000	-0.723263
1.806000	-0.452824
1.807000	-1.083790
1.808000	-3.066760
1.809000	-4.509040
1.810000	-4.779480
1.811000	-4.148520
1.812000	-1.624660
1.813000	-0.272654
1.814000	0.899187
1.815000	0.178139
1.816000	-1.354230
1.817000	-3.247110
1.818000	-3.878080
1.819000	-3.247110
1.820000	-0.813348
1.821000	-0.272654
1.822000	1.349980
1.823000	-0.542909
1.824000	-1.895100
1.825000	-5.049730
1.826000	-5.230090
1.827000	-5.049730
1.828000	-2.345710
1.829000	-1.173870
1.830000	-0.542909
1.831000	-1.804830
1.832000	-3.517550
1.833000	-5.140000
1.834000	-5.140000
1.835000	-4.509040
1.836000	-2.345710
1.837000	-1.173870
1.838000	-0.903617
1.839000	-1.624660
1.840000	-3.427280
1.841000	-4.869560
1.842000	-3.697720
1.843000	-3.157030
1.844000	-1.354230
1.845000	-0.272654
1.846000	-0.272654
1.847000	-0.542909
1.848000	-2.255630
1.849000	-3.337200
1.850000	-3.878080
1.851000	-2.886590
1.852000	-1.354230
1.853000	-0.633178
1.854000	-0.633178
1.855000	-1.083790
1.856000	-2.075270
1.857000	-2.706240
1.858000	-3.157030
1.859000	-2.435800
1.860000	-1.354230
1.861000	-0.452824
1.862000	-0.362739
1.863000	-0.452824
1.864000	-2.255630
1.865000	-2.706240
1.866000	-3.427280
1.867000	-2.886590
1.868000	-1.714750
1.869000	-0.993702
1.870000	0.358309
1.871000	0.358309
1.872000	-0.182385
1.873000	-0.993702
1.874000	-1.444310
1.875000	-1.173870
1.876000	-0.272654
1.877000	0.448578
1.878000	1.349980
1.879000	0.989271
1.880000	0.538663
1.881000	-0.633178
1.882000	-1.354230
1.883000	-1.714750
1.884000	-0.993702
1.885000	-0.272654
1.886000	0.899187
1.887000	1.169630
1.888000	0.809102
1.889000	-0.002215
1.890000	-1.264140
1.891000	-1.534580
1.892000	-1.264140
1.893000	0.178139
1.894000	1.079540
1.895000	1.169630
1.896000	0.538663
1.897000	-0.903617
1.898000	-1.985190
1.899000	-2.616150
1.900000	-1.264140
1.901000	-0.723263
1.902000	0.178139
1.903000	1.259710
1.904000	0.178139
1.905000	-0.272654
1.906000	-2.345710
1.907000	-2.796320
1.908000	-2.165360
1.909000	-1.534580
1.910000	0.448578
1.911000	0.989271
1.912000	1.169630
1.913000	-0.002215
1.914000	-0.723263
1.915000	-1.804830
1.916000	-1.714750
1.917000	-0.813348
1.918000	0.809102
1.919000	1.530150
1.920000	1.800590
1.921000	0.719017
1.922000	-0.272654
1.923000	-1.534580
1.924000	-2.255630
1.925000	-1.895100
1.926000	-1.083790
1.927000	-0.002215
1.928000	0.358309
1.929000	0.178139
1.930000	-0.362739
1.931000	-1.714750
1.932000	-2.796320
1.933000	-2.616150
1.934000	-2.345710
1.935000	-1.173870
1.936000	-0.723263
1.937000	-0.542909
1.938000	-0.723263
1.939000	-1.895100
1.940000	-2.345710
1.941000	-2.435800
1.942000	-1.895100
1.943000	-0.993702
1.944000	-0.272654
1.945000	0.628748
1.946000	0.358309
1.947000	-0.272654
1.948000	-0.993702
1.949000	-2.075270
1.950000	-2.345710
1.951000	-1.714750
1.952000	-0.633178
1.953000	0.088054
1.954000	0.268224
1.955000	-0.272654
1.956000	-1.534580
1.957000	-2.526070
1.958000	-3.157030
1.959000	-2.796320
1.960000	-1.895100
1.961000	-0.993702
1.962000	-0.633178
1.963000	-0.813348
1.964000	-1.714750
1.965000	-2.706240
1.966000	-3.157030
1.967000	-2.616150
1.968000	-1.714750
1.969000	-0.813348
1.970000	-0.633178
1.971000	-1.083790
1.972000	-2.255630
1.973000	-3.427280
1.974000	-3.878080
1.975000	-2.976680
1.976000	-2.075270
1.977000	-0.362739
1.978000	0.268224
1.979000	-0.813348
1.980000	-1.895100
1.981000	-3.697720
1.982000	-4.869560
1.983000	-4.058250
1.984000	-2.796320
1.985000	-1.264140
1.986000	-0.542909
1.987000	-0.542909
1.988000	-1.804830
1.989000	-2.976680
1.990000	-3.787990
1.991000	-3.247110
1.992000	-2.075270
1.993000	-0.542909
1.994000	0.358309
1.995000	0.088054
1.996000	-1.173870
1.997000	-2.165360
1.998000	-4.148520
1.999000	-3.878080
2.000000	-3.247110
2.001000	-1.895100
2.002000	-0.993702
2.003000	-0.813348
2.004000	-1.173870
2.005000	-1.895100
2.006000	-2.886590
2.007000	-3.157030
2.008000	-2.345710
2.009000	-1.444310
2.010000	-0.633178
2.011000	-0.362739
2.012000	-0.362739
2.013000	-1.173870
2.014000	-1.804830
2.015000	-1.895100
2.016000	-1.624660
2.017000	-0.633178
2.018000	0.358309
2.019000	0.088054
2.020000	1.079540
2.021000	0.809102
2.022000	0.268224
2.023000	-0.272654
2.024000	-0.452824
2.025000	-0.723263
2.026000	-0.452824
2.027000	-0.272654
2.028000	-0.452824
2.029000	-0.542909
2.030000	-1.083790
2.031000	-1.264140
2.032000	-1.895100
2.033000	-1.895100
2.034000	-1.714750
2.035000	-1.173870
2.036000	-0.723263
2.037000	-0.813348
2.038000	-1.264140
2.039000	-1.534580
2.040000	-2.165360
2.041000	-1.895100
2.042000	-1.804830
2.043000	-0.903617
2.044000	-0.452824
2.045000	0.088054
2.046000	0.268224
2.047000	-0.002215
2.048000	-0.362739
2.049000	-0.542909
2.050000	-0.272654
2.051000	0.178139
2.052000	0.358309
2.053000	0.628748
2.054000	-0.182385
2.055000	-1.173870
2.056000	-2.255630
2.057000	-2.526070
2.058000	-2.075270
2.059000	-1.083790
2.060000	-0.723263
2.061000	-0.993702
2.062000	-1.354230
2.063000	-2.165360
2.064000	-2.526070
2.065000	-2.616150
2.066000	-1.985190
2.067000	-1.173870
2.068000	-0.813348
2.069000	-0.813348
2.070000	-0.903617
2.071000	-0.993702
2.072000	-1.354230
2.073000	-1.264140
2.074000	-1.083790
2.075000	-0.813348
2.076000	-0.362739
2.077000	-0.272654
2.078000	-0.452824
2.079000	-0.993702
2.080000	-1.534580
2.081000	-1.534580
2.082000	-1.173870
2.083000	-0.993702
2.084000	-0.633178
2.085000	-0.362739
2.086000	-0.542909
2.087000	-0.633178
2.088000	-0.993702
2.089000	-1.083790
2.090000	-0.993702
2.091000	-0.813348
2.092000	-0.542909
2.093000	-0.362739
2.094000	-0.272654
2.095000	-0.272654
2.096000	-0.362739
2.097000	-0.813348
2.098000	-1.083790
2.099000	-1.173870
2.100000	-1.264140
2.101000	-1.083790
2.102000	-0.993702
2.103000	-0.993702
2.104000	-1.264140
2.105000	-1.804830
2.106000	-2.435800
2.107000	-2.706240
2.108000	-2.526070
2.109000	-2.165360
2.110000	-1.804830
2.111000	-1.444310
2.112000	-1.624660
2.113000	-1.714750
2.114000	-1.895100
2.115000	-1.895100
2.116000	-1.624660
2.117000	-1.083790
2.118000	-0.542909
2.119000	-0.182385
2.120000	-0.182385
2.121000	-0.362739
2.122000	-0.633178
2.123000	-0.813348
2.124000	-0.723263
2.125000	-0.452824
2.126000	-0.182385
2.127000	-0.362739
2.128000	-0.813348
2.129000	-1.444310
2.130000	-1.985190
2.131000	-2.255630
2.132000	-2.255630
2.133000	-2.165360
2.134000	-1.895100
2.135000	-2.165360
2.136000	-2.345710
2.137000	-2.526070
2.138000	-2.526070
2.139000	-2.165360
2.140000	-1.714750
2.141000	-1.083790
2.142000	-0.903617
2.143000	-0.993702
2.144000	-1.173870
2.145000	-1.173870
2.146000	-1.173870
2.147000	-0.903617
2.148000	-0.723263
2.149000	-0.633178
2.150000	-0.723263
2.151000	-1.083790
2.152000	-1.444310
2.153000	-2.075270
2.154000	-2.255630
2.155000	-2.255630
2.156000	-2.255630
2.157000	-1.985190
2.158000	-2.075270
2.159000	-2.435800
2.160000	-2.706240
2.161000	-2.886590
2.162000	-2.796320
2.163000	-2.345710
2.164000	-2.165360
2.165000	-1.895100
2.166000	-1.804830
2.167000	-1.985190
2.168000	-1.985190
2.169000	-1.895100
2.170000	-1.624660
2.171000	-1.624660
2.172000	-1.444310
2.173000	-1.534580
2.174000	-1.354230
2.175000	-1.264140
2.176000	-1.264140
2.177000	-1.173870
2.178000	-0.993702
2.179000	-0.993702
2.180000	-0.993702
2.181000	-1.173870
2.182000	-1.444310
2.183000	-1.714750
2.184000	-1.804830
2.185000	-1.895100
2.186000	-1.804830
2.187000	-1.624660
2.188000	-1.534580
2.189000	-1.804830
2.190000	-1.714750
2.191000	-1.444310
2.192000	-1.083790
2.193000	-0.452824
2.194000	-0.272654
2.195000	-0.092300
2.196000	-0.182385
2.197000	-0.272654
2.198000	-0.362739
2.199000	-0.272654
2.200000	-0.182385
2.201000	0.088054
2.202000	0.178139
2.203000	-0.002215
2.204000	-0.362739
2.205000	-0.813348
2.206000	-0.903617
2.207000	-0.903617
2.208000	-0.723263
2.209000	-0.452824
2.210000	-0.362739
2.211000	-0.542909
2.212000	-0.993702
2.213000	-1.264140
2.214000	-1.444310
2.215000	-1.264140
2.216000	-0.993702
2.217000	-0.723263
2.218000	-0.723263
2.219000	-0.813348
2.220000	-0.993702
2.221000	-0.903617
2.222000	-0.903617
2.223000	-0.452824
2.224000	-0.092300
2.225000	0.088054
2.226000	-0.002215
2.227000	-0.452824
2.228000	-1.083790
2.229000	-1.264140
2.230000	-1.264140
2.231000	-0.993702
2.232000	-0.903617
2.233000	-0.633178
2.234000	-0.723263
2.235000	-1.173870
2.236000	-1.534580
2.237000	-1.714750
2.238000	-1.534580
2.239000	-1.354230
2.240000	-1.083790
2.241000	-1.083790
2.242000	-1.173870
2.243000	-1.444310
2.244000	-1.714750
2.245000	-1.804830
2.246000	-1.714750
2.247000	-1.083790
2.248000	-0.813348
2.249000	-0.633178
2.250000	-0.723263
2.251000	-0.633178
2.252000	-0.903617
2.253000	-0.813348
2.254000	-0.633178
2.255000	-0.723263
2.256000	-0.723263
2.257000	-0.993702
2.258000	-1.173870
2.259000	-1.264140
2.260000	-1.354230
2.261000	-1.354230
2.262000	-1.354230
2.263000	-1.534580
2.264000	-1.444310
2.265000	-1.534580
2.266000	-1.534580
2.267000	-1.534580
2.268000	-1.444310
2.269000	-1.354230
2.270000	-1.444310
2.271000	-1.444310
2.272000	-1.714750
2.273000	-1.714750
2.274000	-1.804830
2.275000	-1.534580
2.276000	-1.624660
2.277000	-1.534580
2.278000	-1.624660
2.279000	-1.985190
2.280000	-2.255630
2.281000	-2.345710
2.282000	-2.435800
2.283000	-2.075270
2.284000	-1.895100
2.285000	-1.714750
2.286000	-1.714750
2.287000	-1.714750
2.288000	-1.714750
2.289000	-1.714750
2.290000	-1.534580
2.291000	-1.173870
2.292000	-0.993702
2.293000	-0.903617
2.294000	-0.993702
2.295000	-1.354230
2.296000	-1.714750
2.297000	-1.714750
2.298000	-1.534580
2.299000	-1.534580
2.300000	-1.444310
2.301000	-1.354230
2.302000	-1.354230
2.303000	-1.444310
2.304000	-1.624660
2.305000	-1.714750
2.306000	-1.534580
2.307000	-1.444310
2.308000	-1.354230
2.309000	-1.354230
2.310000	-1.444310
2.311000	-1.714750
2.312000	-1.804830
2.313000	-1.714750
2.314000	-1.354230
2.315000	-0.993702
2.316000	-0.813348
2.317000	-0.903617
2.318000	-0.903617
2.319000	-1.083790
2.320000	-1.083790
2.321000	-0.993702
2.322000	-0.903617
2.323000	-0.723263
2.324000	-0.542909
2.325000	-0.723263
2.326000	-0.993702
2.327000	-1.354230
2.328000	-1.624660
2.329000	-1.624660
2.330000	-1.534580
2.331000	-1.444310
2.332000	-1.264140
2.333000	-1.264140
2.334000	-1.534580
2.335000	-1.714750
2.336000	-1.895100
2.337000	-1.804830
2.338000	-1.714750
2.339000	-1.354230
2.340000	-1.173870
2.341000	-1.173870
2.342000	-1.264140
2.343000	-1.354230
2.344000	-1.264140
2.345000	-1.354230
2.346000	-1.083790
2.347000	-0.813348
2.348000	-0.452824
2.349000	-0.452824
2.350000	-0.452824
2.351000	-0.633178
2.352000	-0.813348
2.353000	-0.723263
2.354000	-0.633178
2.355000	-0.633178
2.356000	-0.542909
2.357000	-0.452824
2.358000	-0.633178
2.359000	-0.813348
2.360000	-0.903617
2.361000	-1.173870
2.362000	-1.173870
2.363000	-1.083790
2.364000	-1.083790
2.365000	-0.993702
2.366000	-1.354230
2.367000	-1.534580
2.368000	-1.534580
2.369000	-1.804830
2.370000	-1.444310
2.371000	-1.354230
2.372000	-1.083790
2.373000	-1.354230
2.374000	-1.444310
2.375000	-1.624660
2.376000	-1.624660
2.377000	-1.444310
2.378000	-1.083790
2.379000	-0.633178
2.380000	-0.362739
2.381000	-0.362739
2.382000	-0.362739
2.383000	-0.452824
2.384000	-0.542909
2.385000	-0.362739
2.386000	-0.272654
2.387000	-0.092300
2.388000	-0.182385
2.389000	-0.362739
2.390000	-0.903617
2.391000	-1.173870
2.392000	-1.534580
2.393000	-1.714750
2.394000	-1.444310
2.395000	-1.354230
2.396000	-1.354230
2.397000	-1.714750
2.398000	-1.895100
2.399000	-2.165360
2.400000	-2.345710
2.401000	-2.165360
2.402000	-1.985190
2.403000	-1.714750
2.404000	-1.624660
2.405000	-1.444310
2.406000	-1.624660
2.407000	-1.534580
2.408000	-1.264140
2.409000	-1.083790
2.410000	-0.542909
2.411000	-0.362739
2.412000	0.088054
2.413000	0.088054
2.414000	0.088054
2.415000	-0.272654
2.416000	-0.633178
2.417000	-0.633178
2.418000	-0.813348
2.419000	-0.723263
2.420000	-0.813348
2.421000	-1.083790
2.422000	-1.534580
2.423000	-1.804830
2.424000	-2.075270
2.425000	-1.985190
2.426000	-1.895100
2.427000	-1.714750
2.428000	-1.714750
2.429000	-1.804830
2.430000	-1.895100
2.431000	-2.075270
2.432000	-2.165360
2.433000	-1.985190
2.434000	-1.624660
2.435000	-1.264140
2.436000	-0.813348
2.437000	-0.903617
2.438000	-1.083790
2.439000	-0.993702
2.440000	-0.993702
2.441000	-0.813348
2.442000	-0.633178
2.443000	-0.542909
2.444000	-0.723263
2.445000	-0.813348
2.446000	-1.264140
2.447000	-1.624660
2.448000	-1.804830
2.449000	-1.895100
2.450000	-1.985190
2.451000	-1.804830
2.452000	-1.714750
2.453000	-1.624660
2.454000	-1.804830
2.455000	-1.895100
2.456000	-2.075270
2.457000	-1.985190
2.458000	-1.624660
2.459000	-1.444310
2.460000	-1.264140
2.461000	-1.354230
2.462000	-1.444310
2.463000	-1.624660
2.464000	-1.534580
2.465000	-1.534580
2.466000	-1.173870
2.467000	-1.083790
2.468000	-0.993702
2.469000	-0.993702
2.470000	-1.264140
2.471000	-1.173870
2.472000	-1.354230
2.473000	-1.173870
2.474000	-1.264140
2.475000	-1.173870
2.476000	-1.173870
2.477000	-1.173870
2.478000	-1.264140
2.479000	-1.444310
2.480000	-1.354230
2.481000	-1.534580
2.482000	-1.354230
2.483000	-1.354230
2.484000	-1.173870
2.485000	-1.083790
2.486000	-1.173870
2.487000	-1.354230
2.488000	-1.354230
2.489000	-1.354230
2.490000	-1.354230
2.491000	-1.083790
2.492000	-1.173870
2.493000	-1.173870
2.494000	-1.173870
2.495000	-1.083790
2.496000	-1.083790
2.497000	-1.173870
2.498000	-1.354230
2.499000	-1.173870
2.500000	-1.083790
2.501000	-0.993702
2.502000	-0.903617
2.503000	-0.993702
2.504000	-0.993702
2.505000	-1.083790
2.506000	-0.993702
2.507000	-1.083790
2.508000	-1.083790
2.509000	-0.993702
2.510000	-1.083790
2.511000	-0.993702
2.512000	-1.354230
2.513000	-1.354230
2.514000	-1.354230
2.515000	-1.173870
2.516000	-1.173870
2.517000	-1.083790
2.518000	-0.993702
2.519000	-1.083790
2.520000	-1.264140
2.521000	-1.173870
2.522000	-1.264140
2.523000	-1.083790
2.524000	-1.083790
2.525000	-0.813348
2.526000	-0.903617
2.527000	-0.993702
2.528000	-1.083790
2.529000	-1.173870
2.530000	-0.993702
2.531000	-0.813348
2.532000	-0.813348
2.533000	-0.813348
2.534000	-0.903617
2.535000	-1.083790
2.536000	-1.083790
2.537000	-1.264140
2.538000	-1.083790
2.539000	-1.083790
2.540000	-1.173870
2.541000	-1.083790
2.542000	-1.354230
2.543000	-1.354230
2.544000	-1.444310
2.545000	-1.264140
2.546000	-1.173870
2.547000	-1.173870
2.548000	-1.083790
2.549000	-0.903617
2.550000	-0.813348
2.551000	-0.993702
2.552000	-0.903617
2.553000	-0.813348
2.554000	-0.633178
2.555000	-0.542909
2.556000	-0.633178
2.557000	-0.542909
2.558000	-0.542909
2.559000	-0.542909
2.560000	-0.633178
2.561000	-0.723263
2.562000	-0.633178
2.563000	-0.723263
2.564000	-0.723263
2.565000	-0.993702
2.566000	-1.173870
2.567000	-1.354230
2.568000	-1.534580
2.569000	-1.444310
2.570000	-1.534580
2.571000	-1.534580
2.572000	-1.624660
2.573000	-1.714750
2.574000	-1.804830
2.575000	-1.804830
2.576000	-1.714750
2.577000	-1.444310
2.578000	-1.354230
2.579000	-1.264140
2.580000	-1.083790
2.581000	-0.993702
2.582000	-1.173870
2.583000	-1.264140
2.584000	-1.083790
2.585000	-1.173870
2.586000	-0.993702
2.587000	-0.903617
2.588000	-1.083790
2.589000	-1.173870
2.590000	-1.444310
2.591000	-1.534580
2.592000	-1.714750
2.593000	-1.804830
2.594000	-1.895100
2.595000	-1.804830
2.596000	-1.895100
2.597000	-1.985190
2.598000	-2.075270
2.599000	-2.255630
2.600000	-2.075270
2.601000	-2.165360
2.602000	-2.255630
2.603000	-2.075270
2.604000	-2.075270
2.605000	-1.895100
2.606000	-1.985190
2.607000	-1.714750
2.608000	-1.714750
2.609000	-1.534580
2.610000	-1.354230
2.611000	-1.354230
2.612000	-1.173870
2.613000	-1.083790
2.614000	-1.083790
2.615000	-1.173870
2.616000	-1.264140
2.617000	-1.264140
2.618000	-1.173870
2.619000	-1.083790
2.620000	-1.173870
2.621000	-1.173870
2.622000	-1.264140
2.623000	-1.354230
2.624000	-1.173870
2.625000	-1.083790
2.626000	-1.083790
2.627000	-1.083790
2.628000	-1.173870
2.629000	-1.173870
2.630000	-1.264140
2.631000	-1.264140
2.632000	-1.354230
2.633000	-1.354230
2.634000	-1.354230
2.635000	-1.354230
2.636000	-1.264140
2.637000	-1.083790
2.638000	-1.083790
2.639000	-0.993702
2.640000	-0.903617
2.641000	-0.993702
2.642000	-0.723263
2.643000	-0.723263
2.644000	-0.723263
2.645000	-0.542909
2.646000	-0.633178
2.647000	-0.452824
2.648000	-0.723263
2.649000	-0.903617
2.650000	-0.903617
2.651000	-0.813348
2.652000	-0.723263
2.653000	-0.813348
2.654000	-0.813348
2.655000	-0.993702
2.656000	-1.083790
2.657000	-0.993702
2.658000	-1.354230
2.659000	-1.354230
2.660000	-1.444310
2.661000	-1.444310
2.662000	-1.444310
2.663000	-1.534580
2.664000	-1.534580
2.665000	-1.534580
2.666000	-1.444310
2.667000	-1.534580
2.668000	-1.444310
2.669000	-1.264140
2.670000	-1.173870
2.671000	-0.993702
2.672000	-0.993702
2.673000	-1.083790
2.674000	-1.083790
2.675000	-0.993702
2.676000	-0.903617
2.677000	-0.903617
2.678000	-0.813348
2.679000	-0.813348
2.680000	-0.993702
2.681000	-0.993702
2.682000	-1.083790
2.683000	-1.173870
2.684000	-1.083790
2.685000	-1.083790
2.686000	-1.083790
2.687000	-1.083790
2.688000	-1.083790
2.689000	-1.173870
2.690000	-1.444310
2.691000	-1.264140
2.692000	-1.264140
2.693000	-1.173870
2.694000	-1.264140
2.695000	-1.354230
2.696000	-1.264140
2.697000	-1.264140
2.698000	-1.173870
2.699000	-1.173870
2.700000	-1.173870
2.701000	-0.993702
2.702000	-0.993702
2.703000	-0.993702
2.704000	-0.993702
2.705000	-1.173870
2.706000	-1.173870
2.707000	-1.173870
2.708000	-1.173870
2.709000	-1.083790
2.710000	-1.173870
2.711000	-1.354230
2.712000	-1.173870
2.713000	-1.354230
2.714000	-1.354230
2.715000	-1.354230
2.716000	-1.264140
2.717000	-1.354230
2.718000	-1.264140
2.719000	-1.264140
2.720000	-1.354230
2.721000	-1.354230
2.722000	-1.354230
2.723000	-1.354230
2.724000	-1.354230
2.725000	-1.264140
2.726000	-1.173870
2.727000	-1.083790
2.728000	-1.173870
2.729000	-1.173870
2.730000	-0.993702
2.731000	-1.264140
2.732000	-1.264140
2.733000	-1.173870
2.734000	-1.083790
2.735000	-1.354230
2.736000	-1.173870
2.737000	-1.173870
2.738000	-1.354230
2.739000	-1.264140
2.740000	-1.444310
2.741000	-1.354230
2.742000	-1.264140
2.743000	-1.173870
2.744000	-1.264140
2.745000	-1.173870
2.746000	-1.264140
2.747000	-1.173870
2.748000	-1.444310
2.749000	-1.354230
2.750000	-1.444310
2.751000	-1.444310
2.752000	-1.354230
2.753000	-1.354230
2.754000	-1.264140
2.755000	-1.354230
2.756000	-1.354230
2.757000	-1.354230
2.758000	-1.264140
2.759000	-1.354230
2.760000	-1.444310
2.761000	-1.444310
2.762000	-1.354230
2.763000	-1.534580
2.764000	-1.624660
2.765000	-1.534580
2.766000	-1.714750
2.767000	-1.714750
2.768000	-1.624660
2.769000	-1.534580
2.770000	-1.444310
2.771000	-1.354230
2.772000	-1.444310
2.773000	-1.264140
2.774000	-1.444310
2.775000	-1.264140
2.776000	-1.264140
2.777000	-1.264140
2.778000	-1.444310
2.779000	-1.264140
2.780000	-1.264140
2.781000	-1.264140
2.782000	-1.264140
2.783000	-1.264140
2.784000	-1.173870
2.785000	-1.264140
2.786000	-1.173870
2.787000	-1.264140
2.788000	-1.354230
2.789000	-1.354230
2.790000	-1.264140
2.791000	-1.173870
2.792000	-1.083790
2.793000	-1.173870
2.794000	-1.083790
2.795000	-1.173870
2.796000	-1.083790
2.797000	-0.993702
2.798000	-0.903617
2.799000	-0.903617
2.800000	-0.993702
2.801000	-0.903617
2.802000	-0.903617
2.803000	-0.993702
2.804000	-0.813348
2.805000	-0.903617
2.806000	-0.993702
2.807000	-0.903617
2.808000	-0.813348
2.809000	-0.813348
2.810000	-0.993702
2.811000	-0.993702
2.812000	-1.083790
2.813000	-0.993702
2.814000	-0.993702
2.815000	-1.083790
2.816000	-1.083790
2.817000	-1.083790
2.818000	-1.083790
2.819000	-1.083790
2.820000	-1.173870
2.821000	-1.264140
2.822000	-1.264140
2.823000	-1.354230
2.824000	-1.264140
2.825000	-1.354230
2.826000	-1.444310
2.827000	-1.444310
2.828000	-1.444310
2.829000	-1.444310
2.830000	-1.534580
2.831000	-1.444310
2.832000	-1.354230
2.833000	-1.714750
2.834000	-1.534580
2.835000	-1.444310
2.836000	-1.444310
2.837000	-1.354230
2.838000	-1.264140
2.839000	-1.173870
2.840000	-1.083790
2.841000	-1.173870
2.842000	-1.083790
2.843000	-1.083790
2.844000	-0.993702
2.845000	-0.903617
2.846000	-0.903617
2.847000	-0.723263
2.848000	-0.813348
2.849000	-0.813348
2.850000	-0.723263
2.851000	-0.993702
2.852000	-0.993702
2.853000	-0.813348
2.854000	-0.813348
2.855000	-0.993702
2.856000	-1.083790
2.857000	-0.993702
2.858000	-1.354230
2.859000	-1.444310
2.860000	-1.354230
2.861000	-1.354230
2.862000	-1.444310
2.863000	-1.354230
2.864000	-1.354230
2.865000	-1.534580
2.866000	-1.624660
2.867000	-1.624660
2.868000	-1.534580
2.869000	-1.354230
2.870000	-1.354230
2.871000	-0.993702
2.872000	-0.993702
2.873000	-1.083790
2.874000	-1.083790
2.875000	-1.083790
2.876000	-1.083790
2.877000	-0.993702
2.878000	-0.813348
2.879000	-0.723263
2.880000	-0.903617
2.881000	-0.813348
2.882000	-0.993702
2.883000	-0.993702
2.884000	-1.083790
2.885000	-0.993702
2.886000	-0.993702
2.887000	-1.083790
2.888000	-1.173870
2.889000	-1.264140
2.890000	-1.534580
2.891000	-1.534580
2.892000	-1.714750
2.893000	-1.714750
2.894000	-1.534580
2.895000	-1.444310
2.896000	-1.624660
2.897000	-1.714750
2.898000	-1.624660
2.899000	-1.804830
2.900000	-1.714750
2.901000	-1.444310
2.902000	-1.354230
2.903000	-1.083790
2.904000	-0.993702
2.905000	-0.903617
2.906000	-0.993702
2.907000	-0.903617
2.908000	-0.813348
2.909000	-0.723263
2.910000	-0.633178
2.911000	-0.542909
2.912000	-0.723263
2.913000	-0.723263
2.914000	-0.903617
2.915000	-1.083790
2.916000	-1.264140
2.917000	-1.173870
2.918000	-1.173870
2.919000	-1.264140
2.920000	-1.354230
2.921000	-1.534580
2.922000	-1.624660
2.923000	-1.895100
2.924000	-1.895100
2.925000	-1.895100
2.926000	-1.714750
2.927000	-1.714750
2.928000	-1.624660
2.929000	-1.534580
2.930000	-1.534580
2.931000	-1.534580
2.932000	-1.444310
2.933000	-1.534580
2.934000	-1.354230
2.935000	-1.264140
2.936000	-1.264140
2.937000	-1.264140
2.938000	-1.173870
2.939000	-1.354230
2.940000	-1.264140
2.941000	-1.173870
2.942000	-1.173870
2.943000	-1.083790
2.944000	-1.083790
2.945000	-1.173870
2.946000	-1.354230
2.947000	-1.264140
2.948000	-1.264140
2.949000	-1.354230
2.950000	-1.444310
2.951000	-1.444310
2.952000	-1.444310
2.953000	-1.444310
2.954000	-1.444310
2.955000	-1.354230
2.956000	-1.264140
2.957000	-1.354230
2.958000	-1.264140
2.959000	-1.083790
2.960000	-1.083790
2.961000	-1.083790
2.962000	-0.993702
2.963000	-0.993702
2.964000	-1.083790
2.965000	-0.993702
2.966000	-0.813348
2.967000	-0.903617
2.968000	-0.993702
2.969000	-0.993702
2.970000	-0.813348
2.971000	-0.723263
2.972000	-0.723263
2.973000	-0.813348
2.974000	-0.633178
2.975000	-0.993702
2.976000	-0.813348
2.977000	-0.903617
2.978000	-0.993702
2.979000	-0.993702
2.980000	-0.993702
2.981000	-1.083790
2.982000	-1.264140
2.983000	-1.264140
2.984000	-1.354230
2.985000	-1.173870
2.986000	-1.173870
2.987000	-1.173870
2.988000	-1.354230
2.989000	-1.354230
2.990000	-1.354230
2.991000	-1.444310
2.992000	-1.354230
2.993000	-1.173870
2.994000	-1.354230
2.995000	-1.264140
2.996000	-1.534580
2.997000	-1.354230
2.998000	-1.354230
2.999000	-1.264140
