-0.500000	-0.043438
-0.499000	-0.043438
-0.498000	-0.043438
-0.497000	-0.052485
-0.496000	-0.043438
-0.495000	-0.034410
-0.494000	-0.034410
-0.493000	-0.034410
-0.492000	-0.025382
-0.491000	-0.043438
-0.490000	-0.034410
-0.489000	-0.034410
-0.488000	-0.034410
-0.487000	-0.043438
-0.486000	-0.043438
-0.485000	-0.043438
-0.484000	-0.052485
-0.483000	-0.043438
-0.482000	-0.043438
-0.481000	-0.052485
-0.480000	-0.043438
-0.479000	-0.034410
-0.478000	-0.043438
-0.477000	-0.043438
-0.476000	-0.043438
-0.475000	-0.043438
-0.474000	-0.043438
-0.473000	-0.043438
-0.472000	-0.034410
-0.471000	-0.034410
-0.470000	-0.043438
-0.469000	-0.034410
-0.468000	-0.043438
-0.467000	-0.043438
-0.466000	-0.043438
-0.465000	-0.043438
-0.464000	-0.034410
-0.463000	-0.034410
-0.462000	-0.043438
-0.461000	-0.034410
-0.460000	-0.043438
-0.459000	-0.034410
-0.458000	-0.034410
-0.457000	-0.034410
-0.456000	-0.034410
-0.455000	-0.034410
-0.454000	-0.034410
-0.453000	-0.043438
-0.452000	-0.043438
-0.451000	-0.043438
-0.450000	-0.043438
-0.449000	-0.034410
-0.448000	-0.043438
-0.447000	-0.034410
-0.446000	-0.034410
-0.445000	-0.034410
-0.444000	-0.034410
-0.443000	-0.043438
-0.442000	-0.043438
-0.441000	-0.043438
-0.440000	-0.043438
-0.439000	-0.025382
-0.438000	-0.043438
-0.437000	-0.043438
-0.436000	-0.034410
-0.435000	-0.043438
-0.434000	-0.034410
-0.433000	-0.034410
-0.432000	-0.034410
-0.431000	-0.034410
-0.430000	-0.034410
-0.429000	-0.043438
-0.428000	-0.025382
-0.427000	-0.025382
-0.426000	-0.043438
-0.425000	-0.034410
-0.424000	-0.034410
-0.423000	-0.043438
-0.422000	-0.034410
-0.421000	-0.043438
-0.420000	-0.043438
-0.419000	-0.034410
-0.418000	-0.043438
-0.417000	-0.043438
-0.416000	-0.034410
-0.415000	-0.043438
-0.414000	-0.043438
-0.413000	-0.034410
-0.412000	-0.034410
-0.411000	-0.052485
-0.410000	-0.034410
-0.409000	-0.043438
-0.408000	-0.052485
-0.407000	-0.043438
-0.406000	-0.043438
-0.405000	-0.034410
-0.404000	-0.043438
-0.403000	-0.034410
-0.402000	-0.043438
-0.401000	-0.043438
-0.400000	-0.043438
-0.399000	-0.034410
-0.398000	-0.034410
-0.397000	-0.043438
-0.396000	-0.034410
-0.395000	-0.034410
-0.394000	-0.034410
-0.393000	-0.034410
-0.392000	-0.034410
-0.391000	-0.034410
-0.390000	-0.034410
-0.389000	-0.025382
-0.388000	-0.034410
-0.387000	-0.034410
-0.386000	-0.043438
-0.385000	-0.034410
-0.384000	-0.034410
-0.383000	-0.043438
-0.382000	-0.034410
-0.381000	-0.043438
-0.380000	-0.034410
-0.379000	-0.043438
-0.378000	-0.034410
-0.377000	-0.052485
-0.376000	-0.043438
-0.375000	-0.034410
-0.374000	-0.043438
-0.373000	-0.034410
-0.372000	-0.043438
-0.371000	-0.034410
-0.370000	-0.043438
-0.369000	-0.043438
-0.368000	-0.025382
-0.367000	-0.034410
-0.366000	-0.052485
-0.365000	-0.034410
-0.364000	-0.052485
-0.363000	-0.043438
-0.362000	-0.043438
-0.361000	-0.034410
-0.360000	-0.043438
-0.359000	-0.043438
-0.358000	-0.043438
-0.357000	-0.025382
-0.356000	-0.043438
-0.355000	-0.043438
-0.354000	-0.043438
-0.353000	-0.043438
-0.352000	-0.043438
-0.351000	-0.043438
-0.350000	-0.034410
-0.349000	-0.034410
-0.348000	-0.043438
-0.347000	-0.043438
-0.346000	-0.043438
-0.345000	-0.034410
-0.344000	-0.043438
-0.343000	-0.034410
-0.342000	-0.043438
-0.341000	-0.034410
-0.340000	-0.034410
-0.339000	-0.043438
-0.338000	-0.043438
-0.337000	-0.034410
-0.336000	-0.034410
-0.335000	-0.052485
-0.334000	-0.043438
-0.333000	-0.043438
-0.332000	-0.034410
-0.331000	-0.043438
-0.330000	-0.052485
-0.329000	-0.043438
-0.328000	-0.034410
-0.327000	-0.043438
-0.326000	-0.043438
-0.325000	-0.043438
-0.324000	-0.043438
-0.323000	-0.043438
-0.322000	-0.034410
-0.321000	-0.034410
-0.320000	-0.043438
-0.319000	-0.043438
-0.318000	-0.043438
-0.317000	-0.034410
-0.316000	-0.043438
-0.315000	-0.034410
-0.314000	-0.025382
-0.313000	-0.043438
-0.312000	-0.034410
-0.311000	-0.034410
-0.310000	-0.043438
-0.309000	-0.034410
-0.308000	-0.043438
-0.307000	-0.043438
-0.306000	-0.043438
-0.305000	-0.034410
-0.304000	-0.043438
-0.303000	-0.034410
-0.302000	-0.043438
-0.301000	-0.043438
-0.300000	-0.043438
-0.299000	-0.025382
-0.298000	-0.034410
-0.297000	-0.043438
-0.296000	-0.034410
-0.295000	-0.043438
-0.294000	-0.043438
-0.293000	-0.034410
-0.292000	-0.034410
-0.291000	-0.043438
-0.290000	-0.034410
-0.289000	-0.034410
-0.288000	-0.043438
-0.287000	-0.043438
-0.286000	-0.043438
-0.285000	-0.043438
-0.284000	-0.052485
-0.283000	-0.034410
-0.282000	-0.043438
-0.281000	-0.034410
-0.280000	-0.034410
-0.279000	-0.034410
-0.278000	-0.034410
-0.277000	-0.034410
-0.276000	-0.034410
-0.275000	-0.034410
-0.274000	-0.043438
-0.273000	-0.043438
-0.272000	-0.043438
-0.271000	-0.043438
-0.270000	-0.043438
-0.269000	-0.052485
-0.268000	-0.052485
-0.267000	-0.043438
-0.266000	-0.043438
-0.265000	-0.034410
-0.264000	-0.061513
-0.263000	-0.034410
-0.262000	-0.034410
-0.261000	-0.025382
-0.260000	-0.034410
-0.259000	-0.034410
-0.258000	-0.043438
-0.257000	-0.034410
-0.256000	-0.043438
-0.255000	-0.034410
-0.254000	-0.043438
-0.253000	-0.034410
-0.252000	-0.043438
-0.251000	-0.043438
-0.250000	-0.043438
-0.249000	-0.034410
-0.248000	-0.025382
-0.247000	-0.034410
-0.246000	-0.043438
-0.245000	-0.025382
-0.244000	-0.034410
-0.243000	-0.034410
-0.242000	-0.025382
-0.241000	-0.034410
-0.240000	-0.034410
-0.239000	-0.043438
-0.238000	-0.034410
-0.237000	-0.034410
-0.236000	-0.052485
-0.235000	-0.034410
-0.234000	-0.043438
-0.233000	-0.034410
-0.232000	-0.043438
-0.231000	-0.034410
-0.230000	-0.043438
-0.229000	-0.043438
-0.228000	-0.034410
-0.227000	-0.043438
-0.226000	-0.034410
-0.225000	-0.034410
-0.224000	-0.034410
-0.223000	-0.034410
-0.222000	-0.034410
-0.221000	-0.043438
-0.220000	-0.043438
-0.219000	-0.043438
-0.218000	-0.043438
-0.217000	-0.034410
-0.216000	-0.043438
-0.215000	-0.034410
-0.214000	-0.034410
-0.213000	-0.034410
-0.212000	-0.034410
-0.211000	-0.034410
-0.210000	-0.034410
-0.209000	-0.034410
-0.208000	-0.043438
-0.207000	-0.025382
-0.206000	-0.025382
-0.205000	-0.025382
-0.204000	-0.034410
-0.203000	-0.034410
-0.202000	-0.043438
-0.201000	-0.043438
-0.200000	-0.043438
-0.199000	-0.034410
-0.198000	-0.043438
-0.197000	-0.043438
-0.196000	-0.043438
-0.195000	-0.034410
-0.194000	-0.043438
-0.193000	-0.034410
-0.192000	-0.034410
-0.191000	-0.052485
-0.190000	-0.034410
-0.189000	-0.052485
-0.188000	-0.043438
-0.187000	-0.052485
-0.186000	-0.052485
-0.185000	-0.034410
-0.184000	-0.043438
-0.183000	-0.043438
-0.182000	-0.034410
-0.181000	-0.034410
-0.180000	-0.043438
-0.179000	-0.034410
-0.178000	-0.043438
-0.177000	-0.043438
-0.176000	-0.034410
-0.175000	-0.025382
-0.174000	-0.034410
-0.173000	-0.034410
-0.172000	-0.034410
-0.171000	-0.034410
-0.170000	-0.043438
-0.169000	-0.043438
-0.168000	-0.043438
-0.167000	-0.034410
-0.166000	-0.034410
-0.165000	-0.034410
-0.164000	-0.034410
-0.163000	-0.025382
-0.162000	-0.034410
-0.161000	-0.043438
-0.160000	-0.034410
-0.159000	-0.034410
-0.158000	-0.034410
-0.157000	-0.043438
-0.156000	-0.043438
-0.155000	-0.052485
-0.154000	-0.052485
-0.153000	-0.043438
-0.152000	-0.043438
-0.151000	-0.043438
-0.150000	-0.043438
-0.149000	-0.052485
-0.148000	-0.034410
-0.147000	-0.025382
-0.146000	-0.043438
-0.145000	-0.034410
-0.144000	-0.034410
-0.143000	-0.034410
-0.142000	-0.034410
-0.141000	-0.034410
-0.140000	-0.043438
-0.139000	-0.043438
-0.138000	-0.034410
-0.137000	-0.043438
-0.136000	-0.034410
-0.135000	-0.043438
-0.134000	-0.043438
-0.133000	-0.034410
-0.132000	-0.034410
-0.131000	-0.034410
-0.130000	-0.034410
-0.129000	-0.034410
-0.128000	-0.034410
-0.127000	-0.034410
-0.126000	-0.043438
-0.125000	-0.034410
-0.124000	-0.043438
-0.123000	-0.034410
-0.122000	-0.043438
-0.121000	-0.034410
-0.120000	-0.043438
-0.119000	-0.034410
-0.118000	-0.034410
-0.117000	-0.034410
-0.116000	-0.043438
-0.115000	-0.043438
-0.114000	-0.034410
-0.113000	-0.043438
-0.112000	-0.034410
-0.111000	-0.034410
-0.110000	-0.034410
-0.109000	-0.034410
-0.108000	-0.034410
-0.107000	-0.043438
-0.106000	-0.043438
-0.105000	-0.034410
-0.104000	-0.043438
-0.103000	-0.043438
-0.102000	-0.052485
-0.101000	-0.043438
-0.100000	-0.043438
-0.099000	-0.043438
-0.098000	-0.043438
-0.097000	-0.034410
-0.096000	-0.043438
-0.095000	-0.043438
-0.094000	-0.034410
-0.093000	-0.034410
-0.092000	-0.025382
-0.091000	-0.034410
-0.090000	-0.043438
-0.089000	-0.034410
-0.088000	-0.043438
-0.087000	-0.043438
-0.086000	-0.043438
-0.085000	-0.034410
-0.084000	-0.034410
-0.083000	-0.043438
-0.082000	-0.043438
-0.081000	-0.043438
-0.080000	-0.043438
-0.079000	-0.043438
-0.078000	-0.043438
-0.077000	-0.034410
-0.076000	-0.043438
-0.075000	-0.034410
-0.074000	-0.043438
-0.073000	-0.052485
-0.072000	-0.034410
-0.071000	-0.043438
-0.070000	-0.034410
-0.069000	-0.043438
-0.068000	-0.034410
-0.067000	-0.043438
-0.066000	-0.043438
-0.065000	-0.043438
-0.064000	-0.043438
-0.063000	-0.034410
-0.062000	-0.043438
-0.061000	-0.034410
-0.060000	-0.034410
-0.059000	-0.034410
-0.058000	-0.034410
-0.057000	-0.043438
-0.056000	-0.043438
-0.055000	-0.043438
-0.054000	-0.034410
-0.053000	-0.043438
-0.052000	-0.043438
-0.051000	-0.034410
-0.050000	-0.052485
-0.049000	-0.034410
-0.048000	-0.043438
-0.047000	-0.043438
-0.046000	-0.034410
-0.045000	-0.034410
-0.044000	-0.043438
-0.043000	-0.034410
-0.042000	-0.034410
-0.041000	-0.043438
-0.040000	-0.052485
-0.039000	-0.043438
-0.038000	-0.025382
-0.037000	-0.034410
-0.036000	-0.034410
-0.035000	-0.034410
-0.034000	-0.034410
-0.033000	-0.043438
-0.032000	-0.034410
-0.031000	-0.025382
-0.030000	-0.034410
-0.029000	-0.025382
-0.028000	-0.025382
-0.027000	-0.016354
-0.026000	0.028823
-0.025000	0.083009
-0.024000	0.101084
-0.023000	0.119159
-0.022000	0.137215
-0.021000	0.173345
-0.020000	0.236578
-0.019000	0.254653
-0.018000	0.272709
-0.017000	0.299811
-0.016000	0.344988
-0.015000	0.363044
-0.014000	0.399175
-0.013000	0.462408
-0.012000	0.525641
-0.011000	0.579846
-0.010000	0.615976
-0.009000	0.634051
-0.008000	0.706312
-0.007000	0.769545
-0.006000	0.769545
-0.005000	0.832778
-0.004000	0.823750
-0.003000	0.787601
-0.002000	0.841806
-0.001000	0.832778
0.000000	0.823750
0.001000	0.850834
0.002000	0.760517
0.003000	0.724368
0.004000	0.733414
0.005000	0.706312
0.006000	0.606948
0.007000	0.363044
0.008000	0.263681
0.009000	0.137215
0.010000	-0.142820
0.011000	-0.359603
0.012000	-0.513171
0.013000	-0.802234
0.014000	-1.109370
0.015000	-1.217760
0.016000	-1.479720
0.017000	-1.795890
0.018000	-1.859120
0.019000	-2.130110
0.020000	-2.247550
0.021000	-2.166260
0.022000	-2.419170
0.023000	-2.364980
0.024000	-2.157210
0.025000	-2.247550
0.026000	-1.705550
0.027000	-1.588130
0.028000	-2.021720
0.029000	-1.262920
0.030000	-0.865467
0.031000	-0.874495
0.032000	-0.124745
0.033000	0.046879
0.034000	-0.603507
0.035000	-0.395733
0.036000	0.019795
0.037000	-0.639637
0.038000	-0.260240
0.039000	0.399175
0.040000	0.028823
0.041000	-0.187978
0.042000	-0.088615
0.043000	-0.449938
0.044000	-0.612535
0.045000	-0.341547
0.046000	-0.513171
0.047000	-0.332501
0.048000	-0.043438
0.049000	-0.269268
0.050000	-0.368649
0.051000	-0.395733
0.052000	-0.603507
0.053000	-0.260240
0.054000	0.092056
0.055000	-0.016354
0.056000	-0.097643
0.057000	0.001720
0.058000	-0.061513
0.059000	0.083009
0.060000	0.164317
0.061000	-0.088615
0.062000	-0.070541
0.063000	0.092056
0.064000	0.064953
0.065000	0.064953
0.066000	-0.061513
0.067000	-0.449938
0.068000	-0.449938
0.069000	-0.377677
0.070000	-0.567376
0.071000	-0.630609
0.072000	-0.603507
0.073000	-0.883542
0.074000	-0.919672
0.075000	-0.856439
0.076000	-1.000960
0.077000	-1.127430
0.078000	-1.163560
0.079000	-1.235840
0.080000	-1.136460
0.081000	-1.019040
0.082000	-1.000960
0.083000	-1.064190
0.084000	-1.082270
0.085000	-1.082270
0.086000	-0.115717
0.087000	0.995374
0.088000	-0.468013
0.089000	-0.133773
0.090000	0.335942
0.091000	-0.639637
0.092000	-1.199690
0.093000	0.534687
0.094000	-0.206053
0.095000	-1.488750
0.096000	-0.477041
0.097000	0.137215
0.098000	-0.702870
0.099000	-1.416490
0.100000	-1.091300
0.101000	-1.642320
0.102000	-0.964830
0.103000	-0.675768
0.104000	-1.019040
0.105000	-1.118400
0.106000	-1.163560
0.107000	-0.811262
0.108000	0.146243
0.109000	0.028823
0.110000	-0.468013
0.111000	-0.621563
0.112000	-0.720945
0.113000	0.101084
0.114000	0.615976
0.115000	-0.197006
0.116000	-0.151848
0.117000	0.543715
0.118000	0.191420
0.119000	0.182392
0.120000	0.733414
0.121000	0.471454
0.122000	-0.458966
0.123000	-0.197006
0.124000	0.128187
0.125000	-0.016354
0.126000	-0.531246
0.127000	-0.811262
0.128000	-0.766104
0.129000	-0.576404
0.130000	-0.702870
0.131000	-0.775131
0.132000	-0.919672
0.133000	-1.479720
0.134000	-1.497800
0.135000	-0.910626
0.136000	-1.100320
0.137000	-1.380360
0.138000	-1.344230
0.139000	-1.281000
0.140000	-1.154530
0.141000	-1.028060
0.142000	-1.172600
0.143000	-1.551980
0.144000	-1.551980
0.145000	-1.235840
0.146000	-0.567376
0.147000	-0.766104
0.148000	-0.946774
0.149000	-0.748029
0.150000	-0.413808
0.151000	-0.395733
0.152000	0.028823
0.153000	-0.169904
0.154000	-0.368649
0.155000	-0.215081
0.156000	0.055925
0.157000	-0.052485
0.158000	-0.034410
0.159000	-0.142820
0.160000	-0.449938
0.161000	-0.187978
0.162000	0.064953
0.163000	-0.097643
0.164000	-0.431882
0.165000	-0.368649
0.166000	-0.206053
0.167000	0.146243
0.168000	0.001720
0.169000	-0.097643
0.170000	-0.197006
0.171000	-0.350575
0.172000	-0.332501
0.173000	-0.206053
0.174000	-0.323473
0.175000	-0.567376
0.176000	0.055925
0.177000	-0.350575
0.178000	-0.684796
0.179000	-0.558330
0.180000	-0.666740
0.181000	-1.082270
0.182000	-0.874495
0.183000	-0.621563
0.184000	-2.897930
0.185000	0.715340
0.186000	0.625004
0.187000	0.073982
0.188000	-2.103020
0.189000	0.227550
0.190000	-0.115717
0.191000	-1.353260
0.192000	-0.242184
0.193000	1.094740
0.194000	-0.883542
0.195000	-1.904280
0.196000	0.805675
0.197000	0.643079
0.198000	-0.404780
0.199000	-0.233137
0.200000	0.155289
0.201000	-0.558330
0.202000	0.344988
0.203000	0.715340
0.204000	0.372072
0.205000	0.092056
0.206000	0.037851
0.207000	0.390147
0.208000	0.643079
0.209000	0.182392
0.210000	-0.260240
0.211000	0.046879
0.212000	-0.657712
0.213000	1.591560
0.214000	2.792980
0.215000	-0.937728
0.216000	-0.097643
0.217000	0.778573
0.218000	0.471454
0.219000	-0.702870
0.220000	0.489510
0.221000	-0.784178
0.222000	-1.172600
0.223000	0.543715
0.224000	0.634051
0.225000	-0.115717
0.226000	-0.187978
0.227000	-0.314445
0.228000	0.308858
0.229000	2.025160
0.230000	1.383800
0.231000	-0.043438
0.232000	0.299811
0.233000	0.832778
0.234000	0.010749
0.235000	-0.440910
0.236000	-0.739001
0.237000	-1.163560
0.238000	-0.133773
0.239000	0.426277
0.240000	-0.377677
0.241000	-0.901598
0.242000	-1.470690
0.243000	-1.380360
0.244000	0.209476
0.245000	0.344988
0.246000	-0.720945
0.247000	-0.919672
0.248000	-0.874495
0.249000	-0.278314
0.250000	0.173345
0.251000	0.019795
0.252000	-1.118400
0.253000	-1.389390
0.254000	-0.124745
0.255000	0.606948
0.256000	0.335942
0.257000	0.028823
0.258000	-0.413808
0.259000	-0.513171
0.260000	-0.160876
0.261000	-0.061513
0.262000	-0.160876
0.263000	-0.513171
0.264000	-0.919672
0.265000	-0.495115
0.266000	0.317886
0.267000	-0.097643
0.268000	-0.883542
0.269000	-0.802234
0.270000	-0.440910
0.271000	-0.278314
0.272000	0.001720
0.273000	-0.458966
0.274000	-1.136460
0.275000	-1.046140
0.276000	-0.865467
0.277000	-0.820309
0.278000	-0.711898
0.279000	-0.856439
0.280000	-1.217760
0.281000	-1.199690
0.282000	-0.874495
0.283000	-0.739001
0.284000	-0.991933
0.285000	-0.973858
0.286000	-0.531246
0.287000	-0.468013
0.288000	-0.495115
0.289000	-0.531246
0.290000	-0.684796
0.291000	-0.531246
0.292000	-0.206053
0.293000	-0.486069
0.294000	-0.522199
0.295000	-0.458966
0.296000	-0.368649
0.297000	-0.106671
0.298000	-0.097643
0.299000	-0.206053
0.300000	-0.287342
0.301000	-0.007308
0.302000	0.272709
0.303000	0.055925
0.304000	0.101084
0.305000	0.155289
0.306000	0.092056
0.307000	0.417249
0.308000	0.588874
0.309000	0.363044
0.310000	0.381119
0.311000	0.588874
0.312000	0.588874
0.313000	0.606948
0.314000	0.751470
0.315000	0.516613
0.316000	0.679209
0.317000	0.932141
0.318000	0.877936
0.319000	0.905039
0.320000	0.923113
0.321000	0.823750
0.322000	0.751470
0.323000	0.950197
0.324000	0.986346
0.325000	1.365730
0.326000	1.492190
0.327000	1.112810
0.328000	1.176050
0.329000	0.932141
0.330000	0.905039
0.331000	1.112810
0.332000	1.121840
0.333000	1.121840
0.334000	0.742442
0.335000	0.661135
0.336000	0.941169
0.337000	0.941169
0.338000	0.859880
0.339000	0.941169
0.340000	0.760517
0.341000	0.751470
0.342000	0.715340
0.343000	0.570818
0.344000	0.417249
0.345000	0.471454
0.346000	0.525641
0.347000	0.444352
0.348000	0.480482
0.349000	0.453380
0.350000	0.335942
0.351000	0.272709
0.352000	0.263681
0.353000	0.182392
0.354000	0.426277
0.355000	0.724368
0.356000	0.697284
0.357000	0.850834
0.358000	1.428960
0.359000	1.284440
0.360000	1.040530
0.361000	1.221200
0.362000	1.130870
0.363000	0.832778
0.364000	0.950197
0.365000	1.320570
0.366000	1.167000
0.367000	0.950197
0.368000	1.085710
0.369000	1.094740
0.370000	1.067640
0.371000	1.329600
0.372000	1.203130
0.373000	1.690940
0.374000	2.016130
0.375000	1.401870
0.376000	1.438010
0.377000	1.582530
0.378000	1.374770
0.379000	1.790300
0.380000	1.564470
0.381000	-0.305417
0.382000	-0.169904
0.383000	-0.197006
0.384000	-1.217760
0.385000	0.543715
0.386000	-0.124745
0.387000	-2.590810
0.388000	-0.729973
0.389000	1.573500
0.390000	0.823750
0.391000	1.284440
0.392000	1.428960
0.393000	-0.567376
0.394000	-0.359603
0.395000	1.916770
0.396000	2.196780
0.397000	0.209476
0.398000	-0.666740
0.399000	-1.813960
0.400000	-1.506820
0.401000	0.769545
0.402000	1.067640
0.403000	-0.431882
0.404000	-0.151848
0.405000	-0.368649
0.406000	-0.197006
0.407000	0.426277
0.408000	0.652107
0.409000	0.083009
0.410000	0.137215
0.411000	0.886983
0.412000	0.959244
0.413000	0.489510
0.414000	0.372072
0.415000	-0.133773
0.416000	-0.224109
0.417000	0.354016
0.418000	0.092056
0.419000	-0.413808
0.420000	-0.169904
0.421000	0.083009
0.422000	0.326914
0.423000	0.634051
0.424000	0.335942
0.425000	0.164317
0.426000	0.670181
0.427000	1.401870
0.428000	1.185070
0.429000	0.462408
0.430000	0.227550
0.431000	0.516613
0.432000	0.697284
0.433000	0.778573
0.434000	0.534687
0.435000	0.155289
0.436000	0.372072
0.437000	0.679209
0.438000	0.588874
0.439000	0.426277
0.440000	0.245625
0.441000	0.227550
0.442000	0.823750
0.443000	1.067640
0.444000	0.814703
0.445000	0.625004
0.446000	0.489510
0.447000	0.516613
0.448000	0.588874
0.449000	0.299811
0.450000	0.290783
0.451000	0.426277
0.452000	0.697284
0.453000	0.868908
0.454000	0.823750
0.455000	0.625004
0.456000	0.796647
0.457000	1.040530
0.458000	1.474140
0.459000	1.546400
0.460000	1.365730
0.461000	1.284440
0.462000	1.401870
0.463000	1.410900
0.464000	1.447030
0.465000	1.555420
0.466000	1.419930
0.467000	1.537370
0.468000	1.591560
0.469000	1.654790
0.470000	1.609630
0.471000	1.329600
0.472000	1.582530
0.473000	1.862560
0.474000	1.627700
0.475000	1.681890
0.476000	1.754170
0.477000	1.320570
0.478000	1.419930
0.479000	1.492190
0.480000	1.275410
0.481000	1.148940
0.482000	1.058610
0.483000	0.995374
0.484000	1.221200
0.485000	1.058610
0.486000	0.950197
0.487000	1.094740
0.488000	0.977299
0.489000	0.859880
0.490000	0.823750
0.491000	0.552743
0.492000	0.625004
0.493000	0.679209
0.494000	0.534687
0.495000	0.534687
0.496000	0.326914
0.497000	-0.025382
0.498000	0.218522
0.499000	0.444352
0.500000	0.101084
0.501000	0.028823
0.502000	0.137215
0.503000	-0.133773
0.504000	-0.187978
0.505000	-0.052485
0.506000	-0.151848
0.507000	-0.097643
0.508000	0.055925
0.509000	-0.133773
0.510000	-0.115717
0.511000	0.064953
0.512000	0.064953
0.513000	-0.079587
0.514000	0.128187
0.515000	0.182392
0.516000	0.037851
0.517000	0.146243
0.518000	0.381119
0.519000	0.019795
0.520000	0.263681
0.521000	0.597920
0.522000	0.417249
0.523000	0.408221
0.524000	0.525641
0.525000	0.489510
0.526000	0.769545
0.527000	0.914067
0.528000	0.751470
0.529000	0.597920
0.530000	0.787601
0.531000	0.850834
0.532000	0.670181
0.533000	0.986346
0.534000	0.706312
0.535000	0.597920
0.536000	1.022480
0.537000	1.148940
0.538000	0.643079
0.539000	1.130870
0.540000	0.932141
0.541000	0.814703
0.542000	1.121840
0.543000	1.013430
0.544000	0.670181
0.545000	0.886983
0.546000	0.959244
0.547000	0.914067
0.548000	0.959244
0.549000	1.013430
0.550000	1.022480
0.551000	0.995374
0.552000	1.203130
0.553000	1.094740
0.554000	1.040530
0.555000	1.148940
0.556000	0.950197
0.557000	0.932141
0.558000	1.185070
0.559000	1.103770
0.560000	1.049580
0.561000	1.049580
0.562000	1.148940
0.563000	1.004400
0.564000	1.130870
0.565000	1.239260
0.566000	1.212180
0.567000	1.130870
0.568000	1.374770
0.569000	1.203130
0.570000	1.239260
0.571000	1.320570
0.572000	1.356700
0.573000	1.112810
0.574000	1.239260
0.575000	1.266360
0.576000	1.365730
0.577000	1.266360
0.578000	1.419930
0.579000	1.501240
0.580000	1.492190
0.581000	1.428960
0.582000	1.555420
0.583000	1.347670
0.584000	1.293460
0.585000	1.383800
0.586000	1.501240
0.587000	1.428960
0.588000	1.293460
0.589000	1.194100
0.590000	1.058610
0.591000	1.257330
0.592000	1.094740
0.593000	1.067640
0.594000	1.085710
0.595000	1.067640
0.596000	0.896011
0.597000	1.112810
0.598000	1.212180
0.599000	0.959244
0.600000	1.004400
0.601000	1.212180
0.602000	1.130870
0.603000	0.995374
0.604000	0.986346
0.605000	1.067640
0.606000	0.914067
0.607000	1.049580
0.608000	1.139900
0.609000	0.941169
0.610000	1.040530
0.611000	1.221200
0.612000	1.139900
0.613000	1.257330
0.614000	1.185070
0.615000	1.112810
0.616000	1.311540
0.617000	1.501240
0.618000	1.428960
0.619000	1.121840
0.620000	1.130870
0.621000	1.167000
0.622000	1.167000
0.623000	1.121840
0.624000	1.167000
0.625000	1.383800
0.626000	1.456060
0.627000	1.492190
0.628000	1.573500
0.629000	1.528320
0.630000	1.438010
0.631000	1.302490
0.632000	1.654790
0.633000	1.564470
0.634000	1.203130
0.635000	1.347670
0.636000	1.636730
0.637000	1.474140
0.638000	1.365730
0.639000	1.474140
0.640000	1.636730
0.641000	1.781250
0.642000	1.627700
0.643000	1.636730
0.644000	1.582530
0.645000	1.492190
0.646000	1.483160
0.647000	1.763200
0.648000	1.492190
0.649000	1.474140
0.650000	1.654790
0.651000	1.483160
0.652000	1.456060
0.653000	1.690940
0.654000	1.943850
0.655000	1.736100
0.656000	1.401870
0.657000	1.636730
0.658000	1.817380
0.659000	1.708990
0.660000	1.627700
0.661000	1.889660
0.662000	1.501240
0.663000	1.139900
0.664000	1.781250
0.665000	1.907720
0.666000	1.573500
0.667000	1.600600
0.668000	1.510270
0.669000	1.383800
0.670000	1.772230
0.671000	1.998060
0.672000	1.636730
0.673000	1.428960
0.674000	1.456060
0.675000	1.745120
0.676000	2.160650
0.677000	2.124520
0.678000	1.781250
0.679000	1.410900
0.680000	1.636730
0.681000	2.287120
0.682000	2.359380
0.683000	1.645760
0.684000	1.501240
0.685000	1.672860
0.686000	2.359380
0.687000	2.747810
0.688000	2.269060
0.689000	1.826430
0.690000	1.862560
0.691000	1.980000
0.692000	2.079360
0.693000	2.007080
0.694000	1.663830
0.695000	1.392830
0.696000	1.257330
0.697000	1.970950
0.698000	2.061290
0.699000	1.302490
0.700000	1.401870
0.701000	1.907720
0.702000	2.034190
0.703000	2.792980
0.704000	3.732430
0.705000	2.865240
0.706000	2.205830
0.707000	2.720720
0.708000	2.440690
0.709000	1.582530
0.710000	1.302490
0.711000	1.185070
0.712000	0.850834
0.713000	0.724368
0.714000	0.634051
0.715000	0.281755
0.716000	-0.124745
0.717000	-0.115717
0.718000	0.037851
0.719000	-0.377677
0.720000	-0.720945
0.721000	-0.766104
0.722000	-0.775131
0.723000	-0.477041
0.724000	-0.242184
0.725000	-0.549302
0.726000	-0.838365
0.727000	-0.395733
0.728000	-0.088615
0.729000	-0.079587
0.730000	0.092056
0.731000	0.968272
0.732000	1.112810
0.733000	-0.928700
0.734000	-0.775131
0.735000	0.254653
0.736000	-0.314445
0.737000	0.227550
0.738000	0.652107
0.739000	-0.431882
0.740000	-0.648665
0.741000	0.073982
0.742000	0.200448
0.743000	-0.486069
0.744000	-0.215081
0.745000	0.073982
0.746000	-0.178950
0.747000	0.182392
0.748000	0.064953
0.749000	-0.242184
0.750000	-0.332501
0.751000	-0.052485
0.752000	-0.061513
0.753000	-0.133773
0.754000	0.381119
0.755000	-0.160876
0.756000	-0.269268
0.757000	0.155289
0.758000	0.968272
0.759000	-0.278314
0.760000	-0.684796
0.761000	-0.468013
0.762000	-0.043438
0.763000	-0.142820
0.764000	0.218522
0.765000	-0.178950
0.766000	-0.341547
0.767000	0.516613
0.768000	-0.070541
0.769000	0.146243
0.770000	-0.142820
0.771000	-0.043438
0.772000	-0.323473
0.773000	0.218522
0.774000	0.769545
0.775000	-0.431882
0.776000	-0.883542
0.777000	-0.630609
0.778000	-0.206053
0.779000	-0.187978
0.780000	0.525641
0.781000	-0.377677
0.782000	-0.458966
0.783000	0.652107
0.784000	0.570818
0.785000	-0.910626
0.786000	-0.215081
0.787000	0.137215
0.788000	-0.386705
0.789000	0.191420
0.790000	0.119159
0.791000	-0.458966
0.792000	-0.540274
0.793000	-0.169904
0.794000	-0.368649
0.795000	0.525641
0.796000	0.923113
0.797000	0.119159
0.798000	0.299811
0.799000	0.209476
0.800000	-0.504143
0.801000	-0.486069
0.802000	0.218522
0.803000	-0.729973
0.804000	-0.829337
0.805000	1.040530
0.806000	0.823750
0.807000	-0.567376
0.808000	-0.115717
0.809000	0.146243
0.810000	0.200448
0.811000	0.462408
0.812000	-0.368649
0.813000	-1.163560
0.814000	0.516613
0.815000	0.751470
0.816000	-0.133773
0.817000	-0.621563
0.818000	-0.531246
0.819000	-0.657712
0.820000	0.923113
0.821000	0.435305
0.822000	-1.082270
0.823000	-0.919672
0.824000	0.408221
0.825000	0.480482
0.826000	0.083009
0.827000	-0.657712
0.828000	-1.010010
0.829000	0.326914
0.830000	0.643079
0.831000	-0.151848
0.832000	-0.784178
0.833000	-0.513171
0.834000	0.037851
0.835000	0.615976
0.836000	-0.124745
0.837000	-0.648665
0.838000	0.390147
0.839000	0.670181
0.840000	-0.079587
0.841000	-0.016354
0.842000	-0.197006
0.843000	-0.368649
0.844000	-0.007308
0.845000	0.778573
0.846000	-0.630609
0.847000	-0.919672
0.848000	0.155289
0.849000	0.317886
0.850000	-0.233137
0.851000	-0.088615
0.852000	-0.594479
0.853000	0.155289
0.854000	1.284440
0.855000	0.218522
0.856000	-0.323473
0.857000	-0.115717
0.858000	-0.260240
0.859000	0.083009
0.860000	0.308858
0.861000	-0.991933
0.862000	-0.757076
0.863000	0.272709
0.864000	-0.025382
0.865000	-0.079587
0.866000	-0.242184
0.867000	-0.477041
0.868000	0.055925
0.869000	0.941169
0.870000	0.137215
0.871000	-0.757076
0.872000	-0.287342
0.873000	0.055925
0.874000	0.073982
0.875000	-0.224109
0.876000	-0.684796
0.877000	-0.784178
0.878000	0.064953
0.879000	0.896011
0.880000	0.146243
0.881000	-1.082270
0.882000	-0.088615
0.883000	0.760517
0.884000	0.146243
0.885000	0.101084
0.886000	0.028823
0.887000	-0.702870
0.888000	0.037851
0.889000	0.959244
0.890000	-0.468013
0.891000	-1.217760
0.892000	-0.079587
0.893000	0.272709
0.894000	0.200448
0.895000	0.706312
0.896000	-0.052485
0.897000	-0.766104
0.898000	0.588874
0.899000	0.778573
0.900000	-0.260240
0.901000	-0.477041
0.902000	0.083009
0.903000	-0.242184
0.904000	-0.061513
0.905000	0.290783
0.906000	-0.639637
0.907000	-0.847393
0.908000	0.164317
0.909000	0.155289
0.910000	0.083009
0.911000	0.281755
0.912000	-0.431882
0.913000	-0.486069
0.914000	0.715340
0.915000	0.245625
0.916000	-1.000960
0.917000	-0.639637
0.918000	-0.296370
0.919000	0.010749
0.920000	0.453380
0.921000	-0.531246
0.922000	-0.892570
0.923000	-0.007308
0.924000	0.606948
0.925000	0.263681
0.926000	-0.097643
0.927000	-0.558330
0.928000	-0.169904
0.929000	0.137215
0.930000	-0.160876
0.931000	-0.269268
0.932000	-0.757076
0.933000	-0.287342
0.934000	0.516613
0.935000	0.326914
0.936000	-0.468013
0.937000	-0.079587
0.938000	-0.061513
0.939000	0.046879
0.940000	0.236578
0.941000	-0.043438
0.942000	-0.603507
0.943000	-0.088615
0.944000	0.046879
0.945000	-0.088615
0.946000	0.119159
0.947000	-0.097643
0.948000	-0.495115
0.949000	0.227550
0.950000	0.254653
0.951000	-0.133773
0.952000	-0.603507
0.953000	0.001720
0.954000	-0.440910
0.955000	0.399175
0.956000	0.281755
0.957000	-0.350575
0.958000	0.155289
0.959000	0.435305
0.960000	0.182392
0.961000	0.390147
0.962000	0.092056
0.963000	-0.784178
0.964000	-0.061513
0.965000	0.372072
0.966000	0.119159
0.967000	-0.820309
0.968000	-0.197006
0.969000	0.417249
0.970000	0.110112
0.971000	0.308858
0.972000	0.218522
0.973000	-0.576404
0.974000	0.064953
0.975000	0.823750
0.976000	-0.666740
0.977000	-0.440910
0.978000	-0.007308
0.979000	-0.169904
0.980000	-0.007308
0.981000	0.597920
0.982000	-0.449938
0.983000	-0.323473
0.984000	0.290783
0.985000	-0.124745
0.986000	-0.522199
0.987000	-0.278314
0.988000	-0.495115
0.989000	-0.260240
0.990000	0.146243
0.991000	-0.278314
0.992000	-0.197006
0.993000	-0.061513
0.994000	-0.016354
0.995000	0.408221
0.996000	0.055925
0.997000	-0.567376
0.998000	0.046879
0.999000	0.110112
1.000000	-0.468013
1.001000	0.055925
1.002000	0.010749
1.003000	-0.359603
1.004000	0.453380
1.005000	0.498538
1.006000	0.019795
1.007000	0.137215
1.008000	0.191420
1.009000	-0.269268
1.010000	0.083009
1.011000	0.073982
1.012000	-0.197006
1.013000	-0.052485
1.014000	0.272709
1.015000	0.101084
1.016000	-0.007308
1.017000	0.182392
1.018000	0.119159
1.019000	-0.061513
1.020000	0.064953
1.021000	0.173345
1.022000	-0.106671
1.023000	-0.097643
1.024000	-0.016354
1.025000	-0.061513
1.026000	-0.215081
1.027000	-0.088615
1.028000	-0.287342
1.029000	-0.305417
1.030000	-0.395733
1.031000	-0.413808
1.032000	-0.404780
1.033000	-0.386705
1.034000	-0.377677
1.035000	-0.160876
1.036000	-0.251212
1.037000	-0.269268
1.038000	0.137215
1.039000	-0.151848
1.040000	-0.585432
1.041000	-0.070541
1.042000	-0.368649
1.043000	-0.594479
1.044000	0.055925
1.045000	-0.332501
1.046000	-0.766104
1.047000	0.119159
1.048000	0.281755
1.049000	-0.377677
1.050000	0.010749
1.051000	0.119159
1.052000	-0.115717
1.053000	0.218522
1.054000	0.381119
1.055000	-0.368649
1.056000	-0.260240
1.057000	0.119159
1.058000	0.073982
1.059000	0.028823
1.060000	0.191420
1.061000	0.028823
1.062000	0.119159
1.063000	0.227550
1.064000	0.254653
1.065000	0.037851
1.066000	-0.043438
1.067000	-0.106671
1.068000	0.227550
1.069000	-0.151848
1.070000	0.010749
1.071000	-0.124745
1.072000	-0.314445
1.073000	-0.025382
1.074000	0.064953
1.075000	-0.495115
1.076000	-0.323473
1.077000	0.055925
1.078000	-0.341547
1.079000	0.028823
1.080000	0.218522
1.081000	-0.513171
1.082000	-0.296370
1.083000	0.182392
1.084000	-0.359603
1.085000	-0.386705
1.086000	-0.124745
1.087000	-0.711898
1.088000	-0.278314
1.089000	0.308858
1.090000	-0.504143
1.091000	-0.477041
1.092000	0.227550
1.093000	-0.088615
1.094000	-0.197006
1.095000	0.344988
1.096000	-0.169904
1.097000	-0.395733
1.098000	0.182392
1.099000	0.227550
1.100000	-0.251212
1.101000	-0.169904
1.102000	0.200448
1.103000	0.055925
1.104000	0.010749
1.105000	0.272709
1.106000	0.028823
1.107000	-0.251212
1.108000	0.363044
1.109000	0.317886
1.110000	-0.215081
1.111000	-0.007308
1.112000	0.417249
1.113000	-0.097643
1.114000	-0.016354
1.115000	0.173345
1.116000	-0.124745
1.117000	-0.187978
1.118000	0.254653
1.119000	0.073982
1.120000	-0.097643
1.121000	0.209476
1.122000	0.001720
1.123000	-0.341547
1.124000	0.137215
1.125000	0.209476
1.126000	-0.440910
1.127000	-0.251212
1.128000	0.227550
1.129000	-0.468013
1.130000	-0.549302
1.131000	0.028823
1.132000	-0.296370
1.133000	-0.386705
1.134000	0.245625
1.135000	-0.088615
1.136000	-0.422836
1.137000	0.200448
1.138000	-0.007308
1.139000	-0.585432
1.140000	-0.341547
1.141000	-0.142820
1.142000	-0.368649
1.143000	-0.206053
1.144000	0.001720
1.145000	0.119159
1.146000	-0.160876
1.147000	-0.187978
1.148000	0.263681
1.149000	0.064953
1.150000	-0.215081
1.151000	-0.052485
1.152000	-0.007308
1.153000	-0.043438
1.154000	0.182392
1.155000	-0.088615
1.156000	0.001720
1.157000	0.245625
1.158000	0.137215
1.159000	0.236578
1.160000	0.290783
1.161000	-0.251212
1.162000	0.191420
1.163000	0.453380
1.164000	0.073982
1.165000	-0.197006
1.166000	0.363044
1.167000	0.209476
1.168000	-0.034410
1.169000	0.064953
1.170000	0.010749
1.171000	-0.251212
1.172000	-0.169904
1.173000	0.263681
1.174000	-0.115717
1.175000	-0.359603
1.176000	-0.088615
1.177000	0.155289
1.178000	-0.079587
1.179000	-0.133773
1.180000	-0.260240
1.181000	-0.124745
1.182000	-0.061513
1.183000	-0.215081
1.184000	-0.296370
1.185000	-0.296370
1.186000	-0.468013
1.187000	-0.251212
1.188000	0.037851
1.189000	-0.260240
1.190000	-0.296370
1.191000	-0.178950
1.192000	-0.133773
1.193000	0.001720
1.194000	-0.052485
1.195000	-0.314445
1.196000	-0.251212
1.197000	0.028823
1.198000	-0.043438
1.199000	-0.151848
1.200000	-0.178950
1.201000	-0.133773
1.202000	0.001720
1.203000	0.128187
1.204000	0.001720
1.205000	-0.007308
1.206000	0.110112
1.207000	0.200448
1.208000	0.101084
1.209000	-0.016354
1.210000	-0.115717
1.211000	0.001720
1.212000	-0.052485
1.213000	-0.034410
1.214000	0.010749
1.215000	0.046879
1.216000	-0.187978
1.217000	0.064953
1.218000	0.155289
1.219000	-0.097643
1.220000	-0.052485
1.221000	-0.016354
1.222000	-0.133773
1.223000	-0.169904
1.224000	0.010749
1.225000	-0.197006
1.226000	-0.296370
1.227000	-0.142820
1.228000	-0.061513
1.229000	-0.305417
1.230000	-0.034410
1.231000	-0.224109
1.232000	-0.458966
1.233000	-0.070541
1.234000	0.064953
1.235000	-0.332501
1.236000	-0.404780
1.237000	0.010749
1.238000	-0.215081
1.239000	-0.269268
1.240000	-0.187978
1.241000	-0.097643
1.242000	-0.251212
1.243000	-0.124745
1.244000	-0.242184
1.245000	-0.323473
1.246000	-0.106671
1.247000	-0.052485
1.248000	-0.242184
1.249000	-0.061513
1.250000	0.073982
1.251000	-0.106671
1.252000	-0.133773
1.253000	0.028823
1.254000	-0.133773
1.255000	-0.151848
1.256000	0.028823
1.257000	0.046879
1.258000	-0.097643
1.259000	0.055925
1.260000	0.146243
1.261000	-0.025382
1.262000	0.083009
1.263000	-0.025382
1.264000	-0.034410
1.265000	0.046879
1.266000	0.064953
1.267000	0.119159
1.268000	-0.061513
1.269000	-0.215081
1.270000	0.001720
1.271000	0.245625
1.272000	-0.187978
1.273000	-0.151848
1.274000	0.001720
1.275000	0.010749
1.276000	-0.007308
1.277000	0.001720
1.278000	-0.215081
1.279000	-0.070541
1.280000	0.137215
1.281000	-0.016354
1.282000	-0.178950
1.283000	-0.160876
1.284000	-0.242184
1.285000	-0.287342
1.286000	-0.016354
1.287000	-0.124745
1.288000	-0.314445
1.289000	-0.133773
1.290000	0.110112
1.291000	-0.007308
1.292000	-0.160876
1.293000	-0.088615
1.294000	-0.169904
1.295000	-0.197006
1.296000	0.019795
1.297000	-0.124745
1.298000	-0.187978
1.299000	0.028823
1.300000	0.064953
1.301000	-0.079587
1.302000	0.182392
1.303000	-0.070541
1.304000	-0.422836
1.305000	0.263681
1.306000	0.399175
1.307000	-0.142820
1.308000	-0.115717
1.309000	-0.224109
1.310000	-0.115717
1.311000	0.046879
1.312000	-0.088615
1.313000	-0.025382
1.314000	0.110112
1.315000	0.453380
1.316000	0.173345
1.317000	0.037851
1.318000	-0.314445
1.319000	-0.449938
1.320000	0.083009
1.321000	0.191420
1.322000	-0.278314
1.323000	-0.160876
1.324000	0.643079
1.325000	-0.052485
1.326000	-0.097643
1.327000	0.408221
1.328000	-1.389390
1.329000	-0.766104
1.330000	1.103770
1.331000	0.191420
1.332000	-0.766104
1.333000	0.625004
1.334000	-0.260240
1.335000	-0.558330
1.336000	0.769545
1.337000	0.064953
1.338000	-0.955802
1.339000	0.055925
1.340000	0.209476
1.341000	-0.097643
1.342000	0.236578
1.343000	-0.197006
1.344000	-0.504143
1.345000	-0.404780
1.346000	0.462408
1.347000	0.471454
1.348000	-0.540274
1.349000	-0.386705
1.350000	0.200448
1.351000	-0.187978
1.352000	0.046879
1.353000	0.417249
1.354000	-0.729973
1.355000	-0.422836
1.356000	1.022480
1.357000	0.399175
1.358000	-0.621563
1.359000	-0.477041
1.360000	-0.431882
1.361000	0.119159
1.362000	0.796647
1.363000	0.073982
1.364000	-0.919672
1.365000	-0.323473
1.366000	0.733414
1.367000	0.661135
1.368000	-0.314445
1.369000	-0.666740
1.370000	-0.431882
1.371000	-0.197006
1.372000	0.417249
1.373000	0.083009
1.374000	-1.064190
1.375000	-0.775131
1.376000	0.679209
1.377000	0.615976
1.378000	-0.034410
1.379000	-0.197006
1.380000	-0.540274
1.381000	-0.151848
1.382000	0.426277
1.383000	-0.169904
1.384000	-0.829337
1.385000	-0.422836
1.386000	0.101084
1.387000	0.209476
1.388000	-0.115717
1.389000	-0.305417
1.390000	-0.278314
1.391000	-0.070541
1.392000	0.326914
1.393000	0.254653
1.394000	-0.458966
1.395000	-0.413808
1.396000	0.037851
1.397000	-0.106671
1.398000	-0.115717
1.399000	-0.106671
1.400000	-0.377677
1.401000	-0.160876
1.402000	0.480482
1.403000	0.200448
1.404000	-0.296370
1.405000	-0.206053
1.406000	-0.206053
1.407000	-0.106671
1.408000	0.209476
1.409000	0.173345
1.410000	-0.142820
1.411000	-0.224109
1.412000	-0.133773
1.413000	-0.025382
1.414000	0.019795
1.415000	-0.133773
1.416000	-0.305417
1.417000	-0.242184
1.418000	0.155289
1.419000	0.236578
1.420000	-0.106671
1.421000	-0.341547
1.422000	-0.224109
1.423000	-0.088615
1.424000	0.019795
1.425000	0.019795
1.426000	-0.242184
1.427000	-0.350575
1.428000	-0.106671
1.429000	0.083009
1.430000	-0.133773
1.431000	-0.269268
1.432000	-0.305417
1.433000	-0.160876
1.434000	0.191420
1.435000	0.083009
1.436000	-0.278314
1.437000	-0.296370
1.438000	0.037851
1.439000	0.101084
1.440000	0.064953
1.441000	-0.133773
1.442000	-0.314445
1.443000	-0.151848
1.444000	0.155289
1.445000	0.128187
1.446000	-0.206053
1.447000	-0.197006
1.448000	0.001720
1.449000	0.218522
1.450000	0.200448
1.451000	-0.016354
1.452000	-0.233137
1.453000	-0.133773
1.454000	0.101084
1.455000	0.055925
1.456000	-0.079587
1.457000	-0.160876
1.458000	-0.079587
1.459000	0.083009
1.460000	0.164317
1.461000	0.001720
1.462000	-0.169904
1.463000	-0.133773
1.464000	-0.007308
1.465000	0.028823
1.466000	0.083009
1.467000	-0.043438
1.468000	-0.287342
1.469000	-0.224109
1.470000	0.073982
1.471000	0.019795
1.472000	-0.206053
1.473000	-0.224109
1.474000	-0.052485
1.475000	0.046879
1.476000	0.055925
1.477000	-0.043438
1.478000	-0.287342
1.479000	-0.206053
1.480000	0.064953
1.481000	-0.007308
1.482000	-0.169904
1.483000	-0.178950
1.484000	-0.197006
1.485000	-0.052485
1.486000	0.155289
1.487000	0.028823
1.488000	-0.215081
1.489000	-0.106671
1.490000	0.119159
1.491000	0.037851
1.492000	-0.070541
1.493000	-0.043438
1.494000	-0.178950
1.495000	-0.178950
1.496000	0.110112
1.497000	0.001720
1.498000	-0.160876
1.499000	-0.052485
1.500000	0.046879
1.501000	-0.061513
1.502000	0.155289
1.503000	0.028823
1.504000	-0.224109
1.505000	-0.007308
1.506000	0.155289
1.507000	0.001720
1.508000	-0.115717
1.509000	-0.088615
1.510000	-0.142820
1.511000	0.037851
1.512000	0.110112
1.513000	0.046879
1.514000	-0.251212
1.515000	-0.079587
1.516000	0.083009
1.517000	-0.034410
1.518000	-0.233137
1.519000	-0.079587
1.520000	-0.106671
1.521000	-0.079587
1.522000	0.092056
1.523000	-0.079587
1.524000	-0.260240
1.525000	-0.070541
1.526000	0.010749
1.527000	-0.160876
1.528000	-0.124745
1.529000	-0.106671
1.530000	-0.151848
1.531000	-0.043438
1.532000	0.092056
1.533000	-0.106671
1.534000	-0.160876
1.535000	-0.034410
1.536000	-0.061513
1.537000	-0.124745
1.538000	-0.115717
1.539000	-0.115717
1.540000	-0.187978
1.541000	-0.124745
1.542000	-0.007308
1.543000	-0.088615
1.544000	-0.061513
1.545000	-0.079587
1.546000	-0.079587
1.547000	-0.088615
1.548000	-0.007308
1.549000	-0.142820
1.550000	-0.206053
1.551000	-0.115717
1.552000	0.037851
1.553000	-0.034410
1.554000	-0.097643
1.555000	-0.079587
1.556000	-0.124745
1.557000	-0.088615
1.558000	-0.034410
1.559000	-0.016354
1.560000	-0.169904
1.561000	-0.106671
1.562000	-0.007308
1.563000	-0.007308
1.564000	-0.088615
1.565000	-0.097643
1.566000	-0.124745
1.567000	-0.088615
1.568000	-0.061513
1.569000	-0.097643
1.570000	-0.115717
1.571000	-0.124745
1.572000	-0.034410
1.573000	-0.061513
1.574000	-0.025382
1.575000	-0.097643
1.576000	-0.106671
1.577000	-0.124745
1.578000	-0.070541
1.579000	-0.151848
1.580000	-0.160876
1.581000	-0.160876
1.582000	-0.133773
1.583000	-0.088615
1.584000	-0.151848
1.585000	-0.052485
1.586000	-0.133773
1.587000	-0.079587
1.588000	-0.133773
1.589000	-0.151848
1.590000	-0.197006
1.591000	-0.106671
1.592000	-0.070541
1.593000	-0.160876
1.594000	-0.142820
1.595000	-0.061513
1.596000	-0.052485
1.597000	-0.097643
1.598000	-0.025382
1.599000	-0.151848
1.600000	-0.106671
1.601000	-0.007308
1.602000	-0.025382
1.603000	-0.106671
1.604000	-0.043438
1.605000	-0.016354
1.606000	0.001720
1.607000	0.037851
1.608000	-0.016354
1.609000	-0.061513
1.610000	-0.016354
1.611000	0.019795
1.612000	-0.016354
1.613000	-0.079587
1.614000	-0.097643
1.615000	0.010749
1.616000	0.037851
1.617000	0.001720
1.618000	-0.025382
1.619000	-0.043438
1.620000	-0.034410
1.621000	0.046879
1.622000	-0.070541
1.623000	-0.142820
1.624000	-0.079587
1.625000	-0.052485
1.626000	-0.052485
1.627000	-0.079587
1.628000	-0.079587
1.629000	-0.115717
1.630000	-0.034410
1.631000	-0.025382
1.632000	-0.079587
1.633000	-0.169904
1.634000	-0.133773
1.635000	-0.061513
1.636000	-0.070541
1.637000	-0.106671
1.638000	-0.133773
1.639000	-0.061513
1.640000	-0.052485
1.641000	-0.052485
1.642000	-0.088615
1.643000	-0.124745
1.644000	-0.061513
1.645000	0.037851
1.646000	-0.052485
1.647000	-0.079587
1.648000	0.001720
1.649000	-0.025382
1.650000	-0.007308
1.651000	-0.025382
1.652000	-0.034410
1.653000	-0.061513
1.654000	-0.025382
1.655000	0.037851
1.656000	0.110112
1.657000	0.092056
1.658000	-0.106671
1.659000	-0.215081
1.660000	0.218522
1.661000	0.083009
1.662000	-0.269268
1.663000	-0.043438
1.664000	0.209476
1.665000	-0.748029
1.666000	0.119159
1.667000	0.101084
1.668000	-0.187978
1.669000	-0.187978
1.670000	0.706312
1.671000	-0.404780
1.672000	0.119159
1.673000	0.462408
1.674000	-0.576404
1.675000	-0.477041
1.676000	0.254653
1.677000	-0.621563
1.678000	-0.711898
1.679000	0.525641
1.680000	-0.287342
1.681000	-0.206053
1.682000	0.354016
1.683000	0.236578
1.684000	-0.449938
1.685000	0.083009
1.686000	-0.187978
1.687000	-0.413808
1.688000	-0.124745
1.689000	0.200448
1.690000	-0.486069
1.691000	-0.323473
1.692000	0.299811
1.693000	-0.007308
1.694000	0.028823
1.695000	0.272709
1.696000	-0.215081
1.697000	-0.422836
1.698000	0.390147
1.699000	-0.260240
1.700000	-0.251212
1.701000	0.308858
1.702000	-0.124745
1.703000	-0.486069
1.704000	0.525641
1.705000	-0.034410
1.706000	-0.748029
1.707000	-0.007308
1.708000	0.308858
1.709000	-0.278314
1.710000	0.046879
1.711000	0.209476
1.712000	-0.341547
1.713000	0.191420
1.714000	0.363044
1.715000	-0.377677
1.716000	-0.413808
1.717000	0.128187
1.718000	-0.206053
1.719000	-0.296370
1.720000	-0.079587
1.721000	-0.233137
1.722000	-0.332501
1.723000	0.092056
1.724000	0.137215
1.725000	-0.124745
1.726000	-0.097643
1.727000	-0.034410
1.728000	-0.025382
1.729000	-0.088615
1.730000	-0.097643
1.731000	-0.359603
1.732000	-0.206053
1.733000	-0.007308
1.734000	-0.061513
1.735000	-0.233137
1.736000	0.046879
1.737000	-0.070541
1.738000	-0.160876
1.739000	0.083009
1.740000	0.073982
1.741000	-0.079587
1.742000	-0.106671
1.743000	-0.061513
1.744000	-0.133773
1.745000	-0.088615
1.746000	-0.178950
1.747000	-0.079587
1.748000	-0.115717
1.749000	-0.016354
1.750000	-0.052485
1.751000	-0.016354
1.752000	-0.106671
1.753000	-0.025382
1.754000	-0.052485
1.755000	-0.097643
1.756000	-0.079587
1.757000	-0.088615
1.758000	-0.169904
1.759000	0.010749
1.760000	0.064953
1.761000	-0.115717
1.762000	-0.169904
1.763000	-0.151848
1.764000	-0.115717
1.765000	-0.106671
1.766000	-0.079587
1.767000	-0.224109
1.768000	-0.097643
1.769000	-0.043438
1.770000	-0.097643
1.771000	-0.124745
1.772000	-0.043438
1.773000	-0.070541
1.774000	-0.088615
1.775000	-0.025382
1.776000	-0.142820
1.777000	-0.115717
1.778000	-0.097643
1.779000	-0.079587
1.780000	-0.124745
1.781000	-0.043438
1.782000	-0.133773
1.783000	-0.088615
1.784000	-0.061513
1.785000	-0.016354
1.786000	-0.070541
1.787000	-0.016354
1.788000	-0.052485
1.789000	-0.097643
1.790000	-0.052485
1.791000	-0.025382
1.792000	-0.016354
1.793000	-0.079587
1.794000	-0.079587
1.795000	-0.052485
1.796000	0.064953
1.797000	-0.007308
1.798000	-0.061513
1.799000	-0.079587
1.800000	0.046879
1.801000	-0.016354
1.802000	-0.043438
1.803000	-0.061513
1.804000	-0.043438
1.805000	-0.007308
1.806000	0.001720
1.807000	0.010749
1.808000	-0.142820
1.809000	-0.070541
1.810000	-0.061513
1.811000	0.019795
1.812000	-0.034410
1.813000	-0.052485
1.814000	-0.052485
1.815000	-0.007308
1.816000	0.028823
1.817000	-0.034410
1.818000	-0.142820
1.819000	-0.025382
1.820000	-0.025382
1.821000	-0.097643
1.822000	-0.169904
1.823000	-0.034410
1.824000	-0.115717
1.825000	-0.007308
1.826000	0.019795
1.827000	-0.043438
1.828000	-0.124745
1.829000	-0.025382
1.830000	-0.061513
1.831000	-0.061513
1.832000	-0.034410
1.833000	-0.070541
1.834000	-0.097643
1.835000	0.001720
1.836000	0.010749
1.837000	-0.088615
1.838000	-0.043438
1.839000	0.010749
1.840000	-0.160876
1.841000	-0.052485
1.842000	0.010749
1.843000	-0.052485
1.844000	-0.124745
1.845000	0.064953
1.846000	-0.043438
1.847000	-0.007308
1.848000	0.037851
1.849000	-0.061513
1.850000	-0.097643
1.851000	0.010749
1.852000	-0.034410
1.853000	-0.233137
1.854000	-0.034410
1.855000	-0.115717
1.856000	-0.133773
1.857000	0.019795
1.858000	0.110112
1.859000	-0.197006
1.860000	-0.061513
1.861000	0.028823
1.862000	-0.133773
1.863000	-0.178950
1.864000	-0.070541
1.865000	-0.160876
1.866000	-0.178950
1.867000	-0.061513
1.868000	-0.169904
1.869000	-0.169904
1.870000	-0.070541
1.871000	-0.079587
1.872000	-0.178950
1.873000	0.019795
1.874000	-0.106671
1.875000	-0.178950
1.876000	-0.151848
1.877000	-0.025382
1.878000	-0.206053
1.879000	-0.124745
1.880000	-0.097643
1.881000	-0.187978
1.882000	-0.133773
1.883000	0.010749
1.884000	-0.079587
1.885000	-0.160876
1.886000	-0.079587
1.887000	-0.079587
1.888000	-0.025382
1.889000	-0.079587
1.890000	-0.142820
1.891000	-0.106671
1.892000	0.019795
1.893000	-0.070541
1.894000	-0.061513
1.895000	-0.079587
1.896000	-0.151848
1.897000	-0.133773
1.898000	-0.007308
1.899000	-0.079587
1.900000	-0.151848
1.901000	-0.097643
1.902000	-0.052485
1.903000	-0.043438
1.904000	-0.061513
1.905000	-0.079587
1.906000	-0.070541
1.907000	-0.043438
1.908000	-0.061513
1.909000	0.019795
1.910000	-0.070541
1.911000	-0.178950
1.912000	-0.160876
1.913000	-0.133773
1.914000	-0.061513
1.915000	-0.142820
1.916000	-0.151848
1.917000	-0.052485
1.918000	0.001720
1.919000	-0.106671
1.920000	-0.034410
1.921000	-0.034410
1.922000	-0.079587
1.923000	-0.070541
1.924000	0.019795
1.925000	-0.061513
1.926000	-0.151848
1.927000	-0.160876
1.928000	-0.097643
1.929000	-0.043438
1.930000	-0.052485
1.931000	-0.016354
1.932000	-0.079587
1.933000	-0.016354
1.934000	0.046879
1.935000	-0.016354
1.936000	-0.133773
1.937000	-0.097643
1.938000	-0.097643
1.939000	-0.052485
1.940000	0.019795
1.941000	-0.088615
1.942000	-0.160876
1.943000	-0.016354
1.944000	0.028823
1.945000	-0.079587
1.946000	-0.106671
1.947000	-0.088615
1.948000	-0.034410
1.949000	0.037851
1.950000	0.001720
1.951000	-0.106671
1.952000	-0.070541
1.953000	-0.034410
1.954000	-0.052485
1.955000	-0.061513
1.956000	-0.079587
1.957000	-0.142820
1.958000	-0.097643
1.959000	-0.016354
1.960000	-0.043438
1.961000	-0.061513
1.962000	-0.034410
1.963000	0.001720
1.964000	0.001720
1.965000	0.001720
1.966000	-0.034410
1.967000	-0.061513
1.968000	-0.097643
1.969000	-0.079587
1.970000	-0.088615
1.971000	-0.070541
1.972000	-0.088615
1.973000	-0.115717
1.974000	-0.034410
1.975000	0.037851
1.976000	0.028823
1.977000	-0.133773
1.978000	-0.061513
1.979000	-0.070541
1.980000	-0.025382
1.981000	-0.079587
1.982000	-0.088615
1.983000	-0.178950
1.984000	-0.070541
1.985000	-0.061513
1.986000	-0.097643
1.987000	-0.061513
1.988000	-0.034410
1.989000	-0.052485
1.990000	-0.034410
1.991000	0.010749
1.992000	-0.061513
1.993000	-0.133773
1.994000	-0.115717
1.995000	-0.052485
1.996000	-0.097643
1.997000	-0.043438
1.998000	-0.142820
1.999000	-0.097643
2.000000	0.037851
2.001000	-0.007308
2.002000	-0.151848
2.003000	-0.079587
2.004000	-0.016354
2.005000	-0.070541
2.006000	-0.025382
2.007000	-0.007308
2.008000	-0.079587
2.009000	-0.016354
2.010000	0.055925
2.011000	-0.079587
2.012000	-0.088615
2.013000	-0.007308
2.014000	-0.097643
2.015000	-0.088615
2.016000	0.001720
2.017000	-0.070541
2.018000	-0.142820
2.019000	-0.061513
2.020000	-0.052485
2.021000	-0.070541
2.022000	-0.016354
2.023000	-0.043438
2.024000	-0.106671
2.025000	-0.052485
2.026000	0.001720
2.027000	-0.079587
2.028000	-0.088615
2.029000	-0.088615
2.030000	-0.142820
2.031000	-0.088615
2.032000	-0.052485
2.033000	-0.106671
2.034000	-0.142820
2.035000	-0.088615
2.036000	-0.025382
2.037000	-0.088615
2.038000	-0.088615
2.039000	-0.079587
2.040000	-0.079587
2.041000	-0.052485
2.042000	-0.052485
2.043000	-0.133773
2.044000	-0.124745
2.045000	-0.052485
2.046000	-0.061513
2.047000	-0.088615
2.048000	-0.079587
2.049000	-0.088615
2.050000	-0.097643
2.051000	-0.052485
2.052000	-0.034410
2.053000	-0.052485
2.054000	-0.097643
2.055000	-0.097643
2.056000	-0.106671
2.057000	-0.097643
2.058000	-0.106671
2.059000	-0.106671
2.060000	-0.097643
2.061000	-0.079587
2.062000	-0.034410
2.063000	-0.052485
2.064000	-0.079587
2.065000	-0.070541
2.066000	-0.097643
2.067000	-0.106671
2.068000	-0.052485
2.069000	-0.079587
2.070000	-0.142820
2.071000	-0.124745
2.072000	-0.070541
2.073000	-0.070541
2.074000	-0.097643
2.075000	-0.097643
2.076000	-0.124745
2.077000	-0.097643
2.078000	-0.052485
2.079000	-0.061513
2.080000	-0.124745
2.081000	-0.097643
2.082000	-0.043438
2.083000	-0.025382
2.084000	-0.043438
2.085000	-0.070541
2.086000	-0.097643
2.087000	-0.061513
2.088000	-0.007308
2.089000	-0.061513
2.090000	-0.133773
2.091000	-0.097643
2.092000	-0.052485
2.093000	-0.052485
2.094000	-0.052485
2.095000	-0.088615
2.096000	-0.097643
2.097000	-0.052485
2.098000	-0.025382
2.099000	-0.052485
2.100000	-0.061513
2.101000	-0.088615
2.102000	-0.106671
2.103000	-0.061513
2.104000	-0.061513
2.105000	-0.106671
2.106000	-0.124745
2.107000	-0.088615
2.108000	-0.061513
2.109000	-0.052485
2.110000	-0.088615
2.111000	-0.124745
2.112000	-0.115717
2.113000	-0.070541
2.114000	-0.061513
2.115000	-0.106671
2.116000	-0.115717
2.117000	-0.088615
2.118000	-0.052485
2.119000	-0.034410
2.120000	-0.070541
2.121000	-0.088615
2.122000	-0.052485
2.123000	-0.043438
2.124000	-0.016354
2.125000	-0.025382
2.126000	-0.061513
2.127000	-0.061513
2.128000	-0.043438
2.129000	-0.034410
2.130000	-0.052485
2.131000	-0.034410
2.132000	-0.034410
2.133000	-0.007308
2.134000	0.010749
2.135000	0.010749
2.136000	-0.025382
2.137000	-0.025382
2.138000	-0.025382
2.139000	-0.025382
2.140000	-0.016354
2.141000	-0.034410
2.142000	-0.034410
2.143000	-0.043438
2.144000	-0.025382
2.145000	-0.034410
2.146000	-0.034410
2.147000	-0.052485
2.148000	-0.052485
2.149000	-0.061513
2.150000	-0.052485
2.151000	-0.061513
2.152000	-0.088615
2.153000	-0.097643
2.154000	-0.079587
2.155000	-0.052485
2.156000	-0.061513
2.157000	-0.079587
2.158000	-0.097643
2.159000	-0.079587
2.160000	-0.070541
2.161000	-0.079587
2.162000	-0.088615
2.163000	-0.097643
2.164000	-0.097643
2.165000	-0.079587
2.166000	-0.061513
2.167000	-0.070541
2.168000	-0.088615
2.169000	-0.079587
2.170000	-0.052485
2.171000	-0.061513
2.172000	-0.052485
2.173000	-0.070541
2.174000	-0.052485
2.175000	-0.034410
2.176000	-0.034410
2.177000	-0.052485
2.178000	-0.034410
2.179000	-0.034410
2.180000	-0.070541
2.181000	-0.070541
2.182000	-0.043438
2.183000	-0.088615
2.184000	-0.115717
2.185000	-0.088615
2.186000	-0.088615
2.187000	-0.052485
2.188000	-0.025382
2.189000	-0.043438
2.190000	-0.043438
2.191000	-0.016354
2.192000	-0.025382
2.193000	-0.088615
2.194000	-0.115717
2.195000	-0.142820
2.196000	-0.115717
2.197000	-0.079587
2.198000	-0.106671
2.199000	-0.133773
2.200000	-0.124745
2.201000	-0.088615
2.202000	-0.061513
2.203000	-0.070541
2.204000	-0.097643
2.205000	-0.124745
2.206000	-0.088615
2.207000	-0.088615
2.208000	-0.115717
2.209000	-0.124745
2.210000	-0.133773
2.211000	-0.097643
2.212000	-0.052485
2.213000	-0.052485
2.214000	-0.088615
2.215000	-0.097643
2.216000	-0.097643
2.217000	-0.088615
2.218000	-0.088615
2.219000	-0.088615
2.220000	-0.106671
2.221000	-0.088615
2.222000	-0.061513
2.223000	-0.070541
2.224000	-0.079587
2.225000	-0.088615
2.226000	-0.079587
2.227000	-0.061513
2.228000	-0.034410
2.229000	-0.043438
2.230000	-0.070541
2.231000	-0.079587
2.232000	-0.052485
2.233000	-0.079587
2.234000	-0.070541
2.235000	-0.088615
2.236000	-0.079587
2.237000	-0.061513
2.238000	-0.043438
2.239000	-0.061513
2.240000	-0.088615
2.241000	-0.088615
2.242000	-0.061513
2.243000	-0.043438
2.244000	-0.052485
2.245000	-0.043438
2.246000	-0.061513
2.247000	-0.034410
2.248000	-0.034410
2.249000	-0.052485
2.250000	-0.088615
2.251000	-0.088615
2.252000	-0.061513
2.253000	-0.079587
2.254000	-0.070541
2.255000	-0.061513
2.256000	-0.070541
2.257000	-0.088615
2.258000	-0.043438
2.259000	-0.070541
2.260000	-0.088615
2.261000	-0.061513
2.262000	-0.061513
2.263000	-0.088615
2.264000	-0.061513
2.265000	-0.061513
2.266000	-0.088615
2.267000	-0.097643
2.268000	-0.070541
2.269000	-0.070541
2.270000	-0.079587
2.271000	-0.070541
2.272000	-0.097643
2.273000	-0.097643
2.274000	-0.052485
2.275000	-0.061513
2.276000	-0.088615
2.277000	-0.070541
2.278000	-0.052485
2.279000	-0.070541
2.280000	-0.070541
2.281000	-0.061513
2.282000	-0.088615
2.283000	-0.079587
2.284000	-0.043438
2.285000	-0.061513
2.286000	-0.079587
2.287000	-0.043438
2.288000	-0.034410
2.289000	-0.061513
2.290000	-0.043438
2.291000	-0.034410
2.292000	-0.052485
2.293000	-0.034410
2.294000	-0.016354
2.295000	-0.061513
2.296000	-0.052485
2.297000	-0.052485
2.298000	-0.061513
2.299000	-0.052485
2.300000	-0.061513
2.301000	-0.088615
2.302000	-0.061513
2.303000	-0.061513
2.304000	-0.079587
2.305000	-0.070541
2.306000	-0.079587
2.307000	-0.079587
2.308000	-0.061513
2.309000	-0.061513
2.310000	-0.061513
2.311000	-0.079587
2.312000	-0.088615
2.313000	-0.088615
2.314000	-0.079587
2.315000	-0.088615
2.316000	-0.097643
2.317000	-0.124745
2.318000	-0.097643
2.319000	-0.079587
2.320000	-0.079587
2.321000	-0.079587
2.322000	-0.070541
2.323000	-0.088615
2.324000	-0.061513
2.325000	-0.052485
2.326000	-0.088615
2.327000	-0.097643
2.328000	-0.061513
2.329000	-0.070541
2.330000	-0.052485
2.331000	-0.061513
2.332000	-0.070541
2.333000	-0.052485
2.334000	-0.034410
2.335000	-0.043438
2.336000	-0.025382
2.337000	-0.034410
2.338000	-0.043438
2.339000	-0.025382
2.340000	-0.016354
2.341000	-0.061513
2.342000	-0.070541
2.343000	-0.061513
2.344000	-0.052485
2.345000	-0.052485
2.346000	-0.052485
2.347000	-0.061513
2.348000	-0.052485
2.349000	-0.043438
2.350000	-0.052485
2.351000	-0.052485
2.352000	-0.034410
2.353000	-0.052485
2.354000	-0.079587
2.355000	-0.061513
2.356000	-0.052485
2.357000	-0.079587
2.358000	-0.097643
2.359000	-0.088615
2.360000	-0.088615
2.361000	-0.079587
2.362000	-0.088615
2.363000	-0.115717
2.364000	-0.115717
2.365000	-0.079587
2.366000	-0.061513
2.367000	-0.070541
2.368000	-0.097643
2.369000	-0.097643
2.370000	-0.070541
2.371000	-0.070541
2.372000	-0.088615
2.373000	-0.106671
2.374000	-0.088615
2.375000	-0.088615
2.376000	-0.061513
2.377000	-0.061513
2.378000	-0.079587
2.379000	-0.052485
2.380000	-0.043438
2.381000	-0.061513
2.382000	-0.052485
2.383000	-0.061513
2.384000	-0.088615
2.385000	-0.061513
2.386000	-0.052485
2.387000	-0.079587
2.388000	-0.079587
2.389000	-0.070541
2.390000	-0.061513
2.391000	-0.052485
2.392000	-0.043438
2.393000	-0.052485
2.394000	-0.070541
2.395000	-0.052485
2.396000	-0.052485
2.397000	-0.061513
2.398000	-0.079587
2.399000	-0.088615
2.400000	-0.097643
2.401000	-0.088615
2.402000	-0.061513
2.403000	-0.088615
2.404000	-0.088615
2.405000	-0.088615
2.406000	-0.079587
2.407000	-0.070541
2.408000	-0.079587
2.409000	-0.097643
2.410000	-0.088615
2.411000	-0.079587
2.412000	-0.079587
2.413000	-0.079587
2.414000	-0.097643
2.415000	-0.088615
2.416000	-0.079587
2.417000	-0.088615
2.418000	-0.079587
2.419000	-0.097643
2.420000	-0.097643
2.421000	-0.088615
2.422000	-0.061513
2.423000	-0.079587
2.424000	-0.088615
2.425000	-0.079587
2.426000	-0.097643
2.427000	-0.070541
2.428000	-0.061513
2.429000	-0.079587
2.430000	-0.079587
2.431000	-0.061513
2.432000	-0.070541
2.433000	-0.052485
2.434000	-0.070541
2.435000	-0.079587
2.436000	-0.079587
2.437000	-0.079587
2.438000	-0.070541
2.439000	-0.052485
2.440000	-0.061513
2.441000	-0.061513
2.442000	-0.052485
2.443000	-0.043438
2.444000	-0.052485
2.445000	-0.052485
2.446000	-0.061513
2.447000	-0.052485
2.448000	-0.061513
2.449000	-0.052485
2.450000	-0.079587
2.451000	-0.079587
2.452000	-0.061513
2.453000	-0.052485
2.454000	-0.043438
2.455000	-0.070541
2.456000	-0.061513
2.457000	-0.052485
2.458000	-0.043438
2.459000	-0.061513
2.460000	-0.079587
2.461000	-0.079587
2.462000	-0.079587
2.463000	-0.079587
2.464000	-0.070541
2.465000	-0.079587
2.466000	-0.079587
2.467000	-0.079587
2.468000	-0.043438
2.469000	-0.052485
2.470000	-0.079587
2.471000	-0.070541
2.472000	-0.079587
2.473000	-0.070541
2.474000	-0.061513
2.475000	-0.079587
2.476000	-0.070541
2.477000	-0.061513
2.478000	-0.061513
2.479000	-0.079587
2.480000	-0.061513
2.481000	-0.070541
2.482000	-0.079587
2.483000	-0.070541
2.484000	-0.061513
2.485000	-0.061513
2.486000	-0.070541
2.487000	-0.070541
2.488000	-0.070541
2.489000	-0.043438
2.490000	-0.061513
2.491000	-0.061513
2.492000	-0.061513
2.493000	-0.079587
2.494000	-0.061513
2.495000	-0.061513
2.496000	-0.079587
2.497000	-0.070541
2.498000	-0.070541
2.499000	-0.052485
2.500000	-0.052485
2.501000	-0.070541
2.502000	-0.052485
2.503000	-0.061513
2.504000	-0.043438
2.505000	-0.043438
2.506000	-0.052485
2.507000	-0.061513
2.508000	-0.061513
2.509000	-0.070541
2.510000	-0.070541
2.511000	-0.061513
2.512000	-0.061513
2.513000	-0.070541
2.514000	-0.061513
2.515000	-0.079587
2.516000	-0.079587
2.517000	-0.061513
2.518000	-0.061513
2.519000	-0.079587
2.520000	-0.079587
2.521000	-0.052485
2.522000	-0.061513
2.523000	-0.061513
2.524000	-0.061513
2.525000	-0.061513
2.526000	-0.070541
2.527000	-0.061513
2.528000	-0.079587
2.529000	-0.088615
2.530000	-0.079587
2.531000	-0.088615
2.532000	-0.079587
2.533000	-0.079587
2.534000	-0.061513
2.535000	-0.079587
2.536000	-0.079587
2.537000	-0.079587
2.538000	-0.079587
2.539000	-0.088615
2.540000	-0.088615
2.541000	-0.088615
2.542000	-0.079587
2.543000	-0.106671
2.544000	-0.088615
2.545000	-0.097643
2.546000	-0.097643
2.547000	-0.079587
2.548000	-0.070541
2.549000	-0.088615
2.550000	-0.079587
2.551000	-0.070541
2.552000	-0.079587
2.553000	-0.088615
2.554000	-0.079587
2.555000	-0.088615
2.556000	-0.106671
2.557000	-0.079587
2.558000	-0.070541
2.559000	-0.061513
2.560000	-0.070541
2.561000	-0.052485
2.562000	-0.052485
2.563000	-0.061513
2.564000	-0.061513
2.565000	-0.061513
2.566000	-0.061513
2.567000	-0.052485
2.568000	-0.061513
2.569000	-0.061513
2.570000	-0.052485
2.571000	-0.070541
2.572000	-0.061513
2.573000	-0.052485
2.574000	-0.061513
2.575000	-0.061513
2.576000	-0.052485
2.577000	-0.061513
2.578000	-0.061513
2.579000	-0.070541
2.580000	-0.079587
2.581000	-0.070541
2.582000	-0.079587
2.583000	-0.079587
2.584000	-0.088615
2.585000	-0.079587
2.586000	-0.070541
2.587000	-0.097643
2.588000	-0.079587
2.589000	-0.079587
2.590000	-0.088615
2.591000	-0.070541
2.592000	-0.070541
2.593000	-0.088615
2.594000	-0.070541
2.595000	-0.070541
2.596000	-0.079587
2.597000	-0.079587
2.598000	-0.079587
2.599000	-0.079587
2.600000	-0.070541
2.601000	-0.079587
2.602000	-0.079587
2.603000	-0.061513
2.604000	-0.061513
2.605000	-0.052485
2.606000	-0.061513
2.607000	-0.061513
2.608000	-0.043438
2.609000	-0.043438
2.610000	-0.052485
2.611000	-0.052485
2.612000	-0.052485
2.613000	-0.052485
2.614000	-0.043438
2.615000	-0.043438
2.616000	-0.052485
2.617000	-0.052485
2.618000	-0.061513
2.619000	-0.052485
2.620000	-0.061513
2.621000	-0.052485
2.622000	-0.061513
2.623000	-0.043438
2.624000	-0.061513
2.625000	-0.052485
2.626000	-0.079587
2.627000	-0.061513
2.628000	-0.070541
2.629000	-0.079587
2.630000	-0.070541
2.631000	-0.079587
2.632000	-0.070541
2.633000	-0.097643
2.634000	-0.088615
2.635000	-0.088615
2.636000	-0.097643
2.637000	-0.088615
2.638000	-0.097643
2.639000	-0.088615
2.640000	-0.088615
2.641000	-0.088615
2.642000	-0.079587
2.643000	-0.079587
2.644000	-0.097643
2.645000	-0.097643
2.646000	-0.088615
2.647000	-0.079587
2.648000	-0.097643
2.649000	-0.106671
2.650000	-0.088615
2.651000	-0.088615
2.652000	-0.088615
2.653000	-0.079587
2.654000	-0.079587
2.655000	-0.070541
2.656000	-0.079587
2.657000	-0.061513
2.658000	-0.070541
2.659000	-0.061513
2.660000	-0.061513
2.661000	-0.061513
2.662000	-0.061513
2.663000	-0.061513
2.664000	-0.052485
2.665000	-0.070541
2.666000	-0.061513
2.667000	-0.052485
2.668000	-0.061513
2.669000	-0.052485
2.670000	-0.043438
2.671000	-0.061513
2.672000	-0.043438
2.673000	-0.052485
2.674000	-0.034410
2.675000	-0.052485
2.676000	-0.052485
2.677000	-0.052485
2.678000	-0.052485
2.679000	-0.061513
2.680000	-0.070541
2.681000	-0.061513
2.682000	-0.061513
2.683000	-0.052485
2.684000	-0.070541
2.685000	-0.061513
2.686000	-0.061513
2.687000	-0.061513
2.688000	-0.052485
2.689000	-0.070541
2.690000	-0.070541
2.691000	-0.061513
2.692000	-0.070541
2.693000	-0.061513
2.694000	-0.070541
2.695000	-0.079587
2.696000	-0.070541
2.697000	-0.088615
2.698000	-0.088615
2.699000	-0.097643
2.700000	-0.079587
2.701000	-0.079587
2.702000	-0.079587
2.703000	-0.079587
2.704000	-0.079587
2.705000	-0.079587
2.706000	-0.079587
2.707000	-0.079587
2.708000	-0.070541
2.709000	-0.079587
2.710000	-0.070541
2.711000	-0.079587
2.712000	-0.061513
2.713000	-0.070541
2.714000	-0.052485
2.715000	-0.061513
2.716000	-0.079587
2.717000	-0.061513
2.718000	-0.061513
2.719000	-0.052485
2.720000	-0.052485
2.721000	-0.052485
2.722000	-0.052485
2.723000	-0.052485
2.724000	-0.043438
2.725000	-0.043438
2.726000	-0.052485
2.727000	-0.052485
2.728000	-0.052485
2.729000	-0.043438
2.730000	-0.043438
2.731000	-0.043438
2.732000	-0.034410
2.733000	-0.043438
2.734000	-0.052485
2.735000	-0.052485
2.736000	-0.061513
2.737000	-0.052485
2.738000	-0.070541
2.739000	-0.070541
2.740000	-0.079587
2.741000	-0.079587
2.742000	-0.079587
2.743000	-0.088615
2.744000	-0.079587
2.745000	-0.097643
2.746000	-0.097643
2.747000	-0.106671
2.748000	-0.106671
2.749000	-0.097643
2.750000	-0.106671
2.751000	-0.106671
2.752000	-0.097643
2.753000	-0.106671
2.754000	-0.106671
2.755000	-0.106671
2.756000	-0.106671
2.757000	-0.097643
2.758000	-0.097643
2.759000	-0.088615
2.760000	-0.088615
2.761000	-0.088615
2.762000	-0.088615
2.763000	-0.079587
2.764000	-0.079587
2.765000	-0.070541
2.766000	-0.061513
2.767000	-0.061513
2.768000	-0.061513
2.769000	-0.061513
2.770000	-0.061513
2.771000	-0.061513
2.772000	-0.061513
2.773000	-0.052485
2.774000	-0.043438
2.775000	-0.043438
2.776000	-0.034410
2.777000	-0.052485
2.778000	-0.043438
2.779000	-0.034410
2.780000	-0.034410
2.781000	-0.043438
2.782000	-0.052485
2.783000	-0.052485
2.784000	-0.061513
2.785000	-0.070541
2.786000	-0.061513
2.787000	-0.061513
2.788000	-0.070541
2.789000	-0.061513
2.790000	-0.079587
2.791000	-0.079587
2.792000	-0.070541
2.793000	-0.079587
2.794000	-0.088615
2.795000	-0.088615
2.796000	-0.088615
2.797000	-0.088615
2.798000	-0.088615
2.799000	-0.088615
2.800000	-0.106671
2.801000	-0.097643
2.802000	-0.079587
2.803000	-0.097643
2.804000	-0.097643
2.805000	-0.088615
2.806000	-0.088615
2.807000	-0.079587
2.808000	-0.079587
2.809000	-0.088615
2.810000	-0.070541
2.811000	-0.079587
2.812000	-0.061513
2.813000	-0.070541
2.814000	-0.070541
2.815000	-0.070541
2.816000	-0.061513
2.817000	-0.052485
2.818000	-0.052485
2.819000	-0.043438
2.820000	-0.034410
2.821000	-0.034410
2.822000	-0.025382
2.823000	-0.025382
2.824000	-0.025382
2.825000	-0.025382
2.826000	-0.016354
2.827000	-0.007308
2.828000	-0.034410
2.829000	-0.025382
2.830000	-0.016354
2.831000	-0.034410
2.832000	-0.034410
2.833000	-0.016354
2.834000	-0.034410
2.835000	-0.043438
2.836000	-0.025382
2.837000	-0.043438
2.838000	-0.052485
2.839000	-0.043438
2.840000	-0.061513
2.841000	-0.070541
2.842000	-0.052485
2.843000	-0.061513
2.844000	-0.097643
2.845000	-0.088615
2.846000	-0.079587
2.847000	-0.088615
2.848000	-0.106671
2.849000	-0.097643
2.850000	-0.106671
2.851000	-0.106671
2.852000	-0.097643
2.853000	-0.097643
2.854000	-0.124745
2.855000	-0.133773
2.856000	-0.106671
2.857000	-0.115717
2.858000	-0.115717
2.859000	-0.097643
2.860000	-0.115717
2.861000	-0.106671
2.862000	-0.079587
2.863000	-0.106671
2.864000	-0.115717
2.865000	-0.097643
2.866000	-0.088615
2.867000	-0.088615
2.868000	-0.079587
2.869000	-0.079587
2.870000	-0.052485
2.871000	-0.061513
2.872000	-0.052485
2.873000	-0.061513
2.874000	-0.070541
2.875000	-0.052485
2.876000	-0.034410
2.877000	-0.052485
2.878000	-0.052485
2.879000	-0.043438
2.880000	-0.034410
2.881000	-0.043438
2.882000	-0.043438
2.883000	-0.043438
2.884000	-0.052485
2.885000	-0.043438
2.886000	-0.052485
2.887000	-0.070541
2.888000	-0.061513
2.889000	-0.070541
2.890000	-0.079587
2.891000	-0.070541
2.892000	-0.070541
2.893000	-0.088615
2.894000	-0.079587
2.895000	-0.070541
2.896000	-0.079587
2.897000	-0.079587
2.898000	-0.079587
2.899000	-0.097643
2.900000	-0.097643
2.901000	-0.097643
2.902000	-0.106671
2.903000	-0.115717
2.904000	-0.097643
2.905000	-0.097643
2.906000	-0.097643
2.907000	-0.097643
2.908000	-0.079587
2.909000	-0.088615
2.910000	-0.115717
2.911000	-0.106671
2.912000	-0.088615
2.913000	-0.097643
2.914000	-0.079587
2.915000	-0.079587
2.916000	-0.079587
2.917000	-0.070541
2.918000	-0.061513
2.919000	-0.070541
2.920000	-0.070541
2.921000	-0.052485
2.922000	-0.052485
2.923000	-0.070541
2.924000	-0.052485
2.925000	-0.052485
2.926000	-0.052485
2.927000	-0.043438
2.928000	-0.043438
2.929000	-0.034410
2.930000	-0.043438
2.931000	-0.043438
2.932000	-0.043438
2.933000	-0.043438
2.934000	-0.043438
2.935000	-0.052485
2.936000	-0.034410
2.937000	-0.043438
2.938000	-0.043438
2.939000	-0.043438
2.940000	-0.034410
2.941000	-0.034410
2.942000	-0.043438
2.943000	-0.052485
2.944000	-0.061513
2.945000	-0.070541
2.946000	-0.061513
2.947000	-0.061513
2.948000	-0.061513
2.949000	-0.079587
2.950000	-0.070541
2.951000	-0.061513
2.952000	-0.070541
2.953000	-0.079587
2.954000	-0.061513
2.955000	-0.079587
2.956000	-0.079587
2.957000	-0.088615
2.958000	-0.079587
2.959000	-0.088615
2.960000	-0.079587
2.961000	-0.088615
2.962000	-0.070541
2.963000	-0.079587
2.964000	-0.079587
2.965000	-0.079587
2.966000	-0.079587
2.967000	-0.097643
2.968000	-0.070541
2.969000	-0.070541
2.970000	-0.070541
2.971000	-0.079587
2.972000	-0.070541
2.973000	-0.061513
2.974000	-0.070541
2.975000	-0.061513
2.976000	-0.070541
2.977000	-0.061513
2.978000	-0.061513
2.979000	-0.061513
2.980000	-0.061513
2.981000	-0.061513
2.982000	-0.061513
2.983000	-0.061513
2.984000	-0.061513
2.985000	-0.061513
2.986000	-0.061513
2.987000	-0.052485
2.988000	-0.052485
2.989000	-0.043438
2.990000	-0.052485
2.991000	-0.061513
2.992000	-0.070541
2.993000	-0.061513
2.994000	-0.061513
2.995000	-0.061513
2.996000	-0.061513
2.997000	-0.070541
2.998000	-0.079587
2.999000	-0.070541
