0.000000	0.000000
26.799999	1.450980
26.760000	1.237600
26.959999	-0.682813
27.510000	-3.286040
28.139999	-1.109570
28.950001	2.219140
29.940001	2.517870
30.959999	3.968850
31.990000	5.761230
32.950001	6.358690
34.009998	4.352930
34.860001	3.328710
35.840000	4.907710
36.689999	6.102640
37.490002	5.761230
38.299999	5.547850
39.150002	6.316020
39.840000	6.145310
40.599998	4.566310
41.369999	4.865040
42.040001	6.358690
42.590000	6.614750
43.410000	6.572070
44.049999	6.828130
44.630001	6.742770
45.320000	6.273340
46.029999	5.974610
46.720001	6.529390
47.310001	7.212210
47.410000	6.742770
48.910000	7.468260
49.750000	8.663180
50.610001	8.364450
51.279999	6.572070
52.009998	10.071500
52.619999	12.504000
52.980000	22.490101
53.230000	21.551300
53.360001	19.716200
53.360001	23.002199
53.759998	25.434799
54.009998	26.885700
54.180000	31.793501
54.439999	36.359798
54.639999	40.456600
54.779999	43.443901
54.959999	45.193699
55.130001	46.431301
55.330002	48.693100
55.509998	50.314701
55.669998	53.899502
55.869999	57.740299
56.110001	61.282398
56.270000	63.245499
56.389999	63.586899
56.590000	63.672298
56.730000	64.013702
56.810001	66.659599
56.919998	68.452003
56.990002	68.622704
57.139999	66.958298
57.150002	65.336601
57.160000	64.056297
57.209999	63.330898
57.279999	63.202801
57.270000	63.330898
57.349998	61.751900
57.290001	59.746101
57.330002	58.849899
57.369999	57.527000
57.340000	56.118698
57.369999	54.923698
57.369999	53.643501
57.349998	52.363201
57.439999	50.869499
57.389999	49.119801
57.380001	47.540798
57.410000	46.260502
57.400002	45.705799
57.459999	45.236301
57.349998	44.937599
57.450001	44.852200
57.459999	45.151001
57.459999	46.004501
57.470001	47.540798
57.400002	49.503899
57.529999	50.656200
57.590000	51.424301
57.639999	53.046001
57.680000	54.795700
57.830002	56.417400
58.169998	58.679199
58.279999	61.154400
58.270000	63.586899
58.509998	65.421997
58.820000	67.598396
58.880001	66.488899
58.919998	67.726501
59.099998	70.713799
59.320000	73.402298
59.310001	73.487701
59.419998	74.810600
59.540001	77.499199
59.639999	77.584602
59.709999	76.432297
59.750000	76.859100
59.799999	78.011299
59.849998	78.352699
59.900002	78.352699
59.950001	78.566101
59.990002	78.779503
60.009998	78.139397
