0.000000	20.678711
0.002000	18.798830
0.004000	20.678711
0.006000	22.558590
0.008000	22.558590
0.010000	22.558590
0.012000	22.558590
0.014000	22.558590
0.016000	20.678711
0.018000	18.798830
0.020000	11.279290
0.022000	13.159180
0.024000	11.279290
0.026000	11.279290
0.028000	11.279290
0.030000	16.918940
0.032000	16.918940
0.034000	16.918940
0.036000	15.039060
0.038000	9.399410
0.040000	9.399410
0.042000	3.759760
0.044000	3.759760
0.046000	5.639650
0.048000	5.639650
0.050000	13.159180
0.052000	16.918940
0.054000	18.798830
0.056000	16.918940
0.058000	13.159180
0.060000	11.279290
0.062000	9.399410
0.064000	9.399410
0.066000	7.519530
0.068000	9.399410
0.070000	11.279290
0.072000	11.279290
0.074000	13.159180
0.076000	9.399410
0.078000	7.519530
0.080000	9.399410
0.082000	5.639650
0.084000	7.519530
0.086000	5.639650
0.088000	7.519530
0.090000	7.519530
0.092000	5.639650
0.094000	5.639650
0.096000	7.519530
0.098000	9.399410
0.100000	7.519530
0.102000	5.639650
0.104000	3.759760
0.106000	5.639650
0.108000	5.639650
0.110000	5.639650
0.112000	3.759760
0.114000	5.639650
0.116000	3.759760
0.118000	5.639650
0.120000	3.759760
0.122000	7.519530
0.124000	5.639650
0.126000	7.519530
0.128000	3.759760
0.130000	3.759760
0.132000	1.879880
0.134000	1.879880
0.136000	0.000000
0.138000	0.000000
0.140000	1.879880
0.142000	0.000000
0.144000	0.000000
0.146000	-1.879880
0.148000	0.000000
0.150000	-1.879880
0.152000	0.000000
0.154000	0.000000
0.156000	1.879880
0.158000	3.759760
0.160000	3.759760
0.162000	3.759760
0.164000	3.759760
0.166000	7.519530
0.168000	1.879880
0.170000	5.639650
0.172000	5.639650
0.174000	3.759760
0.176000	3.759760
0.178000	3.759760
0.180000	3.759760
0.182000	3.759760
0.184000	3.759760
0.186000	1.879880
0.188000	5.639650
0.190000	0.000000
0.192000	3.759760
0.194000	7.519530
0.196000	0.000000
0.198000	1.879880
0.200000	1.879880
0.202000	0.000000
0.204000	1.879880
0.206000	0.000000
0.208000	5.639650
0.210000	5.639650
0.212000	5.639650
0.214000	5.639650
0.216000	-15.039060
0.218000	-3.759760
0.220000	0.000000
0.222000	0.000000
0.224000	7.519530
0.226000	9.399410
0.228000	18.798830
0.230000	7.519530
0.232000	-1.879880
0.234000	0.000000
0.236000	-9.399410
0.238000	1.879880
0.240000	-3.759760
0.242000	1.879880
0.244000	-1.879880
0.246000	1.879880
0.248000	0.000000
0.250000	-7.519530
0.252000	3.759760
0.254000	-1.879880
0.256000	11.279290
0.258000	3.759760
0.260000	7.519530
0.262000	1.879880
0.264000	-7.519530
0.266000	-3.759760
0.268000	-5.639650
0.270000	3.759760
0.272000	5.639650
0.274000	24.438480
0.276000	22.558590
0.278000	18.798830
0.280000	11.279290
0.282000	5.639650
0.284000	1.879880
0.286000	13.159180
0.288000	30.078131
0.290000	28.198240
0.292000	31.958010
0.294000	37.597660
0.296000	37.597660
0.298000	30.078131
0.300000	24.438480
0.302000	24.438480
0.304000	20.678711
0.306000	20.678711
0.308000	20.678711
0.310000	20.678711
0.312000	22.558590
0.314000	22.558590
0.316000	22.558590
0.318000	20.678711
0.320000	26.318359
0.322000	26.318359
0.324000	24.438480
0.326000	30.078131
0.328000	26.318359
0.330000	28.198240
0.332000	33.837891
0.334000	31.958010
0.336000	28.198240
0.338000	30.078131
0.340000	37.597660
0.342000	37.597660
0.344000	41.357422
0.346000	43.237309
0.348000	46.997070
0.350000	45.117191
0.352000	46.997070
0.354000	46.997070
0.356000	41.357422
0.358000	41.357422
0.360000	45.117191
0.362000	39.477539
0.364000	46.997070
0.366000	45.117191
0.368000	46.997070
0.370000	45.117191
0.372000	39.477539
0.374000	37.597660
0.376000	30.078131
0.378000	30.078131
0.380000	30.078131
0.382000	45.117191
0.384000	37.597660
0.386000	37.597660
0.388000	33.837891
0.390000	18.798830
0.392000	30.078131
0.394000	43.237309
0.396000	54.516602
0.398000	46.997070
0.400000	60.156250
0.402000	46.997070
0.404000	46.997070
0.406000	48.876949
0.408000	50.756840
0.410000	60.156250
0.412000	73.315430
0.414000	75.195312
0.416000	73.315430
0.418000	75.195312
0.420000	75.195312
0.422000	67.675781
0.424000	71.435539
0.426000	71.435539
0.428000	71.435539
0.430000	69.555656
0.432000	73.315430
0.434000	78.955078
0.436000	78.955078
0.438000	73.315430
0.440000	48.876949
0.442000	90.234383
0.444000	75.195312
0.446000	95.874023
0.448000	71.435539
0.450000	105.273438
0.452000	71.435539
0.454000	78.955078
0.456000	88.354492
0.458000	82.714844
0.460000	93.994141
0.462000	86.474609
0.464000	95.874023
0.466000	88.354492
0.468000	92.114258
0.470000	95.874023
0.472000	90.234383
0.474000	92.114258
0.476000	92.114258
0.478000	92.114258
0.480000	93.994141
0.482000	90.234383
0.484000	90.234383
0.486000	90.234383
0.488000	88.354492
0.490000	88.354492
0.492000	110.913094
0.494000	82.714844
0.496000	95.874023
0.498000	84.594727
0.500000	92.114258
0.502000	93.994141
0.504000	92.114258
0.506000	99.633789
0.508000	92.114258
0.510000	101.513672
0.512000	95.874023
0.514000	95.874023
0.516000	95.874023
0.518000	90.234383
0.520000	101.513672
0.522000	92.114258
0.524000	97.753906
0.526000	88.354492
0.528000	93.994141
0.530000	97.753906
0.532000	90.234383
0.534000	95.874023
0.536000	88.354492
0.538000	86.474609
0.540000	86.474609
0.542000	88.354492
0.544000	92.114258
0.546000	86.474609
0.548000	90.234383
0.550000	86.474609
0.552000	86.474609
0.554000	82.714844
0.556000	88.354492
0.558000	82.714844
0.560000	84.594727
0.562000	86.474609
0.564000	86.474609
0.566000	88.354492
0.568000	86.474609
0.570000	86.474609
0.572000	80.834961
0.574000	82.714844
0.576000	80.834961
0.578000	84.594727
0.580000	82.714844
0.582000	82.714844
0.584000	80.834961
0.586000	77.075188
0.588000	77.075188
0.590000	69.555656
0.592000	65.795898
0.594000	63.916012
0.596000	60.156250
0.598000	60.156250
0.600000	54.516602
0.602000	48.876949
0.604000	48.876949
0.606000	50.756840
0.608000	50.756840
0.610000	48.876949
0.612000	48.876949
0.614000	54.516602
0.616000	56.396481
0.618000	54.516602
0.620000	58.276371
0.622000	56.396481
0.624000	56.396481
0.626000	56.396481
0.628000	56.396481
0.630000	58.276371
0.632000	56.396481
0.634000	56.396481
0.636000	54.516602
0.638000	54.516602
0.640000	50.756840
0.642000	50.756840
0.644000	50.756840
0.646000	46.997070
0.648000	50.756840
0.650000	52.636719
0.652000	50.756840
0.654000	48.876949
0.656000	50.756840
0.658000	52.636719
0.660000	54.516602
0.662000	62.036129
0.664000	65.795898
0.666000	67.675781
0.668000	73.315430
0.670000	75.195312
0.672000	80.834961
0.674000	82.714844
0.676000	86.474609
0.678000	92.114258
0.680000	95.874023
0.682000	97.753906
0.684000	97.753906
0.686000	93.994141
0.688000	90.234383
0.690000	86.474609
0.692000	82.714844
0.694000	80.834961
0.696000	78.955078
0.698000	82.714844
0.700000	86.474609
0.702000	86.474609
0.704000	86.474609
0.706000	86.474609
0.708000	88.354492
0.710000	88.354492
0.712000	86.474609
0.714000	92.114258
0.716000	90.234383
0.718000	90.234383
0.720000	88.354492
0.722000	90.234383
0.724000	90.234383
0.726000	93.994141
0.728000	93.994141
0.730000	93.994141
0.732000	92.114258
0.734000	93.994141
0.736000	93.994141
0.738000	95.874023
0.740000	95.874023
0.742000	93.994141
0.744000	97.753906
0.746000	95.874023
0.748000	95.874023
0.750000	95.874023
0.752000	95.874023
0.754000	103.393562
0.756000	33.837891
0.758000	101.513672
0.760000	69.555656
0.762000	103.393562
0.764000	101.513672
0.766000	122.192383
0.768000	88.354492
0.770000	110.913094
0.772000	101.513672
0.774000	93.994141
0.776000	103.393562
0.778000	107.153320
0.780000	97.753906
0.782000	101.513672
0.784000	95.874023
0.786000	93.994141
0.788000	103.393562
0.790000	101.513672
0.792000	107.153320
0.794000	101.513672
0.796000	112.792969
0.798000	99.633789
0.800000	109.033203
0.802000	116.552727
0.804000	109.033203
0.806000	107.153320
0.808000	103.393562
0.810000	105.273438
0.812000	101.513672
0.814000	101.513672
0.816000	107.153320
0.818000	107.153320
0.820000	109.033203
0.822000	110.913094
0.824000	105.273438
0.826000	107.153320
0.828000	105.273438
0.830000	109.033203
0.832000	105.273438
0.834000	112.792969
0.836000	107.153320
0.838000	112.792969
0.840000	112.792969
0.842000	110.913094
0.844000	110.913094
0.846000	110.913094
0.848000	112.792969
0.850000	116.552727
0.852000	116.552727
0.854000	116.552727
0.856000	114.672852
0.858000	116.552727
0.860000	120.312500
0.862000	118.432617
0.864000	122.192383
0.866000	116.552727
0.868000	118.432617
0.870000	114.672852
0.872000	114.672852
0.874000	114.672852
0.876000	112.792969
0.878000	112.792969
0.880000	114.672852
0.882000	116.552727
0.884000	116.552727
0.886000	116.552727
0.888000	114.672852
0.890000	112.792969
0.892000	116.552727
0.894000	116.552727
