0.000000	0.041110
0.002000	0.000000
0.004000	-0.020560
0.006000	-0.020560
0.008000	0.000000
0.010000	0.041110
0.012000	0.061670
0.014000	0.061670
0.016000	0.041110
0.018000	0.000000
0.020000	-0.020560
0.022000	-0.041110
0.024000	0.000000
0.026000	0.020560
0.028000	0.041110
0.030000	0.082230
0.032000	0.082230
0.034000	0.061670
0.036000	0.041110
0.038000	0.041110
0.040000	0.041110
0.042000	0.082230
0.044000	0.102780
0.046000	0.123340
0.048000	0.123340
0.050000	1.130620
0.052000	0.904490
0.054000	0.719480
0.056000	0.575590
0.058000	0.472800
0.060000	0.411130
0.062000	0.370020
0.064000	0.328910
0.066000	0.246680
0.068000	0.205570
0.070000	0.164450
0.072000	0.123340
0.074000	0.123340
0.076000	0.143900
0.078000	0.185010
0.080000	0.185010
0.082000	0.164450
0.084000	0.164450
0.086000	0.123340
0.088000	0.123340
0.090000	0.123340
0.092000	0.164450
0.094000	0.205570
0.096000	0.205570
0.098000	0.205570
0.100000	0.185010
0.102000	0.143900
0.104000	0.123340
0.106000	0.123340
0.108000	0.123340
0.110000	0.143900
0.112000	0.164450
0.114000	0.164450
0.116000	0.143900
0.118000	0.082230
0.120000	0.041110
0.122000	0.041110
0.124000	0.041110
0.126000	0.061670
0.128000	0.082230
0.130000	0.102780
0.132000	0.082230
0.134000	0.041110
0.136000	0.000000
0.138000	0.000000
0.140000	0.000000
0.142000	0.020560
0.144000	0.041110
0.146000	0.082230
0.148000	0.082230
0.150000	0.061670
0.152000	0.041110
0.154000	0.020560
0.156000	0.020560
0.158000	0.061670
0.160000	0.102780
0.162000	0.123340
0.164000	0.143900
0.166000	0.143900
0.168000	0.123340
0.170000	0.082230
0.172000	0.082230
0.174000	0.082230
0.176000	0.123340
0.178000	0.143900
0.180000	0.164450
0.182000	0.143900
0.184000	0.123340
0.186000	0.082230
0.188000	0.061670
0.190000	0.061670
0.192000	0.082230
0.194000	0.123340
0.196000	0.123340
0.198000	0.102780
0.200000	0.082230
0.202000	0.041110
0.204000	0.020560
0.206000	0.020560
0.208000	0.020560
0.210000	0.061670
0.212000	0.061670
0.214000	0.082230
0.216000	0.082230
0.218000	-0.041110
0.220000	0.020560
0.222000	0.082230
0.224000	0.082230
0.226000	0.143900
0.228000	0.185010
0.230000	0.205570
0.232000	0.226120
0.234000	0.185010
0.236000	0.143900
0.238000	0.123340
0.240000	0.102780
0.242000	0.102780
0.244000	0.143900
0.246000	0.143900
0.248000	0.143900
0.250000	0.082230
0.252000	0.041110
0.254000	0.041110
0.256000	0.041110
0.258000	0.061670
0.260000	0.102780
0.262000	0.102780
0.264000	0.102780
0.266000	0.102780
0.268000	0.041110
0.270000	0.000000
0.272000	-0.020560
0.274000	0.000000
0.276000	0.041110
0.278000	0.041110
0.280000	0.061670
0.282000	0.061670
0.284000	0.020560
0.286000	-0.020560
0.288000	-0.041110
0.290000	-0.061670
0.292000	-0.020560
0.294000	0.020560
0.296000	0.061670
0.298000	0.041110
0.300000	0.000000
0.302000	0.000000
0.304000	-0.061670
0.306000	-0.061670
0.308000	-0.041110
0.310000	0.000000
0.312000	0.020560
0.314000	0.041110
0.316000	0.020560
0.318000	-0.041110
0.320000	-0.061670
0.322000	-0.102780
0.324000	-0.061670
0.326000	-0.020560
0.328000	0.020560
0.330000	0.041110
0.332000	0.020560
0.334000	-0.020560
0.336000	-0.061670
0.338000	-0.082230
0.340000	-0.102780
0.342000	-0.082230
0.344000	-0.061670
0.346000	-0.041110
0.348000	-0.041110
0.350000	-0.082230
0.352000	-0.102780
0.354000	-0.164450
0.356000	-0.185010
0.358000	-0.185010
0.360000	-0.164450
0.362000	-0.164450
0.364000	-0.164450
0.366000	-0.205570
0.368000	-0.267240
0.370000	-0.287790
0.372000	-0.308350
0.374000	-0.287790
0.376000	-0.246680
0.378000	-0.226120
0.380000	-0.205570
0.382000	-0.246680
0.384000	-0.246680
0.386000	-0.308350
0.388000	-0.287790
0.390000	-0.287790
0.392000	-0.246680
0.394000	-0.205570
0.396000	-0.164450
0.398000	-0.143900
0.400000	-0.143900
0.402000	-0.164450
0.404000	-0.185010
0.406000	-0.164450
0.408000	-0.143900
0.410000	-0.123340
0.412000	-0.082230
0.414000	-0.082230
0.416000	-0.123340
0.418000	-0.143900
0.420000	-0.205570
0.422000	-0.246680
0.424000	-0.246680
0.426000	-0.246680
0.428000	-0.205570
0.430000	-0.246680
0.432000	-0.267240
0.434000	-0.308350
0.436000	-0.349460
0.438000	-0.390580
0.440000	-0.431690
0.442000	-0.390580
0.444000	-0.328910
0.446000	-0.308350
0.448000	-0.246680
0.450000	-0.308350
0.452000	-0.308350
0.454000	-0.370020
0.456000	-0.328910
0.458000	-0.308350
0.460000	-0.308350
0.462000	-0.267240
0.464000	-0.246680
0.466000	-0.267240
0.468000	-0.308350
0.470000	-0.328910
0.472000	-0.328910
0.474000	-0.308350
0.476000	-0.287790
0.478000	-0.267240
0.480000	-0.246680
0.482000	-0.267240
0.484000	-0.287790
0.486000	-0.328910
0.488000	-0.349460
0.490000	-0.370020
0.492000	-0.370020
0.494000	-0.370020
0.496000	-0.370020
0.498000	-0.411130
0.500000	-0.431690
0.502000	-0.513920
0.504000	-0.513920
0.506000	-0.493360
0.508000	-0.452250
0.510000	-0.390580
0.512000	-0.328910
0.514000	-0.328910
0.516000	-0.370020
0.518000	-0.390580
0.520000	-0.431690
0.522000	-0.472800
0.524000	-0.452250
0.526000	-0.411130
0.528000	-0.390580
0.530000	-0.370020
0.532000	-0.390580
0.534000	-0.390580
0.536000	-0.431690
0.538000	-0.431690
0.540000	-0.431690
0.542000	-0.390580
0.544000	-0.349460
0.546000	-0.328910
0.548000	-0.349460
0.550000	-0.370020
0.552000	-0.411130
0.554000	-1.459520
0.556000	-1.274510
0.558000	-1.068950
0.560000	-0.904490
0.562000	-0.781150
0.564000	-0.698930
0.566000	-0.657810
0.568000	-0.637260
0.570000	-0.616700
0.572000	-0.616700
0.574000	-0.575590
0.576000	-0.555030
0.578000	-0.493360
0.580000	-0.513920
0.582000	-0.513920
0.584000	-0.555030
0.586000	-0.596140
0.588000	-0.596140
0.590000	-0.575590
0.592000	-0.555030
0.594000	-0.493360
0.596000	-0.472800
0.598000	-0.493360
0.600000	-0.493360
0.602000	-0.534470
0.604000	-0.555030
0.606000	-0.555030
0.608000	-0.534470
0.610000	-0.493360
0.612000	-0.472800
0.614000	-0.452250
0.616000	-0.472800
0.618000	-0.472800
0.620000	-0.493360
0.622000	-0.472800
0.624000	-0.472800
0.626000	-0.411130
0.628000	-0.390580
0.630000	-0.370020
0.632000	-0.370020
0.634000	-0.390580
0.636000	-0.411130
0.638000	-0.411130
0.640000	-0.411130
0.642000	-0.370020
0.644000	-0.328910
0.646000	-0.328910
0.648000	-0.328910
0.650000	-0.370020
0.652000	-0.390580
0.654000	-0.411130
0.656000	-0.411130
0.658000	-0.411130
0.660000	-0.370020
0.662000	-0.349460
0.664000	-0.328910
0.666000	-0.349460
0.668000	-0.370020
0.670000	-0.370020
0.672000	-0.370020
0.674000	-0.349460
0.676000	-0.287790
0.678000	-0.267240
0.680000	-0.246680
0.682000	-0.246680
0.684000	-0.267240
0.686000	-0.308350
0.688000	-0.328910
0.690000	-0.328910
0.692000	-0.308350
0.694000	-0.287790
0.696000	-0.267240
0.698000	-0.267240
0.700000	-0.308350
0.702000	-0.349460
0.704000	-0.370020
0.706000	-0.390580
0.708000	-0.370020
0.710000	-0.328910
0.712000	-0.328910
0.714000	-0.328910
0.716000	-0.349460
0.718000	-0.390580
0.720000	-0.411130
0.722000	-0.431690
0.724000	-0.390580
0.726000	-0.370020
0.728000	-0.328910
0.730000	-0.328910
0.732000	-0.328910
0.734000	-0.349460
0.736000	-0.390580
0.738000	-0.390580
0.740000	-0.390580
0.742000	-0.349460
0.744000	-0.308350
0.746000	-0.308350
0.748000	-0.287790
0.750000	-0.328910
0.752000	-0.370020
0.754000	-0.370020
0.756000	-0.452250
0.758000	-0.349460
0.760000	-0.328910
0.762000	-0.287790
0.764000	-0.308350
0.766000	-0.267240
0.768000	-0.308350
0.770000	-0.411130
0.772000	-0.390580
0.774000	-0.370020
0.776000	-0.452250
0.778000	-0.390580
0.780000	-0.390580
0.782000	-0.411130
0.784000	-0.452250
0.786000	-0.452250
0.788000	-0.472800
0.790000	-0.472800
0.792000	-0.452250
0.794000	-0.411130
0.796000	-0.411130
0.798000	-0.411130
0.800000	-0.411130
0.802000	-0.452250
0.804000	-0.472800
0.806000	-0.452250
0.808000	-0.452250
0.810000	-0.390580
0.812000	-0.390580
0.814000	-0.370020
0.816000	-0.411130
0.818000	-0.431690
0.820000	-0.452250
0.822000	-0.452250
0.824000	-0.431690
0.826000	-0.390580
0.828000	-0.370020
0.830000	-0.370020
0.832000	-0.370020
0.834000	-0.411130
0.836000	-0.431690
0.838000	-0.472800
0.840000	-0.472800
0.842000	-0.452250
0.844000	-0.411130
0.846000	-0.411130
0.848000	-0.411130
0.850000	-0.472800
0.852000	-0.513920
0.854000	-0.534470
0.856000	-0.555030
0.858000	-0.555030
0.860000	-0.513920
0.862000	-0.493360
0.864000	-0.493360
0.866000	-0.534470
0.868000	-0.555030
0.870000	-0.575590
0.872000	-0.575590
0.874000	-0.534470
0.876000	-0.513920
0.878000	-0.472800
0.880000	-0.452250
0.882000	-0.472800
0.884000	-0.493360
0.886000	-0.513920
0.888000	-0.534470
0.890000	-0.534470
0.892000	-0.493360
0.894000	-0.452250
