0.000000	0.000000
-23.240000	-3.218160
-23.240000	-3.260840
-23.250000	-3.260840
-23.240000	-3.260840
-23.240000	-3.090140
-23.250000	-3.004780
-23.270000	-2.364650
-23.360001	-0.145507
-23.650000	-1.980570
-24.190001	-8.467280
-24.780001	-10.558400
-25.360001	-9.790230
-25.920000	-9.832910
-26.500000	-11.454600
-27.049999	-12.137400
-27.570000	-12.222800
-28.070000	-12.222800
-28.490000	-12.777500
-28.940001	-13.588400
-29.330000	-14.697900
-29.740000	-13.887100
-30.150000	-14.612600
-30.540001	-15.210100
-30.950001	-16.362301
-31.350000	-16.917101
-31.750000	-17.386499
-31.740000	-18.197399
-32.490002	-18.794825
-32.869999	-18.709473
-33.299999	-19.520311
-33.730000	-21.312695
-34.160000	-23.147753
-34.570000	-23.830601
-35.000000	-24.684099
-34.990002	-25.494900
-35.799999	-25.793699
-36.259998	-26.433800
-36.759998	-27.927401
-37.279999	-30.018600
-37.810001	-32.195000
-38.279999	-33.091202
-38.779999	-33.432598
-39.240002	-34.286098
-39.740002	-34.456799
-40.320000	-32.536400
-41.009998	-31.469500
-41.750000	-32.280399
-42.560001	-28.354200
-43.529999	-26.135099
-44.500000	-28.652901
-45.410000	-30.872101
-46.299999	-30.573299
-47.070000	-30.061199
-47.770000	-29.335699
-48.410000	-29.677099
-49.040001	-29.634501
-49.730000	-28.524900
-50.360001	-29.122400
-51.000000	-29.250401
-51.619999	-22.635599
-53.340000	17.479601
-56.580002	25.118601
-60.430000	-13.076300
-63.669998	-18.922899
