0.000000	0.970660
0.001000	0.970660
0.002000	0.970660
0.003000	1.776330
0.004000	0.970660
0.005000	0.165000
0.006000	0.970660
0.007000	1.776330
0.008000	0.970660
0.009000	0.970660
0.010000	0.970660
0.011000	0.970660
0.012000	-0.640660
0.013000	0.970660
0.014000	0.165000
0.015000	1.776330
0.016000	0.970660
0.017000	0.165000
0.018000	0.970660
0.019000	0.970660
0.020000	0.970660
0.021000	1.776330
0.022000	0.165000
0.023000	0.165000
0.024000	0.165000
0.025000	0.970660
0.026000	0.970660
0.027000	0.970660
0.028000	0.970660
0.029000	0.970660
0.030000	1.776330
0.031000	1.776330
0.032000	1.776330
0.033000	1.776330
0.034000	0.970660
0.035000	0.970660
0.036000	1.776330
0.037000	1.776330
0.038000	1.776330
0.039000	0.970660
0.040000	0.970660
0.041000	0.970660
0.042000	0.970660
0.043000	0.165000
0.044000	1.776330
0.045000	1.776330
0.046000	0.970660
0.047000	2.581990
0.048000	2.581990
0.049000	2.581990
0.050000	3.387660
0.051000	3.387660
0.052000	3.387660
0.053000	4.998980
0.054000	7.415980
0.055000	10.638600
0.056000	13.861300
0.057000	16.278299
0.058000	19.500900
0.059000	21.112301
0.060000	23.529301
0.061000	23.529301
0.062000	23.529301
0.063000	21.112301
0.064000	18.695299
0.065000	16.278299
0.066000	13.861300
0.067000	9.832970
0.068000	7.415980
0.069000	4.193320
0.070000	3.387660
0.071000	0.165000
0.072000	0.165000
0.073000	-1.446330
0.074000	-2.251990
0.075000	-3.057660
0.076000	-3.057660
0.077000	-3.057660
0.078000	-4.668980
0.079000	-4.668980
0.080000	-5.474650
0.081000	-4.668980
0.082000	-3.863320
0.083000	-1.446330
0.084000	-1.446330
0.085000	-3.057660
0.086000	-3.057660
0.087000	-3.057660
0.088000	-2.251990
0.089000	-0.640660
0.090000	0.165000
0.091000	-0.640660
0.092000	-1.446330
0.093000	0.970660
0.094000	1.776330
0.095000	4.193320
0.096000	4.193320
0.097000	3.387660
0.098000	3.387660
0.099000	4.193320
0.100000	5.804650
0.101000	5.804650
0.102000	4.998980
0.103000	2.581990
0.104000	0.165000
0.105000	-0.640660
0.106000	-0.640660
0.107000	1.776330
0.108000	4.193320
0.109000	4.998980
0.110000	4.193320
0.111000	3.387660
0.112000	6.610310
0.113000	8.221640
0.114000	8.221640
0.115000	8.221640
0.116000	7.415980
0.117000	7.415980
0.118000	9.832970
0.119000	9.832970
0.120000	10.638600
0.121000	11.444300
0.122000	9.832970
0.123000	10.638600
0.124000	10.638600
0.125000	9.832970
0.126000	9.832970
0.127000	9.832970
0.128000	11.444300
0.129000	13.861300
0.130000	15.472600
0.131000	14.667000
0.132000	12.250000
0.133000	10.638600
0.134000	11.444300
0.135000	13.861300
0.136000	13.055600
0.137000	9.832970
0.138000	7.415980
0.139000	9.027310
0.140000	10.638600
0.141000	11.444300
0.142000	11.444300
0.143000	10.638600
0.144000	10.638600
0.145000	11.444300
0.146000	10.638600
0.147000	9.832970
0.148000	9.832970
0.149000	9.027310
0.150000	9.027310
0.151000	9.027310
0.152000	9.027310
0.153000	9.832970
0.154000	9.832970
0.155000	11.444300
0.156000	13.055600
0.157000	11.444300
0.158000	12.250000
0.159000	15.472600
0.160000	17.889601
0.161000	20.306601
0.162000	18.695299
0.163000	19.500900
0.164000	17.083900
0.165000	17.083900
0.166000	17.889601
0.167000	18.695299
0.168000	17.889601
0.169000	17.889601
0.170000	16.278299
0.171000	16.278299
0.172000	18.695299
0.173000	19.500900
0.174000	19.500900
0.175000	17.889601
0.176000	17.083900
0.177000	17.889601
0.178000	17.083900
0.179000	17.889601
0.180000	17.889601
0.181000	17.083900
0.182000	17.083900
0.183000	17.083900
0.184000	16.278299
0.185000	15.472600
0.186000	15.472600
0.187000	14.667000
0.188000	14.667000
0.189000	13.055600
0.190000	13.055600
0.191000	12.250000
0.192000	13.861300
0.193000	15.472600
0.194000	15.472600
0.195000	15.472600
0.196000	13.861300
0.197000	13.861300
0.198000	13.861300
0.199000	14.667000
0.200000	14.667000
0.201000	16.278299
0.202000	14.667000
0.203000	14.667000
0.204000	13.861300
0.205000	13.055600
0.206000	14.667000
0.207000	14.667000
0.208000	14.667000
0.209000	13.861300
0.210000	14.667000
0.211000	13.861300
0.212000	13.861300
0.213000	15.472600
0.214000	16.278299
0.215000	16.278299
0.216000	15.472600
0.217000	15.472600
0.218000	14.667000
0.219000	15.472600
0.220000	17.083900
0.221000	17.083900
0.222000	17.889601
0.223000	17.083900
0.224000	17.083900
0.225000	18.695299
0.226000	19.500900
0.227000	21.112301
0.228000	20.306601
0.229000	20.306601
0.230000	18.695299
0.231000	18.695299
0.232000	20.306601
0.233000	21.112301
0.234000	19.500900
0.235000	19.500900
0.236000	17.083900
0.237000	15.472600
0.238000	15.472600
0.239000	14.667000
0.240000	14.667000
0.241000	15.472600
0.242000	13.861300
0.243000	11.444300
0.244000	11.444300
0.245000	9.832970
0.246000	9.027310
0.247000	9.832970
0.248000	9.832970
0.249000	9.832970
0.250000	9.027310
0.251000	7.415980
0.252000	9.027310
0.253000	9.027310
0.254000	9.027310
0.255000	9.832970
0.256000	9.832970
0.257000	9.832970
0.258000	10.638600
0.259000	8.221640
0.260000	9.027310
0.261000	9.832970
0.262000	8.221640
0.263000	9.027310
0.264000	8.221640
0.265000	8.221640
0.266000	8.221640
0.267000	8.221640
0.268000	9.027310
0.269000	9.832970
0.270000	9.832970
0.271000	8.221640
0.272000	8.221640
0.273000	8.221640
0.274000	9.027310
0.275000	9.027310
0.276000	8.221640
0.277000	9.832970
0.278000	9.027310
0.279000	9.832970
0.280000	9.832970
0.281000	8.221640
0.282000	9.832970
0.283000	9.832970
0.284000	10.638600
0.285000	9.027310
0.286000	9.027310
0.287000	10.638600
0.288000	9.027310
0.289000	8.221640
0.290000	8.221640
0.291000	9.027310
0.292000	9.027310
0.293000	9.832970
0.294000	8.221640
0.295000	4.998980
0.296000	4.998980
0.297000	5.804650
0.298000	5.804650
0.299000	5.804650
0.300000	4.998980
0.301000	5.804650
0.302000	4.193320
0.303000	3.387660
0.304000	0.970660
0.305000	0.970660
0.306000	0.970660
0.307000	0.165000
0.308000	-0.640660
0.309000	-1.446330
0.310000	-3.863320
0.311000	-3.057660
0.312000	-3.057660
0.313000	-3.863320
0.314000	-3.057660
0.315000	-4.668980
0.316000	-3.863320
0.317000	-4.668980
0.318000	-5.474650
0.319000	-4.668980
0.320000	-4.668980
0.321000	-4.668980
0.322000	-3.057660
0.323000	-3.863320
0.324000	-4.668980
0.325000	-3.863320
0.326000	-3.863320
0.327000	-3.057660
0.328000	-3.057660
0.329000	-3.057660
0.330000	-3.057660
0.331000	-2.251990
0.332000	-4.668980
0.333000	-3.057660
0.334000	-3.057660
0.335000	-4.668980
0.336000	-3.863320
0.337000	-7.085980
0.338000	-6.280310
0.339000	-6.280310
0.340000	-4.668980
0.341000	-5.474650
0.342000	-15.142600
0.343000	-15.948300
0.344000	-10.308600
0.345000	-6.280310
0.346000	-5.474650
0.347000	-10.308600
0.348000	-10.308600
0.349000	-13.531300
0.350000	-11.114300
0.351000	-8.697310
0.352000	-6.280310
0.353000	-4.668980
0.354000	-2.251990
0.355000	-3.057660
0.356000	-3.057660
0.357000	-3.863320
0.358000	-3.057660
0.359000	-2.251990
0.360000	-2.251990
0.361000	-1.446330
0.362000	-3.057660
0.363000	-5.474650
0.364000	-7.891640
0.365000	-12.725600
0.366000	-13.531300
0.367000	-12.725600
0.368000	-16.753901
0.369000	-24.810600
0.370000	-28.033199
0.371000	-22.393600
0.372000	-15.948300
0.373000	-12.725600
0.374000	-10.308600
0.375000	-11.920000
0.376000	-13.531300
0.377000	-10.308600
0.378000	-1.446330
0.379000	4.998980
0.380000	11.444300
0.381000	10.638600
0.382000	4.193320
0.383000	-3.057660
0.384000	-11.114300
0.385000	-6.280310
0.386000	0.970660
0.387000	9.832970
0.388000	11.444300
0.389000	4.193320
0.390000	-7.085980
0.391000	-11.920000
0.392000	-9.502970
0.393000	-7.085980
0.394000	-6.280310
0.395000	-4.668980
0.396000	-7.891640
0.397000	-14.337000
0.398000	-19.170900
0.399000	-19.976601
0.400000	-15.948300
0.401000	-11.114300
0.402000	-9.502970
0.403000	-10.308600
0.404000	-13.531300
0.405000	-15.948300
0.406000	-15.142600
0.407000	-14.337000
0.408000	-11.920000
0.409000	-8.697310
0.410000	-7.891640
0.411000	-8.697310
0.412000	-12.725600
0.413000	-17.559601
0.414000	-18.365299
0.415000	-16.753901
0.416000	-14.337000
0.417000	-9.502970
0.418000	-9.502970
0.419000	-10.308600
0.420000	-10.308600
0.421000	-12.725600
0.422000	-12.725600
0.423000	-10.308600
0.424000	-7.891640
0.425000	-8.697310
0.426000	-8.697310
0.427000	-9.502970
0.428000	-13.531300
0.429000	-14.337000
0.430000	-14.337000
0.431000	-11.920000
0.432000	-11.920000
0.433000	-12.725600
0.434000	-14.337000
0.435000	-15.948300
0.436000	-15.948300
0.437000	-15.948300
0.438000	-15.142600
0.439000	-15.948300
0.440000	-14.337000
0.441000	-12.725600
0.442000	-11.920000
0.443000	-8.697310
0.444000	-7.891640
0.445000	-6.280310
0.446000	-5.474650
0.447000	-5.474650
0.448000	-7.085980
0.449000	-7.085980
0.450000	-7.085980
0.451000	-5.474650
0.452000	-6.280310
0.453000	-5.474650
0.454000	-6.280310
0.455000	-8.697310
0.456000	-7.891640
0.457000	-8.697310
0.458000	-9.502970
0.459000	-10.308600
0.460000	-10.308600
0.461000	-10.308600
0.462000	-11.920000
0.463000	-12.725600
0.464000	-12.725600
0.465000	-12.725600
0.466000	-12.725600
0.467000	-14.337000
0.468000	-9.502970
0.469000	-26.421900
0.470000	-31.255899
0.471000	-98.125999
0.472000	-187.554993
0.473000	-172.246994
0.474000	-109.404999
0.475000	-19.976601
0.476000	11.444300
0.477000	-0.640660
0.478000	-44.146500
0.479000	-21.587900
0.480000	17.889601
0.481000	77.508797
0.482000	104.096001
0.483000	133.904999
0.484000	132.294006
0.485000	125.848999
0.486000	128.266006
0.487000	121.820000
0.488000	122.625999
0.489000	100.067001
0.490000	87.982399
0.491000	57.367199
0.492000	11.444300
0.493000	-11.920000
0.494000	-3.057660
0.495000	-11.920000
0.496000	-53.008801
0.497000	-85.235397
0.498000	-98.931702
0.499000	-82.012703
0.500000	-71.539101
0.501000	-65.899498
0.502000	-73.150398
0.503000	-82.012703
0.504000	-85.235397
0.505000	-73.956100
0.506000	-69.927803
0.507000	-60.259800
0.508000	-40.923901
0.509000	-11.920000
0.510000	11.444300
0.511000	21.917900
0.512000	42.059502
