0.000000	14.993900
0.001000	16.873800
0.002000	14.993900
0.003000	14.993900
0.004000	13.114100
0.005000	14.993900
0.006000	13.114100
0.007000	14.993900
0.008000	14.993900
0.009000	14.993900
0.010000	16.873800
0.011000	14.993900
0.012000	14.993900
0.013000	14.993900
0.014000	16.873800
0.015000	14.993900
0.016000	11.234200
0.017000	14.993900
0.018000	14.993900
0.019000	13.114100
0.020000	13.114100
0.021000	13.114100
0.022000	14.993900
0.023000	13.114100
0.024000	13.114100
0.025000	13.114100
0.026000	14.993900
0.027000	11.234200
0.028000	13.114100
0.029000	13.114100
0.030000	13.114100
0.031000	13.114100
0.032000	13.114100
0.033000	11.234200
0.034000	13.114100
0.035000	13.114100
0.036000	11.234200
0.037000	9.354290
0.038000	11.234200
0.039000	11.234200
0.040000	11.234200
0.041000	13.114100
0.042000	11.234200
0.043000	11.234200
0.044000	11.234200
0.045000	11.234200
0.046000	7.474410
0.047000	5.594530
0.048000	5.594530
0.049000	1.834760
0.050000	-0.045120
0.051000	1.834760
0.052000	-1.925000
0.053000	-1.925000
0.054000	1.834760
0.055000	-0.045120
0.056000	3.714650
0.057000	5.594530
0.058000	7.474410
0.059000	7.474410
0.060000	13.114100
0.061000	13.114100
0.062000	13.114100
0.063000	11.234200
0.064000	13.114100
0.065000	11.234200
0.066000	9.354290
0.067000	11.234200
0.068000	11.234200
0.069000	11.234200
0.070000	9.354290
0.071000	9.354290
0.072000	13.114100
0.073000	11.234200
0.074000	9.354290
0.075000	9.354290
0.076000	7.474410
0.077000	7.474410
0.078000	9.354290
0.079000	13.114100
0.080000	9.354290
0.081000	11.234200
0.082000	11.234200
0.083000	11.234200
0.084000	11.234200
0.085000	13.114100
0.086000	11.234200
0.087000	7.474410
0.088000	5.594530
0.089000	-0.045120
0.090000	-1.925000
0.091000	-1.925000
0.092000	-0.045120
0.093000	-0.045120
0.094000	-3.804880
0.095000	-3.804880
0.096000	-1.925000
0.097000	-0.045120
0.098000	5.594530
0.099000	7.474410
0.100000	5.594530
0.101000	3.714650
0.102000	1.834760
0.103000	1.834760
0.104000	-1.925000
0.105000	-0.045120
0.106000	-1.925000
0.107000	-5.684760
0.108000	-5.684760
0.109000	-3.804880
0.110000	-0.045120
0.111000	1.834760
0.112000	3.714650
0.113000	1.834760
0.114000	3.714650
0.115000	5.594530
0.116000	5.594530
0.117000	5.594530
0.118000	3.714650
0.119000	1.834760
0.120000	1.834760
0.121000	1.834760
0.122000	1.834760
0.123000	-0.045120
0.124000	1.834760
0.125000	1.834760
0.126000	-0.045120
0.127000	3.714650
0.128000	1.834760
0.129000	-1.925000
0.130000	-0.045120
0.131000	-1.925000
0.132000	-1.925000
0.133000	-5.684760
0.134000	-3.804880
0.135000	-5.684760
0.136000	-5.684760
0.137000	-7.564650
0.138000	-5.684760
0.139000	-7.564650
0.140000	-9.444530
0.141000	-11.324400
0.142000	-9.444530
0.143000	-5.684760
0.144000	-5.684760
0.145000	-7.564650
0.146000	-5.684760
0.147000	-7.564650
0.148000	-3.804880
0.149000	-5.684760
0.150000	-5.684760
0.151000	-5.684760
0.152000	-1.925000
0.153000	-5.684760
0.154000	-3.804880
0.155000	-5.684760
0.156000	-7.564650
0.157000	-5.684760
0.158000	-7.564650
0.159000	-3.804880
0.160000	-7.564650
0.161000	-7.564650
0.162000	-5.684760
0.163000	-5.684760
0.164000	-5.684760
0.165000	-5.684760
0.166000	-5.684760
0.167000	-3.804880
0.168000	-3.804880
0.169000	-3.804880
0.170000	-0.045120
0.171000	-1.925000
0.172000	-1.925000
0.173000	-3.804880
0.174000	-3.804880
0.175000	-3.804880
0.176000	-5.684760
0.177000	-3.804880
0.178000	-5.684760
0.179000	-5.684760
0.180000	-3.804880
0.181000	-5.684760
0.182000	-7.564650
0.183000	-7.564650
0.184000	-5.684760
0.185000	-5.684760
0.186000	-7.564650
0.187000	-7.564650
0.188000	-9.444530
0.189000	-11.324400
0.190000	-9.444530
0.191000	-7.564650
0.192000	-9.444530
0.193000	-11.324400
0.194000	-9.444530
0.195000	-13.204300
0.196000	-9.444530
0.197000	-11.324400
0.198000	-11.324400
0.199000	-7.564650
0.200000	-11.324400
0.201000	-7.564650
0.202000	-5.684760
0.203000	-5.684760
0.204000	-5.684760
0.205000	-7.564650
0.206000	-9.444530
0.207000	-7.564650
0.208000	-7.564650
0.209000	-9.444530
0.210000	-5.684760
0.211000	-9.444530
0.212000	-9.444530
0.213000	-11.324400
0.214000	-9.444530
0.215000	-11.324400
0.216000	-9.444530
0.217000	-13.204300
0.218000	-11.324400
0.219000	-13.204300
0.220000	-11.324400
0.221000	-9.444530
0.222000	-9.444530
0.223000	-9.444530
0.224000	-11.324400
0.225000	-11.324400
0.226000	-9.444530
0.227000	-7.564650
0.228000	-7.564650
0.229000	-9.444530
0.230000	-7.564650
0.231000	-5.684760
0.232000	-5.684760
0.233000	-7.564650
0.234000	-9.444530
0.235000	-7.564650
0.236000	-9.444530
0.237000	-7.564650
0.238000	-7.564650
0.239000	-9.444530
0.240000	-11.324400
0.241000	-13.204300
0.242000	-13.204300
0.243000	-15.084200
0.244000	-15.084200
0.245000	-13.204300
0.246000	-13.204300
0.247000	-13.204300
0.248000	-15.084200
0.249000	-15.084200
0.250000	-11.324400
0.251000	-15.084200
0.252000	-11.324400
0.253000	-13.204300
0.254000	-13.204300
0.255000	-13.204300
0.256000	-11.324400
0.257000	-11.324400
0.258000	-13.204300
0.259000	-13.204300
0.260000	-9.444530
0.261000	-13.204300
0.262000	-15.084200
0.263000	-13.204300
0.264000	-13.204300
0.265000	-13.204300
0.266000	-11.324400
0.267000	-15.084200
0.268000	-15.084200
0.269000	-13.204300
0.270000	-13.204300
0.271000	-9.444530
0.272000	-13.204300
0.273000	-11.324400
0.274000	-15.084200
0.275000	-15.084200
0.276000	-15.084200
0.277000	-16.964100
0.278000	-16.964100
0.279000	-20.723801
0.280000	-18.843901
0.281000	-16.964100
0.282000	-16.964100
0.283000	-18.843901
0.284000	-18.843901
0.285000	-16.964100
0.286000	-16.964100
0.287000	-15.084200
0.288000	-15.084200
0.289000	-20.723801
0.290000	-16.964100
0.291000	-16.964100
0.292000	-20.723801
0.293000	-16.964100
0.294000	-16.964100
0.295000	-16.964100
0.296000	-16.964100
0.297000	-18.843901
0.298000	-18.843901
0.299000	-22.603701
0.300000	-22.603701
0.301000	-22.603701
0.302000	-20.723801
0.303000	-24.483601
0.304000	-24.483601
0.305000	-22.603701
0.306000	-20.723801
0.307000	-22.603701
0.308000	-24.483601
0.309000	-24.483601
0.310000	-24.483601
0.311000	-20.723801
0.312000	-22.603701
0.313000	-24.483601
0.314000	-24.483601
0.315000	-24.483601
0.316000	-24.483601
0.317000	-26.363501
0.318000	-26.363501
0.319000	-24.483601
0.320000	-28.243401
0.321000	-28.243401
0.322000	-26.363501
0.323000	-26.363501
0.324000	-24.483601
0.325000	-26.363501
0.326000	-24.483601
0.327000	-24.483601
0.328000	-24.483601
0.329000	-26.363501
0.330000	-24.483601
0.331000	-24.483601
0.332000	-22.603701
0.333000	-24.483601
0.334000	-22.603701
0.335000	-20.723801
0.336000	-16.964100
0.337000	-24.483601
0.338000	-26.363501
0.339000	-28.243401
0.340000	-20.723801
0.341000	-9.444530
0.342000	-30.123199
0.343000	-26.363501
0.344000	-16.964100
0.345000	-20.723801
0.346000	-30.123199
0.347000	-39.522701
0.348000	-26.363501
0.349000	-26.363501
0.350000	-28.243401
0.351000	-26.363501
0.352000	-30.123199
0.353000	-32.003101
0.354000	-30.123199
0.355000	-30.123199
0.356000	-30.123199
0.357000	-30.123199
0.358000	-22.603701
0.359000	-16.964100
0.360000	-20.723801
0.361000	-18.843901
0.362000	-22.603701
0.363000	-24.483601
0.364000	-15.084200
0.365000	-18.843901
0.366000	-22.603701
0.367000	-13.204300
0.368000	-9.444530
0.369000	-22.603701
0.370000	-30.123199
0.371000	-30.123199
0.372000	-41.402500
0.373000	-50.801899
0.374000	-45.162300
0.375000	-37.642799
0.376000	-39.522701
0.377000	-39.522701
0.378000	-37.642799
0.379000	-41.402500
0.380000	-35.762901
0.381000	-28.243401
0.382000	-20.723801
0.383000	-7.564650
0.384000	-13.204300
0.385000	-7.564650
0.386000	-13.204300
0.387000	-22.603701
0.388000	-26.363501
0.389000	-33.882999
0.390000	-33.882999
0.391000	-30.123199
0.392000	-28.243401
0.393000	-41.402500
0.394000	-47.042198
0.395000	-43.282398
0.396000	-39.522701
0.397000	-33.882999
0.398000	-35.762901
0.399000	-35.762901
0.400000	-33.882999
0.401000	-33.882999
0.402000	-32.003101
0.403000	-37.642799
0.404000	-37.642799
0.405000	-35.762901
0.406000	-30.123199
0.407000	-32.003101
0.408000	-35.762901
0.409000	-37.642799
0.410000	-33.882999
0.411000	-32.003101
0.412000	-30.123199
0.413000	-30.123199
0.414000	-28.243401
0.415000	-28.243401
0.416000	-28.243401
0.417000	-33.882999
0.418000	-41.402500
0.419000	-39.522701
0.420000	-37.642799
0.421000	-33.882999
0.422000	-37.642799
0.423000	-35.762901
0.424000	-39.522701
0.425000	-43.282398
0.426000	-39.522701
0.427000	-37.642799
0.428000	-39.522701
0.429000	-43.282398
0.430000	-41.402500
0.431000	-37.642799
0.432000	-37.642799
0.433000	-39.522701
0.434000	-35.762901
0.435000	-41.402500
0.436000	-39.522701
0.437000	-32.003101
0.438000	-33.882999
0.439000	-39.522701
0.440000	-43.282398
0.441000	-43.282398
0.442000	-43.282398
0.443000	-47.042198
0.444000	-48.922100
0.445000	-47.042198
0.446000	-47.042198
0.447000	-43.282398
0.448000	-43.282398
0.449000	-39.522701
0.450000	-39.522701
0.451000	-39.522701
0.452000	-33.882999
0.453000	-35.762901
0.454000	-35.762901
0.455000	-32.003101
0.456000	-32.003101
0.457000	-32.003101
0.458000	-37.642799
0.459000	-41.402500
0.460000	-43.282398
0.461000	-41.402500
0.462000	-43.282398
0.463000	-45.162300
0.464000	-45.162300
0.465000	-43.282398
0.466000	-41.402500
0.467000	-35.762901
0.468000	-24.483601
0.469000	39.432400
0.470000	214.261993
0.471000	122.147003
0.472000	16.873800
0.473000	13.114100
0.474000	-26.363501
0.475000	-54.561699
0.476000	-62.081200
0.477000	3.714650
0.478000	22.513500
0.479000	-37.642799
0.480000	-39.522701
0.481000	-33.882999
0.482000	7.474410
0.483000	18.753700
0.484000	33.792801
0.485000	48.831799
0.486000	1.834760
0.487000	-24.483601
0.488000	-28.243401
0.489000	-15.084200
0.490000	-37.642799
0.491000	-56.441601
0.492000	-33.882999
0.493000	-41.402500
0.494000	-9.444530
0.495000	-15.084200
0.496000	-54.561699
0.497000	-75.240402
0.498000	-71.480698
0.499000	-52.681801
0.500000	-73.360497
0.501000	-92.159401
0.502000	-118.477997
0.503000	-122.237999
0.504000	-103.439003
0.505000	-62.081200
0.506000	-28.243401
0.507000	-28.243401
0.508000	-26.363501
0.509000	-28.243401
0.510000	-47.042198
0.511000	-69.600800
0.512000	-52.681801
