0.000000	-3.218160
0.001000	-3.218160
0.002000	-3.260840
0.003000	-3.260840
0.004000	-3.260840
0.005000	-3.260840
0.006000	-3.218160
0.007000	-3.218160
0.008000	-3.260840
0.009000	-3.218160
0.010000	-3.218160
0.011000	-3.260840
0.012000	-3.260840
0.013000	-3.260840
0.014000	-3.260840
0.015000	-3.303520
0.016000	-3.260840
0.017000	-3.303520
0.018000	-3.260840
0.019000	-3.260840
0.020000	-3.260840
0.021000	-3.260840
0.022000	-3.132810
0.023000	-3.260840
0.024000	-3.260840
0.025000	-3.260840
0.026000	-3.175490
0.027000	-3.218160
0.028000	-3.175490
0.029000	-3.132810
0.030000	-3.132810
0.031000	-3.175490
0.032000	-3.090140
0.033000	-3.132810
0.034000	-3.090140
0.035000	-3.047460
0.036000	-3.090140
0.037000	-3.047460
0.038000	-3.004780
0.039000	-3.047460
0.040000	-3.004780
0.041000	-3.004780
0.042000	-2.962110
0.043000	-2.919430
0.044000	-2.834080
0.045000	-2.748730
0.046000	-2.663380
0.047000	-2.535350
0.048000	-2.364650
0.049000	-2.279300
0.050000	-2.065920
0.051000	-1.852540
0.052000	-1.553810
0.053000	-1.255080
0.054000	-0.871000
0.055000	-0.486910
0.056000	-0.145510
0.057000	0.153220
0.058000	0.366600
0.059000	0.366600
0.060000	0.281250
0.061000	0.025200
0.062000	-0.486910
0.063000	-1.169730
0.064000	-1.980570
0.065000	-2.876760
0.066000	-3.772950
0.067000	-4.754490
0.068000	-5.650680
0.069000	-6.504200
0.070000	-7.272360
0.071000	-7.912500
0.072000	-8.467280
0.073000	-8.936720
0.074000	-9.363480
0.075000	-9.704880
0.076000	-10.003600
0.077000	-10.217000
0.078000	-10.430400
0.079000	-10.515700
0.080000	-10.558400
0.081000	-10.558400
0.082000	-10.601100
0.083000	-10.515700
0.084000	-10.387700
0.085000	-10.174300
0.086000	-9.960940
0.087000	-9.875590
0.088000	-9.790230
0.089000	-9.747560
0.090000	-9.662210
0.091000	-9.576860
0.092000	-9.491500
0.093000	-9.491500
0.094000	-9.576860
0.095000	-9.704880
0.096000	-9.832910
0.097000	-9.875590
0.098000	-10.046300
0.099000	-10.259700
0.100000	-10.515700
0.101000	-10.771800
0.102000	-10.985200
0.103000	-11.241200
0.104000	-11.454600
0.105000	-11.625300
0.106000	-11.796000
0.107000	-11.881300
0.108000	-12.009400
0.109000	-12.009400
0.110000	-12.009400
0.111000	-12.009400
0.112000	-12.137400
0.113000	-12.265400
0.114000	-12.308100
0.115000	-12.222800
0.116000	-12.222800
0.117000	-12.180100
0.118000	-12.222800
0.119000	-12.222800
0.120000	-12.222800
0.121000	-12.222800
0.122000	-12.222800
0.123000	-12.308100
0.124000	-12.350800
0.125000	-12.436100
0.126000	-12.436100
0.127000	-12.350800
0.128000	-12.222800
0.129000	-12.308100
0.130000	-12.265400
0.131000	-12.265400
0.132000	-12.308100
0.133000	-12.308100
0.134000	-12.521500
0.135000	-12.649500
0.136000	-12.777500
0.137000	-12.862900
0.138000	-12.990900
0.139000	-13.076300
0.140000	-13.204300
0.141000	-13.289700
0.142000	-13.375000
0.143000	-13.503000
0.144000	-13.588400
0.145000	-13.844400
0.146000	-14.015100
0.147000	-14.185800
0.148000	-14.313900
0.149000	-14.484600
0.150000	-14.612600
0.151000	-14.655300
0.152000	-14.698000
0.153000	-14.740600
0.154000	-14.698000
0.155000	-14.569900
0.156000	-14.527300
0.157000	-14.356500
0.158000	-14.143200
0.159000	-14.015100
0.160000	-13.887100
0.161000	-13.844400
0.162000	-13.844400
0.163000	-13.887100
0.164000	-13.929800
0.165000	-14.143200
0.166000	-14.356500
0.167000	-14.484600
0.168000	-14.612600
0.169000	-14.655300
0.170000	-14.740600
0.171000	-14.783300
0.172000	-14.868700
0.173000	-14.954000
0.174000	-14.996700
0.175000	-15.039400
0.176000	-15.210100
0.177000	-15.380800
0.178000	-15.508800
0.179000	-15.679500
0.180000	-15.892900
0.181000	-15.978200
0.182000	-16.106199
0.183000	-16.276899
0.184000	-16.362301
0.185000	-16.533001
0.186000	-16.618401
0.187000	-16.703699
0.188000	-16.789101
0.189000	-16.831699
0.190000	-16.874399
0.191000	-16.874399
0.192000	-16.917101
0.193000	-16.917101
0.194000	-16.959801
0.195000	-17.002399
0.196000	-17.045099
0.197000	-17.173100
0.198000	-17.215799
0.199000	-17.301201
0.200000	-17.386499
0.201000	-17.471901
0.202000	-17.557199
0.203000	-17.685301
0.204000	-17.727900
0.205000	-17.856001
0.206000	-17.983999
0.207000	-18.154699
0.208000	-18.197399
0.209000	-18.368099
0.210000	-18.368099
0.211000	-18.453400
0.212000	-18.581400
0.213000	-18.624100
0.214000	-18.709499
0.215000	-18.752199
0.216000	-18.794800
0.217000	-18.794800
0.218000	-18.837500
0.219000	-18.837500
0.220000	-18.880199
0.221000	-18.794800
0.222000	-18.752199
0.223000	-18.752199
0.224000	-18.709499
0.225000	-18.709499
0.226000	-18.794800
0.227000	-18.837500
0.228000	-18.922899
0.229000	-19.050900
0.230000	-19.221600
0.231000	-19.392300
0.232000	-19.520300
0.233000	-19.691000
0.234000	-19.861700
0.235000	-20.032400
0.236000	-20.288500
0.237000	-20.544500
0.238000	-20.843300
0.239000	-21.014000
0.240000	-21.312700
0.241000	-21.568800
0.242000	-21.824800
0.243000	-22.080900
0.244000	-22.336901
0.245000	-22.593000
0.246000	-22.849001
0.247000	-23.019699
0.248000	-23.147699
0.249000	-23.275801
0.250000	-23.403799
0.251000	-23.489201
0.252000	-23.574499
0.253000	-23.659901
0.254000	-23.745199
0.255000	-23.787901
0.256000	-23.830601
0.257000	-23.958599
0.258000	-24.001301
0.259000	-24.086599
0.260000	-24.172001
0.261000	-24.299999
0.262000	-24.427999
0.263000	-24.556000
0.264000	-24.684099
0.265000	-24.769400
0.266000	-24.854799
0.267000	-25.025499
0.268000	-25.068199
0.269000	-25.196199
0.270000	-25.324200
0.271000	-25.409599
0.272000	-25.494900
0.273000	-25.537600
0.274000	-25.580299
0.275000	-25.622900
0.276000	-25.622900
0.277000	-25.665600
0.278000	-25.665600
0.279000	-25.708300
0.280000	-25.793699
0.281000	-25.750999
0.282000	-25.836300
0.283000	-25.879000
0.284000	-25.964399
0.285000	-26.049700
0.286000	-26.135099
0.287000	-26.263100
0.288000	-26.433800
0.289000	-26.476500
0.290000	-26.647200
0.291000	-26.903200
0.292000	-26.945900
0.293000	-27.244600
0.294000	-27.458000
0.295000	-27.671400
0.296000	-27.927401
0.297000	-28.183500
0.298000	-28.396900
0.299000	-28.610300
0.300000	-28.866301
0.301000	-29.165001
0.302000	-29.463800
0.303000	-29.719801
0.304000	-30.018600
0.305000	-30.402599
0.306000	-30.701401
0.307000	-31.000099
0.308000	-31.213499
0.309000	-31.469500
0.310000	-31.725599
0.311000	-31.981600
0.312000	-32.195000
0.313000	-32.323101
0.314000	-32.408401
0.315000	-32.579102
0.316000	-32.707100
0.317000	-32.792500
0.318000	-32.920502
0.319000	-33.005901
0.320000	-33.091202
0.321000	-33.176601
0.322000	-33.219200
0.323000	-33.304600
0.324000	-33.347301
0.325000	-33.389900
0.326000	-33.389900
0.327000	-33.432598
0.328000	-33.432598
0.329000	-33.475300
0.330000	-33.603298
0.331000	-33.688702
0.332000	-33.773998
0.333000	-33.816700
0.334000	-33.902100
0.335000	-34.072701
0.336000	-34.286098
0.337000	-34.200802
0.338000	-34.243500
0.339000	-34.243500
0.340000	-34.243500
0.341000	-34.627499
0.342000	-34.158100
0.343000	-34.200802
0.344000	-34.456799
0.345000	-34.414200
0.346000	-34.158100
0.347000	-33.731300
0.348000	-33.731300
0.349000	-33.432598
0.350000	-33.176601
0.351000	-32.835201
0.352000	-32.536400
0.353000	-32.280399
0.354000	-32.109699
0.355000	-31.938999
0.356000	-31.725599
0.357000	-31.554899
0.358000	-31.554899
0.359000	-31.512199
0.360000	-31.469500
0.361000	-31.640200
0.362000	-31.725599
0.363000	-31.896299
0.364000	-32.109699
0.365000	-32.195000
0.366000	-32.109699
0.367000	-32.195000
0.368000	-32.280399
0.369000	-31.810900
0.370000	-31.426901
0.371000	-31.426901
0.372000	-31.000099
0.373000	-30.360001
0.374000	-29.805201
0.375000	-29.122400
0.376000	-28.354200
0.377000	-27.586000
0.378000	-26.988600
0.379000	-26.391100
0.380000	-26.092400
0.381000	-26.007000
0.382000	-26.092400
0.383000	-26.391100
0.384000	-26.135099
0.385000	-26.263100
0.386000	-26.391100
0.387000	-26.476500
0.388000	-26.732500
0.389000	-26.988600
0.390000	-27.372700
0.391000	-28.012800
0.392000	-28.652901
0.393000	-28.994301
0.394000	-29.335699
0.395000	-29.805201
0.396000	-30.189301
0.397000	-30.445299
0.398000	-30.573299
0.399000	-30.658701
0.400000	-30.872101
0.401000	-30.914801
0.402000	-30.914801
0.403000	-30.872101
0.404000	-30.743999
0.405000	-30.786699
0.406000	-30.786699
0.407000	-30.658701
0.408000	-30.573299
0.409000	-30.573299
0.410000	-30.530701
0.411000	-30.615999
0.412000	-30.530701
0.413000	-30.360001
0.414000	-30.445299
0.415000	-30.317301
0.416000	-30.061199
0.417000	-29.890499
0.418000	-29.634501
0.419000	-29.549101
0.420000	-29.463800
0.421000	-29.335699
0.422000	-29.293100
0.423000	-29.378401
0.424000	-29.335699
0.425000	-29.293100
0.426000	-29.421101
0.427000	-29.506399
0.428000	-29.506399
0.429000	-29.549101
0.430000	-29.634501
0.431000	-29.634501
0.432000	-29.677200
0.433000	-29.677200
0.434000	-29.805201
0.435000	-29.762501
0.436000	-29.847900
0.437000	-29.975901
0.438000	-29.933201
0.439000	-29.805201
0.440000	-29.634501
0.441000	-29.378401
0.442000	-29.165001
0.443000	-28.951700
0.444000	-28.695601
0.445000	-28.567600
0.446000	-28.482201
0.447000	-28.482201
0.448000	-28.524900
0.449000	-28.524900
0.450000	-28.610300
0.451000	-28.652901
0.452000	-28.781000
0.453000	-28.866301
0.454000	-28.866301
0.455000	-28.994301
0.456000	-29.122400
0.457000	-29.207701
0.458000	-29.250401
0.459000	-29.250401
0.460000	-29.250401
0.461000	-29.335699
0.462000	-29.335699
0.463000	-29.293100
0.464000	-29.250401
0.465000	-29.165001
0.466000	-29.079700
0.467000	-29.037001
0.468000	-27.458000
0.469000	-26.732500
0.470000	-30.231899
0.471000	-27.586000
0.472000	-22.635599
0.473000	-22.507601
0.474000	-20.160500
0.475000	-17.002399
0.476000	-11.283900
0.477000	-3.474220
0.478000	6.170510
0.479000	11.846400
0.480000	17.479601
0.481000	20.381500
0.482000	22.515301
0.483000	24.606400
0.484000	26.825600
0.485000	29.002100
0.486000	28.916700
0.487000	27.252300
0.488000	25.118601
0.489000	22.814100
0.490000	18.802500
0.491000	15.943300
0.492000	10.779500
0.493000	4.122070
0.494000	-3.602250
0.495000	-9.790230
0.496000	-13.076300
0.497000	-16.063601
0.498000	-18.965500
0.499000	-21.526100
0.500000	-22.294201
0.501000	-22.166201
0.502000	-21.312700
0.503000	-20.245800
0.504000	-18.922899
0.505000	-16.703699
0.506000	-12.820200
0.507000	-8.595310
0.508000	-4.669140
0.509000	-1.383110
0.510000	1.348150
0.511000	4.079400
0.512000	6.853320
