0.000000	0.076611
0.015000	0.076611
0.038000	-0.392822
0.118000	-0.904931
0.111000	-0.094091
1.541000	0.631397
2.692000	1.954350
3.883000	3.832080
4.982000	6.563330
5.917000	7.672900
6.644000	10.190800
7.214000	10.830900
7.697000	12.964700
8.105000	14.245000
8.557000	15.610600
8.907000	16.890900
9.258000	18.128500
9.655000	19.280701
9.990000	20.561001
10.335000	22.011999
10.726000	23.036200
11.019000	24.017700
11.373000	24.700500
11.636000	25.554100
11.918000	26.492901
12.215000	27.346399
12.571000	28.327999
12.841000	29.266800
13.154000	30.077700
13.449000	30.973900
13.446000	31.571301
14.046000	32.339500
14.363000	32.168800
14.730000	31.229900
15.085000	20.646299
