0.000000	-2.067660
0.001000	-2.067660
0.002000	-1.261990
0.003000	-2.067660
0.004000	-2.067660
0.005000	-2.067660
0.006000	-2.067660
0.007000	-2.067660
0.008000	-2.067660
0.009000	-2.067660
0.010000	-2.067660
0.011000	-2.067660
0.012000	-1.261990
0.013000	-3.678980
0.014000	-2.873320
0.015000	-4.484650
0.016000	-6.095980
0.017000	-8.512970
0.018000	-9.318630
0.019000	-9.318630
0.020000	-11.735600
0.021000	-12.541300
0.022000	-14.152600
0.023000	-18.180901
0.024000	-14.958300
0.025000	-10.930000
0.026000	-7.707310
0.027000	-3.678980
0.028000	-2.067660
0.029000	-5.290310
0.030000	-7.707310
0.031000	-9.318630
0.032000	-11.735600
0.033000	-9.318630
0.034000	-7.707310
0.035000	-5.290310
0.036000	-3.678980
0.037000	-4.484650
0.038000	-2.873320
0.039000	-6.095980
0.040000	-6.095980
0.041000	-6.901640
0.042000	-6.095980
0.043000	-3.678980
0.044000	-3.678980
0.045000	-2.873320
0.046000	-1.261990
0.047000	-1.261990
0.048000	-2.067660
0.049000	-2.067660
0.050000	-0.456327
0.051000	0.349336
0.052000	2.766330
0.053000	1.960660
0.054000	2.766330
0.055000	2.766330
0.056000	-0.456327
0.057000	-0.456327
0.058000	-1.261990
0.059000	0.349336
0.060000	1.155000
0.061000	4.377660
0.062000	5.183320
0.063000	5.183320
0.064000	4.377660
0.065000	2.766330
0.066000	1.960660
0.067000	2.766330
0.068000	3.571990
0.069000	2.766330
0.070000	1.155000
0.071000	-0.456327
0.072000	-3.678980
0.073000	-6.095980
0.074000	-6.095980
0.075000	-6.901640
0.076000	-6.901640
0.077000	-6.901640
0.078000	-5.290310
0.079000	-3.678980
0.080000	-1.261990
0.081000	1.155000
0.082000	1.155000
0.083000	1.155000
0.084000	-0.456327
0.085000	-2.067660
0.086000	-5.290310
0.087000	-6.901640
0.088000	-8.512970
0.089000	-9.318630
0.090000	-10.124300
0.091000	-9.318630
0.092000	-7.707310
0.093000	-5.290310
0.094000	-4.484650
0.095000	-4.484650
0.096000	-3.678980
0.097000	-3.678980
0.098000	-4.484650
0.099000	-5.290310
0.100000	-6.095980
0.101000	-5.290310
0.102000	-6.095980
0.103000	-6.095980
0.104000	-5.290310
0.105000	-5.290310
0.106000	-5.290310
0.107000	-4.484650
0.108000	-4.484650
0.109000	-3.678980
0.110000	-5.290310
0.111000	-5.290310
0.112000	-6.095980
0.113000	-6.095980
0.114000	-6.095980
0.115000	-6.095980
0.116000	-6.901640
0.117000	-6.901640
0.118000	-7.707310
0.119000	-7.707310
0.120000	-7.707310
0.121000	-8.512970
0.122000	-8.512970
0.123000	-7.707310
0.124000	-7.707310
0.125000	-8.512970
0.126000	-8.512970
0.127000	-8.512970
0.128000	-7.707310
0.129000	-8.512970
0.130000	-8.512970
0.131000	-7.707310
0.132000	-8.512970
0.133000	-8.512970
0.134000	-6.901640
0.135000	-8.512970
0.136000	-10.124300
0.137000	-10.124300
0.138000	-8.512970
0.139000	-9.318630
0.140000	-7.707310
0.141000	-10.124300
0.142000	-10.124300
0.143000	-10.124300
0.144000	-10.930000
0.145000	-8.512970
0.146000	-8.512970
0.147000	-7.707310
0.148000	-7.707310
0.149000	-8.512970
0.150000	-9.318630
0.151000	-8.512970
0.152000	-6.901640
0.153000	-7.707310
0.154000	-8.512970
0.155000	-7.707310
0.156000	-9.318630
0.157000	-8.512970
0.158000	-8.512970
0.159000	-10.124300
0.160000	-8.512970
0.161000	-0.456327
0.162000	-9.318630
0.163000	-8.512970
0.164000	-13.347000
0.165000	-11.735600
0.166000	-9.318630
0.167000	-6.901640
0.168000	-5.290310
0.169000	-4.484650
0.170000	-5.290310
0.171000	-8.512970
0.172000	-9.318630
0.173000	-10.124300
0.174000	-8.512970
0.175000	-8.512970
0.176000	-8.512970
0.177000	-10.930000
0.178000	-10.930000
0.179000	-10.930000
0.180000	-11.735600
0.181000	-10.930000
0.182000	-10.124300
0.183000	-10.930000
0.184000	-10.930000
0.185000	-10.930000
0.186000	-9.318630
0.187000	-8.512970
0.188000	-8.512970
0.189000	-8.512970
0.190000	-9.318630
0.191000	-10.124300
0.192000	-11.735600
0.193000	-12.541300
0.194000	-13.347000
0.195000	-12.541300
0.196000	-11.735600
0.197000	-13.347000
0.198000	-12.541300
0.199000	-13.347000
0.200000	-11.735600
0.201000	-12.541300
0.202000	-11.735600
0.203000	-10.930000
0.204000	-13.347000
0.205000	-11.735600
0.206000	-11.735600
0.207000	-11.735600
0.208000	-11.735600
0.209000	-11.735600
0.210000	-10.930000
0.211000	-10.930000
0.212000	-10.930000
0.213000	-10.930000
0.214000	-11.735600
0.215000	-12.541300
0.216000	-11.735600
0.217000	-11.735600
0.218000	-10.930000
0.219000	-10.124300
0.220000	-10.124300
0.221000	-10.124300
0.222000	-10.124300
0.223000	-10.124300
0.224000	-7.707310
0.225000	-10.930000
0.226000	-11.735600
0.227000	-13.347000
0.228000	-10.930000
0.229000	-10.124300
0.230000	-10.124300
0.231000	-8.512970
0.232000	-8.512970
0.233000	-9.318630
0.234000	-10.930000
0.235000	-10.124300
0.236000	-10.124300
0.237000	-10.124300
0.238000	-10.124300
0.239000	-10.930000
0.240000	-11.735600
0.241000	-10.930000
0.242000	-11.735600
0.243000	-10.930000
0.244000	-11.735600
0.245000	-10.124300
0.246000	-11.735600
0.247000	-12.541300
0.248000	-12.541300
0.249000	-12.541300
0.250000	-9.318630
0.251000	-8.512970
0.252000	-8.512970
0.253000	-10.124300
0.254000	-10.930000
0.255000	-11.735600
0.256000	-10.930000
0.257000	-13.347000
0.258000	-13.347000
0.259000	-13.347000
0.260000	-10.124300
0.261000	-9.318630
0.262000	-11.735600
0.263000	-10.930000
0.264000	-12.541300
0.265000	-15.763900
0.266000	4.377660
0.267000	1.155000
0.268000	4.377660
0.269000	1.960660
0.270000	14.045600
0.271000	-6.901640
0.272000	-32.682899
0.273000	-49.601799
0.274000	-32.682899
0.275000	-31.071600
0.276000	-45.573502
0.277000	-46.379200
0.278000	-36.711201
0.279000	-42.350899
0.280000	-39.128201
