0.000000	0.076611
0.001000	0.076611
0.002000	0.119287
0.003000	0.076611
0.004000	0.076611
0.005000	0.076611
0.006000	0.076611
0.007000	0.076611
0.008000	0.076611
0.009000	0.076611
0.010000	0.033936
0.011000	0.076611
0.012000	0.033936
0.013000	0.033936
0.014000	-0.094091
0.015000	-0.179443
0.016000	-0.392822
0.017000	-0.520849
0.018000	-0.520849
0.019000	-0.691552
0.020000	-0.691552
0.021000	-0.990283
0.022000	-1.160990
0.023000	-0.990283
0.024000	-0.904931
0.025000	-0.648877
0.026000	0.076611
0.027000	0.076611
0.028000	0.289990
0.029000	0.289990
0.030000	-0.051416
0.031000	-0.094091
0.032000	-0.094091
0.033000	-0.008740
0.034000	0.375342
0.035000	0.503369
0.036000	0.674072
0.037000	0.759424
0.038000	0.674072
0.039000	0.759424
0.040000	0.631397
0.041000	0.759424
0.042000	0.972803
0.043000	1.100830
0.044000	1.399560
0.045000	1.612940
0.046000	1.698290
0.047000	1.954350
0.048000	1.954350
0.049000	2.210400
0.050000	2.423780
0.051000	2.722510
0.052000	3.149270
0.053000	3.405320
0.054000	3.576030
0.055000	3.746730
0.056000	3.832080
0.057000	4.088140
0.058000	4.386870
0.059000	4.728270
0.060000	5.155030
0.061000	5.581790
0.062000	6.008550
0.063000	6.307280
0.064000	6.563330
0.065000	6.819380
0.066000	7.075440
0.067000	7.288820
0.068000	7.416850
0.069000	7.672900
0.070000	7.630220
0.071000	7.672900
0.072000	7.672900
0.073000	7.672900
0.074000	7.800930
0.075000	8.099660
0.076000	8.483740
0.077000	8.867820
0.078000	9.294580
0.079000	9.764010
0.080000	10.190800
0.081000	10.660200
0.082000	10.873600
0.083000	10.958900
0.084000	11.044300
0.085000	10.873600
0.086000	10.873600
0.087000	10.830900
0.088000	10.830900
0.089000	10.916300
0.090000	11.087000
0.091000	11.428400
0.092000	11.769800
0.093000	12.111200
0.094000	12.452600
0.095000	12.708600
0.096000	12.964700
0.097000	13.092700
0.098000	13.220800
0.099000	13.348800
0.100000	13.519500
0.101000	13.647500
0.102000	13.775500
0.103000	14.031600
0.104000	14.245000
0.105000	14.458300
0.106000	14.671700
0.107000	14.842400
0.108000	15.055800
0.109000	15.226500
0.110000	15.354500
0.111000	15.482600
0.112000	15.610600
0.113000	15.781300
0.114000	15.952000
0.115000	16.122700
0.116000	16.293400
0.117000	16.464100
0.118000	16.634800
0.119000	16.762800
0.120000	16.890900
0.121000	17.061600
0.122000	17.189600
0.123000	17.360300
0.124000	17.488300
0.125000	17.616400
0.126000	17.787100
0.127000	17.957800
0.128000	18.128500
0.129000	18.256500
0.130000	18.469900
0.131000	18.597900
0.132000	18.768600
0.133000	18.896601
0.134000	18.982000
0.135000	19.024700
0.136000	19.280701
0.137000	19.494101
0.138000	19.622101
0.139000	19.366100
0.140000	19.878201
0.141000	19.963499
0.142000	20.134199
0.143000	20.262300
0.144000	20.561001
0.145000	20.688999
0.146000	20.902399
0.147000	21.158400
0.148000	21.201099
0.149000	21.499901
0.150000	21.670601
0.151000	21.798599
0.152000	22.011999
0.153000	22.097300
0.154000	22.225300
0.155000	22.353399
0.156000	22.481400
0.157000	22.566700
0.158000	22.694799
0.159000	22.780100
0.160000	23.036200
0.161000	22.780100
0.162000	22.822800
0.163000	23.078899
0.164000	23.292200
0.165000	23.334900
0.166000	23.462900
0.167000	23.761700
0.168000	24.017700
0.169000	24.017700
0.170000	24.145800
0.171000	24.316500
0.172000	24.359100
0.173000	24.529800
0.174000	24.615200
0.175000	24.700500
0.176000	24.700500
0.177000	24.828600
0.178000	24.871201
0.179000	24.999300
0.180000	25.084600
0.181000	25.084600
0.182000	25.212601
0.183000	25.426001
0.184000	25.554100
0.185000	25.895500
0.186000	25.895500
0.187000	26.151501
0.188000	26.322201
0.189000	26.236900
0.190000	26.450199
0.191000	26.450199
0.192000	26.492901
0.193000	26.535601
0.194000	26.620899
0.195000	26.749001
0.196000	26.834299
0.197000	26.919701
0.198000	27.047701
0.199000	27.175699
0.200000	27.346399
0.201000	27.517099
0.202000	27.559799
0.203000	27.687799
0.204000	27.815901
0.205000	27.986601
0.206000	28.071899
0.207000	28.157301
0.208000	28.327999
0.209000	28.413300
0.210000	28.541401
0.211000	28.712099
0.212000	28.840099
0.213000	28.925400
0.214000	29.053499
0.215000	29.181499
0.216000	29.266800
0.217000	29.480200
0.218000	29.608299
0.219000	29.736300
0.220000	29.864300
0.221000	29.949699
0.222000	30.163000
0.223000	30.248400
0.224000	30.077700
0.225000	30.205700
0.226000	30.291100
0.227000	30.547100
0.228000	30.547100
0.229000	30.632500
0.230000	30.803200
0.231000	30.931200
0.232000	30.973900
0.233000	31.144600
0.234000	31.315300
0.235000	31.272600
0.236000	31.358000
0.237000	31.443300
0.238000	31.571301
0.239000	31.571301
0.240000	31.571301
0.241000	31.699400
0.242000	31.699400
0.243000	31.742001
0.244000	31.827400
0.245000	31.827400
0.246000	32.040798
0.247000	32.126099
0.248000	32.339500
0.249000	32.382198
0.250000	32.467499
0.251000	32.510201
0.252000	32.339500
0.253000	32.467499
0.254000	32.510201
0.255000	32.382198
0.256000	32.168800
0.257000	32.296799
0.258000	32.382198
0.259000	32.211498
0.260000	32.126099
0.261000	31.742001
0.262000	31.827400
0.263000	31.315300
0.264000	31.229900
0.265000	31.614000
0.266000	29.352200
0.267000	28.498699
0.268000	27.004999
0.269000	24.401800
0.270000	21.627899
0.271000	18.768600
0.272000	20.646299
0.273000	19.835501
0.274000	16.506800
0.275000	16.506800
0.276000	17.787100
0.277000	17.787100
0.278000	17.360300
0.279000	18.982000
0.280000	21.713200
