0.000000	-1.155000
0.001000	-1.155000
0.002000	-1.155000
0.003000	-0.349336
0.004000	-0.349336
0.005000	-0.349336
0.006000	-1.155000
0.007000	-1.155000
0.008000	-0.349336
0.009000	-1.155000
0.010000	-1.155000
0.011000	-1.155000
0.012000	-0.349336
0.013000	0.456327
0.014000	0.456327
0.015000	-0.349336
0.016000	-1.155000
0.017000	0.456327
0.018000	-1.960660
0.019000	-3.571990
0.020000	-4.377660
0.021000	-5.988980
0.022000	-7.600310
0.023000	-9.211640
0.024000	-8.405980
0.025000	-9.211640
0.026000	-7.600310
0.027000	-7.600310
0.028000	-7.600310
0.029000	-5.988980
0.030000	-5.988980
0.031000	-4.377660
0.032000	-4.377660
0.033000	-4.377660
0.034000	-4.377660
0.035000	-3.571990
0.036000	-4.377660
0.037000	-3.571990
0.038000	-4.377660
0.039000	-5.183320
0.040000	-5.988980
0.041000	-7.600310
0.042000	-6.794650
0.043000	-5.988980
0.044000	-4.377660
0.045000	-5.183320
0.046000	-5.988980
0.047000	-5.183320
0.048000	-6.794650
0.049000	-5.183320
0.050000	-4.377660
0.051000	-2.766330
0.052000	-1.155000
0.053000	-1.960660
0.054000	-1.960660
0.055000	-1.155000
0.056000	-1.960660
0.057000	-0.349336
0.058000	-1.155000
0.059000	-0.349336
0.060000	-1.155000
0.061000	-0.349336
0.062000	-1.960660
0.063000	-1.960660
0.064000	-1.960660
0.065000	-2.766330
0.066000	-1.155000
0.067000	-0.349336
0.068000	1.261990
0.069000	1.261990
0.070000	2.067660
0.071000	1.261990
0.072000	1.261990
0.073000	1.261990
0.074000	1.261990
0.075000	-0.349336
0.076000	0.456327
0.077000	-2.766330
0.078000	-1.960660
0.079000	-2.766330
0.080000	-3.571990
0.081000	-3.571990
0.082000	-1.155000
0.083000	-2.766330
0.084000	-1.155000
0.085000	-2.766330
0.086000	-3.571990
0.087000	-2.766330
0.088000	-2.766330
0.089000	-1.960660
0.090000	-3.571990
0.091000	-4.377660
0.092000	-5.183320
0.093000	-5.988980
0.094000	-8.405980
0.095000	-7.600310
0.096000	-7.600310
0.097000	-5.988980
0.098000	-5.183320
0.099000	-5.183320
0.100000	-5.183320
0.101000	-5.988980
0.102000	-6.794650
0.103000	-6.794650
0.104000	-5.988980
0.105000	-6.794650
0.106000	-6.794650
0.107000	-7.600310
0.108000	-7.600310
0.109000	-8.405980
0.110000	-8.405980
0.111000	-10.017300
0.112000	-8.405980
0.113000	-8.405980
0.114000	-8.405980
0.115000	-8.405980
0.116000	-10.017300
0.117000	-9.211640
0.118000	-10.017300
0.119000	-9.211640
0.120000	-10.017300
0.121000	-9.211640
0.122000	-8.405980
0.123000	-9.211640
0.124000	-10.017300
0.125000	-10.017300
0.126000	-8.405980
0.127000	-9.211640
0.128000	-9.211640
0.129000	-10.017300
0.130000	-10.017300
0.131000	-10.017300
0.132000	-10.017300
0.133000	-11.628600
0.134000	-11.628600
0.135000	-11.628600
0.136000	-10.823000
0.137000	-10.823000
0.138000	-10.823000
0.139000	-11.628600
0.140000	-10.823000
0.141000	-10.017300
0.142000	-10.017300
0.143000	-10.017300
0.144000	-10.823000
0.145000	-10.823000
0.146000	-13.240000
0.147000	-13.240000
0.148000	-12.434300
0.149000	-14.045600
0.150000	-13.240000
0.151000	-13.240000
0.152000	-12.434300
0.153000	-13.240000
0.154000	-14.045600
0.155000	-12.434300
0.156000	-12.434300
0.157000	-13.240000
0.158000	-12.434300
0.159000	-13.240000
0.160000	-13.240000
0.161000	-13.240000
0.162000	-14.045600
0.163000	-14.851300
0.164000	-14.851300
0.165000	-14.045600
0.166000	-15.657000
0.167000	-14.851300
0.168000	-15.657000
0.169000	-14.045600
0.170000	-14.045600
0.171000	-14.045600
0.172000	-14.045600
0.173000	-15.657000
0.174000	-14.045600
0.175000	-13.240000
0.176000	-14.045600
0.177000	-14.045600
0.178000	-14.045600
0.179000	-15.657000
0.180000	-16.462601
0.181000	-15.657000
0.182000	-16.462601
0.183000	-15.657000
0.184000	-16.462601
0.185000	-14.851300
0.186000	-15.657000
0.187000	-14.045600
0.188000	-15.657000
0.189000	-15.657000
0.190000	-14.851300
0.191000	-15.657000
0.192000	-16.462601
0.193000	-16.462601
0.194000	-17.268299
0.195000	-17.268299
0.196000	-16.462601
0.197000	-15.657000
0.198000	-16.462601
0.199000	-15.657000
0.200000	-16.462601
0.201000	-17.268299
0.202000	-18.073900
0.203000	-18.073900
0.204000	-19.685301
0.205000	-16.462601
0.206000	31.877199
0.207000	-54.328800
0.208000	-117.975998
