0.000000	9.309180
0.001000	9.309180
0.002000	9.309180
0.003000	9.309180
0.004000	9.309180
0.005000	7.429290
0.006000	9.309180
0.007000	11.189100
0.008000	9.309180
0.009000	9.309180
0.010000	9.309180
0.011000	7.429290
0.012000	7.429290
0.013000	7.429290
0.014000	7.429290
0.015000	9.309180
0.016000	7.429290
0.017000	9.309180
0.018000	7.429290
0.019000	7.429290
0.020000	7.429290
0.021000	5.549410
0.022000	3.669530
0.023000	3.669530
0.024000	-0.090236
0.025000	1.789650
0.026000	1.789650
0.027000	1.789650
0.028000	7.429290
0.029000	11.189100
0.030000	16.828699
0.031000	18.708599
0.032000	18.708599
0.033000	22.468399
0.034000	16.828699
0.035000	16.828699
0.036000	11.189100
0.037000	9.309180
0.038000	7.429290
0.039000	3.669530
0.040000	1.789650
0.041000	-0.090236
0.042000	1.789650
0.043000	7.429290
0.044000	7.429290
0.045000	11.189100
0.046000	11.189100
0.047000	13.068900
0.048000	11.189100
0.049000	13.068900
0.050000	13.068900
0.051000	13.068900
0.052000	13.068900
0.053000	14.948800
0.054000	13.068900
0.055000	14.948800
0.056000	13.068900
0.057000	11.189100
0.058000	11.189100
0.059000	13.068900
0.060000	13.068900
0.061000	9.309180
0.062000	13.068900
0.063000	11.189100
0.064000	13.068900
0.065000	13.068900
0.066000	13.068900
0.067000	11.189100
0.068000	11.189100
0.069000	11.189100
0.070000	7.429290
0.071000	13.068900
0.072000	11.189100
0.073000	13.068900
0.074000	13.068900
0.075000	14.948800
0.076000	14.948800
0.077000	14.948800
0.078000	13.068900
0.079000	13.068900
0.080000	14.948800
0.081000	13.068900
0.082000	7.429290
0.083000	11.189100
0.084000	11.189100
0.085000	13.068900
0.086000	14.948800
0.087000	14.948800
0.088000	14.948800
0.089000	14.948800
0.090000	16.828699
0.091000	11.189100
0.092000	13.068900
0.093000	13.068900
0.094000	14.948800
0.095000	14.948800
0.096000	14.948800
0.097000	16.828699
0.098000	16.828699
0.099000	18.708599
0.100000	16.828699
0.101000	16.828699
0.102000	18.708599
0.103000	16.828699
0.104000	16.828699
0.105000	16.828699
0.106000	18.708599
0.107000	20.588499
0.108000	20.588499
0.109000	20.588499
0.110000	22.468399
0.111000	22.468399
0.112000	24.348200
0.113000	22.468399
0.114000	24.348200
0.115000	24.348200
0.116000	22.468399
0.117000	18.708599
0.118000	18.708599
0.119000	11.189100
0.120000	11.189100
0.121000	13.068900
0.122000	13.068900
0.123000	7.429290
0.124000	18.708599
0.125000	14.948800
0.126000	13.068900
0.127000	18.708599
0.128000	16.828699
0.129000	13.068900
0.130000	16.828699
0.131000	18.708599
0.132000	20.588499
0.133000	24.348200
0.134000	26.228100
0.135000	26.228100
0.136000	29.987900
0.137000	24.348200
0.138000	20.588499
0.139000	20.588499
0.140000	16.828699
0.141000	11.189100
0.142000	13.068900
0.143000	9.309180
0.144000	11.189100
0.145000	14.948800
0.146000	18.708599
0.147000	22.468399
0.148000	28.108000
0.149000	24.348200
0.150000	26.228100
0.151000	24.348200
0.152000	22.468399
0.153000	22.468399
0.154000	20.588499
0.155000	18.708599
0.156000	16.828699
0.157000	18.708599
0.158000	20.588499
0.159000	18.708599
0.160000	24.348200
0.161000	22.468399
0.162000	22.468399
0.163000	22.468399
0.164000	20.588499
0.165000	20.588499
0.166000	20.588499
0.167000	18.708599
0.168000	18.708599
0.169000	18.708599
0.170000	18.708599
0.171000	20.588499
0.172000	20.588499
0.173000	18.708599
0.174000	20.588499
0.175000	20.588499
0.176000	20.588499
0.177000	18.708599
0.178000	20.588499
0.179000	20.588499
0.180000	18.708599
0.181000	20.588499
0.182000	20.588499
0.183000	18.708599
0.184000	20.588499
0.185000	18.708599
0.186000	18.708599
0.187000	16.828699
0.188000	16.828699
0.189000	18.708599
0.190000	18.708599
0.191000	18.708599
0.192000	18.708599
0.193000	20.588499
0.194000	20.588499
0.195000	18.708599
0.196000	20.588499
0.197000	20.588499
0.198000	20.588499
0.199000	22.468399
0.200000	43.147099
0.201000	28.108000
0.202000	-17.009199
0.203000	31.867800
0.204000	29.987900
0.205000	11.189100
0.206000	9.309180
0.207000	28.108000
0.208000	14.948800
0.209000	3.669530
