0.000000	0.747656
0.001000	0.747656
0.002000	0.747656
0.003000	-0.058007
0.004000	0.747656
0.005000	-0.863673
0.006000	-0.058007
0.007000	-0.058007
0.008000	-0.058007
0.009000	0.747656
0.010000	-0.863673
0.011000	-0.058007
0.012000	0.747656
0.013000	0.747656
0.014000	0.747656
0.015000	0.747656
0.016000	-0.058007
0.017000	0.747656
0.018000	-0.058007
0.019000	-0.058007
0.020000	-0.863673
0.021000	-0.863673
0.022000	-2.475000
0.023000	-3.280660
0.024000	-4.891990
0.025000	-5.697660
0.026000	-8.114650
0.027000	-6.503320
0.028000	-8.114650
0.029000	-8.114650
0.030000	-6.503320
0.031000	-4.891990
0.032000	-7.308980
0.033000	-3.280660
0.034000	-3.280660
0.035000	-2.475000
0.036000	3.164650
0.037000	0.747656
0.038000	-0.058007
0.039000	-1.669340
0.040000	-4.086330
0.041000	-6.503320
0.042000	-7.308980
0.043000	-7.308980
0.044000	-6.503320
0.045000	-4.086330
0.046000	-4.086330
0.047000	-1.669340
0.048000	-0.863673
0.049000	-0.058007
0.050000	0.747656
0.051000	0.747656
0.052000	0.747656
0.053000	-2.475000
0.054000	-4.086330
0.055000	-6.503320
0.056000	-6.503320
0.057000	-3.280660
0.058000	-0.863673
0.059000	-0.863673
0.060000	-0.863673
0.061000	-0.058007
0.062000	-1.669340
0.063000	-0.863673
0.064000	-0.058007
0.065000	-0.058007
0.066000	-0.058007
0.067000	-0.058007
0.068000	-2.475000
0.069000	-4.086330
0.070000	-2.475000
0.071000	-0.863673
0.072000	1.553320
0.073000	2.358980
0.074000	1.553320
0.075000	0.747656
0.076000	0.747656
0.077000	-0.058007
0.078000	-1.669340
0.079000	-0.863673
0.080000	-1.669340
0.081000	-1.669340
0.082000	-1.669340
0.083000	-2.475000
0.084000	-0.863673
0.085000	-0.863673
0.086000	0.747656
0.087000	3.970310
0.088000	3.164650
0.089000	3.970310
0.090000	2.358980
0.091000	1.553320
0.092000	1.553320
0.093000	1.553320
0.094000	0.747656
0.095000	-0.058007
0.096000	-0.863673
0.097000	-2.475000
0.098000	-1.669340
0.099000	-0.058007
0.100000	1.553320
0.101000	3.970310
0.102000	2.358980
0.103000	2.358980
0.104000	2.358980
0.105000	1.553320
0.106000	1.553320
0.107000	0.747656
0.108000	-0.863673
0.109000	-0.058007
0.110000	-0.863673
0.111000	0.747656
0.112000	0.747656
0.113000	2.358980
0.114000	2.358980
0.115000	2.358980
0.116000	2.358980
0.117000	1.553320
0.118000	-2.475000
0.119000	-4.086330
0.120000	-6.503320
0.121000	-7.308980
0.122000	-4.086330
0.123000	-3.280660
0.124000	-1.669340
0.125000	-0.863673
0.126000	0.747656
0.127000	-0.058007
0.128000	3.970310
0.129000	0.747656
0.130000	-0.863673
0.131000	-3.280660
0.132000	-1.669340
0.133000	-3.280660
0.134000	-0.863673
0.135000	-0.058007
0.136000	-0.863673
0.137000	-0.058007
0.138000	-0.863673
0.139000	-1.669340
0.140000	-2.475000
0.141000	-4.086330
0.142000	-5.697660
0.143000	-8.114650
0.144000	-9.725980
0.145000	-10.531600
0.146000	-11.337300
0.147000	-7.308980
0.148000	-4.086330
0.149000	0.747656
0.150000	2.358980
0.151000	3.164650
0.152000	2.358980
0.153000	-1.669340
0.154000	-5.697660
0.155000	-7.308980
0.156000	-8.920310
0.157000	-10.531600
0.158000	-9.725980
0.159000	-9.725980
0.160000	-8.920310
0.161000	-6.503320
0.162000	-5.697660
0.163000	-4.891990
0.164000	-4.086330
0.165000	-4.891990
0.166000	-5.697660
0.167000	-7.308980
0.168000	-8.114650
0.169000	-7.308980
0.170000	-8.920310
0.171000	-8.114650
0.172000	-8.114650
0.173000	-7.308980
0.174000	-6.503320
0.175000	-6.503320
0.176000	-7.308980
0.177000	-8.114650
0.178000	-8.920310
0.179000	-8.920310
0.180000	-9.725980
0.181000	-11.337300
0.182000	-10.531600
0.183000	-10.531600
0.184000	-10.531600
0.185000	-8.114650
0.186000	-7.308980
0.187000	-7.308980
0.188000	-6.503320
0.189000	-6.503320
0.190000	-6.503320
0.191000	-7.308980
0.192000	-7.308980
0.193000	-9.725980
0.194000	-11.337300
0.195000	-12.143000
0.196000	-11.337300
0.197000	-12.143000
0.198000	-12.143000
0.199000	-10.531600
0.200000	-8.114650
0.201000	9.609960
0.202000	3.164650
0.203000	-21.810900
0.204000	-16.171301
0.205000	-9.725980
0.206000	-14.560000
0.207000	-12.143000
0.208000	-14.560000
0.209000	-23.422300
