0.000000	0.000000
0.556000	-0.223143
0.640000	-0.905956
0.899000	-0.521874
1.556000	-0.521874
2.332000	-0.009764
3.431000	0.502345
4.609000	0.630373
5.698000	0.971779
6.772000	2.124020
8.094000	3.745700
9.171000	4.855270
10.023000	6.178220
10.879000	6.562310
11.520000	6.519630
11.979000	7.159770
12.292000	7.629200
12.853000	8.098630
13.322000	8.482720
13.827000	9.122850
14.153000	9.720310
14.838000	10.104400
15.211000	10.701900
15.629000	11.000600
16.045000	11.342000
16.414000	11.512700
16.733999	11.896800
16.705999	12.024800
17.378000	12.024800
17.684999	12.579600
17.871000	12.707600
18.243000	12.707600
18.500000	12.835600
18.684999	13.134400
19.076000	13.646500
19.510000	10.787200
19.885000	11.726100
20.398001	12.024800
20.844000	11.939500
21.392000	11.128600
21.875999	11.256600
22.379000	9.720310
