0.000000	-0.223143
0.001000	-0.351170
0.002000	-0.479198
0.003000	-0.564549
0.004000	-0.735252
0.005000	-0.863280
0.006000	-0.905956
0.007000	-0.948631
0.008000	-0.905956
0.009000	-0.820604
0.010000	-0.735252
0.011000	-0.607225
0.012000	-0.564549
0.013000	-0.521874
0.014000	-0.436522
0.015000	-0.479198
0.016000	-0.521874
0.017000	-0.564549
0.018000	-0.649901
0.019000	-0.692577
0.020000	-0.692577
0.021000	-0.649901
0.022000	-0.649901
0.023000	-0.607225
0.024000	-0.521874
0.025000	-0.436522
0.026000	-0.351170
0.027000	-0.308495
0.028000	-0.223143
0.029000	-0.180467
0.030000	-0.137792
0.031000	-0.052440
0.032000	-0.009764
0.033000	0.075587
0.034000	0.118263
0.035000	0.160939
0.036000	0.246290
0.037000	0.331642
0.038000	0.416994
0.039000	0.502345
0.040000	0.502345
0.041000	0.630373
0.042000	0.673048
0.043000	0.673048
0.044000	0.630373
0.045000	0.587697
0.046000	0.545021
0.047000	0.587697
0.048000	0.630373
0.049000	0.630373
0.050000	0.673048
0.051000	0.673048
0.052000	0.715724
0.053000	0.758400
0.054000	0.843751
0.055000	0.886427
0.056000	0.971779
0.057000	1.057130
0.058000	1.142480
0.059000	1.313190
0.060000	1.441210
0.061000	1.569240
0.062000	1.697270
0.063000	1.910650
0.064000	2.124020
0.065000	2.294730
0.066000	2.508110
0.067000	2.678810
0.068000	2.849510
0.069000	3.062890
0.070000	3.233600
0.071000	3.446970
0.072000	3.745700
0.073000	3.959080
0.074000	4.172460
0.075000	4.385840
0.076000	4.556540
0.077000	4.599220
0.078000	4.727250
0.079000	4.769920
0.080000	4.855270
0.081000	5.025980
0.082000	5.239360
0.083000	5.538090
0.084000	5.794140
0.085000	5.964850
0.086000	6.050200
0.087000	6.178220
0.088000	6.178220
0.089000	6.178220
0.090000	6.178220
0.091000	6.263580
0.092000	6.306250
0.093000	6.348930
0.094000	6.434280
0.095000	6.519630
0.096000	6.562310
0.097000	6.562310
0.098000	6.604980
0.099000	6.562310
0.100000	6.476950
0.101000	6.391600
0.102000	6.434280
0.103000	6.434280
0.104000	6.519630
0.105000	6.647660
0.106000	6.818360
0.107000	7.074420
0.108000	7.245120
0.109000	7.245120
0.110000	7.330470
0.111000	7.245120
0.112000	7.159770
0.113000	7.117090
0.114000	7.074420
0.115000	7.159770
0.116000	7.245120
0.117000	7.330470
0.118000	7.501170
0.119000	7.586520
0.120000	7.629200
0.121000	7.671880
0.122000	7.714550
0.123000	7.757230
0.124000	7.757230
0.125000	7.842580
0.126000	7.885260
0.127000	8.013280
0.128000	8.098630
0.129000	8.226660
0.130000	8.312010
0.131000	8.397360
0.132000	8.440040
0.133000	8.440040
0.134000	8.482720
0.135000	8.482720
0.136000	8.482720
0.137000	8.525390
0.138000	8.610740
0.139000	8.738770
0.140000	8.781450
0.141000	8.909470
0.142000	9.037500
0.143000	9.080180
0.144000	9.122850
0.145000	9.165530
0.146000	9.250880
0.147000	9.293560
0.148000	9.378910
0.149000	9.421580
0.150000	9.549610
0.151000	9.634960
0.152000	9.720310
0.153000	9.805670
0.154000	9.848340
0.155000	9.891020
0.156000	9.933690
0.157000	9.933690
0.158000	10.019000
0.159000	10.061700
0.160000	10.104400
0.161000	10.189700
0.162000	10.275100
0.163000	10.360500
0.164000	10.488500
0.165000	10.573800
0.166000	10.616500
0.167000	10.659200
0.168000	10.701900
0.169000	10.659200
0.170000	10.701900
0.171000	10.701900
0.172000	10.744500
0.173000	10.744500
0.174000	10.872600
0.175000	10.915200
0.176000	11.000600
0.177000	11.085900
0.178000	11.085900
0.179000	11.128600
0.180000	11.171300
0.181000	11.171300
0.182000	11.214000
0.183000	11.256600
0.184000	11.342000
0.185000	11.342000
0.186000	11.384700
0.187000	11.384700
0.188000	11.427300
0.189000	11.427300
0.190000	11.470000
0.191000	11.427300
0.192000	11.512700
0.193000	11.555400
0.194000	11.555400
0.195000	11.640700
0.196000	11.683400
0.197000	11.683400
0.198000	11.811400
0.199000	11.854100
0.200000	11.896800
0.201000	11.854100
0.202000	11.896800
0.203000	11.896800
0.204000	11.726100
0.205000	11.768800
0.206000	11.683400
0.207000	11.768800
0.208000	12.024800
0.209000	12.067500
0.210000	12.280900
0.211000	12.451600
0.212000	12.195500
0.213000	12.195500
0.214000	12.110200
0.215000	11.982100
0.216000	12.024800
0.217000	12.067500
0.218000	12.238200
0.219000	12.366200
0.220000	12.451600
0.221000	12.579600
0.222000	12.579600
0.223000	12.536900
0.224000	12.579600
0.225000	12.451600
0.226000	12.408900
0.227000	12.408900
0.228000	12.366200
0.229000	12.366200
0.230000	12.451600
0.231000	12.622300
0.232000	12.707600
0.233000	12.793000
0.234000	12.921000
0.235000	12.835600
0.236000	12.878300
0.237000	12.793000
0.238000	12.793000
0.239000	12.750300
0.240000	12.707600
0.241000	12.793000
0.242000	12.835600
0.243000	12.878300
0.244000	12.963700
0.245000	13.006300
0.246000	12.750300
0.247000	12.835600
0.248000	12.835600
0.249000	12.664900
0.250000	12.793000
0.251000	12.793000
0.252000	12.921000
0.253000	13.006300
0.254000	13.006300
0.255000	13.134400
0.256000	13.134400
0.257000	12.963700
0.258000	12.664900
0.259000	12.579600
0.260000	12.195500
0.261000	12.664900
0.262000	12.793000
0.263000	13.049000
0.264000	13.646500
0.265000	13.646500
0.266000	13.305100
0.267000	12.750300
0.268000	11.811400
0.269000	11.470000
0.270000	10.360500
0.271000	10.275100
0.272000	10.787200
0.273000	10.531200
0.274000	11.470000
0.275000	11.555400
0.276000	11.598000
0.277000	12.238200
0.278000	11.640700
0.279000	11.598000
0.280000	11.726100
0.281000	11.214000
0.282000	11.299300
0.283000	11.085900
0.284000	10.872600
0.285000	11.470000
0.286000	11.384700
0.287000	11.896800
0.288000	12.024800
0.289000	11.896800
0.290000	11.683400
0.291000	11.427300
0.292000	11.214000
0.293000	11.085900
0.294000	11.384700
0.295000	11.726100
0.296000	11.939500
0.297000	12.067500
0.298000	12.323500
0.299000	11.982100
0.300000	11.768800
0.301000	11.726100
0.302000	11.342000
0.303000	11.299300
0.304000	11.128600
0.305000	10.872600
0.306000	10.701900
0.307000	10.701900
0.308000	10.744500
0.309000	10.915200
0.310000	11.128600
0.311000	11.299300
0.312000	11.256600
0.313000	10.915200
0.314000	10.915200
0.315000	10.232400
0.316000	10.061700
0.317000	10.189700
0.318000	9.592290
0.319000	10.061700
0.320000	9.720310
0.321000	8.696100
0.322000	9.891020
0.323000	8.781450
0.324000	8.696100
0.325000	9.464260
0.326000	8.952150
0.327000	9.208200
0.328000	9.208200
0.329000	8.397360
0.330000	8.696100
