0.000000	-1.477260
0.001000	-3.088590
0.002000	-3.894260
0.003000	-4.699920
0.004000	-4.699920
0.005000	-6.311250
0.006000	-7.116910
0.007000	-8.728240
0.008000	-7.922580
0.009000	-7.922580
0.010000	-6.311250
0.011000	-5.505590
0.012000	-4.699920
0.013000	-3.894260
0.014000	-3.894260
0.015000	-3.894260
0.016000	-4.699920
0.017000	-5.505590
0.018000	-6.311250
0.019000	-7.922580
0.020000	-7.116910
0.021000	-7.922580
0.022000	-6.311250
0.023000	-6.311250
0.024000	-6.311250
0.025000	-4.699920
0.026000	-5.505590
0.027000	-3.894260
0.028000	-3.894260
0.029000	-3.088590
0.030000	-2.282930
0.031000	-1.477260
0.032000	-1.477260
0.033000	-1.477260
0.034000	0.134063
0.035000	-0.671601
0.036000	0.939726
0.037000	0.939726
0.038000	1.745390
0.039000	2.551060
0.040000	2.551060
0.041000	3.356720
0.042000	2.551060
0.043000	3.356720
0.044000	1.745390
0.045000	1.745390
0.046000	0.939726
0.047000	0.939726
0.048000	0.134063
0.049000	1.745390
0.050000	0.939726
0.051000	0.134063
0.052000	0.134063
0.053000	0.134063
0.054000	-0.671601
0.055000	-0.671601
0.056000	-0.671601
0.057000	0.134063
0.058000	0.134063
0.059000	0.939726
0.060000	0.134063
0.061000	0.134063
0.062000	0.134063
0.063000	0.134063
0.064000	1.745390
0.065000	2.551060
0.066000	2.551060
0.067000	2.551060
0.068000	3.356720
0.069000	1.745390
0.070000	3.356720
0.071000	2.551060
0.072000	3.356720
0.073000	4.968050
0.074000	5.773710
0.075000	6.579370
0.076000	7.385040
0.077000	6.579370
0.078000	4.968050
0.079000	2.551060
0.080000	2.551060
0.081000	1.745390
0.082000	3.356720
0.083000	5.773710
0.084000	6.579370
0.085000	7.385040
0.086000	7.385040
0.087000	6.579370
0.088000	4.162380
0.089000	4.162380
0.090000	2.551060
0.091000	3.356720
0.092000	3.356720
0.093000	3.356720
0.094000	3.356720
0.095000	2.551060
0.096000	2.551060
0.097000	0.939726
0.098000	0.939726
0.099000	0.939726
0.100000	-0.671601
0.101000	-1.477260
0.102000	-3.088590
0.103000	-3.088590
0.104000	-4.699920
0.105000	-3.088590
0.106000	-1.477260
0.107000	0.939726
0.108000	2.551060
0.109000	3.356720
0.110000	1.745390
0.111000	0.939726
0.112000	-1.477260
0.113000	-3.088590
0.114000	-3.088590
0.115000	-3.088590
0.116000	-3.088590
0.117000	-1.477260
0.118000	-1.477260
0.119000	-0.671601
0.120000	-0.671601
0.121000	0.134063
0.122000	-1.477260
0.123000	-1.477260
0.124000	-1.477260
0.125000	-1.477260
0.126000	-1.477260
0.127000	-1.477260
0.128000	-0.671601
0.129000	0.939726
0.130000	0.134063
0.131000	0.134063
0.132000	-0.671601
0.133000	-1.477260
0.134000	-1.477260
0.135000	-3.088590
0.136000	-3.088590
0.137000	-3.894260
0.138000	-3.894260
0.139000	-3.894260
0.140000	-1.477260
0.141000	-0.671601
0.142000	-0.671601
0.143000	-1.477260
0.144000	-1.477260
0.145000	-2.282930
0.146000	-3.088590
0.147000	-2.282930
0.148000	-3.088590
0.149000	-2.282930
0.150000	-1.477260
0.151000	-1.477260
0.152000	-1.477260
0.153000	-1.477260
0.154000	-1.477260
0.155000	-1.477260
0.156000	-1.477260
0.157000	-1.477260
0.158000	-2.282930
0.159000	-1.477260
0.160000	-1.477260
0.161000	-0.671601
0.162000	-1.477260
0.163000	0.134063
0.164000	0.134063
0.165000	0.134063
0.166000	-0.671601
0.167000	-1.477260
0.168000	-0.671601
0.169000	-1.477260
0.170000	-2.282930
0.171000	-2.282930
0.172000	-3.088590
0.173000	-3.088590
0.174000	-3.088590
0.175000	-3.088590
0.176000	-1.477260
0.177000	-1.477260
0.178000	-2.282930
0.179000	-3.088590
0.180000	-3.894260
0.181000	-3.088590
0.182000	-3.894260
0.183000	-3.088590
0.184000	-2.282930
0.185000	-2.282930
0.186000	-1.477260
0.187000	-2.282930
0.188000	-3.088590
0.189000	-3.894260
0.190000	-3.894260
0.191000	-3.894260
0.192000	-3.088590
0.193000	-3.088590
0.194000	-3.894260
0.195000	-4.699920
0.196000	-3.088590
0.197000	-3.894260
0.198000	-3.088590
0.199000	-3.894260
0.200000	-3.088590
0.201000	-2.282930
0.202000	-1.477260
0.203000	-3.088590
0.204000	-3.088590
0.205000	-6.311250
0.206000	-6.311250
0.207000	-5.505590
0.208000	-4.699920
0.209000	-1.477260
0.210000	-0.671601
0.211000	0.134063
0.212000	-0.671601
0.213000	-2.282930
0.214000	-4.699920
0.215000	-6.311250
0.216000	-7.922580
0.217000	-4.699920
0.218000	-4.699920
0.219000	-3.088590
0.220000	-1.477260
0.221000	-1.477260
0.222000	-0.671601
0.223000	-3.088590
0.224000	-3.088590
0.225000	-3.894260
0.226000	-3.894260
0.227000	-5.505590
0.228000	-6.311250
0.229000	-5.505590
0.230000	-5.505590
0.231000	-4.699920
0.232000	-3.894260
0.233000	-1.477260
0.234000	-2.282930
0.235000	-1.477260
0.236000	-2.282930
0.237000	-4.699920
0.238000	-4.699920
0.239000	-4.699920
0.240000	-5.505590
0.241000	-4.699920
0.242000	-4.699920
0.243000	-3.894260
0.244000	-3.894260
0.245000	-3.088590
0.246000	-2.282930
0.247000	-4.699920
0.248000	-5.505590
0.249000	-6.311250
0.250000	-5.505590
0.251000	-5.505590
0.252000	-5.505590
0.253000	-3.894260
0.254000	-3.088590
0.255000	-4.699920
0.256000	-4.699920
0.257000	-4.699920
0.258000	-7.116910
0.259000	-8.728240
0.260000	-9.533910
0.261000	-12.756600
0.262000	-8.728240
0.263000	-1.477260
0.264000	4.162380
0.265000	8.996370
0.266000	9.802030
0.267000	4.968050
0.268000	-3.894260
0.269000	-15.979200
0.270000	-16.784901
0.271000	-18.396200
0.272000	-18.396200
0.273000	-7.922580
0.274000	-4.699920
0.275000	1.745390
0.276000	4.968050
0.277000	-0.671601
0.278000	0.134063
0.279000	-1.477260
0.280000	-4.699920
0.281000	-3.894260
0.282000	-7.922580
0.283000	-9.533910
0.284000	-8.728240
0.285000	-11.950900
0.286000	-7.116910
0.287000	-1.477260
0.288000	3.356720
0.289000	4.968050
0.290000	0.939726
0.291000	-4.699920
0.292000	-10.339600
0.293000	-11.950900
0.294000	-9.533910
0.295000	-3.894260
0.296000	1.745390
0.297000	4.968050
0.298000	0.134063
0.299000	-1.477260
0.300000	-4.699920
0.301000	-5.505590
0.302000	-3.088590
0.303000	-2.282930
0.304000	-3.894260
0.305000	-6.311250
0.306000	-9.533910
0.307000	-11.145200
0.308000	-9.533910
0.309000	-3.894260
0.310000	-0.671601
0.311000	0.939726
0.312000	0.939726
0.313000	-0.671601
0.314000	-5.505590
0.315000	-7.116910
0.316000	-9.533910
0.317000	-11.145200
0.318000	-5.505590
0.319000	-7.922580
0.320000	-0.671601
0.321000	-2.282930
0.322000	-14.367900
0.323000	-8.728240
0.324000	-6.311250
0.325000	-6.311250
0.326000	-0.671601
0.327000	-0.671601
0.328000	-3.894260
0.329000	-2.282930
0.330000	-8.728240
