0.000000	1.359530
0.001000	-0.520351
0.002000	-0.520351
0.003000	-4.280120
0.004000	-4.280120
0.005000	-4.280120
0.006000	-4.280120
0.007000	-2.400240
0.008000	-0.520351
0.009000	-0.520351
0.010000	1.359530
0.011000	3.239410
0.012000	1.359530
0.013000	1.359530
0.014000	-0.520351
0.015000	-2.400240
0.016000	-2.400240
0.017000	-4.280120
0.018000	-4.280120
0.019000	-2.400240
0.020000	-0.520351
0.021000	-0.520351
0.022000	1.359530
0.023000	3.239410
0.024000	3.239410
0.025000	3.239410
0.026000	3.239410
0.027000	5.119290
0.028000	3.239410
0.029000	3.239410
0.030000	-0.520351
0.031000	1.359530
0.032000	1.359530
0.033000	3.239410
0.034000	5.119290
0.035000	6.999180
0.036000	8.879060
0.037000	8.879060
0.038000	6.999180
0.039000	5.119290
0.040000	6.999180
0.041000	5.119290
0.042000	3.239410
0.043000	3.239410
0.044000	5.119290
0.045000	5.119290
0.046000	6.999180
0.047000	5.119290
0.048000	8.879060
0.049000	6.999180
0.050000	5.119290
0.051000	3.239410
0.052000	5.119290
0.053000	3.239410
0.054000	3.239410
0.055000	1.359530
0.056000	3.239410
0.057000	3.239410
0.058000	5.119290
0.059000	3.239410
0.060000	5.119290
0.061000	3.239410
0.062000	6.999180
0.063000	3.239410
0.064000	5.119290
0.065000	3.239410
0.066000	5.119290
0.067000	3.239410
0.068000	5.119290
0.069000	3.239410
0.070000	3.239410
0.071000	3.239410
0.072000	1.359530
0.073000	1.359530
0.074000	1.359530
0.075000	-0.520351
0.076000	1.359530
0.077000	-0.520351
0.078000	1.359530
0.079000	1.359530
0.080000	1.359530
0.081000	1.359530
0.082000	-0.520351
0.083000	-0.520351
0.084000	-0.520351
0.085000	-4.280120
0.086000	-0.520351
0.087000	-4.280120
0.088000	-2.400240
0.089000	-4.280120
0.090000	-6.160000
0.091000	-4.280120
0.092000	-6.160000
0.093000	-6.160000
0.094000	-8.039880
0.095000	-8.039880
0.096000	-9.919760
0.097000	-9.919760
0.098000	-11.799600
0.099000	-13.679500
0.100000	-13.679500
0.101000	-13.679500
0.102000	-15.559400
0.103000	-13.679500
0.104000	-15.559400
0.105000	-15.559400
0.106000	-17.439301
0.107000	-15.559400
0.108000	-17.439301
0.109000	-19.319201
0.110000	-19.319201
0.111000	-17.439301
0.112000	-21.199100
0.113000	-19.319201
0.114000	-19.319201
0.115000	-19.319201
0.116000	-19.319201
0.117000	-21.199100
0.118000	-19.319201
0.119000	-21.199100
0.120000	-23.078899
0.121000	-23.078899
0.122000	-21.199100
0.123000	-24.958799
0.124000	-23.078899
0.125000	-21.199100
0.126000	-21.199100
0.127000	-21.199100
0.128000	-23.078899
0.129000	-23.078899
0.130000	-24.958799
0.131000	-24.958799
0.132000	-26.838699
0.133000	-26.838699
0.134000	-24.958799
0.135000	-24.958799
0.136000	-24.958799
0.137000	-26.838699
0.138000	-26.838699
0.139000	-24.958799
0.140000	-24.958799
0.141000	-28.718599
0.142000	-28.718599
0.143000	-28.718599
0.144000	-28.718599
0.145000	-28.718599
0.146000	-28.718599
0.147000	-28.718599
0.148000	-30.598499
0.149000	-28.718599
0.150000	-30.598499
0.151000	-28.718599
0.152000	-30.598499
0.153000	-30.598499
0.154000	-30.598499
0.155000	-30.598499
0.156000	-30.598499
0.157000	-30.598499
0.158000	-32.478401
0.159000	-34.358200
0.160000	-32.478401
0.161000	-30.598499
0.162000	-34.358200
0.163000	-32.478401
0.164000	-34.358200
0.165000	-32.478401
0.166000	-34.358200
0.167000	-34.358200
0.168000	-34.358200
0.169000	-32.478401
0.170000	-32.478401
0.171000	-34.358200
0.172000	-32.478401
0.173000	-32.478401
0.174000	-36.238098
0.175000	-36.238098
0.176000	-36.238098
0.177000	-36.238098
0.178000	-36.238098
0.179000	-36.238098
0.180000	-38.118000
0.181000	-36.238098
0.182000	-36.238098
0.183000	-36.238098
0.184000	-38.118000
0.185000	-36.238098
0.186000	-38.118000
0.187000	-39.997898
0.188000	-36.238098
0.189000	-36.238098
0.190000	-36.238098
0.191000	-39.997898
0.192000	-38.118000
0.193000	-39.997898
0.194000	-39.997898
0.195000	-41.877800
0.196000	-38.118000
0.197000	-39.997898
0.198000	-41.877800
0.199000	-41.877800
0.200000	-39.997898
0.201000	-39.997898
0.202000	-41.877800
0.203000	-36.238098
0.204000	-39.997898
0.205000	-41.877800
0.206000	-39.997898
0.207000	-39.997898
0.208000	-41.877800
0.209000	-41.877800
0.210000	-43.757702
0.211000	-43.757702
0.212000	-43.757702
0.213000	-43.757702
0.214000	-43.757702
0.215000	-43.757702
0.216000	-39.997898
0.217000	-41.877800
0.218000	-43.757702
0.219000	-43.757702
0.220000	-43.757702
0.221000	-41.877800
0.222000	-43.757702
0.223000	-47.517399
0.224000	-47.517399
0.225000	-47.517399
0.226000	-45.637501
0.227000	-43.757702
0.228000	-43.757702
0.229000	-43.757702
0.230000	-45.637501
0.231000	-47.517399
0.232000	-47.517399
0.233000	-47.517399
0.234000	-45.637501
0.235000	-49.397301
0.236000	-49.397301
0.237000	-47.517399
0.238000	-47.517399
0.239000	-47.517399
0.240000	-47.517399
0.241000	-47.517399
0.242000	-49.397301
0.243000	-45.637501
0.244000	-47.517399
0.245000	-47.517399
0.246000	-47.517399
0.247000	-49.397301
0.248000	-49.397301
0.249000	-47.517399
0.250000	-47.517399
0.251000	-47.517399
0.252000	-49.397301
0.253000	-47.517399
0.254000	-47.517399
0.255000	-47.517399
0.256000	-45.637501
0.257000	-39.997898
0.258000	-36.238098
0.259000	-34.358200
0.260000	-41.877800
0.261000	-39.997898
0.262000	-36.238098
0.263000	-45.637501
0.264000	-53.157101
0.265000	-49.397301
0.266000	-53.157101
0.267000	-47.517399
0.268000	-53.157101
0.269000	-51.277199
0.270000	-38.118000
0.271000	-43.757702
0.272000	-43.757702
0.273000	-41.877800
0.274000	-43.757702
0.275000	-39.997898
0.276000	-51.277199
0.277000	-49.397301
0.278000	-45.637501
0.279000	-41.877800
0.280000	-49.397301
0.281000	-45.637501
0.282000	-41.877800
0.283000	-39.997898
0.284000	-41.877800
0.285000	-39.997898
0.286000	-43.757702
0.287000	-39.997898
0.288000	-45.637501
0.289000	-47.517399
0.290000	-49.397301
0.291000	-47.517399
0.292000	-43.757702
0.293000	-45.637501
0.294000	-41.877800
0.295000	-39.997898
0.296000	-39.997898
0.297000	-39.997898
0.298000	-43.757702
0.299000	-41.877800
0.300000	-43.757702
0.301000	-47.517399
0.302000	-45.637501
0.303000	-49.397301
0.304000	-45.637501
0.305000	-41.877800
0.306000	-43.757702
0.307000	-39.997898
0.308000	-39.997898
0.309000	-41.877800
0.310000	-43.757702
0.311000	-45.637501
0.312000	-43.757702
0.313000	-41.877800
0.314000	-41.877800
0.315000	-39.997898
0.316000	-43.757702
0.317000	-39.997898
0.318000	-39.997898
0.319000	-43.757702
0.320000	-19.319201
0.321000	-47.517399
0.322000	-56.916801
0.323000	-41.877800
0.324000	-39.997898
0.325000	-43.757702
0.326000	-36.238098
0.327000	-34.358200
0.328000	-36.238098
0.329000	-28.718599
0.330000	-39.997898
