-0.500000	-0.853524
-0.499000	-0.675456
-0.498000	-0.764581
-0.497000	-0.764581
-0.496000	-0.764581
-0.495000	-0.764581
-0.494000	-0.586513
-0.493000	-0.764581
-0.492000	-0.764581
-0.491000	-0.764581
-0.490000	-0.675456
-0.489000	-0.764581
-0.488000	-0.853524
-0.487000	-0.853524
-0.486000	-0.853524
-0.485000	-0.853524
-0.484000	-0.764581
-0.483000	-0.764581
-0.482000	-0.764581
-0.481000	-0.675456
-0.480000	-0.764581
-0.479000	-0.853524
-0.478000	-0.675456
-0.477000	-0.853524
-0.476000	-0.853524
-0.475000	-0.853524
-0.474000	-0.764581
-0.473000	-0.764581
-0.472000	-0.764581
-0.471000	-0.853524
-0.470000	-0.764581
-0.469000	-0.853524
-0.468000	-0.764581
-0.467000	-0.853524
-0.466000	-0.764581
-0.465000	-0.675456
-0.464000	-0.853524
-0.463000	-0.764581
-0.462000	-0.764581
-0.461000	-0.675456
-0.460000	-0.675456
-0.459000	-0.675456
-0.458000	-0.853524
-0.457000	-0.853524
-0.456000	-0.764581
-0.455000	-0.853524
-0.454000	-0.764581
-0.453000	-0.764581
-0.452000	-0.853524
-0.451000	-0.764581
-0.450000	-0.675456
-0.449000	-0.675456
-0.448000	-0.764581
-0.447000	-0.675456
-0.446000	-0.764581
-0.445000	-0.853524
-0.444000	-0.853524
-0.443000	-0.764581
-0.442000	-0.675456
-0.441000	-0.853524
-0.440000	-0.853524
-0.439000	-0.853524
-0.438000	-0.764581
-0.437000	-0.764581
-0.436000	-0.853524
-0.435000	-0.853524
-0.434000	-0.764581
-0.433000	-0.764581
-0.432000	-0.853524
-0.431000	-0.675456
-0.430000	-0.764581
-0.429000	-0.764581
-0.428000	-0.764581
-0.427000	-0.764581
-0.426000	-0.764581
-0.425000	-0.675456
-0.424000	-0.853524
-0.423000	-0.764581
-0.422000	-0.853524
-0.421000	-0.764581
-0.420000	-0.764581
-0.419000	-0.853524
-0.418000	-0.853524
-0.417000	-0.675456
-0.416000	-0.675456
-0.415000	-0.586513
-0.414000	-0.853524
-0.413000	-0.675456
-0.412000	-0.675456
-0.411000	-0.764581
-0.410000	-0.764581
-0.409000	-0.764581
-0.408000	-0.764581
-0.407000	-0.675456
-0.406000	-0.764581
-0.405000	-0.853524
-0.404000	-0.853524
-0.403000	-0.853524
-0.402000	-0.853524
-0.401000	-0.853524
-0.400000	-0.853524
-0.399000	-0.764581
-0.398000	-0.764581
-0.397000	-0.764581
-0.396000	-0.764581
-0.395000	-0.675456
-0.394000	-0.853524
-0.393000	-0.675456
-0.392000	-0.764581
-0.391000	-0.675456
-0.390000	-0.675456
-0.389000	-0.764581
-0.388000	-0.853524
-0.387000	-0.675456
-0.386000	-0.764581
-0.385000	-0.764581
-0.384000	-0.764581
-0.383000	-0.764581
-0.382000	-0.675456
-0.381000	-0.853524
-0.380000	-0.764581
-0.379000	-0.764581
-0.378000	-0.675456
-0.377000	-0.675456
-0.376000	-0.764581
-0.375000	-0.853524
-0.374000	-0.764581
-0.373000	-0.853524
-0.372000	-0.764581
-0.371000	-0.675456
-0.370000	-0.675456
-0.369000	-0.942466
-0.368000	-0.675456
-0.367000	-0.764581
-0.366000	-0.764581
-0.365000	-0.586513
-0.364000	-0.764581
-0.363000	-0.853524
-0.362000	-0.853524
-0.361000	-0.675456
-0.360000	-0.675456
-0.359000	-0.764581
-0.358000	-0.853524
-0.357000	-0.853524
-0.356000	-0.764581
-0.355000	-0.853524
-0.354000	-0.764581
-0.353000	-0.853524
-0.352000	-0.853524
-0.351000	-0.764581
-0.350000	-0.942466
-0.349000	-0.675456
-0.348000	-0.764581
-0.347000	-0.764581
-0.346000	-0.853524
-0.345000	-0.675456
-0.344000	-0.853524
-0.343000	-0.675456
-0.342000	-0.853524
-0.341000	-0.942466
-0.340000	-0.764581
-0.339000	-0.675456
-0.338000	-0.853524
-0.337000	-0.675456
-0.336000	-0.853524
-0.335000	-0.853524
-0.334000	-0.675456
-0.333000	-0.675456
-0.332000	-0.675456
-0.331000	-0.675456
-0.330000	-0.675456
-0.329000	-0.675456
-0.328000	-0.675456
-0.327000	-0.764581
-0.326000	-0.764581
-0.325000	-1.031410
-0.324000	-0.853524
-0.323000	-0.764581
-0.322000	-0.764581
-0.321000	-0.764581
-0.320000	-0.942466
-0.319000	-0.853524
-0.318000	-0.853524
-0.317000	-0.853524
-0.316000	-0.764581
-0.315000	-0.764581
-0.314000	-0.764581
-0.313000	-0.764581
-0.312000	-0.764581
-0.311000	-0.764581
-0.310000	-0.675456
-0.309000	-0.764581
-0.308000	-0.853524
-0.307000	-0.853524
-0.306000	-0.675456
-0.305000	-0.764581
-0.304000	-0.764581
-0.303000	-0.764581
-0.302000	-0.853524
-0.301000	-0.675456
-0.300000	-0.764581
-0.299000	-0.675456
-0.298000	-0.853524
-0.297000	-0.764581
-0.296000	-0.764581
-0.295000	-0.675456
-0.294000	-0.675456
-0.293000	-0.764581
-0.292000	-0.764581
-0.291000	-0.853524
-0.290000	-0.764581
-0.289000	-0.853524
-0.288000	-0.764581
-0.287000	-0.764581
-0.286000	-0.853524
-0.285000	-0.853524
-0.284000	-0.675456
-0.283000	-0.764581
-0.282000	-0.853524
-0.281000	-0.853524
-0.280000	-0.764581
-0.279000	-0.675456
-0.278000	-0.675456
-0.277000	-0.675456
-0.276000	-0.853524
-0.275000	-0.764581
-0.274000	-0.764581
-0.273000	-0.764581
-0.272000	-0.764581
-0.271000	-0.853524
-0.270000	-0.853524
-0.269000	-0.853524
-0.268000	-0.764581
-0.267000	-0.853524
-0.266000	-0.675456
-0.265000	-0.764581
-0.264000	-0.853524
-0.263000	-0.853524
-0.262000	-0.764581
-0.261000	-0.853524
-0.260000	-0.764581
-0.259000	-0.853524
-0.258000	-0.942466
-0.257000	-0.853524
-0.256000	-0.675456
-0.255000	-0.853524
-0.254000	-0.764581
-0.253000	-0.764581
-0.252000	-0.853524
-0.251000	-0.586513
-0.250000	-0.675456
-0.249000	-0.853524
-0.248000	-0.764581
-0.247000	-0.675456
-0.246000	-0.675456
-0.245000	-0.764581
-0.244000	-0.764581
-0.243000	-0.764581
-0.242000	-0.764581
-0.241000	-0.675456
-0.240000	-0.853524
-0.239000	-0.764581
-0.238000	-0.853524
-0.237000	-0.853524
-0.236000	-0.853524
-0.235000	-0.675456
-0.234000	-0.764581
-0.233000	-0.853524
-0.232000	-0.853524
-0.231000	-0.764581
-0.230000	-0.675456
-0.229000	-0.675456
-0.228000	-0.675456
-0.227000	-0.853524
-0.226000	-0.853524
-0.225000	-0.764581
-0.224000	-0.942466
-0.223000	-0.764581
-0.222000	-0.764581
-0.221000	-0.764581
-0.220000	-0.853524
-0.219000	-0.853524
-0.218000	-0.853524
-0.217000	-0.764581
-0.216000	-0.764581
-0.215000	-0.675456
-0.214000	-0.675456
-0.213000	-0.764581
-0.212000	-0.675456
-0.211000	-0.675456
-0.210000	-0.764581
-0.209000	-0.853524
-0.208000	-0.942466
-0.207000	-0.764581
-0.206000	-0.764581
-0.205000	-0.853524
-0.204000	-0.853524
-0.203000	-0.853524
-0.202000	-0.675456
-0.201000	-0.764581
-0.200000	-0.675456
-0.199000	-0.675456
-0.198000	-0.764581
-0.197000	-0.853524
-0.196000	-0.764581
-0.195000	-0.764581
-0.194000	-0.586513
-0.193000	-0.675456
-0.192000	-0.675456
-0.191000	-0.764581
-0.190000	-0.764581
-0.189000	-0.764581
-0.188000	-0.764581
-0.187000	-0.764581
-0.186000	-0.764581
-0.185000	-0.853524
-0.184000	-0.853524
-0.183000	-0.853524
-0.182000	-0.675456
-0.181000	-0.764581
-0.180000	-0.675456
-0.179000	-0.675456
-0.178000	-0.675456
-0.177000	-0.764581
-0.176000	-0.853524
-0.175000	-0.764581
-0.174000	-0.764581
-0.173000	-0.853524
-0.172000	-0.853524
-0.171000	-0.675456
-0.170000	-0.764581
-0.169000	-0.853524
-0.168000	-0.764581
-0.167000	-0.764581
-0.166000	-0.675456
-0.165000	-0.764581
-0.164000	-0.675456
-0.163000	-0.675456
-0.162000	-0.586513
-0.161000	-0.764581
-0.160000	-0.675456
-0.159000	-0.764581
-0.158000	-0.675456
-0.157000	-0.764581
-0.156000	-0.764581
-0.155000	-0.675456
-0.154000	-0.764581
-0.153000	-0.764581
-0.152000	-0.853524
-0.151000	-0.675456
-0.150000	-0.853524
-0.149000	-0.764581
-0.148000	-0.853524
-0.147000	-0.853524
-0.146000	-0.764581
-0.145000	-0.764581
-0.144000	-0.764581
-0.143000	-0.764581
-0.142000	-0.764581
-0.141000	-0.942466
-0.140000	-0.853524
-0.139000	-0.853524
-0.138000	-0.853524
-0.137000	-0.675456
-0.136000	-0.942466
-0.135000	-0.764581
-0.134000	-0.853524
-0.133000	-0.675456
-0.132000	-0.675456
-0.131000	-0.764581
-0.130000	-0.675456
-0.129000	-0.853524
-0.128000	-0.853524
-0.127000	-0.764581
-0.126000	-0.853524
-0.125000	-0.764581
-0.124000	-0.853524
-0.123000	-0.764581
-0.122000	-0.764581
-0.121000	-0.764581
-0.120000	-0.764581
-0.119000	-0.853524
-0.118000	-0.764581
-0.117000	-0.764581
-0.116000	-0.675456
-0.115000	-0.675456
-0.114000	-0.853524
-0.113000	-0.764581
-0.112000	-0.853524
-0.111000	-0.764581
-0.110000	-0.764581
-0.109000	-0.764581
-0.108000	-0.764581
-0.107000	-0.853524
-0.106000	-0.853524
-0.105000	-0.853524
-0.104000	-0.764581
-0.103000	-0.853524
-0.102000	-0.764581
-0.101000	-0.853524
-0.100000	-0.675456
-0.099000	-0.675456
-0.098000	-0.853524
-0.097000	-0.675456
-0.096000	-0.853524
-0.095000	-0.764581
-0.094000	-0.764581
-0.093000	-0.764581
-0.092000	-0.942466
-0.091000	-0.853524
-0.090000	-0.675456
-0.089000	-0.764581
-0.088000	-0.764581
-0.087000	-0.764581
-0.086000	-0.853524
-0.085000	-0.675456
-0.084000	-0.675456
-0.083000	-0.675456
-0.082000	-0.853524
-0.081000	-0.675456
-0.080000	-0.675456
-0.079000	-0.764581
-0.078000	-0.764581
-0.077000	-0.675456
-0.076000	-0.853524
-0.075000	-0.853524
-0.074000	-0.853524
-0.073000	-0.764581
-0.072000	-0.942466
-0.071000	-0.942466
-0.070000	-0.853524
-0.069000	-0.764581
-0.068000	-0.853524
-0.067000	-0.675456
-0.066000	-0.675456
-0.065000	-0.675456
-0.064000	-0.764581
-0.063000	-0.764581
-0.062000	-0.764581
-0.061000	-0.764581
-0.060000	-0.764581
-0.059000	-0.942466
-0.058000	-0.853524
-0.057000	-0.853524
-0.056000	-0.764581
-0.055000	-0.853524
-0.054000	-0.853524
-0.053000	-0.764581
-0.052000	-0.853524
-0.051000	-0.853524
-0.050000	-0.764581
-0.049000	-0.764581
-0.048000	-0.675456
-0.047000	-0.586513
-0.046000	-0.853524
-0.045000	-0.853524
-0.044000	-0.675456
-0.043000	-0.764581
-0.042000	-0.764581
-0.041000	-0.853524
-0.040000	-0.853524
-0.039000	-0.853524
-0.038000	-0.853524
-0.037000	-0.853524
-0.036000	-0.942466
-0.035000	-0.764581
-0.034000	-0.764581
-0.033000	-0.764581
-0.032000	-0.764581
-0.031000	-0.853524
-0.030000	-0.764581
-0.029000	-0.764581
-0.028000	-0.764581
-0.027000	-0.853524
-0.026000	-0.764581
-0.025000	-0.853524
-0.024000	-0.942466
-0.023000	-0.853524
-0.022000	-0.853524
-0.021000	-0.764581
-0.020000	-0.586513
-0.019000	-0.586513
-0.018000	-0.675456
-0.017000	-0.675456
-0.016000	-0.675456
-0.015000	-0.853524
-0.014000	-0.764581
-0.013000	-0.319502
-0.012000	-0.586513
-0.011000	-0.764581
-0.010000	-0.586513
-0.009000	-1.209480
-0.008000	-1.031410
-0.007000	-1.031410
-0.006000	-0.853524
-0.005000	-1.209480
-0.004000	-1.298420
-0.003000	-1.387550
-0.002000	-1.298420
-0.001000	-0.942466
0.000000	-1.120530
0.001000	-1.476490
0.002000	-1.387550
0.003000	-1.298420
0.004000	-1.298420
0.005000	-1.743500
0.006000	-1.654370
0.007000	-1.387550
0.008000	-0.853524
0.009000	-2.277340
0.010000	-3.078370
0.011000	-1.120530
0.012000	-2.633290
0.013000	-3.434330
0.014000	0.125395
0.015000	0.837485
0.016000	-1.743500
0.017000	-1.832440
0.018000	-1.743500
0.019000	-2.277340
0.020000	-1.031410
0.021000	0.392406
0.022000	-0.675456
0.023000	-0.230559
0.024000	0.392406
0.025000	0.125395
0.026000	-0.052491
0.027000	-0.853524
0.028000	-1.387550
0.029000	-1.031410
0.030000	0.125395
0.031000	0.659417
0.032000	0.303463
0.033000	0.481349
0.034000	0.659417
0.035000	1.015370
0.036000	1.727280
0.037000	1.282380
0.038000	0.570474
0.039000	0.837485
0.040000	1.638340
0.041000	2.172360
0.042000	2.528310
0.043000	2.261300
0.044000	1.905350
0.045000	1.282380
0.046000	1.549390
0.047000	0.748360
0.048000	1.282380
0.049000	2.172360
0.050000	2.528310
0.051000	1.816400
0.052000	1.727280
0.053000	2.172360
0.054000	1.549390
0.055000	1.638340
0.056000	1.727280
0.057000	1.905350
0.058000	1.104310
0.059000	1.104310
0.060000	1.638340
0.061000	1.282380
0.062000	1.193440
0.063000	1.104310
0.064000	0.748360
0.065000	0.837485
0.066000	1.193440
0.067000	1.638340
0.068000	1.193440
0.069000	0.659417
0.070000	1.015370
0.071000	0.659417
0.072000	0.748360
0.073000	0.837485
0.074000	1.015370
0.075000	0.837485
0.076000	0.926428
0.077000	1.282380
0.078000	1.282380
0.079000	1.193440
0.080000	1.638340
0.081000	2.973210
0.082000	3.151280
0.083000	2.528310
0.084000	3.151280
0.085000	3.596170
0.086000	3.062330
0.087000	3.685300
0.088000	4.041250
0.089000	3.596170
0.090000	3.596170
0.091000	3.062330
0.092000	3.596170
0.093000	4.308260
0.094000	4.842100
0.095000	3.952130
0.096000	3.685300
0.097000	3.685300
0.098000	4.130190
0.099000	4.397200
0.100000	4.308260
0.101000	4.041250
0.102000	3.507230
0.103000	2.884260
0.104000	2.884260
0.105000	3.151280
0.106000	2.973210
0.107000	2.350240
0.108000	2.528310
0.109000	2.439370
0.110000	2.261300
0.111000	2.172360
0.112000	2.261300
0.113000	2.172360
0.114000	1.816400
0.115000	1.994290
0.116000	1.816400
0.117000	1.549390
0.118000	0.926428
0.119000	0.926428
0.120000	0.748360
0.121000	3.062330
0.122000	0.303463
0.123000	-0.497570
0.124000	1.015370
0.125000	1.727280
0.126000	1.638340
0.127000	2.083230
0.128000	3.240220
0.129000	1.460450
0.130000	-2.633290
0.131000	0.481349
0.132000	2.617250
0.133000	-0.586513
0.134000	14.542500
0.135000	5.999090
0.136000	-0.230559
0.137000	3.151280
0.138000	2.350240
0.139000	1.282380
0.140000	6.443980
0.141000	5.821020
0.142000	-0.942466
0.143000	0.036452
0.144000	1.727280
0.145000	3.952130
0.146000	6.978010
0.147000	0.214520
0.148000	-4.057290
0.149000	-3.612390
0.150000	7.245020
0.151000	5.732080
0.152000	7.600970
0.153000	1.104310
0.154000	-6.104070
0.155000	-4.235360
0.156000	0.837485
0.157000	-0.230559
0.158000	-1.832440
0.159000	-3.879220
0.160000	-12.244800
0.161000	-7.528070
0.162000	-2.811360
0.163000	-4.324300
0.164000	-7.705950
0.165000	-7.350000
0.166000	-10.731800
0.167000	-13.490700
0.168000	-5.570230
0.169000	-6.994050
0.170000	-14.113700
0.171000	-15.893400
0.172000	-15.181500
0.173000	-14.647500
0.174000	-10.464800
0.175000	-8.328920
0.176000	-14.736600
0.177000	-18.118299
0.178000	-11.621800
0.179000	-3.701340
0.180000	-4.502190
0.181000	-2.722420
0.182000	0.036452
0.183000	-7.972960
0.184000	-3.256260
0.185000	4.931040
0.186000	0.748360
0.187000	-4.947270
0.188000	-5.036210
0.189000	-2.188400
0.190000	1.905350
0.191000	2.884260
0.192000	5.999090
0.193000	8.312880
0.194000	2.083230
0.195000	4.931040
0.196000	6.799940
0.197000	9.558810
0.198000	7.600970
0.199000	8.579890
0.200000	-2.544350
0.201000	13.563600
0.202000	13.207700
0.203000	8.935840
0.204000	5.910150
0.205000	6.799940
0.206000	6.978010
0.207000	11.605800
0.208000	18.458200
0.209000	13.830600
0.210000	9.202850
0.211000	11.338800
0.212000	15.165500
0.213000	15.521400
0.214000	13.296600
0.215000	9.380920
0.216000	4.219140
0.217000	6.533110
0.218000	5.732080
0.219000	2.617250
0.220000	5.198060
0.221000	1.460450
0.222000	-1.832440
0.223000	-1.565430
0.224000	1.193440
0.225000	-1.921380
0.226000	-5.748120
0.227000	-6.638090
0.228000	-9.218890
0.229000	-12.066700
0.230000	-11.532900
0.231000	-10.375900
0.232000	-12.689700
0.233000	-15.359600
0.234000	-16.427500
0.235000	-14.024500
0.236000	-11.087800
0.237000	-12.956700
0.238000	-17.050400
0.239000	-17.050400
0.240000	-13.045600
0.241000	-10.197800
0.242000	-11.532900
0.243000	-13.223700
0.244000	-12.956700
0.245000	-12.600700
0.246000	-11.176700
0.247000	-9.663970
0.248000	-9.485900
0.249000	-10.909900
0.250000	-11.354800
0.251000	-8.862940
0.252000	-5.392160
0.253000	-3.879220
0.254000	-1.921380
0.255000	-1.209480
0.256000	-2.277340
0.257000	-2.366460
0.258000	0.926428
0.259000	2.973210
0.260000	1.549390
0.261000	0.748360
0.262000	1.549390
0.263000	2.884260
0.264000	3.685300
0.265000	4.486150
0.266000	4.308260
0.267000	3.952130
0.268000	5.198060
0.269000	6.799940
0.270000	7.245020
0.271000	6.443980
0.272000	4.842100
0.273000	4.486150
0.274000	-4.502190
0.275000	7.867980
0.276000	6.978010
0.277000	-2.188400
0.278000	-2.722420
0.279000	4.397200
0.280000	1.104310
0.281000	-6.816160
0.282000	16.322300
0.283000	15.966300
0.284000	2.528310
0.285000	-1.832440
0.286000	3.329160
0.287000	5.465070
0.288000	2.083230
0.289000	-0.141616
0.290000	5.643130
0.291000	-6.816160
0.292000	3.596170
0.293000	2.973210
0.294000	-2.633290
0.295000	3.685300
0.296000	-0.141616
0.297000	-14.736600
0.298000	1.104310
0.299000	8.223940
0.300000	-1.743500
0.301000	-4.858140
0.302000	-1.654370
0.303000	1.816400
0.304000	-1.209480
0.305000	11.516600
0.306000	15.788500
0.307000	-14.736600
0.308000	-8.418040
0.309000	22.907900
0.310000	13.474500
0.311000	27.624599
0.312000	24.064899
0.313000	-14.825600
0.314000	-22.212000
0.315000	0.748360
0.316000	19.704100
0.317000	30.561399
0.318000	18.280300
0.319000	-6.727030
0.320000	-7.439120
0.321000	15.610400
0.322000	23.353001
0.323000	18.191200
0.324000	0.481349
0.325000	-13.935600
0.326000	2.083230
0.327000	18.369301
0.328000	19.615200
0.329000	14.631500
0.330000	-3.078370
0.331000	-17.406401
0.332000	-4.057290
0.333000	12.940600
0.334000	17.034401
0.335000	7.333960
0.336000	-6.193190
0.337000	-6.282140
0.338000	1.193440
0.339000	11.783700
0.340000	16.856300
0.341000	5.287180
0.342000	-2.900300
0.343000	2.795320
0.344000	8.045870
0.345000	10.893700
0.346000	6.711000
0.347000	-3.345380
0.348000	-7.617010
0.349000	-8.328920
0.350000	4.753160
0.351000	10.893700
0.352000	-4.235360
0.353000	-8.862940
0.354000	4.842100
0.355000	12.228700
0.356000	13.474500
0.357000	4.931040
0.358000	1.193440
0.359000	-3.701340
0.360000	-13.134700
0.361000	-12.511800
0.362000	2.973210
0.363000	2.617250
0.364000	-14.825600
0.365000	-17.050400
0.366000	-5.570230
0.367000	2.083230
0.368000	-1.565430
0.369000	-6.816160
0.370000	-11.087800
0.371000	1.905350
0.372000	13.385500
0.373000	-5.748120
0.374000	-13.668600
0.375000	-15.893400
0.376000	-39.921902
0.377000	-46.062599
0.378000	-8.951880
0.379000	7.245020
0.380000	-12.066700
0.381000	-4.324300
0.382000	8.935840
0.383000	-30.043600
0.384000	-41.879700
0.385000	-14.736600
0.386000	-14.647500
0.387000	-30.399500
0.388000	-2.544350
0.389000	24.776800
0.390000	4.753160
0.391000	-18.296400
0.392000	-22.479000
0.393000	-31.111401
0.394000	-35.294300
0.395000	-9.930980
0.396000	11.160700
0.397000	4.664220
0.398000	-2.633290
0.399000	0.659417
0.400000	-2.989430
0.401000	-2.455410
0.402000	7.066950
0.403000	5.554010
0.404000	-4.591310
0.405000	2.706200
0.406000	13.474500
0.407000	7.689910
0.408000	8.312880
0.409000	15.966300
0.410000	11.872600
0.411000	8.312880
0.412000	18.814199
0.413000	24.153799
0.414000	17.123301
0.415000	11.605800
0.416000	12.584700
0.417000	14.453600
0.418000	19.615200
0.419000	28.514601
0.420000	26.289700
0.421000	15.610400
0.422000	8.846900
0.423000	16.233400
0.424000	22.462999
0.425000	14.453600
0.426000	8.935840
0.427000	10.092800
0.428000	13.207700
0.429000	21.128099
0.430000	23.530899
0.431000	16.144400
0.432000	9.024790
0.433000	6.622050
0.434000	6.266100
0.435000	6.978010
0.436000	6.355040
0.437000	2.083230
0.438000	1.727280
0.439000	6.355040
0.440000	8.490950
0.441000	3.863180
0.442000	-1.209480
0.443000	0.214520
0.444000	5.198060
0.445000	3.596170
0.446000	-3.879220
0.447000	-7.083170
0.448000	-4.324300
0.449000	-5.036210
0.450000	-8.595930
0.451000	-8.328920
0.452000	-7.972960
0.453000	-7.795080
0.454000	-6.015130
0.455000	-4.769200
0.456000	-7.172110
0.457000	-10.286900
0.458000	-7.350000
0.459000	-3.612390
0.460000	-9.485900
0.461000	-9.574850
0.462000	-5.481100
0.463000	-7.705950
0.464000	-9.308020
0.465000	-5.214280
0.466000	-6.994050
0.467000	-11.354800
0.468000	-5.926180
0.469000	-0.764581
0.470000	-5.926180
0.471000	-7.172110
0.472000	-5.837240
0.473000	-4.591310
0.474000	-4.413240
0.475000	-4.413240
0.476000	-4.769200
0.477000	-1.921380
0.478000	-0.497570
0.479000	-1.387550
0.480000	-1.921380
0.481000	-4.680250
0.482000	-7.705950
0.483000	-3.701340
0.484000	-1.565430
0.485000	-1.743500
0.486000	-5.748120
0.487000	-6.104070
0.488000	-2.277340
0.489000	0.481349
0.490000	-0.497570
0.491000	-1.031410
0.492000	-3.078370
0.493000	-4.769200
0.494000	-4.591310
0.495000	-3.345380
0.496000	-5.125150
0.497000	-6.460210
0.498000	-5.125150
0.499000	-2.900300
0.500000	-0.675456
0.501000	1.282380
0.502000	0.481349
0.503000	-1.476490
0.504000	-1.120530
0.505000	-1.298420
0.506000	-2.455410
0.507000	-3.345380
0.508000	-2.455410
0.509000	-1.298420
0.510000	-2.989430
0.511000	-1.120530
0.512000	3.151280
0.513000	1.638340
0.514000	1.549390
0.515000	1.994290
0.516000	2.172360
0.517000	2.083230
0.518000	1.549390
0.519000	0.392406
0.520000	0.926428
0.521000	0.659417
0.522000	2.261300
0.523000	3.151280
0.524000	2.439370
0.525000	2.261300
0.526000	4.130190
0.527000	3.507230
0.528000	3.952130
0.529000	4.219140
0.530000	7.867980
0.531000	5.198060
0.532000	3.774240
0.533000	4.130190
0.534000	0.837485
0.535000	1.193440
0.536000	5.465070
0.537000	7.333960
0.538000	3.418290
0.539000	-3.345380
0.540000	-3.790280
0.541000	-3.256260
0.542000	-3.790280
0.543000	-1.654370
0.544000	0.481349
0.545000	-3.078370
0.546000	-5.125150
0.547000	-6.638090
0.548000	-7.617010
0.549000	-6.015130
0.550000	-2.811360
0.551000	-2.544350
0.552000	-5.125150
0.553000	-7.261060
0.554000	-8.418040
0.555000	-6.460210
0.556000	-3.256260
0.557000	-2.722420
0.558000	-5.303220
0.559000	-6.549150
0.560000	-5.570230
0.561000	-2.989430
0.562000	-2.544350
0.563000	-3.345380
0.564000	-3.167310
0.565000	-4.769200
0.566000	-3.345380
0.567000	-0.586513
0.568000	0.570474
0.569000	0.392406
0.570000	0.926428
0.571000	1.994290
0.572000	1.282380
0.573000	-0.230559
0.574000	0.036452
0.575000	0.125395
0.576000	1.994290
0.577000	2.973210
0.578000	2.261300
0.579000	-0.408445
0.580000	0.125395
0.581000	2.973210
0.582000	3.952130
0.583000	3.685300
0.584000	2.795320
0.585000	1.460450
0.586000	2.973210
0.587000	2.884260
0.588000	-0.319502
0.589000	-1.298420
0.590000	0.481349
0.591000	0.570474
0.592000	-0.052491
0.593000	-1.120530
0.594000	-2.010330
0.595000	-2.722420
0.596000	-2.722420
0.597000	-2.010330
0.598000	-1.298420
0.599000	0.481349
0.600000	-2.188400
0.601000	-7.705950
0.602000	-6.727030
0.603000	-2.099450
0.604000	-2.010330
0.605000	-5.125150
0.606000	-5.748120
0.607000	-5.570230
0.608000	-5.837240
0.609000	-4.502190
0.610000	-2.633290
0.611000	-2.544350
0.612000	-5.036210
0.613000	-4.769200
0.614000	-2.989430
0.615000	-1.565430
0.616000	0.036452
0.617000	0.392406
0.618000	-0.408445
0.619000	-1.298420
0.620000	-1.832440
0.621000	-1.031410
0.622000	-0.141616
0.623000	-0.497570
0.624000	-0.853524
0.625000	-0.319502
0.626000	1.727280
0.627000	3.952130
0.628000	3.329160
0.629000	2.795320
0.630000	2.973210
0.631000	4.842100
0.632000	4.308260
0.633000	1.994290
0.634000	1.015370
0.635000	1.816400
0.636000	2.350240
0.637000	1.193440
0.638000	0.303463
0.639000	0.926428
0.640000	2.528310
0.641000	3.596170
0.642000	1.816400
0.643000	2.350240
0.644000	3.151280
0.645000	2.439370
0.646000	1.994290
0.647000	2.617250
0.648000	1.015370
0.649000	-1.031410
0.650000	-0.853524
0.651000	0.837485
0.652000	-0.052491
0.653000	-1.120530
0.654000	-1.031410
0.655000	1.282380
0.656000	0.392406
0.657000	0.036452
0.658000	1.193440
0.659000	3.418290
0.660000	3.240220
0.661000	1.727280
0.662000	1.638340
0.663000	1.371320
0.664000	0.481349
0.665000	0.926428
0.666000	1.193440
0.667000	1.104310
0.668000	0.748360
0.669000	0.926428
0.670000	1.549390
0.671000	2.261300
0.672000	2.528310
0.673000	1.905350
0.674000	1.638340
0.675000	1.994290
0.676000	2.261300
0.677000	1.994290
0.678000	1.549390
0.679000	0.926428
0.680000	-0.230559
0.681000	0.036452
0.682000	1.460450
0.683000	1.460450
0.684000	-0.141616
0.685000	-1.031410
0.686000	0.748360
0.687000	2.083230
0.688000	1.727280
0.689000	1.015370
0.690000	0.303463
0.691000	0.125395
0.692000	0.481349
0.693000	0.125395
0.694000	-0.764581
0.695000	-1.387550
0.696000	-1.654370
0.697000	-1.476490
0.698000	-0.853524
0.699000	-0.141616
0.700000	-0.586513
0.701000	-1.209480
0.702000	-0.408445
0.703000	0.481349
0.704000	0.392406
0.705000	-1.031410
0.706000	-1.387550
0.707000	-0.764581
0.708000	0.303463
0.709000	0.926428
0.710000	0.036452
0.711000	-1.298420
0.712000	-0.942466
0.713000	0.659417
0.714000	0.748360
0.715000	0.036452
0.716000	-0.052491
0.717000	0.125395
0.718000	0.392406
0.719000	1.371320
0.720000	1.549390
0.721000	0.481349
0.722000	-0.230559
0.723000	-0.230559
0.724000	-0.586513
0.725000	-0.675456
0.726000	-0.764581
0.727000	-1.387550
0.728000	-1.654370
0.729000	-1.298420
0.730000	-0.942466
0.731000	-1.031410
0.732000	-1.654370
0.733000	-1.654370
0.734000	-1.743500
0.735000	-1.654370
0.736000	-1.298420
0.737000	-1.565430
0.738000	-2.277340
0.739000	-2.544350
0.740000	-1.565430
0.741000	-1.387550
0.742000	-1.832440
0.743000	-2.010330
0.744000	-1.298420
0.745000	-1.298420
0.746000	-1.298420
0.747000	-0.319502
0.748000	-0.052491
0.749000	-0.586513
0.750000	-1.031410
0.751000	-0.230559
0.752000	0.303463
0.753000	0.570474
0.754000	0.303463
0.755000	-0.141616
0.756000	0.214520
0.757000	1.282380
0.758000	1.460450
0.759000	-0.141616
0.760000	-1.298420
0.761000	-0.141616
0.762000	1.905350
0.763000	2.350240
0.764000	1.104310
0.765000	-0.052491
0.766000	0.570474
0.767000	1.994290
0.768000	2.884260
0.769000	1.638340
0.770000	-0.675456
0.771000	-0.319502
0.772000	1.905350
0.773000	2.439370
0.774000	1.015370
0.775000	-0.052491
0.776000	0.036452
0.777000	0.926428
0.778000	1.905350
0.779000	1.816400
0.780000	0.214520
0.781000	-0.853524
0.782000	-0.052491
0.783000	0.837485
0.784000	1.282380
0.785000	0.303463
0.786000	-1.120530
0.787000	-1.654370
0.788000	-0.764581
0.789000	0.125395
0.790000	-0.319502
0.791000	-1.565430
0.792000	-2.099450
0.793000	-1.298420
0.794000	0.392406
0.795000	0.125395
0.796000	-1.921380
0.797000	-2.722420
0.798000	-2.188400
0.799000	-0.586513
0.800000	-0.230559
0.801000	-1.654370
0.802000	-2.277340
0.803000	-1.654370
0.804000	-0.052491
0.805000	-0.141616
0.806000	-0.586513
0.807000	-1.387550
0.808000	-1.209480
0.809000	0.303463
0.810000	0.570474
0.811000	0.570474
0.812000	-0.052491
0.813000	0.392406
0.814000	0.570474
0.815000	0.926428
0.816000	0.570474
0.817000	0.837485
0.818000	1.015370
0.819000	1.193440
0.820000	1.015370
0.821000	0.837485
0.822000	1.104310
0.823000	0.481349
0.824000	0.659417
0.825000	0.570474
0.826000	1.460450
0.827000	2.261300
0.828000	1.994290
0.829000	0.926428
0.830000	0.214520
0.831000	0.748360
0.832000	1.727280
0.833000	1.104310
0.834000	-0.319502
0.835000	-0.853524
0.836000	0.036452
0.837000	0.926428
0.838000	0.392406
0.839000	-0.408445
0.840000	-0.675456
0.841000	-0.141616
0.842000	0.570474
0.843000	-0.497570
0.844000	-1.031410
0.845000	-1.120530
0.846000	-0.319502
0.847000	-0.764581
0.848000	-0.853524
0.849000	-1.031410
0.850000	-1.031410
0.851000	-0.586513
0.852000	-0.319502
0.853000	-0.942466
0.854000	-0.408445
0.855000	0.303463
0.856000	0.036452
0.857000	0.125395
0.858000	-0.408445
0.859000	-0.586513
0.860000	0.570474
0.861000	1.816400
0.862000	0.214520
0.863000	0.036452
0.864000	1.371320
0.865000	1.905350
0.866000	1.015370
0.867000	1.549390
0.868000	2.172360
0.869000	2.528310
0.870000	2.706200
0.871000	3.062330
0.872000	1.994290
0.873000	1.905350
0.874000	3.062330
0.875000	3.596170
0.876000	3.062330
0.877000	2.439370
0.878000	2.083230
0.879000	1.371320
0.880000	2.172360
0.881000	2.884260
0.882000	2.973210
0.883000	1.460450
0.884000	1.282380
0.885000	1.460450
0.886000	2.083230
0.887000	0.926428
0.888000	0.214520
0.889000	1.104310
0.890000	0.214520
0.891000	0.125395
0.892000	-0.230559
0.893000	-1.120530
0.894000	-1.476490
0.895000	0.125395
0.896000	-0.853524
0.897000	-2.010330
0.898000	-1.654370
0.899000	-0.853524
0.900000	-1.832440
0.901000	-3.078370
0.902000	-0.408445
0.903000	0.125395
0.904000	-1.921380
0.905000	-3.167310
0.906000	-1.209480
0.907000	-2.633290
0.908000	-2.900300
0.909000	-1.387550
0.910000	-0.675456
0.911000	-1.476490
0.912000	-1.209480
0.913000	0.481349
0.914000	-0.497570
0.915000	-0.675456
0.916000	0.392406
0.917000	0.303463
0.918000	0.214520
0.919000	0.837485
0.920000	0.926428
0.921000	0.392406
0.922000	0.125395
0.923000	0.748360
0.924000	1.727280
0.925000	2.172360
0.926000	1.193440
0.927000	1.994290
0.928000	1.816400
0.929000	1.727280
0.930000	3.418290
0.931000	3.151280
0.932000	0.748360
0.933000	0.125395
0.934000	2.528310
0.935000	2.617250
0.936000	1.015370
0.937000	0.748360
0.938000	1.727280
0.939000	1.727280
0.940000	1.905350
0.941000	2.261300
0.942000	1.104310
0.943000	0.303463
0.944000	-0.408445
0.945000	0.659417
0.946000	0.570474
0.947000	-0.319502
0.948000	-1.209480
0.949000	0.125395
0.950000	1.104310
0.951000	-0.942466
0.952000	-1.743500
0.953000	-0.586513
0.954000	0.748360
0.955000	0.659417
0.956000	-0.408445
0.957000	0.392406
0.958000	0.125395
0.959000	-0.230559
0.960000	-0.141616
0.961000	-0.319502
0.962000	-0.408445
0.963000	-0.408445
0.964000	0.659417
0.965000	1.015370
0.966000	1.371320
0.967000	1.282380
0.968000	1.282380
0.969000	1.638340
0.970000	3.151280
0.971000	3.952130
0.972000	2.617250
0.973000	1.193440
0.974000	1.727280
0.975000	4.130190
0.976000	3.596170
0.977000	1.905350
0.978000	1.638340
0.979000	3.507230
0.980000	4.308260
0.981000	3.418290
0.982000	3.863180
0.983000	3.418290
0.984000	1.638340
0.985000	2.884260
0.986000	4.753160
0.987000	3.418290
0.988000	0.659417
0.989000	1.727280
0.990000	2.528310
0.991000	2.706200
0.992000	2.083230
0.993000	1.282380
0.994000	0.837485
0.995000	2.083230
0.996000	2.617250
0.997000	0.748360
0.998000	-0.052491
0.999000	0.214520
1.000000	1.104310
1.001000	1.905350
1.002000	0.214520
1.003000	-1.031410
1.004000	-0.497570
1.005000	0.748360
1.006000	-0.141616
1.007000	-1.031410
1.008000	-0.853524
1.009000	-0.586513
1.010000	0.214520
1.011000	1.460450
1.012000	0.926428
1.013000	0.570474
1.014000	1.460450
1.015000	0.837485
1.016000	-0.052491
1.017000	0.125395
1.018000	0.214520
1.019000	1.638340
1.020000	4.219140
1.021000	3.863180
1.022000	1.460450
1.023000	1.727280
1.024000	2.706200
1.025000	2.261300
1.026000	2.973210
1.027000	3.685300
1.028000	3.507230
1.029000	3.774240
1.030000	4.130190
1.031000	4.041250
1.032000	2.706200
1.033000	1.371320
1.034000	1.994290
1.035000	3.062330
1.036000	3.507230
1.037000	3.329160
1.038000	3.418290
1.039000	2.795320
1.040000	2.261300
1.041000	3.062330
1.042000	1.994290
1.043000	0.659417
1.044000	1.193440
1.045000	2.261300
1.046000	1.905350
1.047000	0.659417
1.048000	-1.031410
1.049000	-1.387550
1.050000	-0.675456
1.051000	0.392406
1.052000	1.193440
1.053000	1.282380
1.054000	1.193440
1.055000	0.481349
1.056000	0.036452
1.057000	-0.497570
1.058000	-0.942466
1.059000	-1.565430
1.060000	-1.031410
1.061000	-0.052491
1.062000	0.214520
1.063000	-0.052491
1.064000	-0.052491
1.065000	0.570474
1.066000	0.659417
1.067000	0.303463
1.068000	0.570474
1.069000	1.371320
1.070000	1.371320
1.071000	1.816400
1.072000	2.172360
1.073000	2.172360
1.074000	1.638340
1.075000	1.371320
1.076000	1.638340
1.077000	1.994290
1.078000	2.617250
1.079000	2.439370
1.080000	2.350240
1.081000	2.528310
1.082000	2.528310
1.083000	2.528310
1.084000	2.973210
1.085000	2.706200
1.086000	2.884260
1.087000	3.418290
1.088000	2.706200
1.089000	1.638340
1.090000	1.460450
1.091000	1.371320
1.092000	1.015370
1.093000	1.282380
1.094000	1.638340
1.095000	1.193440
1.096000	0.926428
1.097000	1.104310
1.098000	0.926428
1.099000	0.392406
1.100000	0.481349
1.101000	0.926428
1.102000	0.926428
1.103000	0.570474
1.104000	0.303463
1.105000	0.392406
1.106000	0.125395
1.107000	-0.497570
1.108000	-0.764581
1.109000	-0.675456
1.110000	-0.675456
1.111000	-0.052491
1.112000	0.392406
1.113000	0.125395
1.114000	0.125395
1.115000	0.748360
1.116000	0.926428
1.117000	0.303463
1.118000	0.036452
1.119000	0.392406
1.120000	0.926428
1.121000	1.371320
1.122000	0.926428
1.123000	0.659417
1.124000	0.748360
1.125000	0.837485
1.126000	0.926428
1.127000	1.371320
1.128000	1.994290
1.129000	1.905350
1.130000	2.706200
1.131000	3.507230
1.132000	2.617250
1.133000	1.994290
1.134000	2.617250
1.135000	2.350240
1.136000	1.727280
1.137000	2.439370
1.138000	2.439370
1.139000	1.816400
1.140000	1.994290
1.141000	2.617250
1.142000	2.172360
1.143000	2.083230
1.144000	2.973210
1.145000	3.062330
1.146000	2.884260
1.147000	2.795320
1.148000	2.261300
1.149000	1.905350
1.150000	1.549390
1.151000	1.638340
1.152000	0.837485
1.153000	1.104310
1.154000	1.816400
1.155000	1.638340
1.156000	1.638340
1.157000	2.439370
1.158000	1.816400
1.159000	0.926428
1.160000	0.570474
1.161000	0.748360
1.162000	0.748360
1.163000	0.481349
1.164000	0.392406
1.165000	1.104310
1.166000	2.083230
1.167000	1.727280
1.168000	0.481349
1.169000	-0.675456
1.170000	-0.052491
1.171000	1.015370
1.172000	1.460450
1.173000	0.748360
1.174000	0.570474
1.175000	1.015370
1.176000	2.172360
1.177000	1.905350
1.178000	-0.319502
1.179000	-0.586513
1.180000	0.481349
1.181000	1.816400
1.182000	1.905350
1.183000	1.193440
1.184000	0.303463
1.185000	0.570474
1.186000	0.926428
1.187000	0.481349
1.188000	0.748360
1.189000	1.104310
1.190000	1.104310
1.191000	2.172360
1.192000	2.172360
1.193000	0.659417
1.194000	0.481349
1.195000	1.015370
1.196000	0.392406
1.197000	0.837485
1.198000	1.549390
1.199000	1.282380
1.200000	0.570474
1.201000	1.282380
1.202000	1.193440
1.203000	0.748360
1.204000	0.036452
1.205000	0.659417
1.206000	1.193440
1.207000	1.549390
1.208000	1.015370
1.209000	0.926428
1.210000	0.214520
1.211000	-0.319502
1.212000	1.104310
1.213000	1.193440
1.214000	0.748360
1.215000	1.015370
1.216000	1.727280
1.217000	1.816400
1.218000	0.837485
1.219000	1.104310
1.220000	0.926428
1.221000	0.570474
1.222000	0.837485
1.223000	2.083230
1.224000	3.062330
1.225000	1.994290
1.226000	0.303463
1.227000	1.104310
1.228000	1.816400
1.229000	2.439370
1.230000	2.795320
1.231000	1.193440
1.232000	1.015370
1.233000	2.528310
1.234000	3.240220
1.235000	1.994290
1.236000	0.748360
1.237000	1.282380
1.238000	3.240220
1.239000	2.439370
1.240000	1.727280
1.241000	1.104310
1.242000	1.549390
1.243000	2.083230
1.244000	2.795320
1.245000	2.528310
1.246000	0.748360
1.247000	0.392406
1.248000	1.015370
1.249000	1.104310
1.250000	0.303463
1.251000	0.481349
1.252000	0.659417
1.253000	0.659417
1.254000	1.193440
1.255000	1.193440
1.256000	0.748360
1.257000	-0.141616
1.258000	-0.319502
1.259000	0.303463
1.260000	0.570474
1.261000	0.481349
1.262000	-0.942466
1.263000	-1.031410
1.264000	0.303463
1.265000	-0.319502
1.266000	-1.654370
1.267000	-1.387550
1.268000	1.104310
1.269000	1.994290
1.270000	1.905350
1.271000	-0.052491
1.272000	-0.230559
1.273000	-0.230559
1.274000	0.214520
1.275000	0.214520
1.276000	-0.319502
1.277000	-0.319502
1.278000	1.371320
1.279000	2.261300
1.280000	0.748360
1.281000	-0.853524
1.282000	-0.230559
1.283000	1.549390
1.284000	2.439370
1.285000	1.905350
1.286000	1.015370
1.287000	0.748360
1.288000	1.460450
1.289000	1.549390
1.290000	-0.141616
1.291000	-0.319502
1.292000	0.303463
1.293000	1.282380
1.294000	2.528310
1.295000	2.083230
1.296000	0.125395
1.297000	-0.230559
1.298000	0.303463
1.299000	1.015370
1.300000	0.392406
1.301000	-0.853524
1.302000	-0.497570
1.303000	1.282380
1.304000	2.083230
1.305000	0.926428
1.306000	0.125395
1.307000	-0.497570
1.308000	-0.319502
1.309000	0.748360
1.310000	0.214520
1.311000	-1.031410
1.312000	-0.141616
1.313000	1.905350
1.314000	0.659417
1.315000	-1.387550
1.316000	-0.586513
1.317000	2.172360
1.318000	2.528310
1.319000	1.460450
1.320000	1.104310
1.321000	0.926428
1.322000	0.837485
1.323000	0.481349
1.324000	1.282380
1.325000	0.926428
1.326000	0.837485
1.327000	1.282380
1.328000	2.083230
1.329000	2.350240
1.330000	1.549390
1.331000	2.172360
1.332000	2.706200
1.333000	2.795320
1.334000	2.617250
1.335000	2.350240
1.336000	1.282380
1.337000	0.303463
1.338000	0.392406
1.339000	1.638340
1.340000	1.994290
1.341000	0.837485
1.342000	0.125395
1.343000	1.282380
1.344000	2.439370
1.345000	1.549390
1.346000	0.125395
1.347000	-0.408445
1.348000	0.303463
1.349000	0.837485
1.350000	-0.141616
1.351000	-0.675456
1.352000	-0.853524
1.353000	-0.141616
1.354000	-0.586513
1.355000	-0.764581
1.356000	-0.942466
1.357000	-1.120530
1.358000	-0.497570
1.359000	0.125395
1.360000	-0.319502
1.361000	-1.209480
1.362000	-1.298420
1.363000	-0.853524
1.364000	-0.408445
1.365000	0.125395
1.366000	-0.052491
1.367000	-0.141616
1.368000	-0.141616
1.369000	-0.052491
1.370000	0.125395
1.371000	0.125395
1.372000	0.570474
1.373000	1.104310
1.374000	1.193440
1.375000	1.015370
1.376000	1.015370
1.377000	1.015370
1.378000	0.837485
1.379000	1.193440
1.380000	2.172360
1.381000	1.994290
1.382000	1.371320
1.383000	1.460450
1.384000	1.549390
1.385000	1.104310
1.386000	0.570474
1.387000	0.481349
1.388000	1.104310
1.389000	1.015370
1.390000	1.015370
1.391000	0.926428
1.392000	0.748360
1.393000	0.303463
1.394000	0.214520
1.395000	0.036452
1.396000	-0.230559
1.397000	-0.497570
1.398000	-0.497570
1.399000	-0.319502
1.400000	-0.408445
1.401000	-0.764581
1.402000	-1.120530
1.403000	-1.209480
1.404000	-1.209480
1.405000	-0.675456
1.406000	-0.319502
1.407000	-0.675456
1.408000	-1.031410
1.409000	-1.031410
1.410000	-0.675456
1.411000	-0.408445
1.412000	-0.942466
1.413000	-1.031410
1.414000	-0.586513
1.415000	0.036452
1.416000	0.036452
1.417000	0.036452
1.418000	0.125395
1.419000	0.125395
1.420000	0.214520
1.421000	0.659417
1.422000	1.015370
1.423000	1.104310
1.424000	0.926428
1.425000	1.104310
1.426000	1.371320
1.427000	1.371320
1.428000	1.460450
1.429000	1.460450
1.430000	1.282380
1.431000	1.193440
1.432000	1.816400
1.433000	2.172360
1.434000	1.638340
1.435000	1.015370
1.436000	1.282380
1.437000	1.638340
1.438000	1.638340
1.439000	1.193440
1.440000	1.015370
1.441000	1.282380
1.442000	1.282380
1.443000	1.460450
1.444000	1.193440
1.445000	0.837485
1.446000	0.392406
1.447000	0.659417
1.448000	0.926428
1.449000	0.214520
1.450000	0.036452
1.451000	0.214520
1.452000	0.748360
1.453000	0.392406
1.454000	0.125395
1.455000	0.214520
1.456000	0.303463
1.457000	0.214520
1.458000	0.125395
1.459000	-0.319502
1.460000	-0.319502
1.461000	-0.052491
1.462000	0.392406
1.463000	0.036452
1.464000	-0.052491
1.465000	0.125395
1.466000	0.392406
1.467000	0.570474
1.468000	0.659417
1.469000	0.748360
1.470000	0.570474
1.471000	0.837485
1.472000	1.193440
1.473000	1.104310
1.474000	0.481349
1.475000	0.392406
1.476000	0.837485
1.477000	1.104310
1.478000	1.193440
1.479000	0.570474
1.480000	1.015370
1.481000	1.371320
1.482000	1.727280
1.483000	1.282380
1.484000	0.837485
1.485000	0.481349
1.486000	0.481349
1.487000	1.371320
1.488000	1.104310
1.489000	0.837485
1.490000	0.214520
1.491000	0.570474
1.492000	1.282380
1.493000	1.282380
1.494000	0.659417
1.495000	0.125395
1.496000	-0.052491
1.497000	0.214520
1.498000	0.659417
1.499000	0.481349
1.500000	-0.141616
1.501000	-0.141616
1.502000	0.214520
1.503000	0.214520
1.504000	0.303463
1.505000	0.036452
1.506000	-0.141616
1.507000	-0.497570
1.508000	-0.497570
1.509000	-0.230559
1.510000	0.125395
1.511000	-0.230559
1.512000	-0.497570
1.513000	-0.853524
1.514000	-0.586513
1.515000	0.125395
1.516000	-0.141616
1.517000	-0.586513
1.518000	-0.675456
1.519000	0.036452
1.520000	0.481349
1.521000	0.748360
1.522000	-0.141616
1.523000	-0.942466
1.524000	-0.586513
1.525000	0.570474
1.526000	0.926428
1.527000	-0.497570
1.528000	-0.586513
1.529000	0.481349
1.530000	1.549390
1.531000	1.104310
1.532000	0.214520
1.533000	-0.319502
1.534000	0.481349
1.535000	1.549390
1.536000	1.816400
1.537000	0.659417
1.538000	0.392406
1.539000	1.015370
1.540000	1.371320
1.541000	0.837485
1.542000	0.570474
1.543000	0.214520
1.544000	0.748360
1.545000	1.727280
1.546000	1.994290
1.547000	0.837485
1.548000	-0.853524
1.549000	-0.497570
1.550000	1.104310
1.551000	0.837485
1.552000	-0.141616
1.553000	-0.586513
1.554000	0.570474
1.555000	0.837485
1.556000	0.481349
1.557000	-0.408445
1.558000	-1.120530
1.559000	-0.675456
1.560000	0.659417
1.561000	0.659417
1.562000	-0.408445
1.563000	-1.654370
1.564000	-0.942466
1.565000	0.036452
1.566000	0.125395
1.567000	-1.120530
1.568000	-1.387550
1.569000	-0.230559
1.570000	-0.052491
1.571000	0.481349
1.572000	-0.408445
1.573000	-1.031410
1.574000	-0.675456
1.575000	0.481349
1.576000	0.303463
1.577000	-0.497570
1.578000	-0.675456
1.579000	0.214520
1.580000	0.926428
1.581000	0.659417
1.582000	0.748360
1.583000	0.748360
1.584000	0.392406
1.585000	1.104310
1.586000	1.549390
1.587000	1.193440
1.588000	0.748360
1.589000	0.837485
1.590000	1.104310
1.591000	1.015370
1.592000	1.549390
1.593000	1.638340
1.594000	0.926428
1.595000	0.837485
1.596000	1.015370
1.597000	0.570474
1.598000	0.748360
1.599000	1.549390
1.600000	1.460450
1.601000	1.104310
1.602000	0.837485
1.603000	1.193440
1.604000	1.816400
1.605000	1.816400
1.606000	0.926428
1.607000	-0.141616
1.608000	0.392406
1.609000	0.748360
1.610000	-0.230559
1.611000	-1.120530
1.612000	-0.586513
1.613000	0.659417
1.614000	0.748360
1.615000	0.036452
1.616000	-0.675456
1.617000	-0.764581
1.618000	-0.586513
1.619000	0.125395
1.620000	-0.230559
1.621000	-1.209480
1.622000	-1.209480
1.623000	-0.230559
1.624000	0.214520
1.625000	0.125395
1.626000	0.214520
1.627000	0.303463
1.628000	0.392406
1.629000	0.748360
1.630000	1.104310
1.631000	1.371320
1.632000	1.727280
1.633000	1.816400
1.634000	1.905350
1.635000	1.371320
1.636000	2.528310
1.637000	3.685300
1.638000	2.973210
1.639000	2.083230
1.640000	2.706200
1.641000	3.418290
1.642000	3.418290
1.643000	3.685300
1.644000	3.329160
1.645000	1.638340
1.646000	0.125395
1.647000	0.926428
1.648000	2.439370
1.649000	2.973210
1.650000	1.638340
1.651000	0.926428
1.652000	1.549390
1.653000	4.664220
1.654000	5.643130
1.655000	1.727280
1.656000	-0.764581
1.657000	0.748360
1.658000	3.507230
1.659000	5.643130
1.660000	3.329160
1.661000	-1.120530
1.662000	3.596170
1.663000	6.176970
1.664000	7.156070
1.665000	3.507230
1.666000	-0.052491
1.667000	-2.989430
1.668000	6.355040
1.669000	11.427700
1.670000	6.355040
1.671000	-0.586513
1.672000	-4.680250
1.673000	0.125395
1.674000	11.338800
1.675000	16.233400
1.676000	10.626700
1.677000	3.774240
1.678000	2.350240
1.679000	5.910150
1.680000	10.270700
1.681000	8.223940
1.682000	1.905350
1.683000	-4.057290
1.684000	-4.591310
1.685000	3.685300
1.686000	7.778860
1.687000	4.041250
1.688000	-1.832440
1.689000	-5.659170
1.690000	-1.743500
1.691000	5.376120
1.692000	-0.141616
1.693000	-2.544350
1.694000	-6.816160
1.695000	-6.460210
1.696000	-2.811360
1.697000	1.015370
1.698000	0.837485
1.699000	-4.146230
1.700000	-5.481100
1.701000	-4.769200
1.702000	-2.188400
1.703000	-3.968350
1.704000	-3.523270
1.705000	-2.633290
1.706000	-3.345380
1.707000	-5.481100
1.708000	-3.612390
1.709000	14.809500
1.710000	8.579890
1.711000	-7.350000
1.712000	-6.994050
1.713000	-2.366460
1.714000	-2.188400
1.715000	-5.125150
1.716000	4.753160
1.717000	2.884260
1.718000	-4.858140
1.719000	-1.298420
1.720000	3.507230
1.721000	0.926428
1.722000	-4.502190
1.723000	-3.167310
1.724000	-0.942466
1.725000	-1.031410
1.726000	1.104310
1.727000	2.795320
1.728000	0.125395
1.729000	2.617250
1.730000	3.774240
1.731000	-0.942466
1.732000	-3.701340
1.733000	1.638340
1.734000	8.223940
1.735000	-5.837240
1.736000	-10.642900
1.737000	0.837485
1.738000	9.113910
1.739000	-2.010330
1.740000	-4.502190
1.741000	-3.612390
1.742000	1.727280
1.743000	3.952130
1.744000	5.554010
1.745000	2.528310
1.746000	-3.612390
1.747000	0.481349
1.748000	0.837485
1.749000	-27.551701
1.750000	-17.584400
1.751000	40.706902
1.752000	35.456100
1.753000	-19.809299
1.754000	-30.755501
1.755000	17.212299
1.756000	6.889060
1.757000	-38.142101
1.758000	3.151280
1.759000	57.170799
1.760000	-15.448500
1.761000	-53.983002
1.762000	-2.455410
1.763000	19.170099
1.764000	-4.858140
1.765000	2.083230
1.766000	-2.099450
1.767000	-20.165199
1.768000	5.732080
1.769000	37.769901
1.770000	0.837485
1.771000	-26.394899
1.772000	12.228700
1.773000	16.945299
1.774000	-23.190901
1.775000	-4.680250
1.776000	27.535700
1.777000	-11.888800
1.778000	-22.746000
1.779000	39.104801
1.780000	27.624599
1.781000	-30.310600
1.782000	-31.823500
1.783000	10.359800
1.784000	11.961700
1.785000	10.715800
1.786000	25.399799
1.787000	-11.977800
1.788000	-46.507500
1.789000	6.088030
1.790000	27.802700
1.791000	-22.301201
1.792000	-18.118299
1.793000	43.198502
1.794000	20.238199
1.795000	-34.404301
1.796000	-1.209480
1.797000	15.966300
1.798000	-13.757700
1.799000	-15.092600
1.800000	-1.565430
1.801000	-15.448500
1.802000	-15.448500
1.803000	22.284901
1.804000	15.699500
1.805000	-9.308020
1.806000	-4.235360
1.807000	15.254400
1.808000	5.465070
1.809000	-5.392160
1.810000	-0.586513
1.811000	-6.816160
1.812000	-8.685050
1.813000	6.088030
1.814000	8.401820
1.815000	-14.291600
1.816000	-19.809299
1.817000	-2.010330
1.818000	1.460450
1.819000	8.312880
1.820000	15.165500
1.821000	-4.858140
1.822000	-24.259001
1.823000	0.748360
1.824000	24.598900
1.825000	4.219140
1.826000	-19.809299
1.827000	-4.680250
1.828000	16.589300
1.829000	0.837485
1.830000	-14.380700
1.831000	-5.748120
1.832000	-9.485900
1.833000	-8.685050
1.834000	10.448800
1.835000	17.924400
1.836000	-1.654370
1.837000	-11.087800
1.838000	-1.654370
1.839000	20.505199
1.840000	-1.209480
1.841000	-6.193190
1.842000	14.097400
1.843000	19.971100
1.844000	-29.331600
1.845000	-29.598700
1.846000	5.643130
1.847000	23.263800
1.848000	-8.685050
1.849000	-18.919300
1.850000	-4.947270
1.851000	16.411400
1.852000	27.090799
1.853000	11.961700
1.854000	-21.055201
1.855000	-19.008301
1.856000	-5.214280
1.857000	-1.565430
1.858000	-5.392160
1.859000	-15.537500
1.860000	-27.551701
1.861000	-6.994050
1.862000	19.793100
1.863000	9.914760
1.864000	-9.574850
1.865000	3.240220
1.866000	21.751101
1.867000	3.863180
1.868000	-2.633290
1.869000	1.104310
1.870000	-1.031410
1.871000	-8.418040
1.872000	-10.108900
1.873000	-7.972960
1.874000	-8.418040
1.875000	-10.909900
1.876000	-0.408445
1.877000	8.935840
1.878000	4.575090
1.879000	-4.680250
1.880000	2.439370
1.881000	18.191200
1.882000	9.825820
1.883000	-3.256260
1.884000	1.015370
1.885000	1.905350
1.886000	-6.371080
1.887000	-12.155800
1.888000	-10.820800
1.889000	-7.350000
1.890000	-8.328920
1.891000	-2.722420
1.892000	8.223940
1.893000	11.427700
1.894000	2.172360
1.895000	-0.319502
1.896000	4.397200
1.897000	-3.701340
1.898000	-6.727030
1.899000	-2.455410
1.900000	-4.235360
1.901000	-11.265900
1.902000	-10.820800
1.903000	-3.612390
1.904000	0.570474
1.905000	0.659417
1.906000	0.748360
1.907000	2.795320
1.908000	9.736880
1.909000	11.071700
1.910000	2.528310
1.911000	-2.455410
1.912000	0.837485
1.913000	0.481349
1.914000	-4.591310
1.915000	-8.951880
1.916000	-6.727030
1.917000	-1.921380
1.918000	1.015370
1.919000	-1.476490
1.920000	-3.701340
1.921000	0.570474
1.922000	5.020170
1.923000	7.156070
1.924000	7.600970
1.925000	6.622050
1.926000	1.460450
1.927000	-3.256260
1.928000	-4.502190
1.929000	-5.303220
1.930000	-4.680250
1.931000	-4.858140
1.932000	-9.485900
1.933000	-6.727030
1.934000	2.439370
1.935000	7.600970
1.936000	3.329160
1.937000	1.727280
1.938000	5.465070
1.939000	9.024790
1.940000	5.376120
1.941000	-3.167310
1.942000	-9.396960
1.943000	-11.265900
1.944000	-10.909900
1.945000	-6.994050
1.946000	-4.413240
1.947000	-7.972960
1.948000	-4.413240
1.949000	9.914760
1.950000	14.809500
1.951000	8.223940
1.952000	0.837485
1.953000	0.570474
1.954000	2.617250
1.955000	2.350240
1.956000	-1.743500
1.957000	-6.371080
1.958000	-6.727030
1.959000	-7.705950
1.960000	-7.261060
1.961000	-0.675456
1.962000	4.397200
1.963000	2.528310
1.964000	-0.052491
1.965000	7.600970
1.966000	15.877400
1.967000	9.914760
1.968000	-1.120530
1.969000	-0.764581
1.970000	2.617250
1.971000	-5.926180
1.972000	-8.328920
1.973000	1.549390
1.974000	2.439370
1.975000	-7.172110
1.976000	-3.701340
1.977000	11.872600
1.978000	18.636299
1.979000	10.893700
1.980000	1.638340
1.981000	0.036452
1.982000	1.549390
1.983000	3.685300
1.984000	3.151280
1.985000	-4.057290
1.986000	-9.752910
1.987000	-4.858140
1.988000	1.282380
1.989000	1.549390
1.990000	4.486150
1.991000	3.685300
1.992000	-0.497570
1.993000	4.931040
1.994000	11.605800
1.995000	6.889060
1.996000	0.036452
1.997000	2.083230
1.998000	0.125395
1.999000	-4.769200
2.000000	-3.167310
2.001000	-1.832440
2.002000	-11.354800
2.003000	-12.066700
2.004000	0.748360
2.005000	8.490950
2.006000	5.376120
2.007000	3.507230
2.008000	6.533110
2.009000	12.139600
2.010000	16.589300
2.011000	6.533110
2.012000	-2.455410
2.013000	-1.921380
2.014000	8.312880
2.015000	5.910150
2.016000	1.816400
2.017000	1.282380
2.018000	5.376120
2.019000	5.554010
2.020000	6.443980
2.021000	12.673600
2.022000	10.537700
2.023000	5.643130
2.024000	6.355040
2.025000	9.380920
2.026000	3.062330
2.027000	0.481349
2.028000	9.825820
2.029000	27.535700
2.030000	19.437099
2.031000	-0.052491
2.032000	-11.710800
2.033000	-0.675456
2.034000	9.825820
2.035000	18.636299
2.036000	18.636299
2.037000	5.465070
2.038000	-7.528070
2.039000	-6.282140
2.040000	2.706200
2.041000	3.774240
2.042000	-2.366460
2.043000	-11.354800
2.044000	-16.160400
2.045000	-8.774000
2.046000	4.842100
2.047000	8.935840
2.048000	-1.298420
2.049000	-8.774000
2.050000	-4.057290
2.051000	3.685300
2.052000	4.842100
2.053000	6.355040
2.054000	-6.015130
2.055000	-14.024500
2.056000	-7.261060
2.057000	3.151280
2.058000	0.659417
2.059000	-10.998800
2.060000	-16.516399
2.061000	-8.774000
2.062000	3.596170
2.063000	7.066950
2.064000	4.308260
2.065000	-4.146230
2.066000	-3.167310
2.067000	-2.010330
2.068000	2.261300
2.069000	7.867980
2.070000	4.753160
2.071000	-3.701340
2.072000	-3.968350
2.073000	1.193440
2.074000	-1.031410
2.075000	-4.413240
2.076000	1.104310
2.077000	3.329160
2.078000	-0.319502
2.079000	3.507230
2.080000	8.223940
2.081000	4.664220
2.082000	2.261300
2.083000	5.020170
2.084000	3.685300
2.085000	-0.141616
2.086000	-2.455410
2.087000	-6.727030
2.088000	-12.867700
2.089000	-11.799700
2.090000	0.570474
2.091000	-0.141616
2.092000	-2.455410
2.093000	3.507230
2.094000	6.799940
2.095000	2.528310
2.096000	2.617250
2.097000	2.884260
2.098000	-6.727030
2.099000	-12.956700
2.100000	-3.879220
2.101000	-0.408445
2.102000	-5.926180
2.103000	-7.439120
2.104000	-4.591310
2.105000	-8.862940
2.106000	-10.108900
2.107000	-5.837240
2.108000	-3.701340
2.109000	-6.193190
2.110000	-5.837240
2.111000	-1.031410
2.112000	0.036452
2.113000	-1.209480
2.114000	-0.497570
2.115000	-1.209480
2.116000	-6.015130
2.117000	-8.239970
2.118000	-5.659170
2.119000	-3.968350
2.120000	-4.413240
2.121000	-7.705950
2.122000	-8.151030
2.123000	-1.921380
2.124000	4.308260
2.125000	4.041250
2.126000	-2.099450
2.127000	0.659417
2.128000	5.020170
2.129000	3.774240
2.130000	-1.209480
2.131000	-3.790280
2.132000	-4.235360
2.133000	-2.455410
2.134000	2.439370
2.135000	5.376120
2.136000	3.329160
2.137000	2.973210
2.138000	4.664220
2.139000	4.041250
2.140000	1.549390
2.141000	1.816400
2.142000	2.350240
2.143000	0.214520
2.144000	-1.654370
2.145000	0.125395
2.146000	2.083230
2.147000	0.659417
2.148000	-0.853524
2.149000	-1.832440
2.150000	-2.010330
2.151000	-1.565430
2.152000	0.303463
2.153000	-1.031410
2.154000	-5.570230
2.155000	-5.481100
2.156000	-1.743500
2.157000	-1.832440
2.158000	-2.277340
2.159000	-3.701340
2.160000	-8.506990
2.161000	-8.328920
2.162000	-1.743500
2.163000	-4.680250
2.164000	-13.312600
2.165000	-10.998800
2.166000	-1.565430
2.167000	-2.455410
2.168000	-3.078370
2.169000	-3.167310
2.170000	-5.303220
2.171000	-1.921380
2.172000	3.685300
2.173000	-0.408445
2.174000	-8.328920
2.175000	-3.879220
2.176000	4.575090
2.177000	1.104310
2.178000	-5.481100
2.179000	-4.146230
2.180000	-0.319502
2.181000	2.973210
2.182000	5.465070
2.183000	3.151280
2.184000	-3.256260
2.185000	-0.675456
2.186000	6.266100
2.187000	4.397200
2.188000	-2.277340
2.189000	0.748360
2.190000	4.664220
2.191000	2.973210
2.192000	2.706200
2.193000	3.151280
2.194000	1.104310
2.195000	-0.052491
2.196000	3.062330
2.197000	4.486150
2.198000	1.104310
2.199000	1.193440
2.200000	2.973210
2.201000	1.104310
2.202000	-2.099450
2.203000	-1.298420
2.204000	0.125395
2.205000	-1.654370
2.206000	-2.099450
2.207000	-0.586513
2.208000	-1.921380
2.209000	-3.434330
2.210000	-0.497570
2.211000	-1.565430
2.212000	-7.795080
2.213000	-8.239970
2.214000	-3.434330
2.215000	-4.413240
2.216000	-6.727030
2.217000	-4.947270
2.218000	-4.324300
2.219000	-5.481100
2.220000	-2.366460
2.221000	-0.141616
2.222000	-3.434330
2.223000	-4.858140
2.224000	-2.455410
2.225000	-3.345380
2.226000	-6.015130
2.227000	-3.790280
2.228000	-1.743500
2.229000	-3.345380
2.230000	-2.277340
2.231000	1.638340
2.232000	1.905350
2.233000	-0.497570
2.234000	0.748360
2.235000	3.685300
2.236000	2.350240
2.237000	-0.141616
2.238000	1.104310
2.239000	2.261300
2.240000	0.659417
2.241000	0.748360
2.242000	2.528310
2.243000	1.371320
2.244000	0.125395
2.245000	2.706200
2.246000	3.240220
2.247000	1.460450
2.248000	1.816400
2.249000	2.261300
2.250000	1.015370
2.251000	1.727280
2.252000	3.240220
2.253000	2.350240
2.254000	0.392406
2.255000	-0.141616
2.256000	-1.120530
2.257000	-1.743500
2.258000	-1.298420
2.259000	-1.565430
2.260000	-2.900300
2.261000	-2.277340
2.262000	-0.052491
2.263000	-0.052491
2.264000	-2.010330
2.265000	-2.277340
2.266000	-1.476490
2.267000	-1.654370
2.268000	-2.099450
2.269000	-2.633290
2.270000	-3.078370
2.271000	-2.099450
2.272000	-2.277340
2.273000	-3.345380
2.274000	-3.790280
2.275000	-3.612390
2.276000	-4.146230
2.277000	-3.078370
2.278000	-0.230559
2.279000	-0.408445
2.280000	-2.544350
2.281000	-1.565430
2.282000	0.303463
2.283000	0.392406
2.284000	-1.654370
2.285000	-1.387550
2.286000	-0.497570
2.287000	-1.298420
2.288000	-3.167310
2.289000	-3.167310
2.290000	-2.277340
2.291000	-0.942466
2.292000	1.549390
2.293000	2.617250
2.294000	2.083230
2.295000	3.062330
2.296000	3.685300
2.297000	-0.052491
2.298000	-2.633290
2.299000	-0.319502
2.300000	0.125395
2.301000	-3.078370
2.302000	-1.654370
2.303000	0.214520
2.304000	-0.764581
2.305000	0.036452
2.306000	4.219140
2.307000	1.638340
2.308000	-1.921380
2.309000	0.036452
2.310000	0.481349
2.311000	-3.078370
2.312000	-2.277340
2.313000	-0.675456
2.314000	-4.057290
2.315000	-2.188400
2.316000	2.261300
2.317000	-0.052491
2.318000	-3.167310
2.319000	0.036452
2.320000	-0.586513
2.321000	-4.502190
2.322000	-4.146230
2.323000	-1.654370
2.324000	-2.277340
2.325000	-2.188400
2.326000	0.659417
2.327000	0.481349
2.328000	-1.209480
2.329000	-2.099450
2.330000	-1.565430
2.331000	-2.366460
2.332000	-2.900300
2.333000	-2.455410
2.334000	-1.565430
2.335000	-0.675456
2.336000	-1.654370
2.337000	-1.743500
2.338000	-0.586513
2.339000	0.303463
2.340000	-0.586513
2.341000	-1.654370
2.342000	-1.565430
2.343000	-1.654370
2.344000	-0.853524
2.345000	-2.010330
2.346000	-3.701340
2.347000	-1.565430
2.348000	1.727280
2.349000	-0.141616
2.350000	-2.455410
2.351000	0.036452
2.352000	0.570474
2.353000	-1.654370
2.354000	-0.497570
2.355000	1.727280
2.356000	-0.230559
2.357000	-0.319502
2.358000	1.816400
2.359000	0.837485
2.360000	-0.586513
2.361000	0.748360
2.362000	-0.408445
2.363000	-2.633290
2.364000	-0.141616
2.365000	0.748360
2.366000	-1.031410
2.367000	0.837485
2.368000	3.329160
2.369000	0.392406
2.370000	-0.853524
2.371000	1.638340
2.372000	0.926428
2.373000	-2.544350
2.374000	-2.277340
2.375000	-0.319502
2.376000	-1.298420
2.377000	-0.764581
2.378000	0.125395
2.379000	-0.675456
2.380000	-2.455410
2.381000	-1.387550
2.382000	0.837485
2.383000	-0.230559
2.384000	-2.455410
2.385000	-1.743500
2.386000	-1.921380
2.387000	-2.722420
2.388000	-1.832440
2.389000	-0.141616
2.390000	0.481349
2.391000	1.193440
2.392000	2.973210
2.393000	0.214520
2.394000	-2.722420
2.395000	-3.968350
2.396000	-2.010330
2.397000	-3.523270
2.398000	-4.769200
2.399000	-2.099450
2.400000	1.549390
2.401000	0.392406
2.402000	-0.764581
2.403000	0.837485
2.404000	0.036452
2.405000	-2.722420
2.406000	-0.586513
2.407000	1.638340
2.408000	-1.832440
2.409000	-4.680250
2.410000	-2.099450
2.411000	-2.722420
2.412000	-6.282140
2.413000	-1.209480
2.414000	6.622050
2.415000	4.486150
2.416000	-2.188400
2.417000	-0.675456
2.418000	2.350240
2.419000	-1.743500
2.420000	-2.544350
2.421000	2.884260
2.422000	2.973210
2.423000	-2.900300
2.424000	-1.654370
2.425000	3.774240
2.426000	-0.586513
2.427000	-4.769200
2.428000	-2.277340
2.429000	0.036452
2.430000	-1.120530
2.431000	0.481349
2.432000	-0.408445
2.433000	-4.769200
2.434000	-1.921380
2.435000	3.685300
2.436000	1.816400
2.437000	-3.612390
2.438000	-0.853524
2.439000	2.795320
2.440000	1.193440
2.441000	-1.565430
2.442000	-2.366460
2.443000	-3.879220
2.444000	-3.523270
2.445000	-0.141616
2.446000	-0.675456
2.447000	-3.078370
2.448000	-2.188400
2.449000	-0.675456
2.450000	-2.099450
2.451000	-2.366460
2.452000	-0.853524
2.453000	-0.853524
2.454000	-0.230559
2.455000	-1.031410
2.456000	-4.680250
2.457000	-5.392160
2.458000	-1.565430
2.459000	-0.230559
2.460000	-1.743500
2.461000	-1.654370
2.462000	0.837485
2.463000	3.062330
2.464000	1.549390
2.465000	-2.099450
2.466000	-4.057290
2.467000	-0.675456
2.468000	0.926428
2.469000	-0.319502
2.470000	-0.942466
2.471000	0.570474
2.472000	0.392406
2.473000	-0.230559
2.474000	0.392406
2.475000	0.570474
2.476000	0.659417
2.477000	-0.052491
2.478000	-0.675456
2.479000	0.837485
2.480000	1.905350
2.481000	-0.230559
2.482000	-0.408445
2.483000	1.816400
2.484000	-0.319502
2.485000	-0.230559
2.486000	4.308260
2.487000	2.350240
2.488000	-5.837240
2.489000	-3.968350
2.490000	1.015370
2.491000	-0.853524
2.492000	-1.654370
2.493000	1.282380
2.494000	-0.141616
2.495000	-2.188400
2.496000	1.727280
2.497000	1.638340
2.498000	-3.879220
2.499000	-6.015130
2.500000	-2.900300
2.501000	-0.942466
2.502000	5.465070
2.503000	-1.654370
2.504000	-18.563400
2.505000	-10.108900
2.506000	11.249600
2.507000	3.863180
2.508000	-10.019900
2.509000	-1.743500
2.510000	1.994290
2.511000	-1.743500
2.512000	7.867980
2.513000	5.821020
2.514000	-25.860901
2.515000	-27.195700
2.516000	7.778860
2.517000	9.113910
2.518000	-17.228500
2.519000	-7.261060
2.520000	6.978010
2.521000	-0.141616
2.522000	-2.455410
2.523000	3.418290
2.524000	-4.947270
2.525000	-4.858140
2.526000	18.547300
2.527000	19.615200
2.528000	-3.523270
2.529000	-5.837240
2.530000	1.816400
2.531000	-3.078370
2.532000	-4.146230
2.533000	-2.366460
2.534000	-10.731800
2.535000	-16.872400
2.536000	6.088030
2.537000	4.842100
2.538000	-19.186300
2.539000	-14.291600
2.540000	7.156070
2.541000	10.359800
2.542000	1.282380
2.543000	8.668830
2.544000	0.748360
2.545000	-13.312600
2.546000	-3.167310
2.547000	6.533110
2.548000	-8.774000
2.549000	-14.202600
2.550000	5.287180
2.551000	3.596170
2.552000	-8.062090
2.553000	1.104310
2.554000	8.935840
2.555000	-5.036210
2.556000	-12.778800
2.557000	4.219140
2.558000	10.893700
2.559000	-0.942466
2.560000	-0.141616
2.561000	2.261300
2.562000	-8.418040
2.563000	-6.015130
2.564000	8.490950
2.565000	2.528310
2.566000	-7.083170
2.567000	-2.900300
2.568000	4.130190
2.569000	2.350240
2.570000	3.507230
2.571000	0.926428
2.572000	-6.371080
2.573000	-1.654370
2.574000	8.134990
2.575000	5.198060
2.576000	-5.036210
2.577000	-7.972960
2.578000	-7.172110
2.579000	-1.832440
2.580000	5.020170
2.581000	-2.010330
2.582000	-10.108900
2.583000	-3.523270
2.584000	8.045870
2.585000	8.045870
2.586000	2.617250
2.587000	-0.764581
2.588000	-4.324300
2.589000	1.549390
2.590000	9.202850
2.591000	-0.141616
2.592000	-12.244800
2.593000	-4.947270
2.594000	2.795320
2.595000	-1.832440
2.596000	-3.701340
2.597000	-0.675456
2.598000	-1.209480
2.599000	-3.078370
2.600000	3.418290
2.601000	5.020170
2.602000	-2.544350
2.603000	-4.413240
2.604000	1.638340
2.605000	1.994290
2.606000	-3.434330
2.607000	-3.612390
2.608000	-2.277340
2.609000	-3.434330
2.610000	-2.989430
2.611000	-0.319502
2.612000	-0.764581
2.613000	-1.565430
2.614000	-0.497570
2.615000	-0.497570
2.616000	-0.497570
2.617000	1.638340
2.618000	0.570474
2.619000	-3.879220
2.620000	-3.167310
2.621000	1.104310
2.622000	0.748360
2.623000	-1.743500
2.624000	-0.141616
2.625000	1.638340
2.626000	-0.052491
2.627000	-0.675456
2.628000	0.659417
2.629000	-0.319502
2.630000	-2.188400
2.631000	-1.387550
2.632000	0.303463
2.633000	1.816400
2.634000	1.905350
2.635000	-1.209480
2.636000	-3.523270
2.637000	-1.654370
2.638000	0.570474
2.639000	-1.298420
2.640000	-2.188400
2.641000	0.036452
2.642000	0.303463
2.643000	-2.366460
2.644000	-1.298420
2.645000	1.727280
2.646000	0.926428
2.647000	-1.209480
2.648000	0.392406
2.649000	1.727280
2.650000	-0.052491
2.651000	-2.188400
2.652000	-2.099450
2.653000	-1.921380
2.654000	-1.654370
2.655000	-1.209480
2.656000	-0.675456
2.657000	-0.586513
2.658000	-0.586513
2.659000	-2.277340
2.660000	-3.612390
2.661000	-2.989430
2.662000	-1.298420
2.663000	-0.675456
2.664000	-0.230559
2.665000	0.125395
2.666000	-0.497570
2.667000	-0.853524
2.668000	-0.586513
2.669000	-0.675456
2.670000	-2.455410
2.671000	-4.235360
2.672000	-3.879220
2.673000	-1.298420
2.674000	0.125395
2.675000	-1.387550
2.676000	-3.523270
2.677000	-2.811360
2.678000	-0.497570
2.679000	0.125395
2.680000	-1.209480
2.681000	-2.633290
2.682000	-3.345380
2.683000	-2.900300
2.684000	-1.298420
2.685000	0.125395
2.686000	-0.853524
2.687000	-2.455410
2.688000	-1.387550
2.689000	1.015370
2.690000	0.837485
2.691000	-1.476490
2.692000	-1.921380
2.693000	-1.298420
2.694000	-0.675456
2.695000	-0.141616
2.696000	1.104310
2.697000	1.549390
2.698000	1.015370
2.699000	1.193440
2.700000	1.371320
2.701000	0.837485
2.702000	0.125395
2.703000	-1.031410
2.704000	-1.476490
2.705000	0.125395
2.706000	1.104310
2.707000	0.125395
2.708000	-0.141616
2.709000	1.549390
2.710000	1.994290
2.711000	0.125395
2.712000	-0.942466
2.713000	-0.675456
2.714000	-0.230559
2.715000	-0.497570
2.716000	-0.764581
2.717000	-0.942466
2.718000	-1.743500
2.719000	-1.654370
2.720000	-1.031410
2.721000	-1.565430
2.722000	-3.078370
2.723000	-3.167310
2.724000	-2.633290
2.725000	-2.188400
2.726000	-2.099450
2.727000	-2.455410
2.728000	-2.633290
2.729000	-2.277340
2.730000	-2.099450
2.731000	-2.811360
2.732000	-3.434330
2.733000	-3.612390
2.734000	-3.701340
2.735000	-3.879220
2.736000	-3.167310
2.737000	-1.743500
2.738000	-1.298420
2.739000	-1.565430
2.740000	-1.120530
2.741000	-0.141616
2.742000	-0.230559
2.743000	-0.764581
2.744000	-1.387550
2.745000	-1.565430
2.746000	-1.209480
2.747000	0.125395
2.748000	0.926428
2.749000	0.214520
2.750000	-0.675456
2.751000	-0.052491
2.752000	1.638340
2.753000	2.528310
2.754000	2.261300
2.755000	0.570474
2.756000	-0.052491
2.757000	1.282380
2.758000	2.350240
2.759000	1.905350
2.760000	0.926428
2.761000	0.926428
2.762000	1.638340
2.763000	1.193440
2.764000	0.303463
2.765000	0.125395
2.766000	-0.497570
2.767000	-1.476490
2.768000	-0.942466
2.769000	-0.408445
2.770000	-0.853524
2.771000	-0.319502
2.772000	0.392406
2.773000	-0.764581
2.774000	-2.633290
2.775000	-2.633290
2.776000	-1.832440
2.777000	-2.277340
2.778000	-3.256260
2.779000	-4.057290
2.780000	-3.256260
2.781000	-1.476490
2.782000	-1.209480
2.783000	-3.078370
2.784000	-3.701340
2.785000	-2.544350
2.786000	-1.387550
2.787000	-1.654370
2.788000	-2.188400
2.789000	-2.544350
2.790000	-2.188400
2.791000	-1.209480
2.792000	-0.497570
2.793000	-0.408445
2.794000	-0.586513
2.795000	-0.942466
2.796000	-1.298420
2.797000	-1.476490
2.798000	-0.853524
2.799000	0.303463
2.800000	0.392406
2.801000	0.214520
2.802000	0.659417
2.803000	2.172360
2.804000	2.795320
2.805000	2.083230
2.806000	0.837485
2.807000	0.837485
2.808000	1.104310
2.809000	1.371320
2.810000	1.104310
2.811000	0.659417
2.812000	0.392406
2.813000	1.549390
2.814000	2.528310
2.815000	1.727280
2.816000	0.481349
2.817000	0.570474
2.818000	0.926428
2.819000	0.125395
2.820000	-0.408445
2.821000	-0.230559
2.822000	-0.052491
2.823000	-0.853524
2.824000	-1.120530
2.825000	-1.209480
2.826000	-1.832440
2.827000	-2.277340
2.828000	-2.188400
2.829000	-2.455410
2.830000	-2.633290
2.831000	-2.188400
2.832000	-1.743500
2.833000	-1.654370
2.834000	-1.476490
2.835000	-0.942466
2.836000	-1.387550
2.837000	-2.633290
2.838000	-3.167310
2.839000	-3.078370
2.840000	-2.811360
2.841000	-2.900300
2.842000	-2.633290
2.843000	-2.455410
2.844000	-1.921380
2.845000	-0.764581
2.846000	-0.052491
2.847000	-0.764581
2.848000	-0.942466
2.849000	-0.586513
2.850000	-0.052491
2.851000	0.481349
2.852000	0.125395
2.853000	-0.764581
2.854000	-0.319502
2.855000	0.837485
2.856000	0.570474
2.857000	-0.497570
2.858000	-0.319502
2.859000	0.392406
2.860000	0.570474
2.861000	0.303463
2.862000	0.570474
2.863000	0.392406
2.864000	0.659417
2.865000	1.371320
2.866000	1.015370
2.867000	-0.230559
2.868000	-0.853524
2.869000	-0.497570
2.870000	-1.031410
2.871000	-2.188400
2.872000	-1.743500
2.873000	-0.853524
2.874000	-0.853524
2.875000	-1.298420
2.876000	-1.209480
2.877000	-0.675456
2.878000	0.125395
2.879000	-0.319502
2.880000	-2.099450
2.881000	-3.256260
2.882000	-3.345380
2.883000	-2.811360
2.884000	-2.722420
2.885000	-3.167310
2.886000	-2.989430
2.887000	-2.633290
2.888000	-2.188400
2.889000	-2.099450
2.890000	-2.099450
2.891000	-2.277340
2.892000	-2.633290
2.893000	-2.633290
2.894000	-2.366460
2.895000	-1.654370
2.896000	-1.743500
2.897000	-2.188400
2.898000	-1.921380
2.899000	-1.120530
2.900000	-1.120530
2.901000	-1.387550
2.902000	-1.476490
2.903000	-1.476490
2.904000	-1.209480
2.905000	-0.853524
2.906000	-0.497570
2.907000	-0.052491
2.908000	0.214520
2.909000	0.036452
2.910000	0.214520
2.911000	0.303463
2.912000	-0.319502
2.913000	-0.764581
2.914000	-0.141616
2.915000	0.303463
2.916000	0.303463
2.917000	-0.141616
2.918000	-0.141616
2.919000	0.214520
2.920000	0.837485
2.921000	0.303463
2.922000	-0.675456
2.923000	-0.675456
2.924000	-0.052491
2.925000	-0.141616
2.926000	-0.319502
2.927000	-0.586513
2.928000	-0.764581
2.929000	-1.654370
2.930000	-2.010330
2.931000	-1.387550
2.932000	-1.120530
2.933000	-1.743500
2.934000	-2.277340
2.935000	-2.277340
2.936000	-2.010330
2.937000	-1.654370
2.938000	-1.476490
2.939000	-1.565430
2.940000	-1.921380
2.941000	-1.743500
2.942000	-1.743500
2.943000	-1.387550
2.944000	-1.387550
2.945000	-1.743500
2.946000	-1.832440
2.947000	-1.387550
2.948000	-0.942466
2.949000	-0.230559
2.950000	-0.319502
2.951000	-0.764581
2.952000	-1.120530
2.953000	-0.586513
2.954000	0.125395
2.955000	0.392406
2.956000	0.036452
2.957000	-0.230559
2.958000	0.036452
2.959000	0.214520
2.960000	0.481349
2.961000	0.748360
2.962000	0.659417
2.963000	0.214520
2.964000	0.125395
2.965000	0.570474
2.966000	0.748360
2.967000	0.481349
2.968000	0.392406
2.969000	0.570474
2.970000	0.926428
2.971000	1.015370
2.972000	1.015370
2.973000	0.392406
2.974000	-0.408445
2.975000	-0.408445
2.976000	-0.408445
2.977000	-0.586513
2.978000	-0.853524
2.979000	-1.031410
2.980000	-1.120530
2.981000	-0.942466
2.982000	-0.497570
2.983000	-0.586513
2.984000	-1.031410
2.985000	-1.387550
2.986000	-1.565430
2.987000	-1.298420
2.988000	-1.031410
2.989000	-1.298420
2.990000	-1.387550
2.991000	-1.654370
2.992000	-1.832440
2.993000	-1.476490
2.994000	-1.209480
2.995000	-1.209480
2.996000	-1.565430
2.997000	-1.209480
2.998000	-0.764581
2.999000	-0.853524
3.000000	-0.586513
3.001000	-0.319502
3.002000	-0.586513
3.003000	-0.497570
3.004000	-0.319502
3.005000	-0.408445
3.006000	-0.586513
3.007000	-0.319502
3.008000	-0.141616
3.009000	-0.052491
3.010000	0.125395
3.011000	0.392406
3.012000	0.392406
3.013000	-0.141616
3.014000	-0.230559
3.015000	0.392406
3.016000	0.837485
3.017000	0.481349
3.018000	0.214520
3.019000	0.125395
3.020000	-0.230559
3.021000	-0.052491
3.022000	0.214520
3.023000	-0.408445
3.024000	-1.298420
3.025000	-0.942466
3.026000	-0.497570
3.027000	-0.497570
3.028000	-1.031410
3.029000	-1.298420
3.030000	-1.476490
3.031000	-1.298420
3.032000	-1.209480
3.033000	-1.387550
3.034000	-1.743500
3.035000	-1.654370
3.036000	-1.565430
3.037000	-1.654370
3.038000	-2.010330
3.039000	-2.277340
3.040000	-2.544350
3.041000	-2.099450
3.042000	-1.921380
3.043000	-2.455410
3.044000	-2.544350
3.045000	-2.099450
3.046000	-1.832440
3.047000	-1.654370
3.048000	-1.743500
3.049000	-1.832440
3.050000	-1.921380
3.051000	-2.010330
3.052000	-1.654370
3.053000	-1.743500
3.054000	-1.832440
3.055000	-1.743500
3.056000	-1.209480
3.057000	-1.209480
3.058000	-1.031410
3.059000	-1.031410
3.060000	-0.675456
3.061000	-0.319502
3.062000	-0.230559
3.063000	-0.408445
3.064000	-0.408445
3.065000	-0.141616
3.066000	0.036452
3.067000	-0.230559
3.068000	-0.586513
3.069000	-0.675456
3.070000	-0.408445
3.071000	-0.141616
3.072000	-0.230559
3.073000	-0.230559
3.074000	-0.408445
3.075000	-0.319502
3.076000	-0.319502
3.077000	-0.319502
3.078000	-0.586513
3.079000	-0.942466
3.080000	-1.120530
3.081000	-0.675456
3.082000	-0.586513
3.083000	-0.942466
3.084000	-1.387550
3.085000	-1.832440
3.086000	-1.921380
3.087000	-1.921380
3.088000	-1.921380
3.089000	-2.010330
3.090000	-2.099450
3.091000	-1.921380
3.092000	-1.921380
3.093000	-1.832440
3.094000	-1.743500
3.095000	-2.099450
3.096000	-2.455410
3.097000	-2.366460
3.098000	-2.188400
3.099000	-2.188400
3.100000	-2.188400
3.101000	-2.099450
3.102000	-1.654370
3.103000	-1.387550
3.104000	-1.120530
3.105000	-1.031410
3.106000	-0.764581
3.107000	-0.853524
3.108000	-0.497570
3.109000	-0.141616
3.110000	-0.230559
3.111000	-0.497570
3.112000	-0.319502
3.113000	-0.052491
3.114000	0.125395
3.115000	0.303463
3.116000	0.392406
3.117000	0.214520
3.118000	0.125395
3.119000	0.303463
3.120000	0.837485
3.121000	0.748360
3.122000	0.392406
3.123000	0.392406
3.124000	0.570474
3.125000	0.570474
3.126000	0.481349
3.127000	0.125395
3.128000	-0.408445
3.129000	-0.586513
3.130000	-0.408445
3.131000	-0.497570
3.132000	-0.764581
3.133000	-0.942466
3.134000	-0.942466
3.135000	-0.675456
3.136000	-0.586513
3.137000	-0.586513
3.138000	-1.031410
3.139000	-1.743500
3.140000	-1.654370
3.141000	-1.476490
3.142000	-1.921380
3.143000	-2.099450
3.144000	-1.743500
3.145000	-1.476490
3.146000	-1.476490
3.147000	-1.476490
3.148000	-1.209480
3.149000	-1.209480
3.150000	-1.120530
3.151000	-1.031410
3.152000	-0.853524
3.153000	-0.764581
3.154000	-0.586513
3.155000	-0.408445
3.156000	-0.230559
3.157000	0.125395
3.158000	0.036452
3.159000	-0.319502
3.160000	-0.408445
3.161000	-0.052491
3.162000	0.125395
3.163000	0.214520
3.164000	0.125395
3.165000	0.570474
3.166000	0.659417
3.167000	0.570474
3.168000	0.837485
3.169000	0.837485
3.170000	0.392406
3.171000	-0.052491
3.172000	0.036452
3.173000	0.036452
3.174000	-0.141616
3.175000	-0.052491
3.176000	-0.497570
3.177000	-0.675456
3.178000	-0.497570
3.179000	-0.408445
3.180000	-0.675456
3.181000	-0.942466
3.182000	-1.031410
3.183000	-1.298420
3.184000	-1.209480
3.185000	-1.031410
3.186000	-1.298420
3.187000	-1.743500
3.188000	-1.654370
3.189000	-1.387550
3.190000	-1.565430
3.191000	-1.743500
3.192000	-1.832440
3.193000	-1.832440
3.194000	-1.743500
3.195000	-1.387550
3.196000	-1.120530
3.197000	-1.298420
3.198000	-1.209480
3.199000	-0.853524
3.200000	-0.586513
3.201000	-0.764581
3.202000	-0.675456
3.203000	-0.853524
3.204000	-0.853524
3.205000	-0.497570
3.206000	-0.408445
3.207000	-0.586513
3.208000	-0.497570
3.209000	0.036452
3.210000	-0.052491
3.211000	-0.141616
3.212000	0.036452
3.213000	-0.052491
3.214000	-0.230559
3.215000	-0.141616
3.216000	-0.052491
3.217000	-0.230559
3.218000	-0.319502
3.219000	-0.230559
3.220000	-0.230559
3.221000	-0.497570
3.222000	-0.675456
3.223000	-0.764581
3.224000	-1.031410
3.225000	-1.031410
3.226000	-1.031410
3.227000	-0.942466
3.228000	-1.031410
3.229000	-1.031410
3.230000	-1.031410
3.231000	-1.298420
3.232000	-1.387550
3.233000	-1.565430
3.234000	-1.832440
3.235000	-2.099450
3.236000	-1.832440
3.237000	-1.654370
3.238000	-1.832440
3.239000	-1.921380
3.240000	-1.743500
3.241000	-1.654370
3.242000	-1.654370
3.243000	-1.743500
3.244000	-1.654370
3.245000	-1.743500
3.246000	-1.565430
3.247000	-1.387550
3.248000	-1.387550
3.249000	-1.298420
3.250000	-1.387550
3.251000	-1.387550
3.252000	-1.209480
3.253000	-1.031410
3.254000	-1.120530
3.255000	-1.031410
3.256000	-0.942466
3.257000	-0.942466
3.258000	-0.942466
3.259000	-0.764581
3.260000	-0.675456
3.261000	-0.853524
3.262000	-0.675456
3.263000	-0.675456
3.264000	-0.764581
3.265000	-0.764581
3.266000	-0.853524
3.267000	-0.675456
3.268000	-0.675456
3.269000	-0.853524
3.270000	-0.853524
3.271000	-0.942466
3.272000	-0.942466
3.273000	-0.675456
3.274000	-0.675456
3.275000	-0.853524
3.276000	-0.942466
3.277000	-0.942466
3.278000	-0.942466
3.279000	-1.298420
3.280000	-1.387550
3.281000	-1.209480
3.282000	-1.120530
3.283000	-1.298420
3.284000	-1.120530
3.285000	-1.120530
3.286000	-1.031410
3.287000	-1.209480
3.288000	-1.031410
3.289000	-1.120530
3.290000	-1.209480
3.291000	-1.209480
3.292000	-1.120530
3.293000	-1.031410
3.294000	-0.853524
3.295000	-0.853524
3.296000	-0.942466
3.297000	-1.031410
3.298000	-0.942466
3.299000	-0.942466
3.300000	-0.853524
3.301000	-0.586513
3.302000	-0.675456
3.303000	-0.853524
3.304000	-0.853524
3.305000	-0.497570
3.306000	-0.497570
3.307000	-0.497570
3.308000	-0.675456
3.309000	-0.408445
3.310000	-0.408445
3.311000	-0.408445
3.312000	-0.408445
3.313000	-0.497570
3.314000	-0.497570
3.315000	-0.408445
3.316000	-0.230559
3.317000	-0.230559
3.318000	-0.408445
3.319000	-0.319502
3.320000	-0.319502
3.321000	-0.230559
3.322000	-0.319502
3.323000	-0.497570
3.324000	-0.497570
3.325000	-0.675456
3.326000	-0.675456
3.327000	-0.586513
3.328000	-0.586513
3.329000	-0.586513
3.330000	-0.586513
3.331000	-0.497570
3.332000	-0.586513
3.333000	-0.586513
3.334000	-0.497570
3.335000	-0.675456
3.336000	-0.675456
3.337000	-0.675456
3.338000	-0.586513
3.339000	-0.497570
3.340000	-0.497570
3.341000	-0.586513
3.342000	-0.586513
3.343000	-0.764581
3.344000	-0.675456
3.345000	-0.764581
3.346000	-0.675456
3.347000	-0.764581
3.348000	-0.586513
3.349000	-0.319502
3.350000	-0.230559
3.351000	-0.319502
3.352000	-0.230559
3.353000	-0.408445
3.354000	-0.319502
3.355000	-0.319502
3.356000	-0.319502
3.357000	-0.408445
3.358000	-0.319502
3.359000	-0.230559
3.360000	-0.230559
3.361000	-0.319502
3.362000	-0.230559
3.363000	-0.230559
3.364000	-0.319502
3.365000	-0.230559
3.366000	-0.230559
3.367000	-0.230559
3.368000	-0.408445
3.369000	-0.319502
3.370000	-0.408445
3.371000	-0.497570
3.372000	-0.497570
3.373000	-0.675456
3.374000	-0.675456
3.375000	-0.586513
3.376000	-0.764581
3.377000	-0.942466
3.378000	-0.853524
3.379000	-0.942466
3.380000	-0.942466
3.381000	-1.031410
3.382000	-0.942466
3.383000	-1.031410
3.384000	-1.031410
3.385000	-1.031410
3.386000	-1.209480
3.387000	-1.209480
3.388000	-1.209480
3.389000	-1.209480
3.390000	-1.209480
3.391000	-1.209480
3.392000	-1.209480
3.393000	-1.209480
3.394000	-1.031410
3.395000	-1.120530
3.396000	-1.120530
3.397000	-1.120530
3.398000	-1.031410
3.399000	-0.942466
3.400000	-0.942466
3.401000	-0.942466
3.402000	-0.942466
3.403000	-0.853524
3.404000	-0.586513
3.405000	-0.675456
3.406000	-0.853524
3.407000	-0.586513
3.408000	-0.675456
3.409000	-0.853524
3.410000	-0.764581
3.411000	-0.586513
3.412000	-0.586513
3.413000	-0.675456
3.414000	-0.586513
3.415000	-0.675456
3.416000	-0.675456
3.417000	-0.586513
3.418000	-0.853524
3.419000	-0.942466
3.420000	-0.853524
3.421000	-0.942466
3.422000	-0.942466
3.423000	-1.031410
3.424000	-1.120530
3.425000	-1.031410
3.426000	-1.209480
3.427000	-1.298420
3.428000	-1.387550
3.429000	-1.565430
3.430000	-1.387550
3.431000	-1.565430
3.432000	-1.654370
3.433000	-1.654370
3.434000	-1.476490
3.435000	-1.654370
3.436000	-1.743500
3.437000	-1.743500
3.438000	-1.832440
3.439000	-1.832440
3.440000	-1.832440
3.441000	-1.654370
3.442000	-1.654370
3.443000	-1.654370
3.444000	-1.565430
3.445000	-1.387550
3.446000	-1.476490
3.447000	-1.387550
3.448000	-1.298420
3.449000	-1.120530
3.450000	-1.120530
3.451000	-1.120530
3.452000	-0.853524
3.453000	-0.942466
3.454000	-0.764581
3.455000	-0.497570
3.456000	-0.497570
3.457000	-0.319502
3.458000	-0.319502
3.459000	-0.230559
3.460000	-0.230559
3.461000	-0.319502
3.462000	-0.230559
3.463000	-0.230559
3.464000	-0.230559
3.465000	-0.230559
3.466000	-0.141616
3.467000	-0.230559
3.468000	-0.141616
3.469000	-0.141616
3.470000	-0.230559
3.471000	-0.408445
3.472000	-0.586513
3.473000	-0.586513
3.474000	-0.764581
3.475000	-0.942466
3.476000	-0.853524
3.477000	-1.031410
3.478000	-1.120530
3.479000	-1.209480
3.480000	-1.298420
3.481000	-1.476490
3.482000	-1.565430
3.483000	-1.476490
3.484000	-1.654370
3.485000	-1.743500
3.486000	-1.743500
3.487000	-1.565430
3.488000	-1.743500
3.489000	-1.654370
3.490000	-1.832440
3.491000	-1.921380
3.492000	-1.832440
3.493000	-1.654370
3.494000	-1.743500
3.495000	-1.387550
3.496000	-1.298420
3.497000	-1.120530
3.498000	-1.209480
3.499000	-0.853524
