-0.500000	-0.322888
-0.499000	-0.322888
-0.498000	-0.322888
-0.497000	-0.322888
-0.496000	-0.322888
-0.495000	-0.322888
-0.494000	-0.340816
-0.493000	-0.340816
-0.492000	-0.322888
-0.491000	-0.322888
-0.490000	-0.340816
-0.489000	-0.340816
-0.488000	-0.322888
-0.487000	-0.322888
-0.486000	-0.340816
-0.485000	-0.322888
-0.484000	-0.322888
-0.483000	-0.322888
-0.482000	-0.322888
-0.481000	-0.340816
-0.480000	-0.322888
-0.479000	-0.340816
-0.478000	-0.322888
-0.477000	-0.340816
-0.476000	-0.322888
-0.475000	-0.340816
-0.474000	-0.322888
-0.473000	-0.340816
-0.472000	-0.322888
-0.471000	-0.322888
-0.470000	-0.322888
-0.469000	-0.322888
-0.468000	-0.322888
-0.467000	-0.322888
-0.466000	-0.340816
-0.465000	-0.322888
-0.464000	-0.340816
-0.463000	-0.322888
-0.462000	-0.340816
-0.461000	-0.322888
-0.460000	-0.322888
-0.459000	-0.322888
-0.458000	-0.322888
-0.457000	-0.322888
-0.456000	-0.322888
-0.455000	-0.322888
-0.454000	-0.304960
-0.453000	-0.340816
-0.452000	-0.322888
-0.451000	-0.322888
-0.450000	-0.322888
-0.449000	-0.340816
-0.448000	-0.322888
-0.447000	-0.322888
-0.446000	-0.322888
-0.445000	-0.340816
-0.444000	-0.322888
-0.443000	-0.340816
-0.442000	-0.340816
-0.441000	-0.322888
-0.440000	-0.340816
-0.439000	-0.322888
-0.438000	-0.340816
-0.437000	-0.322888
-0.436000	-0.340816
-0.435000	-0.340816
-0.434000	-0.322888
-0.433000	-0.322888
-0.432000	-0.340816
-0.431000	-0.322888
-0.430000	-0.322888
-0.429000	-0.322888
-0.428000	-0.340816
-0.427000	-0.322888
-0.426000	-0.340816
-0.425000	-0.322888
-0.424000	-0.340816
-0.423000	-0.322888
-0.422000	-0.340816
-0.421000	-0.322888
-0.420000	-0.322888
-0.419000	-0.322888
-0.418000	-0.322888
-0.417000	-0.322888
-0.416000	-0.340816
-0.415000	-0.322888
-0.414000	-0.340816
-0.413000	-0.340816
-0.412000	-0.322888
-0.411000	-0.322888
-0.410000	-0.322888
-0.409000	-0.322888
-0.408000	-0.340816
-0.407000	-0.340816
-0.406000	-0.322888
-0.405000	-0.322888
-0.404000	-0.340816
-0.403000	-0.322888
-0.402000	-0.322888
-0.401000	-0.322888
-0.400000	-0.322888
-0.399000	-0.340816
-0.398000	-0.322888
-0.397000	-0.322888
-0.396000	-0.322888
-0.395000	-0.322888
-0.394000	-0.340816
-0.393000	-0.322888
-0.392000	-0.340816
-0.391000	-0.322888
-0.390000	-0.322888
-0.389000	-0.322888
-0.388000	-0.322888
-0.387000	-0.340816
-0.386000	-0.322888
-0.385000	-0.322888
-0.384000	-0.340816
-0.383000	-0.322888
-0.382000	-0.322888
-0.381000	-0.322888
-0.380000	-0.322888
-0.379000	-0.340816
-0.378000	-0.322888
-0.377000	-0.322888
-0.376000	-0.322888
-0.375000	-0.322888
-0.374000	-0.322888
-0.373000	-0.322888
-0.372000	-0.340816
-0.371000	-0.322888
-0.370000	-0.340816
-0.369000	-0.322888
-0.368000	-0.322888
-0.367000	-0.322888
-0.366000	-0.322888
-0.365000	-0.322888
-0.364000	-0.322888
-0.363000	-0.322888
-0.362000	-0.340816
-0.361000	-0.322888
-0.360000	-0.322888
-0.359000	-0.340816
-0.358000	-0.322888
-0.357000	-0.340816
-0.356000	-0.322888
-0.355000	-0.322888
-0.354000	-0.340816
-0.353000	-0.322888
-0.352000	-0.322888
-0.351000	-0.322888
-0.350000	-0.322888
-0.349000	-0.340816
-0.348000	-0.322888
-0.347000	-0.322888
-0.346000	-0.322888
-0.345000	-0.322888
-0.344000	-0.322888
-0.343000	-0.322888
-0.342000	-0.322888
-0.341000	-0.340816
-0.340000	-0.322888
-0.339000	-0.340816
-0.338000	-0.322888
-0.337000	-0.322888
-0.336000	-0.322888
-0.335000	-0.322888
-0.334000	-0.322888
-0.333000	-0.340816
-0.332000	-0.322888
-0.331000	-0.322888
-0.330000	-0.340816
-0.329000	-0.322888
-0.328000	-0.340816
-0.327000	-0.340816
-0.326000	-0.304960
-0.325000	-0.322888
-0.324000	-0.340816
-0.323000	-0.322888
-0.322000	-0.322888
-0.321000	-0.322888
-0.320000	-0.322888
-0.319000	-0.340816
-0.318000	-0.322888
-0.317000	-0.322888
-0.316000	-0.322888
-0.315000	-0.322888
-0.314000	-0.322888
-0.313000	-0.322888
-0.312000	-0.322888
-0.311000	-0.322888
-0.310000	-0.322888
-0.309000	-0.322888
-0.308000	-0.322888
-0.307000	-0.322888
-0.306000	-0.340816
-0.305000	-0.322888
-0.304000	-0.322888
-0.303000	-0.340816
-0.302000	-0.322888
-0.301000	-0.304960
-0.300000	-0.322888
-0.299000	-0.322888
-0.298000	-0.304960
-0.297000	-0.322888
-0.296000	-0.322888
-0.295000	-0.322888
-0.294000	-0.340816
-0.293000	-0.340816
-0.292000	-0.322888
-0.291000	-0.340816
-0.290000	-0.340816
-0.289000	-0.322888
-0.288000	-0.322888
-0.287000	-0.322888
-0.286000	-0.322888
-0.285000	-0.322888
-0.284000	-0.340816
-0.283000	-0.322888
-0.282000	-0.340816
-0.281000	-0.322888
-0.280000	-0.340816
-0.279000	-0.322888
-0.278000	-0.322888
-0.277000	-0.322888
-0.276000	-0.322888
-0.275000	-0.322888
-0.274000	-0.322888
-0.273000	-0.322888
-0.272000	-0.322888
-0.271000	-0.322888
-0.270000	-0.322888
-0.269000	-0.340816
-0.268000	-0.340816
-0.267000	-0.340816
-0.266000	-0.340816
-0.265000	-0.322888
-0.264000	-0.322888
-0.263000	-0.322888
-0.262000	-0.322888
-0.261000	-0.322888
-0.260000	-0.322888
-0.259000	-0.322888
-0.258000	-0.322888
-0.257000	-0.322888
-0.256000	-0.322888
-0.255000	-0.322888
-0.254000	-0.322888
-0.253000	-0.322888
-0.252000	-0.340816
-0.251000	-0.322888
-0.250000	-0.322888
-0.249000	-0.322888
-0.248000	-0.340816
-0.247000	-0.322888
-0.246000	-0.322888
-0.245000	-0.322888
-0.244000	-0.340816
-0.243000	-0.322888
-0.242000	-0.322888
-0.241000	-0.340816
-0.240000	-0.322888
-0.239000	-0.322888
-0.238000	-0.322888
-0.237000	-0.340816
-0.236000	-0.340816
-0.235000	-0.322888
-0.234000	-0.322888
-0.233000	-0.322888
-0.232000	-0.322888
-0.231000	-0.322888
-0.230000	-0.322888
-0.229000	-0.322888
-0.228000	-0.322888
-0.227000	-0.340816
-0.226000	-0.340816
-0.225000	-0.340816
-0.224000	-0.322888
-0.223000	-0.340816
-0.222000	-0.340816
-0.221000	-0.322888
-0.220000	-0.340816
-0.219000	-0.340816
-0.218000	-0.322888
-0.217000	-0.340816
-0.216000	-0.322888
-0.215000	-0.304960
-0.214000	-0.322888
-0.213000	-0.322888
-0.212000	-0.340816
-0.211000	-0.322888
-0.210000	-0.322888
-0.209000	-0.322888
-0.208000	-0.340816
-0.207000	-0.340816
-0.206000	-0.322888
-0.205000	-0.322888
-0.204000	-0.322888
-0.203000	-0.322888
-0.202000	-0.322888
-0.201000	-0.322888
-0.200000	-0.304960
-0.199000	-0.322888
-0.198000	-0.322888
-0.197000	-0.322888
-0.196000	-0.340816
-0.195000	-0.322888
-0.194000	-0.322888
-0.193000	-0.322888
-0.192000	-0.340816
-0.191000	-0.340816
-0.190000	-0.322888
-0.189000	-0.340816
-0.188000	-0.322888
-0.187000	-0.322888
-0.186000	-0.322888
-0.185000	-0.322888
-0.184000	-0.340816
-0.183000	-0.322888
-0.182000	-0.340816
-0.181000	-0.340816
-0.180000	-0.322888
-0.179000	-0.340816
-0.178000	-0.322888
-0.177000	-0.340816
-0.176000	-0.322888
-0.175000	-0.322888
-0.174000	-0.322888
-0.173000	-0.322888
-0.172000	-0.322888
-0.171000	-0.322888
-0.170000	-0.322888
-0.169000	-0.340816
-0.168000	-0.322888
-0.167000	-0.322888
-0.166000	-0.322888
-0.165000	-0.322888
-0.164000	-0.322888
-0.163000	-0.322888
-0.162000	-0.322888
-0.161000	-0.322888
-0.160000	-0.322888
-0.159000	-0.322888
-0.158000	-0.322888
-0.157000	-0.322888
-0.156000	-0.322888
-0.155000	-0.322888
-0.154000	-0.322888
-0.153000	-0.322888
-0.152000	-0.322888
-0.151000	-0.340816
-0.150000	-0.322888
-0.149000	-0.322888
-0.148000	-0.340816
-0.147000	-0.340816
-0.146000	-0.322888
-0.145000	-0.340816
-0.144000	-0.322888
-0.143000	-0.322888
-0.142000	-0.322888
-0.141000	-0.322888
-0.140000	-0.340816
-0.139000	-0.322888
-0.138000	-0.322888
-0.137000	-0.322888
-0.136000	-0.340816
-0.135000	-0.322888
-0.134000	-0.322888
-0.133000	-0.340816
-0.132000	-0.322888
-0.131000	-0.340816
-0.130000	-0.322888
-0.129000	-0.322888
-0.128000	-0.322888
-0.127000	-0.322888
-0.126000	-0.322888
-0.125000	-0.340816
-0.124000	-0.322888
-0.123000	-0.322888
-0.122000	-0.322888
-0.121000	-0.322888
-0.120000	-0.322888
-0.119000	-0.322888
-0.118000	-0.322888
-0.117000	-0.322888
-0.116000	-0.322888
-0.115000	-0.322888
-0.114000	-0.340816
-0.113000	-0.322888
-0.112000	-0.322888
-0.111000	-0.340816
-0.110000	-0.340816
-0.109000	-0.322888
-0.108000	-0.322888
-0.107000	-0.322888
-0.106000	-0.340816
-0.105000	-0.340816
-0.104000	-0.322888
-0.103000	-0.340816
-0.102000	-0.322888
-0.101000	-0.340816
-0.100000	-0.322888
-0.099000	-0.322888
-0.098000	-0.340816
-0.097000	-0.322888
-0.096000	-0.340816
-0.095000	-0.322888
-0.094000	-0.322888
-0.093000	-0.340816
-0.092000	-0.340816
-0.091000	-0.322888
-0.090000	-0.340816
-0.089000	-0.340816
-0.088000	-0.340816
-0.087000	-0.322888
-0.086000	-0.322888
-0.085000	-0.322888
-0.084000	-0.322888
-0.083000	-0.322888
-0.082000	-0.304960
-0.081000	-0.322888
-0.080000	-0.322888
-0.079000	-0.322888
-0.078000	-0.322888
-0.077000	-0.322888
-0.076000	-0.322888
-0.075000	-0.322888
-0.074000	-0.322888
-0.073000	-0.340816
-0.072000	-0.340816
-0.071000	-0.322888
-0.070000	-0.340816
-0.069000	-0.322888
-0.068000	-0.322888
-0.067000	-0.340816
-0.066000	-0.322888
-0.065000	-0.340816
-0.064000	-0.322888
-0.063000	-0.322888
-0.062000	-0.340816
-0.061000	-0.322888
-0.060000	-0.322888
-0.059000	-0.322888
-0.058000	-0.322888
-0.057000	-0.340816
-0.056000	-0.322888
-0.055000	-0.340816
-0.054000	-0.322888
-0.053000	-0.322888
-0.052000	-0.340816
-0.051000	-0.322888
-0.050000	-0.304960
-0.049000	-0.322888
-0.048000	-0.340816
-0.047000	-0.322888
-0.046000	-0.322888
-0.045000	-0.322888
-0.044000	-0.322888
-0.043000	-0.340816
-0.042000	-0.340816
-0.041000	-0.322888
-0.040000	-0.340816
-0.039000	-0.322888
-0.038000	-0.322888
-0.037000	-0.322888
-0.036000	-0.322888
-0.035000	-0.340816
-0.034000	-0.340816
-0.033000	-0.322888
-0.032000	-0.340816
-0.031000	-0.340816
-0.030000	-0.322888
-0.029000	-0.322888
-0.028000	-0.322888
-0.027000	-0.322888
-0.026000	-0.322888
-0.025000	-0.322888
-0.024000	-0.322888
-0.023000	-0.304960
-0.022000	-0.287032
-0.021000	-0.215246
-0.020000	-0.089677
-0.019000	0.000000
-0.018000	0.089677
-0.017000	0.161462
-0.016000	0.197318
-0.015000	0.215246
-0.014000	0.215246
-0.013000	0.215246
-0.012000	0.197318
-0.011000	0.197318
-0.010000	0.161462
-0.009000	0.143497
-0.008000	0.107641
-0.007000	0.071749
-0.006000	0.000000
-0.005000	-0.071749
-0.004000	-0.179390
-0.003000	-0.322888
-0.002000	-0.484350
-0.001000	-0.699596
0.000000	-0.896914
0.001000	-1.094230
0.002000	-1.255690
0.003000	-1.399190
0.004000	-1.542690
0.005000	-1.722080
0.006000	-1.919400
0.007000	-2.062900
0.008000	-2.349930
0.009000	-2.511350
0.010000	-2.708670
0.011000	-2.995700
0.012000	-3.264770
0.013000	-3.767050
0.014000	-4.287250
0.015000	-4.933030
0.016000	-5.542950
0.017000	-6.045230
0.018000	-6.332220
0.019000	-6.493680
0.020000	-6.368110
0.021000	-6.332220
0.022000	-6.242540
0.023000	-6.296360
0.024000	-6.475750
0.025000	-6.744820
0.026000	-7.085640
0.027000	-7.462350
0.028000	-7.767300
0.029000	-8.036370
0.030000	-8.126050
0.031000	-8.108120
0.032000	-8.000480
0.033000	-7.874910
0.034000	-7.839050
0.035000	-7.856980
0.036000	-8.000480
0.037000	-8.179870
0.038000	-8.377190
0.039000	-8.592470
0.040000	-8.753900
0.041000	-8.915360
0.042000	-8.951210
0.043000	-9.005030
0.044000	-8.951210
0.045000	-8.897430
0.046000	-8.861540
0.047000	-8.879470
0.048000	-8.951210
0.049000	-9.094750
0.050000	-9.220320
0.051000	-9.417640
0.052000	-9.543210
0.053000	-9.704630
0.054000	-9.776380
0.055000	-9.794340
0.056000	-9.776380
0.057000	-9.758450
0.058000	-9.776380
0.059000	-9.830200
0.060000	-9.991660
0.061000	-10.171000
0.062000	-10.458000
0.063000	-10.745000
0.064000	-11.014100
0.065000	-11.265300
0.066000	-11.498500
0.067000	-11.642000
0.068000	-11.749600
0.069000	-11.713700
0.070000	-11.731700
0.071000	-11.749600
0.072000	-11.857200
0.073000	-12.036600
0.074000	-12.287800
0.075000	-12.556800
0.076000	-12.790000
0.077000	-12.951500
0.078000	-13.077000
0.079000	-13.077000
0.080000	-13.059100
0.081000	-12.951500
0.082000	-12.825900
0.083000	-12.700300
0.084000	-12.628600
0.085000	-12.736200
0.086000	-12.861800
0.087000	-13.112900
0.088000	-13.399900
0.089000	-13.633100
0.090000	-13.830500
0.091000	-13.956000
0.092000	-13.938100
0.093000	-13.920100
0.094000	-13.848400
0.095000	-13.812500
0.096000	-13.848400
0.097000	-13.830500
0.098000	-13.938100
0.099000	-14.099500
0.100000	-14.278900
0.101000	-14.512100
0.102000	-14.673600
0.103000	-14.852900
0.104000	-14.888800
0.105000	-14.888800
0.106000	-14.924700
0.107000	-14.870900
0.108000	-14.906800
0.109000	-14.906800
0.110000	-14.996400
0.111000	-15.139900
0.112000	-15.283500
0.113000	-15.462800
0.114000	-15.642200
0.115000	-15.749900
0.116000	-15.821600
0.117000	-15.839500
0.118000	-15.857500
0.119000	-15.875400
0.120000	-15.893400
0.121000	-15.803700
0.122000	-15.965100
0.123000	-15.911300
0.124000	-16.108601
0.125000	-16.162399
0.126000	-16.234200
0.127000	-16.234200
0.128000	-15.965100
0.129000	-15.857500
0.130000	-15.714000
0.131000	-15.534600
0.132000	-15.283500
0.133000	-14.745300
0.134000	-13.704900
0.135000	-13.704900
0.136000	-12.431300
0.137000	-12.359500
0.138000	-12.216000
0.139000	-11.893100
0.140000	-12.485100
0.141000	-12.592700
0.142000	-13.256400
0.143000	-13.794600
0.144000	-13.794600
0.145000	-13.507600
0.146000	-11.677800
0.147000	-10.511900
0.148000	-8.502760
0.149000	-6.762750
0.150000	-5.704370
0.151000	-4.018190
0.152000	-3.820870
0.153000	-3.282700
0.154000	-3.587660
0.155000	-4.699850
0.156000	-5.327700
0.157000	-6.493680
0.158000	-6.583360
0.159000	-6.762750
0.160000	-6.116970
0.161000	-5.435310
0.162000	-4.376970
0.163000	-3.497980
0.164000	-2.565170
0.165000	-2.044970
0.166000	-1.991150
0.167000	-2.403750
0.168000	-3.193020
0.169000	-4.072010
0.170000	-5.273880
0.171000	-6.027300
0.172000	-6.942140
0.173000	-7.408520
0.174000	-7.516170
0.175000	-7.713480
0.176000	-7.372670
0.177000	-7.282960
0.178000	-7.247100
0.179000	-7.569990
0.180000	-8.000480
0.181000	-8.036370
0.182000	-9.722560
0.183000	-10.296600
0.184000	-12.198100
0.185000	-13.471700
0.186000	-14.332700
0.187000	-14.960600
0.188000	-14.852900
0.189000	-15.104100
0.190000	-15.265500
0.191000	-15.893400
0.192000	-16.862000
0.193000	-17.561600
0.194000	-18.243299
0.195000	-18.422701
0.196000	-18.440599
0.197000	-18.333000
0.198000	-18.171499
0.199000	-17.884501
0.200000	-17.454000
0.201000	-17.687201
0.202000	-17.489901
0.203000	-17.956301
0.204000	-18.010099
0.205000	-17.902500
0.206000	-17.525801
0.207000	-16.844101
0.208000	-16.144501
0.209000	-15.122000
0.210000	-13.938100
0.211000	-12.843800
0.212000	-11.677800
0.213000	-10.745000
0.214000	-9.525240
0.215000	-8.395150
0.216000	-7.193280
0.217000	-6.009330
0.218000	-5.202130
0.219000	-4.897170
0.220000	-4.933030
0.221000	-5.363560
0.222000	-5.847910
0.223000	-6.368110
0.224000	-6.870390
0.225000	-7.247100
0.226000	-7.605840
0.227000	-7.641740
0.228000	-7.516170
0.229000	-7.193280
0.230000	-6.798640
0.231000	-6.744820
0.232000	-6.726860
0.233000	-7.049780
0.234000	-7.480270
0.235000	-8.000480
0.236000	-8.592470
0.237000	-8.987110
0.238000	-9.363820
0.239000	-9.489380
0.240000	-9.489380
0.241000	-9.453490
0.242000	-9.327920
0.243000	-9.327920
0.244000	-9.453490
0.245000	-9.632880
0.246000	-9.955770
0.247000	-10.189000
0.248000	-10.529800
0.249000	-10.709200
0.250000	-10.834800
0.251000	-10.816800
0.252000	-10.655400
0.253000	-10.440100
0.254000	-10.171000
0.255000	-10.063400
0.256000	-10.099300
0.257000	-10.171000
0.258000	-10.493900
0.259000	-10.816800
0.260000	-11.211500
0.261000	-11.588200
0.262000	-11.767600
0.263000	-11.911100
0.264000	-11.911100
0.265000	-11.642000
0.266000	-11.552300
0.267000	-11.355000
0.268000	-11.355000
0.269000	-11.516400
0.270000	-11.624000
0.271000	-11.785500
0.272000	-12.018700
0.273000	-12.251900
0.274000	-11.534400
0.275000	-11.355000
0.276000	-10.511900
0.277000	-9.292070
0.278000	-9.076780
0.279000	-8.682150
0.280000	-8.664220
0.281000	-7.821130
0.282000	-7.874910
0.283000	-7.964620
0.284000	-7.785230
0.285000	-8.807720
0.286000	-8.646290
0.287000	-9.238250
0.288000	-8.664220
0.289000	-8.108120
0.290000	-7.713480
0.291000	-6.601320
0.292000	-6.924210
0.293000	-6.583360
0.294000	-6.960070
0.295000	-7.516170
0.296000	-7.677590
0.297000	-7.623810
0.298000	-7.480270
0.299000	-7.265030
0.300000	-7.354700
0.301000	-7.516170
0.302000	-7.910800
0.303000	-8.413080
0.304000	-8.251620
0.305000	-8.359260
0.306000	-8.431010
0.307000	-6.942140
0.308000	-4.986850
0.309000	-2.923950
0.310000	-0.179390
0.311000	0.322888
0.312000	-0.107641
0.313000	-1.578580
0.314000	-3.695300
0.315000	-4.538390
0.316000	-4.699850
0.317000	-4.323150
0.318000	-4.072010
0.319000	-3.928510
0.320000	-3.767050
0.321000	-3.551800
0.322000	-2.888060
0.323000	-2.636920
0.324000	-2.206430
0.325000	-2.009110
0.326000	-2.439600
0.327000	-2.547250
0.328000	-3.354480
0.329000	-3.892620
0.330000	-4.107860
0.331000	-4.305220
0.332000	-3.838800
0.333000	-3.426230
0.334000	-2.834240
0.335000	-1.829720
0.336000	-1.309520
0.337000	-0.753417
0.338000	-0.699596
0.339000	-1.255690
0.340000	-1.363300
0.341000	-1.560620
0.342000	-1.273620
0.343000	-0.950735
0.344000	-0.825165
0.345000	-1.740010
0.346000	-3.623550
0.347000	-5.955510
0.348000	-8.718040
0.349000	-11.085900
0.350000	-11.068000
0.351000	-9.991660
0.352000	-7.390600
0.353000	-5.004780
0.354000	-3.264770
0.355000	-1.022480
0.356000	-0.627847
0.357000	0.107641
0.358000	-1.255690
0.359000	-3.193020
0.360000	-5.273880
0.361000	-6.852430
0.362000	-6.260470
0.363000	-5.578800
0.364000	-3.085380
0.365000	-1.614440
0.366000	0.484350
0.367000	1.201870
0.368000	2.565170
0.369000	3.408270
0.370000	5.507050
0.371000	8.359260
0.372000	11.713700
0.373000	15.301400
0.374000	17.364300
0.375000	19.373400
0.376000	16.862000
0.377000	17.041401
0.378000	12.987400
0.379000	9.220320
0.380000	3.013630
0.381000	0.143497
0.382000	-2.260210
0.383000	-0.340816
0.384000	1.381260
0.385000	3.802940
0.386000	4.789530
0.387000	4.107860
0.388000	2.977770
0.389000	1.183950
0.390000	0.412564
0.391000	-0.251139
0.392000	-0.233211
0.393000	-0.825165
0.394000	-1.309520
0.395000	-3.067450
0.396000	-2.870130
0.397000	-3.193020
0.398000	-1.506830
0.399000	-0.663703
0.400000	0.304960
0.401000	0.645775
0.402000	0.502278
0.403000	0.538134
0.404000	0.825165
0.405000	1.722080
0.406000	3.121270
0.407000	4.771600
0.408000	6.314290
0.409000	7.605840
0.410000	8.018440
0.411000	8.144010
0.412000	7.300880
0.413000	6.116970
0.414000	4.789530
0.415000	3.121270
0.416000	2.044970
0.417000	0.896914
0.418000	0.304960
0.419000	0.125569
0.420000	0.035893
0.421000	0.574027
0.422000	0.789273
0.423000	1.094230
0.424000	1.201870
0.425000	1.004560
0.426000	0.322888
0.427000	-0.269067
0.428000	-1.201870
0.429000	-1.865580
0.430000	-2.690740
0.431000	-2.941880
0.432000	-2.995700
0.433000	-2.636920
0.434000	-1.955290
0.435000	-1.345370
0.436000	-0.322888
0.437000	0.484350
0.438000	1.345370
0.439000	1.901470
0.440000	2.403750
0.441000	2.296110
0.442000	2.547250
0.443000	2.027040
0.444000	2.044970
0.445000	1.847650
0.446000	1.955290
0.447000	2.116720
0.448000	2.367850
0.449000	1.991150
0.450000	1.955290
0.451000	1.327440
0.452000	1.022480
0.453000	0.304960
0.454000	0.053821
0.455000	-0.412564
0.456000	-0.627847
0.457000	-0.825165
0.458000	-0.986591
0.459000	-1.058380
0.460000	-0.968663
0.461000	-0.986591
0.462000	-0.789273
0.463000	-0.878986
0.464000	-0.825165
0.465000	-0.771345
0.466000	-0.735489
0.467000	-0.717524
0.468000	-0.681668
0.469000	-0.502278
0.470000	-0.107641
0.471000	0.035893
0.472000	0.574027
0.473000	0.645775
0.474000	0.825165
0.475000	0.932807
0.476000	0.825165
0.477000	0.681668
0.478000	0.143497
0.479000	-0.340816
0.480000	-0.986591
0.481000	-1.542690
0.482000	-2.296110
0.483000	-2.708670
0.484000	-3.031600
0.485000	-3.157160
0.486000	-3.282700
0.487000	-3.318590
0.488000	-3.551800
0.489000	-3.551800
0.490000	-4.143760
0.491000	-4.484570
0.492000	-4.897170
0.493000	-5.327700
0.494000	-5.525020
0.495000	-5.596770
0.496000	-5.399450
0.497000	-5.058600
0.498000	-4.646030
0.499000	-4.251400
0.500000	-3.838800
0.501000	-3.731190
0.502000	-3.551800
0.503000	-3.677370
0.504000	-3.659410
0.505000	-3.856720
0.506000	-3.874690
0.507000	-3.982290
0.508000	-3.838800
0.509000	-3.928510
0.510000	-3.749120
0.511000	-3.820870
0.512000	-3.767050
0.513000	-4.072010
0.514000	-4.179650
0.515000	-4.538390
0.516000	-4.663960
0.517000	-5.040670
0.518000	-5.076560
0.519000	-5.417380
0.520000	-5.363560
0.521000	-5.489130
0.522000	-5.560880
0.523000	-5.542950
0.524000	-5.740270
0.525000	-5.596770
0.526000	-5.704370
0.527000	-5.542950
0.528000	-5.776160
0.529000	-6.332220
0.530000	-6.386040
0.531000	-6.744820
0.532000	-6.260470
0.533000	-5.740270
0.534000	-4.950990
0.535000	-4.520460
0.536000	-4.251400
0.537000	-4.054080
0.538000	-3.677370
0.539000	-3.067450
0.540000	-2.906030
0.541000	-2.834240
0.542000	-3.372410
0.543000	-4.000260
0.544000	-4.610140
0.545000	-5.184170
0.546000	-5.668520
0.547000	-5.919660
0.548000	-6.081080
0.549000	-5.973480
0.550000	-5.740270
0.551000	-5.327700
0.552000	-5.094490
0.553000	-4.986850
0.554000	-5.202130
0.555000	-5.596770
0.556000	-5.901730
0.557000	-6.332220
0.558000	-6.547500
0.559000	-6.637180
0.560000	-6.601320
0.561000	-6.350180
0.562000	-6.009330
0.563000	-5.614700
0.564000	-5.363560
0.565000	-5.076560
0.566000	-5.058600
0.567000	-5.130350
0.568000	-5.220060
0.569000	-5.632620
0.570000	-5.758190
0.571000	-5.937580
0.572000	-5.919660
0.573000	-5.865840
0.574000	-5.740270
0.575000	-5.668520
0.576000	-5.650590
0.577000	-5.632620
0.578000	-5.722340
0.579000	-5.901730
0.580000	-6.170790
0.581000	-6.565430
0.582000	-6.726860
0.583000	-6.960070
0.584000	-7.031820
0.585000	-6.870390
0.586000	-6.762750
0.587000	-6.403970
0.588000	-6.081080
0.589000	-5.847910
0.590000	-5.525020
0.591000	-5.722340
0.592000	-5.847910
0.593000	-6.188720
0.594000	-6.565430
0.595000	-6.744820
0.596000	-6.906250
0.597000	-6.834500
0.598000	-6.475750
0.599000	-6.260470
0.600000	-5.937580
0.601000	-5.632620
0.602000	-5.704370
0.603000	-5.560880
0.604000	-5.919660
0.605000	-6.116970
0.606000	-6.332220
0.607000	-6.637180
0.608000	-6.726860
0.609000	-6.888320
0.610000	-6.960070
0.611000	-6.888320
0.612000	-6.816570
0.613000	-6.547500
0.614000	-6.403970
0.615000	-6.152830
0.616000	-6.134900
0.617000	-6.206650
0.618000	-6.260470
0.619000	-6.511610
0.620000	-6.708930
0.621000	-6.762750
0.622000	-6.870390
0.623000	-6.601320
0.624000	-6.511610
0.625000	-6.224620
0.626000	-5.973480
0.627000	-6.063150
0.628000	-6.009330
0.629000	-6.386040
0.630000	-6.673070
0.631000	-6.960070
0.632000	-7.336780
0.633000	-7.390600
0.634000	-7.569990
0.635000	-7.552020
0.636000	-7.569990
0.637000	-7.408520
0.638000	-7.336780
0.639000	-7.031820
0.640000	-6.834500
0.641000	-6.637180
0.642000	-6.439860
0.643000	-6.439860
0.644000	-6.511610
0.645000	-6.655110
0.646000	-6.834500
0.647000	-6.888320
0.648000	-6.942140
0.649000	-6.924210
0.650000	-6.816570
0.651000	-6.744820
0.652000	-6.619250
0.653000	-6.475750
0.654000	-6.457790
0.655000	-6.350180
0.656000	-6.278400
0.657000	-6.368110
0.658000	-6.314290
0.659000	-6.493680
0.660000	-6.529540
0.661000	-6.583360
0.662000	-6.762750
0.663000	-6.762750
0.664000	-7.013890
0.665000	-7.085640
0.666000	-7.211210
0.667000	-7.354700
0.668000	-7.372670
0.669000	-7.569990
0.670000	-7.587910
0.671000	-7.749380
0.672000	-7.731410
0.673000	-7.659660
0.674000	-7.534090
0.675000	-7.372670
0.676000	-7.282960
0.677000	-7.121530
0.678000	-6.978000
0.679000	-6.942140
0.680000	-6.798640
0.681000	-6.762750
0.682000	-6.673070
0.683000	-6.565430
0.684000	-6.565430
0.685000	-6.493680
0.686000	-6.457790
0.687000	-6.439860
0.688000	-6.368110
0.689000	-6.350180
0.690000	-6.386040
0.691000	-6.368110
0.692000	-6.511610
0.693000	-6.583360
0.694000	-6.762750
0.695000	-6.906250
0.696000	-7.085640
0.697000	-7.229130
0.698000	-7.354700
0.699000	-7.408520
0.700000	-7.426450
0.701000	-7.408520
0.702000	-7.318850
0.703000	-7.229130
0.704000	-7.139460
0.705000	-7.013890
0.706000	-6.924210
0.707000	-6.816570
0.708000	-6.655110
0.709000	-6.511610
0.710000	-6.386040
0.711000	-6.242540
0.712000	-6.116970
0.713000	-5.973480
0.714000	-5.758190
0.715000	-5.542950
0.716000	-5.309740
0.717000	-5.112420
0.718000	-5.040670
0.719000	-4.986850
0.720000	-5.004780
0.721000	-5.076560
0.722000	-5.202130
0.723000	-5.363560
0.724000	-5.507050
0.725000	-5.668520
0.726000	-5.776160
0.727000	-5.829940
0.728000	-5.865840
0.729000	-5.883760
0.730000	-5.937580
0.731000	-5.991400
0.732000	-6.045230
0.733000	-6.099050
0.734000	-6.116970
0.735000	-6.152830
0.736000	-6.152830
0.737000	-6.170790
0.738000	-6.134900
0.739000	-6.099050
0.740000	-5.991400
0.741000	-5.865840
0.742000	-5.686440
0.743000	-5.542950
0.744000	-5.363560
0.745000	-5.220060
0.746000	-5.058600
0.747000	-4.933030
0.748000	-4.879240
0.749000	-4.843350
0.750000	-4.861280
0.751000	-4.950990
0.752000	-4.986850
0.753000	-5.130350
0.754000	-5.202130
0.755000	-5.273880
0.756000	-5.381490
0.757000	-5.417380
0.758000	-5.489130
0.759000	-5.489130
0.760000	-5.525020
0.761000	-5.560880
0.762000	-5.578800
0.763000	-5.704370
0.764000	-5.686440
0.765000	-5.740270
0.766000	-5.812010
0.767000	-5.758190
0.768000	-5.829940
0.769000	-5.704370
0.770000	-5.596770
0.771000	-5.489130
0.772000	-5.255920
0.773000	-5.184170
0.774000	-4.950990
0.775000	-4.771600
0.776000	-4.681890
0.777000	-4.466640
0.778000	-4.466640
0.779000	-4.341070
0.780000	-4.233430
0.781000	-4.305220
0.782000	-4.215500
0.783000	-4.305220
0.784000	-4.287250
0.785000	-4.305220
0.786000	-4.412820
0.787000	-4.466640
0.788000	-4.538390
0.789000	-4.574280
0.790000	-4.592210
0.791000	-4.610140
0.792000	-4.592210
0.793000	-4.681890
0.794000	-4.663960
0.795000	-4.717780
0.796000	-4.753670
0.797000	-4.735710
0.798000	-4.807460
0.799000	-4.789530
0.800000	-4.735710
0.801000	-4.717780
0.802000	-4.538390
0.803000	-4.430750
0.804000	-4.215500
0.805000	-4.089930
0.806000	-3.928510
0.807000	-3.695300
0.808000	-3.623550
0.809000	-3.426230
0.810000	-3.372410
0.811000	-3.300660
0.812000	-3.193020
0.813000	-3.121270
0.814000	-3.121270
0.815000	-3.031600
0.816000	-3.193020
0.817000	-3.049520
0.818000	-3.228910
0.819000	-3.157160
0.820000	-3.282700
0.821000	-3.282700
0.822000	-3.318590
0.823000	-3.372410
0.824000	-3.408270
0.825000	-3.408270
0.826000	-3.444160
0.827000	-3.426230
0.828000	-3.426230
0.829000	-3.444160
0.830000	-3.318590
0.831000	-3.408270
0.832000	-3.210950
0.833000	-3.264770
0.834000	-3.013630
0.835000	-2.941880
0.836000	-2.852200
0.837000	-2.726640
0.838000	-2.690740
0.839000	-2.511350
0.840000	-2.403750
0.841000	-2.385780
0.842000	-2.206430
0.843000	-2.188460
0.844000	-2.116720
0.845000	-2.062900
0.846000	-2.080860
0.847000	-1.973220
0.848000	-2.009110
0.849000	-1.973220
0.850000	-2.044970
0.851000	-2.062900
0.852000	-2.080860
0.853000	-2.098790
0.854000	-2.152610
0.855000	-2.134640
0.856000	-2.188460
0.857000	-2.206430
0.858000	-2.188460
0.859000	-2.188460
0.860000	-2.134640
0.861000	-2.188460
0.862000	-2.098790
0.863000	-2.080860
0.864000	-1.973220
0.865000	-1.937330
0.866000	-1.847650
0.867000	-1.668260
0.868000	-1.650330
0.869000	-1.524760
0.870000	-1.453010
0.871000	-1.345370
0.872000	-1.273620
0.873000	-1.130130
0.874000	-1.040410
0.875000	-0.968663
0.876000	-0.789273
0.877000	-0.825165
0.878000	-0.627847
0.879000	-0.627847
0.880000	-0.591955
0.881000	-0.556099
0.882000	-0.609919
0.883000	-0.556099
0.884000	-0.609919
0.885000	-0.609919
0.886000	-0.699596
0.887000	-0.843093
0.888000	-0.878986
0.889000	-0.932807
0.890000	-0.843093
0.891000	-0.735489
0.892000	-0.574027
0.893000	-0.394636
0.894000	-0.358780
0.895000	-0.304960
0.896000	-0.251139
0.897000	-0.269067
0.898000	-0.215246
0.899000	-0.125569
0.900000	-0.071749
0.901000	0.089677
0.902000	0.000000
0.903000	0.089677
0.904000	-0.017928
0.905000	0.071749
0.906000	0.071749
0.907000	0.197318
0.908000	0.502278
0.909000	0.574027
0.910000	0.843093
0.911000	0.914842
0.912000	0.896914
0.913000	0.950735
0.914000	0.825165
0.915000	0.861058
0.916000	0.825165
0.917000	0.807237
0.918000	0.789273
0.919000	0.663703
0.920000	0.681668
0.921000	0.699596
0.922000	0.699596
0.923000	0.789273
0.924000	0.789273
0.925000	0.968663
0.926000	1.004560
0.927000	1.058380
0.928000	1.183950
0.929000	1.255690
0.930000	1.363300
0.931000	1.381260
0.932000	1.435080
0.933000	1.560620
0.934000	1.542690
0.935000	1.578580
0.936000	1.614440
0.937000	1.650330
0.938000	1.775900
0.939000	1.811760
0.940000	1.991150
0.941000	2.098790
0.942000	2.098790
0.943000	2.224360
0.944000	2.260210
0.945000	2.349930
0.946000	2.529320
0.947000	2.493420
0.948000	2.618990
0.949000	2.565170
0.950000	2.529320
0.951000	2.547250
0.952000	2.457570
0.953000	2.565170
0.954000	2.583140
0.955000	2.583140
0.956000	2.672810
0.957000	2.636920
0.958000	2.798380
0.959000	2.816310
0.960000	2.834240
0.961000	2.995700
0.962000	2.888060
0.963000	3.121270
0.964000	3.013630
0.965000	3.085380
0.966000	3.228910
0.967000	3.175090
0.968000	3.336520
0.969000	3.282700
0.970000	3.408270
0.971000	3.462090
0.972000	3.462090
0.973000	3.533840
0.974000	3.659410
0.975000	3.641480
0.976000	3.749120
0.977000	3.749120
0.978000	3.820870
0.979000	3.874690
0.980000	3.802940
0.981000	4.000260
0.982000	3.946440
0.983000	4.107860
0.984000	4.143760
0.985000	4.072010
0.986000	4.215500
0.987000	4.125830
0.988000	4.161680
0.989000	4.197580
0.990000	4.143760
0.991000	4.305220
0.992000	4.215500
0.993000	4.305220
0.994000	4.251400
0.995000	4.341070
0.996000	4.376970
0.997000	4.394890
0.998000	4.466640
0.999000	4.520460
1.000000	4.502540
1.001000	4.538390
1.002000	4.556320
1.003000	4.556320
1.004000	4.574280
1.005000	4.592210
1.006000	4.753670
1.007000	4.950990
1.008000	5.094490
1.009000	5.345630
1.010000	5.435310
1.011000	5.489130
1.012000	5.381490
1.013000	5.166240
1.014000	4.950990
1.015000	4.681890
1.016000	4.556320
1.017000	4.556320
1.018000	4.646030
1.019000	4.807460
1.020000	4.915100
1.021000	5.022740
1.022000	5.058600
1.023000	5.076560
1.024000	5.094490
1.025000	5.166240
1.026000	5.202130
1.027000	5.220060
1.028000	5.130350
1.029000	4.968920
1.030000	4.753670
1.031000	4.628110
1.032000	4.538390
1.033000	4.610140
1.034000	4.646030
1.035000	4.915100
1.036000	5.022740
1.037000	5.291810
1.038000	5.471200
1.039000	5.668520
1.040000	5.901730
1.041000	6.045230
1.042000	6.188720
1.043000	6.134900
1.044000	6.009330
1.045000	5.776160
1.046000	5.525020
1.047000	5.255920
1.048000	5.094490
1.049000	5.040670
1.050000	5.058600
1.051000	5.184170
1.052000	5.291810
1.053000	5.489130
1.054000	5.578800
1.055000	5.704370
1.056000	5.722340
1.057000	5.740270
1.058000	5.650590
1.059000	5.525020
1.060000	5.399450
1.061000	5.184170
1.062000	5.040670
1.063000	4.950990
1.064000	4.933030
1.065000	4.968920
1.066000	5.022740
1.067000	5.094490
1.068000	5.202130
1.069000	5.220060
1.070000	5.291810
1.071000	5.309740
1.072000	5.345630
1.073000	5.381490
1.074000	5.363560
1.075000	5.345630
1.076000	5.220060
1.077000	5.166240
1.078000	5.058600
1.079000	5.022740
1.080000	5.040670
1.081000	5.112420
1.082000	5.166240
1.083000	5.166240
1.084000	5.076560
1.085000	4.933030
1.086000	4.771600
1.087000	4.556320
1.088000	4.448720
1.089000	4.359000
1.090000	4.323150
1.091000	4.359000
1.092000	4.376970
1.093000	4.430750
1.094000	4.448720
1.095000	4.502540
1.096000	4.574280
1.097000	4.592210
1.098000	4.610140
1.099000	4.610140
1.100000	4.574280
1.101000	4.538390
1.102000	4.502540
1.103000	4.484570
1.104000	4.538390
1.105000	4.628110
1.106000	4.735710
1.107000	4.861280
1.108000	4.933030
1.109000	4.968920
1.110000	4.968920
1.111000	4.950990
1.112000	4.897170
1.113000	4.807460
1.114000	4.717780
1.115000	4.592210
1.116000	4.466640
1.117000	4.359000
1.118000	4.269320
1.119000	4.251400
1.120000	4.287250
1.121000	4.287250
1.122000	4.341070
1.123000	4.341070
1.124000	4.305220
1.125000	4.233430
1.126000	4.161680
1.127000	4.089930
1.128000	3.982290
1.129000	3.892620
1.130000	3.802940
1.131000	3.767050
1.132000	3.695300
1.133000	3.713230
1.134000	3.749120
1.135000	3.784980
1.136000	3.892620
1.137000	3.946440
1.138000	4.054080
1.139000	4.000260
1.140000	4.000260
1.141000	3.910540
1.142000	3.820870
1.143000	3.695300
1.144000	3.623550
1.145000	3.569730
1.146000	3.515910
1.147000	3.497980
1.148000	3.480050
1.149000	3.444160
1.150000	3.426230
1.151000	3.426230
1.152000	3.408270
1.153000	3.372410
1.154000	3.228910
1.155000	3.193020
1.156000	3.013630
1.157000	2.977770
1.158000	2.816310
1.159000	2.762490
1.160000	2.708670
1.161000	2.690740
1.162000	2.654890
1.163000	2.726640
1.164000	2.780460
1.165000	2.780460
1.166000	2.834240
1.167000	2.816310
1.168000	2.726640
1.169000	2.762490
1.170000	2.672810
1.171000	2.690740
1.172000	2.654890
1.173000	2.601070
1.174000	2.654890
1.175000	2.583140
1.176000	2.583140
1.177000	2.601070
1.178000	2.601070
1.179000	2.583140
1.180000	2.529320
1.181000	2.529320
1.182000	2.511350
1.183000	2.403750
1.184000	2.439600
1.185000	2.349930
1.186000	2.314030
1.187000	2.242290
1.188000	2.152610
1.189000	2.170540
1.190000	2.044970
1.191000	2.027040
1.192000	2.044970
1.193000	1.973220
1.194000	1.955290
1.195000	1.901470
1.196000	1.865580
1.197000	1.847650
1.198000	1.757970
1.199000	1.740010
1.200000	1.686190
1.201000	1.650330
1.202000	1.704150
1.203000	1.632400
1.204000	1.722080
1.205000	1.704150
1.206000	1.704150
1.207000	1.865580
1.208000	1.650330
1.209000	1.668260
1.210000	1.524760
1.211000	1.417120
1.212000	1.291550
1.213000	1.165980
1.214000	1.058380
1.215000	1.112160
1.216000	0.950735
1.217000	1.022480
1.218000	0.986591
1.219000	0.914842
1.220000	0.968663
1.221000	0.789273
1.222000	0.950735
1.223000	0.807237
1.224000	0.699596
1.225000	0.663703
1.226000	0.466385
1.227000	0.322888
1.228000	0.251139
1.229000	0.017928
1.230000	0.143497
1.231000	0.053821
1.232000	0.107641
1.233000	0.143497
1.234000	0.053821
1.235000	0.107641
1.236000	0.053821
1.237000	0.071749
1.238000	0.053821
1.239000	-0.017928
1.240000	-0.089677
1.241000	-0.143497
1.242000	-0.269067
1.243000	-0.340816
1.244000	-0.394636
1.245000	-0.466385
1.246000	-0.466385
1.247000	-0.502278
1.248000	-0.520206
1.249000	-0.520206
1.250000	-0.627847
1.251000	-0.538134
1.252000	-0.663703
1.253000	-0.591955
1.254000	-0.771345
1.255000	-0.717524
1.256000	-0.932807
1.257000	-0.914842
1.258000	-1.130130
1.259000	-1.130130
1.260000	-1.201870
1.261000	-1.237730
1.262000	-1.201870
1.263000	-1.237730
1.264000	-1.273620
1.265000	-1.291550
1.266000	-1.399190
1.267000	-1.381260
1.268000	-1.488870
1.269000	-1.435080
1.270000	-1.435080
1.271000	-1.399190
1.272000	-1.506830
1.273000	-1.614440
1.274000	-1.632400
1.275000	-1.722080
1.276000	-1.632400
1.277000	-1.650330
1.278000	-1.614440
1.279000	-1.650330
1.280000	-1.614440
1.281000	-1.757970
1.282000	-1.793830
1.283000	-1.955290
1.284000	-1.973220
1.285000	-1.937330
1.286000	-1.973220
1.287000	-1.991150
1.288000	-2.134640
1.289000	-2.224360
1.290000	-2.349930
1.291000	-2.511350
1.292000	-2.457570
1.293000	-2.511350
1.294000	-2.511350
1.295000	-2.421680
1.296000	-2.618990
1.297000	-2.547250
1.298000	-2.780460
1.299000	-2.798380
1.300000	-2.780460
1.301000	-2.798380
1.302000	-2.798380
1.303000	-2.816310
1.304000	-2.870130
1.305000	-2.834240
1.306000	-3.049520
1.307000	-3.013630
1.308000	-3.103340
1.309000	-3.121270
1.310000	-3.049520
1.311000	-3.139200
1.312000	-3.013630
1.313000	-3.121270
1.314000	-3.210950
1.315000	-3.246840
1.316000	-3.372410
1.317000	-3.426230
1.318000	-3.444160
1.319000	-3.497980
1.320000	-3.444160
1.321000	-3.551800
1.322000	-3.587660
1.323000	-3.731190
1.324000	-3.784980
1.325000	-3.820870
1.326000	-3.856720
1.327000	-3.838800
1.328000	-3.892620
1.329000	-3.892620
1.330000	-3.874690
1.331000	-4.000260
1.332000	-4.018190
1.333000	-4.107860
1.334000	-4.125830
1.335000	-4.089930
1.336000	-4.125830
1.337000	-4.054080
1.338000	-4.089930
1.339000	-4.036110
1.340000	-4.107860
1.341000	-4.107860
1.342000	-4.107860
1.343000	-4.107860
1.344000	-4.107860
1.345000	-4.089930
1.346000	-4.107860
1.347000	-4.125830
1.348000	-4.179650
1.349000	-4.233430
1.350000	-4.233430
1.351000	-4.269320
1.352000	-4.269320
1.353000	-4.287250
1.354000	-4.305220
1.355000	-4.341070
1.356000	-4.394890
1.357000	-4.430750
1.358000	-4.448720
1.359000	-4.430750
1.360000	-4.430750
1.361000	-4.466640
1.362000	-4.448720
1.363000	-4.484570
1.364000	-4.502540
1.365000	-4.520460
1.366000	-4.502540
1.367000	-4.484570
1.368000	-4.430750
1.369000	-4.430750
1.370000	-4.430750
1.371000	-4.412820
1.372000	-4.412820
1.373000	-4.412820
1.374000	-4.376970
1.375000	-4.359000
1.376000	-4.323150
1.377000	-4.341070
1.378000	-4.341070
1.379000	-4.359000
1.380000	-4.430750
1.381000	-4.430750
1.382000	-4.466640
1.383000	-4.412820
1.384000	-4.448720
1.385000	-4.448720
1.386000	-4.448720
1.387000	-4.520460
1.388000	-4.556320
1.389000	-4.592210
1.390000	-4.628110
1.391000	-4.574280
1.392000	-4.574280
1.393000	-4.520460
1.394000	-4.520460
1.395000	-4.538390
1.396000	-4.538390
1.397000	-4.592210
1.398000	-4.538390
1.399000	-4.520460
1.400000	-4.448720
1.401000	-4.359000
1.402000	-4.341070
1.403000	-4.287250
1.404000	-4.269320
1.405000	-4.287250
1.406000	-4.233430
1.407000	-4.215500
1.408000	-4.125830
1.409000	-4.072010
1.410000	-4.018190
1.411000	-3.982290
1.412000	-3.982290
1.413000	-3.982290
1.414000	-3.982290
1.415000	-4.000260
1.416000	-3.946440
1.417000	-3.892620
1.418000	-3.838800
1.419000	-3.802940
1.420000	-3.802940
1.421000	-3.784980
1.422000	-3.838800
1.423000	-3.838800
1.424000	-3.838800
1.425000	-3.784980
1.426000	-3.731190
1.427000	-3.695300
1.428000	-3.659410
1.429000	-3.623550
1.430000	-3.623550
1.431000	-3.623550
1.432000	-3.623550
1.433000	-3.623550
1.434000	-3.569730
1.435000	-3.515910
1.436000	-3.462090
1.437000	-3.408270
1.438000	-3.372410
1.439000	-3.372410
1.440000	-3.354480
1.441000	-3.354480
1.442000	-3.318590
1.443000	-3.300660
1.444000	-3.246840
1.445000	-3.210950
1.446000	-3.210950
1.447000	-3.193020
1.448000	-3.210950
1.449000	-3.193020
1.450000	-3.210950
1.451000	-3.210950
1.452000	-3.210950
1.453000	-3.210950
1.454000	-3.193020
1.455000	-3.157160
1.456000	-3.139200
1.457000	-3.139200
1.458000	-3.121270
1.459000	-3.103340
1.460000	-3.067450
1.461000	-3.049520
1.462000	-2.995700
1.463000	-2.959810
1.464000	-2.906030
1.465000	-2.834240
1.466000	-2.834240
1.467000	-2.780460
1.468000	-2.798380
1.469000	-2.798380
1.470000	-2.726640
1.471000	-2.708670
1.472000	-2.654890
1.473000	-2.583140
1.474000	-2.547250
1.475000	-2.493420
1.476000	-2.529320
1.477000	-2.511350
1.478000	-2.511350
1.479000	-2.475500
1.480000	-2.493420
1.481000	-2.439600
1.482000	-2.403750
1.483000	-2.385780
1.484000	-2.349930
1.485000	-2.385780
1.486000	-2.385780
1.487000	-2.385780
1.488000	-2.332000
1.489000	-2.314030
1.490000	-2.206430
1.491000	-2.206430
1.492000	-2.152610
1.493000	-2.098790
1.494000	-2.116720
1.495000	-2.116720
1.496000	-2.098790
1.497000	-2.062900
1.498000	-1.955290
1.499000	-1.919400
1.500000	-1.847650
1.501000	-1.793830
1.502000	-1.722080
1.503000	-1.775900
1.504000	-1.686190
1.505000	-1.668260
1.506000	-1.596510
1.507000	-1.542690
1.508000	-1.435080
1.509000	-1.399190
1.510000	-1.381260
1.511000	-1.345370
1.512000	-1.327440
1.513000	-1.291550
1.514000	-1.273620
1.515000	-1.273620
1.516000	-1.219800
1.517000	-1.183950
1.518000	-1.183950
1.519000	-1.094230
1.520000	-1.112160
1.521000	-1.058380
1.522000	-1.058380
1.523000	-1.004560
1.524000	-0.968663
1.525000	-0.914842
1.526000	-0.878986
1.527000	-0.789273
1.528000	-0.771345
1.529000	-0.663703
1.530000	-0.681668
1.531000	-0.609919
1.532000	-0.591955
1.533000	-0.520206
1.534000	-0.466385
1.535000	-0.430529
1.536000	-0.358780
1.537000	-0.287032
1.538000	-0.233211
1.539000	-0.251139
1.540000	-0.161462
1.541000	-0.197318
1.542000	-0.161462
1.543000	-0.197318
1.544000	-0.179390
1.545000	-0.143497
1.546000	-0.125569
1.547000	-0.089677
1.548000	-0.053821
1.549000	-0.053821
1.550000	-0.017928
1.551000	-0.017928
1.552000	0.000000
1.553000	0.089677
1.554000	0.089677
1.555000	0.179390
1.556000	0.179390
1.557000	0.197318
1.558000	0.304960
1.559000	0.233211
1.560000	0.322888
1.561000	0.304960
1.562000	0.304960
1.563000	0.448457
1.564000	0.340816
1.565000	0.430529
1.566000	0.448457
1.567000	0.466385
1.568000	0.538134
1.569000	0.502278
1.570000	0.556099
1.571000	0.663703
1.572000	0.627847
1.573000	0.807237
1.574000	0.753417
1.575000	0.861058
1.576000	0.878986
1.577000	0.878986
1.578000	0.968663
1.579000	0.950735
1.580000	0.986591
1.581000	1.022480
1.582000	1.058380
1.583000	1.076300
1.584000	1.094230
1.585000	1.094230
1.586000	1.130130
1.587000	1.148050
1.588000	1.183950
1.589000	1.237730
1.590000	1.291550
1.591000	1.345370
1.592000	1.345370
1.593000	1.399190
1.594000	1.417120
1.595000	1.363300
1.596000	1.470940
1.597000	1.399190
1.598000	1.399190
1.599000	1.381260
1.600000	1.309520
1.601000	1.435080
1.602000	1.524760
1.603000	1.722080
1.604000	1.901470
1.605000	2.009110
1.606000	2.116720
1.607000	2.134640
1.608000	2.044970
1.609000	2.080860
1.610000	2.027040
1.611000	2.062900
1.612000	2.188460
1.613000	2.152610
1.614000	2.242290
1.615000	2.188460
1.616000	2.152610
1.617000	2.116720
1.618000	1.973220
1.619000	1.937330
1.620000	1.973220
1.621000	2.044970
1.622000	2.206430
1.623000	2.260210
1.624000	2.385780
1.625000	2.385780
1.626000	2.367850
1.627000	2.385780
1.628000	2.349930
1.629000	2.421680
1.630000	2.529320
1.631000	2.583140
1.632000	2.708670
1.633000	2.708670
1.634000	2.690740
1.635000	2.654890
1.636000	2.601070
1.637000	2.565170
1.638000	2.565170
1.639000	2.565170
1.640000	2.565170
1.641000	2.493420
1.642000	2.475500
1.643000	2.349930
1.644000	2.260210
1.645000	2.260210
1.646000	2.260210
1.647000	2.385780
1.648000	2.511350
1.649000	2.654890
1.650000	2.780460
1.651000	2.834240
1.652000	2.780460
1.653000	2.906030
1.654000	2.780460
1.655000	2.798380
1.656000	2.780460
1.657000	2.618990
1.658000	2.439600
1.659000	2.260210
1.660000	2.044970
1.661000	1.973220
1.662000	1.668260
1.663000	1.614440
1.664000	1.506830
1.665000	1.327440
1.666000	1.345370
1.667000	0.340816
1.668000	0.322888
1.669000	-1.094230
1.670000	-1.524760
1.671000	-2.206430
1.672000	-2.332000
1.673000	-1.686190
1.674000	-1.094230
1.675000	0.179390
1.676000	0.825165
1.677000	1.686190
1.678000	1.596510
1.679000	1.435080
1.680000	0.807237
1.681000	0.466385
1.682000	0.287032
1.683000	0.627847
1.684000	1.488870
1.685000	2.421680
1.686000	3.533840
1.687000	3.928510
1.688000	4.125830
1.689000	3.605620
1.690000	3.013630
1.691000	2.529320
1.692000	2.403750
1.693000	2.888060
1.694000	3.749120
1.695000	4.771600
1.696000	5.596770
1.697000	5.865840
1.698000	5.650590
1.699000	4.968920
1.700000	4.054080
1.701000	3.372410
1.702000	3.228910
1.703000	3.623550
1.704000	4.610140
1.705000	5.525020
1.706000	6.188720
1.707000	6.134900
1.708000	5.022740
1.709000	3.408270
1.710000	1.094230
1.711000	-0.466385
1.712000	-1.614440
1.713000	-0.968663
1.714000	-0.017928
1.715000	1.991150
1.716000	3.193020
1.717000	3.677370
1.718000	3.175090
1.719000	1.327440
1.720000	-0.071749
1.721000	-1.919400
1.722000	-1.865580
1.723000	-1.614440
1.724000	0.089677
1.725000	1.435080
1.726000	2.690740
1.727000	2.798380
1.728000	1.973220
1.729000	0.269067
1.730000	-1.470940
1.731000	-2.278180
1.732000	-2.116720
1.733000	-0.753417
1.734000	0.269067
1.735000	1.686190
1.736000	1.668260
1.737000	1.883540
1.738000	1.309520
1.739000	0.591955
1.740000	-0.932807
1.741000	-2.188460
1.742000	-1.973220
1.743000	-1.165980
1.744000	0.448457
1.745000	1.614440
1.746000	2.726640
1.747000	1.470940
1.748000	-0.466385
1.749000	-1.327440
1.750000	-1.381260
1.751000	-1.040410
1.752000	-1.255690
1.753000	-0.089677
1.754000	0.143497
1.755000	1.309520
1.756000	1.363300
1.757000	2.565170
1.758000	-0.269067
1.759000	-0.574027
1.760000	-1.165980
1.761000	-1.363300
1.762000	-0.484350
1.763000	-0.340816
1.764000	1.937330
1.765000	1.165980
1.766000	2.618990
1.767000	0.735489
1.768000	0.035893
1.769000	-0.843093
1.770000	-1.076300
1.771000	-0.502278
1.772000	-0.627847
1.773000	0.071749
1.774000	0.394636
1.775000	0.107641
1.776000	0.520206
1.777000	0.825165
1.778000	1.040410
1.779000	-0.125569
1.780000	-0.340816
1.781000	-1.560620
1.782000	-1.524760
1.783000	-1.632400
1.784000	0.179390
1.785000	1.255690
1.786000	1.632400
1.787000	1.381260
1.788000	0.896914
1.789000	-0.340816
1.790000	-0.771345
1.791000	-0.878986
1.792000	0.000000
1.793000	-0.071749
1.794000	0.358780
1.795000	1.453010
1.796000	1.022480
1.797000	1.506830
1.798000	0.340816
1.799000	0.574027
1.800000	0.071749
1.801000	-1.148050
1.802000	0.143497
1.803000	-0.878986
1.804000	0.574027
1.805000	0.287032
1.806000	0.717524
1.807000	0.143497
1.808000	0.197318
1.809000	-0.717524
1.810000	-0.394636
1.811000	-1.004560
1.812000	-0.215246
1.813000	-0.789273
1.814000	0.376708
1.815000	-0.143497
1.816000	0.735489
1.817000	0.071749
1.818000	0.466385
1.819000	-0.699596
1.820000	-0.107641
1.821000	-0.591955
1.822000	0.233211
1.823000	0.807237
1.824000	0.825165
1.825000	1.112160
1.826000	0.574027
1.827000	0.394636
1.828000	-0.107641
1.829000	-0.107641
1.830000	-0.502278
1.831000	-0.071749
1.832000	0.107641
1.833000	0.627847
1.834000	0.591955
1.835000	0.645775
1.836000	-0.053821
1.837000	-0.107641
1.838000	-0.807237
1.839000	-0.179390
1.840000	-0.287032
1.841000	-0.215246
1.842000	-0.143497
1.843000	-0.161462
1.844000	-0.538134
1.845000	-0.071749
1.846000	0.502278
1.847000	0.968663
1.848000	-0.197318
1.849000	-0.430529
1.850000	-0.358780
1.851000	-0.556099
1.852000	0.645775
1.853000	-0.053821
1.854000	0.843093
1.855000	-0.538134
1.856000	-0.269067
1.857000	-0.538134
1.858000	0.843093
1.859000	0.233211
1.860000	0.932807
1.861000	0.376708
1.862000	0.502278
1.863000	-0.017928
1.864000	0.197318
1.865000	1.004560
1.866000	0.556099
1.867000	0.358780
1.868000	0.681668
1.869000	0.125569
1.870000	0.591955
1.871000	-0.412564
1.872000	0.179390
1.873000	-0.484350
1.874000	-0.179390
1.875000	-0.663703
1.876000	-0.125569
1.877000	-0.502278
1.878000	0.089677
1.879000	0.269067
1.880000	0.322888
1.881000	0.251139
1.882000	-0.322888
1.883000	-0.107641
1.884000	-0.538134
1.885000	-0.197318
1.886000	-0.035893
1.887000	0.304960
1.888000	0.287032
1.889000	0.556099
1.890000	0.269067
1.891000	0.502278
1.892000	0.179390
1.893000	0.448457
1.894000	0.197318
1.895000	0.412564
1.896000	0.251139
1.897000	0.663703
1.898000	0.340816
1.899000	0.287032
1.900000	-0.322888
1.901000	-0.215246
1.902000	-0.861058
1.903000	-0.753417
1.904000	-0.574027
1.905000	0.143497
1.906000	0.161462
1.907000	0.520206
1.908000	0.358780
1.909000	0.161462
1.910000	-0.071749
1.911000	-0.251139
1.912000	-0.322888
1.913000	-0.322888
1.914000	-0.251139
1.915000	0.179390
1.916000	0.412564
1.917000	0.663703
1.918000	0.574027
1.919000	0.304960
1.920000	0.233211
1.921000	-0.179390
1.922000	0.035893
1.923000	-0.053821
1.924000	0.430529
1.925000	0.376708
1.926000	0.699596
1.927000	0.251139
1.928000	0.269067
1.929000	-0.017928
1.930000	-0.179390
1.931000	-0.287032
1.932000	-0.340816
1.933000	-0.035893
1.934000	0.143497
1.935000	0.412564
1.936000	0.412564
1.937000	0.520206
1.938000	0.233211
1.939000	-0.035893
1.940000	-0.430529
1.941000	-0.322888
1.942000	-0.304960
1.943000	-0.125569
1.944000	0.215246
1.945000	0.197318
1.946000	0.699596
1.947000	0.466385
1.948000	0.520206
1.949000	0.233211
1.950000	0.125569
1.951000	-0.071749
1.952000	-0.269067
1.953000	0.107641
1.954000	-0.089677
1.955000	0.215246
1.956000	0.269067
1.957000	0.304960
1.958000	0.053821
1.959000	-0.089677
1.960000	-0.161462
1.961000	-0.143497
1.962000	-0.143497
1.963000	-0.071749
1.964000	0.448457
1.965000	0.233211
1.966000	0.376708
1.967000	0.000000
1.968000	0.161462
1.969000	-0.107641
1.970000	-0.376708
1.971000	-0.125569
1.972000	-0.053821
1.973000	0.304960
1.974000	0.251139
1.975000	0.556099
1.976000	0.627847
1.977000	0.448457
1.978000	0.340816
1.979000	0.197318
1.980000	0.287032
1.981000	0.233211
1.982000	0.161462
1.983000	0.484350
1.984000	0.233211
1.985000	0.520206
1.986000	0.304960
1.987000	0.394636
1.988000	0.143497
1.989000	-0.017928
1.990000	0.215246
1.991000	0.161462
1.992000	0.394636
1.993000	0.394636
1.994000	0.466385
1.995000	0.197318
1.996000	0.304960
1.997000	-0.251139
1.998000	-0.089677
1.999000	-0.215246
2.000000	-0.125569
2.001000	0.107641
2.002000	0.233211
2.003000	0.538134
2.004000	0.753417
2.005000	0.771345
2.006000	0.717524
2.007000	0.484350
2.008000	0.269067
2.009000	0.914842
2.010000	1.506830
2.011000	2.062900
2.012000	1.022480
2.013000	1.148050
2.014000	0.071749
2.015000	0.233211
2.016000	-1.004560
2.017000	-0.269067
2.018000	0.717524
2.019000	1.704150
2.020000	2.511350
2.021000	1.596510
2.022000	1.578580
2.023000	0.251139
2.024000	0.161462
2.025000	-0.717524
2.026000	-0.358780
2.027000	-0.322888
2.028000	-1.470940
2.029000	-1.865580
2.030000	-1.757970
2.031000	-3.193020
2.032000	-1.722080
2.033000	-0.789273
2.034000	1.004560
2.035000	2.080860
2.036000	2.457570
2.037000	2.152610
2.038000	0.591955
2.039000	-0.053821
2.040000	-1.991150
2.041000	-1.309520
2.042000	-1.291550
2.043000	0.412564
2.044000	1.148050
2.045000	2.188460
2.046000	2.457570
2.047000	2.080860
2.048000	0.932807
2.049000	-0.071749
2.050000	-0.574027
2.051000	-0.861058
2.052000	0.071749
2.053000	0.376708
2.054000	1.757970
2.055000	1.937330
2.056000	1.829720
2.057000	1.040410
2.058000	-0.269067
2.059000	-1.040410
2.060000	-1.542690
2.061000	-1.363300
2.062000	-1.255690
2.063000	-1.165980
2.064000	-1.112160
2.065000	0.143497
2.066000	-0.089677
2.067000	0.089677
2.068000	-0.233211
2.069000	0.125569
2.070000	0.251139
2.071000	0.358780
2.072000	0.627847
2.073000	0.233211
2.074000	0.574027
2.075000	0.053821
2.076000	0.304960
2.077000	-0.053821
2.078000	0.340816
2.079000	0.143497
2.080000	0.807237
2.081000	0.699596
2.082000	0.807237
2.083000	0.645775
2.084000	0.233211
2.085000	-0.179390
2.086000	-1.470940
2.087000	-1.865580
2.088000	-2.080860
2.089000	-1.381260
2.090000	-0.753417
2.091000	-0.071749
2.092000	0.932807
2.093000	1.345370
2.094000	1.291550
2.095000	0.968663
2.096000	-0.089677
2.097000	-0.502278
2.098000	-1.058380
2.099000	-0.878986
2.100000	-0.484350
2.101000	0.179390
2.102000	0.914842
2.103000	1.255690
2.104000	0.825165
2.105000	0.304960
2.106000	-0.609919
2.107000	-0.771345
2.108000	-0.986591
2.109000	-0.484350
2.110000	0.125569
2.111000	0.896914
2.112000	1.453010
2.113000	1.560620
2.114000	1.058380
2.115000	0.251139
2.116000	-0.466385
2.117000	-1.219800
2.118000	-1.076300
2.119000	-0.950735
2.120000	-0.197318
2.121000	0.322888
2.122000	0.735489
2.123000	0.771345
2.124000	0.466385
2.125000	-0.125569
2.126000	-0.627847
2.127000	-0.771345
2.128000	-0.717524
2.129000	-0.287032
2.130000	0.053821
2.131000	0.556099
2.132000	0.771345
2.133000	0.645775
2.134000	0.322888
2.135000	-0.053821
2.136000	-0.179390
2.137000	-0.215246
2.138000	0.089677
2.139000	0.376708
2.140000	0.861058
2.141000	1.040410
2.142000	0.950735
2.143000	0.448457
2.144000	-0.017928
2.145000	-0.645775
2.146000	-0.627847
2.147000	-0.609919
2.148000	-0.215246
2.149000	0.161462
2.150000	0.394636
2.151000	0.663703
2.152000	0.394636
2.153000	0.197318
2.154000	-0.035893
2.155000	-0.215246
2.156000	-0.340816
2.157000	-0.538134
2.158000	-0.394636
2.159000	-0.484350
2.160000	0.035893
2.161000	0.986591
2.162000	1.058380
2.163000	1.076300
2.164000	0.448457
2.165000	0.502278
2.166000	-0.251139
2.167000	-0.215246
2.168000	-0.269067
2.169000	0.340816
2.170000	0.717524
2.171000	1.255690
2.172000	1.183950
2.173000	0.574027
2.174000	0.197318
2.175000	-0.376708
2.176000	-0.663703
2.177000	-0.538134
2.178000	-0.502278
2.179000	0.197318
2.180000	0.340816
2.181000	0.591955
2.182000	0.502278
2.183000	0.125569
2.184000	-0.089677
2.185000	-0.663703
2.186000	-0.950735
2.187000	-0.914842
2.188000	-0.663703
2.189000	0.000000
2.190000	0.376708
2.191000	0.699596
2.192000	0.663703
2.193000	0.448457
2.194000	0.161462
2.195000	-0.161462
2.196000	-0.304960
2.197000	-0.107641
2.198000	0.287032
2.199000	0.502278
2.200000	0.950735
2.201000	0.914842
2.202000	0.878986
2.203000	0.448457
2.204000	0.000000
2.205000	-0.251139
2.206000	-0.448457
2.207000	-0.179390
2.208000	0.143497
2.209000	0.484350
2.210000	0.681668
2.211000	0.484350
2.212000	0.287032
2.213000	-0.143497
2.214000	-0.538134
2.215000	-0.681668
2.216000	-0.681668
2.217000	-0.484350
2.218000	-0.107641
2.219000	0.233211
2.220000	0.520206
2.221000	0.502278
2.222000	0.358780
2.223000	0.161462
2.224000	-0.197318
2.225000	-0.251139
2.226000	-0.197318
2.227000	0.053821
2.228000	0.376708
2.229000	0.538134
2.230000	0.663703
2.231000	0.663703
2.232000	0.484350
2.233000	0.304960
2.234000	-0.017928
2.235000	-0.179390
2.236000	-0.125569
2.237000	-0.035893
2.238000	0.304960
2.239000	0.376708
2.240000	0.538134
2.241000	0.412564
2.242000	0.053821
2.243000	-0.107641
2.244000	-0.520206
2.245000	-0.502278
2.246000	-0.448457
2.247000	-0.233211
2.248000	0.089677
2.249000	0.179390
2.250000	0.304960
2.251000	0.358780
2.252000	0.089677
2.253000	-0.035893
2.254000	-0.233211
2.255000	-0.233211
2.256000	-0.035893
2.257000	0.125569
2.258000	0.412564
2.259000	0.556099
2.260000	0.502278
2.261000	0.538134
2.262000	0.179390
2.263000	0.143497
2.264000	0.000000
2.265000	0.089677
2.266000	0.233211
2.267000	0.304960
2.268000	0.412564
2.269000	0.448457
2.270000	0.269067
2.271000	0.161462
2.272000	-0.215246
2.273000	-0.269067
2.274000	-0.304960
2.275000	-0.287032
2.276000	-0.017928
2.277000	0.035893
2.278000	0.179390
2.279000	0.233211
2.280000	0.089677
2.281000	0.017928
2.282000	-0.215246
2.283000	-0.287032
2.284000	-0.179390
2.285000	-0.125569
2.286000	0.125569
2.287000	0.251139
2.288000	0.304960
2.289000	0.376708
2.290000	0.143497
2.291000	0.035893
2.292000	-0.125569
2.293000	-0.125569
2.294000	0.000000
2.295000	0.107641
2.296000	0.287032
2.297000	0.322888
2.298000	0.304960
2.299000	0.197318
2.300000	-0.053821
2.301000	-0.251139
2.302000	-0.358780
2.303000	-0.358780
2.304000	-0.161462
2.305000	-0.071749
2.306000	0.107641
2.307000	0.251139
2.308000	0.161462
2.309000	0.053821
2.310000	-0.161462
2.311000	-0.340816
2.312000	-0.322888
2.313000	-0.376708
2.314000	-0.125569
2.315000	-0.071749
2.316000	0.125569
2.317000	0.197318
2.318000	0.215246
2.319000	0.143497
2.320000	0.017928
2.321000	-0.071749
2.322000	-0.035893
2.323000	0.000000
2.324000	0.053821
2.325000	0.233211
2.326000	0.269067
2.327000	0.376708
2.328000	0.287032
2.329000	0.197318
2.330000	0.053821
2.331000	-0.089677
2.332000	-0.107641
2.333000	-0.179390
2.334000	0.017928
2.335000	0.071749
2.336000	0.179390
2.337000	0.179390
2.338000	0.071749
2.339000	0.000000
2.340000	-0.161462
2.341000	-0.233211
2.342000	-0.251139
2.343000	-0.161462
2.344000	-0.053821
2.345000	0.125569
2.346000	0.215246
2.347000	0.304960
2.348000	0.161462
2.349000	0.143497
2.350000	0.107641
2.351000	0.053821
2.352000	0.143497
2.353000	0.161462
2.354000	0.304960
2.355000	0.322888
2.356000	0.358780
2.357000	0.304960
2.358000	0.233211
2.359000	0.125569
2.360000	0.089677
2.361000	0.035893
2.362000	0.071749
2.363000	0.071749
2.364000	0.197318
2.365000	0.179390
2.366000	0.233211
2.367000	0.161462
2.368000	0.071749
2.369000	0.017928
2.370000	-0.053821
2.371000	-0.071749
2.372000	-0.089677
2.373000	-0.017928
2.374000	0.017928
2.375000	0.125569
2.376000	0.143497
2.377000	0.251139
2.378000	0.107641
2.379000	0.089677
2.380000	0.089677
2.381000	0.053821
2.382000	0.161462
2.383000	0.107641
2.384000	0.233211
2.385000	0.269067
2.386000	0.197318
2.387000	0.143497
2.388000	0.053821
2.389000	-0.035893
2.390000	0.017928
2.391000	0.035893
2.392000	0.035893
2.393000	0.161462
2.394000	0.161462
2.395000	0.287032
2.396000	0.107641
2.397000	0.071749
2.398000	0.000000
2.399000	-0.071749
2.400000	0.089677
2.401000	0.071749
2.402000	0.215246
2.403000	0.089677
2.404000	0.017928
2.405000	0.017928
2.406000	0.089677
2.407000	0.269067
2.408000	0.251139
2.409000	0.233211
2.410000	-0.071749
2.411000	-0.089677
2.412000	-0.143497
2.413000	0.107641
2.414000	0.233211
2.415000	0.394636
2.416000	0.376708
2.417000	0.125569
2.418000	-0.107641
2.419000	-0.233211
2.420000	-0.269067
2.421000	-0.107641
2.422000	0.071749
2.423000	0.179390
2.424000	0.304960
2.425000	0.161462
2.426000	0.179390
2.427000	0.053821
2.428000	-0.125569
2.429000	-0.143497
2.430000	-0.143497
2.431000	0.000000
2.432000	0.215246
2.433000	0.269067
2.434000	0.269067
2.435000	0.358780
2.436000	0.089677
2.437000	0.107641
2.438000	-0.107641
2.439000	-0.125569
2.440000	0.017928
2.441000	-0.017928
2.442000	0.340816
2.443000	0.233211
2.444000	0.322888
2.445000	0.107641
2.446000	0.035893
2.447000	-0.107641
2.448000	-0.179390
2.449000	-0.125569
2.450000	-0.089677
2.451000	0.071749
2.452000	-0.035893
2.453000	0.089677
2.454000	-0.197318
2.455000	0.071749
2.456000	-0.107641
2.457000	0.179390
2.458000	0.035893
2.459000	0.071749
2.460000	-0.017928
2.461000	-0.017928
2.462000	-0.017928
2.463000	-0.017928
2.464000	0.161462
2.465000	0.089677
2.466000	0.269067
2.467000	0.197318
2.468000	0.215246
2.469000	0.161462
2.470000	0.107641
2.471000	0.017928
2.472000	-0.071749
2.473000	0.000000
2.474000	0.125569
2.475000	0.304960
2.476000	0.161462
2.477000	0.251139
2.478000	0.000000
2.479000	0.000000
2.480000	-0.125569
2.481000	-0.107641
2.482000	-0.053821
2.483000	-0.161462
2.484000	0.017928
2.485000	-0.035893
2.486000	0.035893
2.487000	-0.089677
2.488000	-0.017928
2.489000	-0.053821
2.490000	0.000000
2.491000	-0.017928
2.492000	0.035893
2.493000	0.161462
2.494000	0.053821
2.495000	0.161462
2.496000	0.035893
2.497000	0.071749
2.498000	0.071749
2.499000	0.143497
2.500000	0.143497
2.501000	0.089677
2.502000	0.017928
2.503000	0.699596
2.504000	0.071749
2.505000	0.197318
2.506000	-0.591955
2.507000	-0.968663
2.508000	-0.161462
2.509000	0.089677
2.510000	0.358780
2.511000	1.381260
2.512000	1.722080
2.513000	1.255690
2.514000	1.345370
2.515000	0.269067
2.516000	-0.269067
2.517000	-0.735489
2.518000	-0.789273
2.519000	-0.520206
2.520000	-0.053821
2.521000	0.502278
2.522000	0.861058
2.523000	1.237730
2.524000	0.699596
2.525000	0.215246
2.526000	-0.627847
2.527000	-0.035893
2.528000	-1.722080
2.529000	-0.089677
2.530000	-0.950735
2.531000	0.430529
2.532000	0.502278
2.533000	0.322888
2.534000	0.107641
2.535000	-0.107641
2.536000	-0.896914
2.537000	-0.843093
2.538000	-0.556099
2.539000	-0.466385
2.540000	1.183950
2.541000	0.807237
2.542000	2.278180
2.543000	1.255690
2.544000	1.040410
2.545000	0.466385
2.546000	-0.502278
2.547000	-0.107641
2.548000	-0.771345
2.549000	0.304960
2.550000	0.035893
2.551000	0.071749
2.552000	-0.161462
2.553000	-0.340816
2.554000	-0.753417
2.555000	-0.556099
2.556000	-0.789273
2.557000	-0.717524
2.558000	-0.376708
2.559000	-0.609919
2.560000	0.000000
2.561000	-0.394636
2.562000	0.143497
2.563000	0.000000
2.564000	0.000000
2.565000	0.035893
2.566000	-0.071749
2.567000	0.251139
2.568000	0.215246
2.569000	0.197318
2.570000	0.681668
2.571000	0.520206
2.572000	0.950735
2.573000	0.322888
2.574000	0.233211
2.575000	-0.251139
2.576000	-0.358780
2.577000	-0.233211
2.578000	-0.484350
2.579000	0.143497
2.580000	-0.322888
2.581000	0.233211
2.582000	-0.466385
2.583000	-0.340816
2.584000	-0.681668
2.585000	-0.520206
2.586000	-0.304960
2.587000	-0.269067
2.588000	0.125569
2.589000	0.053821
2.590000	0.466385
2.591000	0.251139
2.592000	0.304960
2.593000	0.197318
2.594000	0.215246
2.595000	0.304960
2.596000	0.251139
2.597000	0.340816
2.598000	0.287032
2.599000	0.448457
2.600000	0.358780
2.601000	0.466385
2.602000	0.466385
2.603000	0.412564
2.604000	0.269067
2.605000	-0.053821
2.606000	-0.107641
2.607000	-0.287032
2.608000	-0.107641
2.609000	-0.053821
2.610000	-0.035893
2.611000	-0.017928
2.612000	-0.053821
2.613000	-0.251139
2.614000	-0.287032
2.615000	-0.394636
2.616000	-0.233211
2.617000	-0.107641
2.618000	0.107641
2.619000	0.448457
2.620000	0.394636
2.621000	0.358780
2.622000	0.107641
2.623000	-0.035893
2.624000	-0.053821
2.625000	-0.035893
2.626000	0.269067
2.627000	0.394636
2.628000	0.609919
2.629000	0.502278
2.630000	0.412564
2.631000	0.125569
2.632000	-0.125569
2.633000	-0.233211
2.634000	-0.197318
2.635000	-0.071749
2.636000	0.107641
2.637000	0.251139
2.638000	0.394636
2.639000	0.358780
2.640000	0.215246
2.641000	0.071749
2.642000	-0.017928
2.643000	-0.035893
2.644000	-0.071749
2.645000	-0.053821
2.646000	0.035893
2.647000	0.107641
2.648000	0.089677
2.649000	0.035893
2.650000	-0.053821
2.651000	-0.071749
2.652000	-0.107641
2.653000	-0.089677
2.654000	-0.017928
2.655000	0.071749
2.656000	0.197318
2.657000	0.340816
2.658000	0.376708
2.659000	0.376708
2.660000	0.287032
2.661000	0.269067
2.662000	0.161462
2.663000	0.143497
2.664000	0.107641
2.665000	0.143497
2.666000	0.251139
2.667000	0.304960
2.668000	0.394636
2.669000	0.304960
2.670000	0.269067
2.671000	0.107641
2.672000	0.035893
2.673000	-0.053821
2.674000	-0.035893
2.675000	-0.017928
2.676000	0.035893
2.677000	0.035893
2.678000	0.017928
2.679000	-0.017928
2.680000	-0.035893
2.681000	-0.071749
2.682000	0.000000
2.683000	0.089677
2.684000	0.269067
2.685000	0.430529
2.686000	0.574027
2.687000	0.574027
2.688000	0.484350
2.689000	0.322888
2.690000	0.179390
2.691000	0.107641
2.692000	0.107641
2.693000	0.125569
2.694000	0.215246
2.695000	0.304960
2.696000	0.358780
2.697000	0.394636
2.698000	0.287032
2.699000	0.179390
2.700000	0.053821
2.701000	-0.017928
2.702000	-0.071749
2.703000	-0.071749
2.704000	-0.053821
2.705000	0.017928
2.706000	0.035893
2.707000	0.017928
2.708000	-0.035893
2.709000	-0.089677
2.710000	-0.197318
2.711000	-0.215246
2.712000	-0.215246
2.713000	-0.125569
2.714000	0.017928
2.715000	0.143497
2.716000	0.215246
2.717000	0.215246
2.718000	0.197318
2.719000	0.071749
2.720000	-0.017928
2.721000	-0.143497
2.722000	-0.143497
2.723000	-0.089677
2.724000	0.000000
2.725000	0.071749
2.726000	0.089677
2.727000	0.071749
2.728000	0.035893
2.729000	-0.071749
2.730000	-0.179390
2.731000	-0.197318
2.732000	-0.197318
2.733000	-0.089677
2.734000	-0.035893
2.735000	0.000000
2.736000	0.017928
2.737000	-0.017928
2.738000	-0.035893
2.739000	-0.053821
2.740000	0.000000
2.741000	0.053821
2.742000	0.143497
2.743000	0.215246
2.744000	0.251139
2.745000	0.251139
2.746000	0.251139
2.747000	0.197318
2.748000	0.125569
2.749000	0.017928
2.750000	-0.035893
2.751000	-0.035893
2.752000	-0.017928
2.753000	-0.017928
2.754000	-0.035893
2.755000	-0.035893
2.756000	-0.071749
2.757000	-0.125569
2.758000	-0.161462
2.759000	-0.197318
2.760000	-0.161462
2.761000	-0.143497
2.762000	-0.053821
2.763000	0.000000
2.764000	0.089677
2.765000	0.089677
2.766000	0.071749
2.767000	0.035893
2.768000	0.000000
2.769000	-0.017928
2.770000	0.017928
2.771000	0.071749
2.772000	0.125569
2.773000	0.179390
2.774000	0.233211
2.775000	0.215246
2.776000	0.161462
2.777000	0.089677
2.778000	0.071749
2.779000	0.053821
2.780000	0.053821
2.781000	0.071749
2.782000	0.089677
2.783000	0.089677
2.784000	0.053821
2.785000	0.000000
2.786000	-0.017928
2.787000	-0.053821
2.788000	-0.053821
2.789000	-0.017928
2.790000	0.035893
2.791000	0.107641
2.792000	0.089677
2.793000	0.125569
2.794000	0.071749
2.795000	0.017928
2.796000	0.017928
2.797000	-0.035893
2.798000	-0.035893
2.799000	0.017928
2.800000	0.071749
2.801000	0.107641
2.802000	0.161462
2.803000	0.179390
2.804000	0.215246
2.805000	0.215246
2.806000	0.197318
2.807000	0.197318
2.808000	0.197318
2.809000	0.233211
2.810000	0.215246
2.811000	0.233211
2.812000	0.197318
2.813000	0.197318
2.814000	0.197318
2.815000	0.125569
2.816000	0.107641
2.817000	0.053821
2.818000	0.035893
2.819000	0.000000
2.820000	0.035893
2.821000	0.017928
2.822000	0.035893
2.823000	0.017928
2.824000	0.017928
2.825000	0.000000
2.826000	0.017928
2.827000	-0.017928
2.828000	0.035893
2.829000	0.017928
2.830000	0.107641
2.831000	0.143497
2.832000	0.215246
2.833000	0.251139
2.834000	0.287032
2.835000	0.287032
2.836000	0.322888
2.837000	0.322888
2.838000	0.358780
2.839000	0.304960
2.840000	0.251139
2.841000	0.269067
2.842000	0.215246
2.843000	0.233211
2.844000	0.197318
2.845000	0.179390
2.846000	0.161462
2.847000	0.161462
2.848000	0.161462
2.849000	0.125569
2.850000	0.071749
2.851000	0.053821
2.852000	0.035893
2.853000	0.035893
2.854000	0.017928
2.855000	0.071749
2.856000	0.071749
2.857000	0.071749
2.858000	0.071749
2.859000	0.089677
2.860000	0.107641
2.861000	0.143497
2.862000	0.143497
2.863000	0.161462
2.864000	0.161462
2.865000	0.197318
2.866000	0.197318
2.867000	0.179390
2.868000	0.143497
2.869000	0.125569
2.870000	0.125569
2.871000	0.125569
2.872000	0.107641
2.873000	0.053821
2.874000	0.017928
2.875000	-0.017928
2.876000	-0.017928
2.877000	-0.071749
2.878000	-0.053821
2.879000	-0.071749
2.880000	-0.071749
2.881000	-0.125569
2.882000	-0.125569
2.883000	-0.143497
2.884000	-0.143497
2.885000	-0.143497
2.886000	-0.071749
2.887000	-0.053821
2.888000	0.035893
2.889000	0.071749
2.890000	0.107641
2.891000	0.089677
2.892000	0.053821
2.893000	0.017928
2.894000	0.017928
2.895000	0.035893
2.896000	0.053821
2.897000	0.089677
2.898000	0.107641
2.899000	0.143497
2.900000	0.125569
2.901000	0.125569
2.902000	0.071749
2.903000	0.053821
2.904000	0.000000
2.905000	0.000000
2.906000	-0.017928
2.907000	0.035893
2.908000	0.017928
2.909000	0.053821
2.910000	0.017928
2.911000	0.035893
2.912000	-0.035893
2.913000	-0.035893
2.914000	-0.071749
2.915000	-0.017928
2.916000	-0.017928
2.917000	0.053821
2.918000	0.089677
2.919000	0.089677
2.920000	0.089677
2.921000	0.053821
2.922000	0.035893
2.923000	0.017928
2.924000	0.017928
2.925000	0.035893
2.926000	0.089677
2.927000	0.107641
2.928000	0.179390
2.929000	0.197318
2.930000	0.215246
2.931000	0.161462
2.932000	0.179390
2.933000	0.107641
2.934000	0.089677
2.935000	0.053821
2.936000	0.053821
2.937000	0.017928
2.938000	0.017928
2.939000	-0.053821
2.940000	-0.089677
2.941000	-0.107641
2.942000	-0.107641
2.943000	-0.107641
2.944000	-0.071749
2.945000	-0.071749
2.946000	-0.017928
2.947000	-0.017928
2.948000	0.035893
2.949000	0.035893
2.950000	0.035893
2.951000	0.035893
2.952000	0.035893
2.953000	0.089677
2.954000	0.125569
2.955000	0.161462
2.956000	0.179390
2.957000	0.197318
2.958000	0.179390
2.959000	0.179390
2.960000	0.143497
2.961000	0.161462
2.962000	0.107641
2.963000	0.125569
2.964000	0.089677
2.965000	0.107641
2.966000	0.071749
2.967000	0.017928
2.968000	-0.017928
2.969000	-0.035893
2.970000	-0.071749
2.971000	-0.035893
2.972000	-0.035893
2.973000	0.035893
2.974000	0.035893
2.975000	0.107641
2.976000	0.107641
2.977000	0.143497
2.978000	0.125569
2.979000	0.107641
2.980000	0.125569
2.981000	0.143497
2.982000	0.143497
2.983000	0.179390
2.984000	0.179390
2.985000	0.179390
2.986000	0.215246
2.987000	0.215246
2.988000	0.179390
2.989000	0.143497
2.990000	0.143497
2.991000	0.125569
2.992000	0.143497
2.993000	0.143497
2.994000	0.161462
2.995000	0.125569
2.996000	0.089677
2.997000	0.071749
2.998000	0.035893
2.999000	0.017928
3.000000	0.017928
3.001000	0.035893
3.002000	0.035893
3.003000	0.071749
3.004000	0.107641
3.005000	0.125569
3.006000	0.125569
3.007000	0.143497
3.008000	0.125569
3.009000	0.179390
3.010000	0.197318
3.011000	0.197318
3.012000	0.179390
3.013000	0.179390
3.014000	0.161462
3.015000	0.161462
3.016000	0.161462
3.017000	0.179390
3.018000	0.179390
3.019000	0.179390
3.020000	0.197318
3.021000	0.179390
3.022000	0.179390
3.023000	0.143497
3.024000	0.107641
3.025000	0.089677
3.026000	0.071749
3.027000	0.053821
3.028000	0.053821
3.029000	0.035893
3.030000	0.035893
3.031000	0.017928
3.032000	0.000000
3.033000	-0.017928
3.034000	0.000000
3.035000	0.017928
3.036000	0.053821
3.037000	0.035893
3.038000	0.089677
3.039000	0.089677
3.040000	0.089677
3.041000	0.089677
3.042000	0.071749
3.043000	0.053821
3.044000	0.035893
3.045000	0.035893
3.046000	0.053821
3.047000	0.071749
3.048000	0.107641
3.049000	0.089677
3.050000	0.089677
3.051000	0.089677
3.052000	0.071749
3.053000	0.035893
3.054000	0.017928
3.055000	0.017928
3.056000	0.017928
3.057000	0.017928
3.058000	0.017928
3.059000	-0.017928
3.060000	-0.053821
3.061000	-0.035893
3.062000	-0.035893
3.063000	0.017928
3.064000	0.017928
3.065000	0.053821
3.066000	0.071749
3.067000	0.089677
3.068000	0.089677
3.069000	0.089677
3.070000	0.089677
3.071000	0.089677
3.072000	0.089677
3.073000	0.107641
3.074000	0.107641
3.075000	0.143497
3.076000	0.125569
3.077000	0.125569
3.078000	0.125569
3.079000	0.107641
3.080000	0.071749
3.081000	0.089677
3.082000	0.071749
3.083000	0.071749
3.084000	0.053821
3.085000	0.035893
3.086000	0.000000
3.087000	-0.017928
3.088000	-0.071749
3.089000	-0.089677
3.090000	-0.089677
3.091000	-0.089677
3.092000	-0.071749
3.093000	-0.035893
3.094000	0.017928
3.095000	0.017928
3.096000	0.035893
3.097000	0.035893
3.098000	0.035893
3.099000	0.053821
3.100000	0.053821
3.101000	0.107641
3.102000	0.143497
3.103000	0.143497
3.104000	0.161462
3.105000	0.161462
3.106000	0.125569
3.107000	0.089677
3.108000	0.089677
3.109000	0.089677
3.110000	0.107641
3.111000	0.107641
3.112000	0.125569
3.113000	0.089677
3.114000	0.107641
3.115000	0.053821
3.116000	0.035893
3.117000	0.000000
3.118000	-0.017928
3.119000	-0.017928
3.120000	0.017928
3.121000	0.035893
3.122000	0.053821
3.123000	0.035893
3.124000	0.035893
3.125000	0.035893
3.126000	0.017928
3.127000	0.053821
3.128000	0.071749
3.129000	0.089677
3.130000	0.107641
3.131000	0.143497
3.132000	0.125569
3.133000	0.125569
3.134000	0.107641
3.135000	0.107641
3.136000	0.125569
3.137000	0.125569
3.138000	0.143497
3.139000	0.161462
3.140000	0.161462
3.141000	0.143497
3.142000	0.125569
3.143000	0.107641
3.144000	0.089677
3.145000	0.071749
3.146000	0.053821
3.147000	0.071749
3.148000	0.053821
3.149000	0.071749
3.150000	0.071749
3.151000	0.053821
3.152000	0.035893
3.153000	0.017928
3.154000	0.000000
3.155000	0.035893
3.156000	0.053821
3.157000	0.089677
3.158000	0.143497
3.159000	0.143497
3.160000	0.161462
3.161000	0.161462
3.162000	0.143497
3.163000	0.143497
3.164000	0.143497
3.165000	0.161462
3.166000	0.179390
3.167000	0.197318
3.168000	0.197318
3.169000	0.179390
3.170000	0.161462
3.171000	0.143497
3.172000	0.089677
3.173000	0.089677
3.174000	0.071749
3.175000	0.089677
3.176000	0.107641
3.177000	0.107641
3.178000	0.089677
3.179000	0.089677
3.180000	0.035893
3.181000	0.035893
3.182000	0.017928
3.183000	0.017928
3.184000	0.035893
3.185000	0.053821
3.186000	0.089677
3.187000	0.089677
3.188000	0.089677
3.189000	0.089677
3.190000	0.089677
3.191000	0.089677
3.192000	0.089677
3.193000	0.089677
3.194000	0.107641
3.195000	0.089677
3.196000	0.107641
3.197000	0.089677
3.198000	0.089677
3.199000	0.107641
3.200000	0.089677
3.201000	0.089677
3.202000	0.089677
3.203000	0.089677
3.204000	0.089677
3.205000	0.089677
3.206000	0.089677
3.207000	0.071749
3.208000	0.035893
3.209000	0.017928
3.210000	0.017928
3.211000	-0.017928
3.212000	0.017928
3.213000	0.000000
3.214000	0.017928
3.215000	0.000000
3.216000	0.017928
3.217000	0.017928
3.218000	0.017928
3.219000	0.035893
3.220000	0.053821
3.221000	0.053821
3.222000	0.071749
3.223000	0.089677
3.224000	0.089677
3.225000	0.089677
3.226000	0.071749
3.227000	0.071749
3.228000	0.089677
3.229000	0.107641
3.230000	0.125569
3.231000	0.125569
3.232000	0.125569
3.233000	0.089677
3.234000	0.071749
3.235000	0.071749
3.236000	0.035893
3.237000	0.053821
3.238000	0.035893
3.239000	0.053821
3.240000	0.053821
3.241000	0.053821
3.242000	0.035893
3.243000	0.017928
3.244000	0.017928
3.245000	0.017928
3.246000	0.035893
3.247000	0.035893
3.248000	0.053821
3.249000	0.071749
3.250000	0.089677
3.251000	0.089677
3.252000	0.089677
3.253000	0.071749
3.254000	0.071749
3.255000	0.071749
3.256000	0.071749
3.257000	0.089677
3.258000	0.107641
3.259000	0.107641
3.260000	0.089677
3.261000	0.089677
3.262000	0.053821
3.263000	0.035893
3.264000	0.035893
3.265000	0.017928
3.266000	0.035893
3.267000	0.053821
3.268000	0.053821
3.269000	0.053821
3.270000	0.053821
3.271000	0.035893
3.272000	0.017928
3.273000	0.000000
3.274000	0.000000
3.275000	0.035893
3.276000	0.053821
3.277000	0.071749
3.278000	0.089677
3.279000	0.089677
3.280000	0.089677
3.281000	0.089677
3.282000	0.089677
3.283000	0.089677
3.284000	0.089677
3.285000	0.107641
3.286000	0.143497
3.287000	0.161462
3.288000	0.161462
3.289000	0.143497
3.290000	0.089677
3.291000	0.071749
3.292000	0.053821
3.293000	0.053821
3.294000	0.071749
3.295000	0.107641
3.296000	0.107641
3.297000	0.107641
3.298000	0.107641
3.299000	0.089677
3.300000	0.053821
3.301000	0.035893
3.302000	0.017928
3.303000	0.035893
3.304000	0.071749
3.305000	0.089677
3.306000	0.107641
3.307000	0.107641
3.308000	0.089677
3.309000	0.071749
3.310000	0.071749
3.311000	0.089677
3.312000	0.089677
3.313000	0.089677
3.314000	0.125569
3.315000	0.107641
3.316000	0.125569
3.317000	0.107641
3.318000	0.089677
3.319000	0.071749
3.320000	0.053821
3.321000	0.071749
3.322000	0.089677
3.323000	0.089677
3.324000	0.125569
3.325000	0.125569
3.326000	0.125569
3.327000	0.089677
3.328000	0.107641
3.329000	0.071749
3.330000	0.071749
3.331000	0.089677
3.332000	0.089677
3.333000	0.107641
3.334000	0.107641
3.335000	0.089677
3.336000	0.107641
3.337000	0.089677
3.338000	0.071749
3.339000	0.071749
3.340000	0.071749
3.341000	0.107641
3.342000	0.107641
3.343000	0.107641
3.344000	0.107641
3.345000	0.089677
3.346000	0.071749
3.347000	0.071749
3.348000	0.071749
3.349000	0.089677
3.350000	0.071749
3.351000	0.089677
3.352000	0.089677
3.353000	0.107641
3.354000	0.071749
3.355000	0.071749
3.356000	0.071749
3.357000	0.035893
3.358000	0.053821
3.359000	0.053821
3.360000	0.071749
3.361000	0.053821
3.362000	0.071749
3.363000	0.053821
3.364000	0.053821
3.365000	0.035893
3.366000	0.035893
3.367000	0.053821
3.368000	0.089677
3.369000	0.089677
3.370000	0.089677
3.371000	0.089677
3.372000	0.089677
3.373000	0.089677
3.374000	0.071749
3.375000	0.071749
3.376000	0.089677
3.377000	0.089677
3.378000	0.089677
3.379000	0.089677
3.380000	0.089677
3.381000	0.089677
3.382000	0.053821
3.383000	0.035893
3.384000	0.035893
3.385000	0.035893
3.386000	0.053821
3.387000	0.071749
3.388000	0.071749
3.389000	0.071749
3.390000	0.089677
3.391000	0.071749
3.392000	0.071749
3.393000	0.071749
3.394000	0.071749
3.395000	0.089677
3.396000	0.089677
3.397000	0.125569
3.398000	0.107641
3.399000	0.107641
3.400000	0.089677
3.401000	0.107641
3.402000	0.107641
3.403000	0.089677
3.404000	0.107641
3.405000	0.089677
3.406000	0.107641
3.407000	0.089677
3.408000	0.071749
3.409000	0.071749
3.410000	0.053821
3.411000	0.053821
3.412000	0.053821
3.413000	0.035893
3.414000	0.053821
3.415000	0.053821
3.416000	0.053821
3.417000	0.053821
3.418000	0.035893
3.419000	0.017928
3.420000	0.017928
3.421000	0.017928
3.422000	0.017928
3.423000	0.053821
3.424000	0.071749
3.425000	0.071749
3.426000	0.053821
3.427000	0.071749
3.428000	0.053821
3.429000	0.053821
3.430000	0.071749
3.431000	0.053821
3.432000	0.089677
3.433000	0.107641
3.434000	0.107641
3.435000	0.107641
3.436000	0.089677
3.437000	0.071749
3.438000	0.035893
3.439000	0.035893
3.440000	0.053821
3.441000	0.035893
3.442000	0.053821
3.443000	0.071749
3.444000	0.089677
3.445000	0.071749
3.446000	0.071749
3.447000	0.053821
3.448000	0.035893
3.449000	0.035893
3.450000	0.053821
3.451000	0.053821
3.452000	0.071749
3.453000	0.071749
3.454000	0.089677
3.455000	0.089677
3.456000	0.071749
3.457000	0.071749
3.458000	0.071749
3.459000	0.089677
3.460000	0.089677
3.461000	0.125569
3.462000	0.125569
3.463000	0.143497
3.464000	0.125569
3.465000	0.125569
3.466000	0.107641
3.467000	0.089677
3.468000	0.107641
3.469000	0.089677
3.470000	0.089677
3.471000	0.089677
3.472000	0.089677
3.473000	0.089677
3.474000	0.071749
3.475000	0.071749
3.476000	0.071749
3.477000	0.035893
3.478000	0.053821
3.479000	0.071749
3.480000	0.053821
3.481000	0.071749
3.482000	0.053821
3.483000	0.053821
3.484000	0.035893
3.485000	0.053821
3.486000	0.053821
3.487000	0.071749
3.488000	0.089677
3.489000	0.107641
3.490000	0.107641
3.491000	0.107641
3.492000	0.107641
3.493000	0.107641
3.494000	0.107641
3.495000	0.125569
3.496000	0.125569
3.497000	0.125569
3.498000	0.143497
3.499000	0.143497
