-0.500000	0.575583
-0.499000	0.665668
-0.498000	0.665668
-0.497000	0.575583
-0.496000	0.575583
-0.495000	0.575583
-0.494000	0.485498
-0.493000	0.575583
-0.492000	0.575583
-0.491000	0.485498
-0.490000	0.485498
-0.489000	0.485498
-0.488000	0.395229
-0.487000	0.485498
-0.486000	0.485498
-0.485000	0.485498
-0.484000	0.485498
-0.483000	0.395229
-0.482000	0.485498
-0.481000	0.485498
-0.480000	0.575583
-0.479000	0.485498
-0.478000	0.395229
-0.477000	0.485498
-0.476000	0.485498
-0.475000	0.485498
-0.474000	0.485498
-0.473000	0.485498
-0.472000	0.485498
-0.471000	0.485498
-0.470000	0.485498
-0.469000	0.575583
-0.468000	0.485498
-0.467000	0.485498
-0.466000	0.485498
-0.465000	0.575583
-0.464000	0.575583
-0.463000	0.575583
-0.462000	0.575583
-0.461000	0.575583
-0.460000	0.665668
-0.459000	0.485498
-0.458000	0.395229
-0.457000	0.575583
-0.456000	0.485498
-0.455000	0.575583
-0.454000	0.575583
-0.453000	0.485498
-0.452000	0.485498
-0.451000	0.485498
-0.450000	0.665668
-0.449000	0.485498
-0.448000	0.575583
-0.447000	0.575583
-0.446000	0.485498
-0.445000	0.575583
-0.444000	0.575583
-0.443000	0.485498
-0.442000	0.485498
-0.441000	0.395229
-0.440000	0.485498
-0.439000	0.575583
-0.438000	0.485498
-0.437000	0.395229
-0.436000	0.485498
-0.435000	0.395229
-0.434000	0.485498
-0.433000	0.485498
-0.432000	0.575583
-0.431000	0.485498
-0.430000	0.575583
-0.429000	0.485498
-0.428000	0.485498
-0.427000	0.575583
-0.426000	0.485498
-0.425000	0.395229
-0.424000	0.485498
-0.423000	0.485498
-0.422000	0.485498
-0.421000	0.485498
-0.420000	0.575583
-0.419000	0.485498
-0.418000	0.665668
-0.417000	0.575583
-0.416000	0.575583
-0.415000	0.575583
-0.414000	0.575583
-0.413000	0.575583
-0.412000	0.485498
-0.411000	0.575583
-0.410000	0.575583
-0.409000	0.575583
-0.408000	0.395229
-0.407000	0.395229
-0.406000	0.485498
-0.405000	0.395229
-0.404000	0.485498
-0.403000	0.485498
-0.402000	0.575583
-0.401000	0.485498
-0.400000	0.485498
-0.399000	0.575583
-0.398000	0.485498
-0.397000	0.575583
-0.396000	0.485498
-0.395000	0.485498
-0.394000	0.485498
-0.393000	0.485498
-0.392000	0.575583
-0.391000	0.485498
-0.390000	0.395229
-0.389000	0.395229
-0.388000	0.485498
-0.387000	0.485498
-0.386000	0.485498
-0.385000	0.575583
-0.384000	0.575583
-0.383000	0.665668
-0.382000	0.665668
-0.381000	0.485498
-0.380000	0.575583
-0.379000	0.575583
-0.378000	0.485498
-0.377000	0.575583
-0.376000	0.485498
-0.375000	0.395229
-0.374000	0.485498
-0.373000	0.485498
-0.372000	0.485498
-0.371000	0.575583
-0.370000	0.485498
-0.369000	0.575583
-0.368000	0.485498
-0.367000	0.575583
-0.366000	0.485498
-0.365000	0.665668
-0.364000	0.575583
-0.363000	0.485498
-0.362000	0.575583
-0.361000	0.485498
-0.360000	0.395229
-0.359000	0.485498
-0.358000	0.395229
-0.357000	0.395229
-0.356000	0.485498
-0.355000	0.395229
-0.354000	0.575583
-0.353000	0.485498
-0.352000	0.395229
-0.351000	0.485498
-0.350000	0.485498
-0.349000	0.485498
-0.348000	0.575583
-0.347000	0.395229
-0.346000	0.395229
-0.345000	0.575583
-0.344000	0.575583
-0.343000	0.395229
-0.342000	0.485498
-0.341000	0.395229
-0.340000	0.485498
-0.339000	0.485498
-0.338000	0.485498
-0.337000	0.575583
-0.336000	0.575583
-0.335000	0.575583
-0.334000	0.485498
-0.333000	0.575583
-0.332000	0.575583
-0.331000	0.485498
-0.330000	0.665668
-0.329000	0.665668
-0.328000	0.395229
-0.327000	0.665668
-0.326000	0.575583
-0.325000	0.575583
-0.324000	0.665668
-0.323000	0.485498
-0.322000	0.575583
-0.321000	0.575583
-0.320000	0.575583
-0.319000	0.485498
-0.318000	0.485498
-0.317000	0.485498
-0.316000	0.485498
-0.315000	0.485498
-0.314000	0.485498
-0.313000	0.575583
-0.312000	0.485498
-0.311000	0.485498
-0.310000	0.485498
-0.309000	0.485498
-0.308000	0.485498
-0.307000	0.395229
-0.306000	0.485498
-0.305000	0.485498
-0.304000	0.575583
-0.303000	0.575583
-0.302000	0.575583
-0.301000	0.575583
-0.300000	0.485498
-0.299000	0.395229
-0.298000	0.575583
-0.297000	0.575583
-0.296000	0.575583
-0.295000	0.575583
-0.294000	0.485498
-0.293000	0.485498
-0.292000	0.575583
-0.291000	0.485498
-0.290000	0.485498
-0.289000	0.485498
-0.288000	0.575583
-0.287000	0.575583
-0.286000	0.485498
-0.285000	0.575583
-0.284000	0.575583
-0.283000	0.485498
-0.282000	0.485498
-0.281000	0.485498
-0.280000	0.575583
-0.279000	0.575583
-0.278000	0.665668
-0.277000	0.485498
-0.276000	0.665668
-0.275000	0.395229
-0.274000	0.485498
-0.273000	0.485498
-0.272000	0.575583
-0.271000	0.575583
-0.270000	0.395229
-0.269000	0.485498
-0.268000	0.485498
-0.267000	0.665668
-0.266000	0.485498
-0.265000	0.485498
-0.264000	0.485498
-0.263000	0.575583
-0.262000	0.485498
-0.261000	0.485498
-0.260000	0.485498
-0.259000	0.395229
-0.258000	0.395229
-0.257000	0.485498
-0.256000	0.665668
-0.255000	0.485498
-0.254000	0.665668
-0.253000	0.575583
-0.252000	0.395229
-0.251000	0.755937
-0.250000	0.485498
-0.249000	0.575583
-0.248000	0.485498
-0.247000	0.575583
-0.246000	0.395229
-0.245000	0.485498
-0.244000	0.575583
-0.243000	0.575583
-0.242000	0.575583
-0.241000	0.395229
-0.240000	0.575583
-0.239000	0.485498
-0.238000	0.575583
-0.237000	0.485498
-0.236000	0.485498
-0.235000	0.485498
-0.234000	0.485498
-0.233000	0.485498
-0.232000	0.575583
-0.231000	0.575583
-0.230000	0.575583
-0.229000	0.485498
-0.228000	0.485498
-0.227000	0.485498
-0.226000	0.395229
-0.225000	0.485498
-0.224000	0.395229
-0.223000	0.485498
-0.222000	0.485498
-0.221000	0.485498
-0.220000	0.485498
-0.219000	0.485498
-0.218000	0.485498
-0.217000	0.575583
-0.216000	0.485498
-0.215000	0.485498
-0.214000	0.485498
-0.213000	0.485498
-0.212000	0.485498
-0.211000	0.575583
-0.210000	0.485498
-0.209000	0.575583
-0.208000	0.395229
-0.207000	0.485498
-0.206000	0.575583
-0.205000	0.665668
-0.204000	0.485498
-0.203000	0.485498
-0.202000	0.485498
-0.201000	0.485498
-0.200000	0.575583
-0.199000	0.485498
-0.198000	0.665668
-0.197000	0.575583
-0.196000	0.575583
-0.195000	0.395229
-0.194000	0.575583
-0.193000	0.485498
-0.192000	0.395229
-0.191000	0.395229
-0.190000	0.395229
-0.189000	0.575583
-0.188000	0.485498
-0.187000	0.485498
-0.186000	0.485498
-0.185000	0.575583
-0.184000	0.485498
-0.183000	0.485498
-0.182000	0.485498
-0.181000	0.485498
-0.180000	0.395229
-0.179000	0.395229
-0.178000	0.395229
-0.177000	0.485498
-0.176000	0.575583
-0.175000	0.485498
-0.174000	0.395229
-0.173000	0.485498
-0.172000	0.485498
-0.171000	0.485498
-0.170000	0.485498
-0.169000	0.485498
-0.168000	0.485498
-0.167000	0.575583
-0.166000	0.485498
-0.165000	0.575583
-0.164000	0.485498
-0.163000	0.485498
-0.162000	0.665668
-0.161000	0.485498
-0.160000	0.485498
-0.159000	0.575583
-0.158000	0.485498
-0.157000	0.485498
-0.156000	0.485498
-0.155000	0.575583
-0.154000	0.575583
-0.153000	0.485498
-0.152000	0.575583
-0.151000	0.575583
-0.150000	0.485498
-0.149000	0.485498
-0.148000	0.485498
-0.147000	0.575583
-0.146000	0.485498
-0.145000	0.575583
-0.144000	0.575583
-0.143000	0.485498
-0.142000	0.395229
-0.141000	0.395229
-0.140000	0.485498
-0.139000	0.395229
-0.138000	0.485498
-0.137000	0.485498
-0.136000	0.485498
-0.135000	0.485498
-0.134000	0.485498
-0.133000	0.395229
-0.132000	0.395229
-0.131000	0.575583
-0.130000	0.485498
-0.129000	0.575583
-0.128000	0.485498
-0.127000	0.485498
-0.126000	0.575583
-0.125000	0.395229
-0.124000	0.395229
-0.123000	0.485498
-0.122000	0.575583
-0.121000	0.485498
-0.120000	0.485498
-0.119000	0.485498
-0.118000	0.575583
-0.117000	0.575583
-0.116000	0.575583
-0.115000	0.665668
-0.114000	0.485498
-0.113000	0.575583
-0.112000	0.575583
-0.111000	0.575583
-0.110000	0.485498
-0.109000	0.485498
-0.108000	0.485498
-0.107000	0.485498
-0.106000	0.485498
-0.105000	0.575583
-0.104000	0.485498
-0.103000	0.575583
-0.102000	0.485498
-0.101000	0.485498
-0.100000	0.575583
-0.099000	0.575583
-0.098000	0.485498
-0.097000	0.485498
-0.096000	0.485498
-0.095000	0.395229
-0.094000	0.575583
-0.093000	0.485498
-0.092000	0.395229
-0.091000	0.485498
-0.090000	0.395229
-0.089000	0.485498
-0.088000	0.485498
-0.087000	0.575583
-0.086000	0.665668
-0.085000	0.485498
-0.084000	0.575583
-0.083000	0.485498
-0.082000	0.575583
-0.081000	0.575583
-0.080000	0.575583
-0.079000	0.485498
-0.078000	0.485498
-0.077000	0.485498
-0.076000	0.485498
-0.075000	0.575583
-0.074000	0.665668
-0.073000	0.485498
-0.072000	0.665668
-0.071000	0.485498
-0.070000	0.395229
-0.069000	0.485498
-0.068000	0.575583
-0.067000	0.485498
-0.066000	0.485498
-0.065000	0.485498
-0.064000	0.575583
-0.063000	0.485498
-0.062000	0.485498
-0.061000	0.575583
-0.060000	0.575583
-0.059000	0.485498
-0.058000	0.395229
-0.057000	0.485498
-0.056000	0.395229
-0.055000	0.395229
-0.054000	0.395229
-0.053000	0.575583
-0.052000	0.485498
-0.051000	0.485498
-0.050000	0.485498
-0.049000	0.485498
-0.048000	0.485498
-0.047000	0.575583
-0.046000	0.485498
-0.045000	0.575583
-0.044000	0.575583
-0.043000	0.575583
-0.042000	0.395229
-0.041000	0.575583
-0.040000	0.485498
-0.039000	0.575583
-0.038000	0.395229
-0.037000	0.395229
-0.036000	0.485498
-0.035000	0.395229
-0.034000	0.575583
-0.033000	0.395229
-0.032000	0.485498
-0.031000	0.395229
-0.030000	0.485498
-0.029000	0.485498
-0.028000	0.665668
-0.027000	0.575583
-0.026000	0.485498
-0.025000	0.485498
-0.024000	0.575583
-0.023000	0.395229
-0.022000	0.395229
-0.021000	0.485498
-0.020000	1.206550
-0.019000	2.468470
-0.018000	3.369870
-0.017000	3.730400
-0.016000	3.910570
-0.015000	4.000840
-0.014000	4.361360
-0.013000	4.721880
-0.012000	5.172490
-0.011000	5.442930
-0.010000	5.623290
-0.009000	5.803450
-0.008000	6.344330
-0.007000	6.885210
-0.006000	7.335820
-0.005000	7.335820
-0.004000	7.425900
-0.003000	7.516170
-0.002000	7.516170
-0.001000	6.794940
0.000000	6.163980
0.001000	5.352850
0.002000	4.992320
0.003000	5.533020
0.004000	5.893720
0.005000	6.254250
0.006000	5.983810
0.007000	4.631800
0.008000	5.262760
0.009000	4.721880
0.010000	4.992320
0.011000	6.434420
0.012000	5.983810
0.013000	5.893720
0.014000	3.009350
0.015000	0.124974
0.016000	-3.120110
0.017000	-6.725530
0.018000	-7.987460
0.019000	-5.734050
0.020000	-4.291770
0.021000	-0.776428
0.022000	0.755937
0.023000	1.026190
0.024000	0.485498
0.025000	0.034705
0.026000	-0.776428
0.027000	-2.398880
0.028000	-4.652290
0.029000	-5.914210
0.030000	-6.184650
0.031000	-4.562200
0.032000	-1.858180
0.033000	0.124974
0.034000	1.567070
0.035000	1.386900
0.036000	1.206550
0.037000	0.755937
0.038000	0.575583
0.039000	0.846022
0.040000	-0.145465
0.041000	-0.235734
0.042000	-0.055380
0.043000	0.755937
0.044000	1.837510
0.045000	3.009350
0.046000	3.640310
0.047000	4.090920
0.048000	4.181010
0.049000	4.271270
0.050000	3.550040
0.051000	3.189520
0.052000	2.198030
0.053000	2.468470
0.054000	2.468470
0.055000	3.189520
0.056000	3.910570
0.057000	4.992320
0.058000	6.704860
0.059000	6.885210
0.060000	6.885210
0.061000	5.983810
0.062000	5.352850
0.063000	4.271270
0.064000	3.009350
0.065000	2.468470
0.066000	2.288120
0.067000	2.017680
0.068000	2.378390
0.069000	2.288120
0.070000	4.090920
0.071000	5.623290
0.072000	6.254250
0.073000	4.811970
0.074000	2.828990
0.075000	1.657150
0.076000	1.026190
0.077000	0.395229
0.078000	0.124974
0.079000	-0.145465
0.080000	0.124974
0.081000	1.476980
0.082000	3.640310
0.083000	5.442930
0.084000	6.434420
0.085000	7.155650
0.086000	6.344330
0.087000	5.352850
0.088000	4.090920
0.089000	2.919080
0.090000	2.468470
0.091000	2.648640
0.092000	2.919080
0.093000	4.631800
0.094000	5.533020
0.095000	6.614770
0.096000	7.786430
0.097000	7.245730
0.098000	7.425900
0.099000	7.606260
0.100000	7.155650
0.101000	5.803450
0.102000	4.181010
0.103000	3.550040
0.104000	3.820480
0.105000	4.541530
0.106000	5.352850
0.107000	4.631800
0.108000	5.533020
0.109000	5.623290
0.110000	6.254250
0.111000	6.254250
0.112000	5.262760
0.113000	4.271270
0.114000	3.820480
0.115000	3.640310
0.116000	4.271270
0.117000	4.631800
0.118000	5.262760
0.119000	5.803450
0.120000	5.983810
0.121000	4.992320
0.122000	7.876700
0.123000	6.524690
0.124000	7.155650
0.125000	5.983810
0.126000	6.434420
0.127000	6.254250
0.128000	4.992320
0.129000	8.237220
0.130000	10.670800
0.131000	10.400500
0.132000	8.237220
0.133000	3.730400
0.134000	3.099430
0.135000	24.371599
0.136000	17.431200
0.137000	23.830900
0.138000	21.757700
0.139000	19.684601
0.140000	25.723600
0.141000	22.298599
0.142000	20.766199
0.143000	14.997500
0.144000	7.425900
0.145000	1.476980
0.146000	-5.012810
0.147000	18.422701
0.148000	31.402300
0.149000	38.793499
0.150000	42.308800
0.151000	35.458500
0.152000	49.610001
0.153000	52.404202
0.154000	51.142300
0.155000	43.390598
0.156000	26.264500
0.157000	24.281500
0.158000	21.757700
0.159000	25.543501
0.160000	21.938000
0.161000	23.290100
0.162000	25.723600
0.163000	37.711899
0.164000	42.308800
0.165000	44.021599
0.166000	43.480701
0.167000	41.317402
0.168000	36.179600
0.169000	28.878500
0.170000	25.182899
0.171000	15.898900
0.172000	12.473600
0.173000	7.876700
0.174000	5.442930
0.175000	9.769590
0.176000	10.400500
0.177000	12.383500
0.178000	14.907400
0.179000	17.611401
0.180000	16.439600
0.181000	7.786430
0.182000	18.332399
0.183000	7.966780
0.184000	5.713370
0.185000	-8.888860
0.186000	-18.623600
0.187000	-16.910999
0.188000	-11.322400
0.189000	-2.939760
0.190000	-3.480630
0.191000	-7.626930
0.192000	-13.485800
0.193000	-21.057301
0.194000	-22.679800
0.195000	-24.031799
0.196000	-22.229000
0.197000	-17.992599
0.198000	-15.378700
0.199000	-16.099701
0.200000	-14.837800
0.201000	-6.725530
0.202000	-15.198300
0.203000	-18.443199
0.204000	-24.302200
0.205000	-24.392300
0.206000	-20.065701
0.207000	-17.181299
0.208000	-13.485800
0.209000	-9.519820
0.210000	-3.841160
0.211000	4.811970
0.212000	11.301800
0.213000	15.988900
0.214000	15.898900
0.215000	21.216801
0.216000	31.762800
0.217000	41.227299
0.218000	48.528400
0.219000	51.502800
0.220000	47.086102
0.221000	43.300301
0.222000	40.956799
0.223000	39.604801
0.224000	37.711899
0.225000	34.106499
0.226000	32.393799
0.227000	28.698299
0.228000	29.689800
0.229000	33.115002
0.230000	36.179600
0.231000	38.973900
0.232000	35.638699
0.233000	32.033298
0.234000	28.608000
0.235000	25.903999
0.236000	22.388700
0.237000	17.881800
0.238000	15.718500
0.239000	15.177800
0.240000	16.980400
0.241000	20.676100
0.242000	22.929501
0.243000	23.830900
0.244000	24.642099
0.245000	24.191500
0.246000	25.994101
0.247000	25.994101
0.248000	26.535000
0.249000	25.273001
0.250000	26.084299
0.251000	27.796900
0.252000	31.402300
0.253000	35.007702
0.254000	36.900600
0.255000	38.252800
0.256000	39.514599
0.257000	38.252800
0.258000	36.720402
0.259000	32.574100
0.260000	28.427799
0.261000	26.715300
0.262000	24.461901
0.263000	23.650600
0.264000	24.011101
0.265000	24.552000
0.266000	28.427799
0.267000	27.886999
0.268000	27.075800
0.269000	27.526400
0.270000	25.723600
0.271000	23.921000
0.272000	23.200001
0.273000	14.186100
0.274000	2.288120
0.275000	21.938000
0.276000	35.098000
0.277000	37.982399
0.278000	45.824200
0.279000	42.939800
0.280000	40.866699
0.281000	34.917599
0.282000	48.979000
0.283000	57.001202
0.284000	48.979000
0.285000	44.652500
0.286000	29.239000
0.287000	37.261101
0.288000	40.325901
0.289000	44.472198
0.290000	44.742599
0.291000	38.523102
0.292000	52.404202
0.293000	49.880402
0.294000	43.841202
0.295000	35.638699
0.296000	25.813900
0.297000	26.625000
0.298000	38.703400
0.299000	44.652500
0.300000	42.489201
0.301000	31.582701
0.302000	26.805401
0.303000	29.599701
0.304000	19.864799
0.305000	19.594400
0.306000	26.625000
0.307000	6.794940
0.308000	12.293400
0.309000	47.536900
0.310000	76.650902
0.311000	102.070000
0.312000	87.106796
0.313000	49.249401
0.314000	24.461901
0.315000	19.504299
0.316000	34.647202
0.317000	48.798599
0.318000	48.438099
0.319000	37.081001
0.320000	33.565601
0.321000	39.965302
0.322000	44.832699
0.323000	50.421299
0.324000	44.472198
0.325000	41.948299
0.326000	47.987499
0.327000	42.939800
0.328000	38.432999
0.329000	23.921000
0.330000	14.997500
0.331000	20.495800
0.332000	21.487301
0.333000	22.118200
0.334000	21.938000
0.335000	22.839300
0.336000	36.359901
0.337000	43.120201
0.338000	39.153999
0.339000	34.557098
0.340000	23.650600
0.341000	25.903999
0.342000	31.672701
0.343000	38.252800
0.344000	40.776501
0.345000	51.592899
0.346000	47.176201
0.347000	8.597740
0.348000	-28.718800
0.349000	-46.295502
0.350000	-52.875500
0.351000	-25.293699
0.352000	-16.189800
0.353000	-6.995970
0.354000	8.327310
0.355000	17.971901
0.356000	42.308800
0.357000	33.745800
0.358000	17.611401
0.359000	-8.708510
0.360000	-33.045399
0.361000	-38.183201
0.362000	-44.673000
0.363000	-26.916201
0.364000	-16.009600
0.365000	0.936107
0.366000	5.983810
0.367000	16.529800
0.368000	21.757700
0.369000	28.788401
0.370000	29.599701
0.371000	40.235802
0.372000	74.127098
0.373000	107.928001
0.374000	119.375999
0.375000	131.994995
0.376000	179.587006
0.377000	157.503998
0.378000	136.322006
0.379000	83.501404
0.380000	30.410801
0.381000	-19.795401
0.382000	-8.798590
0.383000	1.927590
0.384000	45.463699
0.385000	69.349998
0.386000	73.766502
0.387000	61.147499
0.388000	24.822399
0.389000	2.738910
0.390000	-5.553690
0.391000	2.017680
0.392000	5.082410
0.393000	2.828990
0.394000	-18.533501
0.395000	-23.310699
0.396000	-43.140701
0.397000	-28.899099
0.398000	-22.589500
0.399000	-4.472120
0.400000	4.811970
0.401000	6.344330
0.402000	6.614770
0.403000	1.927590
0.404000	4.181010
0.405000	12.473600
0.406000	24.461901
0.407000	43.029900
0.408000	61.688301
0.409000	75.749702
0.410000	83.952003
0.411000	80.977600
0.412000	77.642403
0.413000	70.161102
0.414000	61.417900
0.415000	52.764801
0.416000	38.793499
0.417000	29.148899
0.418000	21.487301
0.419000	17.341000
0.420000	18.783199
0.421000	17.791700
0.422000	16.349501
0.423000	14.006000
0.424000	10.400500
0.425000	7.786430
0.426000	3.640310
0.427000	-2.939760
0.428000	-9.519820
0.429000	-17.361601
0.430000	-21.688299
0.431000	-26.375299
0.432000	-25.113400
0.433000	-19.434700
0.434000	-13.665900
0.435000	-5.373520
0.436000	-0.055380
0.437000	9.138620
0.438000	18.332399
0.439000	27.526400
0.440000	30.681299
0.441000	36.810501
0.442000	31.762800
0.443000	33.295200
0.444000	28.067301
0.445000	30.230600
0.446000	31.853100
0.447000	35.188099
0.448000	33.836102
0.449000	33.745800
0.450000	25.363100
0.451000	23.830900
0.452000	14.006000
0.453000	12.654000
0.454000	4.181010
0.455000	2.919080
0.456000	-0.415904
0.457000	-3.841160
0.458000	-5.734050
0.459000	-6.455090
0.460000	-7.536660
0.461000	-6.094570
0.462000	-5.734050
0.463000	-3.390360
0.464000	-3.660800
0.465000	-2.128440
0.466000	-0.325819
0.467000	1.386900
0.468000	4.541530
0.469000	8.056870
0.470000	11.662500
0.471000	19.594400
0.472000	19.504299
0.473000	25.903999
0.474000	26.264500
0.475000	28.337799
0.476000	30.861401
0.477000	29.329201
0.478000	27.886999
0.479000	22.569000
0.480000	17.971901
0.481000	11.572200
0.482000	7.245730
0.483000	2.828990
0.484000	-0.055380
0.485000	-1.858180
0.486000	-3.300280
0.487000	-6.004480
0.488000	-5.643780
0.489000	-8.438070
0.490000	-9.069030
0.491000	-14.387200
0.492000	-17.722200
0.493000	-20.426399
0.494000	-22.679800
0.495000	-22.138901
0.496000	-19.795401
0.497000	-15.829300
0.498000	-9.699990
0.499000	-4.201680
0.500000	-1.407390
0.501000	2.198030
0.502000	1.747420
0.503000	4.902050
0.504000	4.361360
0.505000	6.524690
0.506000	4.631800
0.507000	5.172490
0.508000	3.459960
0.509000	4.811970
0.510000	3.369870
0.511000	5.533020
0.512000	2.107950
0.513000	1.747420
0.514000	-1.677830
0.515000	-5.012810
0.516000	-9.790080
0.517000	-11.953400
0.518000	-17.542000
0.519000	-17.091200
0.520000	-20.606501
0.521000	-19.705099
0.522000	-19.525000
0.523000	-22.679800
0.524000	-22.589500
0.525000	-25.654200
0.526000	-23.310699
0.527000	-23.040300
0.528000	-16.730700
0.529000	-11.412500
0.530000	-22.499399
0.531000	-27.186600
0.532000	-26.375299
0.533000	-14.116700
0.534000	-4.291770
0.535000	0.936107
0.536000	-2.579230
0.537000	-5.463610
0.538000	-3.660800
0.539000	2.919080
0.540000	13.104600
0.541000	10.490600
0.542000	4.271270
0.543000	-5.553690
0.544000	-10.240900
0.545000	-11.232400
0.546000	-11.412500
0.547000	-17.091200
0.548000	-21.147400
0.549000	-24.842899
0.550000	-21.598000
0.551000	-16.640600
0.552000	-12.313900
0.553000	-12.944900
0.554000	-16.460199
0.555000	-19.525000
0.556000	-22.499399
0.557000	-24.212000
0.558000	-25.113400
0.559000	-25.293699
0.560000	-24.482401
0.561000	-22.319099
0.562000	-19.164400
0.563000	-16.280100
0.564000	-12.674500
0.565000	-13.035200
0.566000	-9.970430
0.567000	-8.618420
0.568000	-10.871800
0.569000	-12.043500
0.570000	-16.550301
0.571000	-16.910999
0.572000	-15.829300
0.573000	-15.018100
0.574000	-16.550301
0.575000	-17.001101
0.576000	-15.649100
0.577000	-15.558800
0.578000	-16.370100
0.579000	-19.705099
0.580000	-24.031799
0.581000	-26.375299
0.582000	-28.268200
0.583000	-28.087799
0.584000	-28.718800
0.585000	-30.341400
0.586000	-28.809000
0.587000	-26.014799
0.588000	-23.040300
0.589000	-18.443199
0.590000	-18.623600
0.591000	-17.812201
0.592000	-20.877001
0.593000	-23.671301
0.594000	-25.654200
0.595000	-28.448500
0.596000	-29.349701
0.597000	-27.727301
0.598000	-27.457001
0.599000	-23.310699
0.600000	-21.147400
0.601000	-20.696600
0.602000	-17.632099
0.603000	-21.417801
0.604000	-21.327600
0.605000	-25.293699
0.606000	-27.637199
0.607000	-28.538601
0.608000	-29.980700
0.609000	-31.332899
0.610000	-32.775002
0.611000	-33.946800
0.612000	-31.332899
0.613000	-29.169600
0.614000	-27.096300
0.615000	-26.645700
0.616000	-26.285200
0.617000	-24.933201
0.618000	-26.014799
0.619000	-27.637199
0.620000	-27.637199
0.621000	-30.341400
0.622000	-29.169600
0.623000	-30.701900
0.624000	-27.727301
0.625000	-24.662701
0.626000	-23.490900
0.627000	-21.327600
0.628000	-25.023300
0.629000	-25.834400
0.630000	-29.800501
0.631000	-32.594799
0.632000	-33.135502
0.633000	-36.560799
0.634000	-35.749500
0.635000	-37.011398
0.636000	-36.290298
0.637000	-37.011398
0.638000	-36.290298
0.639000	-37.191700
0.640000	-34.848202
0.641000	-31.693399
0.642000	-30.611700
0.643000	-29.530100
0.644000	-30.521601
0.645000	-31.693399
0.646000	-32.684898
0.647000	-34.036900
0.648000	-32.684898
0.649000	-30.972200
0.650000	-29.710400
0.651000	-28.087799
0.652000	-28.448500
0.653000	-28.628700
0.654000	-26.645700
0.655000	-26.104799
0.656000	-26.645700
0.657000	-26.014799
0.658000	-28.268200
0.659000	-27.186600
0.660000	-29.620199
0.661000	-30.972200
0.662000	-30.251101
0.663000	-33.225800
0.664000	-34.307400
0.665000	-37.462200
0.666000	-39.264801
0.667000	-38.994499
0.668000	-40.436600
0.669000	-40.076099
0.670000	-43.050598
0.671000	-43.501400
0.672000	-44.222401
0.673000	-42.960499
0.674000	-40.707100
0.675000	-39.895802
0.676000	-38.543701
0.677000	-37.552299
0.678000	-37.101601
0.679000	-34.577801
0.680000	-33.856602
0.681000	-32.324402
0.682000	-31.513100
0.683000	-31.062500
0.684000	-29.620199
0.685000	-29.440001
0.686000	-29.259701
0.687000	-28.448500
0.688000	-29.079500
0.689000	-29.259701
0.690000	-29.530100
0.691000	-31.152500
0.692000	-31.242599
0.693000	-33.586300
0.694000	-35.208801
0.695000	-37.371899
0.696000	-39.625301
0.697000	-41.067600
0.698000	-42.509701
0.699000	-43.411098
0.700000	-44.132301
0.701000	-44.042099
0.702000	-43.861900
0.703000	-43.681499
0.704000	-42.509701
0.705000	-41.969002
0.706000	-40.797199
0.707000	-39.986000
0.708000	-38.543701
0.709000	-35.479198
0.710000	-33.946800
0.711000	-32.414501
0.712000	-31.693399
0.713000	-30.251101
0.714000	-28.268200
0.715000	-25.473900
0.716000	-23.310699
0.717000	-22.229000
0.718000	-21.417801
0.719000	-21.598000
0.720000	-21.688299
0.721000	-22.679800
0.722000	-24.212000
0.723000	-25.473900
0.724000	-27.997700
0.725000	-29.349701
0.726000	-31.152500
0.727000	-31.783501
0.728000	-32.234100
0.729000	-33.405998
0.730000	-34.126999
0.731000	-35.388901
0.732000	-36.470699
0.733000	-36.650902
0.734000	-37.371899
0.735000	-37.101601
0.736000	-37.281799
0.737000	-37.011398
0.738000	-36.921299
0.739000	-36.200199
0.740000	-34.757999
0.741000	-33.135502
0.742000	-31.152500
0.743000	-29.259701
0.744000	-27.817600
0.745000	-26.195101
0.746000	-24.392300
0.747000	-23.580999
0.748000	-22.138901
0.749000	-22.138901
0.750000	-22.589500
0.751000	-22.679800
0.752000	-24.212000
0.753000	-24.662701
0.754000	-25.924700
0.755000	-27.186600
0.756000	-27.637199
0.757000	-29.169600
0.758000	-29.800501
0.759000	-31.152500
0.760000	-31.693399
0.761000	-32.504601
0.762000	-33.676399
0.763000	-33.495998
0.764000	-34.577801
0.765000	-35.118500
0.766000	-35.118500
0.767000	-36.380402
0.768000	-35.298801
0.769000	-35.028400
0.770000	-33.586300
0.771000	-31.062500
0.772000	-30.611700
0.773000	-27.907600
0.774000	-27.096300
0.775000	-25.473900
0.776000	-23.130400
0.777000	-23.040300
0.778000	-20.606501
0.779000	-19.975599
0.780000	-20.336100
0.781000	-18.984100
0.782000	-20.877001
0.783000	-20.246000
0.784000	-20.786900
0.785000	-21.327600
0.786000	-21.688299
0.787000	-23.220501
0.788000	-24.031799
0.789000	-25.293699
0.790000	-26.014799
0.791000	-26.555599
0.792000	-27.457001
0.793000	-27.907600
0.794000	-28.899099
0.795000	-29.169600
0.796000	-29.440001
0.797000	-30.701900
0.798000	-30.701900
0.799000	-30.521601
0.800000	-30.701900
0.801000	-29.259701
0.802000	-28.628700
0.803000	-25.654200
0.804000	-25.203400
0.805000	-23.761299
0.806000	-21.598000
0.807000	-21.327600
0.808000	-18.713600
0.809000	-18.263000
0.810000	-17.091200
0.811000	-15.829300
0.812000	-15.739200
0.813000	-15.198300
0.814000	-14.206800
0.815000	-16.280100
0.816000	-14.296900
0.817000	-17.361601
0.818000	-16.099701
0.819000	-18.353100
0.820000	-17.992599
0.821000	-18.984100
0.822000	-20.155899
0.823000	-20.606501
0.824000	-21.237499
0.825000	-22.229000
0.826000	-22.409300
0.827000	-22.499399
0.828000	-22.950001
0.829000	-21.958500
0.830000	-23.400801
0.831000	-21.327600
0.832000	-22.950001
0.833000	-19.885500
0.834000	-20.246000
0.835000	-18.803900
0.836000	-17.271500
0.837000	-17.271500
0.838000	-15.198300
0.839000	-14.837800
0.840000	-14.837800
0.841000	-12.674500
0.842000	-12.133800
0.843000	-10.781600
0.844000	-10.511300
0.845000	-11.142300
0.846000	-10.060500
0.847000	-10.601400
0.848000	-10.240900
0.849000	-11.322400
0.850000	-11.773200
0.851000	-11.773200
0.852000	-12.223800
0.853000	-13.035200
0.854000	-13.305400
0.855000	-15.198300
0.856000	-15.378700
0.857000	-15.919500
0.858000	-15.739200
0.859000	-14.657600
0.860000	-16.370100
0.861000	-15.829300
0.862000	-16.640600
0.863000	-15.649100
0.864000	-15.558800
0.865000	-14.116700
0.866000	-12.043500
0.867000	-11.683000
0.868000	-10.691500
0.869000	-11.232400
0.870000	-10.240900
0.871000	-9.790080
0.872000	-7.987460
0.873000	-7.086060
0.874000	-4.742560
0.875000	-4.382030
0.876000	-5.463610
0.877000	-3.570720
0.878000	-5.373520
0.879000	-3.751070
0.880000	-2.669320
0.881000	-3.751070
0.882000	-2.939760
0.883000	-4.382030
0.884000	-3.120110
0.885000	-5.012810
0.886000	-5.283250
0.887000	-5.824130
0.888000	-7.266410
0.889000	-7.987460
0.890000	-9.339470
0.891000	-7.446580
0.892000	-5.824130
0.893000	-5.193170
0.894000	-4.382030
0.895000	-3.660800
0.896000	-5.012810
0.897000	-4.652290
0.898000	-4.382030
0.899000	-3.480630
0.900000	-1.767910
0.901000	-1.317310
0.902000	0.846022
0.903000	-1.046870
0.904000	-0.866697
0.905000	-3.120110
0.906000	-1.948270
0.907000	-0.415904
0.908000	1.026190
0.909000	4.090920
0.910000	4.992320
0.911000	5.172490
0.912000	5.533020
0.913000	3.009350
0.914000	3.730400
0.915000	2.828990
0.916000	3.279600
0.917000	4.000840
0.918000	2.738910
0.919000	2.198030
0.920000	1.386900
0.921000	1.206550
0.922000	1.116460
0.923000	0.305144
0.924000	2.288120
0.925000	2.378390
0.926000	3.189520
0.927000	4.090920
0.928000	3.730400
0.929000	4.541530
0.930000	5.352850
0.931000	5.713370
0.932000	6.614770
0.933000	6.254250
0.934000	8.147140
0.935000	7.606260
0.936000	7.245730
0.937000	8.327310
0.938000	8.507660
0.939000	11.121600
0.940000	11.842600
0.941000	12.203200
0.942000	12.203200
0.943000	12.023000
0.944000	12.834100
0.945000	13.284900
0.946000	13.375000
0.947000	16.079000
0.948000	14.456600
0.949000	14.997500
0.950000	13.735500
0.951000	11.662500
0.952000	14.096100
0.953000	13.915900
0.954000	14.817100
0.955000	14.636900
0.956000	13.194700
0.957000	15.087500
0.958000	12.924400
0.959000	14.366500
0.960000	16.169300
0.961000	15.177800
0.962000	18.602900
0.963000	15.087500
0.964000	16.890301
0.965000	16.709999
0.966000	16.079000
0.967000	18.783199
0.968000	17.341000
0.969000	19.323900
0.970000	19.684601
0.971000	19.594400
0.972000	20.135201
0.973000	20.135201
0.974000	19.864799
0.975000	21.847799
0.976000	21.216801
0.977000	23.109699
0.978000	23.109699
0.979000	22.388700
0.980000	23.921000
0.981000	21.847799
0.982000	24.461901
0.983000	23.560499
0.984000	23.560499
0.985000	25.543501
0.986000	23.109699
0.987000	24.461901
0.988000	23.830900
0.989000	23.470200
0.990000	24.461901
0.991000	23.380100
0.992000	25.453400
0.993000	23.921000
0.994000	24.642099
0.995000	24.822399
0.996000	24.281500
0.997000	25.092699
0.998000	24.822399
0.999000	24.912500
1.000000	25.903999
1.001000	25.543501
1.002000	25.543501
1.003000	25.813900
1.004000	24.732201
1.005000	25.633600
1.006000	25.633600
1.007000	26.535000
1.008000	29.419300
1.009000	30.410801
1.010000	33.024799
1.011000	34.196602
1.012000	33.205101
1.013000	32.123402
1.014000	29.148899
1.015000	26.985600
1.016000	25.903999
1.017000	25.723600
1.018000	27.616501
1.019000	29.058800
1.020000	30.320700
1.021000	30.951700
1.022000	30.230600
1.023000	28.968700
1.024000	28.337799
1.025000	28.427799
1.026000	30.050301
1.027000	30.681299
1.028000	30.050301
1.029000	28.878500
1.030000	26.535000
1.031000	24.191500
1.032000	23.470200
1.033000	23.290100
1.034000	25.723600
1.035000	26.715300
1.036000	29.689800
1.037000	29.960199
1.038000	30.861401
1.039000	31.492399
1.040000	33.115002
1.041000	35.819000
1.042000	37.261101
1.043000	38.613300
1.044000	38.342899
1.045000	36.810501
1.046000	34.016201
1.047000	32.033298
1.048000	30.500900
1.049000	30.050301
1.050000	30.951700
1.051000	31.762800
1.052000	33.205101
1.053000	33.205101
1.054000	33.655701
1.055000	33.205101
1.056000	32.934700
1.057000	32.664200
1.058000	32.664200
1.059000	31.943199
1.060000	30.410801
1.061000	28.788401
1.062000	27.256001
1.063000	26.444901
1.064000	26.264500
1.065000	27.075800
1.066000	28.247499
1.067000	29.148899
1.068000	29.869900
1.069000	30.140400
1.070000	30.230600
1.071000	30.681299
1.072000	31.672701
1.073000	32.484100
1.074000	33.836102
1.075000	33.836102
1.076000	33.655701
1.077000	32.033298
1.078000	31.312201
1.079000	30.410801
1.080000	30.500900
1.081000	30.861401
1.082000	31.762800
1.083000	31.762800
1.084000	31.131901
1.085000	29.329201
1.086000	27.346300
1.087000	25.903999
1.088000	24.552000
1.089000	24.101200
1.090000	24.191500
1.091000	24.101200
1.092000	24.552000
1.093000	24.371599
1.094000	24.552000
1.095000	24.552000
1.096000	24.822399
1.097000	25.363100
1.098000	25.903999
1.099000	26.174400
1.100000	26.084299
1.101000	26.174400
1.102000	25.903999
1.103000	26.264500
1.104000	26.805401
1.105000	27.616501
1.106000	28.968700
1.107000	29.869900
1.108000	30.591200
1.109000	30.591200
1.110000	30.410801
1.111000	30.140400
1.112000	29.599701
1.113000	29.509399
1.114000	28.517900
1.115000	27.616501
1.116000	26.805401
1.117000	25.543501
1.118000	24.912500
1.119000	24.552000
1.120000	24.642099
1.121000	25.182899
1.122000	25.182899
1.123000	24.912500
1.124000	24.281500
1.125000	23.290100
1.126000	22.839300
1.127000	22.208300
1.128000	21.938000
1.129000	21.577499
1.130000	21.216801
1.131000	20.766199
1.132000	20.946600
1.133000	20.946600
1.134000	20.946600
1.135000	22.028099
1.136000	22.659100
1.137000	23.740700
1.138000	23.830900
1.139000	24.732201
1.140000	24.101200
1.141000	24.101200
1.142000	22.929501
1.143000	22.478701
1.144000	22.028099
1.145000	21.757700
1.146000	22.028099
1.147000	21.757700
1.148000	21.307100
1.149000	21.036600
1.150000	20.495800
1.151000	20.405701
1.152000	20.225300
1.153000	19.323900
1.154000	19.143801
1.155000	18.242399
1.156000	17.881800
1.157000	16.079000
1.158000	16.169300
1.159000	15.177800
1.160000	14.727000
1.161000	14.366500
1.162000	14.817100
1.163000	15.177800
1.164000	15.177800
1.165000	16.349501
1.166000	16.079000
1.167000	15.628400
1.168000	16.349501
1.169000	14.907400
1.170000	16.079000
1.171000	15.267900
1.172000	15.628400
1.173000	16.259399
1.174000	15.358000
1.175000	16.079000
1.176000	15.898900
1.177000	15.988900
1.178000	15.808800
1.179000	15.267900
1.180000	15.177800
1.181000	14.636900
1.182000	14.096100
1.183000	14.907400
1.184000	13.825600
1.185000	14.006000
1.186000	13.284900
1.187000	12.293400
1.188000	12.473600
1.189000	11.662500
1.190000	11.752600
1.191000	11.482100
1.192000	10.670800
1.193000	11.211700
1.194000	10.400500
1.195000	9.949760
1.196000	9.679320
1.197000	9.409060
1.198000	9.859670
1.199000	9.409060
1.200000	10.040000
1.201000	10.310300
1.202000	8.687830
1.203000	10.310300
1.204000	8.868180
1.205000	10.130100
1.206000	11.301800
1.207000	10.040000
1.208000	11.842600
1.209000	9.679320
1.210000	9.048350
1.211000	7.786430
1.212000	6.975300
1.213000	6.434420
1.214000	7.155650
1.215000	5.623290
1.216000	7.155650
1.217000	6.073890
1.218000	6.254250
1.219000	6.614770
1.220000	3.640310
1.221000	5.623290
1.222000	3.369870
1.223000	4.541530
1.224000	4.811970
1.225000	3.099430
1.226000	2.919080
1.227000	2.017680
1.228000	-0.415904
1.229000	1.567070
1.230000	-1.407390
1.231000	0.395229
1.232000	1.116460
1.233000	0.755937
1.234000	1.747420
1.235000	0.124974
1.236000	0.395229
1.237000	-0.415904
1.238000	-0.325819
1.239000	0.215059
1.240000	0.395229
1.241000	-0.866697
1.242000	-0.145465
1.243000	-1.317310
1.244000	-2.128440
1.245000	-2.128440
1.246000	-2.669320
1.247000	-1.677830
1.248000	-2.128440
1.249000	-2.759400
1.250000	-2.398880
1.251000	-4.111600
1.252000	-2.398880
1.253000	-4.021330
1.254000	-3.300280
1.255000	-6.184650
1.256000	-4.742560
1.257000	-7.266410
1.258000	-6.094570
1.259000	-7.987460
1.260000	-7.987460
1.261000	-7.086060
1.262000	-7.536660
1.263000	-7.897190
1.264000	-8.438070
1.265000	-9.069030
1.266000	-8.257900
1.267000	-9.609910
1.268000	-8.978940
1.269000	-9.609910
1.270000	-7.897190
1.271000	-8.528150
1.272000	-8.978940
1.273000	-9.970430
1.274000	-10.781600
1.275000	-9.699990
1.276000	-10.691500
1.277000	-9.339470
1.278000	-9.069030
1.279000	-8.528150
1.280000	-10.240900
1.281000	-9.880350
1.282000	-11.863300
1.283000	-11.592900
1.284000	-11.953400
1.285000	-11.953400
1.286000	-10.691500
1.287000	-11.502800
1.288000	-11.773200
1.289000	-14.116700
1.290000	-15.739200
1.291000	-15.558800
1.292000	-17.361601
1.293000	-15.919500
1.294000	-14.206800
1.295000	-15.288600
1.296000	-13.395700
1.297000	-17.091200
1.298000	-17.181299
1.299000	-18.533501
1.300000	-18.803900
1.301000	-17.271500
1.302000	-16.460199
1.303000	-15.739200
1.304000	-15.198300
1.305000	-17.091200
1.306000	-16.910999
1.307000	-19.434700
1.308000	-18.623600
1.309000	-17.902500
1.310000	-18.172899
1.311000	-16.009600
1.312000	-16.910999
1.313000	-16.910999
1.314000	-17.902500
1.315000	-19.344601
1.316000	-19.705099
1.317000	-19.705099
1.318000	-20.065701
1.319000	-19.164400
1.320000	-20.246000
1.321000	-19.705099
1.322000	-20.786900
1.323000	-21.417801
1.324000	-22.138901
1.325000	-23.220501
1.326000	-22.409300
1.327000	-23.130400
1.328000	-22.589500
1.329000	-22.319099
1.330000	-23.220501
1.331000	-22.950001
1.332000	-24.392300
1.333000	-24.572701
1.334000	-24.482401
1.335000	-24.752800
1.336000	-23.761299
1.337000	-23.941700
1.338000	-22.950001
1.339000	-23.851400
1.340000	-23.941700
1.341000	-23.851400
1.342000	-24.121901
1.343000	-23.671301
1.344000	-23.310699
1.345000	-23.490900
1.346000	-23.580999
1.347000	-24.212000
1.348000	-24.752800
1.349000	-24.482401
1.350000	-25.113400
1.351000	-24.752800
1.352000	-25.113400
1.353000	-25.113400
1.354000	-25.744301
1.355000	-26.195101
1.356000	-26.645700
1.357000	-26.826099
1.358000	-26.735800
1.359000	-26.916201
1.360000	-27.006201
1.361000	-27.006201
1.362000	-27.366800
1.363000	-27.727301
1.364000	-27.907600
1.365000	-27.637199
1.366000	-27.366800
1.367000	-26.826099
1.368000	-26.826099
1.369000	-26.465401
1.370000	-26.285200
1.371000	-26.465401
1.372000	-26.195101
1.373000	-26.104799
1.374000	-26.014799
1.375000	-25.564100
1.376000	-25.473900
1.377000	-25.023300
1.378000	-25.473900
1.379000	-25.924700
1.380000	-25.924700
1.381000	-26.826099
1.382000	-26.195101
1.383000	-26.465401
1.384000	-26.375299
1.385000	-26.195101
1.386000	-27.006201
1.387000	-27.096300
1.388000	-27.907600
1.389000	-28.628700
1.390000	-28.358299
1.391000	-28.628700
1.392000	-27.997700
1.393000	-27.997700
1.394000	-27.817600
1.395000	-27.727301
1.396000	-28.538601
1.397000	-28.268200
1.398000	-28.538601
1.399000	-27.817600
1.400000	-27.096300
1.401000	-26.465401
1.402000	-25.564100
1.403000	-25.654200
1.404000	-25.924700
1.405000	-25.473900
1.406000	-26.014799
1.407000	-25.293699
1.408000	-24.933201
1.409000	-24.212000
1.410000	-23.400801
1.411000	-23.400801
1.412000	-23.310699
1.413000	-23.671301
1.414000	-24.212000
1.415000	-24.031799
1.416000	-24.121901
1.417000	-23.310699
1.418000	-22.950001
1.419000	-22.769899
1.420000	-22.769899
1.421000	-23.400801
1.422000	-23.490900
1.423000	-24.031799
1.424000	-24.121901
1.425000	-23.671301
1.426000	-23.400801
1.427000	-22.859900
1.428000	-22.589500
1.429000	-22.499399
1.430000	-22.409300
1.431000	-22.679800
1.432000	-22.409300
1.433000	-22.679800
1.434000	-22.229000
1.435000	-21.688299
1.436000	-21.237499
1.437000	-20.606501
1.438000	-20.516399
1.439000	-20.516399
1.440000	-20.877001
1.441000	-20.606501
1.442000	-20.786900
1.443000	-20.246000
1.444000	-19.975599
1.445000	-19.434700
1.446000	-19.254499
1.447000	-19.434700
1.448000	-19.525000
1.449000	-19.705099
1.450000	-20.155899
1.451000	-20.246000
1.452000	-20.246000
1.453000	-20.336100
1.454000	-20.065701
1.455000	-20.065701
1.456000	-20.065701
1.457000	-20.065701
1.458000	-20.065701
1.459000	-19.795401
1.460000	-19.525000
1.461000	-19.254499
1.462000	-18.803900
1.463000	-18.353100
1.464000	-17.902500
1.465000	-18.082701
1.466000	-17.181299
1.467000	-17.632099
1.468000	-17.542000
1.469000	-17.181299
1.470000	-17.451700
1.471000	-16.730700
1.472000	-16.189800
1.473000	-15.829300
1.474000	-15.018100
1.475000	-15.649100
1.476000	-15.198300
1.477000	-15.919500
1.478000	-15.649100
1.479000	-16.009600
1.480000	-15.468700
1.481000	-15.739200
1.482000	-15.468700
1.483000	-15.288600
1.484000	-15.468700
1.485000	-15.378700
1.486000	-16.189800
1.487000	-16.099701
1.488000	-16.370100
1.489000	-15.108200
1.490000	-15.378700
1.491000	-14.387200
1.492000	-14.026600
1.493000	-14.206800
1.494000	-14.116700
1.495000	-14.477300
1.496000	-14.927900
1.497000	-14.026600
1.498000	-13.665900
1.499000	-12.854800
1.500000	-12.223800
1.501000	-11.863300
1.502000	-12.313900
1.503000	-11.773200
1.504000	-12.133800
1.505000	-11.592900
1.506000	-11.322400
1.507000	-10.421000
1.508000	-10.150800
1.509000	-9.880350
1.510000	-9.609910
1.511000	-9.699990
1.512000	-9.880350
1.513000	-9.970430
1.514000	-9.880350
1.515000	-9.429550
1.516000	-9.609910
1.517000	-9.429550
1.518000	-8.347980
1.519000	-9.249380
1.520000	-8.528150
1.521000	-8.798590
1.522000	-8.708510
1.523000	-8.618420
1.524000	-8.257900
1.525000	-8.077540
1.526000	-7.717020
1.527000	-7.266410
1.528000	-6.094570
1.529000	-6.455090
1.530000	-5.463610
1.531000	-6.094570
1.532000	-5.283250
1.533000	-5.283250
1.534000	-5.103080
1.535000	-4.562200
1.536000	-3.931240
1.537000	-3.300280
1.538000	-3.120110
1.539000	-2.669320
1.540000	-3.480630
1.541000	-2.669320
1.542000	-3.300280
1.543000	-2.759400
1.544000	-2.669320
1.545000	-2.669320
1.546000	-2.489150
1.547000	-2.669320
1.548000	-2.939760
1.549000	-2.128440
1.550000	-2.489150
1.551000	-2.849670
1.552000	-2.398880
1.553000	-2.939760
1.554000	-1.317310
1.555000	-2.038350
1.556000	-1.227220
1.557000	-0.505989
1.558000	-1.407390
1.559000	0.034705
1.560000	-1.227220
1.561000	-1.317310
1.562000	-0.415904
1.563000	-0.956782
1.564000	0.936107
1.565000	-0.055380
1.566000	0.305144
1.567000	0.755937
1.568000	0.124974
1.569000	1.206550
1.570000	0.936107
1.571000	1.026190
1.572000	2.558560
1.573000	1.657150
1.574000	2.828990
1.575000	2.558560
1.576000	2.558560
1.577000	3.730400
1.578000	3.189520
1.579000	3.279600
1.580000	3.550040
1.581000	3.459960
1.582000	3.820480
1.583000	4.721880
1.584000	4.271270
1.585000	4.721880
1.586000	4.631800
1.587000	4.721880
1.588000	4.631800
1.589000	5.262760
1.590000	5.893720
1.591000	5.713370
1.592000	5.803450
1.593000	5.713370
1.594000	5.803450
1.595000	6.975300
1.596000	6.524690
1.597000	7.876700
1.598000	6.885210
1.599000	5.623290
1.600000	5.893720
1.601000	5.442930
1.602000	6.524690
1.603000	8.147140
1.604000	9.318790
1.605000	11.121600
1.606000	11.121600
1.607000	10.761100
1.608000	10.851200
1.609000	8.868180
1.610000	9.679320
1.611000	10.400500
1.612000	10.400500
1.613000	12.293400
1.614000	11.932700
1.615000	12.473600
1.616000	11.842600
1.617000	10.220200
1.618000	9.859670
1.619000	9.318790
1.620000	9.228710
1.621000	10.851200
1.622000	11.121600
1.623000	12.744000
1.624000	12.924400
1.625000	13.194700
1.626000	12.563700
1.627000	11.662500
1.628000	11.752600
1.629000	11.932700
1.630000	12.023000
1.631000	13.825600
1.632000	14.006000
1.633000	15.177800
1.634000	15.538300
1.635000	14.727000
1.636000	14.096100
1.637000	13.375000
1.638000	14.456600
1.639000	14.997500
1.640000	15.448100
1.641000	15.898900
1.642000	14.636900
1.643000	14.096100
1.644000	12.924400
1.645000	11.752600
1.646000	12.023000
1.647000	12.293400
1.648000	13.465100
1.649000	15.267900
1.650000	15.808800
1.651000	16.890301
1.652000	17.160801
1.653000	14.456600
1.654000	15.448100
1.655000	15.538300
1.656000	15.898900
1.657000	15.628400
1.658000	14.186100
1.659000	12.203200
1.660000	11.842600
1.661000	10.670800
1.662000	11.121600
1.663000	8.687830
1.664000	11.211700
1.665000	11.932700
1.666000	9.859670
1.667000	17.250900
1.668000	5.172490
1.669000	6.254250
1.670000	-8.167630
1.671000	-12.674500
1.672000	-14.206800
1.673000	-12.674500
1.674000	-3.300280
1.675000	2.648640
1.676000	13.915900
1.677000	15.808800
1.678000	19.143801
1.679000	13.645400
1.680000	8.056870
1.681000	-0.325819
1.682000	-1.227220
1.683000	0.665668
1.684000	7.876700
1.685000	19.414200
1.686000	27.616501
1.687000	36.630199
1.688000	35.638699
1.689000	32.303699
1.690000	23.921000
1.691000	17.611401
1.692000	16.349501
1.693000	19.774700
1.694000	27.346300
1.695000	37.261101
1.696000	45.734100
1.697000	51.232399
1.698000	48.528400
1.699000	39.153999
1.700000	28.698299
1.701000	18.512800
1.702000	14.727000
1.703000	19.053699
1.704000	25.813900
1.705000	36.359901
1.706000	43.931301
1.707000	46.635502
1.708000	48.618500
1.709000	29.419300
1.710000	6.614770
1.711000	-11.683000
1.712000	-20.516399
1.713000	-22.138901
1.714000	-2.759400
1.715000	11.121600
1.716000	30.500900
1.717000	36.089500
1.718000	29.058800
1.719000	16.349501
1.720000	-8.708510
1.721000	-20.336100
1.722000	-30.882099
1.723000	-20.246000
1.724000	-7.086060
1.725000	13.465100
1.726000	26.084299
1.727000	31.041800
1.728000	19.954901
1.729000	3.820480
1.730000	-13.305400
1.731000	-24.392300
1.732000	-20.155899
1.733000	-12.494300
1.734000	5.262760
1.735000	11.662500
1.736000	30.410801
1.737000	21.577499
1.738000	13.284900
1.739000	0.755937
1.740000	-13.125200
1.741000	-17.542000
1.742000	-26.285200
1.743000	-12.223800
1.744000	0.395229
1.745000	24.912500
1.746000	17.881800
1.747000	12.113100
1.748000	-4.111600
1.749000	-18.533501
1.750000	-22.769899
1.751000	-14.477300
1.752000	-16.280100
1.753000	1.386900
1.754000	8.958270
1.755000	6.614770
1.756000	27.165899
1.757000	-1.497660
1.758000	16.259399
1.759000	-14.206800
1.760000	-11.592900
1.761000	-12.223800
1.762000	-8.708510
1.763000	2.288120
1.764000	-1.767910
1.765000	29.960199
1.766000	17.971901
1.767000	15.718500
1.768000	-0.235734
1.769000	0.305144
1.770000	-10.331000
1.771000	-12.494300
1.772000	-2.218710
1.773000	2.648640
1.774000	1.476980
1.775000	3.640310
1.776000	3.009350
1.777000	10.761100
1.778000	4.361360
1.779000	2.919080
1.780000	-15.018100
1.781000	-14.026600
1.782000	-20.155899
1.783000	-3.300280
1.784000	-3.751070
1.785000	10.851200
1.786000	15.988900
1.787000	12.834100
1.788000	0.936107
1.789000	2.648640
1.790000	-5.373520
1.791000	2.017680
1.792000	-5.463610
1.793000	1.026190
1.794000	9.138620
1.795000	14.276400
1.796000	20.135201
1.797000	7.155650
1.798000	9.589230
1.799000	6.344330
1.800000	-8.798590
1.801000	-2.218710
1.802000	-18.984100
1.803000	4.631800
1.804000	-4.832640
1.805000	5.713370
1.806000	2.558560
1.807000	2.468470
1.808000	-1.948270
1.809000	0.395229
1.810000	-8.167630
1.811000	-4.652290
1.812000	-13.125200
1.813000	1.837510
1.814000	-7.717020
1.815000	3.910570
1.816000	1.476980
1.817000	7.245730
1.818000	-1.227220
1.819000	3.279600
1.820000	-11.773200
1.821000	-2.669320
1.822000	-0.325819
1.823000	8.417390
1.824000	15.988900
1.825000	12.383500
1.826000	12.563700
1.827000	3.189520
1.828000	-0.325819
1.829000	-4.021330
1.830000	-0.596258
1.831000	-0.956782
1.832000	2.288120
1.833000	3.910570
1.834000	5.803450
1.835000	1.026190
1.836000	-2.218710
1.837000	-8.347980
1.838000	-0.866697
1.839000	-0.956782
1.840000	-4.832640
1.841000	-4.291770
1.842000	-16.730700
1.843000	10.490600
1.844000	-6.905700
1.845000	-0.235734
1.846000	-0.415904
1.847000	4.271270
1.848000	5.803450
1.849000	-2.669320
1.850000	-12.404200
1.851000	-2.579230
1.852000	-5.103080
1.853000	10.310300
1.854000	-5.283250
1.855000	-0.235734
1.856000	-1.948270
1.857000	6.434420
1.858000	-7.176140
1.859000	15.538300
1.860000	0.936107
1.861000	10.761100
1.862000	4.992320
1.863000	4.541530
1.864000	8.417390
1.865000	7.786430
1.866000	10.580700
1.867000	9.138620
1.868000	0.936107
1.869000	9.499150
1.870000	-4.021330
1.871000	3.189520
1.872000	-3.841160
1.873000	-1.767910
1.874000	-6.815620
1.875000	-5.103080
1.876000	-11.773200
1.877000	-3.210190
1.878000	-0.776428
1.879000	3.459960
1.880000	2.919080
1.881000	-0.686343
1.882000	-0.145465
1.883000	-8.978940
1.884000	-2.398880
1.885000	-5.643780
1.886000	0.575583
1.887000	2.107950
1.888000	7.245730
1.889000	4.811970
1.890000	5.713370
1.891000	1.657150
1.892000	7.606260
1.893000	1.927590
1.894000	6.885210
1.895000	2.738910
1.896000	7.155650
1.897000	3.189520
1.898000	5.893720
1.899000	1.476980
1.900000	-0.415904
1.901000	-8.347980
1.902000	-7.536660
1.903000	-9.790080
1.904000	-6.635450
1.905000	-4.021330
1.906000	2.558560
1.907000	3.279600
1.908000	2.919080
1.909000	1.206550
1.910000	-1.767910
1.911000	-2.398880
1.912000	-4.562200
1.913000	-4.922730
1.914000	-1.858180
1.915000	1.026190
1.916000	5.442930
1.917000	5.893720
1.918000	7.606260
1.919000	5.442930
1.920000	1.927590
1.921000	3.640310
1.922000	-0.596258
1.923000	3.369870
1.924000	2.648640
1.925000	7.245730
1.926000	3.910570
1.927000	6.344330
1.928000	1.206550
1.929000	-0.325819
1.930000	-2.308790
1.931000	-5.283250
1.932000	-4.382030
1.933000	-1.948270
1.934000	1.026190
1.935000	3.730400
1.936000	4.451440
1.937000	3.730400
1.938000	2.017680
1.939000	-1.767910
1.940000	-3.751070
1.941000	-8.077540
1.942000	-4.652290
1.943000	-3.931240
1.944000	-4.201680
1.945000	1.116460
1.946000	-0.235734
1.947000	3.279600
1.948000	2.648640
1.949000	1.026190
1.950000	-3.029840
1.951000	-5.463610
1.952000	-5.193170
1.953000	-5.914210
1.954000	-3.480630
1.955000	-3.210190
1.956000	-0.325819
1.957000	-2.759400
1.958000	-3.390360
1.959000	-4.832640
1.960000	-5.103080
1.961000	-7.717020
1.962000	-6.274740
1.963000	-0.325819
1.964000	-1.587740
1.965000	-0.415904
1.966000	-4.562200
1.967000	-3.120110
1.968000	-9.069030
1.969000	-8.347980
1.970000	-8.438070
1.971000	-10.421000
1.972000	-5.463610
1.973000	-5.824130
1.974000	-1.767910
1.975000	-1.767910
1.976000	-3.660800
1.977000	-2.759400
1.978000	-4.382030
1.979000	-4.922730
1.980000	-7.176140
1.981000	-6.815620
1.982000	-6.455090
1.983000	-8.438070
1.984000	-4.021330
1.985000	-9.880350
1.986000	-8.167630
1.987000	-10.601400
1.988000	-11.412500
1.989000	-10.871800
1.990000	-13.756200
1.991000	-11.322400
1.992000	-10.331000
1.993000	-11.052000
1.994000	-14.116700
1.995000	-11.232400
1.996000	-17.271500
1.997000	-15.018100
1.998000	-21.507900
1.999000	-20.155899
2.000000	-19.975599
2.001000	-18.443199
2.002000	-14.477300
2.003000	-12.404200
2.004000	-10.060500
2.005000	-7.086060
2.006000	-1.407390
2.007000	6.794940
2.008000	19.774700
2.009000	22.028099
2.010000	20.495800
2.011000	14.636900
2.012000	21.216801
2.013000	5.983810
2.014000	3.820480
2.015000	-6.545180
2.016000	9.228710
2.017000	8.237220
2.018000	9.679320
2.019000	7.876700
2.020000	3.459960
2.021000	10.310300
2.022000	-4.201680
2.023000	-6.725530
2.024000	-25.203400
2.025000	-24.482401
2.026000	-27.637199
2.027000	-12.223800
2.028000	6.344330
2.029000	-8.347980
2.030000	-41.428101
2.031000	-40.256302
2.032000	-41.338001
2.033000	-24.662701
2.034000	-13.305400
2.035000	2.738910
2.036000	8.327310
2.037000	2.558560
2.038000	-4.562200
2.039000	-28.358299
2.040000	-26.645700
2.041000	-38.904301
2.042000	-23.310699
2.043000	-18.713600
2.044000	0.846022
2.045000	11.572200
2.046000	17.431200
2.047000	12.203200
2.048000	2.017680
2.049000	-6.905700
2.050000	-17.992599
2.051000	-15.378700
2.052000	-14.837800
2.053000	3.189520
2.054000	6.704860
2.055000	16.349501
2.056000	12.563700
2.057000	0.305144
2.058000	-9.970430
2.059000	-21.688299
2.060000	-27.457001
2.061000	-24.482401
2.062000	-10.331000
2.063000	11.392000
2.064000	18.152300
2.065000	-1.497660
2.066000	-4.021330
2.067000	-8.708510
2.068000	-5.463610
2.069000	-7.086060
2.070000	-2.939760
2.071000	-0.235734
2.072000	-0.505989
2.073000	2.468470
2.074000	-2.398880
2.075000	1.567070
2.076000	-3.570720
2.077000	-1.136950
2.078000	-3.570720
2.079000	3.730400
2.080000	3.550040
2.081000	8.147140
2.082000	5.893720
2.083000	4.090920
2.084000	3.550040
2.085000	1.026190
2.086000	7.876700
2.087000	-0.956782
2.088000	-8.618420
2.089000	-18.082701
2.090000	-13.575900
2.091000	-1.858180
2.092000	4.541530
2.093000	12.473600
2.094000	14.186100
2.095000	6.073890
2.096000	2.558560
2.097000	-10.150800
2.098000	-12.494300
2.099000	-12.854800
2.100000	-6.455090
2.101000	1.567070
2.102000	8.778100
2.103000	14.276400
2.104000	20.405701
2.105000	16.169300
2.106000	10.130100
2.107000	-3.570720
2.108000	-6.635450
2.109000	-6.094570
2.110000	3.189520
2.111000	10.310300
2.112000	16.619900
2.113000	17.160801
2.114000	13.194700
2.115000	4.361360
2.116000	-6.094570
2.117000	-10.691500
2.118000	-15.649100
2.119000	-7.807100
2.120000	-1.136950
2.121000	7.696340
2.122000	13.465100
2.123000	10.580700
2.124000	4.902050
2.125000	-0.956782
2.126000	-6.274740
2.127000	-9.069030
2.128000	-7.897190
2.129000	-4.922730
2.130000	0.755937
2.131000	5.983810
2.132000	8.056870
2.133000	8.237220
2.134000	4.631800
2.135000	0.846022
2.136000	-0.956782
2.137000	-0.235734
2.138000	1.837510
2.139000	7.335820
2.140000	10.310300
2.141000	13.104600
2.142000	11.392000
2.143000	6.704860
2.144000	-0.956782
2.145000	-3.480630
2.146000	-9.159110
2.147000	-6.184650
2.148000	-3.660800
2.149000	0.124974
2.150000	4.090920
2.151000	5.713370
2.152000	7.516170
2.153000	4.541530
2.154000	0.215059
2.155000	-3.931240
2.156000	-5.643780
2.157000	-4.382030
2.158000	-2.939760
2.159000	7.606260
2.160000	17.341000
2.161000	13.645400
2.162000	16.529800
2.163000	12.383500
2.164000	12.924400
2.165000	1.837510
2.166000	2.468470
2.167000	-1.497660
2.168000	3.009350
2.169000	4.000840
2.170000	14.276400
2.171000	13.555200
2.172000	12.473600
2.173000	11.662500
2.174000	3.189520
2.175000	-1.948270
2.176000	-7.086060
2.177000	-9.519820
2.178000	-2.759400
2.179000	-2.128440
2.180000	3.910570
2.181000	5.623290
2.182000	3.730400
2.183000	2.288120
2.184000	-4.291770
2.185000	-8.077540
2.186000	-12.584400
2.187000	-12.494300
2.188000	-6.365010
2.189000	-1.587740
2.190000	4.271270
2.191000	6.344330
2.192000	7.786430
2.193000	6.163980
2.194000	3.189520
2.195000	-0.055380
2.196000	-0.866697
2.197000	0.665668
2.198000	3.550040
2.199000	9.859670
2.200000	10.941200
2.201000	13.825600
2.202000	10.490600
2.203000	7.245730
2.204000	2.828990
2.205000	-3.029840
2.206000	-2.579230
2.207000	-2.038350
2.208000	2.198030
2.209000	6.434420
2.210000	6.524690
2.211000	6.254250
2.212000	2.107950
2.213000	-1.497660
2.214000	-5.463610
2.215000	-9.069030
2.216000	-9.069030
2.217000	-6.094570
2.218000	-2.128440
2.219000	2.468470
2.220000	5.352850
2.221000	6.614770
2.222000	5.172490
2.223000	1.927590
2.224000	0.936107
2.225000	-1.407390
2.226000	-0.686343
2.227000	1.927590
2.228000	4.090920
2.229000	7.696340
2.230000	9.048350
2.231000	9.138620
2.232000	8.868180
2.233000	4.451440
2.234000	2.107950
2.235000	-0.145465
2.236000	-0.415904
2.237000	2.198030
2.238000	2.919080
2.239000	6.885210
2.240000	6.254250
2.241000	4.992320
2.242000	2.648640
2.243000	-3.570720
2.244000	-4.382030
2.245000	-6.365010
2.246000	-5.373520
2.247000	-2.398880
2.248000	-0.235734
2.249000	2.738910
2.250000	4.090920
2.251000	2.468470
2.252000	2.198030
2.253000	-1.046870
2.254000	-1.407390
2.255000	-0.866697
2.256000	0.755937
2.257000	4.090920
2.258000	5.352850
2.259000	6.885210
2.260000	8.868180
2.261000	5.352850
2.262000	5.803450
2.263000	2.198030
2.264000	2.558560
2.265000	2.468470
2.266000	3.009350
2.267000	4.811970
2.268000	6.073890
2.269000	4.721880
2.270000	4.811970
2.271000	1.026190
2.272000	-0.055380
2.273000	-2.939760
2.274000	-4.652290
2.275000	-2.218710
2.276000	-1.858180
2.277000	1.386900
2.278000	1.747420
2.279000	1.747420
2.280000	2.468470
2.281000	-0.776428
2.282000	-1.858180
2.283000	-2.489150
2.284000	-2.669320
2.285000	0.395229
2.286000	1.116460
2.287000	3.369870
2.288000	5.262760
2.289000	3.820480
2.290000	3.910570
2.291000	0.936107
2.292000	-0.415904
2.293000	-0.776428
2.294000	0.395229
2.295000	3.009350
2.296000	4.000840
2.297000	4.721880
2.298000	4.721880
2.299000	1.657150
2.300000	-0.415904
2.301000	-2.759400
2.302000	-4.562200
2.303000	-2.939760
2.304000	-2.669320
2.305000	-0.415904
2.306000	1.206550
2.307000	1.747420
2.308000	2.198030
2.309000	-0.325819
2.310000	-1.767910
2.311000	-3.120110
2.312000	-4.742560
2.313000	-3.480630
2.314000	-3.841160
2.315000	-0.145465
2.316000	0.395229
2.317000	2.378390
2.318000	2.558560
2.319000	2.017680
2.320000	0.485498
2.321000	0.485498
2.322000	0.485498
2.323000	0.936107
2.324000	2.198030
2.325000	3.009350
2.326000	5.533020
2.327000	4.541530
2.328000	4.090920
2.329000	2.648640
2.330000	1.747420
2.331000	0.575583
2.332000	-1.046870
2.333000	0.034705
2.334000	-0.325819
2.335000	0.846022
2.336000	1.116460
2.337000	1.657150
2.338000	1.747420
2.339000	-0.325819
2.340000	-1.317310
2.341000	-2.579230
2.342000	-3.120110
2.343000	-2.579230
2.344000	-0.776428
2.345000	1.476980
2.346000	4.000840
2.347000	3.279600
2.348000	3.730400
2.349000	2.198030
2.350000	2.017680
2.351000	2.107950
2.352000	2.468470
2.353000	4.541530
2.354000	4.992320
2.355000	6.254250
2.356000	4.992320
2.357000	4.721880
2.358000	3.550040
2.359000	3.099430
2.360000	1.747420
2.361000	2.107950
2.362000	1.206550
2.363000	2.558560
2.364000	2.378390
2.365000	3.550040
2.366000	3.099430
2.367000	2.648640
2.368000	1.837510
2.369000	1.026190
2.370000	0.124974
2.371000	-0.235734
2.372000	-0.505989
2.373000	-0.325819
2.374000	1.026190
2.375000	1.476980
2.376000	3.369870
2.377000	1.837510
2.378000	2.558560
2.379000	2.288120
2.380000	1.747420
2.381000	3.189520
2.382000	1.386900
2.383000	3.459960
2.384000	2.558560
2.385000	2.288120
2.386000	3.189520
2.387000	2.198030
2.388000	1.747420
2.389000	2.558560
2.390000	1.386900
2.391000	1.026190
2.392000	1.567070
2.393000	0.485498
2.394000	2.468470
2.395000	1.386900
2.396000	3.189520
2.397000	1.657150
2.398000	1.116460
2.399000	1.026190
2.400000	-0.415904
2.401000	1.026190
2.402000	0.395229
2.403000	0.846022
2.404000	1.927590
2.405000	2.017680
2.406000	2.468470
2.407000	2.378390
2.408000	4.271270
2.409000	1.747420
2.410000	1.747420
2.411000	-0.415904
2.412000	2.288120
2.413000	1.927590
2.414000	3.459960
2.415000	3.910570
2.416000	3.099430
2.417000	2.288120
2.418000	-0.055380
2.419000	-1.767910
2.420000	-0.956782
2.421000	-1.767910
2.422000	-0.055380
2.423000	1.386900
2.424000	2.017680
2.425000	3.550040
2.426000	2.107950
2.427000	1.747420
2.428000	0.215059
2.429000	-1.587740
2.430000	-1.497660
2.431000	0.305144
2.432000	1.476980
2.433000	4.631800
2.434000	5.352850
2.435000	3.099430
2.436000	4.451440
2.437000	0.665668
2.438000	0.755937
2.439000	-0.956782
2.440000	-0.956782
2.441000	2.919080
2.442000	2.378390
2.443000	4.992320
2.444000	3.279600
2.445000	2.378390
2.446000	0.665668
2.447000	-1.227220
2.448000	-1.227220
2.449000	-1.587740
2.450000	-0.055380
2.451000	0.124974
2.452000	1.026190
2.453000	-1.497660
2.454000	0.305144
2.455000	-1.587740
2.456000	2.378390
2.457000	1.026190
2.458000	2.558560
2.459000	0.665668
2.460000	0.936107
2.461000	-0.145465
2.462000	-0.325819
2.463000	0.485498
2.464000	0.665668
2.465000	4.361360
2.466000	3.279600
2.467000	4.000840
2.468000	2.558560
2.469000	2.378390
2.470000	1.026190
2.471000	0.485498
2.472000	1.296630
2.473000	2.017680
2.474000	2.919080
2.475000	1.927590
2.476000	3.730400
2.477000	1.116460
2.478000	1.837510
2.479000	-0.325819
2.480000	-0.235734
2.481000	-0.145465
2.482000	-1.948270
2.483000	-0.145465
2.484000	-1.407390
2.485000	0.124974
2.486000	-0.956782
2.487000	0.034705
2.488000	-0.866697
2.489000	-0.325819
2.490000	-0.415904
2.491000	0.395229
2.492000	0.846022
2.493000	0.755937
2.494000	2.198030
2.495000	1.026190
2.496000	2.198030
2.497000	1.026190
2.498000	2.017680
2.499000	2.378390
2.500000	-0.235734
2.501000	2.919080
2.502000	11.031500
2.503000	1.837510
2.504000	7.966780
2.505000	-1.948270
2.506000	-7.626930
2.507000	-4.021330
2.508000	-5.824130
2.509000	3.009350
2.510000	13.104600
2.511000	13.915900
2.512000	19.504299
2.513000	20.585899
2.514000	8.597740
2.515000	9.589230
2.516000	-0.596258
2.517000	-8.257900
2.518000	-11.502800
2.519000	-1.677830
2.520000	-1.317310
2.521000	5.893720
2.522000	13.284900
2.523000	14.727000
2.524000	10.400500
2.525000	-1.677830
2.526000	-1.317310
2.527000	-16.189800
2.528000	0.485498
2.529000	-18.443199
2.530000	2.017680
2.531000	-2.849670
2.532000	3.189520
2.533000	3.820480
2.534000	0.215059
2.535000	-9.609910
2.536000	-5.824130
2.537000	-12.223800
2.538000	-6.545180
2.539000	3.640310
2.540000	1.026190
2.541000	27.706800
2.542000	16.709999
2.543000	25.543501
2.544000	14.096100
2.545000	8.687830
2.546000	6.254250
2.547000	-5.553690
2.548000	1.567070
2.549000	-3.300280
2.550000	1.567070
2.551000	-0.235734
2.552000	-1.497660
2.553000	-8.347980
2.554000	-6.635450
2.555000	-13.665900
2.556000	-11.232400
2.557000	-11.412500
2.558000	-13.395700
2.559000	-3.480630
2.560000	-8.528150
2.561000	1.476980
2.562000	-3.029840
2.563000	0.215059
2.564000	0.034705
2.565000	0.395229
2.566000	4.090920
2.567000	2.017680
2.568000	4.631800
2.569000	8.687830
2.570000	8.417390
2.571000	13.735500
2.572000	5.713370
2.573000	8.778100
2.574000	-0.235734
2.575000	0.755937
2.576000	-3.029840
2.577000	-6.184650
2.578000	-1.858180
2.579000	-8.077540
2.580000	1.386900
2.581000	-6.635450
2.582000	-1.948270
2.583000	-7.987460
2.584000	-5.643780
2.585000	-7.626930
2.586000	-6.995970
2.587000	-1.136950
2.588000	-1.136950
2.589000	3.820480
2.590000	2.648640
2.591000	6.163980
2.592000	4.451440
2.593000	4.721880
2.594000	4.361360
2.595000	4.631800
2.596000	6.073890
2.597000	5.262760
2.598000	5.713370
2.599000	5.803450
2.600000	8.417390
2.601000	7.516170
2.602000	6.704860
2.603000	5.442930
2.604000	2.919080
2.605000	1.116460
2.606000	-2.128440
2.607000	-1.497660
2.608000	-2.308790
2.609000	-1.497660
2.610000	-0.145465
2.611000	-1.046870
2.612000	-2.849670
2.613000	-2.939760
2.614000	-4.832640
2.615000	-3.300280
2.616000	-3.931240
2.617000	-0.956782
2.618000	2.468470
2.619000	3.730400
2.620000	6.163980
2.621000	3.820480
2.622000	3.279600
2.623000	2.107950
2.624000	1.026190
2.625000	2.738910
2.626000	3.189520
2.627000	6.524690
2.628000	6.704860
2.629000	7.696340
2.630000	4.721880
2.631000	2.107950
2.632000	-0.145465
2.633000	-2.038350
2.634000	-1.948270
2.635000	-0.686343
2.636000	1.116460
2.637000	3.189520
2.638000	4.271270
2.639000	4.811970
2.640000	3.279600
2.641000	2.198030
2.642000	1.026190
2.643000	0.215059
2.644000	0.034705
2.645000	-0.055380
2.646000	0.846022
2.647000	1.026190
2.648000	0.936107
2.649000	0.395229
2.650000	-0.235734
2.651000	-0.956782
2.652000	-1.317310
2.653000	-0.776428
2.654000	-0.235734
2.655000	1.026190
2.656000	2.738910
2.657000	4.271270
2.658000	5.623290
2.659000	5.262760
2.660000	5.442930
2.661000	4.090920
2.662000	3.730400
2.663000	2.558560
2.664000	2.919080
2.665000	3.640310
2.666000	4.451440
2.667000	5.983810
2.668000	5.082410
2.669000	5.533020
2.670000	3.730400
2.671000	3.009350
2.672000	1.206550
2.673000	0.124974
2.674000	-0.415904
2.675000	-0.145465
2.676000	0.305144
2.677000	0.395229
2.678000	0.034705
2.679000	0.124974
2.680000	-0.596258
2.681000	0.215059
2.682000	0.575583
2.683000	2.107950
2.684000	4.271270
2.685000	6.524690
2.686000	8.147140
2.687000	8.327310
2.688000	7.516170
2.689000	5.893720
2.690000	4.181010
2.691000	3.189520
2.692000	2.198030
2.693000	3.009350
2.694000	3.820480
2.695000	4.992320
2.696000	5.893720
2.697000	4.992320
2.698000	4.631800
2.699000	3.189520
2.700000	1.567070
2.701000	0.215059
2.702000	-0.415904
2.703000	-0.866697
2.704000	-0.415904
2.705000	-0.235734
2.706000	-0.145465
2.707000	0.034705
2.708000	-0.776428
2.709000	-1.858180
2.710000	-2.398880
2.711000	-3.029840
2.712000	-2.398880
2.713000	-1.317310
2.714000	0.215059
2.715000	1.026190
2.716000	2.738910
2.717000	3.099430
2.718000	2.468470
2.719000	1.567070
2.720000	-0.145465
2.721000	-0.776428
2.722000	-1.227220
2.723000	-0.776428
2.724000	-0.145465
2.725000	0.215059
2.726000	0.485498
2.727000	0.305144
2.728000	-0.235734
2.729000	-1.407390
2.730000	-2.218710
2.731000	-3.120110
2.732000	-2.218710
2.733000	-2.128440
2.734000	-0.776428
2.735000	-0.505989
2.736000	-0.235734
2.737000	-0.055380
2.738000	-0.325819
2.739000	-0.145465
2.740000	0.215059
2.741000	1.206550
2.742000	2.378390
2.743000	3.640310
2.744000	4.181010
2.745000	4.361360
2.746000	3.640310
2.747000	2.828990
2.748000	1.837510
2.749000	1.116460
2.750000	0.124974
2.751000	-0.235734
2.752000	-0.505989
2.753000	-0.866697
2.754000	-0.956782
2.755000	-1.136950
2.756000	-1.317310
2.757000	-1.767910
2.758000	-2.489150
2.759000	-2.218710
2.760000	-2.489150
2.761000	-1.497660
2.762000	-0.866697
2.763000	0.034705
2.764000	0.485498
2.765000	0.936107
2.766000	1.026190
2.767000	0.575583
2.768000	0.395229
2.769000	0.395229
2.770000	0.755937
2.771000	1.476980
2.772000	2.017680
2.773000	2.919080
2.774000	3.189520
2.775000	2.828990
2.776000	2.648640
2.777000	1.747420
2.778000	1.386900
2.779000	1.116460
2.780000	1.296630
2.781000	1.026190
2.782000	1.116460
2.783000	0.936107
2.784000	0.575583
2.785000	0.305144
2.786000	-0.415904
2.787000	-0.505989
2.788000	-0.325819
2.789000	-0.145465
2.790000	0.665668
2.791000	0.936107
2.792000	1.206550
2.793000	1.206550
2.794000	1.206550
2.795000	0.936107
2.796000	0.124974
2.797000	0.215059
2.798000	0.215059
2.799000	0.485498
2.800000	1.026190
2.801000	1.927590
2.802000	2.468470
2.803000	3.009350
2.804000	3.009350
2.805000	3.459960
2.806000	3.640310
2.807000	3.730400
2.808000	4.000840
2.809000	3.550040
2.810000	4.271270
2.811000	3.820480
2.812000	4.000840
2.813000	3.640310
2.814000	2.828990
2.815000	3.099430
2.816000	1.747420
2.817000	1.476980
2.818000	0.665668
2.819000	1.026190
2.820000	0.485498
2.821000	0.755937
2.822000	0.305144
2.823000	0.305144
2.824000	0.305144
2.825000	0.305144
2.826000	-0.145465
2.827000	0.846022
2.828000	0.395229
2.829000	1.206550
2.830000	1.296630
2.831000	2.648640
2.832000	3.459960
2.833000	4.090920
2.834000	4.721880
2.835000	5.533020
2.836000	5.533020
2.837000	6.073890
2.838000	5.533020
2.839000	5.082410
2.840000	4.721880
2.841000	4.181010
2.842000	4.451440
2.843000	3.730400
2.844000	3.820480
2.845000	3.369870
2.846000	3.009350
2.847000	2.558560
2.848000	2.378390
2.849000	1.837510
2.850000	1.386900
2.851000	0.755937
2.852000	1.026190
2.853000	0.575583
2.854000	1.026190
2.855000	0.755937
2.856000	1.296630
2.857000	1.296630
2.858000	1.476980
2.859000	1.386900
2.860000	1.837510
2.861000	1.657150
2.862000	2.738910
2.863000	2.648640
2.864000	3.099430
2.865000	3.009350
2.866000	3.189520
2.867000	3.279600
2.868000	2.828990
2.869000	2.558560
2.870000	2.378390
2.871000	2.107950
2.872000	1.837510
2.873000	1.206550
2.874000	0.395229
2.875000	0.124974
2.876000	-0.505989
2.877000	-0.776428
2.878000	-1.407390
2.879000	-1.136950
2.880000	-1.497660
2.881000	-1.497660
2.882000	-2.038350
2.883000	-2.038350
2.884000	-2.218710
2.885000	-1.767910
2.886000	-1.317310
2.887000	-0.415904
2.888000	0.034705
2.889000	1.116460
2.890000	1.296630
2.891000	1.296630
2.892000	1.296630
2.893000	0.846022
2.894000	0.485498
2.895000	0.665668
2.896000	0.846022
2.897000	1.386900
2.898000	1.567070
2.899000	1.837510
2.900000	1.837510
2.901000	1.747420
2.902000	1.476980
2.903000	0.755937
2.904000	0.665668
2.905000	-0.055380
2.906000	0.395229
2.907000	0.124974
2.908000	0.846022
2.909000	0.575583
2.910000	0.755937
2.911000	0.124974
2.912000	0.124974
2.913000	-0.505989
2.914000	-0.325819
2.915000	-0.596258
2.916000	0.485498
2.917000	0.124974
2.918000	1.026190
2.919000	1.116460
2.920000	0.936107
2.921000	0.936107
2.922000	0.846022
2.923000	0.305144
2.924000	0.575583
2.925000	0.846022
2.926000	1.386900
2.927000	2.017680
2.928000	2.558560
2.929000	3.189520
2.930000	2.919080
2.931000	3.279600
2.932000	2.378390
2.933000	2.288120
2.934000	1.567070
2.935000	1.657150
2.936000	0.846022
2.937000	0.575583
2.938000	0.034705
2.939000	-0.596258
2.940000	-1.227220
2.941000	-1.677830
2.942000	-1.858180
2.943000	-1.677830
2.944000	-1.407390
2.945000	-0.956782
2.946000	-0.686343
2.947000	-0.235734
2.948000	0.124974
2.949000	0.305144
2.950000	0.575583
2.951000	0.665668
2.952000	1.206550
2.953000	1.567070
2.954000	2.017680
2.955000	2.558560
2.956000	2.828990
2.957000	3.099430
2.958000	3.279600
2.959000	3.099430
2.960000	3.099430
2.961000	2.378390
2.962000	2.288120
2.963000	1.927590
2.964000	1.657150
2.965000	1.567070
2.966000	1.116460
2.967000	0.575583
2.968000	0.124974
2.969000	-0.596258
2.970000	-0.596258
2.971000	-0.776428
2.972000	-0.235734
2.973000	0.124974
2.974000	0.936107
2.975000	1.296630
2.976000	1.657150
2.977000	2.017680
2.978000	2.017680
2.979000	2.107950
2.980000	2.288120
2.981000	2.468470
2.982000	2.828990
2.983000	2.919080
2.984000	3.189520
2.985000	3.459960
2.986000	3.459960
2.987000	3.369870
2.988000	2.919080
2.989000	2.648640
2.990000	2.468470
2.991000	2.378390
2.992000	2.468470
2.993000	2.378390
2.994000	2.288120
2.995000	2.107950
2.996000	1.657150
2.997000	1.296630
2.998000	0.755937
2.999000	0.575583
3.000000	0.485498
3.001000	0.395229
3.002000	1.206550
3.003000	1.206550
3.004000	2.017680
3.005000	2.017680
3.006000	2.468470
3.007000	2.378390
3.008000	2.738910
3.009000	2.738910
3.010000	3.189520
3.011000	3.009350
3.012000	3.099430
3.013000	2.738910
3.014000	3.009350
3.015000	2.828990
3.016000	2.919080
3.017000	2.828990
3.018000	2.828990
3.019000	3.189520
3.020000	3.099430
3.021000	3.099430
3.022000	3.009350
3.023000	2.468470
3.024000	2.017680
3.025000	1.476980
3.026000	1.116460
3.027000	0.846022
3.028000	0.846022
3.029000	0.755937
3.030000	0.485498
3.031000	0.395229
3.032000	0.034705
3.033000	0.034705
3.034000	-0.235734
3.035000	0.305144
3.036000	0.575583
3.037000	1.026190
3.038000	1.026190
3.039000	1.567070
3.040000	1.296630
3.041000	1.296630
3.042000	1.026190
3.043000	0.936107
3.044000	0.936107
3.045000	1.116460
3.046000	1.026190
3.047000	1.206550
3.048000	1.206550
3.049000	1.837510
3.050000	1.567070
3.051000	1.476980
3.052000	1.116460
3.053000	0.846022
3.054000	0.846022
3.055000	0.485498
3.056000	0.395229
3.057000	0.215059
3.058000	-0.055380
3.059000	-0.145465
3.060000	-0.505989
3.061000	-0.415904
3.062000	-0.415904
3.063000	-0.235734
3.064000	0.395229
3.065000	0.665668
3.066000	1.026190
3.067000	1.206550
3.068000	1.386900
3.069000	1.386900
3.070000	1.386900
3.071000	1.567070
3.072000	1.747420
3.073000	1.747420
3.074000	2.198030
3.075000	2.288120
3.076000	2.198030
3.077000	2.198030
3.078000	2.107950
3.079000	1.747420
3.080000	1.567070
3.081000	1.386900
3.082000	1.476980
3.083000	1.026190
3.084000	1.116460
3.085000	0.485498
3.086000	0.215059
3.087000	-0.505989
3.088000	-0.866697
3.089000	-1.317310
3.090000	-1.407390
3.091000	-1.317310
3.092000	-0.956782
3.093000	-0.415904
3.094000	-0.055380
3.095000	0.215059
3.096000	0.395229
3.097000	0.485498
3.098000	0.755937
3.099000	0.846022
3.100000	1.206550
3.101000	1.657150
3.102000	2.198030
3.103000	2.468470
3.104000	2.378390
3.105000	2.378390
3.106000	2.198030
3.107000	1.837510
3.108000	1.747420
3.109000	1.657150
3.110000	1.747420
3.111000	1.837510
3.112000	1.747420
3.113000	1.657150
3.114000	1.116460
3.115000	1.026190
3.116000	0.485498
3.117000	0.215059
3.118000	-0.055380
3.119000	0.124974
3.120000	0.124974
3.121000	0.575583
3.122000	0.485498
3.123000	0.665668
3.124000	0.395229
3.125000	0.665668
3.126000	0.665668
3.127000	0.755937
3.128000	1.116460
3.129000	1.657150
3.130000	1.747420
3.131000	2.198030
3.132000	2.107950
3.133000	2.107950
3.134000	2.198030
3.135000	2.107950
3.136000	2.107950
3.137000	2.198030
3.138000	2.468470
3.139000	2.378390
3.140000	2.468470
3.141000	2.378390
3.142000	2.198030
3.143000	1.747420
3.144000	1.476980
3.145000	1.296630
3.146000	1.026190
3.147000	1.026190
3.148000	1.206550
3.149000	1.026190
3.150000	1.026190
3.151000	0.665668
3.152000	0.485498
3.153000	0.305144
3.154000	0.485498
3.155000	0.755937
3.156000	1.116460
3.157000	1.476980
3.158000	2.198030
3.159000	2.288120
3.160000	2.648640
3.161000	2.558560
3.162000	2.468470
3.163000	2.738910
3.164000	2.648640
3.165000	3.009350
3.166000	2.919080
3.167000	3.099430
3.168000	3.099430
3.169000	2.919080
3.170000	2.738910
3.171000	2.198030
3.172000	2.107950
3.173000	1.567070
3.174000	1.476980
3.175000	1.567070
3.176000	1.476980
3.177000	1.567070
3.178000	1.567070
3.179000	1.116460
3.180000	1.026190
3.181000	0.575583
3.182000	0.485498
3.183000	0.575583
3.184000	0.755937
3.185000	1.116460
3.186000	1.206550
3.187000	1.476980
3.188000	1.567070
3.189000	1.657150
3.190000	1.567070
3.191000	1.657150
3.192000	1.657150
3.193000	1.747420
3.194000	1.657150
3.195000	1.747420
3.196000	1.747420
3.197000	1.657150
3.198000	1.657150
3.199000	1.567070
3.200000	1.476980
3.201000	1.476980
3.202000	1.476980
3.203000	1.386900
3.204000	1.476980
3.205000	1.386900
3.206000	1.206550
3.207000	1.026190
3.208000	0.755937
3.209000	0.485498
3.210000	0.305144
3.211000	0.124974
3.212000	0.124974
3.213000	0.124974
3.214000	0.034705
3.215000	0.305144
3.216000	0.305144
3.217000	0.305144
3.218000	0.485498
3.219000	0.575583
3.220000	0.755937
3.221000	0.846022
3.222000	1.296630
3.223000	1.206550
3.224000	1.476980
3.225000	1.476980
3.226000	1.567070
3.227000	1.476980
3.228000	1.567070
3.229000	1.747420
3.230000	1.747420
3.231000	2.017680
3.232000	1.837510
3.233000	1.837510
3.234000	1.476980
3.235000	1.116460
3.236000	1.026190
3.237000	0.846022
3.238000	0.846022
3.239000	0.846022
3.240000	0.846022
3.241000	0.665668
3.242000	0.665668
3.243000	0.575583
3.244000	0.395229
3.245000	0.395229
3.246000	0.395229
3.247000	0.575583
3.248000	0.936107
3.249000	1.206550
3.250000	1.296630
3.251000	1.296630
3.252000	1.567070
3.253000	1.386900
3.254000	1.296630
3.255000	1.386900
3.256000	1.476980
3.257000	1.567070
3.258000	1.567070
3.259000	1.476980
3.260000	1.476980
3.261000	1.296630
3.262000	0.936107
3.263000	0.665668
3.264000	0.575583
3.265000	0.485498
3.266000	0.485498
3.267000	0.665668
3.268000	0.665668
3.269000	0.755937
3.270000	0.665668
3.271000	0.485498
3.272000	0.305144
3.273000	0.305144
3.274000	0.305144
3.275000	0.485498
3.276000	0.846022
3.277000	1.206550
3.278000	1.476980
3.279000	1.567070
3.280000	1.657150
3.281000	1.657150
3.282000	1.567070
3.283000	1.657150
3.284000	1.747420
3.285000	2.017680
3.286000	2.288120
3.287000	2.378390
3.288000	2.378390
3.289000	2.107950
3.290000	1.567070
3.291000	1.386900
3.292000	1.026190
3.293000	1.116460
3.294000	1.296630
3.295000	1.476980
3.296000	1.747420
3.297000	1.747420
3.298000	1.476980
3.299000	1.386900
3.300000	0.936107
3.301000	0.755937
3.302000	0.665668
3.303000	0.755937
3.304000	1.116460
3.305000	1.296630
3.306000	1.567070
3.307000	1.476980
3.308000	1.476980
3.309000	1.476980
3.310000	1.296630
3.311000	1.296630
3.312000	1.476980
3.313000	1.657150
3.314000	1.837510
3.315000	2.017680
3.316000	1.927590
3.317000	1.657150
3.318000	1.476980
3.319000	1.206550
3.320000	1.116460
3.321000	1.206550
3.322000	1.386900
3.323000	1.657150
3.324000	1.837510
3.325000	1.927590
3.326000	1.837510
3.327000	1.567070
3.328000	1.567070
3.329000	1.476980
3.330000	1.386900
3.331000	1.386900
3.332000	1.476980
3.333000	1.567070
3.334000	1.657150
3.335000	1.657150
3.336000	1.567070
3.337000	1.386900
3.338000	1.296630
3.339000	1.206550
3.340000	1.386900
3.341000	1.476980
3.342000	1.657150
3.343000	1.657150
3.344000	1.657150
3.345000	1.476980
3.346000	1.476980
3.347000	1.296630
3.348000	1.296630
3.349000	1.296630
3.350000	1.386900
3.351000	1.476980
3.352000	1.476980
3.353000	1.476980
3.354000	1.386900
3.355000	1.206550
3.356000	1.026190
3.357000	0.936107
3.358000	0.936107
3.359000	0.936107
3.360000	0.936107
3.361000	1.116460
3.362000	1.116460
3.363000	0.936107
3.364000	0.846022
3.365000	0.936107
3.366000	0.846022
3.367000	1.026190
3.368000	1.296630
3.369000	1.476980
3.370000	1.567070
3.371000	1.657150
3.372000	1.657150
3.373000	1.476980
3.374000	1.386900
3.375000	1.386900
3.376000	1.296630
3.377000	1.476980
3.378000	1.386900
3.379000	1.476980
3.380000	1.386900
3.381000	1.296630
3.382000	1.026190
3.383000	0.755937
3.384000	0.755937
3.385000	0.936107
3.386000	0.846022
3.387000	1.026190
3.388000	1.116460
3.389000	1.296630
3.390000	1.116460
3.391000	1.116460
3.392000	1.026190
3.393000	1.296630
3.394000	1.296630
3.395000	1.476980
3.396000	1.567070
3.397000	1.657150
3.398000	1.837510
3.399000	1.837510
3.400000	1.747420
3.401000	1.657150
3.402000	1.567070
3.403000	1.657150
3.404000	1.657150
3.405000	1.657150
3.406000	1.657150
3.407000	1.386900
3.408000	1.386900
3.409000	1.026190
3.410000	0.846022
3.411000	0.755937
3.412000	0.665668
3.413000	0.665668
3.414000	0.755937
3.415000	0.846022
3.416000	1.026190
3.417000	0.846022
3.418000	0.665668
3.419000	0.305144
3.420000	0.395229
3.421000	0.395229
3.422000	0.575583
3.423000	0.665668
3.424000	0.755937
3.425000	0.936107
3.426000	0.846022
3.427000	0.846022
3.428000	0.846022
3.429000	0.936107
3.430000	0.846022
3.431000	1.026190
3.432000	1.296630
3.433000	1.567070
3.434000	1.837510
3.435000	1.567070
3.436000	1.567070
3.437000	1.296630
3.438000	1.116460
3.439000	0.846022
3.440000	0.846022
3.441000	0.846022
3.442000	1.116460
3.443000	1.206550
3.444000	1.296630
3.445000	1.206550
3.446000	1.116460
3.447000	0.936107
3.448000	0.755937
3.449000	0.665668
3.450000	0.846022
3.451000	0.936107
3.452000	1.026190
3.453000	1.296630
3.454000	1.296630
3.455000	1.476980
3.456000	1.296630
3.457000	1.206550
3.458000	1.386900
3.459000	1.476980
3.460000	1.837510
3.461000	1.837510
3.462000	2.017680
3.463000	2.017680
3.464000	2.198030
3.465000	1.927590
3.466000	1.837510
3.467000	1.747420
3.468000	1.567070
3.469000	1.567070
3.470000	1.476980
3.471000	1.747420
3.472000	1.657150
3.473000	1.567070
3.474000	1.206550
3.475000	1.206550
3.476000	0.936107
3.477000	0.846022
3.478000	0.936107
3.479000	0.936107
3.480000	1.026190
3.481000	1.026190
3.482000	1.026190
3.483000	0.936107
3.484000	0.936107
3.485000	0.936107
3.486000	0.936107
3.487000	1.386900
3.488000	1.296630
3.489000	1.567070
3.490000	1.657150
3.491000	1.657150
3.492000	1.837510
3.493000	1.837510
3.494000	1.837510
3.495000	1.837510
3.496000	1.927590
3.497000	2.198030
3.498000	2.198030
3.499000	2.378390
