-0.500000	0.246216
-0.499000	0.255263
-0.498000	0.246216
-0.497000	0.246216
-0.496000	0.246216
-0.495000	0.255263
-0.494000	0.255263
-0.493000	0.237188
-0.492000	0.255263
-0.491000	0.246216
-0.490000	0.255263
-0.489000	0.246216
-0.488000	0.255263
-0.487000	0.246216
-0.486000	0.255263
-0.485000	0.246216
-0.484000	0.255263
-0.483000	0.246216
-0.482000	0.246216
-0.481000	0.255263
-0.480000	0.255263
-0.479000	0.255263
-0.478000	0.246216
-0.477000	0.255263
-0.476000	0.255263
-0.475000	0.255263
-0.474000	0.246216
-0.473000	0.255263
-0.472000	0.246216
-0.471000	0.246216
-0.470000	0.246216
-0.469000	0.246216
-0.468000	0.255263
-0.467000	0.255263
-0.466000	0.246216
-0.465000	0.255263
-0.464000	0.255263
-0.463000	0.237188
-0.462000	0.246216
-0.461000	0.255263
-0.460000	0.246216
-0.459000	0.246216
-0.458000	0.246216
-0.457000	0.246216
-0.456000	0.246216
-0.455000	0.264291
-0.454000	0.246216
-0.453000	0.255263
-0.452000	0.255263
-0.451000	0.255263
-0.450000	0.246216
-0.449000	0.255263
-0.448000	0.255263
-0.447000	0.246216
-0.446000	0.246216
-0.445000	0.255263
-0.444000	0.246216
-0.443000	0.237188
-0.442000	0.246216
-0.441000	0.237188
-0.440000	0.255263
-0.439000	0.255263
-0.438000	0.255263
-0.437000	0.246216
-0.436000	0.237188
-0.435000	0.255263
-0.434000	0.255263
-0.433000	0.246216
-0.432000	0.228160
-0.431000	0.255263
-0.430000	0.237188
-0.429000	0.246216
-0.428000	0.246216
-0.427000	0.237188
-0.426000	0.255263
-0.425000	0.237188
-0.424000	0.255263
-0.423000	0.246216
-0.422000	0.237188
-0.421000	0.237188
-0.420000	0.246216
-0.419000	0.255263
-0.418000	0.246216
-0.417000	0.246216
-0.416000	0.246216
-0.415000	0.246216
-0.414000	0.246216
-0.413000	0.255263
-0.412000	0.237188
-0.411000	0.246216
-0.410000	0.246216
-0.409000	0.246216
-0.408000	0.246216
-0.407000	0.246216
-0.406000	0.255263
-0.405000	0.237188
-0.404000	0.237188
-0.403000	0.246216
-0.402000	0.246216
-0.401000	0.255263
-0.400000	0.255263
-0.399000	0.255263
-0.398000	0.246216
-0.397000	0.246216
-0.396000	0.246216
-0.395000	0.255263
-0.394000	0.255263
-0.393000	0.246216
-0.392000	0.237188
-0.391000	0.255263
-0.390000	0.255263
-0.389000	0.246216
-0.388000	0.237188
-0.387000	0.255263
-0.386000	0.237188
-0.385000	0.246216
-0.384000	0.255263
-0.383000	0.255263
-0.382000	0.246216
-0.381000	0.255263
-0.380000	0.246216
-0.379000	0.237188
-0.378000	0.237188
-0.377000	0.237188
-0.376000	0.237188
-0.375000	0.255263
-0.374000	0.246216
-0.373000	0.246216
-0.372000	0.246216
-0.371000	0.255263
-0.370000	0.255263
-0.369000	0.246216
-0.368000	0.246216
-0.367000	0.246216
-0.366000	0.237188
-0.365000	0.237188
-0.364000	0.246216
-0.363000	0.246216
-0.362000	0.246216
-0.361000	0.255263
-0.360000	0.237188
-0.359000	0.237188
-0.358000	0.246216
-0.357000	0.255263
-0.356000	0.255263
-0.355000	0.246216
-0.354000	0.255263
-0.353000	0.246216
-0.352000	0.255263
-0.351000	0.246216
-0.350000	0.255263
-0.349000	0.246216
-0.348000	0.246216
-0.347000	0.255263
-0.346000	0.246216
-0.345000	0.255263
-0.344000	0.246216
-0.343000	0.237188
-0.342000	0.246216
-0.341000	0.246216
-0.340000	0.246216
-0.339000	0.255263
-0.338000	0.246216
-0.337000	0.255263
-0.336000	0.246216
-0.335000	0.264291
-0.334000	0.255263
-0.333000	0.255263
-0.332000	0.237188
-0.331000	0.246216
-0.330000	0.255263
-0.329000	0.237188
-0.328000	0.246216
-0.327000	0.246216
-0.326000	0.246216
-0.325000	0.246216
-0.324000	0.246216
-0.323000	0.255263
-0.322000	0.246216
-0.321000	0.246216
-0.320000	0.246216
-0.319000	0.246216
-0.318000	0.246216
-0.317000	0.246216
-0.316000	0.246216
-0.315000	0.246216
-0.314000	0.246216
-0.313000	0.246216
-0.312000	0.246216
-0.311000	0.255263
-0.310000	0.246216
-0.309000	0.246216
-0.308000	0.246216
-0.307000	0.246216
-0.306000	0.255263
-0.305000	0.255263
-0.304000	0.246216
-0.303000	0.255263
-0.302000	0.255263
-0.301000	0.255263
-0.300000	0.246216
-0.299000	0.246216
-0.298000	0.255263
-0.297000	0.246216
-0.296000	0.246216
-0.295000	0.255263
-0.294000	0.246216
-0.293000	0.246216
-0.292000	0.255263
-0.291000	0.246216
-0.290000	0.237188
-0.289000	0.246216
-0.288000	0.255263
-0.287000	0.246216
-0.286000	0.255263
-0.285000	0.246216
-0.284000	0.246216
-0.283000	0.246216
-0.282000	0.246216
-0.281000	0.246216
-0.280000	0.246216
-0.279000	0.246216
-0.278000	0.246216
-0.277000	0.246216
-0.276000	0.246216
-0.275000	0.246216
-0.274000	0.255263
-0.273000	0.255263
-0.272000	0.255263
-0.271000	0.255263
-0.270000	0.255263
-0.269000	0.246216
-0.268000	0.246216
-0.267000	0.264291
-0.266000	0.255263
-0.265000	0.255263
-0.264000	0.246216
-0.263000	0.255263
-0.262000	0.246216
-0.261000	0.246216
-0.260000	0.246216
-0.259000	0.246216
-0.258000	0.255263
-0.257000	0.255263
-0.256000	0.246216
-0.255000	0.246216
-0.254000	0.246216
-0.253000	0.246216
-0.252000	0.255263
-0.251000	0.255263
-0.250000	0.255263
-0.249000	0.246216
-0.248000	0.246216
-0.247000	0.246216
-0.246000	0.237188
-0.245000	0.237188
-0.244000	0.246216
-0.243000	0.246216
-0.242000	0.255263
-0.241000	0.255263
-0.240000	0.237188
-0.239000	0.255263
-0.238000	0.246216
-0.237000	0.255263
-0.236000	0.255263
-0.235000	0.246216
-0.234000	0.255263
-0.233000	0.246216
-0.232000	0.246216
-0.231000	0.246216
-0.230000	0.255263
-0.229000	0.246216
-0.228000	0.246216
-0.227000	0.246216
-0.226000	0.246216
-0.225000	0.255263
-0.224000	0.246216
-0.223000	0.246216
-0.222000	0.246216
-0.221000	0.255263
-0.220000	0.246216
-0.219000	0.246216
-0.218000	0.246216
-0.217000	0.237188
-0.216000	0.237188
-0.215000	0.237188
-0.214000	0.246216
-0.213000	0.255263
-0.212000	0.246216
-0.211000	0.237188
-0.210000	0.237188
-0.209000	0.246216
-0.208000	0.237188
-0.207000	0.246216
-0.206000	0.246216
-0.205000	0.246216
-0.204000	0.237188
-0.203000	0.237188
-0.202000	0.246216
-0.201000	0.246216
-0.200000	0.264291
-0.199000	0.255263
-0.198000	0.246216
-0.197000	0.246216
-0.196000	0.246216
-0.195000	0.228160
-0.194000	0.246216
-0.193000	0.246216
-0.192000	0.246216
-0.191000	0.246216
-0.190000	0.237188
-0.189000	0.255263
-0.188000	0.264291
-0.187000	0.246216
-0.186000	0.246216
-0.185000	0.264291
-0.184000	0.255263
-0.183000	0.246216
-0.182000	0.246216
-0.181000	0.255263
-0.180000	0.246216
-0.179000	0.246216
-0.178000	0.246216
-0.177000	0.237188
-0.176000	0.255263
-0.175000	0.255263
-0.174000	0.246216
-0.173000	0.246216
-0.172000	0.255263
-0.171000	0.255263
-0.170000	0.246216
-0.169000	0.264291
-0.168000	0.264291
-0.167000	0.246216
-0.166000	0.246216
-0.165000	0.246216
-0.164000	0.237188
-0.163000	0.246216
-0.162000	0.246216
-0.161000	0.255263
-0.160000	0.246216
-0.159000	0.246216
-0.158000	0.246216
-0.157000	0.246216
-0.156000	0.255263
-0.155000	0.246216
-0.154000	0.246216
-0.153000	0.246216
-0.152000	0.246216
-0.151000	0.246216
-0.150000	0.246216
-0.149000	0.255263
-0.148000	0.255263
-0.147000	0.255263
-0.146000	0.246216
-0.145000	0.246216
-0.144000	0.246216
-0.143000	0.255263
-0.142000	0.246216
-0.141000	0.246216
-0.140000	0.246216
-0.139000	0.255263
-0.138000	0.255263
-0.137000	0.246216
-0.136000	0.246216
-0.135000	0.246216
-0.134000	0.255263
-0.133000	0.255263
-0.132000	0.255263
-0.131000	0.255263
-0.130000	0.255263
-0.129000	0.264291
-0.128000	0.237188
-0.127000	0.237188
-0.126000	0.246216
-0.125000	0.246216
-0.124000	0.255263
-0.123000	0.255263
-0.122000	0.246216
-0.121000	0.237188
-0.120000	0.246216
-0.119000	0.246216
-0.118000	0.246216
-0.117000	0.246216
-0.116000	0.255263
-0.115000	0.246216
-0.114000	0.246216
-0.113000	0.246216
-0.112000	0.237188
-0.111000	0.246216
-0.110000	0.255263
-0.109000	0.246216
-0.108000	0.246216
-0.107000	0.255263
-0.106000	0.255263
-0.105000	0.255263
-0.104000	0.255263
-0.103000	0.246216
-0.102000	0.246216
-0.101000	0.255263
-0.100000	0.255263
-0.099000	0.246216
-0.098000	0.255263
-0.097000	0.246216
-0.096000	0.246216
-0.095000	0.246216
-0.094000	0.246216
-0.093000	0.246216
-0.092000	0.246216
-0.091000	0.255263
-0.090000	0.255263
-0.089000	0.255263
-0.088000	0.237188
-0.087000	0.246216
-0.086000	0.237188
-0.085000	0.255263
-0.084000	0.246216
-0.083000	0.255263
-0.082000	0.237188
-0.081000	0.246216
-0.080000	0.255263
-0.079000	0.246216
-0.078000	0.237188
-0.077000	0.246216
-0.076000	0.246216
-0.075000	0.237188
-0.074000	0.246216
-0.073000	0.246216
-0.072000	0.246216
-0.071000	0.246216
-0.070000	0.255263
-0.069000	0.246216
-0.068000	0.255263
-0.067000	0.246216
-0.066000	0.246216
-0.065000	0.255263
-0.064000	0.237188
-0.063000	0.246216
-0.062000	0.246216
-0.061000	0.246216
-0.060000	0.237188
-0.059000	0.246216
-0.058000	0.246216
-0.057000	0.255263
-0.056000	0.255263
-0.055000	0.255263
-0.054000	0.246216
-0.053000	0.255263
-0.052000	0.246216
-0.051000	0.255263
-0.050000	0.255263
-0.049000	0.246216
-0.048000	0.255263
-0.047000	0.246216
-0.046000	0.246216
-0.045000	0.237188
-0.044000	0.255263
-0.043000	0.246216
-0.042000	0.246216
-0.041000	0.255263
-0.040000	0.246216
-0.039000	0.246216
-0.038000	0.246216
-0.037000	0.246216
-0.036000	0.255263
-0.035000	0.237188
-0.034000	0.255263
-0.033000	0.255263
-0.032000	0.246216
-0.031000	0.246216
-0.030000	0.255263
-0.029000	0.246216
-0.028000	0.246216
-0.027000	0.255263
-0.026000	0.246216
-0.025000	0.255263
-0.024000	0.255263
-0.023000	0.246216
-0.022000	0.246216
-0.021000	0.246216
-0.020000	0.228160
-0.019000	0.219132
-0.018000	0.219132
-0.017000	0.228160
-0.016000	0.228160
-0.015000	0.255263
-0.014000	0.264291
-0.013000	0.237188
-0.012000	0.273319
-0.011000	0.291393
-0.010000	0.282347
-0.009000	0.345580
-0.008000	0.363654
-0.007000	0.345580
-0.006000	0.363654
-0.005000	0.399785
-0.004000	0.408813
-0.003000	0.417859
-0.002000	0.463018
-0.001000	0.472046
0.000000	0.453990
0.001000	0.472046
0.002000	0.499148
0.003000	0.508195
0.004000	0.535279
0.005000	0.553353
0.006000	0.526251
0.007000	0.472046
0.008000	0.490120
0.009000	0.706922
0.010000	0.724978
0.011000	0.571409
0.012000	0.724978
0.013000	0.688847
0.014000	0.201058
0.015000	0.173955
0.016000	0.417859
0.017000	0.345580
0.018000	0.363654
0.019000	0.481092
0.020000	0.363654
0.021000	0.146853
0.022000	0.173955
0.023000	0.101694
0.024000	0.038461
0.025000	0.020387
0.026000	0.074592
0.027000	0.164927
0.028000	0.164927
0.029000	0.101694
0.030000	0.029434
0.031000	-0.088004
0.032000	-0.115107
0.033000	-0.124135
0.034000	-0.133163
0.035000	-0.160266
0.036000	-0.232545
0.037000	-0.223499
0.038000	-0.169312
0.039000	-0.187368
0.040000	-0.277704
0.041000	-0.349965
0.042000	-0.413198
0.043000	-0.377067
0.044000	-0.304806
0.045000	-0.241573
0.046000	-0.232545
0.047000	-0.160266
0.048000	-0.223499
0.049000	-0.295778
0.050000	-0.295778
0.051000	-0.178340
0.052000	-0.178340
0.053000	-0.187368
0.054000	-0.124135
0.055000	-0.124135
0.056000	-0.205443
0.057000	-0.187368
0.058000	-0.133163
0.059000	-0.196396
0.060000	-0.241573
0.061000	-0.196396
0.062000	-0.151238
0.063000	-0.160266
0.064000	-0.133163
0.065000	-0.115107
0.066000	-0.151238
0.067000	-0.223499
0.068000	-0.214471
0.069000	-0.178340
0.070000	-0.232545
0.071000	-0.259629
0.072000	-0.259629
0.073000	-0.295778
0.074000	-0.377067
0.075000	-0.368039
0.076000	-0.386095
0.077000	-0.422226
0.078000	-0.431272
0.079000	-0.485459
0.080000	-0.602897
0.081000	-0.765493
0.082000	-0.756465
0.083000	-0.756465
0.084000	-0.873903
0.085000	-0.882931
0.086000	-0.801624
0.087000	-0.882931
0.088000	-0.919062
0.089000	-0.837754
0.090000	-0.774521
0.091000	-0.747437
0.092000	-0.756465
0.093000	-0.774521
0.094000	-0.774521
0.095000	-0.693232
0.096000	-0.620971
0.097000	-0.584841
0.098000	-0.602897
0.099000	-0.575794
0.100000	-0.584841
0.101000	-0.566766
0.102000	-0.485459
0.103000	-0.368039
0.104000	-0.368039
0.105000	-0.449328
0.106000	-0.422226
0.107000	-0.340937
0.108000	-0.349965
0.109000	-0.358993
0.110000	-0.368039
0.111000	-0.377067
0.112000	-0.377067
0.113000	-0.368039
0.114000	-0.358993
0.115000	-0.395142
0.116000	-0.413198
0.117000	-0.422226
0.118000	-0.395142
0.119000	-0.422226
0.120000	-0.413198
0.121000	-0.548692
0.122000	-0.413198
0.123000	-0.331909
0.124000	-0.512561
0.125000	-0.566766
0.126000	-0.476431
0.127000	-0.566766
0.128000	-0.593869
0.129000	-0.205443
0.130000	0.128797
0.131000	-0.313834
0.132000	-0.539664
0.133000	-0.657102
0.134000	-1.497190
0.135000	-0.919062
0.136000	-0.557738
0.137000	-1.000350
0.138000	-0.458375
0.139000	-0.413198
0.140000	-0.937118
0.141000	-0.792596
0.142000	0.083620
0.143000	0.065564
0.144000	-0.196396
0.145000	-0.322862
0.146000	-0.368039
0.147000	0.291393
0.148000	0.634642
0.149000	0.345580
0.150000	-0.205443
0.151000	-0.295778
0.152000	-0.431272
0.153000	0.146853
0.154000	1.005010
0.155000	0.995984
0.156000	0.625614
0.157000	0.860472
0.158000	1.077270
0.159000	1.528930
0.160000	2.152230
0.161000	1.881230
0.162000	1.628300
0.163000	1.772840
0.164000	1.754760
0.165000	1.772840
0.166000	2.703260
0.167000	2.983290
0.168000	2.161260
0.169000	2.396120
0.170000	3.317510
0.171000	3.172970
0.172000	2.892960
0.173000	2.721310
0.174000	2.323860
0.175000	1.953510
0.176000	2.350960
0.177000	2.576790
0.178000	1.492800
0.179000	0.327524
0.180000	0.065564
0.181000	-0.268676
0.182000	-0.331909
0.183000	-0.214471
0.184000	-0.910034
0.185000	-1.668810
0.186000	-1.181020
0.187000	-0.828726
0.188000	-1.045530
0.189000	-1.144890
0.190000	-1.415880
0.191000	-1.623650
0.192000	-2.075310
0.193000	-2.102410
0.194000	-1.162970
0.195000	-1.199100
0.196000	-1.858510
0.197000	-2.255980
0.198000	-1.668810
0.199000	-1.262330
0.200000	-1.479110
0.201000	-2.617310
0.202000	-2.192750
0.203000	-1.994000
0.204000	-2.283070
0.205000	-2.355350
0.206000	-1.885610
0.207000	-2.707640
0.208000	-3.809690
0.209000	-3.339950
0.210000	-2.572130
0.211000	-3.141230
0.212000	-3.890980
0.213000	-3.782580
0.214000	-3.376080
0.215000	-2.987660
0.216000	-2.779900
0.217000	-2.770870
0.218000	-2.355350
0.219000	-1.921740
0.220000	-1.903690
0.221000	-1.153920
0.222000	-0.358993
0.223000	-0.304806
0.224000	-0.322862
0.225000	0.345580
0.226000	0.995984
0.227000	1.167610
0.228000	1.547010
0.229000	1.980590
0.230000	2.034800
0.231000	2.034800
0.232000	2.314830
0.233000	2.612920
0.234000	2.585820
0.235000	2.305780
0.236000	2.188360
0.237000	2.369020
0.238000	2.603890
0.239000	2.549690
0.240000	2.233520
0.241000	1.917360
0.242000	1.899300
0.243000	1.935430
0.244000	1.881230
0.245000	1.709600
0.246000	1.492800
0.247000	1.312150
0.248000	1.167610
0.249000	1.131480
0.250000	1.104380
0.251000	0.824341
0.252000	0.426887
0.253000	0.264291
0.254000	0.110722
0.255000	-0.078976
0.256000	-0.160266
0.257000	-0.268676
0.258000	-0.467403
0.259000	-0.657102
0.260000	-0.611925
0.261000	-0.702260
0.262000	-0.738391
0.263000	-0.837754
0.264000	-0.864857
0.265000	-0.955192
0.266000	-0.873903
0.267000	-0.792596
0.268000	-0.937118
0.269000	-0.991323
0.270000	-1.000350
0.271000	-0.846801
0.272000	-0.738391
0.273000	-0.060902
0.274000	1.303100
0.275000	-0.539664
0.276000	-0.602897
0.277000	0.282347
0.278000	0.508195
0.279000	-0.720335
0.280000	-0.575794
0.281000	-0.783568
0.282000	-2.770870
0.283000	-2.608280
0.284000	-1.226180
0.285000	-0.955192
0.286000	-1.723020
0.287000	-1.470080
0.288000	-0.982295
0.289000	-1.072630
0.290000	-1.126820
0.291000	-0.223499
0.292000	-1.117790
0.293000	-1.208120
0.294000	-0.566766
0.295000	-0.973267
0.296000	0.047490
0.297000	1.312150
0.298000	-0.223499
0.299000	-0.783568
0.300000	0.309449
0.301000	0.336552
0.302000	-0.232545
0.303000	-0.142210
0.304000	0.002331
0.305000	-2.219830
0.306000	-2.526970
0.307000	0.643689
0.308000	0.354626
0.309000	-2.201780
0.310000	-2.174680
0.311000	-3.421260
0.312000	-2.301140
0.313000	1.601210
0.314000	1.872200
0.315000	-0.584841
0.316000	-2.283070
0.317000	-2.987660
0.318000	-1.587520
0.319000	0.697875
0.320000	0.643689
0.321000	-0.900987
0.322000	-1.786250
0.323000	-1.623650
0.324000	0.182983
0.325000	1.510880
0.326000	0.137825
0.327000	-1.370720
0.328000	-1.795280
0.329000	-1.208120
0.330000	1.059220
0.331000	2.332890
0.332000	0.761108
0.333000	-1.271360
0.334000	-1.885610
0.335000	-0.955192
0.336000	0.345580
0.337000	0.426887
0.338000	-0.205443
0.339000	-1.452030
0.340000	-2.066280
0.341000	-1.153920
0.342000	-0.557738
0.343000	-0.982295
0.344000	-1.452030
0.345000	-1.587520
0.346000	-1.181020
0.347000	-0.548692
0.348000	-1.325560
0.349000	-1.090690
0.350000	-0.006715
0.351000	0.029434
0.352000	0.173955
0.353000	0.047490
0.354000	-0.919062
0.355000	-1.370720
0.356000	-1.840450
0.357000	0.318496
0.358000	1.836070
0.359000	2.034800
0.360000	1.881230
0.361000	1.565060
0.362000	1.619270
0.363000	2.269650
0.364000	3.823380
0.365000	2.721310
0.366000	2.098030
0.367000	2.441300
0.368000	2.721310
0.369000	1.447640
0.370000	1.601210
0.371000	0.634642
0.372000	0.553353
0.373000	1.799940
0.374000	2.920060
0.375000	4.419560
0.376000	7.680550
0.377000	7.084350
0.378000	1.827040
0.379000	0.905649
0.380000	3.272350
0.381000	0.761108
0.382000	-0.584841
0.383000	4.564100
0.384000	6.018440
0.385000	3.182020
0.386000	4.004030
0.387000	5.530650
0.388000	1.158580
0.389000	-2.039180
0.390000	0.128797
0.391000	2.549690
0.392000	3.064580
0.393000	4.482790
0.394000	5.250610
0.395000	2.206420
0.396000	-1.045530
0.397000	-0.864857
0.398000	0.444962
0.399000	0.038461
0.400000	0.887574
0.401000	0.309449
0.402000	-0.639027
0.403000	-0.855829
0.404000	0.029434
0.405000	-1.072630
0.406000	-1.894640
0.407000	-1.316520
0.408000	-1.605580
0.409000	-2.545050
0.410000	-2.283070
0.411000	-1.668810
0.412000	-2.960560
0.413000	-3.502550
0.414000	-2.752800
0.415000	-2.364370
0.416000	-2.716670
0.417000	-2.526970
0.418000	-3.096070
0.419000	-3.972280
0.420000	-3.773560
0.421000	-2.834110
0.422000	-2.255980
0.423000	-2.752800
0.424000	-3.394160
0.425000	-2.825060
0.426000	-2.310170
0.427000	-2.057240
0.428000	-1.957870
0.429000	-2.445660
0.430000	-3.096070
0.431000	-2.454710
0.432000	-1.569450
0.433000	-1.406850
0.434000	-1.316520
0.435000	-1.334590
0.436000	-1.262330
0.437000	-0.891959
0.438000	-0.611925
0.439000	-1.415880
0.440000	-0.801624
0.441000	-0.042846
0.442000	-0.133163
0.443000	-0.358993
0.444000	-0.024772
0.445000	0.002331
0.446000	0.399785
0.447000	0.770155
0.448000	0.562381
0.449000	1.086320
0.450000	1.104380
0.451000	0.986938
0.452000	1.032110
0.453000	1.239870
0.454000	1.212770
0.455000	1.257940
0.456000	1.384410
0.457000	1.528930
0.458000	1.700580
0.459000	1.221810
0.460000	1.691530
0.461000	1.808970
0.462000	1.330210
0.463000	1.510880
0.464000	1.989640
0.465000	1.357310
0.466000	1.601210
0.467000	1.953510
0.468000	1.438600
0.469000	1.158580
0.470000	1.592170
0.471000	1.519900
0.472000	1.113400
0.473000	1.221810
0.474000	1.176640
0.475000	1.185680
0.476000	1.176640
0.477000	0.923705
0.478000	0.679819
0.479000	0.824341
0.480000	0.734024
0.481000	0.950807
0.482000	1.276000
0.483000	1.023090
0.484000	0.761108
0.485000	0.860472
0.486000	0.977910
0.487000	0.905649
0.488000	0.580456
0.489000	0.336552
0.490000	0.535279
0.491000	0.598512
0.492000	0.788211
0.493000	0.986938
0.494000	0.824341
0.495000	0.589484
0.496000	0.770155
0.497000	0.986938
0.498000	0.806285
0.499000	0.616586
0.500000	0.472046
0.501000	0.228160
0.502000	0.237188
0.503000	0.318496
0.504000	0.327524
0.505000	0.463018
0.506000	0.481092
0.507000	0.453990
0.508000	0.408813
0.509000	0.291393
0.510000	0.255263
0.511000	0.327524
0.512000	-0.097033
0.513000	0.020387
0.514000	0.020387
0.515000	-0.060902
0.516000	0.119750
0.517000	0.192030
0.518000	-0.078976
0.519000	0.038461
0.520000	0.309449
0.521000	0.110722
0.522000	-0.097033
0.523000	-0.196396
0.524000	0.020387
0.525000	0.074592
0.526000	-0.124135
0.527000	-0.142210
0.528000	0.192030
0.529000	-0.358993
0.530000	-0.955192
0.531000	-0.395142
0.532000	-0.313834
0.533000	-0.386095
0.534000	-0.106079
0.535000	-0.088004
0.536000	-0.711288
0.537000	-0.738391
0.538000	-0.142210
0.539000	0.643689
0.540000	0.761108
0.541000	0.571409
0.542000	0.652717
0.543000	0.381729
0.544000	0.029434
0.545000	0.345580
0.546000	0.770155
0.547000	0.869518
0.548000	1.230840
0.549000	0.887574
0.550000	0.435915
0.551000	0.426887
0.552000	0.743052
0.553000	0.824341
0.554000	0.878546
0.555000	0.706922
0.556000	0.354626
0.557000	0.535279
0.558000	0.616586
0.559000	0.724978
0.560000	0.661745
0.561000	0.399785
0.562000	0.291393
0.563000	0.255263
0.564000	0.182983
0.565000	0.345580
0.566000	0.444962
0.567000	0.101694
0.568000	-0.033799
0.569000	-0.124135
0.570000	-0.205443
0.571000	-0.214471
0.572000	-0.151238
0.573000	-0.232545
0.574000	-0.106079
0.575000	-0.097033
0.576000	-0.259629
0.577000	-0.377067
0.578000	-0.277704
0.579000	-0.124135
0.580000	-0.088004
0.581000	-0.322862
0.582000	-0.530636
0.583000	-0.368039
0.584000	-0.286732
0.585000	-0.169312
0.586000	-0.250601
0.587000	-0.512561
0.588000	-0.349965
0.589000	-0.250601
0.590000	-0.349965
0.591000	-0.368039
0.592000	-0.377067
0.593000	-0.259629
0.594000	-0.069930
0.595000	0.065564
0.596000	-0.006715
0.597000	-0.115107
0.598000	-0.106079
0.599000	-0.151238
0.600000	-0.151238
0.601000	0.119750
0.602000	0.146853
0.603000	-0.124135
0.604000	-0.060902
0.605000	0.074592
0.606000	0.083620
0.607000	0.219132
0.608000	0.273319
0.609000	0.128797
0.610000	0.038461
0.611000	0.038461
0.612000	0.192030
0.613000	0.119750
0.614000	0.065564
0.615000	0.065564
0.616000	-0.097033
0.617000	-0.313834
0.618000	-0.214471
0.619000	-0.069930
0.620000	-0.196396
0.621000	-0.196396
0.622000	-0.124135
0.623000	-0.115107
0.624000	-0.060902
0.625000	-0.268676
0.626000	-0.539664
0.627000	-0.611925
0.628000	-0.566766
0.629000	-0.557738
0.630000	-0.593869
0.631000	-0.738391
0.632000	-0.738391
0.633000	-0.539664
0.634000	-0.476431
0.635000	-0.584841
0.636000	-0.666130
0.637000	-0.584841
0.638000	-0.539664
0.639000	-0.575794
0.640000	-0.783568
0.641000	-0.873903
0.642000	-0.657102
0.643000	-0.648055
0.644000	-0.891959
0.645000	-0.846801
0.646000	-0.756465
0.647000	-0.756465
0.648000	-0.639027
0.649000	-0.512561
0.650000	-0.503533
0.651000	-0.593869
0.652000	-0.512561
0.653000	-0.413198
0.654000	-0.449328
0.655000	-0.611925
0.656000	-0.602897
0.657000	-0.566766
0.658000	-0.657102
0.659000	-0.729363
0.660000	-0.783568
0.661000	-0.657102
0.662000	-0.593869
0.663000	-0.557738
0.664000	-0.503533
0.665000	-0.476431
0.666000	-0.530636
0.667000	-0.431272
0.668000	-0.386095
0.669000	-0.458375
0.670000	-0.449328
0.671000	-0.503533
0.672000	-0.512561
0.673000	-0.440300
0.674000	-0.395142
0.675000	-0.458375
0.676000	-0.494505
0.677000	-0.476431
0.678000	-0.458375
0.679000	-0.368039
0.680000	-0.286732
0.681000	-0.331909
0.682000	-0.422226
0.683000	-0.431272
0.684000	-0.268676
0.685000	-0.205443
0.686000	-0.358993
0.687000	-0.458375
0.688000	-0.449328
0.689000	-0.358993
0.690000	-0.268676
0.691000	-0.259629
0.692000	-0.322862
0.693000	-0.331909
0.694000	-0.214471
0.695000	-0.106079
0.696000	-0.115107
0.697000	-0.160266
0.698000	-0.160266
0.699000	-0.178340
0.700000	-0.088004
0.701000	-0.060902
0.702000	-0.142210
0.703000	-0.241573
0.704000	-0.178340
0.705000	-0.060902
0.706000	-0.033799
0.707000	-0.060902
0.708000	-0.187368
0.709000	-0.277704
0.710000	-0.205443
0.711000	-0.078976
0.712000	-0.097033
0.713000	-0.196396
0.714000	-0.232545
0.715000	-0.133163
0.716000	-0.133163
0.717000	-0.124135
0.718000	-0.142210
0.719000	-0.268676
0.720000	-0.295778
0.721000	-0.151238
0.722000	-0.051874
0.723000	-0.078976
0.724000	-0.069930
0.725000	-0.024772
0.726000	-0.024772
0.727000	0.029434
0.728000	0.056518
0.729000	0.047490
0.730000	0.002331
0.731000	-0.006715
0.732000	-0.006715
0.733000	0.029434
0.734000	0.029434
0.735000	0.011359
0.736000	-0.042846
0.737000	-0.033799
0.738000	0.029434
0.739000	0.011359
0.740000	-0.069930
0.741000	-0.124135
0.742000	-0.078976
0.743000	-0.097033
0.744000	-0.142210
0.745000	-0.133163
0.746000	-0.151238
0.747000	-0.268676
0.748000	-0.322862
0.749000	-0.196396
0.750000	-0.178340
0.751000	-0.268676
0.752000	-0.304806
0.753000	-0.304806
0.754000	-0.277704
0.755000	-0.214471
0.756000	-0.241573
0.757000	-0.340937
0.758000	-0.368039
0.759000	-0.214471
0.760000	-0.078976
0.761000	-0.169312
0.762000	-0.340937
0.763000	-0.358993
0.764000	-0.232545
0.765000	-0.142210
0.766000	-0.169312
0.767000	-0.313834
0.768000	-0.377067
0.769000	-0.286732
0.770000	-0.069930
0.771000	-0.115107
0.772000	-0.313834
0.773000	-0.404170
0.774000	-0.250601
0.775000	-0.178340
0.776000	-0.205443
0.777000	-0.268676
0.778000	-0.349965
0.779000	-0.386095
0.780000	-0.232545
0.781000	-0.142210
0.782000	-0.214471
0.783000	-0.259629
0.784000	-0.277704
0.785000	-0.232545
0.786000	-0.069930
0.787000	-0.051874
0.788000	-0.169312
0.789000	-0.241573
0.790000	-0.169312
0.791000	-0.133163
0.792000	-0.051874
0.793000	-0.088004
0.794000	-0.223499
0.795000	-0.241573
0.796000	-0.106079
0.797000	0.020387
0.798000	0.011359
0.799000	-0.142210
0.800000	-0.187368
0.801000	-0.042846
0.802000	0.083620
0.803000	-0.033799
0.804000	-0.160266
0.805000	-0.178340
0.806000	-0.124135
0.807000	-0.060902
0.808000	-0.078976
0.809000	-0.151238
0.810000	-0.178340
0.811000	-0.178340
0.812000	-0.169312
0.813000	-0.133163
0.814000	-0.178340
0.815000	-0.205443
0.816000	-0.142210
0.817000	-0.169312
0.818000	-0.187368
0.819000	-0.142210
0.820000	-0.142210
0.821000	-0.160266
0.822000	-0.178340
0.823000	-0.169312
0.824000	-0.142210
0.825000	-0.133163
0.826000	-0.169312
0.827000	-0.277704
0.828000	-0.268676
0.829000	-0.169312
0.830000	-0.097033
0.831000	-0.133163
0.832000	-0.250601
0.833000	-0.232545
0.834000	-0.124135
0.835000	-0.106079
0.836000	-0.178340
0.837000	-0.268676
0.838000	-0.214471
0.839000	-0.187368
0.840000	-0.124135
0.841000	-0.160266
0.842000	-0.259629
0.843000	-0.250601
0.844000	-0.124135
0.845000	-0.133163
0.846000	-0.142210
0.847000	-0.142210
0.848000	-0.133163
0.849000	-0.115107
0.850000	-0.133163
0.851000	-0.187368
0.852000	-0.250601
0.853000	-0.097033
0.854000	-0.106079
0.855000	-0.277704
0.856000	-0.205443
0.857000	-0.178340
0.858000	-0.205443
0.859000	-0.178340
0.860000	-0.286732
0.861000	-0.268676
0.862000	-0.214471
0.863000	-0.169312
0.864000	-0.377067
0.865000	-0.358993
0.866000	-0.277704
0.867000	-0.349965
0.868000	-0.358993
0.869000	-0.349965
0.870000	-0.413198
0.871000	-0.440300
0.872000	-0.295778
0.873000	-0.358993
0.874000	-0.521608
0.875000	-0.521608
0.876000	-0.340937
0.877000	-0.386095
0.878000	-0.485459
0.879000	-0.358993
0.880000	-0.368039
0.881000	-0.431272
0.882000	-0.377067
0.883000	-0.331909
0.884000	-0.340937
0.885000	-0.422226
0.886000	-0.349965
0.887000	-0.241573
0.888000	-0.205443
0.889000	-0.349965
0.890000	-0.268676
0.891000	-0.124135
0.892000	-0.295778
0.893000	-0.286732
0.894000	-0.069930
0.895000	-0.060902
0.896000	-0.169312
0.897000	-0.024772
0.898000	-0.106079
0.899000	-0.187368
0.900000	0.002331
0.901000	0.011359
0.902000	-0.169312
0.903000	-0.250601
0.904000	0.002331
0.905000	0.110722
0.906000	-0.015743
0.907000	-0.115107
0.908000	0.056518
0.909000	-0.051874
0.910000	-0.097033
0.911000	0.110722
0.912000	-0.051874
0.913000	-0.250601
0.914000	-0.088004
0.915000	-0.088004
0.916000	-0.268676
0.917000	-0.187368
0.918000	-0.178340
0.919000	-0.223499
0.920000	-0.232545
0.921000	-0.214471
0.922000	-0.196396
0.923000	-0.277704
0.924000	-0.386095
0.925000	-0.340937
0.926000	-0.241573
0.927000	-0.349965
0.928000	-0.440300
0.929000	-0.340937
0.930000	-0.458375
0.931000	-0.467403
0.932000	-0.295778
0.933000	-0.259629
0.934000	-0.449328
0.935000	-0.467403
0.936000	-0.223499
0.937000	-0.322862
0.938000	-0.377067
0.939000	-0.386095
0.940000	-0.395142
0.941000	-0.440300
0.942000	-0.358993
0.943000	-0.322862
0.944000	-0.322862
0.945000	-0.322862
0.946000	-0.331909
0.947000	-0.268676
0.948000	-0.196396
0.949000	-0.277704
0.950000	-0.358993
0.951000	-0.277704
0.952000	-0.232545
0.953000	-0.313834
0.954000	-0.331909
0.955000	-0.313834
0.956000	-0.322862
0.957000	-0.431272
0.958000	-0.331909
0.959000	-0.187368
0.960000	-0.368039
0.961000	-0.358993
0.962000	-0.259629
0.963000	-0.295778
0.964000	-0.340937
0.965000	-0.386095
0.966000	-0.377067
0.967000	-0.458375
0.968000	-0.476431
0.969000	-0.404170
0.970000	-0.485459
0.971000	-0.620971
0.972000	-0.557738
0.973000	-0.377067
0.974000	-0.422226
0.975000	-0.648055
0.976000	-0.639027
0.977000	-0.422226
0.978000	-0.422226
0.979000	-0.602897
0.980000	-0.602897
0.981000	-0.512561
0.982000	-0.521608
0.983000	-0.584841
0.984000	-0.395142
0.985000	-0.476431
0.986000	-0.774521
0.987000	-0.530636
0.988000	-0.277704
0.989000	-0.386095
0.990000	-0.521608
0.991000	-0.476431
0.992000	-0.449328
0.993000	-0.349965
0.994000	-0.331909
0.995000	-0.422226
0.996000	-0.467403
0.997000	-0.313834
0.998000	-0.214471
0.999000	-0.259629
1.000000	-0.304806
1.001000	-0.431272
1.002000	-0.413198
1.003000	-0.178340
1.004000	-0.214471
1.005000	-0.313834
1.006000	-0.232545
1.007000	-0.097033
1.008000	-0.142210
1.009000	-0.088004
1.010000	-0.160266
1.011000	-0.358993
1.012000	-0.358993
1.013000	-0.277704
1.014000	-0.340937
1.015000	-0.268676
1.016000	-0.196396
1.017000	-0.286732
1.018000	-0.277704
1.019000	-0.358993
1.020000	-0.584841
1.021000	-0.639027
1.022000	-0.467403
1.023000	-0.413198
1.024000	-0.458375
1.025000	-0.386095
1.026000	-0.467403
1.027000	-0.639027
1.028000	-0.593869
1.029000	-0.620971
1.030000	-0.774521
1.031000	-0.675158
1.032000	-0.494505
1.033000	-0.431272
1.034000	-0.413198
1.035000	-0.530636
1.036000	-0.566766
1.037000	-0.512561
1.038000	-0.530636
1.039000	-0.440300
1.040000	-0.250601
1.041000	-0.313834
1.042000	-0.250601
1.043000	-0.088004
1.044000	-0.250601
1.045000	-0.395142
1.046000	-0.277704
1.047000	-0.205443
1.048000	-0.060902
1.049000	0.119750
1.050000	0.011359
1.051000	-0.124135
1.052000	-0.169312
1.053000	-0.268676
1.054000	-0.196396
1.055000	-0.060902
1.056000	-0.006715
1.057000	0.020387
1.058000	0.011359
1.059000	-0.042846
1.060000	-0.060902
1.061000	-0.151238
1.062000	-0.223499
1.063000	-0.169312
1.064000	-0.160266
1.065000	-0.241573
1.066000	-0.214471
1.067000	-0.214471
1.068000	-0.277704
1.069000	-0.331909
1.070000	-0.349965
1.071000	-0.386095
1.072000	-0.413198
1.073000	-0.413198
1.074000	-0.404170
1.075000	-0.413198
1.076000	-0.422226
1.077000	-0.431272
1.078000	-0.476431
1.079000	-0.485459
1.080000	-0.413198
1.081000	-0.395142
1.082000	-0.349965
1.083000	-0.331909
1.084000	-0.395142
1.085000	-0.377067
1.086000	-0.349965
1.087000	-0.395142
1.088000	-0.358993
1.089000	-0.259629
1.090000	-0.250601
1.091000	-0.250601
1.092000	-0.205443
1.093000	-0.232545
1.094000	-0.286732
1.095000	-0.241573
1.096000	-0.196396
1.097000	-0.214471
1.098000	-0.205443
1.099000	-0.187368
1.100000	-0.187368
1.101000	-0.232545
1.102000	-0.259629
1.103000	-0.259629
1.104000	-0.250601
1.105000	-0.241573
1.106000	-0.205443
1.107000	-0.169312
1.108000	-0.169312
1.109000	-0.178340
1.110000	-0.160266
1.111000	-0.223499
1.112000	-0.268676
1.113000	-0.286732
1.114000	-0.295778
1.115000	-0.322862
1.116000	-0.322862
1.117000	-0.277704
1.118000	-0.268676
1.119000	-0.295778
1.120000	-0.358993
1.121000	-0.358993
1.122000	-0.349965
1.123000	-0.322862
1.124000	-0.331909
1.125000	-0.331909
1.126000	-0.313834
1.127000	-0.386095
1.128000	-0.449328
1.129000	-0.404170
1.130000	-0.467403
1.131000	-0.566766
1.132000	-0.458375
1.133000	-0.422226
1.134000	-0.476431
1.135000	-0.440300
1.136000	-0.386095
1.137000	-0.458375
1.138000	-0.521608
1.139000	-0.431272
1.140000	-0.476431
1.141000	-0.530636
1.142000	-0.494505
1.143000	-0.476431
1.144000	-0.566766
1.145000	-0.566766
1.146000	-0.530636
1.147000	-0.566766
1.148000	-0.548692
1.149000	-0.458375
1.150000	-0.476431
1.151000	-0.485459
1.152000	-0.404170
1.153000	-0.449328
1.154000	-0.485459
1.155000	-0.530636
1.156000	-0.521608
1.157000	-0.575794
1.158000	-0.539664
1.159000	-0.395142
1.160000	-0.386095
1.161000	-0.395142
1.162000	-0.413198
1.163000	-0.422226
1.164000	-0.377067
1.165000	-0.386095
1.166000	-0.521608
1.167000	-0.422226
1.168000	-0.349965
1.169000	-0.268676
1.170000	-0.259629
1.171000	-0.404170
1.172000	-0.404170
1.173000	-0.358993
1.174000	-0.313834
1.175000	-0.322862
1.176000	-0.331909
1.177000	-0.368039
1.178000	-0.205443
1.179000	-0.169312
1.180000	-0.304806
1.181000	-0.349965
1.182000	-0.322862
1.183000	-0.313834
1.184000	-0.250601
1.185000	-0.241573
1.186000	-0.322862
1.187000	-0.241573
1.188000	-0.241573
1.189000	-0.386095
1.190000	-0.277704
1.191000	-0.340937
1.192000	-0.386095
1.193000	-0.241573
1.194000	-0.313834
1.195000	-0.358993
1.196000	-0.250601
1.197000	-0.268676
1.198000	-0.440300
1.199000	-0.331909
1.200000	-0.295778
1.201000	-0.377067
1.202000	-0.349965
1.203000	-0.277704
1.204000	-0.349965
1.205000	-0.295778
1.206000	-0.349965
1.207000	-0.340937
1.208000	-0.277704
1.209000	-0.340937
1.210000	-0.268676
1.211000	-0.259629
1.212000	-0.395142
1.213000	-0.413198
1.214000	-0.322862
1.215000	-0.358993
1.216000	-0.358993
1.217000	-0.413198
1.218000	-0.377067
1.219000	-0.449328
1.220000	-0.395142
1.221000	-0.286732
1.222000	-0.395142
1.223000	-0.467403
1.224000	-0.503533
1.225000	-0.467403
1.226000	-0.295778
1.227000	-0.404170
1.228000	-0.557738
1.229000	-0.485459
1.230000	-0.575794
1.231000	-0.395142
1.232000	-0.331909
1.233000	-0.557738
1.234000	-0.629999
1.235000	-0.458375
1.236000	-0.340937
1.237000	-0.476431
1.238000	-0.557738
1.239000	-0.602897
1.240000	-0.458375
1.241000	-0.422226
1.242000	-0.431272
1.243000	-0.476431
1.244000	-0.548692
1.245000	-0.584841
1.246000	-0.413198
1.247000	-0.322862
1.248000	-0.494505
1.249000	-0.386095
1.250000	-0.340937
1.251000	-0.368039
1.252000	-0.358993
1.253000	-0.331909
1.254000	-0.404170
1.255000	-0.377067
1.256000	-0.313834
1.257000	-0.277704
1.258000	-0.214471
1.259000	-0.340937
1.260000	-0.304806
1.261000	-0.313834
1.262000	-0.214471
1.263000	-0.205443
1.264000	-0.295778
1.265000	-0.268676
1.266000	-0.078976
1.267000	-0.178340
1.268000	-0.358993
1.269000	-0.422226
1.270000	-0.358993
1.271000	-0.268676
1.272000	-0.187368
1.273000	-0.277704
1.274000	-0.313834
1.275000	-0.205443
1.276000	-0.196396
1.277000	-0.187368
1.278000	-0.386095
1.279000	-0.494505
1.280000	-0.286732
1.281000	-0.142210
1.282000	-0.241573
1.283000	-0.431272
1.284000	-0.413198
1.285000	-0.395142
1.286000	-0.349965
1.287000	-0.349965
1.288000	-0.422226
1.289000	-0.404170
1.290000	-0.268676
1.291000	-0.250601
1.292000	-0.331909
1.293000	-0.377067
1.294000	-0.530636
1.295000	-0.512561
1.296000	-0.358993
1.297000	-0.241573
1.298000	-0.295778
1.299000	-0.422226
1.300000	-0.349965
1.301000	-0.223499
1.302000	-0.286732
1.303000	-0.494505
1.304000	-0.521608
1.305000	-0.304806
1.306000	-0.268676
1.307000	-0.322862
1.308000	-0.313834
1.309000	-0.413198
1.310000	-0.404170
1.311000	-0.178340
1.312000	-0.250601
1.313000	-0.467403
1.314000	-0.358993
1.315000	-0.196396
1.316000	-0.295778
1.317000	-0.449328
1.318000	-0.485459
1.319000	-0.404170
1.320000	-0.368039
1.321000	-0.395142
1.322000	-0.377067
1.323000	-0.368039
1.324000	-0.368039
1.325000	-0.322862
1.326000	-0.322862
1.327000	-0.431272
1.328000	-0.458375
1.329000	-0.395142
1.330000	-0.404170
1.331000	-0.449328
1.332000	-0.467403
1.333000	-0.440300
1.334000	-0.476431
1.335000	-0.512561
1.336000	-0.349965
1.337000	-0.259629
1.338000	-0.358993
1.339000	-0.404170
1.340000	-0.349965
1.341000	-0.286732
1.342000	-0.286732
1.343000	-0.368039
1.344000	-0.431272
1.345000	-0.340937
1.346000	-0.250601
1.347000	-0.259629
1.348000	-0.250601
1.349000	-0.295778
1.350000	-0.304806
1.351000	-0.178340
1.352000	-0.106079
1.353000	-0.196396
1.354000	-0.178340
1.355000	-0.178340
1.356000	-0.151238
1.357000	-0.142210
1.358000	-0.187368
1.359000	-0.250601
1.360000	-0.169312
1.361000	-0.106079
1.362000	-0.178340
1.363000	-0.178340
1.364000	-0.133163
1.365000	-0.187368
1.366000	-0.214471
1.367000	-0.178340
1.368000	-0.169312
1.369000	-0.178340
1.370000	-0.214471
1.371000	-0.214471
1.372000	-0.214471
1.373000	-0.268676
1.374000	-0.277704
1.375000	-0.250601
1.376000	-0.268676
1.377000	-0.277704
1.378000	-0.232545
1.379000	-0.214471
1.380000	-0.295778
1.381000	-0.313834
1.382000	-0.259629
1.383000	-0.250601
1.384000	-0.241573
1.385000	-0.223499
1.386000	-0.187368
1.387000	-0.160266
1.388000	-0.187368
1.389000	-0.205443
1.390000	-0.214471
1.391000	-0.205443
1.392000	-0.178340
1.393000	-0.142210
1.394000	-0.142210
1.395000	-0.115107
1.396000	-0.088004
1.397000	-0.078976
1.398000	-0.088004
1.399000	-0.097033
1.400000	-0.106079
1.401000	-0.078976
1.402000	-0.051874
1.403000	-0.042846
1.404000	-0.051874
1.405000	-0.088004
1.406000	-0.133163
1.407000	-0.088004
1.408000	-0.069930
1.409000	-0.078976
1.410000	-0.106079
1.411000	-0.124135
1.412000	-0.088004
1.413000	-0.051874
1.414000	-0.106079
1.415000	-0.160266
1.416000	-0.151238
1.417000	-0.151238
1.418000	-0.151238
1.419000	-0.133163
1.420000	-0.151238
1.421000	-0.187368
1.422000	-0.223499
1.423000	-0.232545
1.424000	-0.223499
1.425000	-0.214471
1.426000	-0.241573
1.427000	-0.250601
1.428000	-0.223499
1.429000	-0.250601
1.430000	-0.241573
1.431000	-0.241573
1.432000	-0.295778
1.433000	-0.331909
1.434000	-0.268676
1.435000	-0.223499
1.436000	-0.268676
1.437000	-0.295778
1.438000	-0.286732
1.439000	-0.259629
1.440000	-0.241573
1.441000	-0.268676
1.442000	-0.286732
1.443000	-0.277704
1.444000	-0.259629
1.445000	-0.214471
1.446000	-0.214471
1.447000	-0.223499
1.448000	-0.223499
1.449000	-0.187368
1.450000	-0.187368
1.451000	-0.178340
1.452000	-0.205443
1.453000	-0.223499
1.454000	-0.187368
1.455000	-0.160266
1.456000	-0.178340
1.457000	-0.178340
1.458000	-0.151238
1.459000	-0.133163
1.460000	-0.097033
1.461000	-0.151238
1.462000	-0.169312
1.463000	-0.151238
1.464000	-0.124135
1.465000	-0.133163
1.466000	-0.151238
1.467000	-0.178340
1.468000	-0.151238
1.469000	-0.133163
1.470000	-0.169312
1.471000	-0.187368
1.472000	-0.223499
1.473000	-0.151238
1.474000	-0.133163
1.475000	-0.142210
1.476000	-0.178340
1.477000	-0.160266
1.478000	-0.133163
1.479000	-0.124135
1.480000	-0.142210
1.481000	-0.196396
1.482000	-0.178340
1.483000	-0.133163
1.484000	-0.115107
1.485000	-0.124135
1.486000	-0.078976
1.487000	-0.142210
1.488000	-0.124135
1.489000	-0.088004
1.490000	-0.115107
1.491000	-0.106079
1.492000	-0.097033
1.493000	-0.115107
1.494000	-0.097033
1.495000	-0.060902
1.496000	-0.051874
1.497000	-0.024772
1.498000	-0.088004
1.499000	-0.069930
1.500000	-0.024772
1.501000	-0.006715
1.502000	-0.033799
1.503000	-0.024772
1.504000	-0.024772
1.505000	-0.051874
1.506000	0.002331
1.507000	0.011359
1.508000	0.029434
1.509000	0.011359
1.510000	-0.060902
1.511000	0.020387
1.512000	0.092666
1.513000	0.056518
1.514000	0.029434
1.515000	-0.006715
1.516000	-0.015743
1.517000	0.092666
1.518000	0.101694
1.519000	0.029434
1.520000	-0.042846
1.521000	-0.060902
1.522000	0.038461
1.523000	0.173955
1.524000	0.065564
1.525000	-0.078976
1.526000	-0.006715
1.527000	0.101694
1.528000	0.128797
1.529000	0.020387
1.530000	-0.069930
1.531000	-0.006715
1.532000	0.083620
1.533000	0.101694
1.534000	0.038461
1.535000	-0.106079
1.536000	-0.097033
1.537000	0.074592
1.538000	0.119750
1.539000	-0.033799
1.540000	-0.069930
1.541000	0.020387
1.542000	0.038461
1.543000	0.065564
1.544000	0.002331
1.545000	-0.060902
1.546000	-0.051874
1.547000	0.038461
1.548000	0.137825
1.549000	0.110722
1.550000	-0.033799
1.551000	0.002331
1.552000	0.137825
1.553000	0.128797
1.554000	0.056518
1.555000	-0.024772
1.556000	0.038461
1.557000	0.083620
1.558000	0.192030
1.559000	0.173955
1.560000	0.002331
1.561000	0.002331
1.562000	0.128797
1.563000	0.228160
1.564000	0.173955
1.565000	0.047490
1.566000	0.110722
1.567000	0.228160
1.568000	0.155899
1.569000	0.110722
1.570000	0.047490
1.571000	0.065564
1.572000	0.137825
1.573000	0.201058
1.574000	0.155899
1.575000	0.029434
1.576000	0.074592
1.577000	0.164927
1.578000	0.128797
1.579000	0.056518
1.580000	0.002331
1.581000	0.056518
1.582000	0.056518
1.583000	0.065564
1.584000	0.083620
1.585000	0.047490
1.586000	-0.033799
1.587000	0.038461
1.588000	0.083620
1.589000	0.002331
1.590000	-0.015743
1.591000	0.029434
1.592000	0.038461
1.593000	-0.015743
1.594000	0.038461
1.595000	0.038461
1.596000	0.002331
1.597000	0.056518
1.598000	0.002331
1.599000	-0.060902
1.600000	-0.069930
1.601000	-0.088004
1.602000	-0.069930
1.603000	-0.088004
1.604000	-0.133163
1.605000	-0.115107
1.606000	-0.024772
1.607000	0.074592
1.608000	0.038461
1.609000	-0.024772
1.610000	0.065564
1.611000	0.137825
1.612000	0.128797
1.613000	0.083620
1.614000	0.038461
1.615000	0.074592
1.616000	0.092666
1.617000	0.110722
1.618000	0.110722
1.619000	0.047490
1.620000	0.074592
1.621000	0.173955
1.622000	0.146853
1.623000	0.056518
1.624000	0.020387
1.625000	0.065564
1.626000	-0.033799
1.627000	-0.106079
1.628000	-0.033799
1.629000	-0.142210
1.630000	-0.223499
1.631000	-0.196396
1.632000	-0.277704
1.633000	-0.322862
1.634000	-0.331909
1.635000	-0.368039
1.636000	-0.458375
1.637000	-0.620971
1.638000	-0.602897
1.639000	-0.494505
1.640000	-0.476431
1.641000	-0.575794
1.642000	-0.539664
1.643000	-0.467403
1.644000	-0.458375
1.645000	-0.268676
1.646000	-0.088004
1.647000	-0.169312
1.648000	-0.286732
1.649000	-0.268676
1.650000	-0.196396
1.651000	-0.078976
1.652000	-0.268676
1.653000	-0.657102
1.654000	-0.675158
1.655000	-0.377067
1.656000	-0.223499
1.657000	-0.313834
1.658000	-0.693232
1.659000	-0.937118
1.660000	-0.602897
1.661000	-0.331909
1.662000	-1.036500
1.663000	-2.012080
1.664000	-1.750120
1.665000	-1.334590
1.666000	-1.307490
1.667000	-1.497190
1.668000	-2.237910
1.669000	-2.716670
1.670000	-2.788930
1.671000	-2.075310
1.672000	-1.650760
1.673000	-2.346300
1.674000	-3.430290
1.675000	-3.683220
1.676000	-3.077990
1.677000	-2.409530
1.678000	-2.102410
1.679000	-2.319220
1.680000	-2.572130
1.681000	-2.301140
1.682000	-1.641710
1.683000	-0.873903
1.684000	-0.639027
1.685000	-1.144890
1.686000	-1.542350
1.687000	-1.171990
1.688000	-0.629999
1.689000	-0.277704
1.690000	-0.422226
1.691000	-0.530636
1.692000	-0.404170
1.693000	-0.051874
1.694000	0.508195
1.695000	0.724978
1.696000	0.426887
1.697000	-0.051874
1.698000	-0.069930
1.699000	0.372682
1.700000	0.643689
1.701000	0.372682
1.702000	0.137825
1.703000	0.201058
1.704000	0.192030
1.705000	0.219132
1.706000	0.336552
1.707000	0.390757
1.708000	-0.169312
1.709000	-1.144890
1.710000	-0.602897
1.711000	0.508195
1.712000	0.544325
1.713000	0.535279
1.714000	0.815313
1.715000	0.806285
1.716000	0.173955
1.717000	0.309449
1.718000	0.779183
1.719000	0.435915
1.720000	-0.133163
1.721000	0.318496
1.722000	0.860472
1.723000	0.372682
1.724000	0.499148
1.725000	0.598512
1.726000	0.219132
1.727000	-0.295778
1.728000	0.173955
1.729000	0.164927
1.730000	0.029434
1.731000	0.011359
1.732000	0.182983
1.733000	0.002331
1.734000	0.110722
1.735000	0.724978
1.736000	-0.078976
1.737000	-0.097033
1.738000	0.083620
1.739000	1.014040
1.740000	0.453990
1.741000	0.797257
1.742000	-0.467403
1.743000	-0.557738
1.744000	-0.259629
1.745000	0.797257
1.746000	0.453990
1.747000	-0.268676
1.748000	1.465700
1.749000	2.052870
1.750000	1.556030
1.751000	-0.611925
1.752000	-1.849480
1.753000	0.941779
1.754000	1.592170
1.755000	-2.481810
1.756000	-0.729363
1.757000	3.678840
1.758000	-0.593869
1.759000	-2.689570
1.760000	2.549690
1.761000	3.100710
1.762000	-1.732040
1.763000	-0.467403
1.764000	1.483770
1.765000	-0.837754
1.766000	-0.078976
1.767000	3.227180
1.768000	-0.259629
1.769000	-4.071650
1.770000	-0.503533
1.771000	3.995000
1.772000	-0.033799
1.773000	-2.246940
1.774000	1.953510
1.775000	1.339230
1.776000	-2.319220
1.777000	1.212770
1.778000	2.134160
1.779000	-2.192750
1.780000	-1.262330
1.781000	3.353640
1.782000	0.887574
1.783000	-2.418580
1.784000	0.408813
1.785000	1.140510
1.786000	-1.623650
1.787000	-0.250601
1.788000	4.049210
1.789000	0.959854
1.790000	-3.339950
1.791000	1.276000
1.792000	2.332890
1.793000	-2.635360
1.794000	-1.497190
1.795000	3.425900
1.796000	-1.488160
1.797000	-2.852160
1.798000	2.450320
1.799000	4.247930
1.800000	-1.000350
1.801000	-0.756465
1.802000	1.239870
1.803000	0.336552
1.804000	-0.458375
1.805000	0.390757
1.806000	1.005010
1.807000	-1.036500
1.808000	0.074592
1.809000	-0.259629
1.810000	-0.368039
1.811000	0.896621
1.812000	1.908330
1.813000	-0.431272
1.814000	-0.322862
1.815000	1.628300
1.816000	1.854130
1.817000	-0.494505
1.818000	-0.928090
1.819000	-0.566766
1.820000	0.020387
1.821000	1.519900
1.822000	1.709600
1.823000	0.291393
1.824000	-1.975950
1.825000	-0.530636
1.826000	2.089000
1.827000	0.697875
1.828000	-1.298460
1.829000	0.237188
1.830000	1.086320
1.831000	0.011359
1.832000	1.059220
1.833000	1.547010
1.834000	-0.973267
1.835000	-1.289410
1.836000	0.444962
1.837000	0.598512
1.838000	0.083620
1.839000	0.661745
1.840000	-1.605580
1.841000	-0.097033
1.842000	1.239870
1.843000	0.155899
1.844000	-1.117790
1.845000	2.260630
1.846000	0.887574
1.847000	-0.115107
1.848000	0.715950
1.849000	0.995984
1.850000	-0.404170
1.851000	-0.431272
1.852000	-1.759150
1.853000	-0.973267
1.854000	1.393440
1.855000	0.192030
1.856000	0.300421
1.857000	1.294070
1.858000	0.146853
1.859000	0.083620
1.860000	2.007690
1.861000	1.781860
1.862000	-1.181020
1.863000	-0.810670
1.864000	1.149530
1.865000	0.643689
1.866000	-1.723020
1.867000	-0.557738
1.868000	0.824341
1.869000	0.137825
1.870000	-0.313834
1.871000	0.770155
1.872000	1.248920
1.873000	0.444962
1.874000	0.616586
1.875000	0.255263
1.876000	1.041140
1.877000	-0.223499
1.878000	-1.099730
1.879000	0.309449
1.880000	0.797257
1.881000	-1.099730
1.882000	-0.819698
1.883000	0.878546
1.884000	0.282347
1.885000	-0.051874
1.886000	0.679819
1.887000	1.429570
1.888000	0.968882
1.889000	0.255263
1.890000	0.724978
1.891000	1.203740
1.892000	-0.964220
1.893000	-1.452030
1.894000	0.752080
1.895000	0.435915
1.896000	-0.982295
1.897000	0.390757
1.898000	1.194710
1.899000	0.110722
1.900000	0.065564
1.901000	1.239870
1.902000	0.770155
1.903000	0.273319
1.904000	0.228160
1.905000	0.580456
1.906000	0.047490
1.907000	-0.259629
1.908000	-0.358993
1.909000	-0.205443
1.910000	0.155899
1.911000	0.363654
1.912000	0.228160
1.913000	0.282347
1.914000	0.670791
1.915000	0.517223
1.916000	0.616586
1.917000	0.426887
1.918000	0.146853
1.919000	0.092666
1.920000	0.354626
1.921000	0.164927
1.922000	-0.241573
1.923000	-0.476431
1.924000	-0.512561
1.925000	-0.196396
1.926000	0.029434
1.927000	0.038461
1.928000	0.734024
1.929000	1.149530
1.930000	0.616586
1.931000	0.381729
1.932000	1.032110
1.933000	1.212770
1.934000	-0.006715
1.935000	-0.476431
1.936000	0.047490
1.937000	0.282347
1.938000	-0.449328
1.939000	-0.566766
1.940000	-0.431272
1.941000	0.146853
1.942000	0.607558
1.943000	0.806285
1.944000	0.734024
1.945000	0.616586
1.946000	0.761108
1.947000	1.122450
1.948000	0.724978
1.949000	-0.494505
1.950000	-0.349965
1.951000	0.508195
1.952000	0.083620
1.953000	-0.286732
1.954000	0.164927
1.955000	0.363654
1.956000	0.408813
1.957000	0.481092
1.958000	0.354626
1.959000	0.535279
1.960000	1.086320
1.961000	0.752080
1.962000	0.011359
1.963000	-0.566766
1.964000	0.237188
1.965000	0.481092
1.966000	-0.458375
1.967000	-0.846801
1.968000	0.155899
1.969000	0.128797
1.970000	0.309449
1.971000	1.510880
1.972000	0.914677
1.973000	-0.449328
1.974000	-0.097033
1.975000	1.185680
1.976000	0.327524
1.977000	-0.575794
1.978000	-1.072630
1.979000	-0.539664
1.980000	-0.042846
1.981000	0.083620
1.982000	0.065564
1.983000	-0.196396
1.984000	-0.250601
1.985000	0.408813
1.986000	1.212770
1.987000	0.273319
1.988000	-0.187368
1.989000	0.182983
1.990000	-0.015743
1.991000	-0.097033
1.992000	0.255263
1.993000	-0.106079
1.994000	-0.928090
1.995000	-0.431272
1.996000	0.237188
1.997000	-0.313834
1.998000	-0.440300
1.999000	0.408813
2.000000	0.210086
2.001000	-0.151238
2.002000	0.625614
2.003000	0.399785
2.004000	-0.675158
2.005000	-0.503533
2.006000	-0.006715
2.007000	-0.295778
2.008000	-0.657102
2.009000	-0.521608
2.010000	-0.756465
2.011000	-0.611925
2.012000	0.490120
2.013000	0.173955
2.014000	-0.584841
2.015000	-0.620971
2.016000	0.318496
2.017000	0.273319
2.018000	-0.584841
2.019000	-0.864857
2.020000	-0.837754
2.021000	-1.135860
2.022000	-1.253280
2.023000	-0.765493
2.024000	-1.063580
2.025000	-1.144890
2.026000	-0.657102
2.027000	-0.097033
2.028000	-0.882931
2.029000	-2.310170
2.030000	-2.021110
2.031000	-0.024772
2.032000	0.950807
2.033000	-0.133163
2.034000	-0.964220
2.035000	-1.686890
2.036000	-1.768170
2.037000	-0.557738
2.038000	0.535279
2.039000	0.309449
2.040000	-0.557738
2.041000	-0.873903
2.042000	-0.322862
2.043000	0.589484
2.044000	0.724978
2.045000	0.354626
2.046000	-0.792596
2.047000	-0.819698
2.048000	-0.178340
2.049000	0.526251
2.050000	0.273319
2.051000	-0.259629
2.052000	-0.837754
2.053000	-0.666130
2.054000	0.679819
2.055000	0.878546
2.056000	0.201058
2.057000	-0.629999
2.058000	-0.458375
2.059000	0.499148
2.060000	0.905649
2.061000	0.372682
2.062000	-0.124135
2.063000	0.110722
2.064000	0.110722
2.065000	0.743052
2.066000	0.300421
2.067000	0.164927
2.068000	-0.106079
2.069000	-0.494505
2.070000	-0.476431
2.071000	0.300421
2.072000	0.372682
2.073000	-0.187368
2.074000	0.173955
2.075000	0.300421
2.076000	0.002331
2.077000	-0.241573
2.078000	0.210086
2.079000	-0.169312
2.080000	-0.503533
2.081000	-0.286732
2.082000	0.083620
2.083000	-0.205443
2.084000	-0.051874
2.085000	0.526251
2.086000	1.131480
2.087000	1.601210
2.088000	2.025770
2.089000	1.104380
2.090000	-0.151238
2.091000	0.110722
2.092000	0.381729
2.093000	-0.151238
2.094000	-0.395142
2.095000	-0.006715
2.096000	-0.033799
2.097000	0.029434
2.098000	0.779183
2.099000	1.194710
2.100000	0.201058
2.101000	-0.106079
2.102000	0.752080
2.103000	0.706922
2.104000	0.643689
2.105000	1.519900
2.106000	1.845100
2.107000	0.932751
2.108000	0.643689
2.109000	0.589484
2.110000	0.508195
2.111000	0.354626
2.112000	0.246216
2.113000	0.291393
2.114000	0.155899
2.115000	0.137825
2.116000	0.589484
2.117000	0.815313
2.118000	0.399785
2.119000	0.426887
2.120000	0.743052
2.121000	1.050170
2.122000	1.149530
2.123000	0.535279
2.124000	-0.187368
2.125000	-0.060902
2.126000	0.408813
2.127000	0.074592
2.128000	-0.178340
2.129000	0.038461
2.130000	0.309449
2.131000	0.490120
2.132000	0.598512
2.133000	0.508195
2.134000	0.083620
2.135000	-0.187368
2.136000	0.002331
2.137000	0.092666
2.138000	-0.133163
2.139000	0.074592
2.140000	0.417859
2.141000	0.182983
2.142000	-0.024772
2.143000	0.192030
2.144000	0.562381
2.145000	0.201058
2.146000	-0.042846
2.147000	0.119750
2.148000	0.318496
2.149000	0.318496
2.150000	0.453990
2.151000	0.381729
2.152000	0.056518
2.153000	0.255263
2.154000	0.869518
2.155000	0.797257
2.156000	0.237188
2.157000	0.336552
2.158000	0.399785
2.159000	0.508195
2.160000	0.887574
2.161000	0.914677
2.162000	0.155899
2.163000	0.246216
2.164000	1.285050
2.165000	0.779183
2.166000	0.110722
2.167000	0.372682
2.168000	0.652717
2.169000	0.201058
2.170000	0.463018
2.171000	0.589484
2.172000	-0.060902
2.173000	0.246216
2.174000	0.797257
2.175000	0.444962
2.176000	-0.097033
2.177000	0.354626
2.178000	0.526251
2.179000	0.327524
2.180000	0.246216
2.181000	0.201058
2.182000	-0.106079
2.183000	-0.115107
2.184000	0.408813
2.185000	0.435915
2.186000	-0.304806
2.187000	-0.097033
2.188000	0.453990
2.189000	-0.015743
2.190000	-0.223499
2.191000	0.219132
2.192000	0.083620
2.193000	-0.169312
2.194000	0.155899
2.195000	0.336552
2.196000	0.137825
2.197000	-0.142210
2.198000	0.065564
2.199000	0.192030
2.200000	-0.051874
2.201000	0.182983
2.202000	0.526251
2.203000	0.173955
2.204000	0.065564
2.205000	0.327524
2.206000	0.399785
2.207000	0.210086
2.208000	0.210086
2.209000	0.408813
2.210000	0.173955
2.211000	0.201058
2.212000	0.724978
2.213000	0.761108
2.214000	0.155899
2.215000	0.408813
2.216000	0.806285
2.217000	0.435915
2.218000	0.354626
2.219000	0.616586
2.220000	0.363654
2.221000	0.065564
2.222000	0.381729
2.223000	0.372682
2.224000	0.210086
2.225000	0.309449
2.226000	0.607558
2.227000	0.463018
2.228000	0.255263
2.229000	0.390757
2.230000	0.417859
2.231000	0.056518
2.232000	0.056518
2.233000	0.354626
2.234000	0.119750
2.235000	-0.042846
2.236000	0.065564
2.237000	0.237188
2.238000	0.083620
2.239000	0.047490
2.240000	0.092666
2.241000	0.173955
2.242000	-0.024772
2.243000	0.083620
2.244000	0.363654
2.245000	-0.051874
2.246000	-0.042846
2.247000	0.164927
2.248000	0.110722
2.249000	0.056518
2.250000	0.228160
2.251000	0.074592
2.252000	-0.033799
2.253000	0.110722
2.254000	0.173955
2.255000	0.192030
2.256000	0.182983
2.257000	0.327524
2.258000	0.327524
2.259000	0.291393
2.260000	0.273319
2.261000	0.363654
2.262000	0.146853
2.263000	0.155899
2.264000	0.309449
2.265000	0.291393
2.266000	0.318496
2.267000	0.372682
2.268000	0.282347
2.269000	0.300421
2.270000	0.435915
2.271000	0.345580
2.272000	0.246216
2.273000	0.354626
2.274000	0.463018
2.275000	0.399785
2.276000	0.336552
2.277000	0.381729
2.278000	0.201058
2.279000	0.336552
2.280000	0.381729
2.281000	0.219132
2.282000	0.128797
2.283000	0.282347
2.284000	0.282347
2.285000	0.219132
2.286000	0.173955
2.287000	0.318496
2.288000	0.408813
2.289000	0.336552
2.290000	0.327524
2.291000	0.327524
2.292000	0.110722
2.293000	-0.069930
2.294000	0.137825
2.295000	0.074592
2.296000	-0.151238
2.297000	0.137825
2.298000	0.508195
2.299000	0.237188
2.300000	0.173955
2.301000	0.517223
2.302000	0.291393
2.303000	0.029434
2.304000	0.336552
2.305000	0.273319
2.306000	-0.223499
2.307000	0.011359
2.308000	0.517223
2.309000	0.192030
2.310000	0.011359
2.311000	0.426887
2.312000	0.399785
2.313000	0.146853
2.314000	0.499148
2.315000	0.399785
2.316000	-0.178340
2.317000	0.164927
2.318000	0.544325
2.319000	0.182983
2.320000	0.173955
2.321000	0.499148
2.322000	0.399785
2.323000	0.300421
2.324000	0.417859
2.325000	0.309449
2.326000	0.146853
2.327000	0.128797
2.328000	0.255263
2.329000	0.282347
2.330000	0.282347
2.331000	0.381729
2.332000	0.390757
2.333000	0.327524
2.334000	0.345580
2.335000	0.354626
2.336000	0.255263
2.337000	0.291393
2.338000	0.110722
2.339000	0.182983
2.340000	0.363654
2.341000	0.300421
2.342000	0.255263
2.343000	0.336552
2.344000	0.273319
2.345000	0.192030
2.346000	0.463018
2.347000	0.309449
2.348000	0.002331
2.349000	0.101694
2.350000	0.390757
2.351000	0.210086
2.352000	0.173955
2.353000	0.354626
2.354000	0.210086
2.355000	0.047490
2.356000	0.336552
2.357000	0.318496
2.358000	-0.115107
2.359000	0.074592
2.360000	0.399785
2.361000	0.128797
2.362000	0.237188
2.363000	0.508195
2.364000	0.192030
2.365000	0.065564
2.366000	0.318496
2.367000	0.155899
2.368000	-0.006715
2.369000	0.246216
2.370000	0.300421
2.371000	-0.015743
2.372000	0.101694
2.373000	0.499148
2.374000	0.336552
2.375000	0.074592
2.376000	0.264291
2.377000	0.399785
2.378000	0.182983
2.379000	0.264291
2.380000	0.336552
2.381000	0.056518
2.382000	0.074592
2.383000	0.426887
2.384000	0.444962
2.385000	0.246216
2.386000	0.264291
2.387000	0.399785
2.388000	0.255263
2.389000	0.155899
2.390000	0.119750
2.391000	0.038461
2.392000	-0.069930
2.393000	0.228160
2.394000	0.553353
2.395000	0.580456
2.396000	0.228160
2.397000	0.255263
2.398000	0.453990
2.399000	0.300421
2.400000	0.182983
2.401000	0.336552
2.402000	0.336552
2.403000	-0.051874
2.404000	-0.024772
2.405000	0.444962
2.406000	0.300421
2.407000	-0.060902
2.408000	0.110722
2.409000	0.435915
2.410000	0.336552
2.411000	0.399785
2.412000	0.526251
2.413000	0.210086
2.414000	-0.386095
2.415000	-0.024772
2.416000	0.643689
2.417000	0.490120
2.418000	0.065564
2.419000	0.255263
2.420000	0.426887
2.421000	0.047490
2.422000	0.219132
2.423000	0.526251
2.424000	0.092666
2.425000	-0.250601
2.426000	0.399785
2.427000	0.715950
2.428000	-0.033799
2.429000	-0.232545
2.430000	0.426887
2.431000	0.354626
2.432000	0.020387
2.433000	0.426887
2.434000	0.453990
2.435000	-0.006715
2.436000	0.173955
2.437000	0.399785
2.438000	0.219132
2.439000	0.056518
2.440000	0.219132
2.441000	0.381729
2.442000	0.309449
2.443000	0.444962
2.444000	0.589484
2.445000	0.155899
2.446000	0.074592
2.447000	0.390757
2.448000	0.363654
2.449000	0.273319
2.450000	0.381729
2.451000	0.318496
2.452000	0.164927
2.453000	0.255263
2.454000	0.255263
2.455000	0.399785
2.456000	0.408813
2.457000	0.246216
2.458000	0.219132
2.459000	0.508195
2.460000	0.435915
2.461000	0.137825
2.462000	0.011359
2.463000	0.092666
2.464000	0.201058
2.465000	0.399785
2.466000	0.363654
2.467000	0.282347
2.468000	0.164927
2.469000	0.300421
2.470000	0.291393
2.471000	0.146853
2.472000	0.219132
2.473000	0.164927
2.474000	0.074592
2.475000	0.110722
2.476000	0.255263
2.477000	0.110722
2.478000	0.300421
2.479000	0.146853
2.480000	0.092666
2.481000	0.336552
2.482000	0.237188
2.483000	-0.169312
2.484000	0.264291
2.485000	0.490120
2.486000	-0.232545
2.487000	-0.051874
2.488000	0.833388
2.489000	0.553353
2.490000	0.002331
2.491000	0.381729
2.492000	0.390757
2.493000	-0.051874
2.494000	0.237188
2.495000	0.426887
2.496000	0.056518
2.497000	-0.015743
2.498000	0.453990
2.499000	0.589484
2.500000	0.336552
2.501000	0.345580
2.502000	-0.322862
2.503000	0.182983
2.504000	1.754760
2.505000	0.887574
2.506000	-0.783568
2.507000	0.056518
2.508000	1.104380
2.509000	0.065564
2.510000	-0.575794
2.511000	0.463018
2.512000	-0.557738
2.513000	-0.774521
2.514000	2.359990
2.515000	2.025770
2.516000	-1.171990
2.517000	-0.458375
2.518000	1.646370
2.519000	0.101694
2.520000	-0.928090
2.521000	0.490120
2.522000	0.463018
2.523000	-0.313834
2.524000	0.815313
2.525000	1.032110
2.526000	-1.099730
2.527000	-1.271360
2.528000	1.438600
2.529000	1.104380
2.530000	-0.991323
2.531000	0.517223
2.532000	0.752080
2.533000	-0.458375
2.534000	0.580456
2.535000	1.456670
2.536000	-0.602897
2.537000	-0.837754
2.538000	1.628300
2.539000	1.366340
2.540000	-0.756465
2.541000	-0.169312
2.542000	0.336552
2.543000	-0.611925
2.544000	-0.178340
2.545000	1.845100
2.546000	0.372682
2.547000	-0.864857
2.548000	1.528930
2.549000	1.375380
2.550000	-0.801624
2.551000	-0.196396
2.552000	1.248920
2.553000	-0.042846
2.554000	-0.837754
2.555000	0.679819
2.556000	1.483770
2.557000	-0.078976
2.558000	-0.639027
2.559000	0.761108
2.560000	0.011359
2.561000	-0.449328
2.562000	1.203740
2.563000	1.023090
2.564000	-0.765493
2.565000	-0.160266
2.566000	1.149530
2.567000	0.182983
2.568000	0.020387
2.569000	0.210086
2.570000	-0.349965
2.571000	0.056518
2.572000	0.788211
2.573000	0.408813
2.574000	-0.711288
2.575000	-0.431272
2.576000	0.273319
2.577000	0.824341
2.578000	0.842416
2.579000	0.264291
2.580000	-0.494505
2.581000	-0.006715
2.582000	1.321180
2.583000	0.670791
2.584000	-0.919062
2.585000	-0.349965
2.586000	0.390757
2.587000	0.363654
2.588000	0.607558
2.589000	0.282347
2.590000	-0.593869
2.591000	0.173955
2.592000	1.176640
2.593000	0.517223
2.594000	-0.042846
2.595000	0.309449
2.596000	0.381729
2.597000	0.119750
2.598000	0.399785
2.599000	0.490120
2.600000	-0.349965
2.601000	-0.331909
2.602000	0.688847
2.603000	0.734024
2.604000	-0.115107
2.605000	-0.015743
2.606000	0.571409
2.607000	0.535279
2.608000	0.237188
2.609000	0.426887
2.610000	0.408813
2.611000	0.128797
2.612000	0.300421
2.613000	0.390757
2.614000	0.119750
2.615000	0.146853
2.616000	0.300421
2.617000	0.074592
2.618000	0.119750
2.619000	0.417859
2.620000	0.444962
2.621000	0.146853
2.622000	0.164927
2.623000	0.264291
2.624000	0.101694
2.625000	0.020387
2.626000	0.264291
2.627000	0.390757
2.628000	0.137825
2.629000	0.210086
2.630000	0.408813
2.631000	0.291393
2.632000	0.246216
2.633000	0.219132
2.634000	0.002331
2.635000	0.092666
2.636000	0.535279
2.637000	0.444962
2.638000	0.092666
2.639000	0.155899
2.640000	0.318496
2.641000	0.219132
2.642000	0.210086
2.643000	0.354626
2.644000	0.237188
2.645000	0.047490
2.646000	0.164927
2.647000	0.318496
2.648000	0.137825
2.649000	0.083620
2.650000	0.291393
2.651000	0.345580
2.652000	0.264291
2.653000	0.372682
2.654000	0.399785
2.655000	0.219132
2.656000	0.137825
2.657000	0.246216
2.658000	0.300421
2.659000	0.309449
2.660000	0.354626
2.661000	0.354626
2.662000	0.318496
2.663000	0.255263
2.664000	0.228160
2.665000	0.146853
2.666000	0.155899
2.667000	0.228160
2.668000	0.264291
2.669000	0.264291
2.670000	0.363654
2.671000	0.481092
2.672000	0.426887
2.673000	0.291393
2.674000	0.273319
2.675000	0.318496
2.676000	0.318496
2.677000	0.318496
2.678000	0.255263
2.679000	0.192030
2.680000	0.237188
2.681000	0.372682
2.682000	0.399785
2.683000	0.363654
2.684000	0.282347
2.685000	0.237188
2.686000	0.219132
2.687000	0.309449
2.688000	0.255263
2.689000	0.092666
2.690000	0.155899
2.691000	0.300421
2.692000	0.408813
2.693000	0.291393
2.694000	0.264291
2.695000	0.237188
2.696000	0.164927
2.697000	0.083620
2.698000	0.110722
2.699000	0.083620
2.700000	0.092666
2.701000	0.210086
2.702000	0.237188
2.703000	0.264291
2.704000	0.309449
2.705000	0.246216
2.706000	0.083620
2.707000	0.173955
2.708000	0.210086
2.709000	0.101694
2.710000	0.074592
2.711000	0.210086
2.712000	0.291393
2.713000	0.246216
2.714000	0.246216
2.715000	0.282347
2.716000	0.255263
2.717000	0.219132
2.718000	0.291393
2.719000	0.309449
2.720000	0.237188
2.721000	0.300421
2.722000	0.381729
2.723000	0.363654
2.724000	0.381729
2.725000	0.381729
2.726000	0.327524
2.727000	0.336552
2.728000	0.363654
2.729000	0.318496
2.730000	0.309449
2.731000	0.381729
2.732000	0.408813
2.733000	0.426887
2.734000	0.417859
2.735000	0.444962
2.736000	0.444962
2.737000	0.327524
2.738000	0.246216
2.739000	0.246216
2.740000	0.210086
2.741000	0.201058
2.742000	0.255263
2.743000	0.246216
2.744000	0.219132
2.745000	0.255263
2.746000	0.300421
2.747000	0.255263
2.748000	0.201058
2.749000	0.155899
2.750000	0.137825
2.751000	0.173955
2.752000	0.146853
2.753000	0.092666
2.754000	0.065564
2.755000	0.146853
2.756000	0.201058
2.757000	0.192030
2.758000	0.101694
2.759000	0.128797
2.760000	0.137825
2.761000	0.065564
2.762000	0.047490
2.763000	0.146853
2.764000	0.228160
2.765000	0.192030
2.766000	0.246216
2.767000	0.327524
2.768000	0.273319
2.769000	0.192030
2.770000	0.201058
2.771000	0.219132
2.772000	0.173955
2.773000	0.237188
2.774000	0.327524
2.775000	0.354626
2.776000	0.363654
2.777000	0.399785
2.778000	0.381729
2.779000	0.372682
2.780000	0.399785
2.781000	0.345580
2.782000	0.300421
2.783000	0.381729
2.784000	0.390757
2.785000	0.345580
2.786000	0.327524
2.787000	0.363654
2.788000	0.327524
2.789000	0.300421
2.790000	0.318496
2.791000	0.291393
2.792000	0.237188
2.793000	0.237188
2.794000	0.246216
2.795000	0.228160
2.796000	0.273319
2.797000	0.282347
2.798000	0.264291
2.799000	0.255263
2.800000	0.237188
2.801000	0.155899
2.802000	0.146853
2.803000	0.074592
2.804000	0.038461
2.805000	0.074592
2.806000	0.137825
2.807000	0.128797
2.808000	0.119750
2.809000	0.210086
2.810000	0.192030
2.811000	0.119750
2.812000	0.128797
2.813000	0.137825
2.814000	0.074592
2.815000	0.110722
2.816000	0.182983
2.817000	0.192030
2.818000	0.173955
2.819000	0.219132
2.820000	0.264291
2.821000	0.237188
2.822000	0.219132
2.823000	0.273319
2.824000	0.273319
2.825000	0.228160
2.826000	0.264291
2.827000	0.318496
2.828000	0.318496
2.829000	0.345580
2.830000	0.372682
2.831000	0.327524
2.832000	0.318496
2.833000	0.345580
2.834000	0.282347
2.835000	0.255263
2.836000	0.273319
2.837000	0.309449
2.838000	0.363654
2.839000	0.381729
2.840000	0.408813
2.841000	0.417859
2.842000	0.363654
2.843000	0.327524
2.844000	0.327524
2.845000	0.246216
2.846000	0.210086
2.847000	0.237188
2.848000	0.228160
2.849000	0.237188
2.850000	0.228160
2.851000	0.182983
2.852000	0.201058
2.853000	0.255263
2.854000	0.210086
2.855000	0.137825
2.856000	0.155899
2.857000	0.246216
2.858000	0.210086
2.859000	0.146853
2.860000	0.182983
2.861000	0.228160
2.862000	0.164927
2.863000	0.146853
2.864000	0.182983
2.865000	0.164927
2.866000	0.146853
2.867000	0.192030
2.868000	0.201058
2.869000	0.210086
2.870000	0.273319
2.871000	0.318496
2.872000	0.327524
2.873000	0.255263
2.874000	0.291393
2.875000	0.255263
2.876000	0.228160
2.877000	0.228160
2.878000	0.237188
2.879000	0.273319
2.880000	0.309449
2.881000	0.372682
2.882000	0.390757
2.883000	0.417859
2.884000	0.363654
2.885000	0.354626
2.886000	0.390757
2.887000	0.345580
2.888000	0.318496
2.889000	0.309449
2.890000	0.336552
2.891000	0.354626
2.892000	0.381729
2.893000	0.372682
2.894000	0.372682
2.895000	0.327524
2.896000	0.282347
2.897000	0.309449
2.898000	0.309449
2.899000	0.273319
2.900000	0.282347
2.901000	0.309449
2.902000	0.291393
2.903000	0.291393
2.904000	0.300421
2.905000	0.282347
2.906000	0.237188
2.907000	0.201058
2.908000	0.164927
2.909000	0.192030
2.910000	0.192030
2.911000	0.219132
2.912000	0.219132
2.913000	0.237188
2.914000	0.210086
2.915000	0.219132
2.916000	0.192030
2.917000	0.164927
2.918000	0.182983
2.919000	0.219132
2.920000	0.155899
2.921000	0.164927
2.922000	0.246216
2.923000	0.264291
2.924000	0.219132
2.925000	0.210086
2.926000	0.255263
2.927000	0.237188
2.928000	0.282347
2.929000	0.291393
2.930000	0.282347
2.931000	0.282347
2.932000	0.300421
2.933000	0.345580
2.934000	0.327524
2.935000	0.291393
2.936000	0.300421
2.937000	0.336552
2.938000	0.291393
2.939000	0.282347
2.940000	0.291393
2.941000	0.300421
2.942000	0.291393
2.943000	0.282347
2.944000	0.300421
2.945000	0.318496
2.946000	0.309449
2.947000	0.282347
2.948000	0.273319
2.949000	0.246216
2.950000	0.228160
2.951000	0.228160
2.952000	0.237188
2.953000	0.228160
2.954000	0.210086
2.955000	0.192030
2.956000	0.228160
2.957000	0.201058
2.958000	0.155899
2.959000	0.164927
2.960000	0.182983
2.961000	0.146853
2.962000	0.146853
2.963000	0.173955
2.964000	0.201058
2.965000	0.192030
2.966000	0.173955
2.967000	0.182983
2.968000	0.192030
2.969000	0.155899
2.970000	0.173955
2.971000	0.164927
2.972000	0.128797
2.973000	0.164927
2.974000	0.219132
2.975000	0.228160
2.976000	0.246216
2.977000	0.246216
2.978000	0.273319
2.979000	0.264291
2.980000	0.255263
2.981000	0.246216
2.982000	0.237188
2.983000	0.228160
2.984000	0.264291
2.985000	0.282347
2.986000	0.273319
2.987000	0.291393
2.988000	0.300421
2.989000	0.300421
2.990000	0.291393
2.991000	0.291393
2.992000	0.309449
2.993000	0.318496
2.994000	0.264291
2.995000	0.264291
2.996000	0.300421
2.997000	0.264291
2.998000	0.255263
2.999000	0.264291
3.000000	0.219132
3.001000	0.210086
3.002000	0.246216
3.003000	0.246216
3.004000	0.210086
3.005000	0.228160
3.006000	0.228160
3.007000	0.228160
3.008000	0.201058
3.009000	0.210086
3.010000	0.219132
3.011000	0.192030
3.012000	0.182983
3.013000	0.210086
3.014000	0.228160
3.015000	0.164927
3.016000	0.164927
3.017000	0.201058
3.018000	0.192030
3.019000	0.164927
3.020000	0.228160
3.021000	0.219132
3.022000	0.182983
3.023000	0.210086
3.024000	0.264291
3.025000	0.255263
3.026000	0.237188
3.027000	0.246216
3.028000	0.264291
3.029000	0.273319
3.030000	0.282347
3.031000	0.291393
3.032000	0.291393
3.033000	0.318496
3.034000	0.300421
3.035000	0.300421
3.036000	0.264291
3.037000	0.300421
3.038000	0.336552
3.039000	0.336552
3.040000	0.336552
3.041000	0.300421
3.042000	0.318496
3.043000	0.345580
3.044000	0.345580
3.045000	0.291393
3.046000	0.300421
3.047000	0.336552
3.048000	0.318496
3.049000	0.318496
3.050000	0.318496
3.051000	0.309449
3.052000	0.327524
3.053000	0.318496
3.054000	0.300421
3.055000	0.273319
3.056000	0.255263
3.057000	0.282347
3.058000	0.291393
3.059000	0.237188
3.060000	0.201058
3.061000	0.237188
3.062000	0.228160
3.063000	0.219132
3.064000	0.219132
3.065000	0.201058
3.066000	0.219132
3.067000	0.237188
3.068000	0.237188
3.069000	0.219132
3.070000	0.219132
3.071000	0.210086
3.072000	0.228160
3.073000	0.228160
3.074000	0.201058
3.075000	0.219132
3.076000	0.228160
3.077000	0.246216
3.078000	0.246216
3.079000	0.255263
3.080000	0.255263
3.081000	0.246216
3.082000	0.228160
3.083000	0.255263
3.084000	0.273319
3.085000	0.300421
3.086000	0.318496
3.087000	0.327524
3.088000	0.309449
3.089000	0.327524
3.090000	0.336552
3.091000	0.318496
3.092000	0.318496
3.093000	0.300421
3.094000	0.291393
3.095000	0.327524
3.096000	0.363654
3.097000	0.354626
3.098000	0.327524
3.099000	0.318496
3.100000	0.327524
3.101000	0.327524
3.102000	0.300421
3.103000	0.282347
3.104000	0.255263
3.105000	0.246216
3.106000	0.255263
3.107000	0.264291
3.108000	0.237188
3.109000	0.201058
3.110000	0.210086
3.111000	0.237188
3.112000	0.228160
3.113000	0.210086
3.114000	0.210086
3.115000	0.182983
3.116000	0.173955
3.117000	0.210086
3.118000	0.201058
3.119000	0.164927
3.120000	0.155899
3.121000	0.173955
3.122000	0.182983
3.123000	0.173955
3.124000	0.155899
3.125000	0.164927
3.126000	0.173955
3.127000	0.192030
3.128000	0.219132
3.129000	0.246216
3.130000	0.210086
3.131000	0.255263
3.132000	0.282347
3.133000	0.264291
3.134000	0.246216
3.135000	0.246216
3.136000	0.246216
3.137000	0.228160
3.138000	0.273319
3.139000	0.309449
3.140000	0.300421
3.141000	0.282347
3.142000	0.318496
3.143000	0.336552
3.144000	0.300421
3.145000	0.282347
3.146000	0.300421
3.147000	0.264291
3.148000	0.264291
3.149000	0.300421
3.150000	0.273319
3.151000	0.273319
3.152000	0.264291
3.153000	0.237188
3.154000	0.228160
3.155000	0.237188
3.156000	0.210086
3.157000	0.182983
3.158000	0.182983
3.159000	0.219132
3.160000	0.228160
3.161000	0.210086
3.162000	0.192030
3.163000	0.192030
3.164000	0.192030
3.165000	0.155899
3.166000	0.173955
3.167000	0.155899
3.168000	0.155899
3.169000	0.137825
3.170000	0.192030
3.171000	0.210086
3.172000	0.192030
3.173000	0.210086
3.174000	0.219132
3.175000	0.201058
3.176000	0.237188
3.177000	0.246216
3.178000	0.219132
3.179000	0.228160
3.180000	0.255263
3.181000	0.282347
3.182000	0.264291
3.183000	0.300421
3.184000	0.291393
3.185000	0.264291
3.186000	0.282347
3.187000	0.309449
3.188000	0.300421
3.189000	0.282347
3.190000	0.291393
3.191000	0.309449
3.192000	0.318496
3.193000	0.309449
3.194000	0.318496
3.195000	0.273319
3.196000	0.273319
3.197000	0.291393
3.198000	0.291393
3.199000	0.255263
3.200000	0.246216
3.201000	0.255263
3.202000	0.246216
3.203000	0.246216
3.204000	0.255263
3.205000	0.246216
3.206000	0.228160
3.207000	0.246216
3.208000	0.246216
3.209000	0.192030
3.210000	0.201058
3.211000	0.219132
3.212000	0.210086
3.213000	0.201058
3.214000	0.219132
3.215000	0.237188
3.216000	0.219132
3.217000	0.228160
3.218000	0.237188
3.219000	0.210086
3.220000	0.219132
3.221000	0.228160
3.222000	0.246216
3.223000	0.255263
3.224000	0.264291
3.225000	0.273319
3.226000	0.255263
3.227000	0.264291
3.228000	0.282347
3.229000	0.264291
3.230000	0.255263
3.231000	0.273319
3.232000	0.300421
3.233000	0.309449
3.234000	0.327524
3.235000	0.336552
3.236000	0.309449
3.237000	0.300421
3.238000	0.318496
3.239000	0.318496
3.240000	0.291393
3.241000	0.300421
3.242000	0.300421
3.243000	0.300421
3.244000	0.300421
3.245000	0.309449
3.246000	0.291393
3.247000	0.291393
3.248000	0.300421
3.249000	0.282347
3.250000	0.291393
3.251000	0.282347
3.252000	0.282347
3.253000	0.264291
3.254000	0.273319
3.255000	0.264291
3.256000	0.246216
3.257000	0.264291
3.258000	0.246216
3.259000	0.246216
3.260000	0.264291
3.261000	0.246216
3.262000	0.237188
3.263000	0.237188
3.264000	0.255263
3.265000	0.255263
3.266000	0.255263
3.267000	0.237188
3.268000	0.246216
3.269000	0.255263
3.270000	0.246216
3.271000	0.246216
3.272000	0.255263
3.273000	0.255263
3.274000	0.246216
3.275000	0.255263
3.276000	0.273319
3.277000	0.246216
3.278000	0.273319
3.279000	0.291393
3.280000	0.291393
3.281000	0.291393
3.282000	0.282347
3.283000	0.282347
3.284000	0.255263
3.285000	0.264291
3.286000	0.264291
3.287000	0.264291
3.288000	0.264291
3.289000	0.282347
3.290000	0.264291
3.291000	0.273319
3.292000	0.264291
3.293000	0.264291
3.294000	0.264291
3.295000	0.246216
3.296000	0.255263
3.297000	0.282347
3.298000	0.282347
3.299000	0.264291
3.300000	0.246216
3.301000	0.246216
3.302000	0.237188
3.303000	0.264291
3.304000	0.246216
3.305000	0.228160
3.306000	0.228160
3.307000	0.228160
3.308000	0.237188
3.309000	0.237188
3.310000	0.228160
3.311000	0.210086
3.312000	0.237188
3.313000	0.237188
3.314000	0.237188
3.315000	0.228160
3.316000	0.237188
3.317000	0.219132
3.318000	0.228160
3.319000	0.219132
3.320000	0.237188
3.321000	0.219132
3.322000	0.219132
3.323000	0.228160
3.324000	0.237188
3.325000	0.246216
3.326000	0.237188
3.327000	0.237188
3.328000	0.228160
3.329000	0.237188
3.330000	0.237188
3.331000	0.246216
3.332000	0.237188
3.333000	0.228160
3.334000	0.237188
3.335000	0.246216
3.336000	0.255263
3.337000	0.255263
3.338000	0.237188
3.339000	0.237188
3.340000	0.228160
3.341000	0.246216
3.342000	0.246216
3.343000	0.255263
3.344000	0.246216
3.345000	0.255263
3.346000	0.246216
3.347000	0.246216
3.348000	0.237188
3.349000	0.228160
3.350000	0.219132
3.351000	0.237188
3.352000	0.219132
3.353000	0.219132
3.354000	0.228160
3.355000	0.237188
3.356000	0.219132
3.357000	0.219132
3.358000	0.219132
3.359000	0.210086
3.360000	0.219132
3.361000	0.219132
3.362000	0.219132
3.363000	0.219132
3.364000	0.219132
3.365000	0.228160
3.366000	0.210086
3.367000	0.210086
3.368000	0.228160
3.369000	0.228160
3.370000	0.228160
3.371000	0.237188
3.372000	0.246216
3.373000	0.246216
3.374000	0.255263
3.375000	0.237188
3.376000	0.246216
3.377000	0.264291
3.378000	0.246216
3.379000	0.264291
3.380000	0.264291
3.381000	0.264291
3.382000	0.264291
3.383000	0.273319
3.384000	0.264291
3.385000	0.273319
3.386000	0.273319
3.387000	0.282347
3.388000	0.273319
3.389000	0.282347
3.390000	0.282347
3.391000	0.282347
3.392000	0.282347
3.393000	0.273319
3.394000	0.264291
3.395000	0.264291
3.396000	0.264291
3.397000	0.273319
3.398000	0.264291
3.399000	0.273319
3.400000	0.264291
3.401000	0.255263
3.402000	0.264291
3.403000	0.246216
3.404000	0.237188
3.405000	0.237188
3.406000	0.237188
3.407000	0.228160
3.408000	0.246216
3.409000	0.246216
3.410000	0.255263
3.411000	0.237188
3.412000	0.255263
3.413000	0.246216
3.414000	0.246216
3.415000	0.246216
3.416000	0.255263
3.417000	0.246216
3.418000	0.255263
3.419000	0.264291
3.420000	0.255263
3.421000	0.255263
3.422000	0.264291
3.423000	0.264291
3.424000	0.273319
3.425000	0.264291
3.426000	0.273319
3.427000	0.291393
3.428000	0.291393
3.429000	0.291393
3.430000	0.291393
3.431000	0.282347
3.432000	0.291393
3.433000	0.309449
3.434000	0.300421
3.435000	0.300421
3.436000	0.300421
3.437000	0.300421
3.438000	0.318496
3.439000	0.318496
3.440000	0.309449
3.441000	0.291393
3.442000	0.309449
3.443000	0.309449
3.444000	0.291393
3.445000	0.291393
3.446000	0.291393
3.447000	0.291393
3.448000	0.291393
3.449000	0.291393
3.450000	0.282347
3.451000	0.264291
3.452000	0.264291
3.453000	0.255263
3.454000	0.237188
3.455000	0.246216
3.456000	0.228160
3.457000	0.228160
3.458000	0.219132
3.459000	0.219132
3.460000	0.210086
3.461000	0.219132
3.462000	0.228160
3.463000	0.228160
3.464000	0.228160
3.465000	0.228160
3.466000	0.228160
3.467000	0.219132
3.468000	0.210086
3.469000	0.210086
3.470000	0.219132
3.471000	0.237188
3.472000	0.228160
3.473000	0.228160
3.474000	0.255263
3.475000	0.255263
3.476000	0.246216
3.477000	0.255263
3.478000	0.264291
3.479000	0.273319
3.480000	0.282347
3.481000	0.309449
3.482000	0.300421
3.483000	0.291393
3.484000	0.309449
3.485000	0.309449
3.486000	0.300421
3.487000	0.309449
3.488000	0.318496
3.489000	0.300421
3.490000	0.318496
3.491000	0.309449
3.492000	0.309449
3.493000	0.300421
3.494000	0.309449
3.495000	0.300421
3.496000	0.273319
3.497000	0.273319
3.498000	0.264291
3.499000	0.246216
