0.000000	-9.510700
0.001000	-11.629800
0.002000	-10.570300
0.003000	-9.510700
0.004000	-9.510700
0.005000	-3.153280
0.006000	-3.153280
0.007000	-4.212850
0.008000	-7.391560
0.009000	-9.510700
0.010000	-12.689400
0.011000	-13.749000
0.012000	-10.570300
0.013000	-7.391560
0.014000	-4.212850
0.015000	0.025430
0.016000	1.085000
0.017000	-2.093710
0.018000	-4.212850
0.019000	-5.272420
0.020000	-8.451130
0.021000	-5.272420
0.022000	-1.034140
0.023000	2.144570
0.024000	6.382850
0.025000	7.442420
0.026000	3.204140
0.027000	1.085000
0.028000	-4.212850
0.029000	-5.272420
0.030000	-8.451130
0.031000	-5.272420
0.032000	-4.212850
0.033000	-3.153280
0.034000	-1.034140
0.035000	-2.093710
0.036000	-3.153280
0.037000	-4.212850
0.038000	-4.212850
0.039000	-5.272420
0.040000	-3.153280
0.041000	-1.034140
0.042000	-1.034140
0.043000	0.025430
0.044000	-2.093710
0.045000	-6.331990
0.046000	-8.451130
0.047000	-8.451130
0.048000	-7.391560
0.049000	-4.212850
0.050000	-4.212850
0.051000	-1.034140
0.052000	-4.212850
0.053000	-3.153280
0.054000	-8.451130
0.055000	-8.451130
0.056000	-7.391560
0.057000	-5.272420
0.058000	-2.093710
0.059000	0.025430
0.060000	1.085000
0.061000	1.085000
0.062000	-3.153280
0.063000	-7.391560
0.064000	-16.927700
0.065000	-19.046801
0.066000	-21.166000
0.067000	-22.225500
0.068000	-16.927700
0.069000	-7.391560
0.070000	-5.272420
0.071000	-2.093710
0.072000	-1.034140
0.073000	-7.391560
0.074000	-9.510700
0.075000	-11.629800
0.076000	-13.749000
0.077000	-15.868100
0.078000	-14.808600
0.079000	-14.808600
0.080000	-13.749000
0.081000	-14.808600
0.082000	-15.868100
0.083000	-14.808600
0.084000	-13.749000
0.085000	-11.629800
0.086000	-9.510700
0.087000	-9.510700
0.088000	-8.451130
0.089000	-11.629800
0.090000	-11.629800
0.091000	-16.927700
0.092000	-16.927700
0.093000	-17.987301
0.094000	-17.987301
0.095000	-15.868100
0.096000	-15.868100
0.097000	-15.868100
0.098000	-16.927700
0.099000	-17.987301
0.100000	-20.106400
0.101000	-20.106400
0.102000	-20.106400
0.103000	-19.046801
0.104000	-17.987301
0.105000	-17.987301
0.106000	-17.987301
0.107000	-19.046801
0.108000	-17.987301
0.109000	-19.046801
0.110000	-19.046801
0.111000	-19.046801
0.112000	-20.106400
0.113000	-20.106400
0.114000	-20.106400
0.115000	-21.166000
0.116000	-22.225500
0.117000	-21.166000
0.118000	-21.166000
0.119000	-21.166000
0.120000	-20.106400
0.121000	-20.106400
0.122000	-20.106400
0.123000	-20.106400
0.124000	-20.106400
0.125000	-22.225500
0.126000	-22.225500
0.127000	-23.285101
0.128000	-23.285101
0.129000	-24.344700
0.130000	-26.463800
0.131000	-25.404301
0.132000	-24.344700
0.133000	-23.285101
0.134000	-23.285101
0.135000	-22.225500
0.136000	-23.285101
0.137000	-22.225500
0.138000	-22.225500
0.139000	-22.225500
0.140000	-24.344700
0.141000	-24.344700
0.142000	-25.404301
0.143000	-25.404301
0.144000	-28.583000
0.145000	-28.583000
0.146000	-28.583000
0.147000	-27.523399
0.148000	-27.523399
0.149000	-25.404301
0.150000	-26.463800
0.151000	-24.344700
0.152000	-25.404301
0.153000	-24.344700
0.154000	-27.523399
0.155000	-26.463800
0.156000	-27.523399
0.157000	-28.583000
0.158000	-28.583000
0.159000	-29.642500
0.160000	-29.642500
0.161000	-29.642500
0.162000	-28.583000
0.163000	-29.642500
0.164000	-27.523399
0.165000	-28.583000
0.166000	-27.523399
0.167000	-27.523399
0.168000	-28.583000
0.169000	-27.523399
0.170000	-27.523399
0.171000	-28.583000
0.172000	-26.463800
0.173000	-27.523399
0.174000	-28.583000
0.175000	-31.761700
0.176000	-31.761700
0.177000	-30.702101
0.178000	-31.761700
0.179000	-28.583000
0.180000	-30.702101
0.181000	-31.761700
0.182000	-29.642500
0.183000	-31.761700
0.184000	-31.761700
0.185000	-29.642500
0.186000	-31.761700
0.187000	-34.940399
0.188000	-33.880798
0.189000	-28.583000
0.190000	-26.463800
0.191000	-25.404301
0.192000	-28.583000
0.193000	-29.642500
0.194000	-32.821201
0.195000	-30.702101
0.196000	-30.702101
0.197000	-27.523399
0.198000	-26.463800
0.199000	-29.642500
0.200000	-29.642500
0.201000	-29.642500
0.202000	-30.702101
0.203000	-29.642500
0.204000	-29.642500
0.205000	-28.583000
0.206000	-30.702101
0.207000	-32.821201
0.208000	-28.583000
0.209000	-30.702101
0.210000	-30.702101
0.211000	-29.642500
0.212000	-30.702101
0.213000	-29.642500
0.214000	-31.761700
0.215000	-30.702101
0.216000	-31.761700
0.217000	-32.821201
0.218000	-30.702101
0.219000	-31.761700
0.220000	-31.761700
0.221000	-32.821201
0.222000	-30.702101
0.223000	-29.642500
0.224000	-30.702101
0.225000	-28.583000
0.226000	-28.583000
0.227000	-29.642500
0.228000	-29.642500
0.229000	-30.702101
0.230000	-32.821201
0.231000	-32.821201
0.232000	-34.940399
0.233000	-32.821201
0.234000	-33.880798
0.235000	-34.940399
0.236000	-31.761700
0.237000	-31.761700
0.238000	-31.761700
0.239000	-30.702101
0.240000	-31.761700
0.241000	-27.523399
0.242000	-30.702101
0.243000	-28.583000
0.244000	-32.821201
0.245000	-33.880798
0.246000	-31.761700
0.247000	-36.000000
0.248000	-38.119099
0.249000	-37.059502
0.250000	-34.940399
0.251000	-36.000000
0.252000	-36.000000
0.253000	-32.821201
0.254000	-33.880798
0.255000	-33.880798
0.256000	-30.702101
0.257000	-29.642500
0.258000	-30.702101
0.259000	-29.642500
0.260000	-33.880798
0.261000	-37.059502
0.262000	-36.000000
0.263000	-37.059502
0.264000	-39.178699
0.265000	-37.059502
0.266000	-37.059502
0.267000	-37.059502
0.268000	-38.119099
0.269000	-37.059502
0.270000	-39.178699
0.271000	-39.178699
0.272000	-36.000000
0.273000	-34.940399
0.274000	-32.821201
0.275000	-31.761700
0.276000	-30.702101
0.277000	-36.000000
0.278000	-30.702101
0.279000	-33.880798
0.280000	-47.655201
0.281000	-43.417000
0.282000	-40.238201
0.283000	-37.059502
0.284000	-31.761700
0.285000	-30.702101
0.286000	-31.761700
0.287000	-36.000000
0.288000	-37.059502
0.289000	-32.821201
0.290000	-30.702101
0.291000	-26.463800
0.292000	-24.344700
0.293000	-29.642500
0.294000	-29.642500
0.295000	-41.297798
0.296000	-44.476501
0.297000	-46.595699
0.298000	-46.595699
0.299000	-43.417000
0.300000	-32.821201
0.301000	-25.404301
0.302000	-23.285101
0.303000	-17.987301
0.304000	-22.225500
0.305000	-25.404301
0.306000	-31.761700
0.307000	-33.880798
0.308000	-33.880798
0.309000	-31.761700
0.310000	-31.761700
0.311000	-32.821201
0.312000	-30.702101
0.313000	-32.821201
0.314000	-31.761700
0.315000	-34.940399
0.316000	-31.761700
0.317000	-29.642500
0.318000	-23.285101
0.319000	-17.987301
0.320000	-15.868100
