0.000000	0.000000
0.001000	6.342770
0.002000	12.685500
0.003000	10.571300
0.004000	12.685500
0.005000	6.342770
0.006000	4.228510
0.007000	-6.342770
0.008000	-6.342770
0.009000	-6.342770
0.010000	-4.228510
0.011000	4.228510
0.012000	0.000000
0.013000	4.228510
0.014000	4.228510
0.015000	2.114260
0.016000	2.114260
0.017000	-2.114260
0.018000	0.000000
0.019000	-8.457030
0.020000	-2.114260
0.021000	-4.228510
0.022000	0.000000
0.023000	2.114260
0.024000	4.228510
0.025000	6.342770
0.026000	2.114260
0.027000	4.228510
0.028000	-2.114260
0.029000	-4.228510
0.030000	-4.228510
0.031000	-2.114260
0.032000	0.000000
0.033000	-2.114260
0.034000	2.114260
0.035000	0.000000
0.036000	0.000000
0.037000	4.228510
0.038000	2.114260
0.039000	0.000000
0.040000	0.000000
0.041000	0.000000
0.042000	0.000000
0.043000	2.114260
0.044000	4.228510
0.045000	4.228510
0.046000	2.114260
0.047000	4.228510
0.048000	8.457030
0.049000	8.457030
0.050000	8.457030
0.051000	10.571300
0.052000	10.571300
0.053000	10.571300
0.054000	10.571300
0.055000	10.571300
0.056000	8.457030
0.057000	8.457030
0.058000	8.457030
0.059000	10.571300
0.060000	8.457030
0.061000	12.685500
0.062000	8.457030
0.063000	-2.114260
0.064000	6.342770
0.065000	-2.114260
0.066000	-6.342770
0.067000	2.114260
0.068000	4.228510
0.069000	0.000000
0.070000	12.685500
0.071000	21.142599
0.072000	16.914101
0.073000	21.142599
0.074000	14.799800
0.075000	10.571300
0.076000	8.457030
0.077000	6.342770
0.078000	4.228510
0.079000	0.000000
0.080000	0.000000
0.081000	2.114260
0.082000	8.457030
0.083000	8.457030
0.084000	14.799800
0.085000	10.571300
0.086000	12.685500
0.087000	12.685500
0.088000	10.571300
0.089000	10.571300
0.090000	8.457030
0.091000	8.457030
0.092000	8.457030
0.093000	8.457030
0.094000	10.571300
0.095000	10.571300
0.096000	4.228510
0.097000	8.457030
0.098000	8.457030
0.099000	10.571300
0.100000	8.457030
0.101000	8.457030
0.102000	12.685500
0.103000	10.571300
0.104000	12.685500
0.105000	12.685500
0.106000	12.685500
0.107000	12.685500
0.108000	10.571300
0.109000	10.571300
0.110000	12.685500
0.111000	12.685500
0.112000	10.571300
0.113000	12.685500
0.114000	12.685500
0.115000	12.685500
0.116000	10.571300
0.117000	8.457030
0.118000	6.342770
0.119000	8.457030
0.120000	8.457030
0.121000	10.571300
0.122000	12.685500
0.123000	12.685500
0.124000	12.685500
0.125000	12.685500
0.126000	10.571300
0.127000	8.457030
0.128000	8.457030
0.129000	8.457030
0.130000	6.342770
0.131000	8.457030
0.132000	10.571300
0.133000	10.571300
0.134000	12.685500
0.135000	12.685500
0.136000	12.685500
0.137000	14.799800
0.138000	12.685500
0.139000	12.685500
0.140000	10.571300
0.141000	10.571300
0.142000	16.914101
0.143000	12.685500
0.144000	12.685500
0.145000	10.571300
0.146000	8.457030
0.147000	8.457030
0.148000	6.342770
0.149000	8.457030
0.150000	6.342770
0.151000	6.342770
0.152000	8.457030
0.153000	12.685500
0.154000	10.571300
0.155000	12.685500
0.156000	12.685500
0.157000	12.685500
0.158000	10.571300
0.159000	10.571300
0.160000	10.571300
0.161000	14.799800
0.162000	12.685500
0.163000	14.799800
0.164000	16.914101
0.165000	14.799800
0.166000	12.685500
0.167000	10.571300
0.168000	12.685500
0.169000	10.571300
0.170000	10.571300
0.171000	8.457030
0.172000	10.571300
0.173000	12.685500
0.174000	14.799800
0.175000	12.685500
0.176000	10.571300
0.177000	16.914101
0.178000	14.799800
0.179000	12.685500
0.180000	10.571300
0.181000	8.457030
0.182000	10.571300
0.183000	12.685500
0.184000	10.571300
0.185000	12.685500
0.186000	14.799800
0.187000	16.914101
0.188000	10.571300
0.189000	10.571300
0.190000	12.685500
0.191000	16.914101
0.192000	19.028299
0.193000	12.685500
0.194000	10.571300
0.195000	16.914101
0.196000	12.685500
0.197000	10.571300
0.198000	14.799800
0.199000	12.685500
0.200000	12.685500
0.201000	12.685500
0.202000	12.685500
0.203000	14.799800
0.204000	8.457030
0.205000	19.028299
0.206000	12.685500
0.207000	14.799800
0.208000	12.685500
0.209000	16.914101
0.210000	12.685500
0.211000	12.685500
0.212000	12.685500
0.213000	12.685500
0.214000	12.685500
0.215000	12.685500
0.216000	12.685500
0.217000	14.799800
0.218000	12.685500
0.219000	10.571300
0.220000	12.685500
0.221000	10.571300
0.222000	10.571300
0.223000	12.685500
0.224000	12.685500
0.225000	12.685500
0.226000	12.685500
0.227000	16.914101
0.228000	12.685500
0.229000	12.685500
0.230000	10.571300
0.231000	8.457030
0.232000	8.457030
0.233000	10.571300
0.234000	10.571300
0.235000	12.685500
0.236000	8.457030
0.237000	12.685500
0.238000	12.685500
0.239000	12.685500
0.240000	16.914101
0.241000	29.599600
0.242000	4.228510
0.243000	0.000000
0.244000	33.828098
0.245000	6.342770
0.246000	10.571300
0.247000	19.028299
0.248000	14.799800
0.249000	12.685500
0.250000	6.342770
0.251000	19.028299
0.252000	8.457030
0.253000	10.571300
0.254000	16.914101
0.255000	12.685500
0.256000	16.914101
0.257000	16.914101
0.258000	16.914101
0.259000	12.685500
0.260000	12.685500
0.261000	14.799800
0.262000	8.457030
0.263000	14.799800
0.264000	10.571300
0.265000	6.342770
0.266000	8.457030
0.267000	10.571300
0.268000	12.685500
0.269000	-2.114260
0.270000	10.571300
0.271000	6.342770
0.272000	4.228510
0.273000	8.457030
0.274000	12.685500
0.275000	8.457030
0.276000	4.228510
0.277000	16.914101
0.278000	4.228510
0.279000	16.914101
0.280000	14.799800
0.281000	-2.114260
0.282000	16.914101
0.283000	12.685500
0.284000	10.571300
0.285000	6.342770
0.286000	12.685500
0.287000	14.799800
0.288000	4.228510
0.289000	12.685500
0.290000	10.571300
0.291000	8.457030
0.292000	19.028299
0.293000	10.571300
0.294000	8.457030
0.295000	14.799800
0.296000	16.914101
0.297000	21.142599
0.298000	12.685500
0.299000	19.028299
0.300000	19.028299
0.301000	10.571300
0.302000	16.914101
0.303000	19.028299
0.304000	8.457030
0.305000	10.571300
0.306000	10.571300
0.307000	14.799800
0.308000	2.114260
0.309000	19.028299
0.310000	21.142599
0.311000	12.685500
0.312000	19.028299
0.313000	21.142599
0.314000	8.457030
0.315000	16.914101
0.316000	27.485399
0.317000	12.685500
0.318000	19.028299
0.319000	21.142599
0.320000	21.142599
