0.000000	-0.944080
0.001000	-1.012640
0.002000	-1.081190
0.003000	-0.806971
0.004000	-0.669862
0.005000	-0.601307
0.006000	-0.258533
0.007000	-0.601307
0.008000	-0.669862
0.009000	-0.944080
0.010000	-1.081190
0.011000	-0.806971
0.012000	-0.669862
0.013000	-0.121424
0.014000	0.289904
0.015000	0.564123
0.016000	0.838342
0.017000	0.701232
0.018000	0.564123
0.019000	0.358459
0.020000	0.358459
0.021000	0.564123
0.022000	0.838342
0.023000	1.318220
0.024000	1.455330
0.025000	1.592440
0.026000	1.523890
0.027000	1.318220
0.028000	1.044010
0.029000	0.838342
0.030000	0.838342
0.031000	0.906896
0.032000	1.181110
0.033000	1.455330
0.034000	1.592440
0.035000	1.729550
0.036000	1.729550
0.037000	1.798110
0.038000	1.866660
0.039000	2.003770
0.040000	2.209440
0.041000	2.415100
0.042000	2.620760
0.043000	2.620760
0.044000	2.689320
0.045000	2.620760
0.046000	2.689320
0.047000	2.963540
0.048000	3.237760
0.049000	3.511970
0.050000	3.786190
0.051000	3.991860
0.052000	4.060410
0.053000	4.060410
0.054000	4.060410
0.055000	4.197520
0.056000	4.403190
0.057000	4.883070
0.058000	5.362950
0.059000	5.705720
0.060000	5.911390
0.061000	6.048500
0.062000	5.911390
0.063000	5.294400
0.064000	5.157290
0.065000	4.951620
0.066000	4.608850
0.067000	5.362950
0.068000	5.911390
0.069000	6.459830
0.070000	7.282480
0.071000	7.625260
0.072000	7.693810
0.073000	7.625260
0.074000	7.419590
0.075000	7.213930
0.076000	7.076820
0.077000	7.145370
0.078000	7.282480
0.079000	7.419590
0.080000	7.693810
0.081000	7.899470
0.082000	8.173690
0.083000	8.447910
0.084000	8.653580
0.085000	8.996350
0.086000	9.270570
0.087000	9.339120
0.088000	9.407680
0.089000	9.339120
0.090000	9.202010
0.091000	9.064900
0.092000	9.064900
0.093000	9.133460
0.094000	9.270570
0.095000	9.613340
0.096000	9.819010
0.097000	10.024700
0.098000	10.161800
0.099000	10.161800
0.100000	10.230300
0.101000	10.230300
0.102000	10.367400
0.103000	10.436000
0.104000	10.573100
0.105000	10.641700
0.106000	10.710200
0.107000	10.778800
0.108000	10.847300
0.109000	10.984400
0.110000	11.053000
0.111000	11.190100
0.112000	11.327200
0.113000	11.464300
0.114000	11.532900
0.115000	11.670000
0.116000	11.738500
0.117000	11.807100
0.118000	11.944200
0.119000	12.081300
0.120000	12.218400
0.121000	12.355500
0.122000	12.492600
0.123000	12.561200
0.124000	12.561200
0.125000	12.629700
0.126000	12.629700
0.127000	12.629700
0.128000	12.629700
0.129000	12.766900
0.130000	12.835400
0.131000	13.041100
0.132000	13.178200
0.133000	13.452400
0.134000	13.589500
0.135000	13.726600
0.136000	13.863700
0.137000	13.863700
0.138000	13.932300
0.139000	13.863700
0.140000	13.795200
0.141000	13.795200
0.142000	13.726600
0.143000	13.726600
0.144000	13.795200
0.145000	13.863700
0.146000	14.069400
0.147000	14.343600
0.148000	14.617800
0.149000	14.754900
0.150000	15.029200
0.151000	15.166300
0.152000	15.234800
0.153000	15.234800
0.154000	15.234800
0.155000	15.166300
0.156000	15.029200
0.157000	14.892100
0.158000	14.892100
0.159000	14.892100
0.160000	14.960600
0.161000	15.097700
0.162000	15.371900
0.163000	15.509000
0.164000	15.714700
0.165000	15.988900
0.166000	16.125999
0.167000	16.263100
0.168000	16.331699
0.169000	16.331699
0.170000	16.400299
0.171000	16.331699
0.172000	16.194599
0.173000	16.125999
0.174000	15.851800
0.175000	15.920400
0.176000	15.988900
0.177000	15.851800
0.178000	16.125999
0.179000	15.920400
0.180000	16.263100
0.181000	16.331699
0.182000	16.194599
0.183000	16.057501
0.184000	15.988900
0.185000	15.440500
0.186000	15.440500
0.187000	15.440500
0.188000	15.440500
0.189000	15.371900
0.190000	15.234800
0.191000	15.303400
0.192000	15.234800
0.193000	15.303400
0.194000	15.440500
0.195000	15.371900
0.196000	15.783300
0.197000	15.988900
0.198000	15.988900
0.199000	16.194599
0.200000	16.263100
0.201000	16.057501
0.202000	15.851800
0.203000	15.851800
0.204000	15.577600
0.205000	15.303400
0.206000	15.577600
0.207000	15.509000
0.208000	15.440500
0.209000	15.646200
0.210000	15.783300
0.211000	15.851800
0.212000	16.057501
0.213000	16.125999
0.214000	16.331699
0.215000	16.331699
0.216000	16.263100
0.217000	16.400299
0.218000	16.468800
0.219000	16.331699
0.220000	16.400299
0.221000	16.468800
0.222000	16.468800
0.223000	16.537399
0.224000	16.605900
0.225000	16.811600
0.226000	16.948700
0.227000	17.017200
0.228000	17.017200
0.229000	17.085800
0.230000	17.154400
0.231000	17.154400
0.232000	17.154400
0.233000	17.222900
0.234000	17.291500
0.235000	17.360001
0.236000	17.428600
0.237000	17.497101
0.238000	17.565701
0.239000	17.634199
0.240000	17.565701
0.241000	17.702801
0.242000	17.839899
0.243000	17.360001
0.244000	17.771299
0.245000	17.908501
0.246000	17.497101
0.247000	17.634199
0.248000	17.908501
0.249000	17.771299
0.250000	17.908501
0.251000	18.114100
0.252000	18.251200
0.253000	18.114100
0.254000	18.388300
0.255000	18.594000
0.256000	18.594000
0.257000	18.662600
0.258000	18.525499
0.259000	18.319799
0.260000	18.319799
0.261000	18.251200
0.262000	18.045601
0.263000	18.182699
0.264000	18.319799
0.265000	18.182699
0.266000	18.319799
0.267000	18.251200
0.268000	18.388300
0.269000	18.182699
0.270000	18.388300
0.271000	18.594000
0.272000	18.525499
0.273000	18.936800
0.274000	19.073900
0.275000	19.073900
0.276000	18.936800
0.277000	18.799700
0.278000	18.045601
0.279000	17.222900
0.280000	17.908501
0.281000	17.222900
0.282000	17.634199
0.283000	17.908501
0.284000	18.045601
0.285000	18.388300
0.286000	18.319799
0.287000	18.319799
0.288000	18.388300
0.289000	18.251200
0.290000	18.525499
0.291000	18.319799
0.292000	17.634199
0.293000	17.428600
0.294000	15.920400
0.295000	15.509000
0.296000	14.206500
0.297000	13.383800
0.298000	13.658100
0.299000	13.863700
0.300000	14.343600
0.301000	14.892100
0.302000	15.440500
0.303000	15.440500
0.304000	15.234800
0.305000	14.754900
0.306000	14.275100
0.307000	13.589500
0.308000	13.315300
0.309000	12.766900
0.310000	12.904000
0.311000	12.835400
0.312000	12.561200
0.313000	12.629700
0.314000	12.287000
0.315000	12.561200
0.316000	12.561200
0.317000	12.835400
0.318000	13.246700
0.319000	13.452400
0.320000	13.452400
