18.700001	1.760000
18.700001	1.700000
18.700001	1.760000
18.700001	1.760000
18.700001	1.760000
18.700001	1.880000
18.700001	1.880000
18.700001	0.126000
18.900000	-0.754000
19.299999	-1.760000
19.799999	-1.190000
20.600000	1.570000
22.500000	4.900000
23.600000	5.030000
24.299999	3.270000
25.400000	5.030000
26.200001	8.040000
26.799999	9.360000
27.200001	8.420000
27.200001	6.530000
28.200001	4.770000
28.700001	4.900000
29.000000	6.530000
29.700001	6.910000
30.200001	5.910000
30.799999	5.840000
31.500000	6.600000
32.000000	7.160000
32.700001	7.730000
33.000000	8.670000
33.700001	8.480000
34.000000	8.230000
34.599998	8.290000
35.000000	8.230000
35.500000	8.170000
35.900002	8.420000
36.500000	9.300000
37.000000	10.400000
37.500000	10.900000
38.099998	11.600000
38.599998	12.000000
39.200001	12.400000
39.599998	13.300000
40.200001	14.600000
40.799999	14.800000
41.400002	15.000000
42.000000	16.000000
42.599998	17.200001
43.200001	17.799999
43.900002	18.000000
44.700001	19.299999
45.099998	21.400000
45.900002	21.900000
46.599998	22.200001
47.200001	22.900000
47.700001	23.900000
48.400002	25.799999
49.000000	27.000000
49.599998	27.100000
50.299999	27.700001
51.000000	28.000000
51.700001	28.299999
52.299999	29.900000
53.099998	31.299999
54.000000	31.700001
54.400002	31.700001
55.099998	30.700001
55.799999	31.500000
56.299999	32.700001
57.000000	33.599998
57.700001	33.599998
58.599998	28.900000
59.700001	22.600000
60.400002	22.799999
61.299999	25.400000
61.900002	29.000000
62.500000	29.100000
63.099998	25.000000
63.599998	21.900000
64.099998	21.900000
64.800003	22.700001
65.300003	18.799999
65.800003	18.200001
66.099998	18.799999
66.300003	18.200001
66.300003	20.400000
66.300003	20.400000
