0.000000	0.365000
0.053500	0.401000
-0.130000	0.401000
-0.138000	0.365000
-0.008290	0.401000
-0.044600	0.401000
-0.132000	0.401000
-0.140000	-0.101000
0.000890	-0.819000
-0.014200	-1.320000
-0.133000	-1.140000
0.578000	0.114000
1.640000	2.840000
2.320000	2.840000
3.590000	8.190000
4.090000	12.600000
4.370000	13.500000
5.000000	5.890000
5.200000	6.820000
5.790000	6.360000
6.050000	13.600000
6.840000	13.500000
6.940000	14.100000
7.140000	13.300000
7.620000	13.300000
7.840000	15.000000
8.200000	17.299999
8.730000	17.799999
8.880000	18.299999
9.270000	9.730000
9.690000	11.000000
9.990000	14.800000
10.000000	19.900000
10.200000	14.600000
10.200000	17.100000
10.700000	12.600000
10.800000	12.600000
10.900000	13.000000
11.600000	10.600000
11.700000	4.460000
11.800000	3.920000
12.100000	0.545000
12.100000	1.690000
12.100000	0.114000
13.000000	2.120000
13.200000	1.010000
13.300000	-5.480000
14.000000	-1.290000
14.100000	-0.998000
14.700000	1.590000
14.600000	-14.700000
14.800000	-10.100000
15.000000	-8.710000
15.200000	1.760000
15.500000	-2.580000
16.000000	-5.160000
16.100000	-8.860000
16.500000	-2.680000
16.799999	-1.030000
17.299999	-1.390000
17.700001	-5.340000
17.600000	-2.400000
18.200001	-1.500000
18.200001	-1.290000
18.500000	-3.510000
19.100000	-1.610000
19.400000	-0.173000
19.799999	0.329000
20.299999	-0.352000
