0.000000	13.929180
0.002000	13.929180
0.004000	13.929180
0.006000	13.929180
0.008000	13.929180
0.010000	17.688940
0.012000	15.809060
0.014000	13.929180
0.016000	17.688940
0.018000	19.568830
0.020000	23.328590
0.022000	25.208481
0.024000	25.208481
0.026000	27.088360
0.028000	25.208481
0.030000	25.208481
0.032000	25.208481
0.034000	23.328590
0.036000	23.328590
0.038000	21.448709
0.040000	4.529760
0.042000	4.529760
0.044000	0.770000
0.046000	8.289530
0.048000	17.688940
0.050000	17.688940
0.052000	21.448709
0.054000	10.169410
0.056000	8.289530
0.058000	8.289530
0.060000	6.409650
0.062000	8.289530
0.064000	10.169410
0.066000	12.049290
0.068000	13.929180
0.070000	6.409650
0.072000	8.289530
0.074000	6.409650
0.076000	2.649880
0.078000	8.289530
0.080000	10.169410
0.082000	6.409650
0.084000	6.409650
0.086000	10.169410
0.088000	12.049290
0.090000	10.169410
0.092000	10.169410
0.094000	8.289530
0.096000	6.409650
0.098000	6.409650
0.100000	4.529760
0.102000	4.529760
0.104000	4.529760
0.106000	4.529760
0.108000	2.649880
0.110000	4.529760
0.112000	4.529760
0.114000	4.529760
0.116000	2.649880
0.118000	6.409650
0.120000	2.649880
0.122000	4.529760
0.124000	2.649880
0.126000	4.529760
0.128000	6.409650
0.130000	8.289530
0.132000	6.409650
0.134000	4.529760
0.136000	2.649880
0.138000	4.529760
0.140000	6.409650
0.142000	2.649880
0.144000	2.649880
0.146000	2.649880
0.148000	2.649880
0.150000	0.770000
0.152000	0.770000
0.154000	0.770000
0.156000	0.770000
0.158000	-2.989760
0.160000	-1.109880
0.162000	-2.989760
0.164000	2.649880
0.166000	-8.629410
0.168000	13.929180
0.170000	-6.749530
0.172000	-10.509290
0.174000	-1.109880
0.176000	-19.908710
0.178000	12.049290
0.180000	-12.389180
0.182000	2.649880
0.184000	-8.629410
0.186000	-2.989760
0.188000	-1.109880
0.190000	-1.109880
0.192000	-1.109880
0.194000	-4.869650
0.196000	-1.109880
0.198000	-4.869650
0.200000	-2.989760
0.202000	-4.869650
0.204000	-2.989760
0.206000	-2.989760
0.208000	-4.869650
0.210000	-4.869650
0.212000	-6.749530
0.214000	-4.869650
0.216000	-2.989760
0.218000	-4.869650
0.220000	-6.749530
0.222000	-4.869650
0.224000	-6.749530
0.226000	-4.869650
0.228000	-6.749530
0.230000	-8.629410
0.232000	-6.749530
0.234000	-8.629410
0.236000	-4.869650
0.238000	-6.749530
0.240000	-6.749530
0.242000	-8.629410
0.244000	55.286598
0.246000	-96.983910
0.248000	47.767071
0.250000	-10.509290
0.252000	-25.548361
