0.000000	-0.306446
0.001000	-0.263770
0.002000	-0.221095
0.003000	-0.221095
0.004000	-0.263770
0.005000	-0.306446
0.006000	-0.306446
0.007000	-0.391798
0.008000	-0.306446
0.009000	-0.306446
0.010000	-0.306446
0.011000	-0.306446
0.012000	-0.349122
0.013000	-0.349122
0.014000	-0.306446
0.015000	-0.263770
0.016000	-0.263770
0.017000	-0.221095
0.018000	-0.221095
0.019000	-0.093067
0.020000	0.034960
0.021000	0.291015
0.022000	0.632421
0.023000	1.016500
0.024000	1.400590
0.025000	1.699320
0.026000	1.870020
0.027000	1.955370
0.028000	1.955370
0.029000	1.912690
0.030000	1.912690
0.031000	1.955370
0.032000	2.040720
0.033000	2.126070
0.034000	2.083400
0.035000	2.040720
0.036000	1.870020
0.037000	1.656640
0.038000	1.443260
0.039000	1.272560
0.040000	1.016500
0.041000	0.760448
0.042000	0.461718
0.043000	0.034960
0.044000	-0.349122
0.045000	-0.775880
0.046000	-1.117290
0.047000	-1.458690
0.048000	-1.800100
0.049000	-2.141500
0.050000	-2.397560
0.051000	-2.653610
0.052000	-2.909670
0.053000	-3.208400
0.054000	-3.421780
0.055000	-3.677830
0.056000	-3.891210
0.057000	-4.104590
0.058000	-4.189940
0.059000	-4.360650
0.060000	-4.488670
0.061000	-4.574020
0.062000	-4.659380
0.063000	-4.702050
0.064000	-4.744730
0.065000	-4.872750
0.066000	-4.915430
0.067000	-5.000780
0.068000	-5.000780
0.069000	-5.043460
0.070000	-5.128810
0.071000	-5.214160
0.072000	-5.299510
0.073000	-5.427540
0.074000	-5.555570
0.075000	-5.598240
0.076000	-5.726270
0.077000	-5.768950
0.078000	-5.854300
0.079000	-5.982330
0.080000	-6.025000
0.081000	-6.110350
0.082000	-6.153030
0.083000	-6.153030
0.084000	-6.110350
0.085000	-6.153030
0.086000	-6.195700
0.087000	-6.366410
0.088000	-6.409080
0.089000	-6.494430
0.090000	-6.451760
0.091000	-6.451760
0.092000	-6.366410
0.093000	-6.451760
0.094000	-6.451760
0.095000	-6.451760
0.096000	-6.451760
0.097000	-6.494430
0.098000	-6.537110
0.099000	-6.707810
0.100000	-6.921190
0.101000	-7.219920
0.102000	-7.475980
0.103000	-7.774710
0.104000	-8.158790
0.105000	-8.542870
0.106000	-8.969630
0.107000	-9.439060
0.108000	-9.737790
0.109000	-10.079200
0.110000	-10.463300
0.111000	-10.719300
0.112000	-11.018100
0.113000	-11.274100
0.114000	-11.444800
0.115000	-11.615500
0.116000	-11.700900
0.117000	-11.786200
0.118000	-11.999600
0.119000	-12.085000
0.120000	-12.085000
0.121000	-12.085000
0.122000	-12.127600
0.123000	-11.999600
0.124000	-11.999600
0.125000	-11.914300
0.126000	-11.786200
0.127000	-11.700900
0.128000	-11.487500
0.129000	-11.274100
0.130000	-11.060700
0.131000	-10.847400
0.132000	-10.676700
0.133000	-10.506000
0.134000	-10.249900
0.135000	-10.036500
0.136000	-9.865820
0.137000	-9.524410
0.138000	-9.183010
0.139000	-8.756250
0.140000	-8.500200
0.141000	-8.158790
0.142000	-7.988090
0.143000	-7.860060
0.144000	-7.860060
0.145000	-7.945410
0.146000	-8.158790
0.147000	-8.457520
0.148000	-8.798930
0.149000	-9.140330
0.150000	-9.695120
0.151000	-10.121900
0.152000	-10.548600
0.153000	-11.018100
0.154000	-11.487500
0.155000	-11.956900
0.156000	-12.298300
0.157000	-12.597100
0.158000	-12.938500
0.159000	-13.194500
0.160000	-13.407900
0.161000	-13.664000
0.162000	-13.877300
0.163000	-14.090700
0.164000	-14.261400
0.165000	-14.432100
0.166000	-14.645500
0.167000	-14.645500
0.168000	-14.688200
0.169000	-14.730900
0.170000	-14.816200
0.171000	-14.816200
0.172000	-14.773500
0.173000	-14.816200
0.174000	-14.816200
0.175000	-14.901600
0.176000	-14.858900
0.177000	-14.901600
0.178000	-14.901600
0.179000	-14.901600
0.180000	-14.858900
0.181000	-14.773500
0.182000	-14.730900
0.183000	-14.688200
0.184000	-14.560200
0.185000	-14.432100
0.186000	-14.304100
0.187000	-14.218800
0.188000	-14.048000
0.189000	-13.962700
0.190000	-13.834700
0.191000	-13.706600
0.192000	-13.621300
0.193000	-13.535900
0.194000	-13.365200
0.195000	-13.279900
0.196000	-13.066500
0.197000	-12.938500
0.198000	-12.853100
0.199000	-12.810500
0.200000	-12.767800
0.201000	-12.810500
0.202000	-12.895800
0.203000	-12.981200
0.204000	-13.066500
0.205000	-13.237200
0.206000	-13.450600
0.207000	-13.664000
0.208000	-13.877300
0.209000	-14.090700
0.210000	-14.261400
0.211000	-14.389500
0.212000	-14.602800
0.213000	-14.773500
0.214000	-14.986900
0.215000	-15.157600
0.216000	-15.413700
0.217000	-15.627100
0.218000	-15.840400
0.219000	-16.011101
0.220000	-16.267200
0.221000	-16.480600
0.222000	-16.608601
0.223000	-16.822001
0.224000	-16.992701
0.225000	-17.120701
0.226000	-17.291401
0.227000	-17.419399
0.228000	-17.547501
0.229000	-17.718201
0.230000	-17.803499
0.231000	-18.016899
0.232000	-18.144899
0.233000	-18.230301
0.234000	-18.358299
0.235000	-18.486300
0.236000	-18.528999
0.237000	-18.657000
0.238000	-18.742399
0.239000	-18.785101
0.240000	-18.827700
0.241000	-18.827700
0.242000	-18.827700
0.243000	-18.870399
0.244000	-18.785101
0.245000	-18.827700
0.246000	-18.785101
0.247000	-18.742399
0.248000	-18.785101
0.249000	-18.785101
0.250000	-18.742399
0.251000	-18.742399
0.252000	-18.742399
0.253000	-18.699699
0.254000	-18.785101
0.255000	-18.827700
0.256000	-18.913099
0.257000	-18.955799
0.258000	-19.041100
0.259000	-19.126499
0.260000	-19.254499
0.261000	-19.467899
0.262000	-19.595900
0.263000	-19.723900
0.264000	-19.937300
0.265000	-20.108000
0.266000	-20.278700
0.267000	-20.449400
0.268000	-20.662800
0.269000	-20.876200
0.270000	-21.046900
0.271000	-21.260300
0.272000	-21.431000
0.273000	-21.644300
0.274000	-21.772400
0.275000	-21.985701
0.276000	-21.174900
0.277000	-22.028400
0.278000	-21.729700
0.279000	-21.302900
0.280000	-19.980000
0.281000	-20.577400
0.282000	-21.345600
0.283000	-21.132200
0.284000	-19.510500
0.285000	-18.315599
0.286000	-17.462099
0.287000	-16.608601
0.288000	-15.669700
0.289000	-14.901600
0.290000	-14.432100
0.291000	-14.133400
0.292000	-13.450600
0.293000	-13.109200
0.294000	-12.938500
0.295000	-12.767800
0.296000	-12.767800
0.297000	-12.725100
0.298000	-12.895800
0.299000	-13.023800
0.300000	-13.066500
0.301000	-13.279900
0.302000	-14.261400
0.303000	-14.858900
0.304000	-15.413700
0.305000	-15.584400
0.306000	-16.139200
0.307000	-17.035400
0.308000	-18.016899
0.309000	-18.742399
0.310000	-19.681299
0.311000	-20.534800
0.312000	-21.217600
0.313000	-21.601700
0.314000	-22.071100
0.315000	-22.327101
0.316000	-23.052601
0.317000	-23.692801
0.318000	-24.119499
0.319000	-24.460899
0.320000	-24.418301
0.321000	-24.290199
0.322000	-24.460899
0.323000	-24.418301
0.324000	-24.460899
0.325000	-24.546301
0.326000	-24.503599
0.327000	-24.589001
0.328000	-24.631599
0.329000	-24.418301
0.330000	-24.290199
0.331000	-24.076900
0.332000	-23.948799
0.333000	-23.863501
0.334000	-23.692801
0.335000	-23.607401
0.336000	-23.564699
0.337000	-23.522100
0.338000	-23.564699
0.339000	-23.479401
0.340000	-23.266001
0.341000	-23.266001
0.342000	-23.308701
0.343000	-23.479401
0.344000	-23.735500
0.345000	-23.863501
0.346000	-23.778099
0.347000	-23.820801
0.348000	-23.820801
0.349000	-23.948799
0.350000	-23.948799
0.351000	-23.948799
0.352000	-24.119499
0.353000	-24.162201
0.354000	-24.204901
0.355000	-24.162201
0.356000	-24.162201
0.357000	-24.247601
0.358000	-24.418301
0.359000	-24.631599
0.360000	-24.716999
0.361000	-24.973000
0.362000	-25.229099
0.363000	-25.527800
0.364000	-25.911900
0.365000	-26.253300
0.366000	-26.680099
0.367000	-27.149500
0.368000	-27.704300
0.369000	-28.301800
0.370000	-28.941900
0.371000	-29.582001
0.372000	-30.136801
0.373000	-30.691601
0.374000	-31.203699
0.375000	-31.758499
0.376000	-32.270599
0.377000	-32.825401
0.378000	-33.465500
0.379000	-33.977600
0.380000	-34.404400
0.381000	-34.703098
0.382000	-35.044498
0.383000	-35.385899
0.384000	-35.770000
0.385000	-36.111401
0.386000	-36.282101
0.387000	-36.495499
0.388000	-36.623501
0.389000	-36.751598
0.390000	-36.922298
0.391000	-37.007599
0.392000	-37.050301
0.393000	-37.178299
0.394000	-37.221001
0.395000	-37.221001
0.396000	-37.306301
0.397000	-37.263699
0.398000	-37.306301
0.399000	-37.348999
0.400000	-37.391701
0.401000	-37.519699
0.402000	-37.605099
0.403000	-37.690399
0.404000	-37.861099
0.405000	-38.031799
0.406000	-38.159901
0.407000	-38.330601
0.408000	-38.586601
0.409000	-38.928001
0.410000	-39.354801
0.411000	-39.653500
0.412000	-39.994900
0.413000	-40.379002
0.414000	-40.677700
0.415000	-41.147202
0.416000	-41.573898
0.417000	-42.000702
0.418000	-42.470100
0.419000	-42.896900
0.420000	-43.238300
0.421000	-43.622398
0.422000	-44.091801
0.423000	-44.475899
0.424000	-44.945301
0.425000	-45.414700
0.426000	-45.798801
0.427000	-46.140202
0.428000	-46.567001
0.429000	-46.908401
0.430000	-47.292500
0.431000	-47.633900
0.432000	-47.975300
0.433000	-48.316700
0.434000	-48.658100
0.435000	-49.042198
0.436000	-49.383598
0.437000	-49.682301
0.438000	-49.981098
0.439000	-50.279800
0.440000	-50.535801
0.441000	-50.834599
0.442000	-51.090599
0.443000	-51.304001
0.444000	-51.560101
0.445000	-51.773399
0.446000	-52.029499
0.447000	-52.200199
0.448000	-52.285500
0.449000	-52.498901
0.450000	-52.669601
0.451000	-52.755001
0.452000	-52.882999
0.453000	-53.053699
0.454000	-53.181702
0.455000	-53.395100
0.456000	-53.565800
0.457000	-53.779202
0.458000	-53.992599
0.459000	-54.163300
0.460000	-54.419300
0.461000	-54.675400
0.462000	-54.931400
0.463000	-55.187500
0.464000	-55.443600
0.465000	-55.699600
0.466000	-55.912998
0.467000	-56.168999
0.468000	-56.382401
0.469000	-56.681198
0.470000	-56.937199
0.471000	-57.107899
0.472000	-57.321301
0.473000	-57.577301
0.474000	-57.748001
0.475000	-57.961399
0.476000	-58.174801
0.477000	-58.388199
0.478000	-58.601601
0.479000	-58.772301
0.480000	-59.028301
0.481000	-59.284401
0.482000	-59.540401
0.483000	-59.796501
0.484000	-60.009899
0.485000	-60.223202
0.486000	-60.351299
0.487000	-60.650002
0.488000	-60.863400
0.489000	-61.119400
0.490000	-61.332802
0.491000	-61.546200
0.492000	-61.716900
0.493000	-61.802200
0.494000	-61.887600
0.495000	-62.101002
0.496000	-62.271702
0.497000	-62.399700
0.498000	-62.485100
0.499000	-62.613098
0.500000	-62.655800
0.501000	-62.783798
0.502000	-62.954498
0.503000	-63.082500
0.504000	-63.210499
0.505000	-63.295898
0.506000	-63.423901
0.507000	-63.466599
0.508000	-63.594601
0.509000	-63.722698
0.510000	-63.807999
0.511000	-63.893398
0.512000	-63.978699
0.513000	-64.064102
0.514000	-64.192101
0.515000	-64.234802
0.516000	-64.277397
0.517000	-64.320099
0.518000	-64.320099
0.519000	-64.320099
0.520000	-64.362801
0.521000	-64.362801
0.522000	-64.362801
0.523000	-64.362801
0.524000	-64.405502
0.525000	-64.448097
0.526000	-64.533501
0.527000	-64.533501
0.528000	-64.618797
0.529000	-64.661499
0.530000	-64.746902
0.531000	-64.832199
0.532000	-64.960297
0.533000	-65.088303
0.534000	-65.088303
0.535000	-65.216301
0.536000	-65.259003
0.537000	-65.344299
0.538000	-65.429703
0.539000	-65.429703
0.540000	-65.472397
0.541000	-65.514999
0.542000	-65.514999
0.543000	-65.514999
0.544000	-65.514999
0.545000	-65.514999
0.546000	-65.514999
0.547000	-65.472397
0.548000	-65.472397
0.549000	-65.429703
0.550000	-65.387001
0.551000	-65.344299
0.552000	-65.301697
0.553000	-65.301697
0.554000	-65.216301
0.555000	-65.259003
0.556000	-65.259003
0.557000	-65.301697
0.558000	-65.301697
0.559000	-65.344299
0.560000	-65.387001
0.561000	-65.429703
0.562000	-65.429703
0.563000	-65.472397
0.564000	-65.514999
0.565000	-65.514999
0.566000	-65.514999
0.567000	-65.472397
0.568000	-65.514999
0.569000	-65.472397
0.570000	-65.472397
0.571000	-65.429703
0.572000	-65.344299
0.573000	-65.301697
0.574000	-65.259003
0.575000	-65.216301
0.576000	-65.173599
0.577000	-65.002899
0.578000	-65.045601
0.579000	-65.002899
0.580000	-64.960297
0.581000	-64.917603
0.582000	-64.832199
0.583000	-64.789597
0.584000	-64.746902
0.585000	-64.704201
0.586000	-64.661499
0.587000	-64.618797
0.588000	-64.576202
0.589000	-64.533501
0.590000	-64.405502
0.591000	-64.405502
0.592000	-64.320099
0.593000	-64.234802
0.594000	-64.149399
0.595000	-64.021400
0.596000	-63.936001
0.597000	-63.807999
0.598000	-63.722698
0.599000	-63.594601
0.600000	-63.551998
0.601000	-63.466599
0.602000	-63.338600
0.603000	-63.253201
0.604000	-63.167900
0.605000	-62.997200
0.606000	-62.954498
0.607000	-62.911800
0.608000	-62.783798
