0.000000	14.359300
0.001000	10.599500
0.002000	12.479400
0.003000	12.479400
0.004000	10.599500
0.005000	12.479400
0.006000	14.359300
0.007000	10.599500
0.008000	12.479400
0.009000	10.599500
0.010000	10.599500
0.011000	14.359300
0.012000	14.359300
0.013000	10.599500
0.014000	12.479400
0.015000	12.479400
0.016000	12.479400
0.017000	14.359300
0.018000	12.479400
0.019000	14.359300
0.020000	16.239201
0.021000	18.119101
0.022000	21.878799
0.023000	29.398399
0.024000	33.158100
0.025000	35.037998
0.026000	29.398399
0.027000	23.758699
0.028000	14.359300
0.029000	8.719650
0.030000	1.200120
0.031000	-0.679764
0.032000	1.200120
0.033000	6.839760
0.034000	12.479400
0.035000	19.998899
0.036000	25.638599
0.037000	27.518499
0.038000	27.518499
0.039000	29.398399
0.040000	29.398399
0.041000	27.518499
0.042000	25.638599
0.043000	18.119101
0.044000	12.479400
0.045000	12.479400
0.046000	8.719650
0.047000	8.719650
0.048000	8.719650
0.049000	14.359300
0.050000	18.119101
0.051000	18.119101
0.052000	19.998899
0.053000	19.998899
0.054000	18.119101
0.055000	18.119101
0.056000	16.239201
0.057000	14.359300
0.058000	16.239201
0.059000	14.359300
0.060000	16.239201
0.061000	19.998899
0.062000	18.119101
0.063000	18.119101
0.064000	18.119101
0.065000	21.878799
0.066000	21.878799
0.067000	19.998899
0.068000	21.878799
0.069000	19.998899
0.070000	19.998899
0.071000	21.878799
0.072000	19.998899
0.073000	23.758699
0.074000	21.878799
0.075000	21.878799
0.076000	23.758699
0.077000	21.878799
0.078000	21.878799
0.079000	21.878799
0.080000	23.758699
0.081000	25.638599
0.082000	27.518499
0.083000	29.398399
0.084000	29.398399
0.085000	25.638599
0.086000	18.119101
0.087000	10.599500
0.088000	4.959880
0.089000	1.200120
0.090000	1.200120
0.091000	3.080000
0.092000	3.080000
0.093000	3.080000
0.094000	4.959880
0.095000	10.599500
0.096000	12.479400
0.097000	12.479400
0.098000	16.239201
0.099000	18.119101
0.100000	18.119101
0.101000	18.119101
0.102000	16.239201
0.103000	16.239201
0.104000	14.359300
0.105000	18.119101
0.106000	12.479400
0.107000	18.119101
0.108000	12.479400
0.109000	14.359300
0.110000	14.359300
0.111000	8.719650
0.112000	4.959880
0.113000	8.719650
0.114000	4.959880
0.115000	4.959880
0.116000	3.080000
0.117000	-0.679764
0.118000	3.080000
0.119000	1.200120
0.120000	4.959880
0.121000	3.080000
0.122000	4.959880
0.123000	1.200120
0.124000	6.839760
0.125000	3.080000
0.126000	3.080000
0.127000	3.080000
0.128000	-0.679764
0.129000	-0.679764
0.130000	-0.679764
0.131000	-2.559650
0.132000	-0.679764
0.133000	-2.559650
0.134000	-2.559650
0.135000	-6.319410
0.136000	-6.319410
0.137000	-6.319410
0.138000	-0.679764
0.139000	-0.679764
0.140000	8.719650
0.141000	14.359300
0.142000	19.998899
0.143000	21.878799
0.144000	21.878799
0.145000	21.878799
0.146000	21.878799
0.147000	19.998899
0.148000	14.359300
0.149000	8.719650
0.150000	14.359300
0.151000	8.719650
0.152000	6.839760
0.153000	4.959880
0.154000	4.959880
0.155000	3.080000
0.156000	1.200120
0.157000	-2.559650
0.158000	-4.439530
0.159000	-2.559650
0.160000	-2.559650
0.161000	-4.439530
0.162000	-2.559650
0.163000	-0.679764
0.164000	1.200120
0.165000	3.080000
0.166000	4.959880
0.167000	6.839760
0.168000	8.719650
0.169000	6.839760
0.170000	6.839760
0.171000	4.959880
0.172000	4.959880
0.173000	1.200120
0.174000	-0.679764
0.175000	-0.679764
0.176000	-2.559650
0.177000	-0.679764
0.178000	1.200120
0.179000	3.080000
0.180000	4.959880
0.181000	4.959880
0.182000	1.200120
0.183000	3.080000
0.184000	4.959880
0.185000	1.200120
0.186000	1.200120
0.187000	3.080000
0.188000	3.080000
0.189000	3.080000
0.190000	3.080000
0.191000	4.959880
0.192000	4.959880
0.193000	4.959880
0.194000	6.839760
0.195000	8.719650
0.196000	6.839760
0.197000	6.839760
0.198000	4.959880
0.199000	4.959880
0.200000	4.959880
0.201000	4.959880
0.202000	6.839760
0.203000	6.839760
0.204000	6.839760
0.205000	10.599500
0.206000	10.599500
0.207000	8.719650
0.208000	8.719650
0.209000	8.719650
0.210000	6.839760
0.211000	6.839760
0.212000	6.839760
0.213000	4.959880
0.214000	4.959880
0.215000	4.959880
0.216000	8.719650
0.217000	8.719650
0.218000	8.719650
0.219000	6.839760
0.220000	8.719650
0.221000	8.719650
0.222000	8.719650
0.223000	6.839760
0.224000	4.959880
0.225000	6.839760
0.226000	6.839760
0.227000	6.839760
0.228000	4.959880
0.229000	4.959880
0.230000	4.959880
0.231000	3.080000
0.232000	3.080000
0.233000	4.959880
0.234000	4.959880
0.235000	4.959880
0.236000	6.839760
0.237000	3.080000
0.238000	4.959880
0.239000	6.839760
0.240000	4.959880
0.241000	6.839760
0.242000	6.839760
0.243000	4.959880
0.244000	8.719650
0.245000	6.839760
0.246000	8.719650
0.247000	6.839760
0.248000	10.599500
0.249000	8.719650
0.250000	8.719650
0.251000	10.599500
0.252000	10.599500
0.253000	10.599500
0.254000	8.719650
0.255000	8.719650
0.256000	10.599500
0.257000	6.839760
0.258000	8.719650
0.259000	10.599500
0.260000	10.599500
0.261000	10.599500
0.262000	12.479400
0.263000	10.599500
0.264000	10.599500
0.265000	10.599500
0.266000	10.599500
0.267000	6.839760
0.268000	6.839760
0.269000	8.719650
0.270000	8.719650
0.271000	8.719650
0.272000	10.599500
0.273000	10.599500
0.274000	10.599500
0.275000	12.479400
0.276000	25.638599
0.277000	106.473999
0.278000	95.194298
0.279000	63.236198
0.280000	-4.439530
0.281000	-2.559650
0.282000	4.959880
0.283000	-19.478600
0.284000	-60.835999
0.285000	-47.676800
0.286000	-30.757900
0.287000	-25.118200
0.288000	-30.757900
0.289000	-32.637798
0.290000	-13.838900
0.291000	-2.559650
0.292000	-4.439530
0.293000	4.959880
0.294000	19.998899
0.295000	31.278200
0.296000	46.317299
0.297000	44.437401
0.298000	51.957001
0.299000	53.836800
0.300000	44.437401
0.301000	36.917900
0.302000	48.197201
0.303000	40.677700
0.304000	42.557499
0.305000	23.758699
0.306000	19.998899
0.307000	19.998899
0.308000	16.239201
0.309000	3.080000
0.310000	-4.439530
0.311000	-11.959100
0.312000	-10.079200
0.313000	-10.079200
0.314000	-6.319410
0.315000	-11.959100
0.316000	-6.319410
0.317000	1.200120
0.318000	6.839760
0.319000	12.479400
0.320000	10.599500
0.321000	4.959880
0.322000	8.719650
0.323000	14.359300
0.324000	19.998899
0.325000	21.878799
0.326000	18.119101
0.327000	25.638599
0.328000	25.638599
0.329000	23.758699
0.330000	18.119101
0.331000	14.359300
0.332000	16.239201
0.333000	19.998899
0.334000	12.479400
0.335000	8.719650
0.336000	3.080000
0.337000	3.080000
0.338000	6.839760
0.339000	3.080000
0.340000	-0.679764
0.341000	1.200120
0.342000	4.959880
0.343000	10.599500
0.344000	4.959880
0.345000	4.959880
0.346000	3.080000
0.347000	6.839760
0.348000	14.359300
0.349000	16.239201
0.350000	12.479400
0.351000	10.599500
0.352000	12.479400
0.353000	14.359300
0.354000	14.359300
0.355000	10.599500
0.356000	12.479400
0.357000	14.359300
0.358000	12.479400
0.359000	10.599500
0.360000	10.599500
0.361000	8.719650
0.362000	6.839760
0.363000	6.839760
0.364000	8.719650
0.365000	10.599500
0.366000	8.719650
0.367000	4.959880
0.368000	4.959880
0.369000	3.080000
0.370000	3.080000
0.371000	3.080000
0.372000	1.200120
0.373000	3.080000
0.374000	4.959880
0.375000	1.200120
0.376000	3.080000
0.377000	-0.679764
0.378000	1.200120
0.379000	-0.679764
0.380000	-2.559650
0.381000	-4.439530
0.382000	-2.559650
0.383000	-2.559650
0.384000	-4.439530
0.385000	-2.559650
0.386000	-6.319410
0.387000	-6.319410
0.388000	-4.439530
0.389000	-6.319410
0.390000	-6.319410
0.391000	-8.199290
0.392000	-8.199290
0.393000	-8.199290
0.394000	-6.319410
0.395000	-8.199290
0.396000	-2.559650
0.397000	-4.439530
0.398000	-4.439530
0.399000	-2.559650
0.400000	-2.559650
0.401000	-4.439530
0.402000	-6.319410
0.403000	-6.319410
0.404000	-8.199290
0.405000	-4.439530
0.406000	-4.439530
0.407000	-6.319410
0.408000	-4.439530
0.409000	-2.559650
0.410000	-6.319410
0.411000	-4.439530
0.412000	-6.319410
0.413000	-8.199290
0.414000	-11.959100
0.415000	-11.959100
0.416000	-11.959100
0.417000	-13.838900
0.418000	-11.959100
0.419000	-10.079200
0.420000	-10.079200
0.421000	-11.959100
0.422000	-13.838900
0.423000	-11.959100
0.424000	-11.959100
0.425000	-13.838900
0.426000	-13.838900
0.427000	-15.718800
0.428000	-13.838900
0.429000	-13.838900
0.430000	-11.959100
0.431000	-15.718800
0.432000	-13.838900
0.433000	-15.718800
0.434000	-15.718800
0.435000	-15.718800
0.436000	-15.718800
0.437000	-15.718800
0.438000	-15.718800
0.439000	-17.598700
0.440000	-19.478600
0.441000	-19.478600
0.442000	-19.478600
0.443000	-21.358500
0.444000	-21.358500
0.445000	-21.358500
0.446000	-23.238400
0.447000	-21.358500
0.448000	-23.238400
0.449000	-17.598700
0.450000	-17.598700
0.451000	-17.598700
0.452000	-17.598700
0.453000	-21.358500
0.454000	-19.478600
0.455000	-23.238400
0.456000	-19.478600
0.457000	-19.478600
0.458000	-21.358500
0.459000	-21.358500
0.460000	-21.358500
0.461000	-21.358500
0.462000	-23.238400
0.463000	-23.238400
0.464000	-21.358500
0.465000	-23.238400
0.466000	-23.238400
0.467000	-23.238400
0.468000	-25.118200
0.469000	-23.238400
0.470000	-21.358500
0.471000	-21.358500
0.472000	-21.358500
0.473000	-23.238400
0.474000	-23.238400
0.475000	-19.478600
0.476000	-19.478600
0.477000	-23.238400
0.478000	-23.238400
0.479000	-23.238400
0.480000	-19.478600
0.481000	-23.238400
0.482000	-19.478600
0.483000	-19.478600
0.484000	-19.478600
0.485000	-17.598700
0.486000	-21.358500
0.487000	-19.478600
0.488000	-19.478600
0.489000	-21.358500
0.490000	-23.238400
0.491000	-21.358500
0.492000	-21.358500
0.493000	-23.238400
0.494000	-23.238400
0.495000	-23.238400
0.496000	-23.238400
0.497000	-25.118200
0.498000	-23.238400
0.499000	-23.238400
0.500000	-25.118200
0.501000	-23.238400
0.502000	-23.238400
0.503000	-23.238400
0.504000	-21.358500
0.505000	-25.118200
0.506000	-21.358500
0.507000	-23.238400
0.508000	-25.118200
0.509000	-21.358500
0.510000	-23.238400
0.511000	-21.358500
0.512000	-23.238400
0.513000	-23.238400
0.514000	-25.118200
0.515000	-25.118200
0.516000	-23.238400
0.517000	-23.238400
0.518000	-23.238400
0.519000	-21.358500
0.520000	-23.238400
0.521000	-23.238400
0.522000	-21.358500
0.523000	-21.358500
0.524000	-19.478600
0.525000	-21.358500
0.526000	-21.358500
0.527000	-21.358500
0.528000	-23.238400
0.529000	-23.238400
0.530000	-23.238400
0.531000	-23.238400
0.532000	-23.238400
0.533000	-19.478600
0.534000	-23.238400
0.535000	-23.238400
0.536000	-21.358500
0.537000	-21.358500
0.538000	-23.238400
0.539000	-21.358500
0.540000	-23.238400
0.541000	-21.358500
0.542000	-21.358500
0.543000	-17.598700
0.544000	-21.358500
0.545000	-21.358500
0.546000	-19.478600
0.547000	-23.238400
0.548000	-21.358500
0.549000	-21.358500
0.550000	-21.358500
0.551000	-23.238400
0.552000	-21.358500
0.553000	-21.358500
0.554000	-17.598700
0.555000	-19.478600
0.556000	-21.358500
0.557000	-21.358500
0.558000	-21.358500
0.559000	-19.478600
0.560000	-19.478600
0.561000	-23.238400
0.562000	-21.358500
0.563000	-21.358500
0.564000	-23.238400
0.565000	-19.478600
0.566000	-21.358500
0.567000	-21.358500
0.568000	-19.478600
0.569000	-23.238400
0.570000	-21.358500
0.571000	-21.358500
0.572000	-23.238400
0.573000	-19.478600
0.574000	-19.478600
0.575000	-19.478600
0.576000	-21.358500
0.577000	-17.598700
0.578000	-15.718800
0.579000	-17.598700
0.580000	-17.598700
0.581000	-19.478600
0.582000	-19.478600
0.583000	-19.478600
0.584000	-19.478600
0.585000	-19.478600
0.586000	-17.598700
0.587000	-19.478600
0.588000	-19.478600
0.589000	-17.598700
0.590000	-19.478600
0.591000	-17.598700
0.592000	-17.598700
0.593000	-21.358500
0.594000	-19.478600
0.595000	-19.478600
0.596000	-21.358500
0.597000	-17.598700
0.598000	-17.598700
0.599000	-19.478600
0.600000	-17.598700
0.601000	-19.478600
0.602000	-17.598700
0.603000	-19.478600
0.604000	-19.478600
0.605000	-19.478600
0.606000	-19.478600
0.607000	-17.598700
0.608000	-19.478600
