0.000000	0.019336
0.001000	-1.591990
0.002000	-1.591990
0.003000	-1.591990
0.004000	-1.591990
0.005000	-0.786327
0.006000	-0.786327
0.007000	-0.786327
0.008000	-0.786327
0.009000	-1.591990
0.010000	-0.786327
0.011000	-0.786327
0.012000	-0.786327
0.013000	-0.786327
0.014000	-1.591990
0.015000	-1.591990
0.016000	-1.591990
0.017000	-1.591990
0.018000	-2.397660
0.019000	-1.591990
0.020000	-2.397660
0.021000	-3.203320
0.022000	-3.203320
0.023000	-4.008980
0.024000	-3.203320
0.025000	0.825000
0.026000	4.047660
0.027000	8.075980
0.028000	11.298600
0.029000	14.521300
0.030000	14.521300
0.031000	14.521300
0.032000	12.910000
0.033000	12.104300
0.034000	9.687310
0.035000	8.881640
0.036000	8.075980
0.037000	9.687310
0.038000	8.075980
0.039000	8.881640
0.040000	6.464650
0.041000	7.270310
0.042000	7.270310
0.043000	8.075980
0.044000	6.464650
0.045000	5.658980
0.046000	4.047660
0.047000	4.047660
0.048000	2.436330
0.049000	0.825000
0.050000	-0.786327
0.051000	-2.397660
0.052000	-4.008980
0.053000	-6.425980
0.054000	-7.231640
0.055000	-7.231640
0.056000	-8.037310
0.057000	-7.231640
0.058000	-8.037310
0.059000	-7.231640
0.060000	-7.231640
0.061000	-7.231640
0.062000	-5.620310
0.063000	-7.231640
0.064000	-8.037310
0.065000	-7.231640
0.066000	-6.425980
0.067000	-7.231640
0.068000	-7.231640
0.069000	-7.231640
0.070000	-8.037310
0.071000	-8.037310
0.072000	-5.620310
0.073000	-5.620310
0.074000	-4.008980
0.075000	-4.814650
0.076000	-3.203320
0.077000	-4.008980
0.078000	-2.397660
0.079000	-2.397660
0.080000	-2.397660
0.081000	-1.591990
0.082000	-0.786327
0.083000	-1.591990
0.084000	-1.591990
0.085000	-1.591990
0.086000	-0.786327
0.087000	2.436330
0.088000	4.047660
0.089000	4.853320
0.090000	2.436330
0.091000	2.436330
0.092000	0.825000
0.093000	2.436330
0.094000	4.047660
0.095000	5.658980
0.096000	6.464650
0.097000	5.658980
0.098000	5.658980
0.099000	8.075980
0.100000	8.881640
0.101000	9.687310
0.102000	9.687310
0.103000	8.881640
0.104000	8.075980
0.105000	7.270310
0.106000	5.658980
0.107000	4.853320
0.108000	2.436330
0.109000	-0.786327
0.110000	0.825000
0.111000	-2.397660
0.112000	-3.203320
0.113000	-3.203320
0.114000	-1.591990
0.115000	-2.397660
0.116000	-2.397660
0.117000	-0.786327
0.118000	-0.786327
0.119000	-0.786327
0.120000	-0.786327
0.121000	-2.397660
0.122000	-2.397660
0.123000	-3.203320
0.124000	-0.786327
0.125000	-1.591990
0.126000	0.019336
0.127000	0.019336
0.128000	0.825000
0.129000	0.019336
0.130000	0.825000
0.131000	2.436330
0.132000	4.047660
0.133000	5.658980
0.134000	7.270310
0.135000	8.075980
0.136000	8.075980
0.137000	8.881640
0.138000	9.687310
0.139000	10.493000
0.140000	12.104300
0.141000	15.327000
0.142000	20.160900
0.143000	25.800600
0.144000	29.023199
0.145000	33.051601
0.146000	33.051601
0.147000	32.245899
0.148000	29.828899
0.149000	28.217600
0.150000	24.994900
0.151000	20.160900
0.152000	16.132601
0.153000	12.910000
0.154000	11.298600
0.155000	12.104300
0.156000	11.298600
0.157000	10.493000
0.158000	9.687310
0.159000	8.881640
0.160000	8.075980
0.161000	8.075980
0.162000	8.075980
0.163000	8.881640
0.164000	9.687310
0.165000	8.075980
0.166000	7.270310
0.167000	7.270310
0.168000	5.658980
0.169000	4.047660
0.170000	4.047660
0.171000	5.658980
0.172000	5.658980
0.173000	6.464650
0.174000	8.075980
0.175000	9.687310
0.176000	9.687310
0.177000	8.881640
0.178000	8.075980
0.179000	7.270310
0.180000	8.075980
0.181000	8.881640
0.182000	10.493000
0.183000	11.298600
0.184000	11.298600
0.185000	12.910000
0.186000	14.521300
0.187000	15.327000
0.188000	16.132601
0.189000	16.132601
0.190000	16.938299
0.191000	20.160900
0.192000	20.160900
0.193000	20.966600
0.194000	24.189301
0.195000	23.383600
0.196000	22.577900
0.197000	24.994900
0.198000	25.800600
0.199000	25.800600
0.200000	27.411900
0.201000	27.411900
0.202000	28.217600
0.203000	27.411900
0.204000	25.800600
0.205000	25.800600
0.206000	25.800600
0.207000	26.606300
0.208000	24.994900
0.209000	23.383600
0.210000	22.577900
0.211000	22.577900
0.212000	21.772301
0.213000	21.772301
0.214000	21.772301
0.215000	20.160900
0.216000	20.160900
0.217000	19.355301
0.218000	18.549601
0.219000	17.743900
0.220000	16.938299
0.221000	16.938299
0.222000	15.327000
0.223000	16.938299
0.224000	17.743900
0.225000	16.938299
0.226000	16.938299
0.227000	15.327000
0.228000	14.521300
0.229000	14.521300
0.230000	12.104300
0.231000	15.327000
0.232000	13.715600
0.233000	15.327000
0.234000	14.521300
0.235000	13.715600
0.236000	12.910000
0.237000	13.715600
0.238000	13.715600
0.239000	15.327000
0.240000	15.327000
0.241000	15.327000
0.242000	16.132601
0.243000	16.132601
0.244000	16.132601
0.245000	16.132601
0.246000	16.938299
0.247000	16.938299
0.248000	17.743900
0.249000	18.549601
0.250000	19.355301
0.251000	19.355301
0.252000	19.355301
0.253000	19.355301
0.254000	20.160900
0.255000	20.160900
0.256000	20.160900
0.257000	20.966600
0.258000	21.772301
0.259000	20.966600
0.260000	20.160900
0.261000	19.355301
0.262000	18.549601
0.263000	18.549601
0.264000	16.938299
0.265000	16.938299
0.266000	16.938299
0.267000	16.938299
0.268000	16.938299
0.269000	16.132601
0.270000	16.132601
0.271000	16.132601
0.272000	14.521300
0.273000	13.715600
0.274000	12.104300
0.275000	10.493000
0.276000	0.019336
0.277000	3.241990
0.278000	-8.842970
0.279000	-21.733601
0.280000	-45.903500
0.281000	-28.178900
0.282000	-6.425980
0.283000	1.630660
0.284000	-4.814650
0.285000	-10.454300
0.286000	-13.677000
0.287000	-8.842970
0.288000	-4.814650
0.289000	6.464650
0.290000	24.994900
0.291000	37.079899
0.292000	42.719501
0.293000	37.885502
0.294000	33.051601
0.295000	25.800600
0.296000	21.772301
0.297000	23.383600
0.298000	30.634600
0.299000	35.468601
0.300000	39.496899
0.301000	45.136501
0.302000	53.998798
0.303000	51.581799
0.304000	42.719501
0.305000	24.994900
0.306000	15.327000
0.307000	14.521300
0.308000	16.132601
0.309000	17.743900
0.310000	20.160900
0.311000	17.743900
0.312000	10.493000
0.313000	1.630660
0.314000	-8.037310
0.315000	-12.871300
0.316000	-11.260000
0.317000	-5.620310
0.318000	-2.397660
0.319000	0.019336
0.320000	-2.397660
0.321000	-4.814650
0.322000	-6.425980
0.323000	-8.842970
0.324000	-8.037310
0.325000	-8.037310
0.326000	-8.037310
0.327000	-5.620310
0.328000	-4.008980
0.329000	-4.008980
0.330000	-3.203320
0.331000	-3.203320
0.332000	-2.397660
0.333000	-1.591990
0.334000	-2.397660
0.335000	-2.397660
0.336000	-1.591990
0.337000	0.825000
0.338000	1.630660
0.339000	0.825000
0.340000	-1.591990
0.341000	-2.397660
0.342000	-0.786327
0.343000	2.436330
0.344000	6.464650
0.345000	8.881640
0.346000	8.075980
0.347000	6.464650
0.348000	4.853320
0.349000	5.658980
0.350000	6.464650
0.351000	8.075980
0.352000	11.298600
0.353000	12.910000
0.354000	12.910000
0.355000	10.493000
0.356000	10.493000
0.357000	9.687310
0.358000	9.687310
0.359000	9.687310
0.360000	10.493000
0.361000	12.104300
0.362000	13.715600
0.363000	13.715600
0.364000	12.910000
0.365000	9.687310
0.366000	6.464650
0.367000	4.047660
0.368000	2.436330
0.369000	3.241990
0.370000	2.436330
0.371000	1.630660
0.372000	0.019336
0.373000	-3.203320
0.374000	-7.231640
0.375000	-8.842970
0.376000	-12.065600
0.377000	-12.871300
0.378000	-12.065600
0.379000	-13.677000
0.380000	-14.482600
0.381000	-16.899599
0.382000	-19.316601
0.383000	-20.122299
0.384000	-18.510900
0.385000	-20.122299
0.386000	-20.122299
0.387000	-20.122299
0.388000	-20.927900
0.389000	-19.316601
0.390000	-18.510900
0.391000	-16.093901
0.392000	-15.288300
0.393000	-15.288300
0.394000	-13.677000
0.395000	-12.871300
0.396000	-12.065600
0.397000	-12.065600
0.398000	-11.260000
0.399000	-11.260000
0.400000	-9.648630
0.401000	-8.842970
0.402000	-8.037310
0.403000	-7.231640
0.404000	-5.620310
0.405000	-7.231640
0.406000	-8.037310
0.407000	-9.648630
0.408000	-9.648630
0.409000	-9.648630
0.410000	-10.454300
0.411000	-10.454300
0.412000	-12.871300
0.413000	-13.677000
0.414000	-13.677000
0.415000	-14.482600
0.416000	-16.093901
0.417000	-16.899599
0.418000	-18.510900
0.419000	-20.122299
0.420000	-21.733601
0.421000	-23.344900
0.422000	-23.344900
0.423000	-26.567600
0.424000	-25.761900
0.425000	-24.956301
0.426000	-27.373199
0.427000	-28.178900
0.428000	-28.984600
0.429000	-29.790199
0.430000	-31.401600
0.431000	-32.207199
0.432000	-33.012901
0.433000	-33.818600
0.434000	-34.624199
0.435000	-34.624199
0.436000	-34.624199
0.437000	-34.624199
0.438000	-35.429901
0.439000	-35.429901
0.440000	-36.235500
0.441000	-36.235500
0.442000	-36.235500
0.443000	-36.235500
0.444000	-34.624199
0.445000	-36.235500
0.446000	-35.429901
0.447000	-35.429901
0.448000	-37.041199
0.449000	-37.846901
0.450000	-37.041199
0.451000	-37.041199
0.452000	-37.041199
0.453000	-36.235500
0.454000	-37.041199
0.455000	-35.429901
0.456000	-34.624199
0.457000	-33.818600
0.458000	-35.429901
0.459000	-36.235500
0.460000	-37.041199
0.461000	-37.846901
0.462000	-37.846901
0.463000	-38.652500
0.464000	-39.458199
0.465000	-39.458199
0.466000	-39.458199
0.467000	-40.263901
0.468000	-39.458199
0.469000	-40.263901
0.470000	-40.263901
0.471000	-41.069500
0.472000	-41.875198
0.473000	-41.875198
0.474000	-42.680901
0.475000	-41.875198
0.476000	-43.486500
0.477000	-42.680901
0.478000	-43.486500
0.479000	-44.292198
0.480000	-44.292198
0.481000	-45.097900
0.482000	-45.097900
0.483000	-45.903500
0.484000	-47.514801
0.485000	-46.709202
0.486000	-48.320499
0.487000	-49.126202
0.488000	-48.320499
0.489000	-47.514801
0.490000	-48.320499
0.491000	-47.514801
0.492000	-48.320499
0.493000	-48.320499
0.494000	-49.931801
0.495000	-49.931801
0.496000	-49.126202
0.497000	-49.126202
0.498000	-49.126202
0.499000	-49.931801
0.500000	-49.126202
0.501000	-49.126202
0.502000	-49.126202
0.503000	-49.126202
0.504000	-49.931801
0.505000	-50.737499
0.506000	-49.931801
0.507000	-50.737499
0.508000	-49.931801
0.509000	-50.737499
0.510000	-49.931801
0.511000	-50.737499
0.512000	-50.737499
0.513000	-50.737499
0.514000	-49.126202
0.515000	-49.931801
0.516000	-49.126202
0.517000	-49.931801
0.518000	-49.126202
0.519000	-49.126202
0.520000	-48.320499
0.521000	-48.320499
0.522000	-47.514801
0.523000	-49.126202
0.524000	-49.126202
0.525000	-48.320499
0.526000	-49.126202
0.527000	-47.514801
0.528000	-47.514801
0.529000	-47.514801
0.530000	-48.320499
0.531000	-48.320499
0.532000	-49.126202
0.533000	-48.320499
0.534000	-49.126202
0.535000	-49.126202
0.536000	-49.126202
0.537000	-49.126202
0.538000	-48.320499
0.539000	-49.126202
0.540000	-49.126202
0.541000	-49.126202
0.542000	-48.320499
0.543000	-49.126202
0.544000	-48.320499
0.545000	-48.320499
0.546000	-49.126202
0.547000	-47.514801
0.548000	-47.514801
0.549000	-47.514801
0.550000	-45.903500
0.551000	-46.709202
0.552000	-45.903500
0.553000	-46.709202
0.554000	-45.903500
0.555000	-47.514801
0.556000	-46.709202
0.557000	-45.097900
0.558000	-46.709202
0.559000	-46.709202
0.560000	-45.903500
0.561000	-45.097900
0.562000	-45.097900
0.563000	-46.709202
0.564000	-45.903500
0.565000	-46.709202
0.566000	-46.709202
0.567000	-46.709202
0.568000	-45.097900
0.569000	-45.903500
0.570000	-45.097900
0.571000	-45.097900
0.572000	-45.903500
0.573000	-44.292198
0.574000	-43.486500
0.575000	-43.486500
0.576000	-44.292198
0.577000	-42.680901
0.578000	-44.292198
0.579000	-42.680901
0.580000	-42.680901
0.581000	-41.069500
0.582000	-41.875198
0.583000	-41.875198
0.584000	-41.875198
0.585000	-40.263901
0.586000	-40.263901
0.587000	-40.263901
0.588000	-40.263901
0.589000	-40.263901
0.590000	-41.069500
0.591000	-39.458199
0.592000	-38.652500
0.593000	-39.458199
0.594000	-37.846901
0.595000	-37.041199
0.596000	-37.041199
0.597000	-37.846901
0.598000	-37.846901
0.599000	-37.041199
0.600000	-37.041199
0.601000	-36.235500
0.602000	-34.624199
0.603000	-34.624199
0.604000	-35.429901
0.605000	-34.624199
0.606000	-34.624199
0.607000	-33.012901
0.608000	-33.012901
