0.000000	0.000000
-27.898001	-0.306446
-27.856001	-0.306446
-27.856001	-0.263770
-27.857000	1.400590
-27.857000	2.040720
-28.745001	1.016500
-29.437000	-1.800100
-30.247999	-3.891210
-31.066999	-4.744730
-31.806000	-5.299510
-32.502998	-6.025000
-33.140999	-6.409080
-33.825001	-6.451760
-34.479000	-8.158790
-35.062000	-11.018100
-35.606998	-12.085000
-35.997002	-11.487500
-36.280998	-9.865820
-36.590000	-7.860060
-37.058998	-10.548600
-37.550999	-13.407900
-37.550999	-14.688200
-38.345001	-14.858900
-38.714001	-14.560200
-39.075001	-13.621300
-39.362999	-12.767800
-39.667999	-13.877300
-39.992001	-15.413700
-40.287998	-16.992701
-40.631001	-18.144899
-40.980000	-18.827700
-41.313000	-18.785101
-41.706001	-18.913099
-41.971001	-19.937300
-42.272999	-21.431000
-42.682999	-19.980000
-43.331001	-15.669700
-44.212002	-12.767800
-44.986000	-15.413700
-45.637001	-21.217600
-46.307999	-24.418301
-46.743000	-24.631599
-47.188000	-23.564699
-47.661999	-23.735500
-48.042000	-24.119499
-48.437000	-24.716999
-48.800999	-27.704300
-49.116001	-32.270599
-49.449001	-35.770000
-49.813000	-37.050301
-50.131001	-37.391701
-50.459000	-38.586601
-50.625000	-41.573898
-50.925999	-44.945301
-51.148998	-47.975300
-51.497002	-50.535801
-51.764000	-52.285500
-51.955002	-53.565800
-52.187000	-55.443600
-52.424000	-57.321301
-52.659000	-59.028301
-52.861000	-60.863400
-53.070999	-62.271702
-53.344002	-63.210499
-53.519001	-63.978699
-53.617001	-64.362801
-53.813000	-64.618797
-53.931999	-65.259003
-53.924000	-65.514999
-54.134998	-65.301697
-54.289001	-65.387001
-54.356998	-65.514999
-54.526001	-65.173599
-54.472000	-64.746902
-54.536999	-64.320099
-54.590000	-63.551998
