-0.817000	-20.900000
-0.880000	-20.900000
-0.880000	-20.900000
-0.817000	-20.900000
-0.942000	-20.900000
-1.010000	-20.900000
-0.942000	-20.900000
-0.754000	-20.900000
1.700000	-21.000000
3.330000	-21.400000
2.830000	-22.000000
-0.126000	-22.799999
-6.280000	-24.500000
-12.000000	-25.100000
-13.800000	-25.700001
-11.700000	-26.000000
-8.860000	-26.100000
-6.720000	-26.200001
-6.660000	-26.500000
-8.610000	-26.799999
-10.200000	-27.000000
-11.100000	-27.500000
-12.800000	-27.799999
-15.000000	-28.100000
-17.500000	-28.400000
-16.700001	-28.700001
-16.600000	-29.000000
-16.799999	-29.299999
-19.000000	-29.600000
-20.600000	-29.600000
-21.500000	-30.200001
-22.100000	-30.500000
-22.100000	-30.600000
-22.600000	-30.900000
-23.700001	-31.299999
-24.799999	-31.400000
-25.400000	-31.700001
-26.299999	-32.099998
-27.000000	-32.299999
-27.600000	-32.500000
-28.500000	-32.900002
-29.299999	-33.099998
-30.000000	-33.299999
-31.000000	-33.700001
-31.799999	-34.000000
-32.400002	-34.099998
-33.000000	-34.400002
-34.700001	-34.599998
-36.299999	-34.900002
-37.099998	-35.200001
-38.000000	-35.400002
-39.299999	-35.799999
-40.099998	-36.099998
-40.900002	-36.400002
-42.000000	-36.599998
-43.299999	-37.000000
-44.299999	-37.299999
-44.700001	-37.799999
-43.599998	-38.400002
-40.900002	-38.900002
-42.299999	-39.400002
-46.599998	-39.900002
-46.599998	-40.500000
-46.000000	-40.900002
-44.900002	-41.500000
-43.700001	-41.799999
-45.500000	-42.299999
-49.400002	-42.599998
-50.599998	-43.099998
-51.299999	-43.799999
-43.900002	-45.200001
-25.900000	-47.099998
-14.800000	-48.599998
-18.500000	-49.900002
-34.400002	-50.700001
-46.299999	-51.200001
-44.900002	-52.000000
-31.500000	-52.400002
-16.100000	-53.200001
-15.000000	-53.799999
-27.500000	-54.400002
-39.700001	-55.299999
-42.099998	-56.200001
-33.299999	-57.299999
-22.600000	-58.500000
-15.000000	-59.900002
-11.800000	-61.099998
