-0.500000	-0.931056
-0.499000	-0.931056
-0.498000	-0.868265
-0.497000	-0.868265
-0.496000	-0.868265
-0.495000	-0.993847
-0.494000	-0.931056
-0.493000	-0.868265
-0.492000	-0.931056
-0.491000	-0.868265
-0.490000	-0.868265
-0.489000	-0.993847
-0.488000	-0.931056
-0.487000	-0.868265
-0.486000	-0.931056
-0.485000	-0.931056
-0.484000	-0.993847
-0.483000	-0.931056
-0.482000	-0.931056
-0.481000	-0.993847
-0.480000	-0.868265
-0.479000	-0.868265
-0.478000	-0.931056
-0.477000	-0.805346
-0.476000	-0.931056
-0.475000	-0.868265
-0.474000	-0.931056
-0.473000	-0.931056
-0.472000	-0.868265
-0.471000	-0.805346
-0.470000	-0.868265
-0.469000	-0.931056
-0.468000	-0.931056
-0.467000	-0.993847
-0.466000	-0.931056
-0.465000	-0.931056
-0.464000	-0.931056
-0.463000	-0.931056
-0.462000	-0.931056
-0.461000	-0.868265
-0.460000	-0.993847
-0.459000	-0.931056
-0.458000	-0.993847
-0.457000	-0.931056
-0.456000	-0.868265
-0.455000	-0.993847
-0.454000	-0.993847
-0.453000	-0.931056
-0.452000	-0.931056
-0.451000	-0.868265
-0.450000	-0.868265
-0.449000	-0.931056
-0.448000	-0.868265
-0.447000	-0.931056
-0.446000	-0.931056
-0.445000	-0.931056
-0.444000	-0.931056
-0.443000	-0.931056
-0.442000	-0.868265
-0.441000	-0.993847
-0.440000	-0.931056
-0.439000	-0.931056
-0.438000	-0.931056
-0.437000	-0.993847
-0.436000	-0.868265
-0.435000	-0.931056
-0.434000	-0.868265
-0.433000	-0.868265
-0.432000	-0.931056
-0.431000	-0.931056
-0.430000	-0.931056
-0.429000	-0.868265
-0.428000	-0.868265
-0.427000	-0.931056
-0.426000	-0.931056
-0.425000	-0.868265
-0.424000	-0.931056
-0.423000	-0.931056
-0.422000	-0.931056
-0.421000	-0.868265
-0.420000	-0.931056
-0.419000	-0.868265
-0.418000	-0.868265
-0.417000	-0.993847
-0.416000	-0.993847
-0.415000	-0.931056
-0.414000	-0.931056
-0.413000	-0.931056
-0.412000	-0.868265
-0.411000	-0.931056
-0.410000	-0.868265
-0.409000	-0.931056
-0.408000	-0.868265
-0.407000	-0.931056
-0.406000	-0.931056
-0.405000	-0.931056
-0.404000	-0.931056
-0.403000	-0.931056
-0.402000	-0.868265
-0.401000	-0.993847
-0.400000	-0.868265
-0.399000	-0.931056
-0.398000	-0.868265
-0.397000	-0.868265
-0.396000	-0.868265
-0.395000	-0.931056
-0.394000	-0.868265
-0.393000	-0.868265
-0.392000	-0.868265
-0.391000	-0.868265
-0.390000	-0.868265
-0.389000	-0.931056
-0.388000	-0.931056
-0.387000	-0.868265
-0.386000	-0.868265
-0.385000	-0.993847
-0.384000	-0.931056
-0.383000	-0.868265
-0.382000	-0.931056
-0.381000	-0.868265
-0.380000	-0.868265
-0.379000	-0.931056
-0.378000	-0.931056
-0.377000	-0.868265
-0.376000	-0.868265
-0.375000	-0.931056
-0.374000	-0.993847
-0.373000	-0.931056
-0.372000	-0.931056
-0.371000	-0.993847
-0.370000	-0.931056
-0.369000	-0.931056
-0.368000	-0.931056
-0.367000	-0.931056
-0.366000	-0.868265
-0.365000	-0.993847
-0.364000	-0.931056
-0.363000	-0.931056
-0.362000	-0.868265
-0.361000	-0.868265
-0.360000	-0.931056
-0.359000	-0.931056
-0.358000	-0.868265
-0.357000	-0.931056
-0.356000	-0.931056
-0.355000	-0.993847
-0.354000	-0.868265
-0.353000	-0.868265
-0.352000	-0.931056
-0.351000	-0.931056
-0.350000	-0.868265
-0.349000	-0.931056
-0.348000	-0.931056
-0.347000	-0.931056
-0.346000	-0.931056
-0.345000	-0.931056
-0.344000	-0.931056
-0.343000	-0.868265
-0.342000	-0.931056
-0.341000	-0.868265
-0.340000	-0.868265
-0.339000	-0.931056
-0.338000	-0.931056
-0.337000	-0.868265
-0.336000	-0.931056
-0.335000	-0.931056
-0.334000	-0.868265
-0.333000	-0.868265
-0.332000	-0.868265
-0.331000	-0.868265
-0.330000	-0.931056
-0.329000	-0.931056
-0.328000	-0.931056
-0.327000	-0.868265
-0.326000	-0.931056
-0.325000	-0.931056
-0.324000	-0.993847
-0.323000	-0.868265
-0.322000	-0.868265
-0.321000	-0.931056
-0.320000	-0.931056
-0.319000	-0.931056
-0.318000	-0.868265
-0.317000	-0.868265
-0.316000	-0.931056
-0.315000	-0.931056
-0.314000	-0.868265
-0.313000	-0.868265
-0.312000	-0.931056
-0.311000	-0.931056
-0.310000	-0.931056
-0.309000	-0.931056
-0.308000	-0.931056
-0.307000	-0.868265
-0.306000	-0.931056
-0.305000	-0.931056
-0.304000	-0.931056
-0.303000	-0.868265
-0.302000	-0.931056
-0.301000	-0.931056
-0.300000	-0.993847
-0.299000	-0.868265
-0.298000	-0.993847
-0.297000	-0.931056
-0.296000	-0.868265
-0.295000	-0.868265
-0.294000	-0.931056
-0.293000	-0.931056
-0.292000	-0.931056
-0.291000	-0.868265
-0.290000	-0.931056
-0.289000	-0.868265
-0.288000	-0.931056
-0.287000	-0.931056
-0.286000	-0.805346
-0.285000	-0.931056
-0.284000	-0.931056
-0.283000	-0.931056
-0.282000	-0.931056
-0.281000	-0.931056
-0.280000	-0.993847
-0.279000	-0.931056
-0.278000	-0.868265
-0.277000	-0.931056
-0.276000	-0.931056
-0.275000	-0.931056
-0.274000	-0.868265
-0.273000	-0.993847
-0.272000	-0.931056
-0.271000	-0.868265
-0.270000	-0.931056
-0.269000	-0.931056
-0.268000	-0.931056
-0.267000	-0.931056
-0.266000	-0.868265
-0.265000	-0.931056
-0.264000	-0.931056
-0.263000	-0.931056
-0.262000	-0.931056
-0.261000	-0.931056
-0.260000	-0.931056
-0.259000	-0.868265
-0.258000	-0.805346
-0.257000	-0.931056
-0.256000	-0.868265
-0.255000	-0.931056
-0.254000	-0.805346
-0.253000	-0.868265
-0.252000	-0.931056
-0.251000	-0.993847
-0.250000	-0.931056
-0.249000	-0.993847
-0.248000	-0.868265
-0.247000	-0.931056
-0.246000	-0.931056
-0.245000	-0.931056
-0.244000	-0.868265
-0.243000	-0.868265
-0.242000	-0.931056
-0.241000	-0.868265
-0.240000	-0.931056
-0.239000	-0.931056
-0.238000	-0.868265
-0.237000	-0.805346
-0.236000	-0.868265
-0.235000	-0.993847
-0.234000	-0.931056
-0.233000	-0.931056
-0.232000	-0.868265
-0.231000	-0.931056
-0.230000	-0.931056
-0.229000	-0.931056
-0.228000	-0.931056
-0.227000	-0.868265
-0.226000	-0.931056
-0.225000	-0.931056
-0.224000	-0.868265
-0.223000	-0.931056
-0.222000	-0.931056
-0.221000	-0.931056
-0.220000	-0.868265
-0.219000	-0.931056
-0.218000	-0.868265
-0.217000	-0.931056
-0.216000	-0.931056
-0.215000	-0.868265
-0.214000	-0.868265
-0.213000	-0.931056
-0.212000	-0.931056
-0.211000	-0.868265
-0.210000	-0.868265
-0.209000	-0.868265
-0.208000	-0.993847
-0.207000	-0.931056
-0.206000	-0.931056
-0.205000	-0.868265
-0.204000	-0.931056
-0.203000	-0.993847
-0.202000	-0.931056
-0.201000	-0.868265
-0.200000	-0.993847
-0.199000	-0.868265
-0.198000	-0.931056
-0.197000	-0.931056
-0.196000	-0.931056
-0.195000	-0.931056
-0.194000	-0.868265
-0.193000	-0.931056
-0.192000	-0.931056
-0.191000	-0.931056
-0.190000	-0.931056
-0.189000	-0.931056
-0.188000	-0.931056
-0.187000	-0.931056
-0.186000	-0.868265
-0.185000	-0.868265
-0.184000	-0.868265
-0.183000	-0.931056
-0.182000	-0.868265
-0.181000	-0.868265
-0.180000	-0.868265
-0.179000	-0.931056
-0.178000	-0.931056
-0.177000	-0.931056
-0.176000	-0.868265
-0.175000	-0.931056
-0.174000	-0.931056
-0.173000	-0.931056
-0.172000	-0.993847
-0.171000	-0.931056
-0.170000	-0.868265
-0.169000	-0.931056
-0.168000	-0.868265
-0.167000	-0.931056
-0.166000	-0.868265
-0.165000	-0.868265
-0.164000	-0.868265
-0.163000	-0.931056
-0.162000	-0.931056
-0.161000	-0.868265
-0.160000	-0.931056
-0.159000	-0.868265
-0.158000	-0.931056
-0.157000	-0.993847
-0.156000	-0.931056
-0.155000	-0.868265
-0.154000	-0.993847
-0.153000	-0.868265
-0.152000	-0.805346
-0.151000	-0.931056
-0.150000	-0.931056
-0.149000	-0.931056
-0.148000	-0.931056
-0.147000	-0.931056
-0.146000	-0.868265
-0.145000	-0.931056
-0.144000	-0.931056
-0.143000	-0.931056
-0.142000	-0.868265
-0.141000	-0.868265
-0.140000	-0.931056
-0.139000	-0.931056
-0.138000	-0.931056
-0.137000	-0.868265
-0.136000	-0.868265
-0.135000	-0.868265
-0.134000	-0.868265
-0.133000	-0.931056
-0.132000	-0.931056
-0.131000	-0.931056
-0.130000	-0.931056
-0.129000	-0.868265
-0.128000	-0.931056
-0.127000	-0.868265
-0.126000	-0.805346
-0.125000	-0.931056
-0.124000	-0.868265
-0.123000	-0.993847
-0.122000	-1.056770
-0.121000	-0.931056
-0.120000	-0.868265
-0.119000	-0.931056
-0.118000	-0.993847
-0.117000	-0.931056
-0.116000	-0.868265
-0.115000	-0.805346
-0.114000	-0.931056
-0.113000	-0.931056
-0.112000	-0.993847
-0.111000	-0.931056
-0.110000	-0.868265
-0.109000	-0.931056
-0.108000	-0.931056
-0.107000	-0.868265
-0.106000	-0.931056
-0.105000	-0.868265
-0.104000	-0.931056
-0.103000	-0.868265
-0.102000	-0.993847
-0.101000	-0.931056
-0.100000	-0.931056
-0.099000	-0.868265
-0.098000	-0.931056
-0.097000	-0.931056
-0.096000	-0.868265
-0.095000	-0.993847
-0.094000	-0.931056
-0.093000	-0.868265
-0.092000	-0.868265
-0.091000	-0.868265
-0.090000	-0.993847
-0.089000	-0.993847
-0.088000	-0.931056
-0.087000	-0.868265
-0.086000	-0.993847
-0.085000	-0.993847
-0.084000	-0.931056
-0.083000	-0.931056
-0.082000	-0.931056
-0.081000	-0.805346
-0.080000	-0.868265
-0.079000	-0.805346
-0.078000	-0.868265
-0.077000	-0.868265
-0.076000	-0.931056
-0.075000	-0.868265
-0.074000	-0.931056
-0.073000	-0.868265
-0.072000	-0.868265
-0.071000	-0.868265
-0.070000	-0.868265
-0.069000	-0.868265
-0.068000	-0.868265
-0.067000	-0.868265
-0.066000	-0.868265
-0.065000	-0.868265
-0.064000	-0.868265
-0.063000	-0.931056
-0.062000	-0.993847
-0.061000	-1.056770
-0.060000	-0.993847
-0.059000	-0.931056
-0.058000	-0.993847
-0.057000	-0.993847
-0.056000	-0.993847
-0.055000	-0.993847
-0.054000	-1.119560
-0.053000	-1.056770
-0.052000	-1.056770
-0.051000	-0.993847
-0.050000	-1.056770
-0.049000	-1.056770
-0.048000	-1.056770
-0.047000	-0.993847
-0.046000	-1.056770
-0.045000	-0.993847
-0.044000	-0.993847
-0.043000	-0.554053
-0.042000	-0.616973
-0.041000	-0.868265
-0.040000	-0.805346
-0.039000	-0.679764
-0.038000	-0.239970
-0.037000	-0.428471
-0.036000	-0.805346
-0.035000	-0.491262
-0.034000	0.011323
-0.033000	0.388326
-0.032000	0.514037
-0.031000	0.514037
-0.030000	1.079410
-0.029000	1.079410
-0.028000	1.644920
-0.027000	2.021790
-0.026000	2.398790
-0.025000	2.712880
-0.024000	2.712880
-0.023000	2.964300
-0.022000	3.215590
-0.021000	3.341170
-0.020000	3.278380
-0.019000	3.278380
-0.018000	3.341170
-0.017000	3.529680
-0.016000	3.403960
-0.015000	3.215590
-0.014000	3.278380
-0.013000	3.027090
-0.012000	2.775800
-0.011000	2.650090
-0.010000	2.524510
-0.009000	2.461590
-0.008000	1.959000
-0.007000	1.644920
-0.006000	1.142200
-0.005000	0.451117
-0.004000	-0.177179
-0.003000	-0.616973
-0.002000	-1.245140
-0.001000	-1.999150
0.000000	-3.004320
0.001000	-3.695400
0.002000	-4.574990
0.003000	-5.454580
0.004000	-6.334170
0.005000	-7.088170
0.006000	-8.030550
0.007000	-8.721640
0.008000	-9.475520
0.009000	-10.103800
0.010000	-10.794900
0.011000	-11.423200
0.012000	-12.051500
0.013000	-12.491300
0.014000	-12.805400
0.015000	-13.182400
0.016000	-13.496500
0.017000	-13.685000
0.018000	-13.810700
0.019000	-13.873500
0.020000	-13.873500
0.021000	-13.622200
0.022000	-13.370900
0.023000	-13.182400
0.024000	-13.119600
0.025000	-12.742600
0.026000	-12.491300
0.027000	-11.988600
0.028000	-11.737300
0.029000	-11.423200
0.030000	-11.046200
0.031000	-10.794900
0.032000	-10.417900
0.033000	-9.978100
0.034000	-9.664020
0.035000	-9.349930
0.036000	-8.910140
0.037000	-8.658850
0.038000	-8.219050
0.039000	-7.904840
0.040000	-7.653550
0.041000	-7.339470
0.042000	-7.088170
0.043000	-6.962460
0.044000	-6.773960
0.045000	-6.711170
0.046000	-6.459880
0.047000	-6.459880
0.048000	-6.459880
0.049000	-6.334170
0.050000	-6.396960
0.051000	-6.648380
0.052000	-6.711170
0.053000	-6.773960
0.054000	-7.025250
0.055000	-7.402260
0.056000	-7.590760
0.057000	-7.779260
0.058000	-8.219050
0.059000	-8.470350
0.060000	-8.658850
0.061000	-8.847220
0.062000	-9.224220
0.063000	-9.475520
0.064000	-9.664020
0.065000	-9.915310
0.066000	-9.978100
0.067000	-10.166600
0.068000	-10.292300
0.069000	-10.606400
0.070000	-10.669300
0.071000	-10.857700
0.072000	-10.983400
0.073000	-11.046200
0.074000	-11.171900
0.075000	-11.171900
0.076000	-11.171900
0.077000	-11.297500
0.078000	-11.548800
0.079000	-11.611700
0.080000	-11.674500
0.081000	-11.863000
0.082000	-12.240000
0.083000	-12.554100
0.084000	-12.805400
0.085000	-13.119600
0.086000	-13.433700
0.087000	-13.747700
0.088000	-14.062000
0.089000	-14.313300
0.090000	-14.501800
0.091000	-14.753000
0.092000	-15.004300
0.093000	-15.381300
0.094000	-15.758200
0.095000	-16.072399
0.096000	-16.323700
0.097000	-16.575001
0.098000	-17.140499
0.099000	-17.203300
0.100000	-17.580200
0.101000	-17.517401
0.102000	-17.580200
0.103000	-17.580200
0.104000	-17.328899
0.105000	-17.328899
0.106000	-17.140499
0.107000	-17.014799
0.108000	-16.763500
0.109000	-16.763500
0.110000	-16.826300
0.111000	-16.889099
0.112000	-16.700701
0.113000	-16.763500
0.114000	-16.826300
0.115000	-16.889099
0.116000	-16.637800
0.117000	-16.700701
0.118000	-16.826300
0.119000	-16.700701
0.120000	-16.637800
0.121000	-16.763500
0.122000	-16.763500
0.123000	-16.826300
0.124000	-16.889099
0.125000	-17.014799
0.126000	-17.894400
0.127000	-17.894400
0.128000	-17.266100
0.129000	-18.145700
0.130000	-19.088100
0.131000	-18.899599
0.132000	-19.088100
0.133000	-19.527901
0.134000	-19.527901
0.135000	-19.904900
0.136000	-20.156200
0.137000	-20.030399
0.138000	-20.156200
0.139000	-20.470200
0.140000	-20.658701
0.141000	-20.784500
0.142000	-20.784500
0.143000	-21.098499
0.144000	-21.098499
0.145000	-21.287001
0.146000	-21.349800
0.147000	-21.475500
0.148000	-21.601101
0.149000	-21.601101
0.150000	-21.852501
0.151000	-21.915300
0.152000	-21.978100
0.153000	-21.978100
0.154000	-21.915300
0.155000	-22.040899
0.156000	-22.103800
0.157000	-21.915300
0.158000	-21.915300
0.159000	-22.040899
0.160000	-21.915300
0.161000	-21.978100
0.162000	-22.040899
0.163000	-21.978100
0.164000	-22.103800
0.165000	-22.166599
0.166000	-22.229401
0.167000	-22.292299
0.168000	-22.417900
0.169000	-22.417900
0.170000	-22.543600
0.171000	-22.606400
0.172000	-22.669201
0.173000	-22.857700
0.174000	-22.983400
0.175000	-23.108999
0.176000	-23.297501
0.177000	-23.360300
0.178000	-23.674500
0.179000	-23.737301
0.180000	-23.800100
0.181000	-23.988600
0.182000	-24.114300
0.183000	-24.302799
0.184000	-24.428400
0.185000	-24.491199
0.186000	-24.554100
0.187000	-24.679701
0.188000	-24.805401
0.189000	-24.868200
0.190000	-24.868200
0.191000	-24.993900
0.192000	-25.119499
0.193000	-25.182400
0.194000	-25.433701
0.195000	-25.433701
0.196000	-25.496500
0.197000	-25.559299
0.198000	-25.684999
0.199000	-25.936300
0.200000	-25.999100
0.201000	-26.061899
0.202000	-26.187599
0.203000	-26.250401
0.204000	-26.376101
0.205000	-26.564600
0.206000	-26.627399
0.207000	-26.753099
0.208000	-26.753099
0.209000	-26.878599
0.210000	-27.004400
0.211000	-27.004400
0.212000	-27.067101
0.213000	-27.192900
0.214000	-27.192900
0.215000	-27.192900
0.216000	-27.318399
0.217000	-27.444201
0.218000	-27.444201
0.219000	-27.506901
0.220000	-27.695400
0.221000	-27.695400
0.222000	-27.883900
0.223000	-28.009501
0.224000	-28.072300
0.225000	-28.198000
0.226000	-28.449301
0.227000	-28.449301
0.228000	-28.575001
0.229000	-28.637800
0.230000	-28.700600
0.231000	-28.826300
0.232000	-28.951900
0.233000	-29.077600
0.234000	-29.077600
0.235000	-29.203300
0.236000	-29.328899
0.237000	-29.391701
0.238000	-29.517401
0.239000	-29.454599
0.240000	-29.705900
0.241000	-29.831499
0.242000	-29.768700
0.243000	-29.894400
0.244000	-30.020000
0.245000	-30.082800
0.246000	-30.208500
0.247000	-30.271299
0.248000	-30.522600
0.249000	-30.648300
0.250000	-30.648300
0.251000	-30.899599
0.252000	-31.025299
0.253000	-31.025299
0.254000	-31.276600
0.255000	-31.339399
0.256000	-31.339399
0.257000	-31.590700
0.258000	-31.653500
0.259000	-31.716400
0.260000	-31.841999
0.261000	-31.904900
0.262000	-31.967699
0.263000	-32.030499
0.264000	-32.156200
0.265000	-32.156200
0.266000	-32.281799
0.267000	-32.281799
0.268000	-32.407501
0.269000	-32.407501
0.270000	-32.533100
0.271000	-32.533100
0.272000	-32.658798
0.273000	-32.721600
0.274000	-32.847301
0.275000	-32.972801
0.276000	-33.098598
0.277000	-33.349800
0.278000	-33.538399
0.279000	-33.663898
0.280000	-33.852402
0.281000	-34.040901
0.282000	-34.355099
0.283000	-34.543499
0.284000	-34.731998
0.285000	-34.983299
0.286000	-35.171799
0.287000	-35.360298
0.288000	-35.674400
0.289000	-35.737301
0.290000	-35.988602
0.291000	-36.177101
0.292000	-36.365601
0.293000	-36.491199
0.294000	-36.616901
0.295000	-36.679699
0.296000	-36.742500
0.297000	-36.805401
0.298000	-36.868198
0.299000	-36.993801
0.300000	-37.119499
0.301000	-37.119499
0.302000	-37.182301
0.303000	-37.245201
0.304000	-37.370800
0.305000	-37.622101
0.306000	-37.684898
0.307000	-37.936298
0.308000	-38.061901
0.309000	-38.124699
0.310000	-38.376099
0.311000	-38.501701
0.312000	-38.690201
0.313000	-38.878700
0.314000	-39.004299
0.315000	-39.192799
0.316000	-39.318501
0.317000	-39.381302
0.318000	-39.632500
0.319000	-39.758301
0.320000	-39.820999
0.321000	-40.009602
0.322000	-40.072300
0.323000	-40.135101
0.324000	-40.198101
0.325000	-40.386600
0.326000	-40.386600
0.327000	-40.574902
0.328000	-40.574902
0.329000	-40.574902
0.330000	-40.763401
0.331000	-40.763401
0.332000	-40.951900
0.333000	-41.140400
0.334000	-41.203201
0.335000	-41.328899
0.336000	-41.454498
0.337000	-41.580200
0.338000	-41.768700
0.339000	-41.894299
0.340000	-42.020000
0.341000	-42.271301
0.342000	-42.522598
0.343000	-42.522598
0.344000	-42.648300
0.345000	-42.962399
0.346000	-43.025200
0.347000	-43.088100
0.348000	-43.339401
0.349000	-43.465000
0.350000	-43.653500
0.351000	-43.716301
0.352000	-43.904800
0.353000	-44.093300
0.354000	-44.219002
0.355000	-44.281799
0.356000	-44.344601
0.357000	-44.407501
0.358000	-44.533100
0.359000	-44.721600
0.360000	-44.721600
0.361000	-44.910099
0.362000	-44.910099
0.363000	-45.035702
0.364000	-44.784401
0.365000	-44.910099
0.366000	-45.475498
0.367000	-45.726700
0.368000	-44.972900
0.369000	-44.658798
0.370000	-44.533100
0.371000	-44.470299
0.372000	-43.653500
0.373000	-42.899601
0.374000	-42.773899
0.375000	-42.522598
0.376000	-42.020000
0.377000	-41.077599
0.378000	-40.763401
0.379000	-40.826302
0.380000	-40.951900
0.381000	-40.700600
0.382000	-40.512100
0.383000	-40.700600
0.384000	-40.763401
0.385000	-40.951900
0.386000	-41.328899
0.387000	-41.643002
0.388000	-42.396999
0.389000	-43.213699
0.390000	-43.653500
0.391000	-44.344601
0.392000	-44.972900
0.393000	-45.412701
0.394000	-45.978199
0.395000	-46.292198
0.396000	-46.669300
0.397000	-46.857800
0.398000	-46.794800
0.399000	-46.606300
0.400000	-46.669300
0.401000	-46.731998
0.402000	-46.731998
0.403000	-46.669300
0.404000	-46.669300
0.405000	-46.543499
0.406000	-46.417999
0.407000	-46.355000
0.408000	-46.166500
0.409000	-46.166500
0.410000	-46.166500
0.411000	-46.103699
0.412000	-46.041000
0.413000	-45.852501
0.414000	-45.726700
0.415000	-45.601200
0.416000	-45.412701
0.417000	-45.349899
0.418000	-45.161400
0.419000	-45.035702
0.420000	-44.910099
0.421000	-44.595901
0.422000	-44.344601
0.423000	-44.156101
0.424000	-44.093300
0.425000	-43.967701
0.426000	-43.904800
0.427000	-43.716301
0.428000	-43.716301
0.429000	-43.653500
0.430000	-43.653500
0.431000	-43.967701
0.432000	-44.156101
0.433000	-44.407501
0.434000	-44.784401
0.435000	-45.161400
0.436000	-45.538399
0.437000	-46.166500
0.438000	-46.669300
0.439000	-47.171799
0.440000	-47.737202
0.441000	-48.176998
0.442000	-48.679699
0.443000	-48.993801
0.444000	-49.496399
0.445000	-49.936199
0.446000	-50.124699
0.447000	-50.375999
0.448000	-50.501701
0.449000	-50.815800
0.450000	-50.752998
0.451000	-50.815800
0.452000	-50.690201
0.453000	-50.564499
0.454000	-50.564499
0.455000	-50.375999
0.456000	-50.250401
0.457000	-49.999100
0.458000	-49.873402
0.459000	-49.873402
0.460000	-51.318501
0.461000	-50.878700
0.462000	-49.936199
0.463000	-50.124699
0.464000	-49.245098
0.465000	-48.679699
0.466000	-47.171799
0.467000	-45.726700
0.468000	-43.967701
0.469000	-43.779202
0.470000	-40.763401
0.471000	-37.370800
0.472000	-36.114201
0.473000	-34.794899
0.474000	-32.030499
0.475000	-28.386499
0.476000	-25.999100
0.477000	-24.868200
0.478000	-23.548800
0.479000	-20.156200
0.480000	-17.705900
0.481000	-16.826300
0.482000	-17.077600
0.483000	-16.135201
0.484000	-14.878600
0.485000	-14.815800
0.486000	-15.318400
0.487000	-15.130000
0.488000	-15.192800
0.489000	-15.444100
0.490000	-16.637800
0.491000	-17.768700
0.492000	-18.522699
0.493000	-20.030399
0.494000	-21.915300
0.495000	-23.925800
0.496000	-25.999100
0.497000	-28.009501
0.498000	-30.396999
0.499000	-32.470299
0.500000	-34.417900
0.501000	-36.491199
0.502000	-38.376099
0.503000	-39.946800
0.504000	-41.454498
0.505000	-43.025200
0.506000	-44.533100
0.507000	-45.475498
0.508000	-46.355000
0.509000	-47.171799
0.510000	-47.423100
0.511000	-47.800098
0.512000	-47.925701
0.513000	-47.800098
0.514000	-46.857800
0.515000	-45.726700
0.516000	-44.972900
0.517000	-44.533100
0.518000	-43.213699
0.519000	-41.643002
0.520000	-39.820999
0.521000	-38.124699
0.522000	-36.491199
0.523000	-34.103699
0.524000	-31.590700
0.525000	-29.328899
0.526000	-27.444201
0.527000	-25.308001
0.528000	-23.046200
0.529000	-20.910000
0.530000	-19.213800
0.531000	-17.768700
0.532000	-16.198000
0.533000	-14.878600
0.534000	-14.376000
0.535000	-14.124700
0.536000	-13.936200
0.537000	-13.936200
0.538000	-14.250500
0.539000	-14.376000
0.540000	-15.067100
0.541000	-16.009501
0.542000	-17.454599
0.543000	-18.962500
0.544000	-20.407400
0.545000	-21.978100
0.546000	-23.800100
0.547000	-25.810600
0.548000	-27.506901
0.549000	-29.266100
0.550000	-31.025299
0.551000	-32.784500
0.552000	-34.543499
0.553000	-36.114201
0.554000	-37.622101
0.555000	-38.627399
0.556000	-39.758301
0.557000	-40.637798
0.558000	-41.391701
0.559000	-42.145599
0.560000	-42.648300
0.561000	-42.773899
0.562000	-42.648300
0.563000	-42.459801
0.564000	-42.145599
0.565000	-41.705799
0.566000	-40.763401
0.567000	-39.632500
0.568000	-38.564499
0.569000	-37.245201
0.570000	-36.051399
0.571000	-34.731998
0.572000	-33.349800
0.573000	-31.465099
0.574000	-30.020000
0.575000	-28.763500
0.576000	-27.506901
0.577000	-26.061899
0.578000	-24.679701
0.579000	-23.486000
0.580000	-22.606400
0.581000	-21.664000
0.582000	-20.344700
0.583000	-19.276600
0.584000	-18.459801
0.585000	-17.705900
0.586000	-16.763500
0.587000	-15.821100
0.588000	-15.067100
0.589000	-14.376000
0.590000	-13.747700
0.591000	-13.119600
0.592000	-12.616900
0.593000	-12.302800
0.594000	-11.988600
0.595000	-11.737300
0.596000	-11.863000
0.597000	-12.302800
0.598000	-12.491300
0.599000	-13.056700
0.600000	-13.622200
0.601000	-14.376000
0.602000	-15.318400
0.603000	-16.386499
0.604000	-17.391800
0.605000	-18.522699
0.606000	-19.904900
0.607000	-21.035700
0.608000	-22.040899
0.609000	-23.297501
0.610000	-24.302799
0.611000	-25.182400
0.612000	-25.936300
0.613000	-26.313299
0.614000	-26.753099
0.615000	-26.941401
0.616000	-27.192900
0.617000	-27.129900
0.618000	-27.255699
0.619000	-27.067101
0.620000	-26.753099
0.621000	-26.564600
0.622000	-26.124800
0.623000	-25.622101
0.624000	-25.182400
0.625000	-24.616899
0.626000	-24.239901
0.627000	-23.611601
0.628000	-23.046200
0.629000	-22.355101
0.630000	-21.852501
0.631000	-21.412701
0.632000	-20.847200
0.633000	-20.281900
0.634000	-19.842100
0.635000	-19.402300
0.636000	-18.899599
0.637000	-18.648300
0.638000	-18.208500
0.639000	-17.957199
0.640000	-17.517401
0.641000	-17.328899
0.642000	-17.140499
0.643000	-16.826300
0.644000	-16.700701
0.645000	-16.575001
0.646000	-16.637800
0.647000	-16.889099
0.648000	-17.014799
0.649000	-17.140499
0.650000	-17.517401
0.651000	-17.957199
0.652000	-17.831600
0.653000	-17.517401
0.654000	-18.271400
0.655000	-19.276600
0.656000	-20.030399
0.657000	-20.533199
0.658000	-21.098499
0.659000	-21.978100
0.660000	-22.983400
0.661000	-23.423201
0.662000	-23.423201
0.663000	-23.674500
0.664000	-24.051399
0.665000	-24.365601
0.666000	-24.365601
0.667000	-24.051399
0.668000	-23.674500
0.669000	-23.548800
0.670000	-23.108999
0.671000	-22.732100
0.672000	-22.355101
0.673000	-22.166599
0.674000	-21.852501
0.675000	-21.789600
0.676000	-21.412701
0.677000	-20.910000
0.678000	-20.470200
0.679000	-20.156200
0.680000	-19.967699
0.681000	-19.716400
0.682000	-19.276600
0.683000	-19.150999
0.684000	-19.025299
0.685000	-18.962500
0.686000	-18.648300
0.687000	-18.459801
0.688000	-18.208500
0.689000	-18.145700
0.690000	-18.082899
0.691000	-18.082899
0.692000	-18.020000
0.693000	-18.020000
0.694000	-18.020000
0.695000	-18.082899
0.696000	-18.774000
0.697000	-19.339399
0.698000	-19.716400
0.699000	-20.281900
0.700000	-20.784500
0.701000	-21.412701
0.702000	-22.040899
0.703000	-22.857700
0.704000	-23.423201
0.705000	-23.674500
0.706000	-23.800100
0.707000	-23.674500
0.708000	-23.800100
0.709000	-23.863001
0.710000	-23.611601
0.711000	-23.360300
0.712000	-23.234699
0.713000	-23.234699
0.714000	-23.486000
0.715000	-23.800100
0.716000	-23.925800
0.717000	-23.800100
0.718000	-23.737301
0.719000	-23.611601
0.720000	-23.548800
0.721000	-23.297501
0.722000	-22.983400
0.723000	-22.543600
0.724000	-22.166599
0.725000	-21.726801
0.726000	-21.161501
0.727000	-20.721701
0.728000	-20.156200
0.729000	-19.465099
0.730000	-18.522699
0.731000	-18.271400
0.732000	-18.208500
0.733000	-18.020000
0.734000	-17.831600
0.735000	-17.328899
0.736000	-16.889099
0.737000	-16.637800
0.738000	-16.512199
0.739000	-16.575001
0.740000	-16.637800
0.741000	-16.763500
0.742000	-16.449301
0.743000	-16.386499
0.744000	-16.260900
0.745000	-16.260900
0.746000	-16.323700
0.747000	-16.386499
0.748000	-16.260900
0.749000	-16.009501
0.750000	-15.695400
0.751000	-15.569700
0.752000	-15.821100
0.753000	-16.198000
0.754000	-16.198000
0.755000	-16.260900
0.756000	-16.512199
0.757000	-16.889099
0.758000	-17.328899
0.759000	-17.705900
0.760000	-18.020000
0.761000	-18.522699
0.762000	-19.025299
0.763000	-19.653601
0.764000	-20.281900
0.765000	-20.721701
0.766000	-21.161501
0.767000	-21.726801
0.768000	-22.292299
0.769000	-22.669201
0.770000	-22.857700
0.771000	-23.046200
0.772000	-23.108999
0.773000	-22.983400
0.774000	-22.794901
0.775000	-22.669201
0.776000	-22.480700
0.777000	-22.292299
0.778000	-21.852501
0.779000	-21.601101
0.780000	-21.538300
0.781000	-21.475500
0.782000	-21.349800
0.783000	-21.349800
0.784000	-21.349800
0.785000	-21.224199
0.786000	-21.287001
0.787000	-21.412701
0.788000	-21.601101
0.789000	-21.852501
0.790000	-21.978100
0.791000	-22.166599
0.792000	-22.480700
0.793000	-22.794901
0.794000	-22.920500
0.795000	-23.046200
0.796000	-23.046200
0.797000	-23.108999
0.798000	-23.046200
0.799000	-22.920500
0.800000	-22.857700
0.801000	-22.857700
0.802000	-22.732100
0.803000	-22.669201
0.804000	-22.606400
0.805000	-22.480700
0.806000	-22.292299
0.807000	-22.166599
0.808000	-21.915300
0.809000	-21.664000
0.810000	-21.412701
0.811000	-21.287001
0.812000	-20.973000
0.813000	-20.595900
0.814000	-20.156200
0.815000	-19.779200
0.816000	-19.339399
0.817000	-18.899599
0.818000	-18.396999
0.819000	-17.957199
0.820000	-17.454599
0.821000	-17.077600
0.822000	-16.512199
0.823000	-16.135201
0.824000	-15.821100
0.825000	-15.444100
0.826000	-15.255600
0.827000	-15.004300
0.828000	-14.815800
0.829000	-14.627300
0.830000	-14.438800
0.831000	-14.438800
0.832000	-14.313300
0.833000	-14.250500
0.834000	-14.250500
0.835000	-14.313300
0.836000	-14.376000
0.837000	-14.501800
0.838000	-14.501800
0.839000	-14.690300
0.840000	-14.753000
0.841000	-15.004300
0.842000	-15.130000
0.843000	-15.318400
0.844000	-15.444100
0.845000	-15.569700
0.846000	-15.695400
0.847000	-15.758200
0.848000	-15.946700
0.849000	-16.009501
0.850000	-15.946700
0.851000	-15.883900
0.852000	-15.883900
0.853000	-15.695400
0.854000	-15.506900
0.855000	-15.255600
0.856000	-15.004300
0.857000	-14.753000
0.858000	-14.376000
0.859000	-13.936200
0.860000	-13.559200
0.861000	-13.119600
0.862000	-12.616900
0.863000	-12.240000
0.864000	-11.925800
0.865000	-11.486000
0.866000	-11.109100
0.867000	-10.669300
0.868000	-10.355100
0.869000	-10.041000
0.870000	-9.726810
0.871000	-9.412730
0.872000	-9.035720
0.873000	-8.784430
0.874000	-8.344640
0.875000	-8.030550
0.876000	-7.590760
0.877000	-7.339470
0.878000	-6.962460
0.879000	-6.522670
0.880000	-6.271380
0.881000	-6.020080
0.882000	-5.643080
0.883000	-5.391790
0.884000	-5.140500
0.885000	-5.014780
0.886000	-4.889200
0.887000	-4.574990
0.888000	-4.512200
0.889000	-4.386490
0.890000	-4.323700
0.891000	-4.260910
0.892000	-4.260910
0.893000	-4.198120
0.894000	-4.449410
0.895000	-4.512200
0.896000	-4.449410
0.897000	-4.449410
0.898000	-4.574990
0.899000	-4.512200
0.900000	-4.512200
0.901000	-4.449410
0.902000	-4.449410
0.903000	-4.386490
0.904000	-4.386490
0.905000	-4.323700
0.906000	-4.198120
0.907000	-4.072410
0.908000	-3.946690
0.909000	-3.946690
0.910000	-3.758320
0.911000	-3.506900
0.912000	-3.318530
0.913000	-3.192820
0.914000	-3.004320
0.915000	-2.815810
0.916000	-2.501730
0.917000	-2.187650
0.918000	-1.936230
0.919000	-1.747850
0.920000	-1.433640
0.921000	-1.182350
0.922000	-0.931056
0.923000	-0.679764
0.924000	-0.554053
0.925000	-0.239970
0.926000	0.137034
0.927000	0.388326
0.928000	0.639619
0.929000	0.953831
0.930000	1.267910
0.931000	1.582000
0.932000	1.896210
0.933000	2.147500
0.934000	2.336000
0.935000	2.775800
0.936000	3.027090
0.937000	3.341170
0.938000	4.095180
0.939000	4.597770
0.940000	3.843760
0.941000	2.524510
0.942000	1.644920
0.943000	0.828120
0.944000	0.011323
0.945000	-0.554053
0.946000	-1.056770
0.947000	-1.119560
0.948000	-1.056770
0.949000	-1.496430
0.950000	-1.622140
0.951000	-1.182350
0.952000	-0.177179
0.953000	0.325535
0.954000	0.828120
0.955000	1.142200
0.956000	1.833290
0.957000	2.398790
0.958000	2.587300
0.959000	2.775800
0.960000	3.215590
0.961000	3.341170
0.962000	3.215590
0.963000	2.838590
0.964000	2.964300
0.965000	2.838590
0.966000	2.838590
0.967000	2.524510
0.968000	2.021790
0.969000	1.393500
0.970000	1.330710
0.971000	1.142200
0.972000	1.205120
0.973000	0.953831
0.974000	0.828120
0.975000	0.828120
0.976000	1.079410
0.977000	1.267910
0.978000	1.707710
0.979000	1.770500
0.980000	1.959000
0.981000	2.273080
0.982000	2.587300
0.983000	2.964300
0.984000	3.592470
0.985000	3.969470
0.986000	4.283550
0.987000	4.472050
0.988000	4.283550
0.989000	4.409260
0.990000	4.597770
0.991000	4.534970
0.992000	4.472050
0.993000	4.220760
0.994000	4.095180
0.995000	4.157970
0.996000	4.095180
0.997000	3.780970
0.998000	3.466880
0.999000	3.152670
1.000000	2.775800
1.001000	2.461590
1.002000	2.147500
1.003000	1.896210
1.004000	1.707710
1.005000	1.519210
1.006000	1.205120
1.007000	0.953831
1.008000	0.765329
1.009000	0.451117
1.010000	0.199825
1.011000	-0.114259
1.012000	-0.302761
1.013000	-0.616973
1.014000	-0.931056
1.015000	-1.245140
1.016000	-1.433640
1.017000	-1.684930
1.018000	-2.061940
1.019000	-2.376020
1.020000	-2.438940
1.021000	-2.690230
1.022000	-2.941520
1.023000	-3.130030
1.024000	-3.444110
1.025000	-3.444110
1.026000	-3.569820
1.027000	-3.632610
1.028000	-3.569820
1.029000	-3.569820
1.030000	-3.318530
1.031000	-3.192820
1.032000	-2.941520
1.033000	-2.753020
1.034000	-2.564520
1.035000	-2.250440
1.036000	-1.999150
1.037000	-1.622140
1.038000	-1.559350
1.039000	-1.308060
1.040000	-1.182350
1.041000	-1.056770
1.042000	-1.056770
1.043000	-1.119560
1.044000	-1.119560
1.045000	-1.182350
1.046000	-1.433640
1.047000	-1.747850
1.048000	-2.061940
1.049000	-2.376020
1.050000	-2.627440
1.051000	-2.878730
1.052000	-3.318530
1.053000	-3.632610
1.054000	-4.072410
1.055000	-4.449410
1.056000	-4.763490
1.057000	-4.951990
1.058000	-5.203290
1.059000	-5.329000
1.060000	-5.517370
1.061000	-5.768790
1.062000	-5.643080
1.063000	-5.643080
1.064000	-5.768790
1.065000	-5.894370
1.066000	-6.711170
1.067000	-6.334170
1.068000	-6.459880
1.069000	-7.088170
1.070000	-7.527840
1.071000	-8.281840
1.072000	-8.470350
1.073000	-8.533140
1.074000	-8.910140
1.075000	-9.664020
1.076000	-9.852520
1.077000	-10.041000
1.078000	-10.041000
1.079000	-10.229500
1.080000	-10.417900
1.081000	-10.480800
1.082000	-10.292300
1.083000	-10.229500
1.084000	-10.166600
1.085000	-9.915310
1.086000	-9.726810
1.087000	-9.475520
1.088000	-9.098640
1.089000	-8.910140
1.090000	-8.721640
1.091000	-8.533140
1.092000	-8.344640
1.093000	-8.281840
1.094000	-8.030550
1.095000	-8.030550
1.096000	-7.967630
1.097000	-8.030550
1.098000	-7.967630
1.099000	-8.219050
1.100000	-8.281840
1.101000	-8.281840
1.102000	-8.407430
1.103000	-8.595930
1.104000	-8.784430
1.105000	-8.972930
1.106000	-9.098640
1.107000	-9.224220
1.108000	-9.349930
1.109000	-9.601230
1.110000	-9.664020
1.111000	-9.789730
1.112000	-9.852520
1.113000	-9.978100
1.114000	-10.041000
1.115000	-10.166600
1.116000	-10.166600
1.117000	-10.229500
1.118000	-10.292300
1.119000	-10.292300
1.120000	-10.417900
1.121000	-10.543600
1.122000	-10.669300
1.123000	-10.732100
1.124000	-10.857700
1.125000	-10.983400
1.126000	-11.171900
1.127000	-11.234700
1.128000	-11.360400
1.129000	-11.360400
1.130000	-11.423200
1.131000	-11.423200
1.132000	-11.423200
1.133000	-11.423200
1.134000	-11.360400
1.135000	-11.360400
1.136000	-11.234700
1.137000	-11.109100
1.138000	-11.046200
1.139000	-10.857700
1.140000	-10.794900
1.141000	-10.543600
1.142000	-10.417900
1.143000	-10.229500
1.144000	-9.978100
1.145000	-9.726810
1.146000	-9.475520
1.147000	-9.287010
1.148000	-9.098640
1.149000	-8.972930
1.150000	-8.847220
1.151000	-8.658850
1.152000	-8.533140
1.153000	-8.595930
1.154000	-8.533140
1.155000	-8.470350
1.156000	-8.407430
1.157000	-8.470350
1.158000	-8.470350
1.159000	-8.470350
1.160000	-8.470350
1.161000	-8.407430
1.162000	-8.470350
1.163000	-8.407430
1.164000	-8.407430
1.165000	-8.470350
1.166000	-8.533140
1.167000	-8.533140
1.168000	-8.595930
1.169000	-8.595930
1.170000	-8.658850
1.171000	-8.595930
1.172000	-8.470350
1.173000	-8.470350
1.174000	-8.344640
1.175000	-8.219050
1.176000	-8.219050
1.177000	-7.967630
1.178000	-8.030550
1.179000	-7.779260
1.180000	-7.779260
1.181000	-7.527840
1.182000	-7.527840
1.183000	-7.276550
1.184000	-7.088170
1.185000	-6.962460
1.186000	-6.836750
1.187000	-6.585460
1.188000	-6.396960
1.189000	-6.145670
1.190000	-5.894370
1.191000	-5.768790
1.192000	-5.517370
1.193000	-5.266080
1.194000	-5.014780
1.195000	-4.826280
1.196000	-4.574990
1.197000	-4.512200
1.198000	-4.198120
1.199000	-4.009610
1.200000	-3.883900
1.201000	-3.758320
1.202000	-3.569820
1.203000	-3.506900
1.204000	-3.318530
1.205000	-3.318530
1.206000	-3.192820
1.207000	-3.067240
1.208000	-3.067240
1.209000	-3.067240
1.210000	-3.004320
1.211000	-3.004320
1.212000	-3.067240
1.213000	-3.067240
1.214000	-3.067240
1.215000	-3.067240
1.216000	-3.067240
1.217000	-3.004320
1.218000	-3.130030
1.219000	-3.067240
1.220000	-3.004320
1.221000	-3.130030
1.222000	-3.067240
1.223000	-3.130030
1.224000	-3.130030
1.225000	-3.192820
1.226000	-3.067240
1.227000	-3.130030
1.228000	-3.067240
1.229000	-2.941520
1.230000	-2.878730
1.231000	-2.815810
1.232000	-2.753020
1.233000	-2.690230
1.234000	-2.627440
1.235000	-2.501730
1.236000	-2.564520
1.237000	-2.438940
1.238000	-2.376020
1.239000	-2.376020
1.240000	-2.313230
1.241000	-2.124730
1.242000	-2.061940
1.243000	-2.061940
1.244000	-1.936230
1.245000	-1.747850
1.246000	-1.622140
1.247000	-1.496430
1.248000	-1.433640
1.249000	-1.370850
1.250000	-1.182350
1.251000	-1.245140
1.252000	-1.119560
1.253000	-1.119560
1.254000	-1.182350
1.255000	-1.182350
1.256000	-1.182350
1.257000	-1.245140
1.258000	-1.245140
1.259000	-1.308060
1.260000	-1.245140
1.261000	-1.370850
1.262000	-1.308060
1.263000	-1.308060
1.264000	-1.308060
1.265000	-1.182350
1.266000	-1.308060
1.267000	-1.308060
1.268000	-1.245140
1.269000	-1.308060
1.270000	-1.433640
1.271000	-1.496430
1.272000	-1.559350
1.273000	-1.684930
1.274000	-1.810640
1.275000	-1.999150
1.276000	-2.187650
1.277000	-2.313230
1.278000	-2.376020
1.279000	-2.564520
1.280000	-2.690230
1.281000	-2.941520
1.282000	-3.004320
1.283000	-3.192820
1.284000	-3.381320
1.285000	-3.506900
1.286000	-3.569820
1.287000	-3.695400
1.288000	-3.821110
1.289000	-3.883900
1.290000	-3.946690
1.291000	-3.946690
1.292000	-4.072410
1.293000	-4.072410
1.294000	-4.135200
1.295000	-4.072410
1.296000	-4.072410
1.297000	-4.072410
1.298000	-4.072410
1.299000	-4.009610
1.300000	-3.946690
1.301000	-3.946690
1.302000	-3.821110
1.303000	-3.821110
1.304000	-3.632610
1.305000	-3.569820
1.306000	-3.569820
1.307000	-3.444110
1.308000	-3.506900
1.309000	-3.444110
1.310000	-3.444110
1.311000	-3.444110
1.312000	-3.381320
1.313000	-3.318530
1.314000	-3.444110
1.315000	-3.506900
1.316000	-3.506900
1.317000	-3.569820
1.318000	-3.569820
1.319000	-3.632610
1.320000	-3.758320
1.321000	-3.758320
1.322000	-3.821110
1.323000	-3.883900
1.324000	-4.135200
1.325000	-4.198120
1.326000	-4.323700
1.327000	-4.449410
1.328000	-4.449410
1.329000	-4.637910
1.330000	-4.763490
1.331000	-4.889200
1.332000	-5.077700
1.333000	-5.203290
1.334000	-5.140500
1.335000	-5.266080
1.336000	-5.266080
1.337000	-5.329000
1.338000	-5.391790
1.339000	-5.454580
1.340000	-5.454580
1.341000	-5.391790
1.342000	-5.329000
1.343000	-5.391790
1.344000	-5.329000
1.345000	-5.140500
1.346000	-5.014780
1.347000	-5.077700
1.348000	-4.889200
1.349000	-4.826280
1.350000	-4.700700
1.351000	-4.574990
1.352000	-4.449410
1.353000	-4.386490
1.354000	-4.323700
1.355000	-4.260910
1.356000	-4.009610
1.357000	-3.883900
1.358000	-3.821110
1.359000	-3.695400
1.360000	-3.695400
1.361000	-3.695400
1.362000	-3.506900
1.363000	-3.381320
1.364000	-3.318530
1.365000	-3.255610
1.366000	-3.192820
1.367000	-3.130030
1.368000	-3.067240
1.369000	-3.004320
1.370000	-3.067240
1.371000	-3.130030
1.372000	-3.004320
1.373000	-3.004320
1.374000	-3.067240
1.375000	-3.067240
1.376000	-3.130030
1.377000	-3.255610
1.378000	-3.255610
1.379000	-3.318530
1.380000	-3.444110
1.381000	-3.506900
1.382000	-3.632610
1.383000	-3.632610
1.384000	-3.695400
1.385000	-3.821110
1.386000	-3.821110
1.387000	-3.883900
1.388000	-3.883900
1.389000	-3.946690
1.390000	-3.946690
1.391000	-3.946690
1.392000	-3.883900
1.393000	-3.946690
1.394000	-3.946690
1.395000	-3.883900
1.396000	-3.821110
1.397000	-3.883900
1.398000	-3.821110
1.399000	-3.821110
1.400000	-3.632610
1.401000	-3.569820
1.402000	-3.506900
1.403000	-3.444110
1.404000	-3.381320
1.405000	-3.381320
1.406000	-3.318530
1.407000	-3.067240
1.408000	-3.130030
1.409000	-3.130030
1.410000	-3.004320
1.411000	-2.941520
1.412000	-2.941520
1.413000	-2.815810
1.414000	-2.815810
1.415000	-2.690230
1.416000	-2.690230
1.417000	-2.627440
1.418000	-2.438940
1.419000	-2.501730
1.420000	-2.501730
1.421000	-2.501730
1.422000	-2.438940
1.423000	-2.501730
1.424000	-2.438940
1.425000	-2.564520
1.426000	-2.501730
1.427000	-2.501730
1.428000	-2.564520
1.429000	-2.564520
1.430000	-2.501730
1.431000	-2.690230
1.432000	-2.501730
1.433000	-2.690230
1.434000	-2.690230
1.435000	-2.690230
1.436000	-2.753020
1.437000	-2.878730
1.438000	-2.941520
1.439000	-2.941520
1.440000	-2.941520
1.441000	-3.004320
1.442000	-3.004320
1.443000	-3.067240
1.444000	-3.192820
1.445000	-3.130030
1.446000	-3.067240
1.447000	-3.192820
1.448000	-3.192820
1.449000	-3.192820
1.450000	-3.255610
1.451000	-3.192820
1.452000	-3.318530
1.453000	-3.192820
1.454000	-3.255610
1.455000	-3.318530
1.456000	-3.318530
1.457000	-3.318530
1.458000	-3.318530
1.459000	-3.318530
1.460000	-3.318530
1.461000	-3.444110
1.462000	-3.381320
1.463000	-3.318530
1.464000	-3.381320
1.465000	-3.444110
1.466000	-3.381320
1.467000	-3.444110
1.468000	-3.381320
1.469000	-3.506900
1.470000	-3.444110
1.471000	-3.506900
1.472000	-3.506900
1.473000	-3.444110
1.474000	-3.506900
1.475000	-3.569820
1.476000	-3.569820
1.477000	-3.569820
1.478000	-3.632610
1.479000	-3.695400
1.480000	-3.758320
1.481000	-3.758320
1.482000	-3.758320
1.483000	-3.695400
1.484000	-3.821110
1.485000	-3.821110
1.486000	-3.821110
1.487000	-3.883900
1.488000	-4.009610
1.489000	-3.883900
1.490000	-3.946690
1.491000	-4.009610
1.492000	-3.946690
1.493000	-3.946690
1.494000	-4.009610
1.495000	-3.946690
1.496000	-3.946690
1.497000	-4.072410
1.498000	-4.072410
1.499000	-4.072410
1.500000	-4.072410
1.501000	-4.009610
1.502000	-4.072410
1.503000	-4.072410
1.504000	-4.198120
1.505000	-4.072410
1.506000	-4.135200
1.507000	-4.072410
1.508000	-4.135200
1.509000	-4.260910
1.510000	-4.386490
1.511000	-4.449410
1.512000	-4.449410
1.513000	-4.574990
1.514000	-4.637910
1.515000	-4.826280
1.516000	-4.637910
1.517000	-4.637910
1.518000	-4.700700
1.519000	-4.700700
1.520000	-4.700700
1.521000	-4.512200
1.522000	-4.449410
1.523000	-4.323700
1.524000	-4.260910
1.525000	-4.072410
1.526000	-3.946690
1.527000	-3.883900
1.528000	-3.883900
1.529000	-3.758320
1.530000	-3.569820
1.531000	-3.569820
1.532000	-3.569820
1.533000	-3.632610
1.534000	-3.506900
1.535000	-3.632610
1.536000	-3.569820
1.537000	-3.695400
1.538000	-3.632610
1.539000	-3.695400
1.540000	-3.758320
1.541000	-3.821110
1.542000	-3.821110
1.543000	-3.821110
1.544000	-3.883900
1.545000	-3.946690
1.546000	-3.883900
1.547000	-4.009610
1.548000	-3.883900
1.549000	-3.883900
1.550000	-3.821110
1.551000	-3.821110
1.552000	-3.821110
1.553000	-3.821110
1.554000	-3.883900
1.555000	-3.758320
1.556000	-3.695400
1.557000	-3.758320
1.558000	-3.821110
1.559000	-3.821110
1.560000	-3.883900
1.561000	-3.883900
1.562000	-3.821110
1.563000	-3.883900
1.564000	-3.821110
1.565000	-3.821110
1.566000	-3.821110
1.567000	-3.632610
1.568000	-3.758320
1.569000	-3.632610
1.570000	-3.569820
1.571000	-3.506900
1.572000	-3.506900
1.573000	-3.381320
1.574000	-3.318530
1.575000	-3.255610
1.576000	-3.130030
1.577000	-3.067240
1.578000	-3.004320
1.579000	-3.004320
1.580000	-2.878730
1.581000	-2.941520
1.582000	-2.815810
1.583000	-2.753020
1.584000	-2.815810
1.585000	-2.690230
1.586000	-2.690230
1.587000	-2.627440
1.588000	-2.627440
1.589000	-2.753020
1.590000	-2.690230
1.591000	-2.690230
1.592000	-2.690230
1.593000	-2.753020
1.594000	-2.878730
1.595000	-2.815810
1.596000	-2.878730
1.597000	-3.004320
1.598000	-2.941520
1.599000	-3.067240
1.600000	-3.067240
1.601000	-3.130030
1.602000	-3.130030
1.603000	-3.192820
1.604000	-3.192820
1.605000	-3.192820
1.606000	-3.192820
1.607000	-3.255610
1.608000	-3.192820
1.609000	-3.192820
1.610000	-3.192820
1.611000	-3.130030
1.612000	-3.067240
1.613000	-3.192820
1.614000	-3.130030
1.615000	-3.130030
1.616000	-3.192820
1.617000	-3.067240
1.618000	-3.192820
1.619000	-3.192820
1.620000	-3.067240
1.621000	-3.192820
1.622000	-3.192820
1.623000	-3.255610
1.624000	-3.192820
1.625000	-3.067240
1.626000	-3.130030
1.627000	-3.130030
1.628000	-3.130030
1.629000	-3.067240
1.630000	-3.067240
1.631000	-3.067240
1.632000	-3.130030
1.633000	-3.004320
1.634000	-2.941520
1.635000	-3.067240
1.636000	-3.004320
1.637000	-3.004320
1.638000	-3.067240
1.639000	-3.067240
1.640000	-3.067240
1.641000	-3.255610
1.642000	-3.381320
1.643000	-3.444110
1.644000	-3.444110
1.645000	-3.569820
1.646000	-3.695400
1.647000	-3.821110
1.648000	-3.821110
1.649000	-3.946690
1.650000	-3.821110
1.651000	-3.821110
1.652000	-3.821110
1.653000	-3.758320
1.654000	-3.758320
1.655000	-3.695400
1.656000	-3.632610
1.657000	-3.569820
1.658000	-3.569820
1.659000	-3.569820
1.660000	-3.444110
1.661000	-3.444110
1.662000	-3.381320
1.663000	-3.381320
1.664000	-3.381320
1.665000	-3.444110
1.666000	-3.444110
1.667000	-3.444110
1.668000	-3.506900
1.669000	-3.506900
1.670000	-3.695400
1.671000	-3.695400
1.672000	-3.758320
1.673000	-3.758320
1.674000	-3.758320
1.675000	-3.758320
1.676000	-3.758320
1.677000	-3.695400
1.678000	-3.632610
1.679000	-3.444110
1.680000	-3.381320
1.681000	-3.192820
1.682000	-3.004320
1.683000	-2.878730
1.684000	-2.690230
1.685000	-2.564520
1.686000	-2.313230
1.687000	-2.187650
1.688000	-2.061940
1.689000	-1.873440
1.690000	-1.747850
1.691000	-1.810640
1.692000	-1.559350
1.693000	-1.496430
1.694000	-1.308060
1.695000	-1.433640
1.696000	-1.496430
1.697000	-1.622140
1.698000	-1.684930
1.699000	-1.622140
1.700000	-1.873440
1.701000	-1.936230
1.702000	-1.936230
1.703000	-1.936230
1.704000	-1.810640
1.705000	-1.810640
1.706000	-1.622140
1.707000	-1.559350
1.708000	-1.308060
1.709000	-1.056770
1.710000	-0.742555
1.711000	-0.365551
1.712000	0.011323
1.713000	0.388326
1.714000	0.765329
1.715000	1.205120
1.716000	1.644920
1.717000	2.461590
1.718000	3.089880
1.719000	3.843760
1.720000	4.723350
1.721000	5.414430
1.722000	6.482520
1.723000	7.550610
1.724000	8.681490
1.725000	9.623870
1.726000	10.126600
1.727000	10.692000
1.728000	11.257500
1.729000	11.508800
1.730000	11.885600
1.731000	12.011300
1.732000	12.137100
1.733000	12.137100
1.734000	11.822800
1.735000	11.383000
1.736000	11.069000
1.737000	10.817700
1.738000	10.377900
1.739000	9.875170
1.740000	9.498290
1.741000	9.247000
1.742000	8.995710
1.743000	9.058500
1.744000	9.058500
1.745000	9.247000
1.746000	9.686790
1.747000	10.189400
1.748000	10.754800
1.749000	11.508800
1.750000	12.199800
1.751000	12.828100
1.752000	13.267900
1.753000	13.267900
1.754000	13.079400
1.755000	13.205000
1.756000	13.016600
1.757000	12.576800
1.758000	13.896100
1.759000	19.550600
1.760000	22.629200
1.761000	21.435400
1.762000	21.372601
1.763000	22.880501
1.764000	25.833300
1.765000	26.210300
1.766000	23.885700
1.767000	22.000900
1.768000	21.875200
1.769000	22.063700
1.770000	20.995600
1.771000	18.922300
1.772000	18.231300
1.773000	18.356800
1.774000	17.477200
1.775000	15.529700
1.776000	13.456300
1.777000	12.576800
1.778000	11.508800
1.779000	9.121290
1.780000	6.419730
1.781000	4.723350
1.782000	2.964300
1.783000	1.456420
1.784000	0.514037
1.785000	-0.616973
1.786000	-2.564520
1.787000	-4.386490
1.788000	-4.763490
1.789000	-4.198120
1.790000	-3.695400
1.791000	-3.821110
1.792000	-3.569820
1.793000	-3.004320
1.794000	-2.313230
1.795000	-1.622140
1.796000	-0.239970
1.797000	1.770500
1.798000	3.466880
1.799000	4.534970
1.800000	5.728650
1.801000	7.173610
1.802000	8.681490
1.803000	10.252200
1.804000	11.571600
1.805000	12.890900
1.806000	13.644800
1.807000	14.147500
1.808000	14.273100
1.809000	14.524400
1.810000	13.896100
1.811000	13.079400
1.812000	12.702400
1.813000	12.137100
1.814000	11.508800
1.815000	11.257500
1.816000	10.754800
1.817000	9.749580
1.818000	7.990410
1.819000	5.791440
1.820000	4.346470
1.821000	2.964300
1.822000	1.205120
1.823000	-0.805346
1.824000	-2.501730
1.825000	-3.569820
1.826000	-4.574990
1.827000	-5.517370
1.828000	-6.396960
1.829000	-7.339470
1.830000	-7.716340
1.831000	-7.904840
1.832000	-7.842050
1.833000	-7.716340
1.834000	-6.962460
1.835000	-6.459880
1.836000	-6.020080
1.837000	-5.957160
1.838000	-5.580290
1.839000	-4.574990
1.840000	-3.883900
1.841000	-3.695400
1.842000	-3.192820
1.843000	-2.187650
1.844000	-1.622140
1.845000	-1.308060
1.846000	-0.868265
1.847000	-0.554053
1.848000	0.325535
1.849000	0.765329
1.850000	1.393500
1.851000	1.833290
1.852000	2.587300
1.853000	2.775800
1.854000	2.964300
1.855000	3.655390
1.856000	4.346470
1.857000	4.786270
1.858000	5.037560
1.859000	4.974770
1.860000	5.100350
1.861000	5.414430
1.862000	5.477350
1.863000	5.226060
1.864000	4.849060
1.865000	4.534970
1.866000	4.095180
1.867000	3.655390
1.868000	3.027090
1.869000	2.336000
1.870000	1.833290
1.871000	1.205120
1.872000	0.137034
1.873000	-0.679764
1.874000	-1.182350
1.875000	-1.496430
1.876000	-2.313230
1.877000	-3.381320
1.878000	-4.449410
1.879000	-5.014780
1.880000	-5.768790
1.881000	-6.334170
1.882000	-6.773960
1.883000	-6.899670
1.884000	-7.088170
1.885000	-7.088170
1.886000	-6.899670
1.887000	-6.208580
1.888000	-5.203290
1.889000	-4.260910
1.890000	-3.569820
1.891000	-2.690230
1.892000	-1.747850
1.893000	-0.616973
1.894000	0.325535
1.895000	1.267910
1.896000	1.770500
1.897000	2.336000
1.898000	3.027090
1.899000	3.592470
1.900000	4.220760
1.901000	4.472050
1.902000	4.723350
1.903000	4.974770
1.904000	4.974770
1.905000	4.723350
1.906000	4.534970
1.907000	4.346470
1.908000	3.843760
1.909000	2.775800
1.910000	1.770500
1.911000	1.079410
1.912000	0.388326
1.913000	-0.177179
1.914000	-0.742555
1.915000	-1.182350
1.916000	-1.245140
1.917000	-1.308060
1.918000	-1.119560
1.919000	-0.993847
1.920000	-0.868265
1.921000	-0.931056
1.922000	-0.931056
1.923000	-1.056770
1.924000	-1.370850
1.925000	-1.370850
1.926000	-1.308060
1.927000	-0.993847
1.928000	-1.182350
1.929000	-0.993847
1.930000	-1.245140
1.931000	-0.993847
1.932000	-0.616973
1.933000	-0.365551
1.934000	-0.616973
1.935000	-0.868265
1.936000	-1.182350
1.937000	-1.245140
1.938000	-1.810640
1.939000	-1.936230
1.940000	-1.999150
1.941000	-2.061940
1.942000	-2.376020
1.943000	-2.061940
1.944000	-1.747850
1.945000	-0.993847
1.946000	-0.177179
1.947000	0.325535
1.948000	1.205120
1.949000	1.770500
1.950000	2.461590
1.951000	3.089880
1.952000	3.466880
1.953000	3.718180
1.954000	3.718180
1.955000	3.718180
1.956000	3.341170
1.957000	3.152670
1.958000	2.650090
1.959000	2.398790
1.960000	2.021790
1.961000	1.644920
1.962000	1.142200
1.963000	0.702410
1.964000	0.388326
1.965000	0.074243
1.966000	-0.491262
1.967000	-1.056770
1.968000	-1.496430
1.969000	-1.999150
1.970000	-2.250440
1.971000	-2.564520
1.972000	-2.564520
1.973000	-2.690230
1.974000	-2.564520
1.975000	-2.250440
1.976000	-1.622140
1.977000	-1.056770
1.978000	-0.491262
1.979000	0.451117
1.980000	1.079410
1.981000	1.644920
1.982000	1.959000
1.983000	2.461590
1.984000	2.712880
1.985000	2.964300
1.986000	2.650090
1.987000	2.461590
1.988000	2.273080
1.989000	2.273080
1.990000	2.336000
1.991000	2.147500
1.992000	1.644920
1.993000	1.330710
1.994000	1.142200
1.995000	0.890911
1.996000	0.765329
1.997000	0.514037
1.998000	0.199825
1.999000	0.074243
2.000000	-0.365551
2.001000	-0.679764
2.002000	-0.742555
2.003000	-0.491262
2.004000	-0.302761
2.005000	-0.114259
2.006000	0.137034
2.007000	0.388326
2.008000	0.514037
2.009000	0.765329
2.010000	0.765329
2.011000	0.828120
2.012000	0.765329
2.013000	0.702410
2.014000	0.576828
2.015000	0.199825
2.016000	-0.114259
2.017000	-0.302761
2.018000	-0.365551
2.019000	-0.616973
2.020000	-0.616973
2.021000	-0.554053
2.022000	-0.554053
2.023000	-0.428471
2.024000	-0.491262
2.025000	-0.554053
2.026000	-0.554053
2.027000	-0.491262
2.028000	-0.428471
2.029000	-0.302761
2.030000	-0.428471
2.031000	-0.428471
2.032000	-0.554053
2.033000	-0.428471
2.034000	-0.302761
2.035000	-0.177179
2.036000	0.137034
2.037000	0.388326
2.038000	0.702410
2.039000	0.765329
2.040000	0.953831
2.041000	0.953831
2.042000	0.953831
2.043000	0.765329
2.044000	0.576828
2.045000	0.451117
2.046000	0.388326
2.047000	0.325535
2.048000	0.325535
2.049000	0.199825
2.050000	-0.051468
2.051000	0.137034
2.052000	0.199825
2.053000	0.074243
2.054000	0.074243
2.055000	0.011323
2.056000	-0.177179
2.057000	-0.302761
2.058000	-0.491262
2.059000	-0.616973
2.060000	-0.805346
2.061000	-0.931056
2.062000	-0.931056
2.063000	-0.931056
2.064000	-1.119560
2.065000	-1.056770
2.066000	-0.993847
2.067000	-0.993847
2.068000	-0.931056
2.069000	-0.931056
2.070000	-0.805346
2.071000	-0.805346
2.072000	-0.616973
2.073000	-0.616973
2.074000	-0.428471
2.075000	-0.239970
2.076000	-0.177179
2.077000	0.011323
2.078000	0.199825
2.079000	0.451117
2.080000	0.576828
2.081000	0.828120
2.082000	0.765329
2.083000	1.016620
2.084000	1.016620
2.085000	1.142200
2.086000	1.016620
2.087000	0.953831
2.088000	0.702410
2.089000	0.702410
2.090000	0.576828
2.091000	0.388326
2.092000	0.388326
2.093000	0.137034
2.094000	0.325535
2.095000	0.074243
2.096000	-0.051468
2.097000	-0.051468
2.098000	-0.114259
2.099000	-0.177179
2.100000	-0.239970
2.101000	-0.239970
2.102000	-0.428471
2.103000	-0.428471
2.104000	-0.428471
2.105000	-0.428471
2.106000	-0.616973
2.107000	-0.616973
2.108000	-0.554053
2.109000	-0.491262
2.110000	-0.554053
2.111000	-0.428471
2.112000	-0.428471
2.113000	-0.302761
2.114000	-0.365551
2.115000	-0.239970
2.116000	-0.114259
2.117000	0.074243
2.118000	-0.616973
2.119000	0.074243
2.120000	1.770500
2.121000	1.205120
2.122000	1.393500
2.123000	-1.999150
2.124000	-2.815810
2.125000	-0.554053
2.126000	2.712880
2.127000	4.095180
2.128000	5.791440
2.129000	8.744280
2.130000	10.880500
2.131000	11.131800
2.132000	9.623870
2.133000	8.304490
2.134000	8.744280
2.135000	9.058500
2.136000	7.299320
2.137000	6.168440
2.138000	4.723350
2.139000	3.529680
2.140000	3.152670
2.141000	1.644920
2.142000	0.451117
2.143000	-0.177179
2.144000	1.142200
2.145000	1.079410
2.146000	-0.742555
2.147000	-2.627440
2.148000	-4.198120
2.149000	-4.700700
2.150000	-5.266080
2.151000	-6.962460
2.152000	-7.276550
2.153000	-6.899670
2.154000	-7.339470
2.155000	-7.276550
2.156000	-6.836750
2.157000	-7.465050
2.158000	-6.585460
2.159000	-5.329000
2.160000	-4.574990
2.161000	-3.632610
2.162000	-3.067240
2.163000	-2.250440
2.164000	-1.684930
2.165000	-1.433640
2.166000	-1.496430
2.167000	-0.302761
2.168000	0.325535
2.169000	1.393500
2.170000	2.021790
2.171000	2.084710
2.172000	1.330710
2.173000	1.267910
2.174000	1.707710
2.175000	2.021790
2.176000	2.021790
2.177000	1.707710
2.178000	1.267910
2.179000	0.890911
2.180000	0.262615
2.181000	-0.365551
2.182000	-0.805346
2.183000	-0.993847
2.184000	-0.868265
2.185000	-0.868265
2.186000	-1.308060
2.187000	-2.124730
2.188000	-2.061940
2.189000	-1.622140
2.190000	-1.747850
2.191000	-1.559350
2.192000	-1.810640
2.193000	-1.936230
2.194000	-1.684930
2.195000	-1.747850
2.196000	-2.564520
2.197000	-3.004320
2.198000	-3.192820
2.199000	-3.569820
2.200000	-3.821110
2.201000	-4.449410
2.202000	-4.826280
2.203000	-4.574990
2.204000	-4.763490
2.205000	-4.763490
2.206000	-4.198120
2.207000	-3.758320
2.208000	-3.444110
2.209000	-2.564520
2.210000	-1.999150
2.211000	-1.119560
2.212000	-0.554053
2.213000	0.137034
2.214000	1.016620
2.215000	1.770500
2.216000	2.210290
2.217000	2.775800
2.218000	3.278380
2.219000	3.466880
2.220000	3.780970
2.221000	4.032260
2.222000	4.283550
2.223000	4.472050
2.224000	4.660560
2.225000	4.597770
2.226000	4.472050
2.227000	3.969470
2.228000	3.466880
2.229000	3.278380
2.230000	3.152670
2.231000	2.398790
2.232000	1.456420
2.233000	0.828120
2.234000	0.451117
2.235000	0.074243
2.236000	-0.616973
2.237000	-1.308060
2.238000	-1.433640
2.239000	-1.622140
2.240000	-1.747850
2.241000	-1.810640
2.242000	-1.684930
2.243000	-1.622140
2.244000	-1.559350
2.245000	-1.433640
2.246000	-1.056770
2.247000	-0.679764
2.248000	-0.239970
2.249000	0.262615
2.250000	0.514037
2.251000	0.702410
2.252000	0.828120
2.253000	1.267910
2.254000	1.582000
2.255000	1.456420
2.256000	1.644920
2.257000	1.707710
2.258000	1.896210
2.259000	2.210290
2.260000	2.273080
2.261000	2.336000
2.262000	2.461590
2.263000	2.587300
2.264000	2.712880
2.265000	3.152670
2.266000	3.278380
2.267000	3.592470
2.268000	3.969470
2.269000	4.472050
2.270000	4.597770
2.271000	4.534970
2.272000	4.534970
2.273000	4.786270
2.274000	4.911850
2.275000	4.597770
2.276000	4.346470
2.277000	3.969470
2.278000	3.529680
2.279000	3.278380
2.280000	2.712880
2.281000	1.959000
2.282000	1.330710
2.283000	0.765329
2.284000	0.074243
2.285000	-0.428471
2.286000	-0.805346
2.287000	-1.308060
2.288000	-1.873440
2.289000	-2.313230
2.290000	-2.753020
2.291000	-2.815810
2.292000	-2.941520
2.293000	-3.130030
2.294000	-3.067240
2.295000	-3.318530
2.296000	-3.318530
2.297000	-3.318530
2.298000	-3.067240
2.299000	-2.815810
2.300000	-2.501730
2.301000	-1.999150
2.302000	-1.559350
2.303000	-1.119560
2.304000	-0.491262
2.305000	-0.051468
2.306000	0.514037
2.307000	0.890911
2.308000	1.142200
2.309000	1.519210
2.310000	1.770500
2.311000	2.147500
2.312000	2.461590
2.313000	2.587300
2.314000	2.650090
2.315000	2.524510
2.316000	2.587300
2.317000	2.650090
2.318000	2.650090
2.319000	2.398790
2.320000	2.273080
2.321000	1.959000
2.322000	1.707710
2.323000	1.267910
2.324000	1.142200
2.325000	0.953831
2.326000	0.639619
2.327000	0.514037
2.328000	0.388326
2.329000	0.137034
2.330000	-0.114259
2.331000	-0.428471
2.332000	-0.679764
2.333000	-0.993847
2.334000	-1.245140
2.335000	-1.622140
2.336000	-1.810640
2.337000	-1.936230
2.338000	-2.124730
2.339000	-2.313230
2.340000	-2.313230
2.341000	-2.313230
2.342000	-2.313230
2.343000	-2.313230
2.344000	-2.250440
2.345000	-2.250440
2.346000	-2.187650
2.347000	-2.187650
2.348000	-2.187650
2.349000	-1.936230
2.350000	-1.810640
2.351000	-1.496430
2.352000	-1.308060
2.353000	-1.119560
2.354000	-0.868265
2.355000	-0.428471
2.356000	-0.114259
2.357000	0.325535
2.358000	0.388326
2.359000	0.639619
2.360000	0.890911
2.361000	0.828120
2.362000	0.576828
2.363000	0.514037
2.364000	0.325535
2.365000	0.199825
2.366000	-0.051468
2.367000	-0.616973
2.368000	-0.993847
2.369000	-1.308060
2.370000	-1.559350
2.371000	-1.873440
2.372000	-1.873440
2.373000	-1.684930
2.374000	-1.559350
2.375000	-1.433640
2.376000	-1.747850
2.377000	-1.308060
2.378000	-0.554053
2.379000	-0.177179
2.380000	-0.177179
2.381000	0.011323
2.382000	0.702410
2.383000	1.142200
2.384000	1.519210
2.385000	1.393500
2.386000	1.456420
2.387000	1.707710
2.388000	1.833290
2.389000	1.582000
2.390000	1.330710
2.391000	0.765329
2.392000	0.702410
2.393000	0.325535
2.394000	-0.302761
2.395000	-1.119560
2.396000	-1.370850
2.397000	-1.433640
2.398000	-1.622140
2.399000	-2.061940
2.400000	-2.250440
2.401000	-1.999150
2.402000	-1.747850
2.403000	-1.433640
2.404000	-1.308060
2.405000	-0.993847
2.406000	-0.868265
2.407000	-0.616973
2.408000	-0.302761
2.409000	-0.239970
2.410000	-0.114259
2.411000	0.074243
2.412000	0.639619
2.413000	0.828120
2.414000	0.702410
2.415000	0.765329
2.416000	1.016620
2.417000	1.267910
2.418000	1.393500
2.419000	1.205120
2.420000	0.828120
2.421000	0.765329
2.422000	0.828120
2.423000	0.765329
2.424000	0.262615
2.425000	-0.114259
2.426000	-0.051468
2.427000	0.199825
2.428000	0.262615
2.429000	0.137034
2.430000	0.137034
2.431000	0.576828
2.432000	0.828120
2.433000	0.890911
2.434000	0.765329
2.435000	1.016620
2.436000	1.456420
2.437000	1.456420
2.438000	1.330710
2.439000	1.205120
2.440000	1.330710
2.441000	1.519210
2.442000	1.644920
2.443000	1.582000
2.444000	1.456420
2.445000	1.519210
2.446000	1.644920
2.447000	1.582000
2.448000	1.456420
2.449000	1.142200
2.450000	0.953831
2.451000	0.828120
2.452000	0.702410
2.453000	0.514037
2.454000	0.262615
2.455000	0.325535
2.456000	0.262615
2.457000	0.262615
2.458000	0.388326
2.459000	0.262615
2.460000	0.325535
2.461000	0.702410
2.462000	0.828120
2.463000	0.828120
2.464000	0.765329
2.465000	0.702410
2.466000	0.828120
2.467000	0.890911
2.468000	0.576828
2.469000	0.388326
2.470000	0.325535
2.471000	0.388326
2.472000	0.388326
2.473000	0.199825
2.474000	0.199825
2.475000	0.199825
2.476000	0.325535
2.477000	0.388326
2.478000	0.137034
2.479000	0.199825
2.480000	0.074243
2.481000	0.074243
2.482000	0.011323
2.483000	-0.114259
2.484000	-0.239970
2.485000	-0.114259
2.486000	0.074243
2.487000	0.074243
2.488000	0.137034
2.489000	0.388326
2.490000	0.514037
2.491000	0.765329
2.492000	0.890911
2.493000	1.016620
2.494000	1.142200
2.495000	1.330710
2.496000	1.393500
2.497000	1.456420
2.498000	1.330710
2.499000	1.267910
2.500000	1.267910
2.501000	1.330710
2.502000	1.330710
2.503000	1.079410
2.504000	0.953831
2.505000	0.953831
2.506000	0.828120
2.507000	0.576828
2.508000	0.325535
2.509000	0.074243
2.510000	-0.239970
2.511000	-0.365551
2.512000	-0.679764
2.513000	-1.056770
2.514000	-1.245140
2.515000	-1.433640
2.516000	-1.559350
2.517000	-1.622140
2.518000	-1.684930
2.519000	-1.622140
2.520000	-1.559350
2.521000	-1.496430
2.522000	-1.433640
2.523000	-1.245140
2.524000	-1.119560
2.525000	-0.993847
2.526000	-0.931056
2.527000	-0.868265
2.528000	-0.742555
2.529000	-0.554053
2.530000	-0.491262
2.531000	-0.428471
2.532000	-0.428471
2.533000	-0.302761
2.534000	-0.239970
2.535000	-0.239970
2.536000	-0.177179
2.537000	-0.177179
2.538000	-0.114259
2.539000	-0.114259
2.540000	-0.114259
2.541000	-0.177179
2.542000	-0.302761
2.543000	-0.365551
2.544000	-0.428471
2.545000	-0.302761
2.546000	-0.302761
2.547000	-0.302761
2.548000	-0.302761
2.549000	-0.239970
2.550000	-0.114259
2.551000	-0.051468
2.552000	0.137034
2.553000	0.137034
2.554000	0.074243
2.555000	0.137034
2.556000	0.074243
2.557000	-0.114259
2.558000	-0.177179
2.559000	-0.365551
2.560000	-0.491262
2.561000	-0.616973
2.562000	-0.679764
2.563000	-0.805346
2.564000	-0.805346
2.565000	-0.868265
2.566000	-0.993847
2.567000	-1.056770
2.568000	-0.868265
2.569000	-0.993847
2.570000	-0.993847
2.571000	-0.931056
2.572000	-0.805346
2.573000	-0.742555
2.574000	-0.742555
2.575000	-0.679764
2.576000	-0.554053
2.577000	-0.365551
2.578000	-0.239970
2.579000	0.011323
2.580000	0.137034
2.581000	0.199825
2.582000	0.262615
2.583000	0.388326
2.584000	0.639619
2.585000	0.765329
2.586000	0.890911
2.587000	0.953831
2.588000	1.079410
2.589000	1.016620
2.590000	1.079410
2.591000	1.142200
2.592000	1.205120
2.593000	1.205120
2.594000	1.142200
2.595000	1.142200
2.596000	1.267910
2.597000	1.205120
2.598000	1.205120
2.599000	1.142200
2.600000	1.142200
2.601000	1.079410
2.602000	1.016620
2.603000	0.890911
2.604000	0.765329
2.605000	0.765329
2.606000	0.702410
2.607000	0.576828
2.608000	0.576828
2.609000	0.576828
2.610000	0.451117
2.611000	0.514037
2.612000	0.576828
2.613000	0.514037
2.614000	0.514037
2.615000	0.451117
2.616000	0.451117
2.617000	0.325535
2.618000	0.325535
2.619000	0.262615
2.620000	0.199825
2.621000	0.137034
2.622000	0.199825
2.623000	0.262615
2.624000	0.262615
2.625000	0.262615
2.626000	0.199825
2.627000	0.388326
2.628000	0.388326
2.629000	0.451117
2.630000	0.514037
2.631000	0.514037
2.632000	0.576828
2.633000	0.639619
2.634000	0.765329
2.635000	0.828120
2.636000	0.828120
2.637000	0.953831
2.638000	0.828120
2.639000	0.953831
2.640000	0.890911
2.641000	0.828120
2.642000	0.828120
2.643000	0.828120
2.644000	0.702410
2.645000	0.702410
2.646000	0.576828
2.647000	0.576828
2.648000	0.514037
2.649000	0.388326
2.650000	0.388326
2.651000	0.388326
2.652000	0.325535
2.653000	0.199825
2.654000	0.137034
2.655000	0.199825
2.656000	0.199825
2.657000	0.199825
2.658000	0.137034
2.659000	0.137034
2.660000	0.074243
2.661000	0.137034
2.662000	0.137034
2.663000	0.137034
2.664000	0.074243
2.665000	0.074243
2.666000	-0.051468
2.667000	-0.051468
2.668000	-0.051468
2.669000	-0.177179
2.670000	-0.051468
2.671000	-0.177179
2.672000	-0.051468
2.673000	-0.051468
2.674000	-0.051468
2.675000	0.074243
2.676000	0.011323
2.677000	0.011323
2.678000	0.074243
2.679000	0.262615
2.680000	0.199825
2.681000	0.137034
2.682000	0.199825
2.683000	0.199825
2.684000	0.137034
2.685000	0.074243
2.686000	0.137034
2.687000	0.137034
2.688000	0.137034
2.689000	0.011323
2.690000	0.011323
2.691000	0.011323
2.692000	-0.114259
2.693000	-0.239970
2.694000	-0.239970
2.695000	-0.177179
2.696000	-0.302761
2.697000	-0.365551
2.698000	-0.302761
2.699000	-0.365551
2.700000	-0.302761
2.701000	-0.365551
2.702000	-0.428471
2.703000	-0.365551
2.704000	-0.365551
2.705000	-0.428471
2.706000	-0.428471
2.707000	-0.428471
2.708000	-0.428471
2.709000	-0.428471
2.710000	-0.491262
2.711000	-0.491262
2.712000	-0.365551
2.713000	-0.428471
2.714000	-0.554053
2.715000	-0.554053
2.716000	-0.428471
2.717000	-0.554053
2.718000	-0.491262
2.719000	-0.428471
2.720000	-0.491262
2.721000	-0.428471
2.722000	-0.428471
2.723000	-0.365551
2.724000	-0.365551
2.725000	-0.302761
2.726000	-0.239970
2.727000	-0.302761
2.728000	-0.239970
2.729000	-0.239970
2.730000	-0.239970
2.731000	-0.177179
2.732000	-0.177179
2.733000	-0.114259
2.734000	-0.114259
2.735000	-0.051468
2.736000	-0.114259
2.737000	-0.114259
2.738000	-0.051468
2.739000	-0.177179
2.740000	-0.177179
2.741000	-0.177179
2.742000	-0.177179
2.743000	-0.302761
2.744000	-0.177179
2.745000	-0.114259
2.746000	-0.114259
2.747000	-0.114259
2.748000	-0.114259
2.749000	0.011323
2.750000	0.137034
2.751000	0.262615
2.752000	0.137034
2.753000	0.325535
2.754000	0.388326
2.755000	0.514037
2.756000	0.576828
2.757000	0.576828
2.758000	0.702410
2.759000	0.702410
2.760000	0.765329
2.761000	0.765329
2.762000	0.828120
2.763000	0.828120
2.764000	0.765329
2.765000	0.828120
2.766000	0.828120
2.767000	0.828120
2.768000	0.765329
2.769000	0.765329
2.770000	0.765329
2.771000	0.765329
2.772000	0.702410
2.773000	0.639619
2.774000	0.639619
2.775000	0.576828
2.776000	0.576828
2.777000	0.576828
2.778000	0.576828
2.779000	0.576828
2.780000	0.576828
2.781000	0.451117
2.782000	0.514037
2.783000	0.451117
2.784000	0.388326
2.785000	0.388326
2.786000	0.325535
2.787000	0.262615
2.788000	0.199825
2.789000	0.199825
2.790000	0.199825
2.791000	0.262615
2.792000	0.262615
2.793000	0.262615
2.794000	0.262615
2.795000	0.262615
2.796000	0.262615
2.797000	0.325535
2.798000	0.388326
2.799000	0.451117
2.800000	0.451117
2.801000	0.576828
2.802000	0.576828
2.803000	0.576828
2.804000	0.639619
2.805000	0.765329
2.806000	0.702410
2.807000	0.765329
2.808000	0.702410
2.809000	0.639619
2.810000	0.639619
2.811000	0.639619
2.812000	0.639619
2.813000	0.576828
2.814000	0.514037
2.815000	0.514037
2.816000	0.514037
2.817000	0.514037
2.818000	0.388326
2.819000	0.388326
2.820000	0.388326
2.821000	0.325535
2.822000	0.325535
2.823000	0.325535
2.824000	0.262615
2.825000	0.199825
2.826000	0.137034
2.827000	-0.114259
2.828000	-0.051468
2.829000	-0.051468
2.830000	-0.239970
2.831000	-0.239970
2.832000	-0.239970
2.833000	-0.239970
2.834000	-0.302761
2.835000	-0.365551
2.836000	-0.428471
2.837000	-0.428471
2.838000	-0.428471
2.839000	-0.428471
2.840000	-0.302761
2.841000	-0.365551
2.842000	-0.302761
2.843000	-0.302761
2.844000	-0.239970
2.845000	-0.177179
2.846000	-0.114259
2.847000	0.011323
2.848000	-0.051468
2.849000	0.074243
2.850000	0.137034
2.851000	0.199825
2.852000	0.199825
2.853000	0.199825
2.854000	0.199825
2.855000	0.262615
2.856000	0.262615
2.857000	0.199825
2.858000	0.262615
2.859000	0.325535
2.860000	0.262615
2.861000	0.199825
2.862000	0.199825
2.863000	0.262615
2.864000	0.199825
2.865000	0.262615
2.866000	0.262615
2.867000	0.199825
2.868000	0.199825
2.869000	0.199825
2.870000	0.199825
2.871000	0.262615
2.872000	0.199825
2.873000	0.137034
2.874000	0.074243
2.875000	0.074243
2.876000	0.011323
2.877000	-0.051468
2.878000	-0.177179
2.879000	-0.177179
2.880000	-0.177179
2.881000	-0.239970
2.882000	-0.365551
2.883000	-0.365551
2.884000	-0.428471
2.885000	-0.428471
2.886000	-0.428471
2.887000	-0.491262
2.888000	-0.554053
2.889000	-0.491262
2.890000	-0.491262
2.891000	-0.428471
2.892000	-0.491262
2.893000	-0.554053
2.894000	-0.491262
2.895000	-0.365551
2.896000	-0.365551
2.897000	-0.365551
2.898000	-0.302761
2.899000	-0.239970
2.900000	-0.177179
2.901000	-0.177179
2.902000	-0.177179
2.903000	-0.114259
2.904000	-0.177179
2.905000	-0.051468
2.906000	-0.051468
2.907000	0.011323
2.908000	-0.114259
2.909000	-0.114259
2.910000	-0.177179
2.911000	-0.051468
2.912000	0.011323
2.913000	-0.114259
2.914000	0.011323
2.915000	0.011323
2.916000	0.011323
2.917000	0.074243
2.918000	0.011323
2.919000	0.137034
2.920000	0.011323
2.921000	0.074243
2.922000	0.011323
2.923000	0.074243
2.924000	0.074243
2.925000	0.137034
2.926000	0.137034
2.927000	0.137034
2.928000	0.137034
2.929000	0.262615
2.930000	0.325535
2.931000	0.262615
2.932000	0.325535
2.933000	0.388326
2.934000	0.451117
2.935000	0.388326
2.936000	0.451117
2.937000	0.451117
2.938000	0.514037
2.939000	0.639619
2.940000	0.702410
2.941000	0.702410
2.942000	0.765329
2.943000	0.765329
2.944000	0.765329
2.945000	0.890911
2.946000	0.953831
2.947000	0.890911
2.948000	0.828120
2.949000	0.890911
2.950000	0.828120
2.951000	0.702410
2.952000	0.702410
2.953000	0.702410
2.954000	0.639619
2.955000	0.639619
2.956000	0.576828
2.957000	0.576828
2.958000	0.576828
2.959000	0.514037
2.960000	0.576828
2.961000	0.576828
2.962000	0.514037
2.963000	0.451117
2.964000	0.451117
2.965000	0.514037
2.966000	0.388326
2.967000	0.451117
2.968000	0.451117
2.969000	0.325535
2.970000	0.325535
2.971000	0.325535
2.972000	0.325535
2.973000	0.388326
2.974000	0.325535
2.975000	0.388326
2.976000	0.388326
2.977000	0.451117
2.978000	0.451117
2.979000	0.576828
2.980000	0.514037
2.981000	0.576828
2.982000	0.514037
2.983000	0.639619
2.984000	0.576828
2.985000	0.576828
2.986000	0.576828
2.987000	0.576828
2.988000	0.514037
2.989000	0.576828
2.990000	0.576828
2.991000	0.514037
2.992000	0.451117
2.993000	0.514037
2.994000	0.325535
2.995000	0.262615
2.996000	0.199825
2.997000	0.074243
2.998000	0.011323
2.999000	-0.114259
3.000000	-0.177179
3.001000	-0.177179
3.002000	-0.239970
3.003000	-0.239970
3.004000	-0.302761
3.005000	-0.365551
3.006000	-0.302761
3.007000	-0.365551
3.008000	-0.365551
3.009000	-0.302761
3.010000	-0.302761
3.011000	-0.428471
3.012000	-0.365551
3.013000	-0.428471
3.014000	-0.428471
3.015000	-0.365551
3.016000	-0.365551
3.017000	-0.365551
3.018000	-0.302761
3.019000	-0.239970
3.020000	-0.239970
3.021000	-0.239970
3.022000	-0.239970
3.023000	-0.239970
3.024000	-0.177179
3.025000	-0.114259
3.026000	-0.177179
3.027000	-0.177179
3.028000	-0.114259
3.029000	-0.051468
3.030000	-0.051468
3.031000	0.011323
3.032000	0.011323
3.033000	0.011323
3.034000	0.074243
3.035000	0.074243
3.036000	0.074243
3.037000	0.074243
3.038000	0.074243
3.039000	0.137034
3.040000	0.137034
3.041000	0.011323
3.042000	0.074243
3.043000	-0.051468
3.044000	-0.114259
3.045000	0.011323
3.046000	-0.177179
3.047000	-0.177179
3.048000	-0.302761
3.049000	-0.302761
3.050000	-0.114259
3.051000	-0.177179
3.052000	-0.239970
3.053000	-0.239970
3.054000	-0.177179
3.055000	-0.177179
3.056000	-0.051468
3.057000	-0.051468
3.058000	-0.051468
3.059000	0.011323
3.060000	0.011323
3.061000	0.074243
3.062000	0.137034
3.063000	0.137034
3.064000	0.137034
3.065000	0.199825
3.066000	0.262615
3.067000	0.262615
3.068000	0.199825
3.069000	0.262615
3.070000	0.325535
3.071000	0.262615
3.072000	0.199825
3.073000	0.262615
3.074000	0.262615
3.075000	0.199825
3.076000	0.199825
3.077000	0.137034
3.078000	0.137034
3.079000	0.199825
3.080000	0.137034
3.081000	0.137034
3.082000	0.074243
3.083000	0.199825
3.084000	0.199825
3.085000	0.137034
3.086000	0.137034
3.087000	0.137034
3.088000	0.137034
3.089000	0.199825
3.090000	0.137034
3.091000	0.137034
3.092000	0.199825
3.093000	0.074243
3.094000	0.137034
3.095000	0.199825
3.096000	0.137034
3.097000	0.262615
3.098000	0.199825
3.099000	0.262615
3.100000	0.262615
3.101000	0.262615
3.102000	0.262615
3.103000	0.262615
3.104000	0.199825
3.105000	0.262615
3.106000	0.262615
3.107000	0.325535
3.108000	0.262615
3.109000	0.325535
3.110000	0.262615
3.111000	0.262615
3.112000	0.388326
3.113000	0.325535
3.114000	0.388326
3.115000	0.451117
3.116000	0.451117
3.117000	0.576828
3.118000	0.514037
3.119000	0.576828
3.120000	0.451117
3.121000	0.388326
3.122000	0.514037
3.123000	0.514037
3.124000	0.576828
3.125000	0.451117
3.126000	0.451117
3.127000	0.388326
3.128000	0.514037
3.129000	0.514037
3.130000	0.514037
3.131000	0.388326
3.132000	0.514037
3.133000	0.388326
3.134000	0.325535
3.135000	0.325535
3.136000	0.325535
3.137000	0.262615
3.138000	0.199825
3.139000	0.262615
3.140000	0.262615
3.141000	0.262615
3.142000	0.325535
3.143000	0.325535
3.144000	0.262615
3.145000	0.262615
3.146000	0.325535
3.147000	0.388326
3.148000	0.325535
3.149000	0.451117
3.150000	0.388326
3.151000	0.388326
3.152000	0.325535
3.153000	0.262615
3.154000	0.262615
3.155000	0.262615
3.156000	0.325535
3.157000	0.262615
3.158000	0.074243
3.159000	0.137034
3.160000	0.074243
3.161000	0.074243
3.162000	0.074243
3.163000	0.011323
3.164000	-0.114259
3.165000	-0.114259
3.166000	-0.114259
3.167000	-0.051468
3.168000	-0.051468
3.169000	-0.114259
3.170000	-0.114259
3.171000	-0.114259
3.172000	-0.051468
3.173000	0.074243
3.174000	-0.051468
3.175000	0.074243
3.176000	0.137034
3.177000	0.137034
3.178000	0.137034
3.179000	0.199825
3.180000	0.199825
3.181000	0.074243
3.182000	0.137034
3.183000	0.199825
3.184000	0.137034
3.185000	0.137034
3.186000	0.074243
3.187000	0.011323
3.188000	0.074243
3.189000	0.011323
3.190000	0.011323
3.191000	0.011323
3.192000	0.011323
3.193000	-0.114259
3.194000	-0.051468
3.195000	-0.051468
3.196000	-0.051468
3.197000	-0.114259
3.198000	-0.051468
3.199000	-0.051468
3.200000	-0.114259
3.201000	0.011323
3.202000	0.011323
3.203000	0.074243
3.204000	0.011323
3.205000	0.137034
3.206000	0.137034
3.207000	0.137034
3.208000	0.074243
3.209000	0.074243
3.210000	0.011323
3.211000	0.011323
3.212000	0.074243
3.213000	0.011323
3.214000	0.011323
3.215000	0.011323
3.216000	-0.051468
3.217000	-0.114259
3.218000	-0.177179
3.219000	-0.114259
3.220000	-0.114259
3.221000	-0.114259
3.222000	-0.177179
3.223000	-0.114259
3.224000	-0.177179
3.225000	-0.177179
3.226000	-0.239970
3.227000	-0.302761
3.228000	-0.239970
3.229000	-0.114259
3.230000	-0.239970
3.231000	-0.302761
3.232000	-0.177179
3.233000	-0.114259
3.234000	-0.114259
3.235000	-0.051468
3.236000	-0.051468
3.237000	0.074243
3.238000	0.011323
3.239000	0.137034
3.240000	0.199825
3.241000	0.137034
3.242000	0.199825
3.243000	0.199825
3.244000	0.137034
3.245000	0.262615
3.246000	0.262615
3.247000	0.199825
3.248000	0.262615
3.249000	0.325535
3.250000	0.262615
3.251000	0.325535
3.252000	0.325535
3.253000	0.325535
3.254000	0.325535
3.255000	0.388326
3.256000	0.451117
3.257000	0.388326
3.258000	0.451117
3.259000	0.388326
3.260000	0.451117
3.261000	0.451117
3.262000	0.451117
3.263000	0.451117
3.264000	0.325535
3.265000	0.325535
3.266000	0.262615
3.267000	0.262615
3.268000	0.199825
3.269000	0.262615
3.270000	0.137034
3.271000	0.199825
3.272000	0.011323
3.273000	-0.051468
3.274000	-0.114259
3.275000	-0.177179
3.276000	-0.177179
3.277000	-0.177179
3.278000	-0.239970
3.279000	-0.114259
3.280000	-0.177179
3.281000	-0.177179
3.282000	0.011323
3.283000	0.011323
3.284000	0.011323
3.285000	0.074243
3.286000	0.262615
3.287000	0.199825
3.288000	0.262615
3.289000	0.388326
3.290000	0.451117
3.291000	0.576828
3.292000	0.576828
3.293000	0.576828
3.294000	0.514037
3.295000	0.702410
3.296000	0.639619
3.297000	0.702410
3.298000	0.765329
3.299000	0.702410
3.300000	0.765329
3.301000	0.828120
3.302000	0.765329
3.303000	0.828120
3.304000	0.765329
3.305000	0.765329
3.306000	0.765329
3.307000	0.702410
3.308000	0.639619
3.309000	0.639619
3.310000	0.576828
3.311000	0.514037
3.312000	0.576828
3.313000	0.451117
3.314000	0.451117
3.315000	0.388326
3.316000	0.451117
3.317000	0.325535
3.318000	0.325535
3.319000	0.137034
3.320000	0.137034
3.321000	0.074243
3.322000	0.137034
3.323000	0.074243
3.324000	0.074243
3.325000	0.011323
3.326000	0.011323
3.327000	-0.051468
3.328000	-0.051468
3.329000	0.011323
3.330000	-0.051468
3.331000	0.011323
3.332000	0.011323
3.333000	-0.051468
3.334000	-0.051468
3.335000	-0.051468
3.336000	-0.051468
3.337000	0.011323
3.338000	-0.051468
3.339000	-0.051468
3.340000	0.074243
3.341000	0.011323
3.342000	0.074243
3.343000	-0.051468
3.344000	-0.051468
3.345000	0.011323
3.346000	0.011323
3.347000	-0.051468
3.348000	-0.051468
3.349000	0.011323
3.350000	0.011323
3.351000	0.011323
3.352000	-0.051468
3.353000	0.011323
3.354000	0.011323
3.355000	0.011323
3.356000	-0.051468
3.357000	-0.114259
3.358000	-0.051468
3.359000	-0.114259
3.360000	-0.177179
3.361000	-0.114259
3.362000	-0.114259
3.363000	-0.114259
3.364000	-0.239970
3.365000	-0.177179
3.366000	-0.177179
3.367000	-0.177179
3.368000	-0.239970
3.369000	-0.114259
3.370000	-0.239970
3.371000	-0.114259
3.372000	-0.114259
3.373000	-0.177179
3.374000	-0.177179
3.375000	-0.051468
3.376000	-0.051468
3.377000	0.011323
3.378000	0.011323
3.379000	0.011323
3.380000	-0.051468
3.381000	-0.051468
3.382000	0.011323
3.383000	-0.051468
3.384000	-0.114259
3.385000	-0.051468
3.386000	-0.051468
3.387000	-0.114259
3.388000	-0.051468
3.389000	-0.051468
3.390000	-0.114259
3.391000	-0.177179
3.392000	-0.051468
3.393000	-0.051468
3.394000	-0.114259
3.395000	0.011323
3.396000	-0.051468
3.397000	0.011323
3.398000	0.011323
3.399000	0.137034
3.400000	0.137034
3.401000	0.137034
3.402000	0.137034
3.403000	0.199825
3.404000	0.199825
3.405000	0.262615
3.406000	0.262615
3.407000	0.325535
3.408000	0.262615
3.409000	0.325535
3.410000	0.262615
3.411000	0.262615
3.412000	0.388326
3.413000	0.388326
3.414000	0.388326
3.415000	0.325535
3.416000	0.325535
3.417000	0.451117
3.418000	0.388326
3.419000	0.388326
3.420000	0.451117
3.421000	0.451117
3.422000	0.514037
3.423000	0.514037
3.424000	0.388326
3.425000	0.514037
3.426000	0.451117
3.427000	0.576828
3.428000	0.576828
3.429000	0.576828
3.430000	0.514037
3.431000	0.451117
3.432000	0.514037
3.433000	0.451117
3.434000	0.451117
3.435000	0.388326
3.436000	0.325535
3.437000	0.262615
3.438000	0.325535
3.439000	0.199825
3.440000	0.199825
3.441000	0.199825
3.442000	0.074243
3.443000	0.074243
3.444000	0.137034
3.445000	0.137034
3.446000	0.011323
3.447000	0.011323
3.448000	0.137034
3.449000	0.137034
3.450000	0.074243
3.451000	0.074243
3.452000	0.199825
3.453000	0.199825
3.454000	0.199825
3.455000	0.262615
3.456000	0.199825
3.457000	0.325535
3.458000	0.262615
3.459000	0.262615
3.460000	0.325535
3.461000	0.388326
3.462000	0.262615
3.463000	0.262615
3.464000	0.325535
3.465000	0.325535
3.466000	0.262615
3.467000	0.451117
3.468000	0.388326
3.469000	0.388326
3.470000	0.451117
3.471000	0.514037
3.472000	0.514037
3.473000	0.325535
3.474000	0.388326
3.475000	0.388326
3.476000	0.388326
3.477000	0.388326
3.478000	0.388326
3.479000	0.325535
3.480000	0.262615
3.481000	0.262615
3.482000	0.137034
3.483000	0.137034
3.484000	0.074243
3.485000	0.137034
3.486000	0.074243
3.487000	0.011323
3.488000	-0.051468
3.489000	-0.051468
3.490000	0.011323
3.491000	-0.051468
3.492000	-0.114259
3.493000	-0.051468
3.494000	-0.051468
3.495000	-0.114259
3.496000	-0.177179
3.497000	-0.051468
3.498000	-0.177179
3.499000	-0.051468
