0.000000	-0.291015
0.001000	-0.248339
0.002000	-0.291015
0.003000	-0.291015
0.004000	-0.248339
0.005000	-0.248339
0.006000	-0.248339
0.007000	-0.291015
0.008000	-0.248339
0.009000	-0.248339
0.010000	-0.248339
0.011000	-0.248339
0.012000	-0.205663
0.013000	-0.120312
0.014000	0.221095
0.015000	0.434474
0.016000	0.775880
0.017000	1.501370
0.018000	1.544040
0.019000	1.629400
0.020000	1.672070
0.021000	1.245310
0.022000	0.434474
0.023000	-0.120312
0.024000	-0.973827
0.025000	-2.296780
0.026000	-2.808890
0.027000	-3.449020
0.028000	-4.131830
0.029000	-4.302540
0.030000	-4.345210
0.031000	-4.473240
0.032000	-4.345210
0.033000	-3.705080
0.034000	-3.363670
0.035000	-2.936910
0.036000	-2.424800
0.037000	-2.254100
0.038000	-2.296780
0.039000	-2.808890
0.040000	-3.064940
0.041000	-3.833100
0.042000	-4.601270
0.043000	-5.113380
0.044000	-5.582810
0.045000	-6.180270
0.046000	-6.521680
0.047000	-6.607030
0.048000	-6.735060
0.049000	-6.777730
0.050000	-6.607030
0.051000	-6.436330
0.052000	-6.308300
0.053000	-6.180270
0.054000	-6.052250
0.055000	-6.180270
0.056000	-6.222950
0.057000	-6.436330
0.058000	-6.735060
0.059000	-7.076460
0.060000	-7.417870
0.061000	-7.759280
0.062000	-8.143360
0.063000	-8.484760
0.064000	-8.698140
0.065000	-8.868850
0.066000	-9.039550
0.067000	-9.082230
0.068000	-9.039550
0.069000	-8.996870
0.070000	-8.911520
0.071000	-8.783500
0.072000	-8.740820
0.073000	-6.948440
0.074000	-6.777730
0.075000	-7.673920
0.076000	-7.247170
0.077000	-6.991110
0.078000	-7.929980
0.079000	-8.271390
0.080000	-8.356740
0.081000	-9.124900
0.082000	-9.551660
0.083000	-9.508980
0.084000	-9.807710
0.085000	-10.149100
0.086000	-10.063800
0.087000	-9.978420
0.088000	-9.850390
0.089000	-9.722360
0.090000	-9.594330
0.091000	-9.637010
0.092000	-9.423630
0.093000	-9.466310
0.094000	-9.722360
0.095000	-10.063800
0.096000	-10.149100
0.097000	-10.234500
0.098000	-10.490500
0.099000	-10.789300
0.100000	-11.002600
0.101000	-11.088000
0.102000	-11.173300
0.103000	-11.173300
0.104000	-11.088000
0.105000	-11.088000
0.106000	-11.088000
0.107000	-11.045300
0.108000	-11.088000
0.109000	-11.386700
0.110000	-11.429400
0.111000	-11.429400
0.112000	-11.600100
0.113000	-11.770800
0.114000	-11.898800
0.115000	-11.984200
0.116000	-12.069500
0.117000	-12.197600
0.118000	-12.282900
0.119000	-12.112200
0.120000	-12.282900
0.121000	-12.539000
0.122000	-12.410900
0.123000	-12.240200
0.124000	-12.368300
0.125000	-12.197600
0.126000	-12.069500
0.127000	-12.026900
0.128000	-11.514700
0.129000	-8.100680
0.130000	-8.442090
0.131000	-10.319800
0.132000	-7.972660
0.133000	-7.119140
0.134000	-8.100680
0.135000	-7.033790
0.136000	-5.497460
0.137000	-6.094920
0.138000	-6.009570
0.139000	-5.924220
0.140000	-6.863080
0.141000	-8.228710
0.142000	-9.252930
0.143000	-10.362500
0.144000	-11.514700
0.145000	-12.069500
0.146000	-12.581600
0.147000	-12.667000
0.148000	-12.026900
0.149000	-11.728100
0.150000	-11.216000
0.151000	-10.874600
0.152000	-9.935740
0.153000	-9.380960
0.154000	-8.996870
0.155000	-9.637010
0.156000	-10.319800
0.157000	-10.960000
0.158000	-11.600100
0.159000	-12.368300
0.160000	-12.880400
0.161000	-13.392500
0.162000	-13.691200
0.163000	-13.435200
0.164000	-12.880400
0.165000	-12.837700
0.166000	-12.410900
0.167000	-12.069500
0.168000	-11.941500
0.169000	-11.984200
0.170000	-12.154900
0.171000	-12.539000
0.172000	-13.008400
0.173000	-13.136400
0.174000	-13.392500
0.175000	-13.691200
0.176000	-13.776600
0.177000	-13.733900
0.178000	-13.904600
0.179000	-13.819200
0.180000	-13.563200
0.181000	-13.477800
0.182000	-13.435200
0.183000	-13.349800
0.184000	-13.477800
0.185000	-13.648500
0.186000	-13.648500
0.187000	-13.776600
0.188000	-13.989900
0.189000	-13.989900
0.190000	-13.904600
0.191000	-13.861900
0.192000	-13.819200
0.193000	-13.563200
0.194000	-13.563200
0.195000	-13.563200
0.196000	-13.349800
0.197000	-13.477800
0.198000	-13.819200
0.199000	-13.776600
0.200000	-13.776600
0.201000	-14.246000
0.202000	-14.502000
0.203000	-14.502000
0.204000	-14.758100
0.205000	-14.843500
0.206000	-14.843500
0.207000	-14.758100
0.208000	-14.758100
0.209000	-14.630100
0.210000	-14.544700
0.211000	-14.502000
0.212000	-14.544700
0.213000	-14.587400
0.214000	-14.587400
0.215000	-14.800800
0.216000	-15.099500
0.217000	-15.270200
0.218000	-15.440900
0.219000	-15.611600
0.220000	-15.739600
0.221000	-15.782300
0.222000	-15.867700
0.223000	-15.782300
0.224000	-15.611600
0.225000	-15.483600
0.226000	-15.355600
0.227000	-15.227500
0.228000	-14.886100
0.229000	-14.630100
0.230000	-14.843500
0.231000	-14.886100
0.232000	-14.886100
0.233000	-15.142200
0.234000	-15.440900
0.235000	-15.611600
0.236000	-15.910400
0.237000	-15.953000
0.238000	-16.081100
0.239000	-16.038401
0.240000	-15.953000
0.241000	-15.782300
0.242000	-15.739600
0.243000	-15.654300
0.244000	-15.568900
0.245000	-15.440900
0.246000	-15.483600
0.247000	-15.483600
0.248000	-15.568900
0.249000	-15.654300
0.250000	-15.825000
0.251000	-15.312900
0.252000	-14.928800
0.253000	-15.697000
0.254000	-14.118000
0.255000	-13.392500
0.256000	-14.374000
0.257000	-13.648500
0.258000	-12.496300
0.259000	-13.093700
0.260000	-13.093700
0.261000	-12.325600
0.262000	-12.453600
0.263000	-12.752300
0.264000	-12.709700
0.265000	-12.752300
0.266000	-13.221800
0.267000	-13.392500
0.268000	-13.221800
0.269000	-13.264500
0.270000	-13.477800
0.271000	-13.136400
0.272000	-12.923000
0.273000	-13.136400
0.274000	-12.709700
0.275000	-12.368300
0.276000	-12.752300
0.277000	-12.667000
0.278000	-12.453600
0.279000	-12.539000
0.280000	-12.795000
0.281000	-12.624300
0.282000	-12.496300
0.283000	-12.539000
0.284000	-12.368300
0.285000	-12.112200
0.286000	-12.154900
0.287000	-12.069500
0.288000	-11.685400
0.289000	-11.600100
0.290000	-11.685400
0.291000	-11.301400
0.292000	-11.045300
0.293000	-11.088000
