0.000000	2.407970
0.001000	2.407970
0.002000	2.407970
0.003000	2.407970
0.004000	2.407970
0.005000	2.407970
0.006000	1.602310
0.007000	2.407970
0.008000	2.407970
0.009000	1.602310
0.010000	2.407970
0.011000	1.602310
0.012000	1.602310
0.013000	0.796640
0.014000	-0.009024
0.015000	-3.231680
0.016000	-7.260000
0.017000	-9.676990
0.018000	-16.927999
0.019000	-22.567600
0.020000	-24.984600
0.021000	-24.984600
0.022000	-21.761999
0.023000	-12.094000
0.024000	-4.037340
0.025000	2.407970
0.026000	9.658940
0.027000	14.492900
0.028000	12.075900
0.029000	14.492900
0.030000	15.298600
0.031000	12.075900
0.032000	11.270300
0.033000	10.464600
0.034000	3.213630
0.035000	-4.037340
0.036000	-10.482700
0.037000	-14.511000
0.038000	-16.122299
0.039000	-15.316600
0.040000	-7.260000
0.041000	-1.620350
0.042000	0.796640
0.043000	5.630630
0.044000	9.658940
0.045000	10.464600
0.046000	12.881600
0.047000	14.492900
0.048000	15.298600
0.049000	12.881600
0.050000	11.270300
0.051000	7.241950
0.052000	3.213630
0.053000	-0.009024
0.054000	-0.814687
0.055000	-2.426020
0.056000	-2.426020
0.057000	-2.426020
0.058000	-1.620350
0.059000	-0.814687
0.060000	-0.009024
0.061000	3.213630
0.062000	5.630630
0.063000	8.853280
0.064000	11.270300
0.065000	10.464600
0.066000	12.075900
0.067000	10.464600
0.068000	10.464600
0.069000	6.436290
0.070000	4.824960
0.071000	2.407970
0.072000	-0.814687
0.073000	5.630630
0.074000	-1.620350
0.075000	-16.927999
0.076000	-14.511000
0.077000	-4.843010
0.078000	-2.426020
0.079000	3.213630
0.080000	7.241950
0.081000	2.407970
0.082000	0.796640
0.083000	7.241950
0.084000	10.464600
0.085000	12.881600
0.086000	12.075900
0.087000	10.464600
0.088000	4.824960
0.089000	1.602310
0.090000	-0.814687
0.091000	-2.426020
0.092000	-0.814687
0.093000	0.796640
0.094000	0.796640
0.095000	-1.620350
0.096000	-0.009024
0.097000	3.213630
0.098000	2.407970
0.099000	4.019300
0.100000	5.630630
0.101000	6.436290
0.102000	6.436290
0.103000	4.824960
0.104000	4.019300
0.105000	1.602310
0.106000	1.602310
0.107000	0.796640
0.108000	-0.009024
0.109000	-1.620350
0.110000	-0.009024
0.111000	0.796640
0.112000	1.602310
0.113000	1.602310
0.114000	0.796640
0.115000	1.602310
0.116000	3.213630
0.117000	4.019300
0.118000	4.824960
0.119000	4.824960
0.120000	6.436290
0.121000	2.407970
0.122000	4.019300
0.123000	6.436290
0.124000	2.407970
0.125000	0.796640
0.126000	-0.009024
0.127000	-0.814687
0.128000	3.213630
0.129000	24.966600
0.130000	0.796640
0.131000	-21.761999
0.132000	3.213630
0.133000	18.521200
0.134000	8.047620
0.135000	-3.231680
0.136000	-8.871330
0.137000	-29.012899
0.138000	-37.875198
0.139000	-27.401600
0.140000	-18.539301
0.141000	-12.094000
0.142000	-4.037340
0.143000	0.796640
0.144000	8.047620
0.145000	17.715599
0.146000	20.132601
0.147000	21.743900
0.148000	20.938200
0.149000	15.298600
0.150000	5.630630
0.151000	-4.843010
0.152000	-10.482700
0.153000	-13.705300
0.154000	-17.733601
0.155000	-19.344999
0.156000	-16.122299
0.157000	-8.065660
0.158000	-1.620350
0.159000	3.213630
0.160000	8.853280
0.161000	12.075900
0.162000	12.881600
0.163000	12.881600
0.164000	10.464600
0.165000	1.602310
0.166000	-4.037340
0.167000	-6.454340
0.168000	-8.871330
0.169000	-7.260000
0.170000	-4.843010
0.171000	-5.648670
0.172000	-2.426020
0.173000	1.602310
0.174000	2.407970
0.175000	0.796640
0.176000	2.407970
0.177000	5.630630
0.178000	3.213630
0.179000	3.213630
0.180000	2.407970
0.181000	-0.814687
0.182000	-3.231680
0.183000	-3.231680
0.184000	-2.426020
0.185000	-0.814687
0.186000	-0.009024
0.187000	0.796640
0.188000	-1.620350
0.189000	-2.426020
0.190000	-3.231680
0.191000	-4.037340
0.192000	-5.648670
0.193000	-5.648670
0.194000	-5.648670
0.195000	-8.065660
0.196000	-8.065660
0.197000	-7.260000
0.198000	-8.065660
0.199000	-4.843010
0.200000	-1.620350
0.201000	-4.037340
0.202000	-2.426020
0.203000	-0.009024
0.204000	-0.009024
0.205000	-0.009024
0.206000	-0.814687
0.207000	-2.426020
0.208000	-4.037340
0.209000	-5.648670
0.210000	-6.454340
0.211000	-8.065660
0.212000	-8.871330
0.213000	-8.871330
0.214000	-8.065660
0.215000	-7.260000
0.216000	-6.454340
0.217000	-6.454340
0.218000	-4.037340
0.219000	-3.231680
0.220000	-1.620350
0.221000	-1.620350
0.222000	-2.426020
0.223000	-3.231680
0.224000	-4.843010
0.225000	-7.260000
0.226000	-8.871330
0.227000	-9.676990
0.228000	-8.871330
0.229000	-9.676990
0.230000	-13.705300
0.231000	-15.316600
0.232000	-12.899600
0.233000	-8.871330
0.234000	-6.454340
0.235000	-4.037340
0.236000	-4.843010
0.237000	-3.231680
0.238000	-4.037340
0.239000	-4.843010
0.240000	-4.843010
0.241000	-4.843010
0.242000	-7.260000
0.243000	-6.454340
0.244000	-10.482700
0.245000	-10.482700
0.246000	-10.482700
0.247000	-10.482700
0.248000	-8.871330
0.249000	-8.065660
0.250000	-8.065660
0.251000	-1.620350
0.252000	-1.620350
0.253000	-8.065660
0.254000	0.796640
0.255000	-0.814687
0.256000	-15.316600
0.257000	-12.094000
0.258000	-4.843010
0.259000	-13.705300
0.260000	-17.733601
0.261000	-12.094000
0.262000	-14.511000
0.263000	-16.927999
0.264000	-13.705300
0.265000	-10.482700
0.266000	-10.482700
0.267000	-8.871330
0.268000	-4.843010
0.269000	-6.454340
0.270000	-9.676990
0.271000	-7.260000
0.272000	-6.454340
0.273000	-10.482700
0.274000	-9.676990
0.275000	-8.871330
0.276000	-12.899600
0.277000	-14.511000
0.278000	-10.482700
0.279000	-9.676990
0.280000	-10.482700
0.281000	-8.065660
0.282000	-6.454340
0.283000	-8.065660
0.284000	-9.676990
0.285000	-8.065660
0.286000	-8.065660
0.287000	-7.260000
0.288000	-5.648670
0.289000	-6.454340
0.290000	-9.676990
0.291000	-8.065660
0.292000	-9.676990
0.293000	-8.871330
