0.000000	0.563320
0.001000	0.563320
0.002000	0.563320
0.003000	-0.242344
0.004000	-0.242344
0.005000	2.174650
0.006000	1.368980
0.007000	0.563320
0.008000	-0.242344
0.009000	-0.242344
0.010000	-1.853670
0.011000	-3.465000
0.012000	-2.659340
0.013000	-8.298980
0.014000	-9.104650
0.015000	-9.910310
0.016000	-10.716000
0.017000	-12.327300
0.018000	-13.133000
0.019000	-13.133000
0.020000	-13.133000
0.021000	-13.133000
0.022000	-12.327300
0.023000	-12.327300
0.024000	-11.521600
0.025000	-10.716000
0.026000	-9.104650
0.027000	-9.104650
0.028000	-6.687660
0.029000	-5.881990
0.030000	-3.465000
0.031000	-2.659340
0.032000	-0.242344
0.033000	-0.242344
0.034000	2.174650
0.035000	2.174650
0.036000	2.980310
0.037000	2.174650
0.038000	0.563320
0.039000	1.368980
0.040000	0.563320
0.041000	-0.242344
0.042000	-1.048010
0.043000	-1.048010
0.044000	-1.853670
0.045000	-1.048010
0.046000	-1.048010
0.047000	-1.853670
0.048000	-1.853670
0.049000	-1.853670
0.050000	-2.659340
0.051000	-1.853670
0.052000	-2.659340
0.053000	-3.465000
0.054000	-2.659340
0.055000	-2.659340
0.056000	-2.659340
0.057000	-1.853670
0.058000	-1.853670
0.059000	-0.242344
0.060000	0.563320
0.061000	1.368980
0.062000	1.368980
0.063000	1.368980
0.064000	2.174650
0.065000	2.980310
0.066000	2.980310
0.067000	2.174650
0.068000	2.174650
0.069000	2.980310
0.070000	2.174650
0.071000	1.368980
0.072000	2.174650
0.073000	2.174650
0.074000	2.174650
0.075000	-0.242344
0.076000	-0.242344
0.077000	-0.242344
0.078000	-1.048010
0.079000	-1.048010
0.080000	-0.242344
0.081000	-1.048010
0.082000	-0.242344
0.083000	0.563320
0.084000	-0.242344
0.085000	-0.242344
0.086000	-0.242344
0.087000	-0.242344
0.088000	-1.048010
0.089000	-1.048010
0.090000	-1.853670
0.091000	-1.048010
0.092000	-1.853670
0.093000	-0.242344
0.094000	-1.048010
0.095000	-1.048010
0.096000	-1.048010
0.097000	-0.242344
0.098000	-0.242344
0.099000	-0.242344
0.100000	-0.242344
0.101000	-0.242344
0.102000	-0.242344
0.103000	-1.048010
0.104000	-1.048010
0.105000	-1.048010
0.106000	-1.853670
0.107000	-0.242344
0.108000	-0.242344
0.109000	-0.242344
0.110000	-0.242344
0.111000	-1.048010
0.112000	-1.048010
0.113000	-1.853670
0.114000	-1.048010
0.115000	-1.048010
0.116000	-1.853670
0.117000	-2.659340
0.118000	-3.465000
0.119000	-3.465000
0.120000	-3.465000
0.121000	-4.270660
0.122000	-4.270660
0.123000	-2.659340
0.124000	-4.270660
0.125000	-2.659340
0.126000	-1.853670
0.127000	-1.048010
0.128000	1.368980
0.129000	1.368980
0.130000	1.368980
0.131000	0.563320
0.132000	0.563320
0.133000	-0.242344
0.134000	-0.242344
0.135000	-0.242344
0.136000	-1.853670
0.137000	-1.853670
0.138000	-1.048010
0.139000	-0.242344
0.140000	-0.242344
0.141000	-0.242344
0.142000	-0.242344
0.143000	-0.242344
0.144000	-1.048010
0.145000	-0.242344
0.146000	-0.242344
0.147000	-1.048010
0.148000	-1.853670
0.149000	-1.048010
0.150000	-0.242344
0.151000	-0.242344
0.152000	-0.242344
0.153000	-0.242344
0.154000	-1.853670
0.155000	-0.242344
0.156000	-1.853670
0.157000	-1.853670
0.158000	-2.659340
0.159000	-2.659340
0.160000	-1.853670
0.161000	-2.659340
0.162000	-2.659340
0.163000	-2.659340
0.164000	-3.465000
0.165000	-2.659340
0.166000	-2.659340
0.167000	-2.659340
0.168000	-1.853670
0.169000	-1.853670
0.170000	-1.853670
0.171000	-1.048010
0.172000	-0.242344
0.173000	0.563320
0.174000	-0.242344
0.175000	-1.048010
0.176000	-1.048010
0.177000	-1.853670
0.178000	-2.659340
0.179000	-2.659340
0.180000	-3.465000
0.181000	-3.465000
0.182000	-4.270660
0.183000	-4.270660
0.184000	-4.270660
0.185000	-3.465000
0.186000	-4.270660
0.187000	-3.465000
0.188000	-5.076330
0.189000	-4.270660
0.190000	-4.270660
0.191000	-3.465000
0.192000	-3.465000
0.193000	-2.659340
0.194000	-2.659340
0.195000	-2.659340
0.196000	-2.659340
0.197000	-1.853670
0.198000	-1.048010
0.199000	-1.853670
0.200000	-1.853670
0.201000	-2.659340
0.202000	-2.659340
0.203000	-2.659340
0.204000	-2.659340
0.205000	-3.465000
0.206000	-4.270660
0.207000	-5.076330
0.208000	-4.270660
0.209000	-4.270660
0.210000	-3.465000
0.211000	-5.076330
0.212000	-5.076330
0.213000	-5.076330
0.214000	-5.076330
0.215000	-5.076330
0.216000	-5.076330
0.217000	-5.076330
0.218000	-5.076330
0.219000	-5.076330
0.220000	-5.076330
0.221000	-5.076330
0.222000	-5.076330
0.223000	-5.076330
0.224000	-5.076330
0.225000	-6.687660
0.226000	-5.881990
0.227000	-5.076330
0.228000	-5.076330
0.229000	-5.881990
0.230000	-4.270660
0.231000	-5.076330
0.232000	-5.076330
0.233000	-5.076330
0.234000	-5.076330
0.235000	-4.270660
0.236000	-5.076330
0.237000	-4.270660
0.238000	-3.465000
0.239000	-3.465000
0.240000	-3.465000
0.241000	-2.659340
0.242000	-2.659340
0.243000	-2.659340
0.244000	-2.659340
0.245000	-2.659340
0.246000	-3.465000
0.247000	-4.270660
0.248000	-2.659340
0.249000	-3.465000
0.250000	-4.270660
0.251000	-5.076330
0.252000	-5.881990
0.253000	-5.881990
0.254000	-6.687660
0.255000	-6.687660
0.256000	-6.687660
0.257000	-6.687660
0.258000	-5.881990
0.259000	-6.687660
0.260000	-5.881990
0.261000	-6.687660
0.262000	-5.881990
0.263000	-5.881990
0.264000	-5.881990
0.265000	-6.687660
0.266000	-5.881990
0.267000	-5.881990
0.268000	-5.881990
0.269000	-5.881990
0.270000	-5.881990
0.271000	-5.881990
0.272000	-5.881990
0.273000	-5.881990
0.274000	-5.881990
0.275000	-6.687660
0.276000	-5.881990
0.277000	-7.493320
0.278000	-7.493320
0.279000	-6.687660
0.280000	-7.493320
0.281000	-8.298980
0.282000	-7.493320
0.283000	-8.298980
0.284000	-7.493320
0.285000	-6.687660
0.286000	-7.493320
0.287000	-8.298980
0.288000	-8.298980
0.289000	-9.104650
0.290000	-9.910310
0.291000	-9.104650
0.292000	-7.493320
0.293000	-7.493320
0.294000	-8.298980
0.295000	-9.104650
0.296000	-8.298980
0.297000	-9.104650
0.298000	-7.493320
0.299000	-9.104650
0.300000	-7.493320
0.301000	-8.298980
0.302000	-8.298980
0.303000	-7.493320
0.304000	-7.493320
0.305000	-7.493320
0.306000	-6.687660
0.307000	-6.687660
0.308000	-5.881990
0.309000	-6.687660
0.310000	-5.881990
0.311000	-5.076330
0.312000	-6.687660
0.313000	-5.881990
0.314000	-5.881990
0.315000	-5.881990
0.316000	-5.881990
0.317000	-6.687660
0.318000	-5.881990
0.319000	-6.687660
0.320000	-6.687660
0.321000	-6.687660
0.322000	-5.881990
0.323000	-6.687660
0.324000	-7.493320
0.325000	-6.687660
0.326000	-7.493320
0.327000	-6.687660
0.328000	-6.687660
0.329000	-7.493320
0.330000	-7.493320
0.331000	-8.298980
0.332000	-8.298980
0.333000	-8.298980
0.334000	-7.493320
0.335000	-7.493320
0.336000	-6.687660
0.337000	-7.493320
0.338000	-6.687660
0.339000	-9.104650
0.340000	-9.104650
0.341000	-9.104650
0.342000	-9.104650
0.343000	-8.298980
0.344000	-8.298980
0.345000	-8.298980
0.346000	-10.716000
0.347000	-9.910310
0.348000	-10.716000
0.349000	-10.716000
0.350000	-10.716000
0.351000	-10.716000
0.352000	-11.521600
0.353000	-11.521600
0.354000	-11.521600
0.355000	-9.910310
0.356000	-11.521600
0.357000	-11.521600
0.358000	-11.521600
0.359000	-11.521600
0.360000	-10.716000
0.361000	-9.910310
0.362000	-9.910310
0.363000	-10.716000
0.364000	-10.716000
0.365000	-10.716000
0.366000	-10.716000
0.367000	-9.104650
0.368000	-9.104650
0.369000	-9.910310
0.370000	-11.521600
0.371000	-11.521600
0.372000	-9.910310
0.373000	-10.716000
0.374000	-11.521600
0.375000	-12.327300
0.376000	-10.716000
0.377000	-9.910310
0.378000	-9.910310
0.379000	-9.104650
0.380000	-10.716000
0.381000	-9.910310
0.382000	-9.104650
0.383000	-9.910310
0.384000	-10.716000
0.385000	-10.716000
0.386000	-9.910310
0.387000	-9.910310
0.388000	-11.521600
0.389000	-9.910310
0.390000	-10.716000
0.391000	-10.716000
0.392000	-10.716000
0.393000	-9.910310
0.394000	-9.910310
0.395000	-10.716000
0.396000	-9.910310
0.397000	-9.910310
0.398000	-9.910310
0.399000	-10.716000
0.400000	-9.104650
0.401000	-10.716000
0.402000	-10.716000
0.403000	-9.910310
0.404000	-10.716000
0.405000	-10.716000
0.406000	-10.716000
0.407000	-10.716000
0.408000	-9.910310
0.409000	-9.910310
0.410000	-10.716000
0.411000	-10.716000
0.412000	-11.521600
0.413000	-11.521600
0.414000	-12.327300
0.415000	-12.327300
0.416000	-11.521600
0.417000	-11.521600
0.418000	-12.327300
0.419000	-12.327300
0.420000	-13.133000
0.421000	-12.327300
0.422000	-12.327300
0.423000	-13.133000
0.424000	-12.327300
0.425000	-12.327300
0.426000	-13.133000
0.427000	-11.521600
0.428000	-11.521600
0.429000	-11.521600
0.430000	-10.716000
0.431000	-10.716000
0.432000	-12.327300
0.433000	-12.327300
0.434000	-11.521600
0.435000	-10.716000
0.436000	-11.521600
0.437000	-11.521600
0.438000	-9.910310
0.439000	-10.716000
0.440000	-11.521600
0.441000	-15.550000
0.442000	-18.772600
0.443000	-13.938600
0.444000	-5.076330
0.445000	8.619960
0.446000	10.231300
0.447000	9.425630
0.448000	7.814300
0.449000	7.008630
0.450000	3.785980
0.451000	-1.853670
0.452000	-2.659340
0.453000	-6.687660
0.454000	-8.298980
0.455000	-9.910310
0.456000	-10.716000
0.457000	-10.716000
0.458000	-9.910310
0.459000	-8.298980
0.460000	-6.687660
0.461000	-9.104650
0.462000	-12.327300
0.463000	-14.744300
0.464000	-16.355600
0.465000	-17.966999
0.466000	-19.578300
0.467000	-21.995300
0.468000	-21.995300
0.469000	-21.189600
0.470000	-17.966999
0.471000	-16.355600
0.472000	-13.938600
0.473000	-10.716000
0.474000	-9.104650
0.475000	-7.493320
0.476000	-5.076330
0.477000	-3.465000
0.478000	-4.270660
0.479000	-5.881990
0.480000	-5.881990
0.481000	-6.687660
0.482000	-7.493320
0.483000	-6.687660
0.484000	-5.076330
0.485000	-5.076330
0.486000	-5.881990
0.487000	-5.881990
0.488000	-5.076330
0.489000	-5.881990
0.490000	-6.687660
0.491000	-8.298980
0.492000	-9.104650
0.493000	-10.716000
0.494000	-13.938600
0.495000	-16.355600
0.496000	-17.966999
0.497000	-19.578300
0.498000	-18.772600
0.499000	-17.161301
0.500000	-16.355600
0.501000	-14.744300
0.502000	-15.550000
0.503000	-13.938600
0.504000	-13.938600
0.505000	-13.133000
0.506000	-13.938600
0.507000	-13.938600
0.508000	-13.133000
0.509000	-13.133000
0.510000	-10.716000
0.511000	-10.716000
0.512000	-9.104650
0.513000	-7.493320
0.514000	-5.076330
0.515000	-5.076330
0.516000	-3.465000
0.517000	-2.659340
0.518000	-2.659340
0.519000	-4.270660
0.520000	-4.270660
0.521000	-4.270660
0.522000	-5.076330
0.523000	-5.076330
0.524000	-5.076330
0.525000	-5.881990
0.526000	-6.687660
0.527000	-6.687660
0.528000	-5.881990
0.529000	-5.881990
0.530000	-6.687660
0.531000	-6.687660
0.532000	-7.493320
0.533000	-8.298980
0.534000	-9.104650
0.535000	-8.298980
0.536000	-8.298980
0.537000	-7.493320
0.538000	-7.493320
0.539000	-7.493320
0.540000	-7.493320
0.541000	-6.687660
0.542000	-5.076330
0.543000	-4.270660
0.544000	-4.270660
0.545000	-4.270660
0.546000	-3.465000
0.547000	-2.659340
0.548000	-2.659340
0.549000	-2.659340
0.550000	-1.853670
0.551000	-2.659340
0.552000	-2.659340
0.553000	-1.048010
0.554000	-1.853670
0.555000	-0.242344
0.556000	-0.242344
0.557000	-0.242344
0.558000	-1.048010
0.559000	-1.853670
0.560000	-1.853670
0.561000	-3.465000
0.562000	-2.659340
0.563000	-5.881990
0.564000	-5.076330
0.565000	-5.881990
0.566000	-6.687660
0.567000	-6.687660
0.568000	-6.687660
0.569000	-6.687660
0.570000	-6.687660
0.571000	-8.298980
0.572000	-8.298980
0.573000	-7.493320
0.574000	-8.298980
0.575000	-6.687660
0.576000	-7.493320
0.577000	-6.687660
0.578000	-6.687660
0.579000	-5.881990
0.580000	-4.270660
0.581000	-3.465000
0.582000	-2.659340
0.583000	-2.659340
0.584000	-1.853670
0.585000	-1.048010
0.586000	-1.048010
0.587000	-1.048010
0.588000	-1.853670
0.589000	-0.242344
0.590000	-0.242344
0.591000	0.563320
0.592000	-0.242344
0.593000	-1.048010
0.594000	-4.270660
0.595000	-26.023600
0.596000	-5.076330
0.597000	29.567200
0.598000	99.660004
0.599000	137.526001
0.600000	139.942993
0.601000	126.247002
0.602000	120.607002
0.603000	101.271004
0.604000	61.793800
0.605000	17.482300
0.606000	-21.995300
0.607000	-81.614403
0.608000	-133.177002
0.609000	-129.953995
0.610000	-128.343002
0.611000	-117.064003
0.612000	-131.565994
0.613000	-117.064003
0.614000	-91.282402
0.615000	-83.225700
0.616000	-79.197403
0.617000	-72.752098
0.618000	-49.387901
0.619000	-41.331200
0.620000	-26.023600
0.621000	-34.080200
0.622000	-42.136902
0.623000	-45.359501
0.624000	-31.663200
0.625000	-4.270660
0.626000	0.563320
0.627000	3.785980
0.628000	12.648300
0.629000	46.486198
0.630000	85.963699
0.631000	110.939003
0.632000	115.773003
0.633000	113.356003
0.634000	114.968002
0.635000	115.773003
0.636000	106.105003
0.637000	98.048698
0.638000	77.101402
0.639000	52.125801
0.640000	34.401199
0.641000	24.733200
0.642000	11.842600
0.643000	-3.465000
0.644000	-11.521600
0.645000	-17.161301
0.646000	-22.800900
0.647000	-26.829300
0.648000	-34.080200
0.649000	-39.719898
0.650000	-42.942501
0.651000	-38.914200
0.652000	-44.553902
