0.000000	0.000000
17.278000	0.324950
17.311001	-0.485889
17.598000	-2.833060
18.108999	-2.107570
18.896999	0.837060
19.795000	1.306490
20.729000	0.794384
21.702000	0.879736
22.547001	1.989310
23.674000	2.330710
24.601999	2.245360
25.551001	2.160010
26.440001	2.629440
27.287001	3.141550
28.198000	3.269580
29.094999	3.269580
30.034000	4.592530
30.908001	4.933930
31.805000	5.360690
31.795000	5.659420
32.674999	5.872800
33.514999	6.683640
34.387001	7.238430
35.194000	7.025050
36.750999	7.665180
37.533001	8.476020
38.263000	8.348000
38.948002	8.348000
38.959999	8.689400
40.206001	9.286860
40.816002	9.841650
41.344002	9.884330
41.994999	9.628270
42.473000	10.183100
43.074001	10.524500
43.622002	10.311100
44.176998	9.841650
44.796001	10.311100
45.389000	11.079200
46.028999	11.634000
46.265999	11.548700
46.409000	11.548700
47.109001	11.804700
47.671001	11.548700
48.198002	11.378000
49.285999	11.762100
49.868000	11.847400
50.381001	12.188800
50.855999	12.359500
51.337002	12.615600
51.855999	12.914300
52.310001	13.042300
52.751999	12.871600
53.154999	12.957000
53.497002	13.341100
53.973999	13.767800
53.959999	16.072300
54.022999	12.999700
54.098999	10.695200
54.101002	11.121900
54.084000	13.170400
54.091999	12.829000
54.173000	10.481800
54.330002	10.908500
54.355000	13.085000
54.821999	14.365300
55.112000	13.981200
55.275002	13.767800
55.581001	14.792000
55.890999	15.858900
56.166000	15.816300
56.484001	14.962700
56.841000	15.560200
57.174000	17.181900
57.431000	17.352600
58.485001	24.735500
59.970001	-17.257500
61.778000	-18.580400
63.222000	3.909720
64.584000	32.886600
64.594002	18.462200
