0.000000	11.574100
0.001000	9.694180
0.002000	9.694180
0.003000	9.694180
0.004000	5.934410
0.005000	5.934410
0.006000	7.814290
0.007000	5.934410
0.008000	5.934410
0.009000	4.054530
0.010000	4.054530
0.011000	7.814290
0.012000	7.814290
0.013000	7.814290
0.014000	9.694180
0.015000	9.694180
0.016000	4.054530
0.017000	0.294764
0.018000	-5.344880
0.019000	-5.344880
0.020000	-3.465000
0.021000	-1.585120
0.022000	-1.585120
0.023000	4.054530
0.024000	7.814290
0.025000	13.453900
0.026000	15.333800
0.027000	20.973499
0.028000	20.973499
0.029000	19.093599
0.030000	15.333800
0.031000	15.333800
0.032000	9.694180
0.033000	11.574100
0.034000	7.814290
0.035000	4.054530
0.036000	5.934410
0.037000	5.934410
0.038000	9.694180
0.039000	9.694180
0.040000	13.453900
0.041000	11.574100
0.042000	13.453900
0.043000	13.453900
0.044000	15.333800
0.045000	13.453900
0.046000	9.694180
0.047000	9.694180
0.048000	11.574100
0.049000	11.574100
0.050000	11.574100
0.051000	13.453900
0.052000	13.453900
0.053000	13.453900
0.054000	17.213699
0.055000	15.333800
0.056000	15.333800
0.057000	13.453900
0.058000	13.453900
0.059000	13.453900
0.060000	13.453900
0.061000	11.574100
0.062000	7.814290
0.063000	7.814290
0.064000	7.814290
0.065000	7.814290
0.066000	7.814290
0.067000	9.694180
0.068000	9.694180
0.069000	9.694180
0.070000	9.694180
0.071000	9.694180
0.072000	11.574100
0.073000	11.574100
0.074000	13.453900
0.075000	15.333800
0.076000	17.213699
0.077000	17.213699
0.078000	22.853399
0.079000	20.973499
0.080000	22.853399
0.081000	19.093599
0.082000	22.853399
0.083000	19.093599
0.084000	20.973499
0.085000	15.333800
0.086000	17.213699
0.087000	13.453900
0.088000	13.453900
0.089000	13.453900
0.090000	13.453900
0.091000	11.574100
0.092000	13.453900
0.093000	15.333800
0.094000	13.453900
0.095000	17.213699
0.096000	17.213699
0.097000	17.213699
0.098000	13.453900
0.099000	13.453900
0.100000	15.333800
0.101000	15.333800
0.102000	15.333800
0.103000	17.213699
0.104000	19.093599
0.105000	20.973499
0.106000	22.853399
0.107000	20.973499
0.108000	19.093599
0.109000	19.093599
0.110000	19.093599
0.111000	15.333800
0.112000	15.333800
0.113000	13.453900
0.114000	13.453900
0.115000	9.694180
0.116000	9.694180
0.117000	7.814290
0.118000	7.814290
0.119000	5.934410
0.120000	5.934410
0.121000	9.694180
0.122000	13.453900
0.123000	15.333800
0.124000	19.093599
0.125000	20.973499
0.126000	20.973499
0.127000	22.853399
0.128000	20.973499
0.129000	20.973499
0.130000	19.093599
0.131000	17.213699
0.132000	13.453900
0.133000	17.213699
0.134000	15.333800
0.135000	13.453900
0.136000	13.453900
0.137000	13.453900
0.138000	9.694180
0.139000	9.694180
0.140000	9.694180
0.141000	11.574100
0.142000	11.574100
0.143000	11.574100
0.144000	11.574100
0.145000	11.574100
0.146000	17.213699
0.147000	17.213699
0.148000	19.093599
0.149000	19.093599
0.150000	20.973499
0.151000	19.093599
0.152000	19.093599
0.153000	19.093599
0.154000	20.973499
0.155000	20.973499
0.156000	19.093599
0.157000	19.093599
0.158000	17.213699
0.159000	11.574100
0.160000	11.574100
0.161000	11.574100
0.162000	9.694180
0.163000	7.814290
0.164000	9.694180
0.165000	9.694180
0.166000	13.453900
0.167000	17.213699
0.168000	19.093599
0.169000	15.333800
0.170000	19.093599
0.171000	20.973499
0.172000	19.093599
0.173000	20.973499
0.174000	24.733200
0.175000	20.973499
0.176000	20.973499
0.177000	20.973499
0.178000	20.973499
0.179000	19.093599
0.180000	17.213699
0.181000	20.973499
0.182000	17.213699
0.183000	15.333800
0.184000	15.333800
0.185000	13.453900
0.186000	13.453900
0.187000	17.213699
0.188000	11.574100
0.189000	17.213699
0.190000	19.093599
0.191000	13.453900
0.192000	17.213699
0.193000	19.093599
0.194000	15.333800
0.195000	17.213699
0.196000	22.853399
0.197000	17.213699
0.198000	20.973499
0.199000	19.093599
0.200000	17.213699
0.201000	19.093599
0.202000	19.093599
0.203000	17.213699
0.204000	15.333800
0.205000	17.213699
0.206000	17.213699
0.207000	13.453900
0.208000	15.333800
0.209000	15.333800
0.210000	13.453900
0.211000	11.574100
0.212000	15.333800
0.213000	11.574100
0.214000	13.453900
0.215000	15.333800
0.216000	13.453900
0.217000	13.453900
0.218000	15.333800
0.219000	15.333800
0.220000	13.453900
0.221000	13.453900
0.222000	11.574100
0.223000	11.574100
0.224000	13.453900
0.225000	13.453900
0.226000	13.453900
0.227000	11.574100
0.228000	15.333800
0.229000	13.453900
0.230000	17.213699
0.231000	15.333800
0.232000	17.213699
0.233000	15.333800
0.234000	17.213699
0.235000	19.093599
0.236000	15.333800
0.237000	15.333800
0.238000	15.333800
0.239000	17.213699
0.240000	15.333800
0.241000	17.213699
0.242000	13.453900
0.243000	15.333800
0.244000	13.453900
0.245000	13.453900
0.246000	15.333800
0.247000	9.694180
0.248000	9.694180
0.249000	11.574100
0.250000	11.574100
0.251000	9.694180
0.252000	7.814290
0.253000	9.694180
0.254000	11.574100
0.255000	9.694180
0.256000	11.574100
0.257000	11.574100
0.258000	13.453900
0.259000	13.453900
0.260000	13.453900
0.261000	13.453900
0.262000	13.453900
0.263000	15.333800
0.264000	15.333800
0.265000	15.333800
0.266000	15.333800
0.267000	17.213699
0.268000	15.333800
0.269000	13.453900
0.270000	13.453900
0.271000	13.453900
0.272000	13.453900
0.273000	13.453900
0.274000	11.574100
0.275000	11.574100
0.276000	11.574100
0.277000	9.694180
0.278000	9.694180
0.279000	9.694180
0.280000	9.694180
0.281000	11.574100
0.282000	9.694180
0.283000	13.453900
0.284000	9.694180
0.285000	7.814290
0.286000	7.814290
0.287000	7.814290
0.288000	11.574100
0.289000	11.574100
0.290000	9.694180
0.291000	15.333800
0.292000	9.694180
0.293000	7.814290
0.294000	9.694180
0.295000	7.814290
0.296000	5.934410
0.297000	5.934410
0.298000	4.054530
0.299000	4.054530
0.300000	5.934410
0.301000	4.054530
0.302000	4.054530
0.303000	4.054530
0.304000	4.054530
0.305000	5.934410
0.306000	5.934410
0.307000	4.054530
0.308000	5.934410
0.309000	7.814290
0.310000	7.814290
0.311000	7.814290
0.312000	9.694180
0.313000	9.694180
0.314000	7.814290
0.315000	9.694180
0.316000	7.814290
0.317000	7.814290
0.318000	7.814290
0.319000	7.814290
0.320000	7.814290
0.321000	5.934410
0.322000	7.814290
0.323000	5.934410
0.324000	5.934410
0.325000	5.934410
0.326000	5.934410
0.327000	5.934410
0.328000	5.934410
0.329000	7.814290
0.330000	5.934410
0.331000	5.934410
0.332000	5.934410
0.333000	5.934410
0.334000	7.814290
0.335000	5.934410
0.336000	2.174650
0.337000	5.934410
0.338000	5.934410
0.339000	7.814290
0.340000	5.934410
0.341000	7.814290
0.342000	4.054530
0.343000	5.934410
0.344000	4.054530
0.345000	7.814290
0.346000	2.174650
0.347000	2.174650
0.348000	7.814290
0.349000	2.174650
0.350000	2.174650
0.351000	5.934410
0.352000	2.174650
0.353000	0.294764
0.354000	2.174650
0.355000	4.054530
0.356000	2.174650
0.357000	4.054530
0.358000	4.054530
0.359000	2.174650
0.360000	4.054530
0.361000	2.174650
0.362000	4.054530
0.363000	2.174650
0.364000	2.174650
0.365000	0.294764
0.366000	-1.585120
0.367000	0.294764
0.368000	-5.344880
0.369000	-3.465000
0.370000	0.294764
0.371000	2.174650
0.372000	4.054530
0.373000	2.174650
0.374000	4.054530
0.375000	5.934410
0.376000	4.054530
0.377000	0.294764
0.378000	5.934410
0.379000	4.054530
0.380000	2.174650
0.381000	0.294764
0.382000	5.934410
0.383000	2.174650
0.384000	-1.585120
0.385000	2.174650
0.386000	0.294764
0.387000	0.294764
0.388000	-1.585120
0.389000	0.294764
0.390000	-1.585120
0.391000	0.294764
0.392000	-1.585120
0.393000	0.294764
0.394000	0.294764
0.395000	2.174650
0.396000	0.294764
0.397000	0.294764
0.398000	4.054530
0.399000	2.174650
0.400000	0.294764
0.401000	2.174650
0.402000	0.294764
0.403000	0.294764
0.404000	-1.585120
0.405000	2.174650
0.406000	0.294764
0.407000	0.294764
0.408000	2.174650
0.409000	0.294764
0.410000	0.294764
0.411000	2.174650
0.412000	-1.585120
0.413000	2.174650
0.414000	0.294764
0.415000	0.294764
0.416000	-1.585120
0.417000	4.054530
0.418000	2.174650
0.419000	-1.585120
0.420000	4.054530
0.421000	0.294764
0.422000	4.054530
0.423000	2.174650
0.424000	4.054530
0.425000	2.174650
0.426000	0.294764
0.427000	2.174650
0.428000	0.294764
0.429000	2.174650
0.430000	0.294764
0.431000	0.294764
0.432000	0.294764
0.433000	0.294764
0.434000	-1.585120
0.435000	0.294764
0.436000	0.294764
0.437000	-1.585120
0.438000	0.294764
0.439000	0.294764
0.440000	-5.344880
0.441000	7.814290
0.442000	4.054530
0.443000	-1.585120
0.444000	-14.744300
0.445000	-33.543098
0.446000	-50.462101
0.447000	-63.621300
0.448000	-67.380997
0.449000	-52.341999
0.450000	-37.302898
0.451000	-26.023600
0.452000	-16.624201
0.453000	-14.744300
0.454000	-16.624201
0.455000	-18.504101
0.456000	-7.224760
0.457000	-14.744300
0.458000	-29.783400
0.459000	-35.423000
0.460000	-41.062698
0.461000	-41.062698
0.462000	-39.182800
0.463000	-33.543098
0.464000	-33.543098
0.465000	-37.302898
0.466000	-33.543098
0.467000	-37.302898
0.468000	-31.663200
0.469000	-29.783400
0.470000	-35.423000
0.471000	-39.182800
0.472000	-44.822399
0.473000	-52.341999
0.474000	-54.221802
0.475000	-56.101700
0.476000	-52.341999
0.477000	-56.101700
0.478000	-54.221802
0.479000	-50.462101
0.480000	-50.462101
0.481000	-48.582199
0.482000	-50.462101
0.483000	-44.822399
0.484000	-39.182800
0.485000	-42.942501
0.486000	-41.062698
0.487000	-46.702301
0.488000	-54.221802
0.489000	-56.101700
0.490000	-56.101700
0.491000	-52.341999
0.492000	-56.101700
0.493000	-54.221802
0.494000	-52.341999
0.495000	-52.341999
0.496000	-54.221802
0.497000	-50.462101
0.498000	-52.341999
0.499000	-48.582199
0.500000	-56.101700
0.501000	-54.221802
0.502000	-54.221802
0.503000	-54.221802
0.504000	-54.221802
0.505000	-56.101700
0.506000	-52.341999
0.507000	-50.462101
0.508000	-48.582199
0.509000	-48.582199
0.510000	-48.582199
0.511000	-50.462101
0.512000	-48.582199
0.513000	-50.462101
0.514000	-46.702301
0.515000	-50.462101
0.516000	-48.582199
0.517000	-52.341999
0.518000	-48.582199
0.519000	-46.702301
0.520000	-46.702301
0.521000	-44.822399
0.522000	-46.702301
0.523000	-50.462101
0.524000	-48.582199
0.525000	-48.582199
0.526000	-46.702301
0.527000	-48.582199
0.528000	-50.462101
0.529000	-48.582199
0.530000	-48.582199
0.531000	-48.582199
0.532000	-48.582199
0.533000	-48.582199
0.534000	-50.462101
0.535000	-52.341999
0.536000	-50.462101
0.537000	-50.462101
0.538000	-52.341999
0.539000	-50.462101
0.540000	-50.462101
0.541000	-50.462101
0.542000	-52.341999
0.543000	-52.341999
0.544000	-52.341999
0.545000	-52.341999
0.546000	-48.582199
0.547000	-52.341999
0.548000	-50.462101
0.549000	-50.462101
0.550000	-52.341999
0.551000	-50.462101
0.552000	-50.462101
0.553000	-48.582199
0.554000	-52.341999
0.555000	-52.341999
0.556000	-52.341999
0.557000	-54.221802
0.558000	-54.221802
0.559000	-54.221802
0.560000	-56.101700
0.561000	-52.341999
0.562000	-52.341999
0.563000	-54.221802
0.564000	-52.341999
0.565000	-52.341999
0.566000	-54.221802
0.567000	-56.101700
0.568000	-59.861500
0.569000	-56.101700
0.570000	-56.101700
0.571000	-56.101700
0.572000	-56.101700
0.573000	-56.101700
0.574000	-54.221802
0.575000	-54.221802
0.576000	-52.341999
0.577000	-54.221802
0.578000	-54.221802
0.579000	-56.101700
0.580000	-54.221802
0.581000	-52.341999
0.582000	-54.221802
0.583000	-52.341999
0.584000	-50.462101
0.585000	-52.341999
0.586000	-54.221802
0.587000	-52.341999
0.588000	-54.221802
0.589000	-56.101700
0.590000	-56.101700
0.591000	-59.861500
0.592000	-59.861500
0.593000	-59.861500
0.594000	-39.182800
0.595000	99.928596
0.596000	96.168800
0.597000	165.723999
0.598000	156.324997
0.599000	-46.702301
0.600000	43.532101
0.601000	-95.579300
0.602000	-106.859001
0.603000	-18.504101
0.604000	-118.138000
0.605000	-52.341999
0.606000	-71.140800
0.607000	-63.621300
0.608000	-116.258003
0.609000	-80.540199
0.610000	-148.216003
0.611000	-142.576004
0.612000	-131.296997
0.613000	-104.978996
0.614000	-46.702301
0.615000	-5.344880
0.616000	32.252800
0.617000	69.850403
0.618000	28.493000
0.619000	-12.864400
0.620000	5.934410
0.621000	-59.861500
0.622000	-18.504101
0.623000	-33.543098
0.624000	-67.380997
0.625000	15.333800
0.626000	64.210800
0.627000	86.769402
0.628000	103.688004
0.629000	107.447998
0.630000	75.490097
0.631000	88.649300
0.632000	52.931499
0.633000	64.210800
0.634000	56.691200
0.635000	24.733200
0.636000	11.574100
0.637000	-14.744300
0.638000	-24.143700
0.639000	-9.104650
0.640000	-7.224760
0.641000	-5.344880
0.642000	17.213699
0.643000	20.973499
0.644000	45.411999
0.645000	79.249802
0.646000	73.610199
0.647000	52.931499
0.648000	58.571098
0.649000	28.493000
0.650000	45.411999
0.651000	39.772301
0.652000	11.574100
