0.000000	0.324950
0.001000	0.282275
0.002000	0.239599
0.003000	0.282275
0.004000	0.196923
0.005000	0.068896
0.006000	-0.101807
0.007000	-0.272510
0.008000	-0.485889
0.009000	-0.784620
0.010000	-1.083350
0.011000	-1.424760
0.012000	-1.723490
0.013000	-2.022220
0.014000	-2.278270
0.015000	-2.577000
0.016000	-2.833060
0.017000	-2.875730
0.018000	-2.918410
0.019000	-2.961080
0.020000	-2.961080
0.021000	-2.875730
0.022000	-2.619680
0.023000	-2.363620
0.024000	-2.107570
0.025000	-1.808840
0.026000	-1.424760
0.027000	-1.083350
0.028000	-0.613917
0.029000	-0.272510
0.030000	0.068896
0.031000	0.452978
0.032000	0.837060
0.033000	1.135790
0.034000	1.306490
0.035000	1.434520
0.036000	1.477200
0.037000	1.477200
0.038000	1.477200
0.039000	1.391850
0.040000	1.306490
0.041000	1.263820
0.042000	1.178470
0.043000	1.093110
0.044000	0.965087
0.045000	0.922411
0.046000	0.879736
0.047000	0.837060
0.048000	0.794384
0.049000	0.709032
0.050000	0.623681
0.051000	0.581005
0.052000	0.538329
0.053000	0.581005
0.054000	0.666357
0.055000	0.751708
0.056000	0.879736
0.057000	1.007760
0.058000	1.093110
0.059000	1.306490
0.060000	1.519870
0.061000	1.647900
0.062000	1.775930
0.063000	1.903950
0.064000	1.989310
0.065000	2.117330
0.066000	2.160010
0.067000	2.288040
0.068000	2.288040
0.069000	2.330710
0.070000	2.330710
0.071000	2.330710
0.072000	2.330710
0.073000	2.330710
0.074000	2.373390
0.075000	2.330710
0.076000	2.330710
0.077000	2.288040
0.078000	2.330710
0.079000	2.288040
0.080000	2.245360
0.081000	2.202680
0.082000	2.160010
0.083000	2.160010
0.084000	2.117330
0.085000	2.117330
0.086000	2.117330
0.087000	2.160010
0.088000	2.160010
0.089000	2.202680
0.090000	2.202680
0.091000	2.288040
0.092000	2.330710
0.093000	2.373390
0.094000	2.458740
0.095000	2.544090
0.096000	2.629440
0.097000	2.714790
0.098000	2.800150
0.099000	2.885500
0.100000	2.970850
0.101000	3.013520
0.102000	3.056200
0.103000	3.098880
0.104000	3.141550
0.105000	3.184230
0.106000	3.226900
0.107000	3.269580
0.108000	3.269580
0.109000	3.312260
0.110000	3.312260
0.111000	3.312260
0.112000	3.269580
0.113000	3.269580
0.114000	3.184230
0.115000	3.098880
0.116000	3.098880
0.117000	3.184230
0.118000	3.141550
0.119000	3.184230
0.120000	3.269580
0.121000	3.397610
0.122000	3.525630
0.123000	3.653660
0.124000	3.909720
0.125000	4.123100
0.126000	4.336470
0.127000	4.464500
0.128000	4.592530
0.129000	4.677880
0.130000	4.805910
0.131000	4.848580
0.132000	4.891260
0.133000	4.891260
0.134000	4.891260
0.135000	4.933930
0.136000	4.933930
0.137000	4.933930
0.138000	4.976610
0.139000	5.061960
0.140000	5.147310
0.141000	5.189990
0.142000	5.232670
0.143000	5.275340
0.144000	5.360690
0.145000	5.403370
0.146000	5.403370
0.147000	5.488720
0.148000	5.531400
0.149000	5.574070
0.150000	5.616750
0.151000	5.659420
0.152000	5.659420
0.153000	5.744770
0.154000	5.787450
0.155000	5.830130
0.156000	5.872800
0.157000	5.872800
0.158000	5.915480
0.159000	5.872800
0.160000	5.872800
0.161000	5.915480
0.162000	6.043510
0.163000	6.128860
0.164000	6.171530
0.165000	6.214210
0.166000	6.342240
0.167000	6.470260
0.168000	6.683640
0.169000	6.811670
0.170000	6.939700
0.171000	6.982370
0.172000	7.067720
0.173000	7.153080
0.174000	7.238430
0.175000	7.238430
0.176000	7.238430
0.177000	7.195750
0.178000	7.153080
0.179000	7.153080
0.180000	7.067720
0.181000	7.025050
0.182000	6.982370
0.183000	6.982370
0.184000	7.025050
0.185000	7.067720
0.186000	7.067720
0.187000	7.110400
0.188000	7.238430
0.189000	7.281100
0.190000	7.366450
0.191000	7.451810
0.192000	7.665180
0.193000	7.835890
0.194000	7.921240
0.195000	8.049270
0.196000	8.177290
0.197000	8.305320
0.198000	8.390670
0.199000	8.476020
0.200000	8.476020
0.201000	8.476020
0.202000	8.476020
0.203000	8.390670
0.204000	8.390670
0.205000	8.390670
0.206000	8.390670
0.207000	8.390670
0.208000	8.348000
0.209000	8.262650
0.210000	8.305320
0.211000	8.305320
0.212000	8.305320
0.213000	8.348000
0.214000	8.305320
0.215000	8.305320
0.216000	8.348000
0.217000	8.390670
0.218000	8.433350
0.219000	8.476020
0.220000	8.518700
0.221000	8.518700
0.222000	8.604050
0.223000	8.604050
0.224000	8.689400
0.225000	8.774760
0.226000	8.774760
0.227000	8.860110
0.228000	8.945460
0.229000	9.030810
0.230000	9.116160
0.231000	9.201510
0.232000	9.286860
0.233000	9.372220
0.234000	9.414890
0.235000	9.500240
0.236000	9.628270
0.237000	9.670950
0.238000	9.756300
0.239000	9.798970
0.240000	9.841650
0.241000	9.884330
0.242000	9.884330
0.243000	9.927000
0.244000	9.927000
0.245000	9.927000
0.246000	9.927000
0.247000	9.841650
0.248000	9.884330
0.249000	9.756300
0.250000	9.713620
0.251000	9.670950
0.252000	9.670950
0.253000	9.628270
0.254000	9.628270
0.255000	9.628270
0.256000	9.628270
0.257000	9.628270
0.258000	9.670950
0.259000	9.756300
0.260000	9.841650
0.261000	9.927000
0.262000	10.012400
0.263000	10.140400
0.264000	10.183100
0.265000	10.225700
0.266000	10.311100
0.267000	10.353800
0.268000	10.396400
0.269000	10.481800
0.270000	10.481800
0.271000	10.481800
0.272000	10.524500
0.273000	10.524500
0.274000	10.524500
0.275000	10.524500
0.276000	10.481800
0.277000	10.439100
0.278000	10.396400
0.279000	10.353800
0.280000	10.311100
0.281000	10.225700
0.282000	10.183100
0.283000	10.140400
0.284000	10.097700
0.285000	9.927000
0.286000	9.969680
0.287000	9.927000
0.288000	9.841650
0.289000	9.969680
0.290000	10.055000
0.291000	10.055000
0.292000	9.969680
0.293000	10.055000
0.294000	10.140400
0.295000	10.183100
0.296000	10.311100
0.297000	10.396400
0.298000	10.524500
0.299000	10.567100
0.300000	10.609800
0.301000	10.780500
0.302000	10.908500
0.303000	10.993900
0.304000	11.079200
0.305000	11.121900
0.306000	11.207300
0.307000	11.378000
0.308000	11.463300
0.309000	11.548700
0.310000	11.548700
0.311000	11.591400
0.312000	11.634000
0.313000	11.634000
0.314000	11.634000
0.315000	11.634000
0.316000	11.591400
0.317000	11.591400
0.318000	11.591400
0.319000	11.548700
0.320000	11.548700
0.321000	11.506000
0.322000	11.463300
0.323000	11.506000
0.324000	11.506000
0.325000	11.506000
0.326000	11.506000
0.327000	11.548700
0.328000	11.548700
0.329000	11.634000
0.330000	11.676700
0.331000	11.719400
0.332000	11.762100
0.333000	11.762100
0.334000	11.762100
0.335000	11.762100
0.336000	11.804700
0.337000	11.804700
0.338000	11.762100
0.339000	11.804700
0.340000	11.804700
0.341000	11.762100
0.342000	11.719400
0.343000	11.634000
0.344000	11.548700
0.345000	11.463300
0.346000	11.506000
0.347000	11.506000
0.348000	11.378000
0.349000	11.335300
0.350000	11.335300
0.351000	11.378000
0.352000	11.378000
0.353000	11.335300
0.354000	11.335300
0.355000	11.420700
0.356000	11.463300
0.357000	11.463300
0.358000	11.548700
0.359000	11.634000
0.360000	11.762100
0.361000	11.762100
0.362000	11.847400
0.363000	11.932800
0.364000	11.975400
0.365000	12.018100
0.366000	12.018100
0.367000	11.932800
0.368000	11.847400
0.369000	11.890100
0.370000	12.018100
0.371000	12.018100
0.372000	11.890100
0.373000	11.975400
0.374000	12.103500
0.375000	12.231500
0.376000	12.188800
0.377000	12.146100
0.378000	12.274200
0.379000	12.402200
0.380000	12.402200
0.381000	12.402200
0.382000	12.316800
0.383000	12.402200
0.384000	12.359500
0.385000	12.402200
0.386000	12.359500
0.387000	12.402200
0.388000	12.402200
0.389000	12.444900
0.390000	12.530200
0.391000	12.530200
0.392000	12.615600
0.393000	12.658300
0.394000	12.743600
0.395000	12.743600
0.396000	12.786300
0.397000	12.829000
0.398000	12.871600
0.399000	12.871600
0.400000	12.914300
0.401000	12.957000
0.402000	12.957000
0.403000	12.999700
0.404000	12.999700
0.405000	13.042300
0.406000	13.085000
0.407000	13.042300
0.408000	13.042300
0.409000	13.085000
0.410000	13.127700
0.411000	13.042300
0.412000	13.042300
0.413000	12.999700
0.414000	12.957000
0.415000	12.871600
0.416000	12.871600
0.417000	12.829000
0.418000	12.829000
0.419000	12.871600
0.420000	12.829000
0.421000	12.829000
0.422000	12.914300
0.423000	12.914300
0.424000	12.957000
0.425000	12.999700
0.426000	13.042300
0.427000	13.042300
0.428000	13.085000
0.429000	13.127700
0.430000	13.170400
0.431000	13.255700
0.432000	13.341100
0.433000	13.383700
0.434000	13.426400
0.435000	13.511800
0.436000	13.639800
0.437000	13.682500
0.438000	13.767800
0.439000	13.767800
0.440000	13.767800
0.441000	14.194600
0.442000	15.090800
0.443000	15.645600
0.444000	15.773600
0.445000	15.602900
0.446000	15.987000
0.447000	16.200300
0.448000	16.072300
0.449000	15.816300
0.450000	15.517500
0.451000	15.133400
0.452000	14.365300
0.453000	13.810500
0.454000	13.426400
0.455000	13.170400
0.456000	12.999700
0.457000	12.829000
0.458000	12.530200
0.459000	12.103500
0.460000	11.719400
0.461000	11.506000
0.462000	11.335300
0.463000	11.079200
0.464000	10.695200
0.465000	10.353800
0.466000	10.097700
0.467000	9.884330
0.468000	9.841650
0.469000	10.012400
0.470000	10.311100
0.471000	10.737800
0.472000	11.121900
0.473000	11.591400
0.474000	12.018100
0.475000	12.231500
0.476000	12.487500
0.477000	12.700900
0.478000	12.999700
0.479000	13.127700
0.480000	13.170400
0.481000	13.298400
0.482000	13.383700
0.483000	13.383700
0.484000	13.341100
0.485000	13.255700
0.486000	13.213000
0.487000	13.042300
0.488000	12.829000
0.489000	12.658300
0.490000	12.359500
0.491000	11.975400
0.492000	11.506000
0.493000	11.164600
0.494000	10.865900
0.495000	10.652500
0.496000	10.481800
0.497000	10.396400
0.498000	10.225700
0.499000	10.225700
0.500000	10.183100
0.501000	10.396400
0.502000	10.524500
0.503000	10.695200
0.504000	10.908500
0.505000	11.164600
0.506000	11.420700
0.507000	11.548700
0.508000	11.804700
0.509000	12.018100
0.510000	12.316800
0.511000	12.700900
0.512000	13.085000
0.513000	13.383700
0.514000	13.639800
0.515000	13.853200
0.516000	14.023900
0.517000	14.151900
0.518000	14.322600
0.519000	14.365300
0.520000	14.365300
0.521000	14.279900
0.522000	14.237300
0.523000	14.194600
0.524000	14.109200
0.525000	14.023900
0.526000	14.066600
0.527000	14.023900
0.528000	13.981200
0.529000	13.938500
0.530000	13.938500
0.531000	13.853200
0.532000	13.767800
0.533000	13.767800
0.534000	13.767800
0.535000	13.725100
0.536000	13.767800
0.537000	13.810500
0.538000	13.938500
0.539000	14.066600
0.540000	14.194600
0.541000	14.322600
0.542000	14.408000
0.543000	14.578700
0.544000	14.792000
0.545000	14.962700
0.546000	15.133400
0.547000	15.218800
0.548000	15.304100
0.549000	15.474900
0.550000	15.602900
0.551000	15.730900
0.552000	15.858900
0.553000	15.944300
0.554000	16.029600
0.555000	15.987000
0.556000	16.029600
0.557000	16.029600
0.558000	16.072300
0.559000	15.944300
0.560000	15.816300
0.561000	15.730900
0.562000	15.602900
0.563000	15.474900
0.564000	15.346800
0.565000	15.218800
0.566000	15.090800
0.567000	15.005400
0.568000	14.962700
0.569000	14.877400
0.570000	14.877400
0.571000	14.962700
0.572000	15.090800
0.573000	15.133400
0.574000	15.218800
0.575000	15.304100
0.576000	15.560200
0.577000	15.773600
0.578000	15.987000
0.579000	16.243000
0.580000	16.371000
0.581000	16.584400
0.582000	16.840500
0.583000	17.053900
0.584000	17.181900
0.585000	17.267200
0.586000	17.437901
0.587000	17.523300
0.588000	17.523300
0.589000	17.480600
0.590000	17.437901
0.591000	17.352600
0.592000	17.352600
0.593000	17.395300
0.594000	17.736700
0.595000	22.260300
0.596000	24.223400
0.597000	26.186501
0.598000	26.186501
0.599000	24.522100
0.600000	24.735500
0.601000	22.345699
0.602000	17.437901
0.603000	12.103500
0.604000	6.086180
0.605000	-0.869971
0.606000	-9.362450
0.607000	-14.526200
0.608000	-17.257500
0.609000	-22.378599
0.610000	-25.365900
0.611000	-28.779900
0.612000	-27.542299
0.613000	-26.176701
0.614000	-25.621901
0.615000	-22.079800
0.616000	-18.580400
0.617000	-15.593100
0.618000	-13.117900
0.619000	-10.557400
0.620000	-8.764990
0.621000	-5.735010
0.622000	-2.705030
0.623000	0.922411
0.624000	3.909720
0.625000	7.110400
0.626000	12.743600
0.627000	18.462200
0.628000	23.284500
0.629000	26.613199
0.630000	28.747000
0.631000	30.795500
0.632000	32.886600
0.633000	34.081501
0.634000	33.953499
0.635000	32.417099
0.636000	30.454100
0.637000	27.637501
0.638000	24.906200
0.639000	22.046900
0.640000	18.462200
0.641000	14.749400
0.642000	11.250000
0.643000	8.091940
0.644000	4.805910
0.645000	1.775930
0.646000	-1.040670
0.647000	-3.515870
0.648000	-5.564310
0.649000	-7.314010
0.650000	-8.764990
0.651000	-10.301300
0.652000	-10.642700
