0.000000	9.739290
0.001000	7.859410
0.002000	7.859410
0.003000	7.859410
0.004000	9.739290
0.005000	7.859410
0.006000	4.099650
0.007000	5.979530
0.008000	5.979530
0.009000	5.979530
0.010000	4.099650
0.011000	4.099650
0.012000	2.219760
0.013000	2.219760
0.014000	2.219760
0.015000	0.339882
0.016000	2.219760
0.017000	0.339882
0.018000	2.219760
0.019000	2.219760
0.020000	5.979530
0.021000	4.099650
0.022000	2.219760
0.023000	4.099650
0.024000	4.099650
0.025000	2.219760
0.026000	4.099650
0.027000	0.339882
0.028000	0.339882
0.029000	2.219760
0.030000	4.099650
0.031000	4.099650
0.032000	0.339882
0.033000	-1.540000
0.034000	-3.419880
0.035000	-7.179650
0.036000	-5.299760
0.037000	-7.179650
0.038000	-9.059530
0.039000	-7.179650
0.040000	0.339882
0.041000	0.339882
0.042000	4.099650
0.043000	4.099650
0.044000	4.099650
0.045000	5.979530
0.046000	5.979530
0.047000	4.099650
0.048000	5.979530
0.049000	7.859410
0.050000	5.979530
0.051000	5.979530
0.052000	5.979530
0.053000	7.859410
0.054000	5.979530
0.055000	5.979530
0.056000	5.979530
0.057000	2.219760
0.058000	4.099650
0.059000	0.339882
0.060000	2.219760
0.061000	2.219760
0.062000	2.219760
0.063000	4.099650
0.064000	4.099650
0.065000	4.099650
0.066000	5.979530
0.067000	5.979530
0.068000	2.219760
0.069000	2.219760
0.070000	0.339882
0.071000	-1.540000
0.072000	0.339882
0.073000	0.339882
0.074000	-1.540000
0.075000	-1.540000
0.076000	-1.540000
0.077000	-1.540000
0.078000	-5.299760
0.079000	-3.419880
0.080000	-5.299760
0.081000	-7.179650
0.082000	-5.299760
0.083000	-7.179650
0.084000	-9.059530
0.085000	-7.179650
0.086000	-7.179650
0.087000	-5.299760
0.088000	-7.179650
0.089000	-3.419880
0.090000	-5.299760
0.091000	-7.179650
0.092000	-9.059530
0.093000	-7.179650
0.094000	-9.059530
0.095000	-9.059530
0.096000	-9.059530
0.097000	-9.059530
0.098000	-7.179650
0.099000	-9.059530
0.100000	-10.939400
0.101000	-10.939400
0.102000	-10.939400
0.103000	-12.819300
0.104000	-14.699200
0.105000	-12.819300
0.106000	-12.819300
0.107000	-12.819300
0.108000	-14.699200
0.109000	-16.579100
0.110000	-16.579100
0.111000	-14.699200
0.112000	-16.579100
0.113000	-16.579100
0.114000	-18.458900
0.115000	-18.458900
0.116000	-20.338800
0.117000	-20.338800
0.118000	-20.338800
0.119000	-22.218700
0.120000	-18.458900
0.121000	-20.338800
0.122000	-20.338800
0.123000	-18.458900
0.124000	-16.579100
0.125000	-20.338800
0.126000	-20.338800
0.127000	-20.338800
0.128000	-22.218700
0.129000	-22.218700
0.130000	-24.098600
0.131000	-22.218700
0.132000	-22.218700
0.133000	-24.098600
0.134000	-22.218700
0.135000	-24.098600
0.136000	-20.338800
0.137000	-20.338800
0.138000	-20.338800
0.139000	-18.458900
0.140000	-18.458900
0.141000	-16.579100
0.142000	-14.699200
0.143000	-16.579100
0.144000	-22.218700
0.145000	-24.098600
0.146000	-27.858400
0.147000	-31.618099
0.148000	-31.618099
0.149000	-27.858400
0.150000	-25.978500
0.151000	-24.098600
0.152000	-20.338800
0.153000	-16.579100
0.154000	-14.699200
0.155000	-14.699200
0.156000	-12.819300
0.157000	-12.819300
0.158000	-16.579100
0.159000	-22.218700
0.160000	-24.098600
0.161000	-27.858400
0.162000	-29.738199
0.163000	-27.858400
0.164000	-25.978500
0.165000	-22.218700
0.166000	-20.338800
0.167000	-14.699200
0.168000	-12.819300
0.169000	-10.939400
0.170000	-9.059530
0.171000	-16.579100
0.172000	-20.338800
0.173000	-20.338800
0.174000	-24.098600
0.175000	-25.978500
0.176000	-25.978500
0.177000	-22.218700
0.178000	-20.338800
0.179000	-12.819300
0.180000	-12.819300
0.181000	-10.939400
0.182000	-12.819300
0.183000	-12.819300
0.184000	-14.699200
0.185000	-16.579100
0.186000	-20.338800
0.187000	-18.458900
0.188000	-20.338800
0.189000	-18.458900
0.190000	-16.579100
0.191000	-14.699200
0.192000	-10.939400
0.193000	-7.179650
0.194000	-10.939400
0.195000	-9.059530
0.196000	-9.059530
0.197000	-10.939400
0.198000	-10.939400
0.199000	-14.699200
0.200000	-14.699200
0.201000	-16.579100
0.202000	-12.819300
0.203000	-12.819300
0.204000	-14.699200
0.205000	-10.939400
0.206000	-9.059530
0.207000	-9.059530
0.208000	-9.059530
0.209000	-9.059530
0.210000	-10.939400
0.211000	-10.939400
0.212000	-10.939400
0.213000	-9.059530
0.214000	-9.059530
0.215000	-9.059530
0.216000	-9.059530
0.217000	-10.939400
0.218000	-7.179650
0.219000	-7.179650
0.220000	-9.059530
0.221000	-7.179650
0.222000	-7.179650
0.223000	-5.299760
0.224000	-7.179650
0.225000	-9.059530
0.226000	-7.179650
0.227000	-3.419880
0.228000	-7.179650
0.229000	-3.419880
0.230000	-3.419880
0.231000	-1.540000
0.232000	-1.540000
0.233000	-1.540000
0.234000	-1.540000
0.235000	-3.419880
0.236000	-1.540000
0.237000	-3.419880
0.238000	0.339882
0.239000	-3.419880
0.240000	-3.419880
0.241000	-3.419880
0.242000	-1.540000
0.243000	-1.540000
0.244000	-3.419880
0.245000	0.339882
0.246000	-1.540000
0.247000	-3.419880
0.248000	0.339882
0.249000	-1.540000
0.250000	2.219760
0.251000	7.859410
0.252000	9.739290
0.253000	11.619200
0.254000	7.859410
0.255000	5.979530
0.256000	2.219760
0.257000	0.339882
0.258000	2.219760
0.259000	0.339882
0.260000	2.219760
0.261000	4.099650
0.262000	7.859410
0.263000	7.859410
0.264000	11.619200
0.265000	9.739290
0.266000	11.619200
0.267000	9.739290
0.268000	9.739290
0.269000	11.619200
0.270000	11.619200
0.271000	9.739290
0.272000	7.859410
0.273000	13.499100
0.274000	11.619200
0.275000	11.619200
0.276000	15.378900
0.277000	15.378900
0.278000	17.258801
0.279000	17.258801
0.280000	17.258801
0.281000	19.138700
0.282000	15.378900
0.283000	15.378900
0.284000	17.258801
0.285000	15.378900
0.286000	15.378900
0.287000	17.258801
0.288000	19.138700
0.289000	21.018600
0.290000	21.018600
0.291000	22.898500
0.292000	22.898500
0.293000	21.018600
0.294000	21.018600
0.295000	19.138700
0.296000	21.018600
0.297000	17.258801
0.298000	19.138700
0.299000	21.018600
0.300000	19.138700
0.301000	19.138700
0.302000	22.898500
0.303000	21.018600
0.304000	21.018600
0.305000	21.018600
0.306000	21.018600
0.307000	19.138700
0.308000	19.138700
0.309000	21.018600
0.310000	21.018600
0.311000	19.138700
0.312000	22.898500
0.313000	24.778400
0.314000	22.898500
0.315000	22.898500
0.316000	24.778400
0.317000	22.898500
0.318000	21.018600
0.319000	21.018600
0.320000	19.138700
0.321000	19.138700
0.322000	24.778400
0.323000	22.898500
0.324000	22.898500
0.325000	21.018600
0.326000	22.898500
0.327000	24.778400
0.328000	22.898500
0.329000	26.658199
0.330000	24.778400
0.331000	24.778400
0.332000	22.898500
0.333000	21.018600
0.334000	21.018600
0.335000	19.138700
0.336000	21.018600
0.337000	21.018600
0.338000	21.018600
0.339000	19.138700
0.340000	17.258801
0.341000	19.138700
0.342000	22.898500
0.343000	22.898500
0.344000	19.138700
0.345000	21.018600
0.346000	22.898500
0.347000	21.018600
0.348000	21.018600
0.349000	21.018600
0.350000	19.138700
0.351000	21.018600
0.352000	21.018600
0.353000	21.018600
0.354000	17.258801
0.355000	17.258801
0.356000	19.138700
0.357000	17.258801
0.358000	19.138700
0.359000	19.138700
0.360000	17.258801
0.361000	17.258801
0.362000	17.258801
0.363000	21.018600
0.364000	19.138700
0.365000	17.258801
0.366000	19.138700
0.367000	21.018600
0.368000	21.018600
0.369000	19.138700
0.370000	19.138700
0.371000	17.258801
0.372000	19.138700
0.373000	19.138700
0.374000	19.138700
0.375000	19.138700
0.376000	19.138700
0.377000	19.138700
0.378000	21.018600
0.379000	19.138700
0.380000	21.018600
0.381000	21.018600
0.382000	19.138700
0.383000	19.138700
0.384000	19.138700
0.385000	19.138700
0.386000	21.018600
0.387000	21.018600
0.388000	22.898500
0.389000	22.898500
0.390000	22.898500
0.391000	22.898500
0.392000	21.018600
0.393000	19.138700
0.394000	21.018600
0.395000	22.898500
0.396000	22.898500
0.397000	22.898500
0.398000	21.018600
0.399000	22.898500
0.400000	24.778400
0.401000	24.778400
0.402000	22.898500
0.403000	22.898500
0.404000	24.778400
0.405000	28.538099
0.406000	26.658199
0.407000	30.417999
0.408000	26.658199
0.409000	28.538099
0.410000	30.417999
0.411000	30.417999
0.412000	28.538099
0.413000	30.417999
0.414000	34.177799
0.415000	30.417999
0.416000	30.417999
0.417000	34.177799
0.418000	34.177799
0.419000	32.297901
0.420000	32.297901
0.421000	32.297901
0.422000	30.417999
0.423000	37.937500
0.424000	13.499100
0.425000	9.739290
0.426000	7.859410
0.427000	-1.540000
0.428000	-12.819300
0.429000	-3.419880
0.430000	0.339882
0.431000	2.219760
0.432000	0.339882
0.433000	7.859410
0.434000	5.979530
0.435000	-7.179650
0.436000	-3.419880
0.437000	-20.338800
0.438000	-22.218700
0.439000	-25.978500
0.440000	-29.738199
0.441000	-25.978500
0.442000	-22.218700
0.443000	-16.579100
0.444000	-12.819300
0.445000	-20.338800
0.446000	-27.858400
0.447000	-33.498001
0.448000	-37.257801
0.449000	-44.777302
0.450000	-46.657200
0.451000	-41.017502
0.452000	-39.137699
0.453000	-37.257801
0.454000	-37.257801
0.455000	-37.257801
0.456000	-41.017502
0.457000	-41.017502
0.458000	-44.777302
0.459000	-48.537102
0.460000	-46.657200
0.461000	-46.657200
0.462000	-46.657200
0.463000	-44.777302
0.464000	-42.897400
0.465000	-42.897400
0.466000	-44.777302
0.467000	-50.417000
0.468000	-50.417000
0.469000	-50.417000
0.470000	-46.657200
0.471000	-50.417000
0.472000	-50.417000
0.473000	-48.537102
0.474000	-46.657200
0.475000	-42.897400
0.476000	-44.777302
0.477000	-46.657200
0.478000	-44.777302
0.479000	-44.777302
0.480000	-50.417000
0.481000	-52.296799
0.482000	-52.296799
0.483000	-50.417000
0.484000	-46.657200
0.485000	-46.657200
0.486000	-42.897400
0.487000	-42.897400
0.488000	-41.017502
