0.000000	-1.050440
-0.025000	-0.751708
-0.160000	0.016456
-0.299000	-1.349170
-0.305000	0.229835
-1.053000	0.869971
-1.704000	-2.288040
-2.531000	-2.800150
-3.412000	-2.074660
-4.343000	-5.488720
-5.233000	-7.451810
-5.230000	-9.286860
-6.790000	-10.865900
-7.295000	-11.890100
-7.659000	-11.634000
-7.978000	-10.439100
-8.286000	-9.927000
-8.594000	-10.567100
-8.967000	-11.676700
-9.289000	-13.383700
-9.611000	-14.834700
-9.892000	-15.858900
-10.186000	-15.773600
-10.447000	-15.517500
-10.679000	-15.944300
-10.943000	-16.712500
-11.178000	-18.035400
-11.438000	-19.358299
-11.708000	-19.913099
-11.905000	-20.467899
-12.217000	-21.321400
-12.448000	-21.918900
-12.448000	-23.071100
-12.690000	-24.223400
-13.258000	-25.973101
-13.535000	-27.509399
-13.831000	-28.576300
-14.095000	-29.088400
-14.345000	-29.941900
-14.585000	-31.051500
-14.917000	-32.502499
-15.219000	-33.996101
-15.504000	-35.617802
-15.810000	-37.495602
-16.146000	-38.775799
-16.427999	-39.245300
-16.725000	-40.141499
-17.072001	-42.019199
-17.363001	-43.384800
-17.669001	-44.750401
-17.997000	-46.329399
-18.232000	-47.652401
-18.561001	-49.018002
-18.840000	-49.615501
-19.150999	-50.212898
-19.718000	-50.767700
-19.996000	-52.005299
-20.299000	-52.816200
-20.577000	-52.858799
-20.615999	-52.944199
-21.007999	-53.883099
-21.291000	-54.352501
-21.525999	-54.480499
-21.716000	-54.736599
