0.000000	-0.781152
0.001000	-0.822266
0.002000	-0.842822
0.003000	-0.822266
0.004000	-0.822266
0.005000	-0.863379
0.006000	-0.822266
0.007000	-0.822266
0.008000	-0.842822
0.009000	-0.822266
0.010000	-0.760596
0.011000	-0.781152
0.012000	-0.719482
0.013000	-0.657813
0.014000	-0.698926
0.015000	-0.657813
0.016000	-0.637256
0.017000	-0.760596
0.018000	-0.801709
0.019000	-0.842822
0.020000	-0.966162
0.021000	-1.027830
0.022000	-1.089500
0.023000	-1.151170
0.024000	-1.171730
0.025000	-1.130620
0.026000	-1.151170
0.027000	-1.130620
0.028000	-1.130620
0.029000	-1.068950
0.030000	-0.966162
0.031000	-0.863379
0.032000	-0.740039
0.033000	-0.555029
0.034000	-0.390576
0.035000	-0.328906
0.036000	-0.370020
0.037000	-0.411133
0.038000	-0.513916
0.039000	-0.637256
0.040000	-0.842822
0.041000	-1.007280
0.042000	-1.089500
0.043000	-1.027830
0.044000	-1.068950
0.045000	-1.089500
0.046000	-1.068950
0.047000	-1.068950
0.048000	-1.151170
0.049000	-1.274510
0.050000	-1.397850
0.051000	-1.521190
0.052000	-1.623970
0.053000	-1.706200
0.054000	-1.808980
0.055000	-1.788430
0.056000	-1.808980
0.057000	-1.850100
0.058000	-1.870650
0.059000	-1.829540
0.060000	-1.850100
0.061000	-1.747310
0.062000	-1.665090
0.063000	-1.480080
0.064000	-1.295070
0.065000	-1.068950
0.066000	-0.842822
0.067000	-0.616699
0.068000	-0.411133
0.069000	-0.267236
0.070000	-0.164453
0.071000	-0.123340
0.072000	-0.123340
0.073000	-0.185010
0.074000	-0.226123
0.075000	-0.328906
0.076000	-0.431689
0.077000	-0.534473
0.078000	-0.719482
0.079000	-0.863379
0.080000	-1.027830
0.081000	-1.130620
0.082000	-1.253960
0.083000	-1.356740
0.084000	-1.418410
0.085000	-1.377290
0.086000	-1.356740
0.087000	-1.295070
0.088000	-1.212840
0.089000	-1.110060
0.090000	-1.068950
0.091000	-0.986719
0.092000	-0.842822
0.093000	-0.781152
0.094000	-0.657813
0.095000	-0.596143
0.096000	-0.493359
0.097000	-0.411133
0.098000	-0.349463
0.099000	-0.287793
0.100000	-0.267236
0.101000	-0.267236
0.102000	-0.328906
0.103000	-0.390576
0.104000	-0.472803
0.105000	-0.596143
0.106000	-0.719482
0.107000	-0.883936
0.108000	-1.068950
0.109000	-1.233400
0.110000	-1.480080
0.111000	-1.665090
0.112000	-1.911770
0.113000	-2.096780
0.114000	-2.240670
0.115000	-2.364010
0.116000	-2.466800
0.117000	-2.528470
0.118000	-2.590140
0.119000	-2.590140
0.120000	-2.549020
0.121000	-2.507910
0.122000	-2.425680
0.123000	-2.302340
0.124000	-2.199560
0.125000	-2.055660
0.126000	-1.932320
0.127000	-1.767870
0.128000	-1.582860
0.129000	-1.480080
0.130000	-1.356740
0.131000	-1.274510
0.132000	-1.192290
0.133000	-1.171730
0.134000	-1.171730
0.135000	-1.171730
0.136000	-1.212840
0.137000	-1.274510
0.138000	-1.315630
0.139000	-1.397850
0.140000	-1.480080
0.141000	-1.562300
0.142000	-1.562300
0.143000	-1.644530
0.144000	-1.665090
0.145000	-1.623970
0.146000	-1.623970
0.147000	-1.603420
0.148000	-1.541750
0.149000	-1.521190
0.150000	-1.480080
0.151000	-1.438960
0.152000	-1.397850
0.153000	-1.397850
0.154000	-1.315630
0.155000	-1.274510
0.156000	-1.192290
0.157000	-1.089500
0.158000	-1.027830
0.159000	-0.945605
0.160000	-0.842822
0.161000	-0.801709
0.162000	-0.781152
0.163000	-0.719482
0.164000	-0.637256
0.165000	-0.637256
0.166000	-0.596143
0.167000	-0.596143
0.168000	-0.616699
0.169000	-0.637256
0.170000	-0.698926
0.171000	-0.698926
0.172000	-0.781152
0.173000	-0.842822
0.174000	-0.945605
0.175000	-1.068950
0.176000	-1.130620
0.177000	-1.233400
0.178000	-1.295070
0.179000	-1.397850
0.180000	-1.459520
0.181000	-1.521190
0.182000	-1.603420
0.183000	-1.685640
0.184000	-1.747310
0.185000	-1.788430
0.186000	-1.850100
0.187000	-1.870650
0.188000	-1.911770
0.189000	-1.993990
0.190000	-2.055660
0.191000	-2.117330
0.192000	-2.179000
0.193000	-2.261230
0.194000	-2.343460
0.195000	-2.466800
0.196000	-2.549020
0.197000	-2.631250
0.198000	-2.754590
0.199000	-2.816260
0.200000	-2.898490
0.201000	-2.960160
0.202000	-3.001270
0.203000	-3.042380
0.204000	-3.062940
0.205000	-3.083500
0.206000	-3.062940
0.207000	-3.021830
0.208000	-2.960160
0.209000	-2.877930
0.210000	-2.775150
0.211000	-2.692920
0.212000	-2.549020
0.213000	-2.487350
0.214000	-2.343460
0.215000	-2.240670
0.216000	-2.137890
0.217000	-2.076220
0.218000	-2.014550
0.219000	-1.952880
0.220000	-1.932320
0.221000	-1.870650
0.222000	-1.870650
0.223000	-1.870650
0.224000	-1.870650
0.225000	-1.870650
0.226000	-1.891210
0.227000	-1.911770
0.228000	-1.911770
0.229000	-1.932320
0.230000	-1.952880
0.231000	-1.911770
0.232000	-1.891210
0.233000	-1.952880
0.234000	-2.035110
0.235000	-2.014550
0.236000	-2.055660
0.237000	-2.137890
0.238000	-2.158450
0.239000	-2.220120
0.240000	-2.261230
0.241000	-2.302340
0.242000	-2.302340
0.243000	-2.302340
0.244000	-2.322900
0.245000	-2.302340
0.246000	-2.302340
0.247000	-2.261230
0.248000	-2.281790
0.249000	-2.302340
0.250000	-2.302340
0.251000	-2.322900
0.252000	-2.364010
0.253000	-2.384570
0.254000	-2.364010
0.255000	-2.384570
0.256000	-2.466800
0.257000	-2.466800
0.258000	-2.466800
0.259000	-2.569580
0.260000	-2.528470
0.261000	-2.528470
0.262000	-2.590140
0.263000	-2.651810
0.264000	-2.713480
0.265000	-2.816260
0.266000	-2.919040
0.267000	-3.042380
0.268000	-3.165720
0.269000	-3.330180
0.270000	-3.453520
0.271000	-3.617970
0.272000	-3.761870
0.273000	-3.864650
0.274000	-3.946870
0.275000	-4.049660
0.276000	-4.173000
0.277000	-4.214110
0.278000	-4.275780
0.279000	-4.337450
0.280000	-4.358010
0.281000	-4.399120
0.282000	-4.399120
0.283000	-4.378560
0.284000	-4.337450
0.285000	-4.337450
0.286000	-4.234670
0.287000	-4.131880
0.288000	-4.049660
0.289000	-3.926320
0.290000	-3.823540
0.291000	-3.720750
0.292000	-3.576860
0.293000	-3.412400
0.294000	-3.330180
0.295000	-3.247950
0.296000	-3.145170
0.297000	-3.083500
0.298000	-3.083500
0.299000	-3.021830
0.300000	-3.021830
0.301000	-3.083500
0.302000	-3.124610
0.303000	-3.165720
0.304000	-3.227390
0.305000	-3.289060
0.306000	-3.309620
0.307000	-3.391850
0.308000	-3.453520
0.309000	-3.494630
0.310000	-3.535740
0.311000	-3.576860
0.312000	-3.597410
0.313000	-3.659080
0.314000	-3.659080
0.315000	-3.659080
0.316000	-3.700200
0.317000	-3.700200
0.318000	-3.679640
0.319000	-3.720750
0.320000	-3.741310
0.321000	-3.761870
0.322000	-3.782420
0.323000	-3.761870
0.324000	-3.844090
0.325000	-3.823540
0.326000	-3.823540
0.327000	-3.905760
0.328000	-3.987990
0.329000	-4.008540
0.330000	-4.070210
0.331000	-4.152440
0.332000	-4.214110
0.333000	-4.296340
0.334000	-4.399120
0.335000	-4.460790
0.336000	-4.522460
0.337000	-4.563570
0.338000	-4.563570
0.339000	-4.604690
0.340000	-4.645800
0.341000	-4.645800
0.342000	-4.604690
0.343000	-4.645800
0.344000	-4.604690
0.345000	-4.543020
0.346000	-4.563570
0.347000	-4.522460
0.348000	-4.501900
0.349000	-4.522460
0.350000	-4.501900
0.351000	-4.501900
0.352000	-4.501900
0.353000	-4.543020
0.354000	-4.563570
0.355000	-4.604690
0.356000	-4.645800
0.357000	-4.625240
0.358000	-4.625240
0.359000	-4.769140
0.360000	-4.810250
0.361000	-4.892480
0.362000	-4.974710
0.363000	-5.015820
0.364000	-5.180270
0.365000	-5.262500
0.366000	-5.303610
0.367000	-5.324170
0.368000	-5.365280
0.369000	-5.324170
0.370000	-5.324170
0.371000	-5.262500
0.372000	-5.180270
0.373000	-5.098050
0.374000	-5.036380
0.375000	-4.933590
0.376000	-4.851370
0.377000	-4.851370
0.378000	-4.769140
0.379000	-4.728030
0.380000	-4.728030
0.381000	-4.686910
0.382000	-4.686910
0.383000	-4.728030
0.384000	-4.728030
0.385000	-4.707470
0.386000	-4.748580
0.387000	-4.748580
0.388000	-4.748580
0.389000	-4.769140
0.390000	-4.830810
0.391000	-4.789700
0.392000	-4.830810
0.393000	-4.871920
0.394000	-4.892480
0.395000	-4.974710
0.396000	-5.036380
0.397000	-5.036380
0.398000	-5.118600
0.399000	-5.221390
0.400000	-5.200830
0.401000	-5.303610
0.402000	-5.344730
0.403000	-5.385840
0.404000	-5.426950
0.405000	-5.468070
0.406000	-5.488620
0.407000	-5.529740
0.408000	-5.550290
0.409000	-5.570850
0.410000	-5.550290
0.411000	-5.550290
0.412000	-5.550290
0.413000	-5.550290
0.414000	-5.570850
0.415000	-5.591410
0.416000	-5.611960
0.417000	-5.611960
0.418000	-5.632520
0.419000	-5.694190
0.420000	-5.694190
0.421000	-5.796970
0.422000	-5.796970
0.423000	-5.755860
0.424000	-5.858640
0.425000	-5.858640
0.426000	-5.817530
0.427000	-5.838090
0.428000	-5.796970
0.429000	-5.776420
0.430000	-5.735300
0.431000	-5.673630
0.432000	-5.653080
0.433000	-5.611960
0.434000	-5.611960
0.435000	-5.632520
0.436000	-5.632520
0.437000	-5.653080
0.438000	-5.694190
0.439000	-5.673630
0.440000	-5.755860
0.441000	-5.755860
0.442000	-5.755860
0.443000	-5.796970
0.444000	-5.796970
0.445000	-5.776420
0.446000	-5.776420
0.447000	-5.755860
0.448000	-5.735300
0.449000	-5.735300
0.450000	-5.735300
0.451000	-5.735300
0.452000	-5.776420
0.453000	-5.755860
0.454000	-5.776420
0.455000	-5.796970
0.456000	-5.796970
0.457000	-5.796970
0.458000	-5.838090
0.459000	-5.838090
0.460000	-5.858640
0.461000	-5.858640
0.462000	-5.899760
0.463000	-5.920310
0.464000	-5.858640
0.465000	-5.838090
0.466000	-5.858640
0.467000	-5.838090
0.468000	-5.838090
0.469000	-5.838090
0.470000	-5.796970
0.471000	-5.755860
0.472000	-5.776420
0.473000	-5.776420
0.474000	-5.776420
0.475000	-5.776420
0.476000	-5.796970
0.477000	-5.796970
0.478000	-5.776420
0.479000	-5.796970
0.480000	-5.796970
0.481000	-5.776420
0.482000	-5.755860
0.483000	-5.755860
0.484000	-5.714750
0.485000	-5.714750
0.486000	-5.755860
0.487000	-5.714750
0.488000	-5.735300
0.489000	-5.755860
0.490000	-5.755860
0.491000	-5.817530
0.492000	-5.879200
0.493000	-5.899760
0.494000	-5.981980
0.495000	-6.043650
0.496000	-6.084770
0.497000	-6.125880
0.498000	-6.208110
0.499000	-6.208110
0.500000	-6.208110
0.501000	-6.269780
0.502000	-6.269780
0.503000	-6.290330
0.504000	-6.269780
0.505000	-6.310890
0.506000	-6.290330
0.507000	-6.249220
0.508000	-6.249220
0.509000	-6.228660
0.510000	-6.146440
0.511000	-6.146440
0.512000	-6.125880
0.513000	-6.105320
0.514000	-6.064210
0.515000	-6.043650
0.516000	-6.023100
0.517000	-5.981980
0.518000	-5.981980
0.519000	-5.961430
0.520000	-5.981980
0.521000	-5.961430
0.522000	-5.940870
0.523000	-5.920310
0.524000	-5.961430
0.525000	-5.920310
0.526000	-5.961430
0.527000	-5.961430
0.528000	-6.002540
0.529000	-6.002540
0.530000	-5.981980
0.531000	-6.023100
0.532000	-6.023100
0.533000	-6.064210
0.534000	-6.064210
0.535000	-6.002540
0.536000	-6.002540
0.537000	-6.002540
0.538000	-6.043650
0.539000	-6.043650
0.540000	-6.084770
0.541000	-6.064210
0.542000	-6.064210
0.543000	-6.084770
0.544000	-6.064210
0.545000	-6.064210
0.546000	-6.084770
0.547000	-6.084770
0.548000	-6.064210
0.549000	-6.084770
0.550000	-6.084770
0.551000	-6.043650
0.552000	-6.064210
0.553000	-6.064210
0.554000	-6.064210
0.555000	-6.043650
0.556000	-6.064210
0.557000	-6.043650
