0.000000	1.155000
0.001000	1.155000
0.002000	1.155000
0.003000	1.155000
0.004000	1.960660
0.005000	1.960660
0.006000	1.155000
0.007000	1.155000
0.008000	1.155000
0.009000	2.766330
0.010000	2.766330
0.011000	3.571990
0.012000	4.377660
0.013000	4.377660
0.014000	5.183320
0.015000	5.988980
0.016000	5.988980
0.017000	5.988980
0.018000	5.183320
0.019000	3.571990
0.020000	5.183320
0.021000	4.377660
0.022000	4.377660
0.023000	2.766330
0.024000	1.960660
0.025000	-0.456327
0.026000	0.349336
0.027000	-0.456327
0.028000	-1.261990
0.029000	-0.456327
0.030000	0.349336
0.031000	1.960660
0.032000	6.794650
0.033000	11.628600
0.034000	12.434300
0.035000	11.628600
0.036000	9.211640
0.037000	10.823000
0.038000	12.434300
0.039000	14.045600
0.040000	11.628600
0.041000	10.823000
0.042000	10.017300
0.043000	10.017300
0.044000	8.405980
0.045000	5.183320
0.046000	1.155000
0.047000	0.349336
0.048000	0.349336
0.049000	1.960660
0.050000	1.960660
0.051000	2.766330
0.052000	0.349336
0.053000	1.155000
0.054000	1.155000
0.055000	0.349336
0.056000	0.349336
0.057000	-0.456327
0.058000	-0.456327
0.059000	1.960660
0.060000	3.571990
0.061000	5.988980
0.062000	5.988980
0.063000	5.988980
0.064000	6.794650
0.065000	6.794650
0.066000	5.183320
0.067000	3.571990
0.068000	2.766330
0.069000	1.960660
0.070000	1.155000
0.071000	1.155000
0.072000	0.349336
0.073000	-1.261990
0.074000	-3.678980
0.075000	-3.678980
0.076000	-1.261990
0.077000	-1.261990
0.078000	-2.067660
0.079000	-0.456327
0.080000	-0.456327
0.081000	1.155000
0.082000	2.766330
0.083000	4.377660
0.084000	3.571990
0.085000	3.571990
0.086000	2.766330
0.087000	3.571990
0.088000	4.377660
0.089000	4.377660
0.090000	2.766330
0.091000	2.766330
0.092000	1.155000
0.093000	1.155000
0.094000	1.155000
0.095000	0.349336
0.096000	1.960660
0.097000	1.155000
0.098000	1.960660
0.099000	1.155000
0.100000	1.155000
0.101000	1.155000
0.102000	1.960660
0.103000	2.766330
0.104000	1.155000
0.105000	1.960660
0.106000	1.960660
0.107000	0.349336
0.108000	0.349336
0.109000	1.155000
0.110000	1.155000
0.111000	0.349336
0.112000	0.349336
0.113000	1.960660
0.114000	3.571990
0.115000	5.988980
0.116000	7.600310
0.117000	9.211640
0.118000	8.405980
0.119000	9.211640
0.120000	9.211640
0.121000	10.823000
0.122000	14.045600
0.123000	16.462601
0.124000	16.462601
0.125000	15.657000
0.126000	16.462601
0.127000	18.073900
0.128000	18.073900
0.129000	19.685301
0.130000	20.490900
0.131000	20.490900
0.132000	19.685301
0.133000	20.490900
0.134000	21.296600
0.135000	22.102301
0.136000	22.102301
0.137000	22.102301
0.138000	22.102301
0.139000	21.296600
0.140000	20.490900
0.141000	20.490900
0.142000	20.490900
0.143000	21.296600
0.144000	21.296600
0.145000	18.879601
0.146000	18.073900
0.147000	18.073900
0.148000	16.462601
0.149000	17.268299
0.150000	16.462601
0.151000	16.462601
0.152000	16.462601
0.153000	14.851300
0.154000	15.657000
0.155000	14.851300
0.156000	14.045600
0.157000	14.851300
0.158000	14.045600
0.159000	14.045600
0.160000	12.434300
0.161000	12.434300
0.162000	12.434300
0.163000	11.628600
0.164000	11.628600
0.165000	12.434300
0.166000	12.434300
0.167000	12.434300
0.168000	14.045600
0.169000	12.434300
0.170000	12.434300
0.171000	14.045600
0.172000	14.045600
0.173000	14.851300
0.174000	15.657000
0.175000	16.462601
0.176000	17.268299
0.177000	17.268299
0.178000	17.268299
0.179000	18.879601
0.180000	20.490900
0.181000	20.490900
0.182000	20.490900
0.183000	21.296600
0.184000	20.490900
0.185000	20.490900
0.186000	21.296600
0.187000	22.102301
0.188000	22.102301
0.189000	22.102301
0.190000	23.713600
0.191000	21.296600
0.192000	21.296600
0.193000	22.907900
0.194000	21.296600
0.195000	22.907900
0.196000	22.102301
0.197000	22.102301
0.198000	21.296600
0.199000	22.102301
0.200000	22.907900
0.201000	21.296600
0.202000	22.102301
0.203000	21.296600
0.204000	21.296600
0.205000	20.490900
0.206000	20.490900
0.207000	19.685301
0.208000	20.490900
0.209000	19.685301
0.210000	18.879601
0.211000	19.685301
0.212000	18.879601
0.213000	16.462601
0.214000	17.268299
0.215000	17.268299
0.216000	16.462601
0.217000	18.073900
0.218000	18.879601
0.219000	18.879601
0.220000	18.879601
0.221000	17.268299
0.222000	18.879601
0.223000	18.879601
0.224000	20.490900
0.225000	20.490900
0.226000	18.879601
0.227000	19.685301
0.228000	18.879601
0.229000	19.685301
0.230000	19.685301
0.231000	21.296600
0.232000	20.490900
0.233000	20.490900
0.234000	19.685301
0.235000	18.879601
0.236000	19.685301
0.237000	20.490900
0.238000	20.490900
0.239000	20.490900
0.240000	20.490900
0.241000	21.296600
0.242000	20.490900
0.243000	20.490900
0.244000	19.685301
0.245000	21.296600
0.246000	20.490900
0.247000	20.490900
0.248000	19.685301
0.249000	18.879601
0.250000	18.073900
0.251000	17.268299
0.252000	16.462601
0.253000	17.268299
0.254000	18.879601
0.255000	18.879601
0.256000	18.073900
0.257000	16.462601
0.258000	15.657000
0.259000	15.657000
0.260000	17.268299
0.261000	18.879601
0.262000	18.879601
0.263000	17.268299
0.264000	14.851300
0.265000	13.240000
0.266000	14.045600
0.267000	14.045600
0.268000	14.851300
0.269000	14.851300
0.270000	13.240000
0.271000	11.628600
0.272000	10.823000
0.273000	10.823000
0.274000	12.434300
0.275000	13.240000
0.276000	12.434300
0.277000	10.823000
0.278000	10.823000
0.279000	9.211640
0.280000	10.823000
0.281000	11.628600
0.282000	10.823000
0.283000	10.017300
0.284000	9.211640
0.285000	9.211640
0.286000	9.211640
0.287000	10.017300
0.288000	9.211640
0.289000	10.017300
0.290000	8.405980
0.291000	10.823000
0.292000	10.823000
0.293000	10.823000
0.294000	10.017300
0.295000	10.017300
0.296000	10.017300
0.297000	10.823000
0.298000	10.823000
0.299000	10.823000
0.300000	10.823000
0.301000	10.823000
0.302000	10.017300
0.303000	10.017300
0.304000	10.823000
0.305000	10.823000
0.306000	11.628600
0.307000	12.434300
0.308000	11.628600
0.309000	11.628600
0.310000	10.017300
0.311000	10.017300
0.312000	10.823000
0.313000	10.017300
0.314000	9.211640
0.315000	9.211640
0.316000	8.405980
0.317000	8.405980
0.318000	9.211640
0.319000	8.405980
0.320000	7.600310
0.321000	6.794650
0.322000	5.183320
0.323000	5.183320
0.324000	5.988980
0.325000	6.794650
0.326000	5.988980
0.327000	5.183320
0.328000	3.571990
0.329000	1.960660
0.330000	3.571990
0.331000	3.571990
0.332000	1.960660
0.333000	2.766330
0.334000	1.155000
0.335000	0.349336
0.336000	0.349336
0.337000	0.349336
0.338000	0.349336
0.339000	-0.456327
0.340000	-2.067660
0.341000	-2.873320
0.342000	-2.873320
0.343000	-2.067660
0.344000	-3.678980
0.345000	-2.067660
0.346000	-3.678980
0.347000	-2.873320
0.348000	-3.678980
0.349000	-4.484650
0.350000	-3.678980
0.351000	-2.873320
0.352000	-3.678980
0.353000	-4.484650
0.354000	-4.484650
0.355000	-4.484650
0.356000	-4.484650
0.357000	-4.484650
0.358000	-6.901640
0.359000	-6.901640
0.360000	-6.095980
0.361000	-3.678980
0.362000	-0.456327
0.363000	0.349336
0.364000	0.349336
0.365000	-2.067660
0.366000	-3.678980
0.367000	-3.678980
0.368000	-2.873320
0.369000	-2.873320
0.370000	-2.873320
0.371000	-4.484650
0.372000	-4.484650
0.373000	-5.290310
0.374000	-5.290310
0.375000	-5.290310
0.376000	-6.095980
0.377000	-6.095980
0.378000	-6.095980
0.379000	-6.901640
0.380000	-7.707310
0.381000	-6.901640
0.382000	-7.707310
0.383000	-8.512970
0.384000	-8.512970
0.385000	-8.512970
0.386000	-9.318630
0.387000	-8.512970
0.388000	-8.512970
0.389000	-10.124300
0.390000	-10.124300
0.391000	-10.930000
0.392000	-10.930000
0.393000	-12.541300
0.394000	-12.541300
0.395000	-14.152600
0.396000	-14.958300
0.397000	-14.958300
0.398000	-14.958300
0.399000	-14.958300
0.400000	-14.958300
0.401000	-15.763900
0.402000	-16.569599
0.403000	-16.569599
0.404000	-16.569599
0.405000	-16.569599
0.406000	-16.569599
0.407000	-17.375299
0.408000	-17.375299
0.409000	-18.180901
0.410000	-18.180901
0.411000	-18.986601
0.412000	-18.986601
0.413000	-19.792299
0.414000	-19.792299
0.415000	-19.792299
0.416000	-20.597900
0.417000	-20.597900
0.418000	-22.209299
0.419000	-22.209299
0.420000	-22.209299
0.421000	-19.792299
0.422000	-19.792299
0.423000	-19.792299
0.424000	-20.597900
0.425000	-20.597900
0.426000	-20.597900
0.427000	-20.597900
0.428000	-19.792299
0.429000	-21.403601
0.430000	-20.597900
0.431000	-21.403601
0.432000	-22.209299
0.433000	-22.209299
0.434000	-20.597900
0.435000	-20.597900
0.436000	-20.597900
0.437000	-19.792299
0.438000	-18.986601
0.439000	-18.986601
0.440000	-19.792299
0.441000	-20.597900
0.442000	-20.597900
0.443000	-21.403601
0.444000	-21.403601
0.445000	-23.014900
0.446000	-22.209299
0.447000	-21.403601
0.448000	-23.014900
0.449000	-23.014900
0.450000	-23.014900
0.451000	-23.014900
0.452000	-23.014900
0.453000	-22.209299
0.454000	-23.014900
0.455000	-23.014900
0.456000	-22.209299
0.457000	-23.820601
0.458000	-23.014900
0.459000	-23.014900
0.460000	-23.820601
0.461000	-25.431900
0.462000	-24.626301
0.463000	-23.820601
0.464000	-23.014900
0.465000	-21.403601
0.466000	-21.403601
0.467000	-22.209299
0.468000	-22.209299
0.469000	-20.597900
0.470000	-19.792299
0.471000	-20.597900
0.472000	-20.597900
0.473000	-20.597900
0.474000	-20.597900
0.475000	-21.403601
0.476000	-19.792299
0.477000	-20.597900
0.478000	-21.403601
0.479000	-21.403601
0.480000	-20.597900
0.481000	-22.209299
0.482000	-22.209299
0.483000	-21.403601
0.484000	-22.209299
0.485000	-22.209299
0.486000	-22.209299
0.487000	-22.209299
0.488000	-21.403601
0.489000	-21.403601
0.490000	-21.403601
0.491000	-21.403601
0.492000	-22.209299
0.493000	-22.209299
0.494000	-22.209299
0.495000	-22.209299
0.496000	-21.403601
0.497000	-21.403601
0.498000	-21.403601
0.499000	-21.403601
0.500000	-20.597900
0.501000	-20.597900
0.502000	-21.403601
0.503000	-22.209299
0.504000	-21.403601
0.505000	-21.403601
0.506000	-20.597900
0.507000	-21.403601
0.508000	-21.403601
0.509000	-22.209299
0.510000	-21.403601
0.511000	-20.597900
0.512000	-21.403601
0.513000	-21.403601
0.514000	-21.403601
0.515000	-21.403601
0.516000	-20.597900
0.517000	-20.597900
0.518000	-20.597900
0.519000	-20.597900
0.520000	-20.597900
0.521000	-19.792299
0.522000	-19.792299
0.523000	-19.792299
0.524000	-18.986601
0.525000	-18.986601
0.526000	-18.986601
0.527000	-18.180901
0.528000	-18.180901
0.529000	-17.375299
0.530000	-18.180901
0.531000	-17.375299
0.532000	-17.375299
0.533000	-18.180901
0.534000	-17.375299
0.535000	-17.375299
0.536000	-16.569599
0.537000	-16.569599
0.538000	-16.569599
0.539000	-17.375299
0.540000	-16.569599
0.541000	-15.763900
0.542000	-16.569599
0.543000	-16.569599
0.544000	-16.569599
0.545000	-18.180901
0.546000	-16.569599
0.547000	-15.763900
0.548000	-16.569599
0.549000	-15.763900
0.550000	-14.958300
0.551000	-15.763900
0.552000	-15.763900
0.553000	-15.763900
0.554000	-14.958300
0.555000	-14.152600
0.556000	-14.958300
0.557000	-14.958300
