0.000000	1.059570
0.001000	1.059570
0.002000	1.059570
0.003000	2.119140
0.004000	1.059570
0.005000	1.059570
0.006000	1.059570
0.007000	1.059570
0.008000	0.000000
0.009000	-1.059570
0.010000	1.059570
0.011000	-1.059570
0.012000	0.000000
0.013000	0.000000
0.014000	1.059570
0.015000	1.059570
0.016000	1.059570
0.017000	1.059570
0.018000	2.119140
0.019000	2.119140
0.020000	1.059570
0.021000	0.000000
0.022000	1.059570
0.023000	0.000000
0.024000	2.119140
0.025000	-1.059570
0.026000	1.059570
0.027000	1.059570
0.028000	1.059570
0.029000	5.297850
0.030000	5.297850
0.031000	8.476560
0.032000	7.416990
0.033000	7.416990
0.034000	8.476560
0.035000	9.536130
0.036000	9.536130
0.037000	8.476560
0.038000	9.536130
0.039000	8.476560
0.040000	8.476560
0.041000	8.476560
0.042000	7.416990
0.043000	7.416990
0.044000	6.357420
0.045000	5.297850
0.046000	6.357420
0.047000	6.357420
0.048000	5.297850
0.049000	6.357420
0.050000	5.297850
0.051000	4.238280
0.052000	6.357420
0.053000	4.238280
0.054000	3.178710
0.055000	2.119140
0.056000	3.178710
0.057000	0.000000
0.058000	1.059570
0.059000	1.059570
0.060000	0.000000
0.061000	1.059570
0.062000	1.059570
0.063000	2.119140
0.064000	2.119140
0.065000	3.178710
0.066000	5.297850
0.067000	4.238280
0.068000	5.297850
0.069000	7.416990
0.070000	6.357420
0.071000	8.476560
0.072000	6.357420
0.073000	6.357420
0.074000	7.416990
0.075000	7.416990
0.076000	7.416990
0.077000	8.476560
0.078000	9.536130
0.079000	9.536130
0.080000	10.595700
0.081000	13.774400
0.082000	13.774400
0.083000	15.893600
0.084000	15.893600
0.085000	15.893600
0.086000	16.953100
0.087000	18.012699
0.088000	16.953100
0.089000	15.893600
0.090000	16.953100
0.091000	12.714800
0.092000	14.834000
0.093000	13.774400
0.094000	12.714800
0.095000	12.714800
0.096000	12.714800
0.097000	13.774400
0.098000	12.714800
0.099000	14.834000
0.100000	14.834000
0.101000	15.893600
0.102000	14.834000
0.103000	14.834000
0.104000	14.834000
0.105000	14.834000
0.106000	14.834000
0.107000	10.595700
0.108000	8.476560
0.109000	9.536130
0.110000	6.357420
0.111000	7.416990
0.112000	7.416990
0.113000	7.416990
0.114000	8.476560
0.115000	9.536130
0.116000	13.774400
0.117000	15.893600
0.118000	19.072300
0.119000	21.191401
0.120000	21.191401
0.121000	21.191401
0.122000	23.310499
0.123000	21.191401
0.124000	23.310499
0.125000	22.250999
0.126000	24.370100
0.127000	23.310499
0.128000	22.250999
0.129000	21.191401
0.130000	23.310499
0.131000	23.310499
0.132000	25.429701
0.133000	27.548800
0.134000	27.548800
0.135000	26.489300
0.136000	25.429701
0.137000	27.548800
0.138000	27.548800
0.139000	27.548800
0.140000	25.429701
0.141000	23.310499
0.142000	21.191401
0.143000	23.310499
0.144000	25.429701
0.145000	24.370100
0.146000	25.429701
0.147000	23.310499
0.148000	24.370100
0.149000	23.310499
0.150000	25.429701
0.151000	23.310499
0.152000	23.310499
0.153000	22.250999
0.154000	23.310499
0.155000	23.310499
0.156000	24.370100
0.157000	24.370100
0.158000	23.310499
0.159000	23.310499
0.160000	24.370100
0.161000	25.429701
0.162000	25.429701
0.163000	25.429701
0.164000	26.489300
0.165000	27.548800
0.166000	29.667999
0.167000	29.667999
0.168000	30.727501
0.169000	30.727501
0.170000	29.667999
0.171000	28.608400
0.172000	29.667999
0.173000	30.727501
0.174000	30.727501
0.175000	29.667999
0.176000	30.727501
0.177000	30.727501
0.178000	30.727501
0.179000	32.846699
0.180000	30.727501
0.181000	29.667999
0.182000	29.667999
0.183000	31.787100
0.184000	34.965801
0.185000	34.965801
0.186000	32.846699
0.187000	31.787100
0.188000	29.667999
0.189000	32.846699
0.190000	31.787100
0.191000	32.846699
0.192000	30.727501
0.193000	30.727501
0.194000	29.667999
0.195000	30.727501
0.196000	30.727501
0.197000	30.727501
0.198000	31.787100
0.199000	31.787100
0.200000	31.787100
0.201000	31.787100
0.202000	31.787100
0.203000	33.906300
0.204000	32.846699
0.205000	32.846699
0.206000	31.787100
0.207000	32.846699
0.208000	32.846699
0.209000	33.906300
0.210000	33.906300
0.211000	33.906300
0.212000	34.965801
0.213000	36.025398
0.214000	33.906300
0.215000	34.965801
0.216000	37.084999
0.217000	36.025398
0.218000	36.025398
0.219000	36.025398
0.220000	36.025398
0.221000	36.025398
0.222000	36.025398
0.223000	34.965801
0.224000	37.084999
0.225000	34.965801
0.226000	34.965801
0.227000	33.906300
0.228000	32.846699
0.229000	34.965801
0.230000	33.906300
0.231000	33.906300
0.232000	34.965801
0.233000	34.965801
0.234000	33.906300
0.235000	34.965801
0.236000	34.965801
0.237000	34.965801
0.238000	34.965801
0.239000	36.025398
0.240000	34.965801
0.241000	32.846699
0.242000	32.846699
0.243000	32.846699
0.244000	33.906300
0.245000	32.846699
0.246000	33.906300
0.247000	33.906300
0.248000	34.965801
0.249000	32.846699
0.250000	36.025398
0.251000	34.965801
0.252000	36.025398
0.253000	38.144501
0.254000	37.084999
0.255000	34.965801
0.256000	36.025398
0.257000	36.025398
0.258000	36.025398
0.259000	34.965801
0.260000	36.025398
0.261000	34.965801
0.262000	34.965801
0.263000	34.965801
0.264000	37.084999
0.265000	36.025398
0.266000	36.025398
0.267000	38.144501
0.268000	37.084999
0.269000	37.084999
0.270000	36.025398
0.271000	37.084999
0.272000	37.084999
0.273000	34.965801
0.274000	34.965801
0.275000	32.846699
0.276000	34.965801
0.277000	33.906300
0.278000	32.846699
0.279000	32.846699
0.280000	32.846699
0.281000	33.906300
0.282000	33.906300
0.283000	33.906300
0.284000	36.025398
0.285000	33.906300
0.286000	36.025398
0.287000	34.965801
0.288000	34.965801
0.289000	34.965801
0.290000	36.025398
0.291000	33.906300
0.292000	33.906300
0.293000	34.965801
0.294000	33.906300
0.295000	32.846699
0.296000	32.846699
0.297000	33.906300
0.298000	38.144501
0.299000	39.204102
0.300000	39.204102
0.301000	38.144501
0.302000	36.025398
0.303000	34.965801
0.304000	37.084999
0.305000	36.025398
0.306000	36.025398
0.307000	36.025398
0.308000	33.906300
0.309000	34.965801
0.310000	34.965801
0.311000	37.084999
0.312000	36.025398
0.313000	34.965801
0.314000	36.025398
0.315000	33.906300
0.316000	33.906300
0.317000	33.906300
0.318000	31.787100
0.319000	33.906300
0.320000	33.906300
0.321000	33.906300
0.322000	33.906300
0.323000	31.787100
0.324000	34.965801
0.325000	48.740200
0.326000	-27.548800
0.327000	-69.931602
0.328000	-19.072300
0.329000	40.263699
0.330000	116.553001
0.331000	110.195000
0.332000	68.872101
0.333000	-4.238280
0.334000	-27.548800
0.335000	11.655300
0.336000	45.561501
0.337000	60.395500
0.338000	48.740200
0.339000	28.608400
0.340000	6.357420
0.341000	18.012699
0.342000	52.978500
0.343000	64.633797
0.344000	62.514599
0.345000	27.548800
0.346000	30.727501
0.347000	38.144501
0.348000	24.370100
0.349000	38.144501
0.350000	34.965801
0.351000	26.489300
0.352000	31.787100
0.353000	29.667999
0.354000	31.787100
0.355000	26.489300
0.356000	30.727501
0.357000	45.561501
0.358000	37.084999
0.359000	26.489300
0.360000	21.191401
0.361000	14.834000
0.362000	16.953100
0.363000	33.906300
0.364000	38.144501
0.365000	28.608400
0.366000	24.370100
0.367000	19.072300
0.368000	27.548800
0.369000	33.906300
0.370000	37.084999
0.371000	40.263699
0.372000	21.191401
0.373000	13.774400
0.374000	21.191401
0.375000	27.548800
0.376000	33.906300
0.377000	36.025398
0.378000	34.965801
0.379000	30.727501
0.380000	25.429701
0.381000	28.608400
0.382000	36.025398
0.383000	33.906300
0.384000	34.965801
0.385000	34.965801
0.386000	29.667999
0.387000	28.608400
0.388000	36.025398
0.389000	32.846699
0.390000	30.727501
0.391000	26.489300
0.392000	31.787100
0.393000	30.727501
0.394000	29.667999
0.395000	33.906300
0.396000	30.727501
0.397000	25.429701
0.398000	26.489300
0.399000	28.608400
0.400000	30.727501
0.401000	27.548800
0.402000	23.310499
0.403000	21.191401
0.404000	21.191401
0.405000	24.370100
0.406000	29.667999
0.407000	29.667999
0.408000	25.429701
0.409000	23.310499
0.410000	23.310499
0.411000	23.310499
0.412000	26.489300
0.413000	24.370100
0.414000	22.250999
0.415000	21.191401
0.416000	23.310499
0.417000	27.548800
0.418000	29.667999
0.419000	28.608400
0.420000	26.489300
0.421000	25.429701
0.422000	28.608400
0.423000	29.667999
0.424000	30.727501
0.425000	28.608400
0.426000	26.489300
0.427000	23.310499
0.428000	25.429701
0.429000	28.608400
0.430000	29.667999
0.431000	30.727501
0.432000	27.548800
0.433000	27.548800
0.434000	28.608400
0.435000	29.667999
0.436000	30.727501
0.437000	30.727501
0.438000	27.548800
0.439000	31.787100
0.440000	15.893600
0.441000	-13.774400
0.442000	0.000000
0.443000	26.489300
0.444000	60.395500
0.445000	63.574200
0.446000	41.323200
0.447000	-12.714800
0.448000	-29.667999
0.449000	3.178710
0.450000	51.918900
0.451000	73.110397
0.452000	60.395500
0.453000	31.787100
0.454000	-5.297850
0.455000	-4.238280
0.456000	22.250999
0.457000	45.561501
0.458000	61.455101
0.459000	39.204102
0.460000	24.370100
0.461000	13.774400
0.462000	13.774400
0.463000	34.965801
0.464000	43.442402
0.465000	37.084999
0.466000	31.787100
0.467000	29.667999
0.468000	16.953100
0.469000	20.131800
0.470000	28.608400
0.471000	34.965801
0.472000	39.204102
0.473000	28.608400
0.474000	21.191401
0.475000	12.714800
0.476000	11.655300
0.477000	28.608400
0.478000	36.025398
0.479000	30.727501
0.480000	25.429701
0.481000	15.893600
0.482000	12.714800
0.483000	24.370100
0.484000	31.787100
0.485000	38.144501
0.486000	28.608400
0.487000	16.953100
0.488000	19.072300
0.489000	19.072300
0.490000	27.548800
0.491000	32.846699
0.492000	29.667999
0.493000	22.250999
0.494000	20.131800
0.495000	21.191401
0.496000	24.370100
0.497000	29.667999
0.498000	31.787100
0.499000	33.906300
0.500000	28.608400
0.501000	26.489300
0.502000	28.608400
0.503000	27.548800
0.504000	29.667999
0.505000	28.608400
0.506000	28.608400
0.507000	28.608400
0.508000	28.608400
0.509000	27.548800
0.510000	26.489300
0.511000	26.489300
0.512000	28.608400
0.513000	29.667999
0.514000	26.489300
0.515000	25.429701
0.516000	24.370100
0.517000	20.131800
0.518000	24.370100
0.519000	26.489300
0.520000	30.727501
0.521000	29.667999
0.522000	27.548800
0.523000	26.489300
0.524000	28.608400
0.525000	29.667999
0.526000	34.965801
0.527000	31.787100
0.528000	27.548800
0.529000	27.548800
0.530000	27.548800
0.531000	30.727501
0.532000	36.025398
0.533000	32.846699
0.534000	32.846699
0.535000	31.787100
0.536000	32.846699
0.537000	32.846699
0.538000	33.906300
0.539000	32.846699
0.540000	32.846699
0.541000	29.667999
0.542000	26.489300
0.543000	28.608400
0.544000	28.608400
0.545000	29.667999
0.546000	28.608400
0.547000	27.548800
0.548000	27.548800
0.549000	27.548800
0.550000	31.787100
0.551000	31.787100
0.552000	30.727501
0.553000	29.667999
0.554000	31.787100
0.555000	28.608400
0.556000	28.608400
0.557000	29.667999
0.558000	27.548800
0.559000	26.489300
0.560000	26.489300
0.561000	27.548800
0.562000	29.667999
0.563000	28.608400
0.564000	28.608400
0.565000	26.489300
0.566000	30.727501
0.567000	32.846699
0.568000	34.965801
0.569000	36.025398
0.570000	33.906300
0.571000	34.965801
0.572000	34.965801
0.573000	37.084999
0.574000	36.025398
0.575000	34.965801
0.576000	33.906300
0.577000	33.906300
0.578000	34.965801
0.579000	36.025398
0.580000	36.025398
0.581000	36.025398
0.582000	34.965801
0.583000	37.084999
0.584000	38.144501
0.585000	38.144501
0.586000	37.084999
0.587000	37.084999
0.588000	36.025398
0.589000	34.965801
0.590000	34.965801
0.591000	31.787100
0.592000	32.846699
0.593000	32.846699
0.594000	31.787100
0.595000	34.965801
0.596000	34.965801
0.597000	34.965801
0.598000	33.906300
0.599000	34.965801
0.600000	34.965801
0.601000	33.906300
0.602000	36.025398
0.603000	36.025398
0.604000	37.084999
0.605000	33.906300
0.606000	33.906300
0.607000	34.965801
0.608000	34.965801
0.609000	37.084999
0.610000	36.025398
0.611000	36.025398
0.612000	37.084999
0.613000	38.144501
0.614000	39.204102
0.615000	41.323200
0.616000	42.382801
0.617000	40.263699
0.618000	39.204102
0.619000	39.204102
0.620000	39.204102
0.621000	39.204102
0.622000	40.263699
0.623000	39.204102
0.624000	38.144501
0.625000	38.144501
0.626000	40.263699
0.627000	40.263699
0.628000	39.204102
0.629000	39.204102
0.630000	39.204102
0.631000	40.263699
0.632000	40.263699
0.633000	40.263699
0.634000	39.204102
0.635000	40.263699
0.636000	39.204102
0.637000	39.204102
0.638000	40.263699
0.639000	39.204102
0.640000	39.204102
0.641000	36.025398
0.642000	38.144501
0.643000	38.144501
0.644000	39.204102
0.645000	39.204102
0.646000	38.144501
0.647000	37.084999
0.648000	38.144501
0.649000	38.144501
0.650000	39.204102
0.651000	39.204102
0.652000	39.204102
0.653000	40.263699
0.654000	40.263699
0.655000	37.084999
0.656000	40.263699
0.657000	38.144501
0.658000	38.144501
0.659000	38.144501
0.660000	37.084999
0.661000	37.084999
0.662000	38.144501
0.663000	38.144501
0.664000	38.144501
0.665000	38.144501
0.666000	40.263699
0.667000	39.204102
0.668000	39.204102
0.669000	40.263699
0.670000	39.204102
0.671000	40.263699
0.672000	39.204102
0.673000	38.144501
0.674000	38.144501
0.675000	37.084999
0.676000	38.144501
0.677000	37.084999
0.678000	37.084999
0.679000	37.084999
0.680000	37.084999
0.681000	37.084999
0.682000	38.144501
0.683000	40.263699
0.684000	40.263699
0.685000	41.323200
0.686000	39.204102
0.687000	40.263699
0.688000	39.204102
0.689000	37.084999
0.690000	37.084999
0.691000	34.965801
0.692000	34.965801
0.693000	33.906300
0.694000	34.965801
0.695000	36.025398
0.696000	36.025398
0.697000	36.025398
0.698000	36.025398
0.699000	38.144501
0.700000	38.144501
0.701000	40.263699
0.702000	39.204102
0.703000	40.263699
0.704000	40.263699
0.705000	39.204102
0.706000	39.204102
0.707000	39.204102
0.708000	38.144501
0.709000	39.204102
0.710000	39.204102
0.711000	40.263699
0.712000	42.382801
0.713000	39.204102
0.714000	40.263699
0.715000	41.323200
0.716000	42.382801
0.717000	41.323200
0.718000	39.204102
0.719000	40.263699
0.720000	38.144501
0.721000	38.144501
0.722000	38.144501
0.723000	37.084999
0.724000	37.084999
0.725000	37.084999
0.726000	36.025398
0.727000	34.965801
0.728000	34.965801
0.729000	36.025398
0.730000	34.965801
0.731000	34.965801
0.732000	31.787100
0.733000	8.476560
0.734000	7.416990
0.735000	25.429701
0.736000	38.144501
0.737000	3.178710
0.738000	-19.072300
0.739000	-24.370100
0.740000	-8.476560
0.741000	22.250999
0.742000	32.846699
0.743000	8.476560
0.744000	-27.548800
0.745000	-37.084999
0.746000	-9.536130
0.747000	21.191401
0.748000	37.084999
0.749000	18.012699
0.750000	-10.595700
0.751000	-16.953100
0.752000	9.536130
0.753000	43.442402
0.754000	50.859402
0.755000	29.667999
0.756000	8.476560
0.757000	9.536130
0.758000	34.965801
0.759000	43.442402
0.760000	24.370100
0.761000	11.655300
0.762000	19.072300
0.763000	40.263699
0.764000	47.680698
0.765000	44.501999
0.766000	45.561501
0.767000	57.216801
0.768000	78.408203
0.769000	94.301804
0.770000	97.480499
0.771000	95.361298
0.772000	91.123001
0.773000	87.944298
0.774000	87.944298
0.775000	79.467796
0.776000	64.633797
