0.000000	0.000000
-36.907001	-0.847446
-36.962002	-0.916000
-36.924000	-0.847446
-36.853001	-0.299008
-37.199001	0.866422
-38.005001	-0.641782
-38.507000	-3.383970
-38.957001	-5.577720
-39.332001	-7.085920
-39.921001	-7.291590
-40.338001	-5.783380
-40.759998	-5.714830
-41.307999	-7.908580
-41.625999	-9.759560
-41.998001	-11.473400
-42.498001	-9.485340
-42.861000	-9.691000
-43.176998	-9.896660
-43.729000	-9.896660
-44.136002	-11.679100
-44.375999	-11.816200
-44.714001	-10.993500
-45.050999	-10.719300
-45.278000	-11.336300
-45.716000	-11.953300
-46.047001	-12.570300
-46.226002	-12.776000
-46.682999	-12.707400
-47.061001	-13.598600
-47.387001	-14.558400
-47.743000	-15.106800
-48.146000	-16.066601
-48.576000	-17.026400
-48.967999	-17.780500
-49.185001	-19.014400
-49.654999	-20.385500
-49.997002	-21.345301
-50.263000	-21.688101
-50.665001	-22.716400
-51.067001	-23.881800
-51.606998	-25.527100
-52.049999	-23.333401
-52.224998	-28.200800
-53.014999	-27.858000
-53.602001	-30.394501
-53.998001	-31.834200
-54.393002	-34.096500
-54.855999	-35.056198
-55.337002	-34.165001
-55.713001	-35.947399
-55.966999	-38.689602
-56.285000	-39.923599
-56.867001	-41.500401
-57.264999	-42.254501
-57.528000	-42.665798
-57.897999	-45.408001
-58.215000	-40.746300
-58.521999	-44.379700
-59.000000	-46.367802
-59.202000	-46.916199
-59.630001	-47.053299
-59.733002	-46.779099
-60.185001	-46.025002
-60.358002	-44.311100
-60.743999	-42.323002
-61.254002	-40.197800
-61.797001	-37.250000
-62.317001	-36.153099
-62.584000	-35.398998
-63.049999	-33.685101
-63.337002	-32.382599
-63.727001	-30.874399
-64.044998	-28.406401
-64.470001	-27.858000
-64.556000	-27.926500
-64.734001	-27.652300
-65.035004	-26.829700
-65.271004	-26.212700
-65.517998	-25.458599
-65.825996	-24.910101
-66.107002	-24.635900
-66.419998	-24.156000
-66.722000	-24.018900
-67.279999	-23.676201
-67.152000	-23.264799
-67.459999	-23.333401
-67.892998	-23.470501
-68.338997	-23.059200
-68.768997	-21.551001
-69.185997	-21.345301
-69.608002	-22.167999
-70.030998	-22.442200
-70.821999	-21.962299
-72.665001	-7.291590
-75.821999	8.064660
-78.539001	15.537100
-79.209000	28.082600
-78.866997	17.730900
