0.000000	-0.278594
0.001000	-0.313418
0.002000	-0.278594
0.003000	-0.278594
0.004000	-0.243770
0.005000	-0.313418
0.006000	-0.278594
0.007000	-0.348242
0.008000	-0.348242
0.009000	-0.348242
0.010000	-0.348242
0.011000	-0.348242
0.012000	-0.348242
0.013000	-0.348242
0.014000	-0.383066
0.015000	-0.348242
0.016000	-0.278594
0.017000	-0.278594
0.018000	-0.348242
0.019000	-0.278594
0.020000	-0.313418
0.021000	-0.278594
0.022000	-0.348242
0.023000	-0.313418
0.024000	-0.313418
0.025000	-0.313418
0.026000	-0.278594
0.027000	-0.278594
0.028000	-0.278594
0.029000	-0.243770
0.030000	-0.208945
0.031000	-0.104473
0.032000	-0.069648
0.033000	-0.069648
0.034000	-0.034824
0.035000	-0.104473
0.036000	-0.069648
0.037000	0.000000
0.038000	-0.034824
0.039000	-0.069648
0.040000	-0.069648
0.041000	-0.208945
0.042000	-0.208945
0.043000	-0.208945
0.044000	-0.208945
0.045000	-0.278594
0.046000	-0.243770
0.047000	-0.208945
0.048000	-0.313418
0.049000	-0.243770
0.050000	-0.278594
0.051000	-0.243770
0.052000	-0.243770
0.053000	-0.243770
0.054000	-0.278594
0.055000	-0.313418
0.056000	-0.278594
0.057000	-0.243770
0.058000	-0.278594
0.059000	-0.313418
0.060000	-0.278594
0.061000	-0.278594
0.062000	-0.278594
0.063000	-0.243770
0.064000	-0.208945
0.065000	-0.278594
0.066000	-0.174121
0.067000	-0.174121
0.068000	-0.139297
0.069000	-0.208945
0.070000	-0.278594
0.071000	-0.313418
0.072000	-0.383066
0.073000	-0.487539
0.074000	-0.557187
0.075000	-0.626836
0.076000	-0.731309
0.077000	-0.835781
0.078000	-1.044730
0.079000	-1.218850
0.080000	-1.358140
0.081000	-1.601910
0.082000	-1.810860
0.083000	-2.054630
0.084000	-2.298400
0.085000	-2.542170
0.086000	-2.820760
0.087000	-3.169000
0.088000	-3.377950
0.089000	-3.656540
0.090000	-4.039610
0.091000	-4.283380
0.092000	-4.457500
0.093000	-4.666450
0.094000	-4.840570
0.095000	-4.979860
0.096000	-5.049510
0.097000	-5.049510
0.098000	-5.084340
0.099000	-5.049510
0.100000	-4.979860
0.101000	-4.979860
0.102000	-4.945040
0.103000	-4.770920
0.104000	-4.701270
0.105000	-4.631620
0.106000	-4.457500
0.107000	-4.074430
0.108000	-3.830660
0.109000	-3.621720
0.110000	-3.482420
0.111000	-3.203830
0.112000	-2.994880
0.113000	-2.751110
0.114000	-2.437700
0.115000	-2.437700
0.116000	-2.402870
0.117000	-2.437700
0.118000	-2.333220
0.119000	-2.333220
0.120000	-2.368050
0.121000	-2.437700
0.122000	-2.576990
0.123000	-2.785940
0.124000	-2.994880
0.125000	-3.169000
0.126000	-3.377950
0.127000	-3.586890
0.128000	-3.656540
0.129000	-3.795840
0.130000	-3.830660
0.131000	-3.865490
0.132000	-3.969960
0.133000	-4.004790
0.134000	-3.935140
0.135000	-3.900310
0.136000	-3.830660
0.137000	-3.830660
0.138000	-3.900310
0.139000	-3.795840
0.140000	-3.761020
0.141000	-3.691370
0.142000	-3.552070
0.143000	-3.552070
0.144000	-3.482420
0.145000	-3.482420
0.146000	-3.517250
0.147000	-3.552070
0.148000	-3.656540
0.149000	-3.691370
0.150000	-3.830660
0.151000	-3.969960
0.152000	-4.074430
0.153000	-4.178910
0.154000	-4.422680
0.155000	-4.561970
0.156000	-4.805740
0.157000	-4.979860
0.158000	-5.258460
0.159000	-5.432580
0.160000	-5.641520
0.161000	-5.850470
0.162000	-5.989770
0.163000	-6.129060
0.164000	-6.163890
0.165000	-6.268360
0.166000	-6.268360
0.167000	-6.338010
0.168000	-6.407660
0.169000	-6.407660
0.170000	-6.338010
0.171000	-6.268360
0.172000	-6.233540
0.173000	-6.198710
0.174000	-6.059410
0.175000	-5.954940
0.176000	-5.711170
0.177000	-5.641520
0.178000	-5.467400
0.179000	-5.328110
0.180000	-5.084340
0.181000	-4.910210
0.182000	-4.701270
0.183000	-4.457500
0.184000	-4.283380
0.185000	-4.004790
0.186000	-3.726190
0.187000	-3.552070
0.188000	-3.343130
0.189000	-3.203830
0.190000	-2.994880
0.191000	-2.855590
0.192000	-2.646640
0.193000	-2.402870
0.194000	-2.333220
0.195000	-2.228750
0.196000	-2.019800
0.197000	-1.810860
0.198000	-1.671560
0.199000	-1.532270
0.200000	-1.392970
0.201000	-1.358140
0.202000	-1.288500
0.203000	-1.184020
0.204000	-1.114370
0.205000	-1.218850
0.206000	-1.184020
0.207000	-1.218850
0.208000	-1.323320
0.209000	-1.392970
0.210000	-1.497440
0.211000	-1.741210
0.212000	-1.880510
0.213000	-1.984980
0.214000	-2.193930
0.215000	-2.402870
0.216000	-2.576990
0.217000	-2.785940
0.218000	-3.029710
0.219000	-3.203830
0.220000	-3.482420
0.221000	-3.621720
0.222000	-3.795840
0.223000	-3.969960
0.224000	-4.178910
0.225000	-4.318200
0.226000	-4.457500
0.227000	-4.561970
0.228000	-4.561970
0.229000	-4.631620
0.230000	-4.666450
0.231000	-4.631620
0.232000	-4.666450
0.233000	-4.596800
0.234000	-4.492320
0.235000	-4.422680
0.236000	-4.353030
0.237000	-4.213730
0.238000	-4.109260
0.239000	-4.004790
0.240000	-3.900310
0.241000	-3.830660
0.242000	-3.691370
0.243000	-3.621720
0.244000	-3.482420
0.245000	-3.343130
0.246000	-3.377950
0.247000	-3.203830
0.248000	-3.134180
0.249000	-2.994880
0.250000	-2.890410
0.251000	-2.820760
0.252000	-2.716290
0.253000	-2.646640
0.254000	-2.507340
0.255000	-2.507340
0.256000	-2.368050
0.257000	-2.263570
0.258000	-2.159100
0.259000	-1.984980
0.260000	-1.950160
0.261000	-1.776040
0.262000	-1.601910
0.263000	-1.532270
0.264000	-1.288500
0.265000	-1.149200
0.266000	-1.009900
0.267000	-0.905430
0.268000	-0.800957
0.269000	-0.696484
0.270000	-0.592012
0.271000	-0.557187
0.272000	-0.557187
0.273000	-0.626836
0.274000	-0.626836
0.275000	-0.696484
0.276000	-0.800957
0.277000	-0.870605
0.278000	-0.975078
0.279000	-1.184020
0.280000	-1.218850
0.281000	-1.358140
0.282000	-1.532270
0.283000	-1.601910
0.284000	-1.810860
0.285000	-1.880510
0.286000	-2.019800
0.287000	-2.193930
0.288000	-2.368050
0.289000	-2.507340
0.290000	-2.646640
0.291000	-2.751110
0.292000	-2.820760
0.293000	-2.960060
0.294000	-3.064530
0.295000	-3.203830
0.296000	-3.203830
0.297000	-3.308300
0.298000	-3.343130
0.299000	-3.412770
0.300000	-3.343130
0.301000	-3.482420
0.302000	-3.586890
0.303000	-3.552070
0.304000	-3.691370
0.305000	-3.726190
0.306000	-3.726190
0.307000	-3.726190
0.308000	-3.795840
0.309000	-3.795840
0.310000	-3.726190
0.311000	-3.900310
0.312000	-3.761020
0.313000	-3.761020
0.314000	-3.691370
0.315000	-3.586890
0.316000	-3.447600
0.317000	-3.308300
0.318000	-3.169000
0.319000	-2.960060
0.320000	-2.646640
0.321000	-2.472520
0.322000	-2.298400
0.323000	-2.054630
0.324000	-1.776040
0.325000	-2.089450
0.326000	-4.561970
0.327000	-1.288500
0.328000	0.208945
0.329000	-2.054630
0.330000	2.785940
0.331000	1.184020
0.332000	0.626836
0.333000	0.626836
0.334000	1.044730
0.335000	2.925230
0.336000	-1.079550
0.337000	1.601910
0.338000	0.626836
0.339000	-0.905430
0.340000	0.000000
0.341000	-0.800957
0.342000	-0.069648
0.343000	-2.368050
0.344000	-1.009900
0.345000	-1.253670
0.346000	-2.994880
0.347000	-3.029710
0.348000	-3.377950
0.349000	-2.925230
0.350000	-3.238650
0.351000	-2.751110
0.352000	-2.298400
0.353000	-3.517250
0.354000	-3.203830
0.355000	-2.681460
0.356000	-2.472520
0.357000	-2.646640
0.358000	-3.134180
0.359000	-2.785940
0.360000	-3.134180
0.361000	-2.611820
0.362000	-2.089450
0.363000	-2.472520
0.364000	-2.611820
0.365000	-2.333220
0.366000	-2.368050
0.367000	-2.646640
0.368000	-2.820760
0.369000	-2.751110
0.370000	-3.134180
0.371000	-3.273480
0.372000	-2.785940
0.373000	-3.029710
0.374000	-3.447600
0.375000	-3.447600
0.376000	-3.273480
0.377000	-3.621720
0.378000	-3.865490
0.379000	-3.656540
0.380000	-3.726190
0.381000	-3.900310
0.382000	-3.726190
0.383000	-3.482420
0.384000	-3.482420
0.385000	-3.621720
0.386000	-3.308300
0.387000	-3.203830
0.388000	-3.447600
0.389000	-3.134180
0.390000	-2.820760
0.391000	-2.751110
0.392000	-2.542170
0.393000	-2.019800
0.394000	-1.636740
0.395000	-1.601910
0.396000	-1.323320
0.397000	-1.079550
0.398000	-1.184020
0.399000	-1.392970
0.400000	-1.253670
0.401000	-1.323320
0.402000	-1.532270
0.403000	-1.532270
0.404000	-1.497440
0.405000	-1.706390
0.406000	-1.776040
0.407000	-1.741210
0.408000	-2.019800
0.409000	-2.263570
0.410000	-2.507340
0.411000	-2.542170
0.412000	-2.751110
0.413000	-2.925230
0.414000	-2.890410
0.415000	-2.994880
0.416000	-3.134180
0.417000	-3.134180
0.418000	-3.064530
0.419000	-3.169000
0.420000	-3.377950
0.421000	-3.377950
0.422000	-3.482420
0.423000	-3.586890
0.424000	-3.726190
0.425000	-3.726190
0.426000	-3.935140
0.427000	-4.109260
0.428000	-4.144080
0.429000	-4.283380
0.430000	-4.387850
0.431000	-4.422680
0.432000	-4.596800
0.433000	-4.770920
0.434000	-4.805740
0.435000	-4.805740
0.436000	-4.805740
0.437000	-4.979860
0.438000	-5.014690
0.439000	-4.910210
0.440000	-5.746000
0.441000	-5.467400
0.442000	-3.621720
0.443000	-5.606700
0.444000	-3.169000
0.445000	-3.343130
0.446000	-5.014690
0.447000	-3.795840
0.448000	-3.099360
0.449000	-2.925230
0.450000	-3.134180
0.451000	-2.159100
0.452000	-2.472520
0.453000	-3.203830
0.454000	-2.785940
0.455000	-2.159100
0.456000	-3.308300
0.457000	-3.691370
0.458000	-2.855590
0.459000	-3.552070
0.460000	-3.969960
0.461000	-4.283380
0.462000	-4.213730
0.463000	-4.561970
0.464000	-4.770920
0.465000	-3.621720
0.466000	-4.353030
0.467000	-4.736090
0.468000	-4.805740
0.469000	-4.527150
0.470000	-4.248550
0.471000	-4.283380
0.472000	-3.795840
0.473000	-4.178910
0.474000	-4.457500
0.475000	-3.900310
0.476000	-3.377950
0.477000	-3.482420
0.478000	-3.621720
0.479000	-3.343130
0.480000	-3.343130
0.481000	-3.482420
0.482000	-3.099360
0.483000	-3.029710
0.484000	-3.412770
0.485000	-3.482420
0.486000	-3.169000
0.487000	-3.517250
0.488000	-3.795840
0.489000	-4.074430
0.490000	-4.074430
0.491000	-4.561970
0.492000	-4.561970
0.493000	-4.387850
0.494000	-4.736090
0.495000	-4.979860
0.496000	-4.979860
0.497000	-5.049510
0.498000	-5.153980
0.499000	-5.258460
0.500000	-5.188810
0.501000	-5.502230
0.502000	-5.780820
0.503000	-5.571880
0.504000	-5.432580
0.505000	-5.537050
0.506000	-5.432580
0.507000	-5.223630
0.508000	-5.153980
0.509000	-5.119160
0.510000	-4.805740
0.511000	-4.561970
0.512000	-4.527150
0.513000	-4.178910
0.514000	-3.935140
0.515000	-3.691370
0.516000	-3.482420
0.517000	-3.238650
0.518000	-3.064530
0.519000	-2.925230
0.520000	-2.751110
0.521000	-2.576990
0.522000	-2.646640
0.523000	-2.611820
0.524000	-2.611820
0.525000	-2.681460
0.526000	-2.785940
0.527000	-2.820760
0.528000	-2.855590
0.529000	-3.099360
0.530000	-3.273480
0.531000	-3.238650
0.532000	-3.238650
0.533000	-3.447600
0.534000	-3.377950
0.535000	-3.203830
0.536000	-3.308300
0.537000	-3.203830
0.538000	-2.960060
0.539000	-3.064530
0.540000	-3.029710
0.541000	-2.855590
0.542000	-2.855590
0.543000	-2.855590
0.544000	-2.855590
0.545000	-2.646640
0.546000	-2.855590
0.547000	-2.785940
0.548000	-2.785940
0.549000	-2.820760
0.550000	-2.925230
0.551000	-2.994880
0.552000	-2.925230
0.553000	-2.925230
0.554000	-2.994880
0.555000	-3.064530
0.556000	-3.134180
0.557000	-3.238650
0.558000	-3.308300
0.559000	-3.273480
0.560000	-3.412770
0.561000	-3.412770
0.562000	-3.343130
0.563000	-3.377950
0.564000	-3.273480
0.565000	-3.203830
0.566000	-3.134180
0.567000	-3.064530
0.568000	-2.994880
0.569000	-2.890410
0.570000	-2.820760
0.571000	-2.785940
0.572000	-2.820760
0.573000	-2.716290
0.574000	-2.681460
0.575000	-2.611820
0.576000	-2.611820
0.577000	-2.646640
0.578000	-2.646640
0.579000	-2.576990
0.580000	-2.542170
0.581000	-2.437700
0.582000	-2.402870
0.583000	-2.298400
0.584000	-2.228750
0.585000	-2.228750
0.586000	-2.089450
0.587000	-2.124280
0.588000	-2.089450
0.589000	-2.089450
0.590000	-2.089450
0.591000	-2.089450
0.592000	-2.089450
0.593000	-2.054630
0.594000	-1.984980
0.595000	-1.950160
0.596000	-1.915330
0.597000	-1.741210
0.598000	-1.706390
0.599000	-1.671560
0.600000	-1.497440
0.601000	-1.497440
0.602000	-1.392970
0.603000	-1.392970
0.604000	-1.288500
0.605000	-1.358140
0.606000	-1.392970
0.607000	-1.358140
0.608000	-1.323320
0.609000	-1.462620
0.610000	-1.567090
0.611000	-1.671560
0.612000	-1.706390
0.613000	-1.950160
0.614000	-2.089450
0.615000	-2.228750
0.616000	-2.368050
0.617000	-2.542170
0.618000	-2.681460
0.619000	-2.890410
0.620000	-3.064530
0.621000	-3.169000
0.622000	-3.203830
0.623000	-3.377950
0.624000	-3.412770
0.625000	-3.482420
0.626000	-3.517250
0.627000	-3.552070
0.628000	-3.482420
0.629000	-3.517250
0.630000	-3.377950
0.631000	-3.412770
0.632000	-3.273480
0.633000	-3.238650
0.634000	-3.134180
0.635000	-3.064530
0.636000	-2.994880
0.637000	-2.994880
0.638000	-2.855590
0.639000	-2.890410
0.640000	-2.820760
0.641000	-2.855590
0.642000	-2.820760
0.643000	-2.855590
0.644000	-2.820760
0.645000	-2.855590
0.646000	-2.820760
0.647000	-2.855590
0.648000	-2.855590
0.649000	-2.855590
0.650000	-2.925230
0.651000	-2.855590
0.652000	-2.855590
0.653000	-2.855590
0.654000	-2.855590
0.655000	-2.890410
0.656000	-2.925230
0.657000	-2.890410
0.658000	-2.925230
0.659000	-2.890410
0.660000	-2.855590
0.661000	-2.855590
0.662000	-2.820760
0.663000	-2.751110
0.664000	-2.716290
0.665000	-2.716290
0.666000	-2.681460
0.667000	-2.646640
0.668000	-2.646640
0.669000	-2.681460
0.670000	-2.646640
0.671000	-2.646640
0.672000	-2.716290
0.673000	-2.681460
0.674000	-2.785940
0.675000	-2.855590
0.676000	-2.855590
0.677000	-2.925230
0.678000	-2.960060
0.679000	-3.134180
0.680000	-3.169000
0.681000	-3.273480
0.682000	-3.273480
0.683000	-3.343130
0.684000	-3.482420
0.685000	-3.482420
0.686000	-3.621720
0.687000	-3.795840
0.688000	-3.761020
0.689000	-3.865490
0.690000	-3.935140
0.691000	-4.039610
0.692000	-4.074430
0.693000	-4.178910
0.694000	-4.178910
0.695000	-4.178910
0.696000	-4.178910
0.697000	-4.248550
0.698000	-4.178910
0.699000	-4.178910
0.700000	-4.213730
0.701000	-4.178910
0.702000	-4.178910
0.703000	-4.144080
0.704000	-4.178910
0.705000	-4.178910
0.706000	-4.144080
0.707000	-4.144080
0.708000	-4.213730
0.709000	-4.144080
0.710000	-4.109260
0.711000	-4.144080
0.712000	-4.039610
0.713000	-4.074430
0.714000	-4.004790
0.715000	-3.969960
0.716000	-3.935140
0.717000	-3.900310
0.718000	-3.865490
0.719000	-3.795840
0.720000	-3.795840
0.721000	-3.865490
0.722000	-3.795840
0.723000	-3.865490
0.724000	-3.795840
0.725000	-3.969960
0.726000	-3.865490
0.727000	-3.865490
0.728000	-3.935140
0.729000	-3.900310
0.730000	-3.935140
0.731000	-4.039610
0.732000	-4.004790
0.733000	-4.248550
0.734000	-4.805740
0.735000	-5.084340
0.736000	-4.805740
0.737000	-5.641520
0.738000	-4.353030
0.739000	-3.377950
0.740000	-4.144080
0.741000	-3.412770
0.742000	-3.169000
0.743000	-1.671560
0.744000	-1.114370
0.745000	0.661660
0.746000	1.218850
0.747000	0.870605
0.748000	2.228750
0.749000	2.368050
0.750000	3.761020
0.751000	3.935140
0.752000	5.258460
0.753000	5.049510
0.754000	5.606700
0.755000	6.512130
0.756000	6.721070
0.757000	6.338010
0.758000	5.746000
0.759000	5.258460
0.760000	5.049510
0.761000	5.119160
0.762000	4.701270
0.763000	4.283380
0.764000	4.004790
0.765000	4.248550
0.766000	4.701270
0.767000	4.979860
0.768000	5.223630
0.769000	5.153980
0.770000	5.293280
0.771000	5.188810
0.772000	4.631620
0.773000	3.517250
0.774000	2.333220
0.775000	1.532270
0.776000	0.905430
