0.000000	0.020557
0.001000	0.020557
0.002000	0.000000
0.003000	0.000000
0.004000	0.020557
0.005000	0.041113
0.006000	0.020557
0.007000	0.020557
0.008000	0.041113
0.009000	0.020557
0.010000	0.041113
0.011000	0.061670
0.012000	0.000000
0.013000	0.061670
0.014000	0.061670
0.015000	0.000000
0.016000	0.041113
0.017000	0.041113
0.018000	0.041113
0.019000	0.020557
0.020000	0.061670
0.021000	0.041113
0.022000	0.061670
0.023000	0.082227
0.024000	0.061670
0.025000	0.082227
0.026000	0.061670
0.027000	0.061670
0.028000	0.082227
0.029000	0.123340
0.030000	0.164453
0.031000	0.102783
0.032000	0.082227
0.033000	0.082227
0.034000	0.041113
0.035000	0.041113
0.036000	-0.041113
0.037000	-0.164453
0.038000	-0.287793
0.039000	-0.452246
0.040000	-0.596143
0.041000	-0.719482
0.042000	-0.842822
0.043000	-0.966162
0.044000	-1.027830
0.045000	-1.048390
0.046000	-1.048390
0.047000	-0.966162
0.048000	-0.883936
0.049000	-0.760596
0.050000	-0.616699
0.051000	-0.452246
0.052000	-0.267236
0.053000	-0.082227
0.054000	0.102783
0.055000	0.226123
0.056000	0.370020
0.057000	0.431689
0.058000	0.493359
0.059000	0.472803
0.060000	0.390576
0.061000	0.267236
0.062000	0.061670
0.063000	-0.123340
0.064000	-0.390576
0.065000	-0.596143
0.066000	-0.842822
0.067000	-1.027830
0.068000	-1.151170
0.069000	-1.233400
0.070000	-1.315630
0.071000	-1.274510
0.072000	-1.212840
0.073000	-1.068950
0.074000	-0.945605
0.075000	-0.740039
0.076000	-0.493359
0.077000	-0.267236
0.078000	-0.041113
0.079000	0.185010
0.080000	0.370020
0.081000	0.555029
0.082000	0.678369
0.083000	0.781152
0.084000	0.883936
0.085000	0.925049
0.086000	0.945605
0.087000	0.925049
0.088000	0.863379
0.089000	0.842822
0.090000	0.781152
0.091000	0.740039
0.092000	0.678369
0.093000	0.637256
0.094000	0.575586
0.095000	0.596143
0.096000	0.575586
0.097000	0.575586
0.098000	0.575586
0.099000	0.575586
0.100000	0.555029
0.101000	0.575586
0.102000	0.534473
0.103000	0.493359
0.104000	0.472803
0.105000	0.452246
0.106000	0.431689
0.107000	0.431689
0.108000	0.411133
0.109000	0.390576
0.110000	0.308350
0.111000	0.287793
0.112000	0.226123
0.113000	0.164453
0.114000	0.102783
0.115000	0.000000
0.116000	-0.041113
0.117000	-0.185010
0.118000	-0.308350
0.119000	-0.452246
0.120000	-0.555029
0.121000	-0.698926
0.122000	-0.863379
0.123000	-1.007280
0.124000	-1.171730
0.125000	-1.274510
0.126000	-1.418410
0.127000	-1.582860
0.128000	-1.726760
0.129000	-1.850100
0.130000	-1.891210
0.131000	-1.911770
0.132000	-1.747310
0.133000	-1.644530
0.134000	-1.603420
0.135000	-1.521190
0.136000	-1.500630
0.137000	-1.356740
0.138000	-1.253960
0.139000	-1.130620
0.140000	-0.945605
0.141000	-0.842822
0.142000	-0.678369
0.143000	-0.575586
0.144000	-0.534473
0.145000	-0.411133
0.146000	-0.370020
0.147000	-0.328906
0.148000	-0.328906
0.149000	-0.370020
0.150000	-0.370020
0.151000	-0.390576
0.152000	-0.452246
0.153000	-0.575586
0.154000	-0.657813
0.155000	-0.760596
0.156000	-0.904492
0.157000	-0.986719
0.158000	-1.130620
0.159000	-1.274510
0.160000	-1.315630
0.161000	-1.336180
0.162000	-1.315630
0.163000	-1.274510
0.164000	-1.212840
0.165000	-1.130620
0.166000	-0.986719
0.167000	-0.863379
0.168000	-0.740039
0.169000	-0.678369
0.170000	-0.596143
0.171000	-0.616699
0.172000	-0.698926
0.173000	-0.740039
0.174000	-0.883936
0.175000	-1.007280
0.176000	-1.212840
0.177000	-1.397850
0.178000	-1.562300
0.179000	-1.706200
0.180000	-1.891210
0.181000	-2.076220
0.182000	-2.158450
0.183000	-2.261230
0.184000	-2.343460
0.185000	-2.364010
0.186000	-2.364010
0.187000	-2.322900
0.188000	-2.261230
0.189000	-2.199560
0.190000	-2.096780
0.191000	-1.932320
0.192000	-1.808980
0.193000	-1.706200
0.194000	-1.603420
0.195000	-1.562300
0.196000	-1.500630
0.197000	-1.459520
0.198000	-1.500630
0.199000	-1.541750
0.200000	-1.582860
0.201000	-1.685640
0.202000	-1.726760
0.203000	-1.808980
0.204000	-1.870650
0.205000	-1.932320
0.206000	-1.952880
0.207000	-1.993990
0.208000	-2.014550
0.209000	-2.035110
0.210000	-2.055660
0.211000	-2.035110
0.212000	-2.035110
0.213000	-1.993990
0.214000	-1.932320
0.215000	-1.870650
0.216000	-1.808980
0.217000	-1.767870
0.218000	-1.644530
0.219000	-1.562300
0.220000	-1.438960
0.221000	-1.336180
0.222000	-1.192290
0.223000	-1.048390
0.224000	-0.966162
0.225000	-0.863379
0.226000	-0.760596
0.227000	-0.678369
0.228000	-0.616699
0.229000	-0.534473
0.230000	-0.472803
0.231000	-0.472803
0.232000	-0.472803
0.233000	-0.472803
0.234000	-0.472803
0.235000	-0.513916
0.236000	-0.555029
0.237000	-0.596143
0.238000	-0.616699
0.239000	-0.678369
0.240000	-0.740039
0.241000	-0.781152
0.242000	-0.822266
0.243000	-0.842822
0.244000	-0.863379
0.245000	-0.883936
0.246000	-0.883936
0.247000	-0.904492
0.248000	-0.904492
0.249000	-0.925049
0.250000	-0.925049
0.251000	-0.945605
0.252000	-1.007280
0.253000	-1.048390
0.254000	-1.089500
0.255000	-1.192290
0.256000	-1.295070
0.257000	-1.397850
0.258000	-1.541750
0.259000	-1.644530
0.260000	-1.788430
0.261000	-1.952880
0.262000	-2.055660
0.263000	-2.179000
0.264000	-2.240670
0.265000	-2.343460
0.266000	-2.405130
0.267000	-2.405130
0.268000	-2.446240
0.269000	-2.425680
0.270000	-2.405130
0.271000	-2.384570
0.272000	-2.322900
0.273000	-2.281790
0.274000	-2.199560
0.275000	-2.096780
0.276000	-2.035110
0.277000	-1.952880
0.278000	-1.829540
0.279000	-1.685640
0.280000	-1.562300
0.281000	-1.500630
0.282000	-1.356740
0.283000	-1.295070
0.284000	-1.192290
0.285000	-1.130620
0.286000	-1.110060
0.287000	-1.048390
0.288000	-1.007280
0.289000	-1.027830
0.290000	-0.986719
0.291000	-0.966162
0.292000	-0.986719
0.293000	-0.986719
0.294000	-0.986719
0.295000	-0.986719
0.296000	-0.904492
0.297000	-0.925049
0.298000	-0.925049
0.299000	-0.863379
0.300000	-0.842822
0.301000	-0.740039
0.302000	-0.698926
0.303000	-0.637256
0.304000	-0.616699
0.305000	-0.616699
0.306000	-0.596143
0.307000	-0.657813
0.308000	-0.637256
0.309000	-0.740039
0.310000	-0.842822
0.311000	-0.925049
0.312000	-1.068950
0.313000	-1.192290
0.314000	-1.253960
0.315000	-1.459520
0.316000	-1.521190
0.317000	-1.562300
0.318000	-1.665090
0.319000	-1.644530
0.320000	-1.685640
0.321000	-1.685640
0.322000	-1.706200
0.323000	-1.685640
0.324000	-1.623970
0.325000	-1.644530
0.326000	-1.623970
0.327000	-1.644530
0.328000	-1.644530
0.329000	-1.623970
0.330000	-1.685640
0.331000	-1.665090
0.332000	-1.726760
0.333000	-1.767870
0.334000	-1.829540
0.335000	-1.870650
0.336000	-1.808980
0.337000	-1.932320
0.338000	-2.137890
0.339000	-2.117330
0.340000	-2.446240
0.341000	-2.507910
0.342000	-2.507910
0.343000	-2.795700
0.344000	-2.692920
0.345000	-2.692920
0.346000	-2.672360
0.347000	-2.384570
0.348000	-2.343460
0.349000	-2.199560
0.350000	-1.993990
0.351000	-1.850100
0.352000	-1.562300
0.353000	-1.521190
0.354000	-1.397850
0.355000	-1.356740
0.356000	-1.438960
0.357000	-1.438960
0.358000	-1.644530
0.359000	-1.850100
0.360000	-1.952880
0.361000	-2.158450
0.362000	-2.220120
0.363000	-2.322900
0.364000	-2.384570
0.365000	-2.220120
0.366000	-2.220120
0.367000	-2.014550
0.368000	-1.808980
0.369000	-1.623970
0.370000	-1.356740
0.371000	-1.130620
0.372000	-1.027830
0.373000	-0.945605
0.374000	-0.966162
0.375000	-0.966162
0.376000	-1.068950
0.377000	-1.192290
0.378000	-1.315630
0.379000	-1.562300
0.380000	-1.747310
0.381000	-1.973440
0.382000	-2.179000
0.383000	-2.302340
0.384000	-2.405130
0.385000	-2.507910
0.386000	-2.466800
0.387000	-2.364010
0.388000	-2.261230
0.389000	-2.014550
0.390000	-1.870650
0.391000	-1.747310
0.392000	-1.521190
0.393000	-1.500630
0.394000	-1.459520
0.395000	-1.541750
0.396000	-1.685640
0.397000	-1.870650
0.398000	-2.137890
0.399000	-2.343460
0.400000	-2.713480
0.401000	-2.980710
0.402000	-3.124610
0.403000	-3.432960
0.404000	-3.494630
0.405000	-3.556300
0.406000	-3.576860
0.407000	-3.371290
0.408000	-3.309620
0.409000	-3.145170
0.410000	-2.919040
0.411000	-2.734030
0.412000	-2.446240
0.413000	-2.343460
0.414000	-2.137890
0.415000	-2.014550
0.416000	-1.911770
0.417000	-1.788430
0.418000	-1.788430
0.419000	-1.767870
0.420000	-1.870650
0.421000	-1.973440
0.422000	-1.993990
0.423000	-2.076220
0.424000	-2.137890
0.425000	-2.240670
0.426000	-2.281790
0.427000	-2.302340
0.428000	-2.240670
0.429000	-2.158450
0.430000	-2.158450
0.431000	-2.035110
0.432000	-1.767870
0.433000	-1.767870
0.434000	-1.623970
0.435000	-1.582860
0.436000	-1.829540
0.437000	-1.870650
0.438000	-2.137890
0.439000	-2.384570
0.440000	-2.672360
0.441000	-3.083500
0.442000	-3.268510
0.443000	-3.515190
0.444000	-3.556300
0.445000	-3.391850
0.446000	-3.515190
0.447000	-3.268510
0.448000	-3.206840
0.449000	-3.062940
0.450000	-2.816260
0.451000	-2.713480
0.452000	-2.569580
0.453000	-2.487350
0.454000	-2.487350
0.455000	-2.343460
0.456000	-2.384570
0.457000	-2.240670
0.458000	-2.281790
0.459000	-2.364010
0.460000	-2.302340
0.461000	-2.384570
0.462000	-2.405130
0.463000	-2.446240
0.464000	-2.528470
0.465000	-2.549020
0.466000	-2.610690
0.467000	-2.590140
0.468000	-2.549020
0.469000	-2.590140
0.470000	-2.507910
0.471000	-2.549020
0.472000	-2.590140
0.473000	-2.507910
0.474000	-2.590140
0.475000	-2.590140
0.476000	-2.651810
0.477000	-2.775150
0.478000	-2.836820
0.479000	-2.898490
0.480000	-2.960160
0.481000	-3.001270
0.482000	-3.104050
0.483000	-3.124610
0.484000	-3.391850
0.485000	-3.330180
0.486000	-3.494630
0.487000	-3.597410
0.488000	-3.638530
0.489000	-3.761870
0.490000	-3.782420
0.491000	-3.802980
0.492000	-3.782420
0.493000	-3.617970
0.494000	-3.104050
0.495000	-2.816260
0.496000	-2.507910
0.497000	-1.829540
0.498000	-1.973440
0.499000	-1.233400
0.500000	-1.027830
0.501000	-1.151170
0.502000	-0.883936
0.503000	-1.521190
0.504000	-1.582860
0.505000	-1.973440
0.506000	-2.549020
0.507000	-2.775150
0.508000	-3.515190
0.509000	-3.741310
0.510000	-3.844090
0.511000	-4.378560
0.512000	-4.296340
0.513000	-4.584130
0.514000	-4.851370
0.515000	-4.481350
0.516000	-4.666360
0.517000	-4.584130
0.518000	-4.481350
0.519000	-4.440230
0.520000	-4.337450
0.521000	-4.296340
0.522000	-4.152440
0.523000	-4.111330
0.524000	-4.131880
0.525000	-3.967430
0.526000	-4.111330
0.527000	-4.193550
0.528000	-4.070210
0.529000	-4.275780
0.530000	-4.193550
0.531000	-4.090770
0.532000	-4.131880
0.533000	-4.070210
0.534000	-3.946870
0.535000	-3.823540
0.536000	-3.720750
0.537000	-3.535740
0.538000	-3.391850
0.539000	-3.247950
0.540000	-3.083500
0.541000	-3.001270
0.542000	-2.939600
0.543000	-2.919040
0.544000	-2.960160
0.545000	-3.042380
0.546000	-3.124610
0.547000	-3.330180
0.548000	-3.515190
0.549000	-3.720750
0.550000	-3.905760
0.551000	-4.049660
0.552000	-4.255220
0.553000	-4.440230
0.554000	-4.481350
0.555000	-4.522460
0.556000	-4.563570
0.557000	-4.584130
0.558000	-4.543020
0.559000	-4.419680
0.560000	-4.399120
0.561000	-4.275780
0.562000	-4.173000
0.563000	-4.090770
0.564000	-4.008540
0.565000	-3.864650
0.566000	-3.823540
0.567000	-3.761870
0.568000	-3.659080
0.569000	-3.597410
0.570000	-3.556300
0.571000	-3.453520
0.572000	-3.412400
0.573000	-3.371290
0.574000	-3.268510
0.575000	-3.268510
0.576000	-3.268510
0.577000	-3.309620
0.578000	-3.412400
0.579000	-3.432960
0.580000	-3.597410
0.581000	-3.720750
0.582000	-3.864650
0.583000	-4.090770
0.584000	-4.234670
0.585000	-4.460790
0.586000	-4.645800
0.587000	-4.789700
0.588000	-4.913040
0.589000	-4.871920
0.590000	-5.426950
0.591000	-5.550290
0.592000	-5.385840
0.593000	-5.817530
0.594000	-5.755860
0.595000	-5.570850
0.596000	-5.673630
0.597000	-5.529740
0.598000	-5.550290
0.599000	-5.385840
0.600000	-4.378560
0.601000	-4.995260
0.602000	-6.372560
0.603000	-5.180270
0.604000	-5.550290
0.605000	-5.550290
0.606000	-5.509180
0.607000	-4.748580
0.608000	-4.296340
0.609000	-5.139160
0.610000	-4.275780
0.611000	-3.885210
0.612000	-4.563570
0.613000	-3.741310
0.614000	-3.227390
0.615000	-2.816260
0.616000	-1.891210
0.617000	-2.014550
0.618000	-1.521190
0.619000	-1.644530
0.620000	-1.788430
0.621000	-1.089500
0.622000	-1.665090
0.623000	-1.870650
