0.000000	0.805664
0.001000	0.000000
0.002000	0.805664
0.003000	0.805664
0.004000	0.000000
0.005000	0.805664
0.006000	0.000000
0.007000	0.000000
0.008000	0.805664
0.009000	0.805664
0.010000	0.805664
0.011000	0.805664
0.012000	0.000000
0.013000	0.805664
0.014000	1.611330
0.015000	0.805664
0.016000	1.611330
0.017000	0.000000
0.018000	0.805664
0.019000	0.000000
0.020000	0.805664
0.021000	0.805664
0.022000	0.000000
0.023000	-0.805664
0.024000	-1.611330
0.025000	-2.416990
0.026000	-2.416990
0.027000	-4.833980
0.028000	-4.833980
0.029000	-5.639650
0.030000	-8.056640
0.031000	-9.667970
0.032000	-12.085000
0.033000	-13.696300
0.034000	-16.113300
0.035000	-16.918900
0.036000	-18.530300
0.037000	-19.335899
0.038000	-20.947300
0.039000	-20.947300
0.040000	-19.335899
0.041000	-18.530300
0.042000	-17.724600
0.043000	-16.113300
0.044000	-14.502000
0.045000	-12.085000
0.046000	-8.056640
0.047000	-8.056640
0.048000	-4.028320
0.049000	-1.611330
0.050000	0.000000
0.051000	0.805664
0.052000	3.222660
0.053000	2.416990
0.054000	3.222660
0.055000	3.222660
0.056000	4.028320
0.057000	3.222660
0.058000	2.416990
0.059000	2.416990
0.060000	1.611330
0.061000	0.000000
0.062000	0.000000
0.063000	0.000000
0.064000	0.000000
0.065000	0.805664
0.066000	0.000000
0.067000	0.000000
0.068000	0.805664
0.069000	1.611330
0.070000	0.805664
0.071000	1.611330
0.072000	0.000000
0.073000	0.805664
0.074000	2.416990
0.075000	2.416990
0.076000	2.416990
0.077000	2.416990
0.078000	1.611330
0.079000	2.416990
0.080000	3.222660
0.081000	3.222660
0.082000	3.222660
0.083000	3.222660
0.084000	4.028320
0.085000	4.028320
0.086000	3.222660
0.087000	2.416990
0.088000	0.805664
0.089000	0.000000
0.090000	-1.611330
0.091000	-1.611330
0.092000	-3.222660
0.093000	-4.028320
0.094000	-4.833980
0.095000	-4.833980
0.096000	-5.639650
0.097000	-6.445310
0.098000	-6.445310
0.099000	-5.639650
0.100000	-4.833980
0.101000	-4.833980
0.102000	-4.028320
0.103000	-4.028320
0.104000	-1.611330
0.105000	-1.611330
0.106000	1.611330
0.107000	1.611330
0.108000	2.416990
0.109000	3.222660
0.110000	4.028320
0.111000	4.833980
0.112000	5.639650
0.113000	5.639650
0.114000	5.639650
0.115000	6.445310
0.116000	5.639650
0.117000	5.639650
0.118000	4.028320
0.119000	1.611330
0.120000	0.805664
0.121000	0.000000
0.122000	-0.805664
0.123000	-3.222660
0.124000	-3.222660
0.125000	-3.222660
0.126000	-5.639650
0.127000	-5.639650
0.128000	-6.445310
0.129000	-6.445310
0.130000	-4.028320
0.131000	-3.222660
0.132000	-3.222660
0.133000	-4.028320
0.134000	-5.639650
0.135000	-8.056640
0.136000	-9.667970
0.137000	-10.473600
0.138000	-10.473600
0.139000	-11.279300
0.140000	-10.473600
0.141000	-8.862310
0.142000	-8.862310
0.143000	-7.250980
0.144000	-5.639650
0.145000	-4.833980
0.146000	-4.833980
0.147000	-4.833980
0.148000	-4.833980
0.149000	-5.639650
0.150000	-5.639650
0.151000	-6.445310
0.152000	-6.445310
0.153000	-7.250980
0.154000	-8.056640
0.155000	-8.056640
0.156000	-8.056640
0.157000	-8.056640
0.158000	-6.445310
0.159000	-6.445310
0.160000	-6.445310
0.161000	-5.639650
0.162000	-5.639650
0.163000	-5.639650
0.164000	-6.445310
0.165000	-6.445310
0.166000	-5.639650
0.167000	-6.445310
0.168000	-5.639650
0.169000	-4.833980
0.170000	-4.833980
0.171000	-4.028320
0.172000	-4.028320
0.173000	-4.028320
0.174000	-4.028320
0.175000	-4.833980
0.176000	-8.056640
0.177000	-9.667970
0.178000	-8.862310
0.179000	-8.862310
0.180000	-11.279300
0.181000	-12.085000
0.182000	-12.890600
0.183000	-14.502000
0.184000	-13.696300
0.185000	-13.696300
0.186000	-14.502000
0.187000	-13.696300
0.188000	-14.502000
0.189000	-14.502000
0.190000	-14.502000
0.191000	-14.502000
0.192000	-15.307600
0.193000	-16.113300
0.194000	-16.918900
0.195000	-17.724600
0.196000	-15.307600
0.197000	-16.918900
0.198000	-16.918900
0.199000	-15.307600
0.200000	-15.307600
0.201000	-13.696300
0.202000	-14.502000
0.203000	-12.890600
0.204000	-12.890600
0.205000	-13.696300
0.206000	-12.890600
0.207000	-12.890600
0.208000	-13.696300
0.209000	-13.696300
0.210000	-14.502000
0.211000	-14.502000
0.212000	-15.307600
0.213000	-15.307600
0.214000	-16.113300
0.215000	-13.696300
0.216000	-14.502000
0.217000	-15.307600
0.218000	-15.307600
0.219000	-16.113300
0.220000	-15.307600
0.221000	-14.502000
0.222000	-14.502000
0.223000	-15.307600
0.224000	-15.307600
0.225000	-15.307600
0.226000	-16.113300
0.227000	-16.113300
0.228000	-15.307600
0.229000	-15.307600
0.230000	-16.113300
0.231000	-16.113300
0.232000	-15.307600
0.233000	-16.113300
0.234000	-16.113300
0.235000	-15.307600
0.236000	-17.724600
0.237000	-17.724600
0.238000	-17.724600
0.239000	-17.724600
0.240000	-17.724600
0.241000	-18.530300
0.242000	-18.530300
0.243000	-19.335899
0.244000	-17.724600
0.245000	-17.724600
0.246000	-17.724600
0.247000	-16.918900
0.248000	-16.918900
0.249000	-16.113300
0.250000	-16.113300
0.251000	-15.307600
0.252000	-16.113300
0.253000	-16.113300
0.254000	-16.113300
0.255000	-16.113300
0.256000	-16.113300
0.257000	-16.918900
0.258000	-17.724600
0.259000	-16.113300
0.260000	-16.113300
0.261000	-16.113300
0.262000	-16.113300
0.263000	-16.113300
0.264000	-16.918900
0.265000	-16.918900
0.266000	-17.724600
0.267000	-17.724600
0.268000	-18.530300
0.269000	-18.530300
0.270000	-19.335899
0.271000	-20.141600
0.272000	-20.141600
0.273000	-20.141600
0.274000	-20.947300
0.275000	-21.752899
0.276000	-20.947300
0.277000	-20.947300
0.278000	-20.947300
0.279000	-20.947300
0.280000	-21.752899
0.281000	-22.558599
0.282000	-20.947300
0.283000	-21.752899
0.284000	-20.947300
0.285000	-20.947300
0.286000	-21.752899
0.287000	-21.752899
0.288000	-20.947300
0.289000	-20.947300
0.290000	-20.947300
0.291000	-20.141600
0.292000	-20.947300
0.293000	-20.141600
0.294000	-19.335899
0.295000	-16.918900
0.296000	-16.113300
0.297000	-16.113300
0.298000	-16.918900
0.299000	-17.724600
0.300000	-18.530300
0.301000	-17.724600
0.302000	-18.530300
0.303000	-19.335899
0.304000	-20.947300
0.305000	-20.947300
0.306000	-20.947300
0.307000	-19.335899
0.308000	-20.141600
0.309000	-18.530300
0.310000	-19.335899
0.311000	-17.724600
0.312000	-16.918900
0.313000	-16.918900
0.314000	-17.724600
0.315000	-17.724600
0.316000	-18.530300
0.317000	-16.113300
0.318000	-15.307600
0.319000	-14.502000
0.320000	-14.502000
0.321000	-16.113300
0.322000	-16.113300
0.323000	-16.113300
0.324000	-14.502000
0.325000	-16.113300
0.326000	-16.113300
0.327000	-16.918900
0.328000	-17.724600
0.329000	-16.918900
0.330000	-18.530300
0.331000	-18.530300
0.332000	-20.141600
0.333000	-19.335899
0.334000	-19.335899
0.335000	-18.530300
0.336000	-19.335899
0.337000	-20.141600
0.338000	-17.724600
0.339000	-16.918900
0.340000	-17.724600
0.341000	-20.141600
0.342000	-24.169901
0.343000	-24.169901
0.344000	-20.947300
0.345000	-18.530300
0.346000	-18.530300
0.347000	-20.141600
0.348000	-20.947300
0.349000	-22.558599
0.350000	-18.530300
0.351000	-16.918900
0.352000	-15.307600
0.353000	-17.724600
0.354000	-18.530300
0.355000	-19.335899
0.356000	-17.724600
0.357000	-16.113300
0.358000	-16.113300
0.359000	-16.113300
0.360000	-18.530300
0.361000	-18.530300
0.362000	-17.724600
0.363000	-16.918900
0.364000	-16.113300
0.365000	-15.307600
0.366000	-17.724600
0.367000	-19.335899
0.368000	-18.530300
0.369000	-16.918900
0.370000	-15.307600
0.371000	-14.502000
0.372000	-16.113300
0.373000	-16.113300
0.374000	-14.502000
0.375000	-12.890600
0.376000	-13.696300
0.377000	-13.696300
0.378000	-12.085000
0.379000	-13.696300
0.380000	-14.502000
0.381000	-14.502000
0.382000	-14.502000
0.383000	-12.890600
0.384000	-12.890600
0.385000	-13.696300
0.386000	-12.085000
0.387000	-12.085000
0.388000	-12.085000
0.389000	-13.696300
0.390000	-12.890600
0.391000	-14.502000
0.392000	-13.696300
0.393000	-11.279300
0.394000	-12.085000
0.395000	-12.890600
0.396000	-12.890600
0.397000	-13.696300
0.398000	-12.085000
0.399000	-12.085000
0.400000	-11.279300
0.401000	-13.696300
0.402000	-15.307600
0.403000	-14.502000
0.404000	-12.085000
0.405000	-12.085000
0.406000	-11.279300
0.407000	-11.279300
0.408000	-12.085000
0.409000	-12.085000
0.410000	-11.279300
0.411000	-8.862310
0.412000	-9.667970
0.413000	-8.862310
0.414000	-9.667970
0.415000	-9.667970
0.416000	-8.056640
0.417000	-8.056640
0.418000	-8.862310
0.419000	-9.667970
0.420000	-11.279300
0.421000	-10.473600
0.422000	-9.667970
0.423000	-8.862310
0.424000	-8.862310
0.425000	-8.862310
0.426000	-11.279300
0.427000	-12.085000
0.428000	-12.085000
0.429000	-9.667970
0.430000	-8.056640
0.431000	-9.667970
0.432000	-8.056640
0.433000	-7.250980
0.434000	-6.445310
0.435000	-6.445310
0.436000	-4.028320
0.437000	-4.833980
0.438000	-5.639650
0.439000	-7.250980
0.440000	-8.862310
0.441000	-8.056640
0.442000	-8.862310
0.443000	-7.250980
0.444000	-9.667970
0.445000	-11.279300
0.446000	-11.279300
0.447000	-12.085000
0.448000	-10.473600
0.449000	-9.667970
0.450000	-10.473600
0.451000	-10.473600
0.452000	-10.473600
0.453000	-8.056640
0.454000	-7.250980
0.455000	-7.250980
0.456000	-8.056640
0.457000	-8.056640
0.458000	-8.862310
0.459000	-8.056640
0.460000	-7.250980
0.461000	-6.445310
0.462000	-5.639650
0.463000	-4.833980
0.464000	-5.639650
0.465000	-5.639650
0.466000	-3.222660
0.467000	-2.416990
0.468000	-2.416990
0.469000	-2.416990
0.470000	-0.805664
0.471000	-0.805664
0.472000	-1.611330
0.473000	-3.222660
0.474000	-1.611330
0.475000	-1.611330
0.476000	0.000000
0.477000	-0.805664
0.478000	-0.805664
0.479000	0.805664
0.480000	0.805664
0.481000	0.805664
0.482000	0.000000
0.483000	-0.805664
0.484000	-0.805664
0.485000	-0.805664
0.486000	-0.805664
0.487000	-0.805664
0.488000	-1.611330
0.489000	-2.416990
0.490000	-4.028320
0.491000	-3.222660
0.492000	-1.611330
0.493000	-1.611330
0.494000	1.611330
0.495000	0.805664
0.496000	0.805664
0.497000	-0.805664
0.498000	-1.611330
0.499000	-3.222660
0.500000	-1.611330
0.501000	1.611330
0.502000	2.416990
0.503000	-1.611330
0.504000	-3.222660
0.505000	-3.222660
0.506000	-2.416990
0.507000	-0.805664
0.508000	-1.611330
0.509000	-0.805664
0.510000	-3.222660
0.511000	-3.222660
0.512000	-1.611330
0.513000	-1.611330
0.514000	1.611330
0.515000	0.805664
0.516000	0.805664
0.517000	-0.805664
0.518000	0.805664
0.519000	0.000000
0.520000	1.611330
0.521000	1.611330
0.522000	-0.805664
0.523000	0.000000
0.524000	0.805664
0.525000	0.805664
0.526000	0.000000
0.527000	1.611330
0.528000	0.000000
0.529000	1.611330
0.530000	2.416990
0.531000	2.416990
0.532000	4.833980
0.533000	4.028320
0.534000	4.833980
0.535000	3.222660
0.536000	3.222660
0.537000	3.222660
0.538000	4.833980
0.539000	5.639650
0.540000	7.250980
0.541000	8.056640
0.542000	5.639650
0.543000	4.833980
0.544000	4.028320
0.545000	5.639650
0.546000	7.250980
0.547000	7.250980
0.548000	4.833980
0.549000	4.028320
0.550000	4.028320
0.551000	3.222660
0.552000	3.222660
0.553000	4.028320
0.554000	4.028320
0.555000	4.028320
0.556000	3.222660
0.557000	3.222660
0.558000	4.028320
0.559000	4.028320
0.560000	4.833980
0.561000	5.639650
0.562000	5.639650
0.563000	6.445310
0.564000	7.250980
0.565000	6.445310
0.566000	6.445310
0.567000	6.445310
0.568000	8.056640
0.569000	8.056640
0.570000	6.445310
0.571000	7.250980
0.572000	8.056640
0.573000	8.056640
0.574000	6.445310
0.575000	6.445310
0.576000	7.250980
0.577000	8.056640
0.578000	8.056640
0.579000	8.056640
0.580000	8.862310
0.581000	8.056640
0.582000	7.250980
0.583000	7.250980
0.584000	8.862310
0.585000	8.862310
0.586000	8.056640
0.587000	8.862310
0.588000	5.639650
0.589000	8.862310
0.590000	9.667970
0.591000	9.667970
0.592000	12.890600
0.593000	12.085000
0.594000	16.918900
0.595000	17.724600
0.596000	20.141600
0.597000	17.724600
0.598000	11.279300
0.599000	-3.222660
0.600000	12.890600
0.601000	18.530300
0.602000	50.756802
0.603000	53.173801
0.604000	53.979500
0.605000	37.060501
0.606000	29.809601
0.607000	21.752899
0.608000	23.364300
0.609000	20.947300
0.610000	9.667970
0.611000	-16.918900
0.612000	-35.449200
0.613000	-35.449200
0.614000	-16.113300
0.615000	-1.611330
0.616000	6.445310
0.617000	1.611330
0.618000	0.000000
0.619000	4.028320
0.620000	9.667970
0.621000	11.279300
0.622000	8.056640
0.623000	2.416990
