0.000000	-0.384000
0.003560	-0.384000
-0.007580	-0.384000
-0.004160	-0.384000
0.010600	-0.402000
-0.006320	-0.384000
0.012000	-0.402000
0.000360	-0.402000
-0.003950	-0.205000
0.011100	0.800000
0.566000	0.854000
1.150000	-0.223000
3.390000	-2.540000
4.320000	-6.820000
5.070000	-11.600000
5.010000	-8.580000
5.130000	-6.840000
5.140000	-8.780000
5.800000	-10.000000
6.620000	-13.000000
7.120000	-15.400000
7.520000	-14.900000
7.820000	-15.500000
8.390000	-17.600000
8.570000	-18.100000
8.570000	-19.200001
9.770000	-19.200001
9.990000	-20.500000
10.400000	-20.799999
10.900000	-20.900000
11.300000	-21.600000
12.000000	-22.500000
13.800000	0.513000
16.799999	-17.799999
19.200001	-19.900000
21.000000	-29.900000
21.200001	-24.299999
20.900000	-16.700001
20.700001	-16.600000
21.100000	-19.600000
22.400000	-21.299999
22.299999	-23.100000
22.700001	-21.200001
23.000000	-21.500000
22.900000	-23.500000
24.000000	-23.000000
24.799999	-22.000000
25.299999	-21.700001
26.700001	-21.000000
28.000000	-20.500000
29.900000	-18.600000
32.599998	-13.900000
35.900002	-10.500000
40.599998	-5.840000
46.000000	-4.980000
49.500000	-3.380000
43.799999	-0.940000
45.299999	-4.640000
38.000000	-1.940000
30.000000	-13.600000
