-0.500000	0.534022
-0.499000	0.711908
-0.498000	0.711908
-0.497000	0.711908
-0.496000	0.711908
-0.495000	0.622965
-0.494000	0.711908
-0.493000	0.622965
-0.492000	0.711908
-0.491000	0.711908
-0.490000	0.711908
-0.489000	0.534022
-0.488000	0.711908
-0.487000	0.711908
-0.486000	0.801033
-0.485000	0.622965
-0.484000	0.622965
-0.483000	0.622965
-0.482000	0.534022
-0.481000	0.622965
-0.480000	0.711908
-0.479000	0.711908
-0.478000	0.622965
-0.477000	0.711908
-0.476000	0.711908
-0.475000	0.711908
-0.474000	0.711908
-0.473000	0.622965
-0.472000	0.534022
-0.471000	0.622965
-0.470000	0.534022
-0.469000	0.711908
-0.468000	0.622965
-0.467000	0.622965
-0.466000	0.622965
-0.465000	0.622965
-0.464000	0.711908
-0.463000	0.711908
-0.462000	0.711908
-0.461000	0.534022
-0.460000	0.711908
-0.459000	0.622965
-0.458000	0.711908
-0.457000	0.622965
-0.456000	0.622965
-0.455000	0.622965
-0.454000	0.711908
-0.453000	0.711908
-0.452000	0.711908
-0.451000	0.711908
-0.450000	0.622965
-0.449000	0.711908
-0.448000	0.711908
-0.447000	0.622965
-0.446000	0.801033
-0.445000	0.711908
-0.444000	0.622965
-0.443000	0.801033
-0.442000	0.622965
-0.441000	0.711908
-0.440000	0.622965
-0.439000	0.622965
-0.438000	0.622965
-0.437000	0.622965
-0.436000	0.622965
-0.435000	0.622965
-0.434000	0.534022
-0.433000	0.711908
-0.432000	0.622965
-0.431000	0.711908
-0.430000	0.711908
-0.429000	0.801033
-0.428000	0.622965
-0.427000	0.711908
-0.426000	0.711908
-0.425000	0.711908
-0.424000	0.622965
-0.423000	0.622965
-0.422000	0.622965
-0.421000	0.622965
-0.420000	0.622965
-0.419000	0.711908
-0.418000	0.534022
-0.417000	0.534022
-0.416000	0.622965
-0.415000	0.534022
-0.414000	0.711908
-0.413000	0.711908
-0.412000	0.711908
-0.411000	0.622965
-0.410000	0.622965
-0.409000	0.711908
-0.408000	0.711908
-0.407000	0.622965
-0.406000	0.711908
-0.405000	0.622965
-0.404000	0.622965
-0.403000	0.444897
-0.402000	0.622965
-0.401000	0.622965
-0.400000	0.622965
-0.399000	0.711908
-0.398000	0.622965
-0.397000	0.534022
-0.396000	0.711908
-0.395000	0.622965
-0.394000	0.622965
-0.393000	0.711908
-0.392000	0.711908
-0.391000	0.711908
-0.390000	0.622965
-0.389000	0.534022
-0.388000	0.622965
-0.387000	0.534022
-0.386000	0.711908
-0.385000	0.622965
-0.384000	0.622965
-0.383000	0.444897
-0.382000	0.622965
-0.381000	0.622965
-0.380000	0.622965
-0.379000	0.622965
-0.378000	0.711908
-0.377000	0.622965
-0.376000	0.622965
-0.375000	0.622965
-0.374000	0.622965
-0.373000	0.711908
-0.372000	0.534022
-0.371000	0.711908
-0.370000	0.534022
-0.369000	0.622965
-0.368000	0.534022
-0.367000	0.622965
-0.366000	0.534022
-0.365000	0.622965
-0.364000	0.801033
-0.363000	0.711908
-0.362000	0.622965
-0.361000	0.801033
-0.360000	0.711908
-0.359000	0.801033
-0.358000	0.711908
-0.357000	0.534022
-0.356000	0.622965
-0.355000	0.622965
-0.354000	0.711908
-0.353000	0.622965
-0.352000	0.622965
-0.351000	0.622965
-0.350000	0.534022
-0.349000	0.622965
-0.348000	0.711908
-0.347000	0.711908
-0.346000	0.622965
-0.345000	0.622965
-0.344000	0.711908
-0.343000	0.711908
-0.342000	0.711908
-0.341000	0.801033
-0.340000	0.622965
-0.339000	0.622965
-0.338000	0.711908
-0.337000	0.711908
-0.336000	0.711908
-0.335000	0.622965
-0.334000	0.711908
-0.333000	0.534022
-0.332000	0.534022
-0.331000	0.711908
-0.330000	0.711908
-0.329000	0.711908
-0.328000	0.711908
-0.327000	0.711908
-0.326000	0.801033
-0.325000	0.801033
-0.324000	0.801033
-0.323000	0.711908
-0.322000	0.622965
-0.321000	0.711908
-0.320000	0.622965
-0.319000	0.711908
-0.318000	0.444897
-0.317000	0.711908
-0.316000	0.534022
-0.315000	0.622965
-0.314000	0.711908
-0.313000	0.711908
-0.312000	0.711908
-0.311000	0.711908
-0.310000	0.711908
-0.309000	0.711908
-0.308000	0.801033
-0.307000	0.801033
-0.306000	0.711908
-0.305000	0.622965
-0.304000	0.534022
-0.303000	0.622965
-0.302000	0.711908
-0.301000	0.534022
-0.300000	0.622965
-0.299000	0.622965
-0.298000	0.801033
-0.297000	0.711908
-0.296000	0.622965
-0.295000	0.711908
-0.294000	0.622965
-0.293000	0.711908
-0.292000	0.711908
-0.291000	0.801033
-0.290000	0.711908
-0.289000	0.711908
-0.288000	0.711908
-0.287000	0.711908
-0.286000	0.622965
-0.285000	0.711908
-0.284000	0.622965
-0.283000	0.534022
-0.282000	0.622965
-0.281000	0.711908
-0.280000	0.711908
-0.279000	0.711908
-0.278000	0.622965
-0.277000	0.711908
-0.276000	0.801033
-0.275000	0.801033
-0.274000	0.711908
-0.273000	0.711908
-0.272000	0.622965
-0.271000	0.711908
-0.270000	0.622965
-0.269000	0.534022
-0.268000	0.622965
-0.267000	0.711908
-0.266000	0.711908
-0.265000	0.622965
-0.264000	0.711908
-0.263000	0.711908
-0.262000	0.711908
-0.261000	0.801033
-0.260000	0.534022
-0.259000	0.801033
-0.258000	0.801033
-0.257000	0.711908
-0.256000	0.622965
-0.255000	0.622965
-0.254000	0.622965
-0.253000	0.534022
-0.252000	0.801033
-0.251000	0.534022
-0.250000	0.444897
-0.249000	0.622965
-0.248000	0.622965
-0.247000	0.801033
-0.246000	0.534022
-0.245000	0.711908
-0.244000	0.622965
-0.243000	0.622965
-0.242000	0.711908
-0.241000	0.711908
-0.240000	0.622965
-0.239000	0.444897
-0.238000	0.622965
-0.237000	0.622965
-0.236000	0.534022
-0.235000	0.622965
-0.234000	0.622965
-0.233000	0.444897
-0.232000	0.622965
-0.231000	0.711908
-0.230000	0.622965
-0.229000	0.711908
-0.228000	0.534022
-0.227000	0.622965
-0.226000	0.622965
-0.225000	0.711908
-0.224000	0.801033
-0.223000	0.534022
-0.222000	0.711908
-0.221000	0.622965
-0.220000	0.711908
-0.219000	0.534022
-0.218000	0.622965
-0.217000	0.622965
-0.216000	0.622965
-0.215000	0.622965
-0.214000	0.711908
-0.213000	0.711908
-0.212000	0.711908
-0.211000	0.622965
-0.210000	0.622965
-0.209000	0.711908
-0.208000	0.711908
-0.207000	0.534022
-0.206000	0.711908
-0.205000	0.622965
-0.204000	0.711908
-0.203000	0.711908
-0.202000	0.711908
-0.201000	0.622965
-0.200000	0.622965
-0.199000	0.622965
-0.198000	0.622965
-0.197000	0.711908
-0.196000	0.711908
-0.195000	0.711908
-0.194000	0.801033
-0.193000	0.711908
-0.192000	0.711908
-0.191000	0.801033
-0.190000	0.622965
-0.189000	0.711908
-0.188000	0.711908
-0.187000	0.622965
-0.186000	0.622965
-0.185000	0.711908
-0.184000	0.711908
-0.183000	0.534022
-0.182000	0.622965
-0.181000	0.622965
-0.180000	0.622965
-0.179000	0.711908
-0.178000	0.711908
-0.177000	0.801033
-0.176000	0.711908
-0.175000	0.711908
-0.174000	0.711908
-0.173000	0.711908
-0.172000	0.711908
-0.171000	0.622965
-0.170000	0.622965
-0.169000	0.711908
-0.168000	0.622965
-0.167000	0.534022
-0.166000	0.622965
-0.165000	0.622965
-0.164000	0.711908
-0.163000	0.711908
-0.162000	0.711908
-0.161000	0.622965
-0.160000	0.711908
-0.159000	0.622965
-0.158000	0.801033
-0.157000	0.622965
-0.156000	0.622965
-0.155000	0.622965
-0.154000	0.622965
-0.153000	0.622965
-0.152000	0.534022
-0.151000	0.711908
-0.150000	0.622965
-0.149000	0.622965
-0.148000	0.534022
-0.147000	0.801033
-0.146000	0.711908
-0.145000	0.711908
-0.144000	0.711908
-0.143000	0.711908
-0.142000	0.711908
-0.141000	0.711908
-0.140000	0.622965
-0.139000	0.622965
-0.138000	0.534022
-0.137000	0.622965
-0.136000	0.711908
-0.135000	0.622965
-0.134000	0.622965
-0.133000	0.534022
-0.132000	0.622965
-0.131000	0.534022
-0.130000	0.711908
-0.129000	0.801033
-0.128000	0.622965
-0.127000	0.801033
-0.126000	0.711908
-0.125000	0.801033
-0.124000	0.711908
-0.123000	0.711908
-0.122000	0.622965
-0.121000	0.622965
-0.120000	0.622965
-0.119000	0.622965
-0.118000	0.711908
-0.117000	0.534022
-0.116000	0.711908
-0.115000	0.711908
-0.114000	0.711908
-0.113000	0.622965
-0.112000	0.711908
-0.111000	0.711908
-0.110000	0.711908
-0.109000	0.801033
-0.108000	0.801033
-0.107000	0.801033
-0.106000	0.622965
-0.105000	0.711908
-0.104000	0.622965
-0.103000	0.622965
-0.102000	0.622965
-0.101000	0.622965
-0.100000	0.622965
-0.099000	0.534022
-0.098000	0.711908
-0.097000	0.622965
-0.096000	0.622965
-0.095000	0.711908
-0.094000	0.711908
-0.093000	0.622965
-0.092000	0.622965
-0.091000	0.801033
-0.090000	0.711908
-0.089000	0.711908
-0.088000	0.622965
-0.087000	0.534022
-0.086000	0.622965
-0.085000	0.534022
-0.084000	0.622965
-0.083000	0.622965
-0.082000	0.622965
-0.081000	0.534022
-0.080000	0.711908
-0.079000	0.801033
-0.078000	0.711908
-0.077000	0.622965
-0.076000	0.801033
-0.075000	0.622965
-0.074000	0.711908
-0.073000	0.622965
-0.072000	0.622965
-0.071000	0.711908
-0.070000	0.534022
-0.069000	0.622965
-0.068000	0.622965
-0.067000	0.622965
-0.066000	0.622965
-0.065000	0.711908
-0.064000	0.622965
-0.063000	0.711908
-0.062000	0.711908
-0.061000	0.711908
-0.060000	0.622965
-0.059000	0.801033
-0.058000	0.711908
-0.057000	0.622965
-0.056000	0.622965
-0.055000	0.534022
-0.054000	0.711908
-0.053000	0.534022
-0.052000	0.711908
-0.051000	0.711908
-0.050000	0.534022
-0.049000	0.622965
-0.048000	0.711908
-0.047000	0.711908
-0.046000	0.622965
-0.045000	0.711908
-0.044000	0.534022
-0.043000	0.711908
-0.042000	0.711908
-0.041000	0.711908
-0.040000	0.622965
-0.039000	0.622965
-0.038000	0.534022
-0.037000	0.622965
-0.036000	0.711908
-0.035000	0.622965
-0.034000	0.622965
-0.033000	0.622965
-0.032000	0.711908
-0.031000	0.534022
-0.030000	0.711908
-0.029000	0.622965
-0.028000	0.622965
-0.027000	0.889976
-0.026000	1.156990
-0.025000	1.067860
-0.024000	0.889976
-0.023000	0.711908
-0.022000	1.067860
-0.021000	1.067860
-0.020000	1.156990
-0.019000	1.067860
-0.018000	1.067860
-0.017000	1.156990
-0.016000	1.067860
-0.015000	0.801033
-0.014000	0.978918
-0.013000	1.334870
-0.012000	1.334870
-0.011000	1.245930
-0.010000	1.156990
-0.009000	1.156990
-0.008000	1.067860
-0.007000	1.245930
-0.006000	1.156990
-0.005000	1.245930
-0.004000	1.245930
-0.003000	1.156990
-0.002000	0.978918
-0.001000	1.156990
0.000000	0.978918
0.001000	0.711908
0.002000	0.889976
0.003000	0.978918
0.004000	0.801033
0.005000	1.245930
0.006000	1.245930
0.007000	1.067860
0.008000	1.424000
0.009000	2.135900
0.010000	1.779950
0.011000	-1.690830
0.012000	0.088943
0.013000	0.178068
0.014000	0.000000
0.015000	0.178068
0.016000	-0.178068
0.017000	1.067860
0.018000	0.088943
0.019000	-0.534022
0.020000	1.156990
0.021000	0.088943
0.022000	6.051580
0.023000	2.313790
0.024000	1.601880
0.025000	4.093740
0.026000	-0.622965
0.027000	2.313790
0.028000	3.737790
0.029000	1.512940
0.030000	3.470780
0.031000	-1.067860
0.032000	-4.983720
0.033000	-2.313790
0.034000	0.178068
0.035000	4.182680
0.036000	6.407530
0.037000	5.250730
0.038000	2.224850
0.039000	0.088943
0.040000	0.801033
0.041000	1.424000
0.042000	2.224850
0.043000	2.758870
0.044000	0.444897
0.045000	-1.067860
0.046000	-0.889976
0.047000	-0.889976
0.048000	-1.245930
0.049000	-1.957840
0.050000	-1.868890
0.051000	-1.067860
0.052000	0.889976
0.053000	-0.978918
0.054000	-0.088943
0.055000	-2.313790
0.056000	-4.805650
0.057000	-4.805650
0.058000	-3.559720
0.059000	-1.601880
0.060000	-0.801033
0.061000	-1.957840
0.062000	-2.669740
0.063000	-3.559720
0.064000	-3.114820
0.065000	-2.135900
0.066000	-2.936760
0.067000	-2.669740
0.068000	-3.292710
0.069000	-2.936760
0.070000	2.669740
0.071000	0.801033
0.072000	-4.004800
0.073000	-0.088943
0.074000	-3.114820
0.075000	-9.077460
0.076000	-5.517560
0.077000	-3.559720
0.078000	-2.847810
0.079000	1.156990
0.080000	-1.957840
0.081000	-5.695620
0.082000	-2.313790
0.083000	-1.957840
0.084000	-4.271810
0.085000	-3.292710
0.086000	-3.203770
0.087000	-2.669740
0.088000	-1.779950
0.089000	-1.690830
0.090000	-3.559720
0.091000	-3.915670
0.092000	-4.004800
0.093000	-4.983720
0.094000	-4.271810
0.095000	-2.580800
0.096000	-1.245930
0.097000	-1.601880
0.098000	-4.004800
0.099000	23.583500
0.100000	-16.642000
0.101000	-34.529701
0.102000	5.072660
0.103000	5.695620
0.104000	-4.093740
0.105000	-11.124200
0.106000	-8.721510
0.107000	-4.805650
0.108000	-3.203770
0.109000	-8.454490
0.110000	-18.510900
0.111000	-5.428610
0.112000	3.826730
0.113000	-9.789370
0.114000	-6.407530
0.115000	-3.114820
0.116000	-9.344470
0.117000	-3.114820
0.118000	-3.381830
0.119000	-12.014200
0.120000	-8.098540
0.121000	-4.449700
0.122000	-7.742400
0.123000	-7.742400
0.124000	-8.988330
0.125000	-6.852610
0.126000	-4.716710
0.127000	-7.297510
0.128000	-7.030500
0.129000	-4.805650
0.130000	-6.140520
0.131000	-7.119620
0.132000	-5.873690
0.133000	-4.983720
0.134000	-6.674540
0.135000	-8.098540
0.136000	-8.009420
0.137000	-7.564520
0.138000	-4.894590
0.139000	-5.072660
0.140000	-7.119620
0.141000	-6.229650
0.142000	-5.784570
0.143000	-5.695620
0.144000	-4.805650
0.145000	-7.030500
0.146000	-5.873690
0.147000	-2.758870
0.148000	-10.768300
0.149000	0.801033
0.150000	-17.887899
0.151000	-5.695620
0.152000	-6.941550
0.153000	-2.224850
0.154000	-5.606680
0.155000	-10.412300
0.156000	-5.784570
0.157000	-7.564520
0.158000	-4.894590
0.159000	22.693600
0.160000	-20.646601
0.161000	1.334870
0.162000	-12.459100
0.163000	2.491860
0.164000	1.779950
0.165000	-18.065800
0.166000	2.580800
0.167000	-3.470780
0.168000	-1.245930
0.169000	-13.794200
0.170000	-31.948900
0.171000	1.601880
0.172000	8.632380
0.173000	-9.967430
0.174000	-21.358700
0.175000	-18.421700
0.176000	-12.637200
0.177000	11.925300
0.178000	15.663100
0.179000	-121.476997
0.180000	4.983720
0.181000	75.022003
0.182000	17.976900
0.183000	-22.604401
0.184000	-27.232201
0.185000	-0.889976
0.186000	4.093740
0.187000	-19.311701
0.188000	-14.150100
0.189000	1.957840
0.190000	16.642000
0.191000	8.543440
0.192000	-38.356400
0.193000	-23.138500
0.194000	15.396000
0.195000	16.819901
0.196000	3.114820
0.197000	-10.412300
0.198000	-24.562500
0.199000	-1.334870
0.200000	9.077460
0.201000	-4.449700
0.202000	-6.496660
0.203000	-7.297510
0.204000	-9.433410
0.205000	-6.941550
0.206000	-6.051580
0.207000	-12.281200
0.208000	-4.983720
0.209000	-1.245930
0.210000	-17.976900
0.211000	-15.663100
0.212000	1.067860
0.213000	3.025880
0.214000	0.088943
0.215000	-5.517560
0.216000	-16.819901
0.217000	-9.166400
0.218000	-2.135900
0.219000	-6.941550
0.220000	-10.323400
0.221000	-4.894590
0.222000	-3.826730
0.223000	-2.847810
0.224000	-1.067860
0.225000	-0.801033
0.226000	0.178068
0.227000	-1.334870
0.228000	-9.433410
0.229000	-10.590200
0.230000	-0.622965
0.231000	4.627760
0.232000	-0.267011
0.233000	-8.098540
0.234000	-14.595000
0.235000	-8.454490
0.236000	-0.711908
0.237000	-1.334870
0.238000	-3.025880
0.239000	-3.470780
0.240000	-1.067860
0.241000	0.000000
0.242000	-2.580800
0.243000	-3.559720
0.244000	-1.156990
0.245000	-0.978918
0.246000	1.512940
0.247000	-4.093740
0.248000	-2.847810
0.249000	-4.093740
0.250000	-1.067860
0.251000	-4.004800
0.252000	-6.585600
0.253000	-2.669740
0.254000	0.178068
0.255000	3.025880
0.256000	4.182680
0.257000	1.868890
0.258000	-0.088943
0.259000	0.622965
0.260000	-0.889976
0.261000	-3.648850
0.262000	-2.491860
0.263000	-2.046780
0.264000	-2.847810
0.265000	-0.622965
0.266000	-1.156990
0.267000	-0.444897
0.268000	0.978918
0.269000	0.267011
0.270000	-3.203770
0.271000	-1.245930
0.272000	1.779950
0.273000	1.067860
0.274000	-1.334870
0.275000	-3.381830
0.276000	-3.648850
0.277000	-3.025880
0.278000	-7.831530
0.279000	-0.978918
0.280000	-5.250730
0.281000	0.267011
0.282000	-3.648850
0.283000	-1.067860
0.284000	0.711908
0.285000	1.334870
0.286000	2.491860
0.287000	-4.449700
0.288000	-2.402920
0.289000	-2.580800
0.290000	-4.983720
0.291000	0.801033
0.292000	-0.444897
0.293000	-2.491860
0.294000	2.669740
0.295000	1.779950
0.296000	0.444897
0.297000	0.178068
0.298000	0.978918
0.299000	3.737790
0.300000	11.213200
0.301000	2.580800
0.302000	-0.889976
0.303000	2.402920
0.304000	0.978918
0.305000	1.424000
0.306000	-0.444897
0.307000	6.941550
0.308000	8.454490
0.309000	0.978918
0.310000	1.067860
0.311000	0.801033
0.312000	-1.245930
0.313000	23.227400
0.314000	13.171200
0.315000	3.737790
0.316000	-5.428610
0.317000	4.093740
0.318000	12.993100
0.319000	15.929900
0.320000	4.894590
0.321000	2.936760
0.322000	6.051580
0.323000	-0.267011
0.324000	4.805650
0.325000	9.255350
0.326000	0.178068
0.327000	-7.119620
0.328000	13.883100
0.329000	14.773100
0.330000	-2.758870
0.331000	4.716710
0.332000	15.040100
0.333000	8.276430
0.334000	9.789370
0.335000	10.412300
0.336000	14.417100
0.337000	19.400700
0.338000	22.426500
0.339000	27.321100
0.340000	36.131599
0.341000	18.599800
0.342000	-15.752000
0.343000	-49.747700
0.344000	-25.719299
0.345000	29.190001
0.346000	44.141201
0.347000	14.150100
0.348000	-21.180599
0.349000	-26.253300
0.350000	7.297510
0.351000	4.805650
0.352000	14.417100
0.353000	19.400700
0.354000	0.978918
0.355000	-42.361198
0.356000	-34.529701
0.357000	7.564520
0.358000	31.147900
0.359000	9.967430
0.360000	-11.124200
0.361000	-24.028400
0.362000	-18.065800
0.363000	-0.801033
0.364000	7.119620
0.365000	6.585600
0.366000	0.088943
0.367000	-17.709801
0.368000	-26.520300
0.369000	-11.302300
0.370000	0.534022
0.371000	-3.025880
0.372000	-2.847810
0.373000	-4.093740
0.374000	-23.316500
0.375000	-26.164301
0.376000	-17.531799
0.377000	-0.534022
0.378000	6.229650
0.379000	-28.923000
0.380000	-35.953701
0.381000	-14.150100
0.382000	6.763490
0.383000	-5.695620
0.384000	-21.091700
0.385000	-14.328000
0.386000	4.894590
0.387000	2.313790
0.388000	4.182680
0.389000	4.004800
0.390000	4.004800
0.391000	-0.178068
0.392000	-13.171200
0.393000	-0.178068
0.394000	41.471298
0.395000	48.412800
0.396000	-14.150100
0.397000	-42.895302
0.398000	10.590200
0.399000	53.040600
0.400000	44.230099
0.401000	11.569300
0.402000	-13.883100
0.403000	-3.025880
0.404000	31.414900
0.405000	20.290600
0.406000	-0.978918
0.407000	24.473301
0.408000	40.492298
0.409000	32.838902
0.410000	1.779950
0.411000	-20.913601
0.412000	0.088943
0.413000	37.911499
0.414000	43.340199
0.415000	6.674540
0.416000	-2.847810
0.417000	4.004800
0.418000	14.595000
0.419000	30.524900
0.420000	24.206499
0.421000	9.344470
0.422000	14.506100
0.423000	11.480200
0.424000	17.798800
0.425000	8.632380
0.426000	9.077460
0.427000	13.972100
0.428000	3.114820
0.429000	7.297510
0.430000	4.271810
0.431000	-2.046780
0.432000	2.936760
0.433000	1.512940
0.434000	6.852610
0.435000	9.522360
0.436000	-5.250730
0.437000	-0.267011
0.438000	-4.093740
0.439000	2.224850
0.440000	15.929900
0.441000	4.894590
0.442000	0.267011
0.443000	0.534022
0.444000	-0.355954
0.445000	2.491860
0.446000	-9.433410
0.447000	-6.852610
0.448000	4.271810
0.449000	4.360750
0.450000	5.428610
0.451000	0.711908
0.452000	-9.077460
0.453000	-2.402920
0.454000	10.234300
0.455000	15.663100
0.456000	7.564520
0.457000	-3.114820
0.458000	-3.470780
0.459000	3.292710
0.460000	10.234300
0.461000	13.171200
0.462000	2.491860
0.463000	-1.156990
0.464000	7.030500
0.465000	7.030500
0.466000	6.674540
0.467000	13.082100
0.468000	9.344470
0.469000	7.653460
0.470000	10.679300
0.471000	1.601880
0.472000	-0.711908
0.473000	8.187480
0.474000	13.616100
0.475000	9.344470
0.476000	4.093740
0.477000	1.601880
0.478000	0.178068
0.479000	5.517560
0.480000	12.192300
0.481000	8.810450
0.482000	0.622965
0.483000	0.088943
0.484000	-1.424000
0.485000	1.245930
0.486000	6.585600
0.487000	2.402920
0.488000	-3.648850
0.489000	-1.779950
0.490000	-3.559720
0.491000	-4.271810
0.492000	-1.334870
0.493000	0.178068
0.494000	-0.622965
0.495000	0.178068
0.496000	-2.313790
0.497000	-4.271810
0.498000	-5.072660
0.499000	-2.936760
0.500000	1.957840
0.501000	1.512940
0.502000	-2.402920
0.503000	-4.360750
0.504000	-5.517560
0.505000	-1.067860
0.506000	1.067860
0.507000	-1.334870
0.508000	-2.135900
0.509000	-2.046780
0.510000	1.245930
0.511000	5.606680
0.512000	2.847810
0.513000	-0.178068
0.514000	0.444897
0.515000	2.936760
0.516000	4.449700
0.517000	0.444897
0.518000	-1.512940
0.519000	0.801033
0.520000	3.025880
0.521000	7.475580
0.522000	6.674540
0.523000	4.004800
0.524000	2.224850
0.525000	4.538640
0.526000	6.941550
0.527000	6.051580
0.528000	3.915670
0.529000	4.716710
0.530000	4.538640
0.531000	3.203770
0.532000	1.601880
0.533000	1.245930
0.534000	2.758870
0.535000	5.517560
0.536000	3.915670
0.537000	2.135900
0.538000	0.355954
0.539000	-0.355954
0.540000	2.491860
0.541000	5.339670
0.542000	2.936760
0.543000	-2.046780
0.544000	-3.826730
0.545000	-3.826730
0.546000	-0.801033
0.547000	1.779950
0.548000	1.601880
0.549000	-2.402920
0.550000	-5.695620
0.551000	-4.983720
0.552000	-3.559720
0.553000	0.355954
0.554000	3.915670
0.555000	-0.355954
0.556000	-1.512940
0.557000	0.534022
0.558000	-0.622965
0.559000	-0.801033
0.560000	1.245930
0.561000	2.936760
0.562000	-0.889976
0.563000	-1.067860
0.564000	-1.868890
0.565000	-2.135900
0.566000	5.962640
0.567000	4.538640
0.568000	3.915670
0.569000	6.229650
0.570000	3.025880
0.571000	1.156990
0.572000	3.292710
0.573000	7.386450
0.574000	5.695620
0.575000	1.245930
0.576000	5.873690
0.577000	3.737790
0.578000	1.601880
0.579000	4.538640
0.580000	4.449700
0.581000	5.250730
0.582000	7.030500
0.583000	1.245930
0.584000	2.669740
0.585000	4.004800
0.586000	7.030500
0.587000	0.355954
0.588000	-3.470780
0.589000	2.046780
0.590000	4.449700
0.591000	6.585600
0.592000	-4.538640
0.593000	-7.564520
0.594000	6.852610
0.595000	5.873690
0.596000	-1.868890
0.597000	-3.648850
0.598000	-0.267011
0.599000	5.161600
0.600000	2.224850
0.601000	-3.915670
0.602000	6.051580
0.603000	2.313790
0.604000	-13.349100
0.605000	-10.145300
0.606000	10.056400
0.607000	12.548200
0.608000	-9.967430
0.609000	-18.688801
0.610000	4.093740
0.611000	15.485000
0.612000	-2.402920
0.613000	-18.510900
0.614000	-12.281200
0.615000	12.904200
0.616000	1.957840
0.617000	-19.133699
0.618000	-13.883100
0.619000	-2.847810
0.620000	5.695620
0.621000	-2.046780
0.622000	-10.323400
0.623000	2.847810
0.624000	16.730900
0.625000	-0.355954
0.626000	-11.391200
0.627000	-0.534022
0.628000	11.035300
0.629000	3.292710
0.630000	-5.962640
0.631000	-4.093740
0.632000	3.025880
0.633000	10.323400
0.634000	5.962640
0.635000	-0.978918
0.636000	3.648850
0.637000	10.590200
0.638000	6.674540
0.639000	3.025880
0.640000	5.606680
0.641000	10.234300
0.642000	12.370200
0.643000	5.339670
0.644000	1.245930
0.645000	5.250730
0.646000	7.564520
0.647000	5.072660
0.648000	0.444897
0.649000	0.355954
0.650000	3.203770
0.651000	4.004800
0.652000	-0.267011
0.653000	2.936760
0.654000	17.709801
0.655000	-16.997900
0.656000	32.482899
0.657000	20.735701
0.658000	-9.700420
0.659000	-3.915670
0.660000	-2.046780
0.661000	-10.590200
0.662000	2.580800
0.663000	-2.491860
0.664000	-8.009420
0.665000	6.763490
0.666000	16.730900
0.667000	-3.559720
0.668000	-9.967430
0.669000	9.166400
0.670000	16.018999
0.671000	-1.601880
0.672000	-11.658300
0.673000	-4.716710
0.674000	3.381830
0.675000	8.988330
0.676000	0.355954
0.677000	-9.789370
0.678000	-0.711908
0.679000	10.857200
0.680000	3.292710
0.681000	-9.077460
0.682000	-3.915670
0.683000	5.784570
0.684000	2.046780
0.685000	-4.093740
0.686000	-0.178068
0.687000	6.852610
0.688000	7.119620
0.689000	6.585600
0.690000	-5.606680
0.691000	-8.721510
0.692000	5.339670
0.693000	14.595000
0.694000	-14.773100
0.695000	-27.588100
0.696000	12.014200
0.697000	35.330700
0.698000	0.267011
0.699000	-17.086901
0.700000	-4.805650
0.701000	9.166400
0.702000	0.801033
0.703000	10.857200
0.704000	26.520300
0.705000	-7.030500
0.706000	-24.829300
0.707000	5.517560
0.708000	13.349100
0.709000	-19.044701
0.710000	-18.688801
0.711000	9.700420
0.712000	11.213200
0.713000	5.695620
0.714000	12.103200
0.715000	-6.763490
0.716000	-25.452200
0.717000	3.203770
0.718000	28.211100
0.719000	15.752000
0.720000	-19.756599
0.721000	-29.635099
0.722000	-1.424000
0.723000	19.934700
0.724000	4.449700
0.725000	-6.318590
0.726000	-2.491860
0.727000	-2.224850
0.728000	3.915670
0.729000	8.454490
0.730000	-9.878310
0.731000	-6.229650
0.732000	27.944099
0.733000	7.030500
0.734000	-36.042599
0.735000	-20.735701
0.736000	18.065800
0.737000	20.201700
0.738000	-0.801033
0.739000	-10.501300
0.740000	-7.119620
0.741000	-1.156990
0.742000	2.580800
0.743000	6.496660
0.744000	5.339670
0.745000	-2.758870
0.746000	0.267011
0.747000	12.815200
0.748000	2.224850
0.749000	-14.150100
0.750000	-12.637200
0.751000	6.941550
0.752000	12.815200
0.753000	-6.318590
0.754000	-1.156990
0.755000	4.538640
0.756000	-4.627760
0.757000	0.000000
0.758000	21.892500
0.759000	13.438000
0.760000	-0.801033
0.761000	-1.601880
0.762000	1.424000
0.763000	-3.114820
0.764000	-4.004800
0.765000	1.067860
0.766000	6.229650
0.767000	6.852610
0.768000	-2.669740
0.769000	-5.873690
0.770000	7.653460
0.771000	16.730900
0.772000	8.988330
0.773000	-3.025880
0.774000	-5.250730
0.775000	-7.119620
0.776000	-7.564520
0.777000	-2.046780
0.778000	5.873690
0.779000	5.339670
0.780000	-1.424000
0.781000	-9.344470
0.782000	-9.255350
0.783000	-0.978918
0.784000	9.166400
0.785000	5.428610
0.786000	-4.805650
0.787000	-7.030500
0.788000	-0.622965
0.789000	4.716710
0.790000	5.517560
0.791000	-1.512940
0.792000	-13.349100
0.793000	-14.684000
0.794000	-1.779950
0.795000	7.742400
0.796000	9.611300
0.797000	-0.444897
0.798000	-4.360750
0.799000	1.334870
0.800000	13.616100
0.801000	10.679300
0.802000	-1.601880
0.803000	-3.381830
0.804000	0.355954
0.805000	1.424000
0.806000	-3.559720
0.807000	-4.627760
0.808000	0.801033
0.809000	8.543440
0.810000	10.056400
0.811000	2.669740
0.812000	1.334870
0.813000	1.424000
0.814000	3.381830
0.815000	2.936760
0.816000	0.711908
0.817000	-4.716710
0.818000	-2.580800
0.819000	5.695620
0.820000	6.407530
0.821000	-0.178068
0.822000	-2.669740
0.823000	0.801033
0.824000	2.669740
0.825000	3.737790
0.826000	0.801033
0.827000	-5.428610
0.828000	-3.737790
0.829000	0.801033
0.830000	0.622965
0.831000	-1.424000
0.832000	3.381830
0.833000	3.648850
0.834000	-3.203770
0.835000	-8.365370
0.836000	-8.632380
0.837000	-2.135900
0.838000	9.255350
0.839000	9.611300
0.840000	-5.339670
0.841000	-9.878310
0.842000	-1.957840
0.843000	3.737790
0.844000	6.674540
0.845000	5.250730
0.846000	-4.983720
0.847000	-7.475580
0.848000	-3.114820
0.849000	-1.779950
0.850000	0.534022
0.851000	6.229650
0.852000	1.424000
0.853000	-2.313790
0.854000	-0.444897
0.855000	1.512940
0.856000	2.669740
0.857000	5.428610
0.858000	2.669740
0.859000	-0.178068
0.860000	-0.622965
0.861000	2.135900
0.862000	4.805650
0.863000	5.072660
0.864000	2.224850
0.865000	0.355954
0.866000	1.779950
0.867000	3.292710
0.868000	5.428610
0.869000	6.407530
0.870000	3.203770
0.871000	2.224850
0.872000	3.114820
0.873000	5.250730
0.874000	4.093740
0.875000	-1.424000
0.876000	-3.114820
0.877000	2.313790
0.878000	5.072660
0.879000	0.444897
0.880000	0.978918
0.881000	4.449700
0.882000	1.424000
0.883000	-2.135900
0.884000	-2.847810
0.885000	0.622965
0.886000	1.868890
0.887000	-0.534022
0.888000	-4.538640
0.889000	-5.962640
0.890000	-2.580800
0.891000	1.156990
0.892000	2.224850
0.893000	-1.245930
0.894000	-3.648850
0.895000	-2.936760
0.896000	-1.601880
0.897000	-1.245930
0.898000	0.267011
0.899000	-0.444897
0.900000	-3.648850
0.901000	-4.716710
0.902000	-3.559720
0.903000	0.088943
0.904000	3.648850
0.905000	3.114820
0.906000	-1.334870
0.907000	-1.957840
0.908000	-2.224850
0.909000	0.000000
0.910000	2.046780
0.911000	1.334870
0.912000	-1.601880
0.913000	1.245930
0.914000	-0.355954
0.915000	-4.805650
0.916000	3.470780
0.917000	8.098540
0.918000	-4.004800
0.919000	-2.669740
0.920000	9.077460
0.921000	10.679300
0.922000	2.402920
0.923000	-2.847810
0.924000	-2.046780
0.925000	9.611300
0.926000	9.166400
0.927000	-1.245930
0.928000	1.334870
0.929000	6.585600
0.930000	-1.156990
0.931000	-0.534022
0.932000	8.721510
0.933000	6.051580
0.934000	0.622965
0.935000	6.407530
0.936000	4.716710
0.937000	-1.334870
0.938000	0.978918
0.939000	5.606680
0.940000	0.444897
0.941000	-1.601880
0.942000	-3.648850
0.943000	-5.606680
0.944000	-3.114820
0.945000	-1.067860
0.946000	-1.067860
0.947000	-2.847810
0.948000	-3.559720
0.949000	-4.627760
0.950000	0.088943
0.951000	4.716710
0.952000	0.178068
0.953000	-3.559720
0.954000	-4.538640
0.955000	-6.140520
0.956000	-8.899390
0.957000	-5.250730
0.958000	-1.868890
0.959000	-0.444897
0.960000	-4.004800
0.961000	-5.428610
0.962000	-0.355954
0.963000	0.622965
0.964000	-1.957840
0.965000	-1.067860
0.966000	2.669740
0.967000	2.046780
0.968000	3.025880
0.969000	0.801033
0.970000	-0.088943
0.971000	1.067860
0.972000	1.690830
0.973000	6.229650
0.974000	7.386450
0.975000	4.538640
0.976000	0.801033
0.977000	4.627760
0.978000	4.627760
0.979000	3.648850
0.980000	4.627760
0.981000	5.250730
0.982000	4.805650
0.983000	4.716710
0.984000	4.360750
0.985000	3.737790
0.986000	5.250730
0.987000	4.627760
0.988000	2.847810
0.989000	-0.178068
0.990000	-1.156990
0.991000	1.779950
0.992000	4.360750
0.993000	2.580800
0.994000	2.758870
0.995000	3.203770
0.996000	-0.355954
0.997000	1.779950
0.998000	3.648850
0.999000	-0.711908
1.000000	-4.093740
1.001000	-2.224850
1.002000	-5.161600
1.003000	-7.386450
1.004000	-2.847810
1.005000	-0.889976
1.006000	-2.847810
1.007000	-0.978918
1.008000	-0.711908
1.009000	-4.360750
1.010000	-2.135900
1.011000	-1.245930
1.012000	-5.962640
1.013000	-5.962640
1.014000	-1.690830
1.015000	-2.491860
1.016000	-2.580800
1.017000	0.889976
1.018000	-1.690830
1.019000	-5.606680
1.020000	-3.203770
1.021000	1.690830
1.022000	1.156990
1.023000	1.512940
1.024000	1.601880
1.025000	-0.889976
1.026000	1.690830
1.027000	6.140520
1.028000	2.491860
1.029000	0.444897
1.030000	4.449700
1.031000	3.203770
1.032000	0.889976
1.033000	5.873690
1.034000	6.763490
1.035000	3.559720
1.036000	5.428610
1.037000	4.538640
1.038000	1.067860
1.039000	4.805650
1.040000	8.721510
1.041000	6.496660
1.042000	3.915670
1.043000	0.088943
1.044000	-1.868890
1.045000	0.622965
1.046000	3.114820
1.047000	3.737790
1.048000	1.424000
1.049000	-0.267011
1.050000	-1.156990
1.051000	0.444897
1.052000	0.889976
1.053000	2.135900
1.054000	-1.424000
1.055000	-4.004800
1.056000	-2.224850
1.057000	-0.355954
1.058000	-1.424000
1.059000	-1.957840
1.060000	0.267011
1.061000	-1.156990
1.062000	-2.580800
1.063000	-0.711908
1.064000	0.711908
1.065000	-0.088943
1.066000	0.267011
1.067000	-1.512940
1.068000	-4.449700
1.069000	-1.957840
1.070000	1.067860
1.071000	1.779950
1.072000	2.758870
1.073000	2.669740
1.074000	-1.424000
1.075000	0.000000
1.076000	2.669740
1.077000	0.178068
1.078000	-2.669740
1.079000	0.088943
1.080000	1.245930
1.081000	0.000000
1.082000	1.690830
1.083000	3.648850
1.084000	2.046780
1.085000	-0.088943
1.086000	0.355954
1.087000	0.534022
1.088000	1.512940
1.089000	2.402920
1.090000	1.512940
1.091000	-1.067860
1.092000	-0.711908
1.093000	1.690830
1.094000	1.512940
1.095000	0.622965
1.096000	2.847810
1.097000	3.381830
1.098000	0.267011
1.099000	-0.267011
1.100000	1.067860
1.101000	0.889976
1.102000	0.801033
1.103000	3.203770
1.104000	2.313790
1.105000	1.156990
1.106000	2.936760
1.107000	2.580800
1.108000	-1.067860
1.109000	-0.801033
1.110000	0.088943
1.111000	-0.978918
1.112000	-0.889976
1.113000	0.534022
1.114000	0.978918
1.115000	1.690830
1.116000	2.313790
1.117000	0.622965
1.118000	0.178068
1.119000	1.601880
1.120000	2.402920
1.121000	0.622965
1.122000	-2.135900
1.123000	-3.470780
1.124000	-1.601880
1.125000	-1.957840
1.126000	-1.957840
1.127000	-0.267011
1.128000	-0.267011
1.129000	0.444897
1.130000	1.868890
1.131000	0.978918
1.132000	-1.334870
1.133000	-1.779950
1.134000	-1.334870
1.135000	-0.711908
1.136000	-1.690830
1.137000	-1.779950
1.138000	-0.534022
1.139000	0.355954
1.140000	0.801033
1.141000	1.067860
1.142000	-0.622965
1.143000	-0.622965
1.144000	0.711908
1.145000	0.622965
1.146000	0.355954
1.147000	1.868890
1.148000	3.648850
1.149000	3.114820
1.150000	2.491860
1.151000	1.067860
1.152000	0.267011
1.153000	1.779950
1.154000	3.203770
1.155000	3.025880
1.156000	1.067860
1.157000	1.334870
1.158000	4.360750
1.159000	5.161600
1.160000	2.491860
1.161000	2.224850
1.162000	3.826730
1.163000	4.004800
1.164000	3.737790
1.165000	5.161600
1.166000	3.114820
1.167000	-0.355954
1.168000	-0.622965
1.169000	1.957840
1.170000	2.936760
1.171000	0.801033
1.172000	-1.957840
1.173000	-1.868890
1.174000	0.355954
1.175000	0.889976
1.176000	-1.156990
1.177000	-2.046780
1.178000	-0.978918
1.179000	0.534022
1.180000	-0.178068
1.181000	-2.313790
1.182000	-3.292710
1.183000	-2.313790
1.184000	-1.690830
1.185000	-4.449700
1.186000	-5.962640
1.187000	-1.067860
1.188000	2.936760
1.189000	-2.847810
1.190000	-8.632380
1.191000	-3.826730
1.192000	2.491860
1.193000	6.051580
1.194000	-1.067860
1.195000	-4.182680
1.196000	-2.135900
1.197000	-0.355954
1.198000	7.920470
1.199000	2.402920
1.200000	-12.103200
1.201000	-8.543440
1.202000	6.496660
1.203000	9.255350
1.204000	-2.402920
1.205000	-0.088943
1.206000	3.826730
1.207000	2.580800
1.208000	2.046780
1.209000	5.428610
1.210000	-0.801033
1.211000	2.669740
1.212000	10.323400
1.213000	5.606680
1.214000	0.444897
1.215000	-1.690830
1.216000	-3.915670
1.217000	3.826730
1.218000	8.187480
1.219000	-0.534022
1.220000	-3.559720
1.221000	4.627760
1.222000	7.119620
1.223000	1.601880
1.224000	-1.067860
1.225000	0.978918
1.226000	0.889976
1.227000	2.224850
1.228000	7.208570
1.229000	3.025880
1.230000	-8.098540
1.231000	-2.669740
1.232000	5.695620
1.233000	2.135900
1.234000	-2.491860
1.235000	-5.339670
1.236000	-5.072660
1.237000	2.135900
1.238000	6.318590
1.239000	0.444897
1.240000	-3.826730
1.241000	-0.355954
1.242000	3.470780
1.243000	2.224850
1.244000	0.801033
1.245000	-0.622965
1.246000	-2.936760
1.247000	-2.224850
1.248000	-2.402920
1.249000	-3.648850
1.250000	-3.381830
1.251000	1.868890
1.252000	4.538640
1.253000	2.580800
1.254000	0.711908
1.255000	0.711908
1.256000	0.622965
1.257000	0.889976
1.258000	1.156990
1.259000	-0.178068
1.260000	0.000000
1.261000	0.534022
1.262000	-1.156990
1.263000	0.711908
1.264000	2.580800
1.265000	-0.178068
1.266000	-2.402920
1.267000	1.334870
1.268000	3.648850
1.269000	3.648850
1.270000	3.203770
1.271000	2.491860
1.272000	-0.355954
1.273000	-1.868890
1.274000	1.067860
1.275000	3.737790
1.276000	3.292710
1.277000	2.313790
1.278000	0.178068
1.279000	-3.025880
1.280000	-2.847810
1.281000	0.889976
1.282000	3.114820
1.283000	3.648850
1.284000	2.936760
1.285000	1.156990
1.286000	1.868890
1.287000	3.470780
1.288000	2.491860
1.289000	0.889976
1.290000	-0.178068
1.291000	-1.156990
1.292000	-0.801033
1.293000	1.779950
1.294000	1.334870
1.295000	-0.978918
1.296000	-0.355954
1.297000	0.267011
1.298000	-1.156990
1.299000	-0.444897
1.300000	1.957840
1.301000	1.779950
1.302000	-0.267011
1.303000	-1.690830
1.304000	-0.444897
1.305000	-0.622965
1.306000	-1.779950
1.307000	-0.711908
1.308000	0.622965
1.309000	0.178068
1.310000	-1.245930
1.311000	-2.313790
1.312000	-2.402920
1.313000	-0.978918
1.314000	-0.978918
1.315000	-1.156990
1.316000	0.622965
1.317000	0.978918
1.318000	1.156990
1.319000	1.156990
1.320000	-1.245930
1.321000	-2.758870
1.322000	0.088943
1.323000	1.067860
1.324000	-0.178068
1.325000	-0.267011
1.326000	1.779950
1.327000	2.669740
1.328000	1.156990
1.329000	0.444897
1.330000	2.936760
1.331000	4.716710
1.332000	3.025880
1.333000	1.245930
1.334000	2.135900
1.335000	4.271810
1.336000	4.360750
1.337000	2.046780
1.338000	0.801033
1.339000	2.580800
1.340000	3.826730
1.341000	2.936760
1.342000	2.135900
1.343000	2.224850
1.344000	2.847810
1.345000	2.580800
1.346000	0.889976
1.347000	0.801033
1.348000	2.580800
1.349000	4.093740
1.350000	2.936760
1.351000	0.534022
1.352000	-1.156990
1.353000	-0.178068
1.354000	0.801033
1.355000	0.267011
1.356000	-0.622965
1.357000	-1.156990
1.358000	-1.957840
1.359000	-1.957840
1.360000	-1.957840
1.361000	-0.978918
1.362000	-0.534022
1.363000	-1.512940
1.364000	-2.491860
1.365000	-1.334870
1.366000	-0.355954
1.367000	-1.067860
1.368000	-1.957840
1.369000	-2.402920
1.370000	-2.402920
1.371000	-2.491860
1.372000	-2.491860
1.373000	-2.046780
1.374000	-0.355954
1.375000	0.711908
1.376000	0.534022
1.377000	0.178068
1.378000	0.267011
1.379000	1.424000
1.380000	2.580800
1.381000	1.690830
1.382000	0.178068
1.383000	0.889976
1.384000	0.711908
1.385000	1.424000
1.386000	3.114820
1.387000	3.559720
1.388000	2.135900
1.389000	2.669740
1.390000	4.271810
1.391000	4.894590
1.392000	3.648850
1.393000	1.957840
1.394000	2.135900
1.395000	4.093740
1.396000	4.271810
1.397000	1.868890
1.398000	1.334870
1.399000	2.491860
1.400000	3.381830
1.401000	2.046780
1.402000	0.978918
1.403000	0.889976
1.404000	1.156990
1.405000	1.156990
1.406000	0.088943
1.407000	-0.711908
1.408000	0.534022
1.409000	1.690830
1.410000	-0.622965
1.411000	-1.957840
1.412000	-1.245930
1.413000	-0.978918
1.414000	-1.424000
1.415000	-2.758870
1.416000	-2.135900
1.417000	-1.957840
1.418000	-1.868890
1.419000	-2.046780
1.420000	-1.868890
1.421000	-0.178068
1.422000	0.267011
1.423000	-0.534022
1.424000	-1.424000
1.425000	-1.779950
1.426000	-1.334870
1.427000	-0.801033
1.428000	-1.779950
1.429000	-1.245930
1.430000	0.178068
1.431000	0.178068
1.432000	0.444897
1.433000	0.355954
1.434000	0.355954
1.435000	0.978918
1.436000	1.957840
1.437000	2.046780
1.438000	1.512940
1.439000	1.868890
1.440000	2.402920
1.441000	2.402920
1.442000	2.402920
1.443000	2.847810
1.444000	2.402920
1.445000	2.046780
1.446000	2.580800
1.447000	2.580800
1.448000	2.936760
1.449000	2.491860
1.450000	1.601880
1.451000	2.313790
1.452000	3.915670
1.453000	4.004800
1.454000	1.957840
1.455000	0.534022
1.456000	1.245930
1.457000	2.491860
1.458000	1.067860
1.459000	-0.978918
1.460000	-0.088943
1.461000	1.690830
1.462000	0.801033
1.463000	-0.711908
1.464000	-0.355954
1.465000	-0.534022
1.466000	-0.889976
1.467000	-1.156990
1.468000	-0.444897
1.469000	0.000000
1.470000	-1.156990
1.471000	-2.046780
1.472000	-1.334870
1.473000	-0.889976
1.474000	-1.156990
1.475000	-1.424000
1.476000	-0.801033
1.477000	-0.444897
1.478000	-0.889976
1.479000	-1.067860
1.480000	-0.622965
1.481000	-0.889976
1.482000	-1.334870
1.483000	-0.534022
1.484000	1.245930
1.485000	2.224850
1.486000	0.088943
1.487000	-1.424000
1.488000	1.245930
1.489000	4.093740
1.490000	2.758870
1.491000	0.711908
1.492000	1.334870
1.493000	3.559720
1.494000	1.512940
1.495000	0.355954
1.496000	2.402920
1.497000	1.957840
1.498000	-1.690830
1.499000	0.088943
1.500000	4.271810
1.501000	2.847810
1.502000	2.313790
1.503000	4.182680
1.504000	1.512940
1.505000	1.245930
1.506000	4.983720
1.507000	4.716710
1.508000	1.868890
1.509000	1.601880
1.510000	0.622965
1.511000	0.355954
1.512000	1.957840
1.513000	0.711908
1.514000	-0.622965
1.515000	0.801033
1.516000	1.245930
1.517000	-0.355954
1.518000	1.957840
1.519000	2.046780
1.520000	-0.355954
1.521000	-1.245930
1.522000	0.711908
1.523000	0.267011
1.524000	-0.711908
1.525000	0.267011
1.526000	-0.355954
1.527000	-0.889976
1.528000	-0.801033
1.529000	-1.424000
1.530000	-2.224850
1.531000	-1.334870
1.532000	-2.313790
1.533000	-2.135900
1.534000	-0.267011
1.535000	0.444897
1.536000	-0.355954
1.537000	0.178068
1.538000	0.534022
1.539000	0.088943
1.540000	-0.534022
1.541000	-0.534022
1.542000	-0.355954
1.543000	-0.178068
1.544000	-0.711908
1.545000	-1.601880
1.546000	-0.355954
1.547000	1.601880
1.548000	2.402920
1.549000	1.512940
1.550000	1.334870
1.551000	1.779950
1.552000	1.690830
1.553000	1.690830
1.554000	2.135900
1.555000	2.135900
1.556000	2.046780
1.557000	2.224850
1.558000	2.224850
1.559000	2.669740
1.560000	3.114820
1.561000	2.402920
1.562000	1.245930
1.563000	1.690830
1.564000	1.601880
1.565000	1.156990
1.566000	1.690830
1.567000	1.779950
1.568000	1.424000
1.569000	1.957840
1.570000	2.135900
1.571000	1.067860
1.572000	0.801033
1.573000	0.534022
1.574000	-0.534022
1.575000	-1.245930
1.576000	-1.334870
1.577000	-1.245930
1.578000	-1.334870
1.579000	-0.889976
1.580000	-0.267011
1.581000	-0.534022
1.582000	-0.711908
1.583000	-0.801033
1.584000	-0.889976
1.585000	-1.601880
1.586000	-1.779950
1.587000	-1.779950
1.588000	-1.512940
1.589000	-1.067860
1.590000	-1.245930
1.591000	-1.424000
1.592000	-0.978918
1.593000	-0.178068
1.594000	-0.534022
1.595000	-0.444897
1.596000	0.444897
1.597000	0.889976
1.598000	0.622965
1.599000	0.622965
1.600000	0.622965
1.601000	1.245930
1.602000	1.779950
1.603000	1.779950
1.604000	1.601880
1.605000	1.779950
1.606000	2.402920
1.607000	2.758870
1.608000	2.936760
1.609000	3.025880
1.610000	2.580800
1.611000	2.224850
1.612000	2.491860
1.613000	2.847810
1.614000	2.491860
1.615000	2.402920
1.616000	2.669740
1.617000	2.491860
1.618000	2.313790
1.619000	2.313790
1.620000	2.402920
1.621000	2.313790
1.622000	1.779950
1.623000	0.889976
1.624000	0.444897
1.625000	0.178068
1.626000	0.801033
1.627000	0.889976
1.628000	0.622965
1.629000	0.088943
1.630000	-0.088943
1.631000	-0.267011
1.632000	-0.355954
1.633000	-0.355954
1.634000	-1.067860
1.635000	-1.690830
1.636000	-1.424000
1.637000	-0.978918
1.638000	-1.334870
1.639000	-1.512940
1.640000	-1.424000
1.641000	-1.245930
1.642000	-1.156990
1.643000	-1.424000
1.644000	-1.512940
1.645000	-0.711908
1.646000	-0.355954
1.647000	-0.355954
1.648000	-0.267011
1.649000	0.088943
1.650000	0.355954
1.651000	0.534022
1.652000	0.711908
1.653000	0.801033
1.654000	0.978918
1.655000	1.067860
1.656000	1.156990
1.657000	1.245930
1.658000	1.690830
1.659000	2.224850
1.660000	2.402920
1.661000	3.025880
1.662000	3.114820
1.663000	2.758870
1.664000	2.669740
1.665000	2.847810
1.666000	2.847810
1.667000	2.847810
1.668000	2.669740
1.669000	2.046780
1.670000	1.957840
1.671000	2.313790
1.672000	2.402920
1.673000	2.313790
1.674000	2.224850
1.675000	1.779950
1.676000	1.424000
1.677000	1.245930
1.678000	1.156990
1.679000	0.801033
1.680000	0.534022
1.681000	0.355954
1.682000	0.088943
1.683000	-0.444897
1.684000	-0.534022
1.685000	-0.534022
1.686000	-1.156990
1.687000	-1.601880
1.688000	-1.601880
1.689000	-1.512940
1.690000	-1.512940
1.691000	-1.424000
1.692000	-1.690830
1.693000	-1.601880
1.694000	-1.067860
1.695000	-0.978918
1.696000	-1.512940
1.697000	-1.601880
1.698000	-1.067860
1.699000	-1.067860
1.700000	-1.245930
1.701000	-1.067860
1.702000	-0.801033
1.703000	-0.801033
1.704000	-0.622965
1.705000	-0.088943
1.706000	0.355954
1.707000	0.711908
1.708000	0.801033
1.709000	0.978918
1.710000	1.334870
1.711000	1.779950
1.712000	1.779950
1.713000	1.512940
1.714000	1.779950
1.715000	1.690830
1.716000	1.690830
1.717000	2.046780
1.718000	2.402920
1.719000	2.402920
1.720000	2.402920
1.721000	2.580800
1.722000	2.758870
1.723000	2.669740
1.724000	2.669740
1.725000	2.491860
1.726000	2.224850
1.727000	1.779950
1.728000	1.512940
1.729000	1.424000
1.730000	1.512940
1.731000	1.512940
1.732000	0.978918
1.733000	0.622965
1.734000	0.355954
1.735000	0.267011
1.736000	0.000000
1.737000	-0.088943
1.738000	-0.088943
1.739000	-0.444897
1.740000	-0.355954
1.741000	-0.178068
1.742000	-0.444897
1.743000	-0.711908
1.744000	-1.067860
1.745000	-1.245930
1.746000	-1.334870
1.747000	-1.334870
1.748000	-1.334870
1.749000	-1.424000
1.750000	-1.245930
1.751000	-0.889976
1.752000	-0.711908
1.753000	-0.444897
1.754000	-0.355954
1.755000	-0.355954
1.756000	-0.178068
1.757000	-0.088943
1.758000	-0.088943
1.759000	-0.088943
1.760000	0.088943
1.761000	0.267011
1.762000	0.711908
1.763000	0.801033
1.764000	1.245930
1.765000	1.601880
1.766000	1.601880
1.767000	1.957840
1.768000	2.224850
1.769000	2.046780
1.770000	2.046780
1.771000	2.313790
1.772000	2.402920
1.773000	2.580800
1.774000	2.847810
1.775000	2.669740
1.776000	2.491860
1.777000	2.491860
1.778000	2.669740
1.779000	2.580800
1.780000	2.491860
1.781000	2.224850
1.782000	1.957840
1.783000	1.957840
1.784000	1.957840
1.785000	2.046780
1.786000	1.779950
1.787000	1.245930
1.788000	0.978918
1.789000	0.889976
1.790000	0.889976
1.791000	0.889976
1.792000	0.622965
1.793000	0.267011
1.794000	0.088943
1.795000	0.000000
1.796000	0.000000
1.797000	-0.355954
1.798000	-0.889976
1.799000	-0.978918
1.800000	-0.889976
1.801000	-0.889976
1.802000	-0.889976
1.803000	-1.067860
1.804000	-1.156990
1.805000	-1.067860
1.806000	-1.245930
1.807000	-1.245930
1.808000	-1.156990
1.809000	-1.156990
1.810000	-0.978918
1.811000	-0.801033
1.812000	-0.889976
1.813000	-0.711908
1.814000	-0.444897
1.815000	0.088943
1.816000	-0.267011
1.817000	-0.444897
1.818000	0.444897
1.819000	1.156990
1.820000	1.156990
1.821000	1.067860
1.822000	0.889976
1.823000	1.067860
1.824000	1.868890
1.825000	1.868890
1.826000	1.334870
1.827000	1.512940
1.828000	1.957840
1.829000	2.135900
1.830000	2.224850
1.831000	2.580800
1.832000	2.491860
1.833000	2.491860
1.834000	2.669740
1.835000	2.580800
1.836000	2.313790
1.837000	2.224850
1.838000	1.868890
1.839000	1.779950
1.840000	1.957840
1.841000	2.135900
1.842000	1.512940
1.843000	1.245930
1.844000	1.067860
1.845000	0.622965
1.846000	0.444897
1.847000	0.444897
1.848000	0.088943
1.849000	-0.444897
1.850000	-0.534022
1.851000	-0.444897
1.852000	-0.444897
1.853000	-0.534022
1.854000	-0.889976
1.855000	-1.334870
1.856000	-1.424000
1.857000	-1.245930
1.858000	-1.334870
1.859000	-1.512940
1.860000	-1.690830
1.861000	-1.690830
1.862000	-1.334870
1.863000	-0.889976
1.864000	-0.801033
1.865000	-0.978918
1.866000	-0.889976
1.867000	-0.622965
1.868000	-0.622965
1.869000	-0.534022
1.870000	-0.267011
1.871000	0.088943
1.872000	0.355954
1.873000	0.711908
1.874000	0.889976
1.875000	1.334870
1.876000	1.601880
1.877000	1.690830
1.878000	2.046780
1.879000	2.135900
1.880000	1.957840
1.881000	2.135900
1.882000	2.402920
1.883000	2.580800
1.884000	2.402920
1.885000	2.491860
1.886000	2.669740
1.887000	2.936760
1.888000	3.114820
1.889000	2.936760
1.890000	2.580800
1.891000	2.224850
1.892000	2.135900
1.893000	1.957840
1.894000	1.957840
1.895000	1.868890
1.896000	1.424000
1.897000	1.245930
1.898000	1.156990
1.899000	0.801033
1.900000	0.978918
1.901000	0.801033
1.902000	0.267011
1.903000	-0.267011
1.904000	-0.355954
1.905000	0.000000
1.906000	0.000000
1.907000	-0.622965
1.908000	-1.334870
1.909000	-1.601880
1.910000	-1.245930
1.911000	-0.801033
1.912000	-0.711908
1.913000	-1.067860
1.914000	-1.334870
1.915000	-1.245930
1.916000	-1.156990
1.917000	-0.978918
1.918000	-1.067860
1.919000	-0.978918
1.920000	-1.067860
1.921000	-0.711908
1.922000	-0.267011
1.923000	0.088943
1.924000	0.178068
1.925000	0.355954
1.926000	0.355954
1.927000	0.267011
1.928000	0.711908
1.929000	1.156990
1.930000	1.245930
1.931000	1.245930
1.932000	1.156990
1.933000	1.334870
1.934000	1.868890
1.935000	2.313790
1.936000	2.402920
1.937000	2.313790
1.938000	2.135900
1.939000	1.957840
1.940000	2.046780
1.941000	2.402920
1.942000	2.580800
1.943000	2.224850
1.944000	1.868890
1.945000	2.046780
1.946000	2.135900
1.947000	1.957840
1.948000	1.601880
1.949000	1.067860
1.950000	0.801033
1.951000	0.889976
1.952000	1.156990
1.953000	0.978918
1.954000	0.534022
1.955000	0.444897
1.956000	0.444897
1.957000	0.267011
1.958000	0.178068
1.959000	-0.088943
1.960000	-0.444897
1.961000	-0.622965
1.962000	-0.534022
1.963000	-0.801033
1.964000	-0.978918
1.965000	-0.978918
1.966000	-1.067860
1.967000	-0.889976
1.968000	-0.711908
1.969000	-0.534022
1.970000	-0.622965
1.971000	-0.534022
1.972000	-0.711908
1.973000	-0.622965
1.974000	-0.534022
1.975000	-0.444897
1.976000	-0.534022
1.977000	-0.267011
1.978000	0.000000
1.979000	0.267011
1.980000	0.444897
1.981000	0.444897
1.982000	0.622965
1.983000	0.889976
1.984000	1.156990
1.985000	1.424000
1.986000	1.424000
1.987000	1.245930
1.988000	1.601880
1.989000	1.690830
1.990000	1.690830
1.991000	1.779950
1.992000	1.868890
1.993000	2.135900
1.994000	2.224850
1.995000	2.046780
1.996000	2.224850
1.997000	2.046780
1.998000	2.135900
1.999000	1.868890
2.000000	1.868890
2.001000	1.957840
2.002000	2.046780
2.003000	1.957840
2.004000	1.779950
2.005000	1.690830
2.006000	1.424000
2.007000	1.424000
2.008000	1.245930
2.009000	0.978918
2.010000	0.801033
2.011000	0.711908
2.012000	0.622965
2.013000	0.534022
2.014000	0.355954
2.015000	0.355954
2.016000	0.000000
2.017000	-0.178068
2.018000	-0.178068
2.019000	0.000000
2.020000	-0.178068
2.021000	-0.355954
2.022000	-0.622965
2.023000	-0.711908
2.024000	-0.534022
2.025000	-0.355954
2.026000	-0.534022
2.027000	-0.622965
2.028000	-0.444897
2.029000	-0.444897
2.030000	-0.444897
2.031000	-0.444897
2.032000	-0.267011
2.033000	0.000000
2.034000	0.088943
2.035000	0.267011
2.036000	0.267011
2.037000	0.444897
2.038000	0.444897
2.039000	0.444897
2.040000	0.534022
2.041000	0.801033
2.042000	0.978918
2.043000	1.245930
2.044000	1.245930
2.045000	1.424000
2.046000	1.334870
2.047000	1.512940
2.048000	1.512940
2.049000	1.601880
2.050000	1.601880
2.051000	1.601880
2.052000	1.512940
2.053000	1.512940
2.054000	1.601880
2.055000	1.601880
2.056000	1.512940
2.057000	1.512940
2.058000	1.424000
2.059000	1.424000
2.060000	1.245930
2.061000	1.067860
2.062000	0.801033
2.063000	0.622965
2.064000	0.534022
2.065000	0.444897
2.066000	0.444897
2.067000	0.178068
2.068000	0.178068
2.069000	0.088943
2.070000	-0.178068
2.071000	-0.267011
2.072000	-0.178068
2.073000	-0.267011
2.074000	-0.355954
2.075000	-0.622965
2.076000	-0.711908
2.077000	-0.711908
2.078000	-0.711908
2.079000	-0.801033
2.080000	-0.889976
2.081000	-0.889976
2.082000	-0.801033
2.083000	-0.622965
2.084000	-0.534022
2.085000	-0.622965
2.086000	-0.534022
2.087000	-0.444897
2.088000	-0.088943
2.089000	0.000000
2.090000	0.178068
2.091000	0.444897
2.092000	0.355954
2.093000	0.355954
2.094000	0.444897
2.095000	0.889976
2.096000	0.978918
2.097000	0.978918
2.098000	0.978918
2.099000	1.156990
2.100000	1.424000
2.101000	1.601880
2.102000	1.957840
2.103000	1.868890
2.104000	1.779950
2.105000	1.779950
2.106000	1.868890
2.107000	2.135900
2.108000	2.313790
2.109000	2.135900
2.110000	1.690830
2.111000	1.601880
2.112000	1.779950
2.113000	1.957840
2.114000	1.957840
2.115000	1.868890
2.116000	1.512940
2.117000	1.156990
2.118000	1.245930
2.119000	1.334870
2.120000	0.978918
2.121000	0.711908
2.122000	0.622965
2.123000	0.711908
2.124000	0.622965
2.125000	0.534022
2.126000	0.267011
2.127000	0.000000
2.128000	-0.267011
2.129000	-0.267011
2.130000	-0.267011
2.131000	-0.355954
2.132000	-0.267011
2.133000	-0.355954
2.134000	-0.444897
2.135000	-0.534022
2.136000	-0.355954
2.137000	0.178068
2.138000	0.178068
2.139000	0.267011
2.140000	-0.178068
2.141000	0.178068
2.142000	0.355954
2.143000	0.622965
2.144000	0.622965
2.145000	0.355954
2.146000	0.444897
2.147000	0.711908
2.148000	1.156990
2.149000	1.601880
2.150000	1.334870
2.151000	0.978918
2.152000	1.156990
2.153000	1.601880
2.154000	2.224850
2.155000	2.313790
2.156000	1.868890
2.157000	1.424000
2.158000	1.512940
2.159000	1.957840
2.160000	1.779950
2.161000	1.690830
2.162000	1.424000
2.163000	1.245930
2.164000	1.245930
2.165000	1.512940
2.166000	1.512940
2.167000	1.156990
2.168000	0.622965
2.169000	0.711908
2.170000	0.978918
2.171000	1.067860
2.172000	0.801033
2.173000	0.534022
2.174000	0.178068
2.175000	-0.178068
2.176000	-0.534022
2.177000	-0.889976
2.178000	-0.444897
2.179000	0.178068
2.180000	-0.622965
2.181000	-1.424000
2.182000	-1.067860
2.183000	-0.444897
2.184000	-0.444897
2.185000	-0.178068
2.186000	-0.267011
2.187000	-0.889976
2.188000	-0.801033
2.189000	-0.355954
2.190000	-0.622965
2.191000	-1.245930
2.192000	-1.067860
2.193000	-0.622965
2.194000	-0.088943
2.195000	0.355954
2.196000	0.534022
2.197000	0.267011
2.198000	0.711908
2.199000	0.801033
2.200000	0.267011
2.201000	0.444897
2.202000	1.512940
2.203000	1.245930
2.204000	0.534022
2.205000	0.267011
2.206000	0.622965
2.207000	1.067860
2.208000	1.690830
2.209000	1.779950
2.210000	1.156990
2.211000	1.156990
2.212000	1.690830
2.213000	1.779950
2.214000	1.512940
2.215000	1.067860
2.216000	0.801033
2.217000	1.067860
2.218000	1.601880
2.219000	1.690830
2.220000	1.334870
2.221000	0.978918
2.222000	0.534022
2.223000	0.534022
2.224000	0.622965
2.225000	0.801033
2.226000	0.801033
2.227000	0.622965
2.228000	0.534022
2.229000	0.622965
2.230000	0.622965
2.231000	0.444897
2.232000	0.534022
2.233000	0.267011
2.234000	-0.267011
2.235000	-0.178068
2.236000	-0.178068
2.237000	0.088943
2.238000	0.355954
2.239000	0.088943
2.240000	-0.355954
2.241000	0.000000
2.242000	0.711908
2.243000	0.889976
2.244000	0.711908
2.245000	0.355954
2.246000	0.088943
2.247000	0.355954
2.248000	0.711908
2.249000	0.534022
2.250000	0.444897
2.251000	0.534022
2.252000	0.534022
2.253000	0.801033
2.254000	0.889976
2.255000	1.156990
2.256000	1.156990
2.257000	1.334870
2.258000	1.424000
2.259000	1.424000
2.260000	1.245930
2.261000	1.512940
2.262000	1.512940
2.263000	1.156990
2.264000	0.622965
2.265000	1.334870
2.266000	1.690830
2.267000	1.424000
2.268000	1.067860
2.269000	1.245930
2.270000	2.046780
2.271000	2.135900
2.272000	1.245930
2.273000	0.622965
2.274000	1.601880
2.275000	1.957840
2.276000	1.245930
2.277000	0.889976
2.278000	1.067860
2.279000	0.889976
2.280000	1.067860
2.281000	1.156990
2.282000	0.978918
2.283000	0.088943
2.284000	0.000000
2.285000	0.355954
2.286000	1.067860
2.287000	0.711908
2.288000	0.000000
2.289000	-0.088943
2.290000	0.444897
2.291000	0.267011
2.292000	0.711908
2.293000	0.889976
2.294000	-0.622965
2.295000	-2.046780
2.296000	-0.889976
2.297000	0.801033
2.298000	0.801033
2.299000	-0.889976
2.300000	-1.690830
2.301000	-0.534022
2.302000	0.534022
2.303000	0.534022
2.304000	0.178068
2.305000	0.088943
2.306000	-0.267011
2.307000	-0.534022
2.308000	-0.088943
2.309000	0.355954
2.310000	0.711908
2.311000	0.267011
2.312000	-0.178068
2.313000	0.355954
2.314000	1.067860
2.315000	1.424000
2.316000	1.245930
2.317000	0.801033
2.318000	0.801033
2.319000	1.156990
2.320000	1.424000
2.321000	1.868890
2.322000	1.957840
2.323000	1.512940
2.324000	0.801033
2.325000	0.889976
2.326000	1.245930
2.327000	1.601880
2.328000	1.424000
2.329000	1.245930
2.330000	0.711908
2.331000	0.622965
2.332000	1.245930
2.333000	1.690830
2.334000	1.156990
2.335000	0.711908
2.336000	0.444897
2.337000	0.622965
2.338000	0.622965
2.339000	0.534022
2.340000	0.267011
2.341000	-0.178068
2.342000	-0.622965
2.343000	-0.801033
2.344000	-0.267011
2.345000	0.355954
2.346000	0.355954
2.347000	-0.178068
2.348000	-0.622965
2.349000	-0.444897
2.350000	0.000000
2.351000	0.444897
2.352000	0.088943
2.353000	-0.444897
2.354000	-0.711908
2.355000	-0.355954
2.356000	0.088943
2.357000	0.444897
2.358000	0.267011
2.359000	0.088943
2.360000	0.088943
2.361000	0.444897
2.362000	0.889976
2.363000	1.156990
2.364000	1.156990
2.365000	0.889976
2.366000	0.801033
2.367000	1.156990
2.368000	1.424000
2.369000	1.424000
2.370000	1.334870
2.371000	1.156990
2.372000	1.156990
2.373000	1.245930
2.374000	1.512940
2.375000	2.046780
2.376000	2.135900
2.377000	1.868890
2.378000	1.424000
2.379000	1.424000
2.380000	1.690830
2.381000	1.868890
2.382000	1.424000
2.383000	0.801033
2.384000	0.711908
2.385000	0.889976
2.386000	1.156990
2.387000	1.067860
2.388000	0.801033
2.389000	0.534022
2.390000	0.534022
2.391000	0.444897
2.392000	0.711908
2.393000	0.534022
2.394000	0.267011
2.395000	0.088943
2.396000	-0.355954
2.397000	-0.267011
2.398000	0.088943
2.399000	-0.088943
2.400000	-0.355954
2.401000	-0.622965
2.402000	-0.355954
2.403000	-0.088943
2.404000	-0.178068
2.405000	-0.088943
2.406000	-0.178068
2.407000	-0.355954
2.408000	-0.267011
2.409000	-0.088943
2.410000	0.355954
2.411000	0.355954
2.412000	0.267011
2.413000	0.088943
2.414000	0.000000
2.415000	0.444897
2.416000	0.711908
2.417000	0.711908
2.418000	0.622965
2.419000	0.622965
2.420000	0.711908
2.421000	0.889976
2.422000	1.334870
2.423000	1.334870
2.424000	1.424000
2.425000	1.424000
2.426000	1.245930
2.427000	1.156990
2.428000	1.245930
2.429000	1.424000
2.430000	1.156990
2.431000	0.978918
2.432000	0.889976
2.433000	1.067860
2.434000	1.245930
2.435000	1.334870
2.436000	1.156990
2.437000	1.067860
2.438000	0.889976
2.439000	0.978918
2.440000	1.067860
2.441000	1.067860
2.442000	0.711908
2.443000	0.355954
2.444000	0.267011
2.445000	0.355954
2.446000	0.355954
2.447000	0.267011
2.448000	0.178068
2.449000	0.088943
2.450000	0.088943
2.451000	0.088943
2.452000	0.267011
2.453000	0.178068
2.454000	0.178068
2.455000	0.000000
2.456000	-0.088943
2.457000	0.088943
2.458000	0.178068
2.459000	0.178068
2.460000	0.000000
2.461000	-0.088943
2.462000	0.000000
2.463000	0.355954
2.464000	0.622965
2.465000	0.534022
2.466000	0.534022
2.467000	0.534022
2.468000	0.889976
2.469000	1.067860
2.470000	0.978918
2.471000	0.978918
2.472000	1.067860
2.473000	1.067860
2.474000	1.156990
2.475000	1.245930
2.476000	1.424000
2.477000	1.424000
2.478000	1.512940
2.479000	1.424000
2.480000	1.334870
2.481000	1.512940
2.482000	1.601880
2.483000	1.334870
2.484000	1.245930
2.485000	1.245930
2.486000	1.334870
2.487000	1.334870
2.488000	1.334870
2.489000	1.245930
2.490000	1.156990
2.491000	1.067860
2.492000	0.978918
2.493000	0.711908
2.494000	0.889976
2.495000	0.889976
2.496000	0.622965
2.497000	0.534022
2.498000	0.355954
2.499000	0.444897
