-0.500000	-0.060102
-0.499000	-0.055009
-0.498000	-0.055009
-0.497000	-0.049916
-0.496000	-0.055009
-0.495000	-0.060102
-0.494000	-0.060102
-0.493000	-0.065205
-0.492000	-0.055009
-0.491000	-0.060102
-0.490000	-0.049916
-0.489000	-0.055009
-0.488000	-0.055009
-0.487000	-0.060102
-0.486000	-0.049916
-0.485000	-0.060102
-0.484000	-0.060102
-0.483000	-0.055009
-0.482000	-0.070298
-0.481000	-0.060102
-0.480000	-0.055009
-0.479000	-0.049916
-0.478000	-0.060102
-0.477000	-0.055009
-0.476000	-0.044824
-0.475000	-0.055009
-0.474000	-0.060102
-0.473000	-0.055009
-0.472000	-0.060102
-0.471000	-0.060102
-0.470000	-0.055009
-0.469000	-0.055009
-0.468000	-0.060102
-0.467000	-0.055009
-0.466000	-0.060102
-0.465000	-0.060102
-0.464000	-0.060102
-0.463000	-0.055009
-0.462000	-0.060102
-0.461000	-0.060102
-0.460000	-0.055009
-0.459000	-0.060102
-0.458000	-0.060102
-0.457000	-0.060102
-0.456000	-0.055009
-0.455000	-0.055009
-0.454000	-0.055009
-0.453000	-0.060102
-0.452000	-0.055009
-0.451000	-0.065205
-0.450000	-0.060102
-0.449000	-0.055009
-0.448000	-0.055009
-0.447000	-0.055009
-0.446000	-0.049916
-0.445000	-0.055009
-0.444000	-0.060102
-0.443000	-0.055009
-0.442000	-0.055009
-0.441000	-0.055009
-0.440000	-0.060102
-0.439000	-0.049916
-0.438000	-0.060102
-0.437000	-0.060102
-0.436000	-0.055009
-0.435000	-0.049916
-0.434000	-0.060102
-0.433000	-0.060102
-0.432000	-0.060102
-0.431000	-0.049916
-0.430000	-0.060102
-0.429000	-0.055009
-0.428000	-0.065205
-0.427000	-0.060102
-0.426000	-0.060102
-0.425000	-0.060102
-0.424000	-0.060102
-0.423000	-0.055009
-0.422000	-0.055009
-0.421000	-0.060102
-0.420000	-0.055009
-0.419000	-0.055009
-0.418000	-0.055009
-0.417000	-0.060102
-0.416000	-0.060102
-0.415000	-0.055009
-0.414000	-0.055009
-0.413000	-0.060102
-0.412000	-0.055009
-0.411000	-0.060102
-0.410000	-0.060102
-0.409000	-0.049916
-0.408000	-0.060102
-0.407000	-0.065205
-0.406000	-0.049916
-0.405000	-0.055009
-0.404000	-0.055009
-0.403000	-0.060102
-0.402000	-0.060102
-0.401000	-0.060102
-0.400000	-0.060102
-0.399000	-0.060102
-0.398000	-0.055009
-0.397000	-0.055009
-0.396000	-0.055009
-0.395000	-0.055009
-0.394000	-0.060102
-0.393000	-0.060102
-0.392000	-0.060102
-0.391000	-0.055009
-0.390000	-0.055009
-0.389000	-0.060102
-0.388000	-0.049916
-0.387000	-0.060102
-0.386000	-0.049916
-0.385000	-0.060102
-0.384000	-0.055009
-0.383000	-0.060102
-0.382000	-0.065205
-0.381000	-0.044824
-0.380000	-0.055009
-0.379000	-0.060102
-0.378000	-0.060102
-0.377000	-0.055009
-0.376000	-0.055009
-0.375000	-0.055009
-0.374000	-0.055009
-0.373000	-0.055009
-0.372000	-0.055009
-0.371000	-0.055009
-0.370000	-0.055009
-0.369000	-0.060102
-0.368000	-0.060102
-0.367000	-0.055009
-0.366000	-0.060102
-0.365000	-0.049916
-0.364000	-0.055009
-0.363000	-0.055009
-0.362000	-0.060102
-0.361000	-0.065205
-0.360000	-0.055009
-0.359000	-0.060102
-0.358000	-0.055009
-0.357000	-0.060102
-0.356000	-0.055009
-0.355000	-0.060102
-0.354000	-0.055009
-0.353000	-0.060102
-0.352000	-0.055009
-0.351000	-0.065205
-0.350000	-0.060102
-0.349000	-0.055009
-0.348000	-0.055009
-0.347000	-0.055009
-0.346000	-0.065205
-0.345000	-0.060102
-0.344000	-0.060102
-0.343000	-0.060102
-0.342000	-0.060102
-0.341000	-0.049916
-0.340000	-0.055009
-0.339000	-0.065205
-0.338000	-0.055009
-0.337000	-0.055009
-0.336000	-0.060102
-0.335000	-0.060102
-0.334000	-0.060102
-0.333000	-0.060102
-0.332000	-0.055009
-0.331000	-0.060102
-0.330000	-0.055009
-0.329000	-0.055009
-0.328000	-0.065205
-0.327000	-0.055009
-0.326000	-0.055009
-0.325000	-0.055009
-0.324000	-0.055009
-0.323000	-0.055009
-0.322000	-0.055009
-0.321000	-0.049916
-0.320000	-0.055009
-0.319000	-0.055009
-0.318000	-0.060102
-0.317000	-0.055009
-0.316000	-0.060102
-0.315000	-0.060102
-0.314000	-0.060102
-0.313000	-0.060102
-0.312000	-0.055009
-0.311000	-0.055009
-0.310000	-0.060102
-0.309000	-0.055009
-0.308000	-0.060102
-0.307000	-0.065205
-0.306000	-0.065205
-0.305000	-0.049916
-0.304000	-0.055009
-0.303000	-0.055009
-0.302000	-0.060102
-0.301000	-0.060102
-0.300000	-0.055009
-0.299000	-0.055009
-0.298000	-0.060102
-0.297000	-0.055009
-0.296000	-0.055009
-0.295000	-0.055009
-0.294000	-0.065205
-0.293000	-0.055009
-0.292000	-0.055009
-0.291000	-0.049916
-0.290000	-0.055009
-0.289000	-0.055009
-0.288000	-0.055009
-0.287000	-0.055009
-0.286000	-0.060102
-0.285000	-0.060102
-0.284000	-0.060102
-0.283000	-0.060102
-0.282000	-0.060102
-0.281000	-0.055009
-0.280000	-0.060102
-0.279000	-0.060102
-0.278000	-0.055009
-0.277000	-0.060102
-0.276000	-0.049916
-0.275000	-0.055009
-0.274000	-0.055009
-0.273000	-0.049916
-0.272000	-0.055009
-0.271000	-0.055009
-0.270000	-0.049916
-0.269000	-0.060102
-0.268000	-0.055009
-0.267000	-0.055009
-0.266000	-0.055009
-0.265000	-0.055009
-0.264000	-0.055009
-0.263000	-0.049916
-0.262000	-0.055009
-0.261000	-0.060102
-0.260000	-0.060102
-0.259000	-0.060102
-0.258000	-0.060102
-0.257000	-0.049916
-0.256000	-0.065205
-0.255000	-0.055009
-0.254000	-0.060102
-0.253000	-0.055009
-0.252000	-0.055009
-0.251000	-0.065205
-0.250000	-0.060102
-0.249000	-0.060102
-0.248000	-0.060102
-0.247000	-0.049916
-0.246000	-0.060102
-0.245000	-0.060102
-0.244000	-0.060102
-0.243000	-0.060102
-0.242000	-0.060102
-0.241000	-0.055009
-0.240000	-0.055009
-0.239000	-0.055009
-0.238000	-0.055009
-0.237000	-0.055009
-0.236000	-0.055009
-0.235000	-0.055009
-0.234000	-0.055009
-0.233000	-0.055009
-0.232000	-0.060102
-0.231000	-0.060102
-0.230000	-0.060102
-0.229000	-0.055009
-0.228000	-0.055009
-0.227000	-0.060102
-0.226000	-0.049916
-0.225000	-0.060102
-0.224000	-0.055009
-0.223000	-0.060102
-0.222000	-0.049916
-0.221000	-0.055009
-0.220000	-0.055009
-0.219000	-0.055009
-0.218000	-0.060102
-0.217000	-0.055009
-0.216000	-0.060102
-0.215000	-0.065205
-0.214000	-0.055009
-0.213000	-0.055009
-0.212000	-0.055009
-0.211000	-0.060102
-0.210000	-0.055009
-0.209000	-0.049916
-0.208000	-0.060102
-0.207000	-0.060102
-0.206000	-0.055009
-0.205000	-0.055009
-0.204000	-0.060102
-0.203000	-0.055009
-0.202000	-0.060102
-0.201000	-0.055009
-0.200000	-0.055009
-0.199000	-0.060102
-0.198000	-0.049916
-0.197000	-0.060102
-0.196000	-0.060102
-0.195000	-0.055009
-0.194000	-0.055009
-0.193000	-0.060102
-0.192000	-0.055009
-0.191000	-0.060102
-0.190000	-0.055009
-0.189000	-0.060102
-0.188000	-0.060102
-0.187000	-0.060102
-0.186000	-0.060102
-0.185000	-0.065205
-0.184000	-0.055009
-0.183000	-0.055009
-0.182000	-0.055009
-0.181000	-0.060102
-0.180000	-0.049916
-0.179000	-0.060102
-0.178000	-0.065205
-0.177000	-0.055009
-0.176000	-0.060102
-0.175000	-0.055009
-0.174000	-0.055009
-0.173000	-0.055009
-0.172000	-0.049916
-0.171000	-0.055009
-0.170000	-0.055009
-0.169000	-0.055009
-0.168000	-0.060102
-0.167000	-0.055009
-0.166000	-0.060102
-0.165000	-0.065205
-0.164000	-0.060102
-0.163000	-0.060102
-0.162000	-0.060102
-0.161000	-0.065205
-0.160000	-0.060102
-0.159000	-0.049916
-0.158000	-0.060102
-0.157000	-0.055009
-0.156000	-0.049916
-0.155000	-0.055009
-0.154000	-0.060102
-0.153000	-0.055009
-0.152000	-0.055009
-0.151000	-0.055009
-0.150000	-0.060102
-0.149000	-0.060102
-0.148000	-0.055009
-0.147000	-0.055009
-0.146000	-0.049916
-0.145000	-0.055009
-0.144000	-0.065205
-0.143000	-0.060102
-0.142000	-0.049916
-0.141000	-0.060102
-0.140000	-0.055009
-0.139000	-0.055009
-0.138000	-0.060102
-0.137000	-0.060102
-0.136000	-0.055009
-0.135000	-0.055009
-0.134000	-0.060102
-0.133000	-0.065205
-0.132000	-0.055009
-0.131000	-0.055009
-0.130000	-0.055009
-0.129000	-0.060102
-0.128000	-0.060102
-0.127000	-0.065205
-0.126000	-0.060102
-0.125000	-0.060102
-0.124000	-0.060102
-0.123000	-0.055009
-0.122000	-0.055009
-0.121000	-0.065205
-0.120000	-0.060102
-0.119000	-0.055009
-0.118000	-0.060102
-0.117000	-0.060102
-0.116000	-0.060102
-0.115000	-0.060102
-0.114000	-0.060102
-0.113000	-0.060102
-0.112000	-0.055009
-0.111000	-0.055009
-0.110000	-0.065205
-0.109000	-0.060102
-0.108000	-0.065205
-0.107000	-0.055009
-0.106000	-0.055009
-0.105000	-0.055009
-0.104000	-0.060102
-0.103000	-0.065205
-0.102000	-0.055009
-0.101000	-0.060102
-0.100000	-0.060102
-0.099000	-0.055009
-0.098000	-0.055009
-0.097000	-0.055009
-0.096000	-0.060102
-0.095000	-0.060102
-0.094000	-0.065205
-0.093000	-0.055009
-0.092000	-0.055009
-0.091000	-0.049916
-0.090000	-0.060102
-0.089000	-0.060102
-0.088000	-0.060102
-0.087000	-0.060102
-0.086000	-0.044824
-0.085000	-0.060102
-0.084000	-0.065205
-0.083000	-0.060102
-0.082000	-0.055009
-0.081000	-0.060102
-0.080000	-0.060102
-0.079000	-0.055009
-0.078000	-0.055009
-0.077000	-0.060102
-0.076000	-0.055009
-0.075000	-0.060102
-0.074000	-0.065205
-0.073000	-0.055009
-0.072000	-0.055009
-0.071000	-0.055009
-0.070000	-0.060102
-0.069000	-0.060102
-0.068000	-0.055009
-0.067000	-0.060102
-0.066000	-0.055009
-0.065000	-0.055009
-0.064000	-0.060102
-0.063000	-0.055009
-0.062000	-0.055009
-0.061000	-0.060102
-0.060000	-0.060102
-0.059000	-0.055009
-0.058000	-0.060102
-0.057000	-0.060102
-0.056000	-0.055009
-0.055000	-0.055009
-0.054000	-0.060102
-0.053000	-0.055009
-0.052000	-0.055009
-0.051000	-0.060102
-0.050000	-0.060102
-0.049000	-0.055009
-0.048000	-0.055009
-0.047000	-0.055009
-0.046000	-0.060102
-0.045000	-0.060102
-0.044000	-0.065205
-0.043000	-0.055009
-0.042000	-0.060102
-0.041000	-0.060102
-0.040000	-0.055009
-0.039000	-0.055009
-0.038000	-0.060102
-0.037000	-0.060102
-0.036000	-0.055009
-0.035000	-0.065205
-0.034000	-0.060102
-0.033000	-0.060102
-0.032000	-0.055009
-0.031000	-0.055009
-0.030000	-0.055009
-0.029000	-0.060102
-0.028000	-0.060102
-0.027000	-0.075391
-0.026000	-0.085587
-0.025000	-0.090680
-0.024000	-0.111062
-0.023000	-0.121258
-0.022000	-0.126351
-0.021000	-0.126351
-0.020000	-0.131444
-0.019000	-0.136547
-0.018000	-0.136547
-0.017000	-0.121258
-0.016000	-0.116155
-0.015000	-0.131444
-0.014000	-0.151826
-0.013000	-0.162022
-0.012000	-0.151826
-0.011000	-0.156929
-0.010000	-0.167115
-0.009000	-0.172218
-0.008000	-0.162022
-0.007000	-0.162022
-0.006000	-0.177311
-0.005000	-0.197693
-0.004000	-0.202786
-0.003000	-0.212982
-0.002000	-0.233364
-0.001000	-0.238457
0.000000	-0.238457
0.001000	-0.253746
0.002000	-0.274128
0.003000	-0.284324
0.004000	-0.304706
0.005000	-0.314891
0.006000	-0.319995
0.007000	-0.325088
0.008000	-0.360759
0.009000	-0.421904
0.010000	-0.477957
0.011000	-0.483060
0.012000	-0.457575
0.013000	-0.427008
0.014000	-0.416811
0.015000	-0.370955
0.016000	-0.263942
0.017000	-0.192600
0.018000	-0.172218
0.019000	-0.156929
0.020000	-0.085587
0.021000	0.006136
0.022000	-0.060102
0.023000	-0.263942
0.024000	-0.477957
0.025000	-0.508535
0.026000	-0.569691
0.027000	-0.819377
0.028000	-1.181180
0.029000	-1.323860
0.030000	-1.155700
0.031000	-0.931483
0.032000	-0.997732
0.033000	-1.196470
0.034000	-1.186280
0.035000	-0.911101
0.036000	-0.702179
0.037000	-0.753139
0.038000	-0.911101
0.039000	-0.849955
0.040000	-0.554402
0.041000	-0.314891
0.042000	-0.335284
0.043000	-0.411719
0.044000	-0.360759
0.045000	-0.304706
0.046000	-0.437193
0.047000	-0.697086
0.048000	-0.844863
0.049000	-0.839759
0.050000	-0.839759
0.051000	-0.916204
0.052000	-1.018110
0.053000	-1.063980
0.054000	-1.018110
0.055000	-1.069070
0.056000	-1.165890
0.057000	-1.216850
0.058000	-1.140420
0.059000	-0.972257
0.060000	-0.895823
0.061000	-0.936586
0.062000	-0.921297
0.063000	-0.809192
0.064000	-0.697086
0.065000	-0.722561
0.066000	-0.773521
0.067000	-0.712365
0.068000	-0.549299
0.069000	-0.472864
0.070000	-0.615548
0.071000	-0.829574
0.072000	-0.916204
0.073000	-0.916204
0.074000	-0.849955
0.075000	-0.926390
0.076000	-1.104740
0.077000	-1.114940
0.078000	-0.987546
0.079000	-0.900915
0.080000	-0.951875
0.081000	-1.104740
0.082000	-1.135320
0.083000	-1.018110
0.084000	-0.911101
0.085000	-0.900915
0.086000	-0.926390
0.087000	-0.819377
0.088000	-0.646126
0.089000	-0.569691
0.090000	-0.595166
0.091000	-0.651219
0.092000	-0.610455
0.093000	-0.534020
0.094000	-0.544206
0.095000	-0.610455
0.096000	-0.641023
0.097000	-0.605352
0.098000	-0.630837
0.099000	-0.350562
0.100000	-0.126351
0.101000	-0.539113
0.102000	-1.043600
0.103000	-0.814285
0.104000	-0.646126
0.105000	-0.855048
0.106000	-1.242340
0.107000	-1.232140
0.108000	-0.697086
0.109000	-0.569691
0.110000	-0.885626
0.111000	-1.232140
0.112000	-0.900915
0.113000	-0.319995
0.114000	-0.406626
0.115000	-1.002820
0.116000	-1.104740
0.117000	-0.523824
0.118000	-0.029534
0.119000	-0.340377
0.120000	-0.870337
0.121000	-0.748036
0.122000	-0.218075
0.123000	-0.105969
0.124000	-0.676694
0.125000	-1.094550
0.126000	-0.798995
0.127000	-0.355666
0.128000	-0.477957
0.129000	-0.941679
0.130000	-1.063980
0.131000	-0.661415
0.132000	-0.396429
0.133000	-0.620641
0.134000	-0.941679
0.135000	-0.793903
0.136000	-0.386233
0.137000	-0.274128
0.138000	-0.579877
0.139000	-0.753139
0.140000	-0.457575
0.141000	-0.095773
0.142000	-0.192600
0.143000	-0.544206
0.144000	-0.498349
0.145000	-0.187497
0.146000	-0.111062
0.147000	-0.391337
0.148000	-0.788810
0.149000	-0.987546
0.150000	-0.605352
0.151000	-0.325088
0.152000	-0.396429
0.153000	-0.880534
0.154000	-0.788810
0.155000	-0.156929
0.156000	0.235451
0.157000	-0.172218
0.158000	-0.549299
0.159000	0.311886
0.160000	1.565450
0.161000	1.025300
0.162000	-0.641023
0.163000	-0.946772
0.164000	0.077478
0.165000	0.887714
0.166000	-0.391337
0.167000	-1.563360
0.168000	-0.824481
0.169000	0.632924
0.170000	0.515715
0.171000	-1.170990
0.172000	-1.706050
0.173000	-0.294510
0.174000	0.536108
0.175000	-0.595166
0.176000	-2.220730
0.177000	-2.256400
0.178000	-0.641023
0.179000	1.315760
0.180000	0.627831
0.181000	-0.477957
0.182000	-0.753139
0.183000	0.531004
0.184000	1.030400
0.185000	-0.212982
0.186000	-0.661415
0.187000	-0.019338
0.188000	0.643110
0.189000	0.148820
0.190000	-1.334060
0.191000	-1.649990
0.192000	-0.335284
0.193000	0.418899
0.194000	-0.528917
0.195000	-1.813060
0.196000	-1.553180
0.197000	0.001044
0.198000	0.953963
0.199000	0.332268
0.200000	-0.528917
0.201000	0.077478
0.202000	1.397290
0.203000	1.290280
0.204000	0.011240
0.205000	-0.727654
0.206000	0.118242
0.207000	1.234230
0.208000	0.694070
0.209000	-0.447389
0.210000	-0.605352
0.211000	-0.049916
0.212000	0.194687
0.213000	-0.442286
0.214000	-0.956968
0.215000	-0.447389
0.216000	0.373042
0.217000	0.286411
0.218000	-0.518731
0.219000	-0.595166
0.220000	0.215069
0.221000	0.597253
0.222000	0.067293
0.223000	-0.554402
0.224000	-0.391337
0.225000	0.174305
0.226000	0.087674
0.227000	-0.498349
0.228000	-0.768417
0.229000	-0.498349
0.230000	-0.151826
0.231000	-0.381140
0.232000	-0.722561
0.233000	-0.600259
0.234000	-0.131444
0.235000	0.164109
0.236000	-0.151826
0.237000	-0.416811
0.238000	-0.095773
0.239000	0.220162
0.240000	0.225255
0.241000	-0.090680
0.242000	-0.182404
0.243000	0.169202
0.244000	0.423991
0.245000	0.220162
0.246000	-0.340377
0.247000	-0.488153
0.248000	-0.177311
0.249000	0.067293
0.250000	-0.146733
0.251000	-0.370955
0.252000	-0.172218
0.253000	0.118242
0.254000	0.036715
0.255000	-0.263942
0.256000	-0.304706
0.257000	0.016333
0.258000	0.204873
0.259000	-0.034627
0.260000	-0.365851
0.261000	-0.258839
0.262000	0.041807
0.263000	0.052004
0.264000	-0.314891
0.265000	-0.595166
0.266000	-0.427008
0.267000	-0.233364
0.268000	-0.335284
0.269000	-0.554402
0.270000	-0.610455
0.271000	-0.442286
0.272000	-0.416811
0.273000	-0.508535
0.274000	-0.467771
0.275000	-0.279221
0.276000	-0.131444
0.277000	-0.146733
0.278000	-0.269035
0.279000	-0.202786
0.280000	0.052004
0.281000	0.072385
0.282000	-0.100876
0.283000	-0.304706
0.284000	-0.197693
0.285000	-0.039720
0.286000	-0.049916
0.287000	-0.304706
0.288000	-0.590073
0.289000	-0.595166
0.290000	-0.498349
0.291000	-0.625744
0.292000	-0.732757
0.293000	-0.763325
0.294000	-0.656312
0.295000	-0.584970
0.296000	-0.595166
0.297000	-0.554402
0.298000	-0.304706
0.299000	-0.009153
0.300000	-0.090680
0.301000	-0.325088
0.302000	-0.182404
0.303000	-0.070298
0.304000	-0.070298
0.305000	-0.355666
0.306000	-0.340377
0.307000	-0.162022
0.308000	-0.121258
0.309000	-0.360759
0.310000	-0.564588
0.311000	-0.442286
0.312000	-0.350562
0.313000	-0.432100
0.314000	-0.544206
0.315000	-0.717468
0.316000	-0.365851
0.317000	-0.202786
0.318000	-0.890719
0.319000	-1.170990
0.320000	-0.758232
0.321000	-0.146733
0.322000	-0.314891
0.323000	-1.135320
0.324000	-1.283100
0.325000	-0.962061
0.326000	-0.641023
0.327000	-1.038500
0.328000	-1.792680
0.329000	-1.502220
0.330000	-0.697086
0.331000	-0.488153
0.332000	-1.201560
0.333000	-1.685670
0.334000	-0.956968
0.335000	-0.136547
0.336000	-0.600259
0.337000	-1.700950
0.338000	-2.190150
0.339000	-1.456350
0.340000	-0.972257
0.341000	-1.456350
0.342000	-1.573560
0.343000	-0.941679
0.344000	-0.182404
0.345000	-0.391337
0.346000	-1.160800
0.347000	-1.201560
0.348000	-0.396429
0.349000	0.373042
0.350000	0.153913
0.351000	-0.503442
0.352000	-0.697086
0.353000	-0.004049
0.354000	0.739937
0.355000	1.035490
0.356000	0.485148
0.357000	-0.039720
0.358000	0.418899
0.359000	1.152700
0.360000	1.224040
0.361000	0.617635
0.362000	0.276215
0.363000	1.025300
0.364000	1.672460
0.365000	1.173080
0.366000	0.337371
0.367000	0.322082
0.368000	0.999819
0.369000	1.244420
0.370000	0.546293
0.371000	0.169202
0.372000	0.668595
0.373000	1.494110
0.374000	1.494110
0.375000	0.531004
0.376000	-0.146733
0.377000	0.072385
0.378000	1.025300
0.379000	1.397290
0.380000	0.123345
0.381000	-0.635930
0.382000	-0.014245
0.383000	0.882621
0.384000	0.653306
0.385000	-0.834666
0.386000	-1.502220
0.387000	-0.676694
0.388000	0.138634
0.389000	0.102964
0.390000	-1.201560
0.391000	-2.006700
0.392000	-0.707272
0.393000	0.510622
0.394000	-0.258839
0.395000	-1.899690
0.396000	-2.118810
0.397000	-0.513628
0.398000	0.266029
0.399000	-0.534020
0.400000	-1.670380
0.401000	-1.639810
0.402000	-0.309799
0.403000	0.459662
0.404000	0.006136
0.405000	-1.415590
0.406000	-1.644900
0.407000	-0.386233
0.408000	0.480044
0.409000	-0.070298
0.410000	-1.145510
0.411000	-1.344250
0.412000	-0.151826
0.413000	0.694070
0.414000	-0.396429
0.415000	-1.660190
0.416000	-1.435970
0.417000	0.128438
0.418000	0.515715
0.419000	-0.880534
0.420000	-1.879310
0.421000	-1.232140
0.422000	-0.100876
0.423000	-0.177311
0.424000	-1.481840
0.425000	-1.731530
0.426000	-0.554402
0.427000	0.454570
0.428000	0.031622
0.429000	-1.609230
0.430000	-1.767200
0.431000	-0.151826
0.432000	0.785794
0.433000	-0.009153
0.434000	-1.415590
0.435000	-1.211760
0.436000	0.403610
0.437000	0.984530
0.438000	-0.029534
0.439000	-1.216850
0.440000	-0.865244
0.441000	0.546293
0.442000	0.770505
0.443000	-0.477957
0.444000	-1.237230
0.445000	-0.345470
0.446000	0.785794
0.447000	0.418899
0.448000	-0.641023
0.449000	-0.865244
0.450000	-0.039720
0.451000	0.668595
0.452000	0.174305
0.453000	-0.778614
0.454000	-0.768417
0.455000	0.143727
0.456000	0.745030
0.457000	0.021426
0.458000	-0.911101
0.459000	-0.630837
0.460000	0.266029
0.461000	0.622728
0.462000	-0.095773
0.463000	-0.849955
0.464000	-0.370955
0.465000	0.464766
0.466000	0.429095
0.467000	-0.228271
0.468000	-0.396429
0.469000	0.266029
0.470000	0.801083
0.471000	0.327175
0.472000	-0.477957
0.473000	-0.325088
0.474000	0.617635
0.475000	0.938674
0.476000	0.153913
0.477000	-0.503442
0.478000	-0.070298
0.479000	0.688977
0.480000	0.724648
0.481000	0.021426
0.482000	-0.386233
0.483000	0.031622
0.484000	0.648213
0.485000	0.556489
0.486000	-0.141640
0.487000	-0.350562
0.488000	0.240544
0.489000	0.775608
0.490000	0.454570
0.491000	-0.243560
0.492000	-0.192600
0.493000	0.581964
0.494000	0.877517
0.495000	0.230358
0.496000	-0.330180
0.497000	0.133531
0.498000	0.811279
0.499000	0.760319
0.500000	0.123345
0.501000	-0.197693
0.502000	0.260926
0.503000	0.750123
0.504000	0.663502
0.505000	0.276215
0.506000	-0.014245
0.507000	0.316979
0.508000	0.775608
0.509000	0.581964
0.510000	0.164109
0.511000	-0.044824
0.512000	0.311886
0.513000	0.704266
0.514000	0.393424
0.515000	-0.090680
0.516000	-0.034627
0.517000	0.469859
0.518000	0.699173
0.519000	0.138634
0.520000	-0.274128
0.521000	0.031622
0.522000	0.495333
0.523000	0.525911
0.524000	0.016333
0.525000	-0.218075
0.526000	0.159016
0.527000	0.464766
0.528000	0.357753
0.529000	-0.044824
0.530000	-0.207889
0.531000	0.189584
0.532000	0.444373
0.533000	0.301700
0.534000	-0.009153
0.535000	-0.065205
0.536000	0.383228
0.537000	0.531004
0.538000	0.179398
0.539000	-0.090680
0.540000	0.092767
0.541000	0.561582
0.542000	0.587057
0.543000	0.169202
0.544000	0.001044
0.545000	0.240544
0.546000	0.678781
0.547000	0.551386
0.548000	0.113149
0.549000	0.128438
0.550000	0.480044
0.551000	0.699173
0.552000	0.449477
0.553000	-0.044824
0.554000	0.046911
0.555000	0.454570
0.556000	0.536108
0.557000	0.301700
0.558000	-0.014245
0.559000	0.097860
0.560000	0.469859
0.561000	0.531004
0.562000	0.250740
0.563000	-0.075391
0.564000	0.189584
0.565000	0.622728
0.566000	0.490240
0.567000	0.052004
0.568000	-0.156929
0.569000	0.082582
0.570000	0.510622
0.571000	0.413806
0.572000	0.006136
0.573000	-0.146733
0.574000	0.153913
0.575000	0.495333
0.576000	0.250740
0.577000	-0.126351
0.578000	-0.065205
0.579000	0.225255
0.580000	0.373042
0.581000	0.102964
0.582000	-0.253746
0.583000	-0.080494
0.584000	0.240544
0.585000	0.352650
0.586000	0.026518
0.587000	-0.182404
0.588000	0.169202
0.589000	0.434188
0.590000	0.322082
0.591000	0.102964
0.592000	0.092767
0.593000	0.281308
0.594000	0.439281
0.595000	0.373042
0.596000	0.087674
0.597000	0.006136
0.598000	0.209976
0.599000	0.444373
0.600000	0.342464
0.601000	-0.019338
0.602000	-0.100876
0.603000	0.306793
0.604000	0.510622
0.605000	0.143727
0.606000	-0.228271
0.607000	0.057096
0.608000	0.627831
0.609000	0.602346
0.610000	0.108056
0.611000	-0.034627
0.612000	0.378135
0.613000	0.617635
0.614000	0.357753
0.615000	-0.039720
0.616000	0.057096
0.617000	0.485148
0.618000	0.617635
0.619000	0.271122
0.620000	0.011240
0.621000	0.169202
0.622000	0.454570
0.623000	0.367939
0.624000	0.057096
0.625000	0.123345
0.626000	0.296597
0.627000	0.500437
0.628000	0.408713
0.629000	0.240544
0.630000	0.352650
0.631000	0.408713
0.632000	0.306793
0.633000	0.153913
0.634000	-0.070298
0.635000	-0.039720
0.636000	0.194687
0.637000	0.087674
0.638000	-0.105969
0.639000	-0.182404
0.640000	-0.121258
0.641000	0.001044
0.642000	-0.141640
0.643000	-0.457575
0.644000	-0.401522
0.645000	-0.070298
0.646000	0.052004
0.647000	-0.044824
0.648000	-0.126351
0.649000	-0.009153
0.650000	0.194687
0.651000	0.230358
0.652000	-0.080494
0.653000	-1.935360
0.654000	-5.053990
0.655000	-3.938010
0.656000	1.927250
0.657000	3.960490
0.658000	0.118242
0.659000	-3.484480
0.660000	-1.838550
0.661000	2.885260
0.662000	3.568110
0.663000	-0.727654
0.664000	-3.469200
0.665000	-1.028310
0.666000	2.676340
0.667000	2.069940
0.668000	-2.149390
0.669000	-3.494680
0.670000	0.153913
0.671000	3.542620
0.672000	1.957830
0.673000	-2.266590
0.674000	-2.816940
0.675000	0.724648
0.676000	2.676340
0.677000	0.250740
0.678000	-2.995280
0.679000	-2.078050
0.680000	1.911960
0.681000	3.170630
0.682000	0.113149
0.683000	-2.704820
0.684000	-1.359530
0.685000	1.886490
0.686000	2.008790
0.687000	-1.048690
0.688000	-2.613100
0.689000	-0.539113
0.690000	2.273770
0.691000	1.601120
0.692000	-1.415590
0.693000	-2.139190
0.694000	0.638017
0.695000	2.752780
0.696000	0.943766
0.697000	-2.343020
0.698000	-2.246200
0.699000	0.750123
0.700000	2.125990
0.701000	0.123345
0.702000	-2.098430
0.703000	-0.962061
0.704000	1.820240
0.705000	1.998590
0.706000	-0.890719
0.707000	-2.511190
0.708000	-0.742943
0.709000	1.942540
0.710000	1.672460
0.711000	-1.089460
0.712000	-2.200350
0.713000	-0.238457
0.714000	1.866110
0.715000	1.463540
0.716000	-1.155700
0.717000	-2.016890
0.718000	0.373042
0.719000	2.100510
0.720000	0.469859
0.721000	-2.011800
0.722000	-1.451260
0.723000	1.438060
0.724000	2.075030
0.725000	-0.253746
0.726000	-1.991410
0.727000	-0.625744
0.728000	1.713240
0.729000	1.280090
0.730000	-1.176090
0.731000	-2.139190
0.732000	-0.416811
0.733000	1.901780
0.734000	1.402390
0.735000	-1.125130
0.736000	-1.858930
0.737000	0.006136
0.738000	1.764190
0.739000	0.454570
0.740000	-1.680570
0.741000	-0.977350
0.742000	0.948859
0.743000	1.448250
0.744000	-0.202786
0.745000	-1.532800
0.746000	-0.294510
0.747000	1.325950
0.748000	1.096640
0.749000	-0.656312
0.750000	-1.665280
0.751000	-0.223168
0.752000	1.371820
0.753000	0.836754
0.754000	-0.778614
0.755000	-1.303480
0.756000	-0.065205
0.757000	1.035490
0.758000	0.755226
0.759000	-0.605352
0.760000	-1.252520
0.761000	-0.167115
0.762000	0.826568
0.763000	0.322082
0.764000	-0.972257
0.765000	-0.890719
0.766000	0.816372
0.767000	1.366710
0.768000	-0.177311
0.769000	-1.278010
0.770000	-0.559495
0.771000	1.101740
0.772000	1.142500
0.773000	-0.666508
0.774000	-1.492020
0.775000	-0.162022
0.776000	1.590940
0.777000	1.152700
0.778000	-1.242340
0.779000	-1.639810
0.780000	0.373042
0.781000	1.483920
0.782000	0.342464
0.783000	-1.395210
0.784000	-1.033400
0.785000	0.760319
0.786000	1.208750
0.787000	-0.319995
0.788000	-1.420680
0.789000	-0.421904
0.790000	1.224040
0.791000	1.060980
0.792000	-0.707272
0.793000	-1.430880
0.794000	-0.100876
0.795000	1.387110
0.796000	0.816372
0.797000	-0.890719
0.798000	-1.206660
0.799000	0.062189
0.800000	1.356530
0.801000	0.536108
0.802000	-0.982443
0.803000	-1.028310
0.804000	0.194687
0.805000	1.050780
0.806000	0.108056
0.807000	-0.982443
0.808000	-0.625744
0.809000	0.612542
0.810000	0.877517
0.811000	-0.319995
0.812000	-1.201560
0.813000	-0.299613
0.814000	0.959055
0.815000	0.709359
0.816000	-0.625744
0.817000	-1.002820
0.818000	0.072385
0.819000	0.959055
0.820000	0.454570
0.821000	-0.814285
0.822000	-0.906008
0.823000	0.311886
0.824000	0.862239
0.825000	0.133531
0.826000	-0.676694
0.827000	-0.488153
0.828000	0.367939
0.829000	0.520819
0.830000	-0.182404
0.831000	-0.579877
0.832000	-0.151826
0.833000	0.469859
0.834000	0.240544
0.835000	-0.365851
0.836000	-0.457575
0.837000	0.113149
0.838000	0.525911
0.839000	0.102964
0.840000	-0.483060
0.841000	-0.432100
0.842000	0.215069
0.843000	0.536108
0.844000	0.021426
0.845000	-0.615548
0.846000	-0.447389
0.847000	0.362846
0.848000	0.592160
0.849000	-0.080494
0.850000	-0.493246
0.851000	-0.177311
0.852000	0.347557
0.853000	0.245647
0.854000	-0.391337
0.855000	-0.518731
0.856000	0.123345
0.857000	0.480044
0.858000	0.041807
0.859000	-0.569691
0.860000	-0.401522
0.861000	0.388321
0.862000	0.469859
0.863000	-0.202786
0.864000	-0.579877
0.865000	-0.207889
0.866000	0.510622
0.867000	0.408713
0.868000	-0.294510
0.869000	-0.442286
0.870000	0.036715
0.871000	0.464766
0.872000	0.133531
0.873000	-0.406626
0.874000	-0.340377
0.875000	0.143727
0.876000	0.388321
0.877000	-0.019338
0.878000	-0.427008
0.879000	-0.248653
0.880000	0.240544
0.881000	0.337371
0.882000	-0.039720
0.883000	-0.427008
0.884000	-0.299613
0.885000	0.138634
0.886000	0.286411
0.887000	-0.060102
0.888000	-0.452482
0.889000	-0.218075
0.890000	0.301700
0.891000	0.296597
0.892000	-0.192600
0.893000	-0.457575
0.894000	-0.049916
0.895000	0.362846
0.896000	0.148820
0.897000	-0.314891
0.898000	-0.406626
0.899000	0.123345
0.900000	0.434188
0.901000	0.102964
0.902000	-0.304706
0.903000	-0.309799
0.904000	0.087674
0.905000	0.281308
0.906000	-0.029534
0.907000	-0.330180
0.908000	-0.162022
0.909000	0.215069
0.910000	0.199780
0.911000	-0.182404
0.912000	-0.340377
0.913000	0.026518
0.914000	0.301700
0.915000	-0.019338
0.916000	-0.427008
0.917000	-0.325088
0.918000	0.108056
0.919000	0.230358
0.920000	-0.080494
0.921000	-0.411719
0.922000	-0.228271
0.923000	0.357753
0.924000	0.490240
0.925000	-0.085587
0.926000	-0.472864
0.927000	-0.182404
0.928000	0.266029
0.929000	0.271122
0.930000	-0.151826
0.931000	-0.370955
0.932000	0.052004
0.933000	0.266029
0.934000	-0.029534
0.935000	-0.319995
0.936000	-0.350562
0.937000	0.092767
0.938000	0.347557
0.939000	-0.177311
0.940000	-0.477957
0.941000	-0.121258
0.942000	0.357753
0.943000	0.281308
0.944000	-0.248653
0.945000	-0.391337
0.946000	0.062189
0.947000	0.454570
0.948000	0.255833
0.949000	-0.355666
0.950000	-0.416811
0.951000	0.041807
0.952000	0.352650
0.953000	0.102964
0.954000	-0.355666
0.955000	-0.192600
0.956000	0.250740
0.957000	0.123345
0.958000	-0.314891
0.959000	-0.421904
0.960000	-0.009153
0.961000	0.378135
0.962000	0.072385
0.963000	-0.416811
0.964000	-0.360759
0.965000	0.194687
0.966000	0.505530
0.967000	0.102964
0.968000	-0.488153
0.969000	-0.376048
0.970000	0.215069
0.971000	0.423991
0.972000	0.108056
0.973000	-0.233364
0.974000	-0.111062
0.975000	0.209976
0.976000	0.052004
0.977000	-0.187497
0.978000	-0.197693
0.979000	0.057096
0.980000	0.199780
0.981000	-0.111062
0.982000	-0.488153
0.983000	-0.365851
0.984000	0.148820
0.985000	0.449477
0.986000	-0.019338
0.987000	-0.427008
0.988000	-0.258839
0.989000	0.087674
0.990000	0.342464
0.991000	0.123345
0.992000	-0.314891
0.993000	-0.309799
0.994000	0.108056
0.995000	0.184491
0.996000	-0.049916
0.997000	-0.111062
0.998000	0.041807
0.999000	0.179398
1.000000	-0.004049
1.001000	-0.381140
1.002000	-0.212982
1.003000	0.276215
1.004000	0.357753
1.005000	0.016333
1.006000	-0.442286
1.007000	-0.411719
1.008000	0.097860
1.009000	0.301700
1.010000	0.046911
1.011000	-0.248653
1.012000	-0.202786
1.013000	0.041807
1.014000	0.143727
1.015000	0.067293
1.016000	-0.111062
1.017000	-0.075391
1.018000	0.143727
1.019000	0.082582
1.020000	-0.146733
1.021000	-0.274128
1.022000	-0.131444
1.023000	0.194687
1.024000	0.057096
1.025000	-0.335284
1.026000	-0.335284
1.027000	0.087674
1.028000	0.337371
1.029000	-0.009153
1.030000	-0.386233
1.031000	-0.233364
1.032000	0.138634
1.033000	0.184491
1.034000	-0.141640
1.035000	-0.258839
1.036000	0.046911
1.037000	0.204873
1.038000	0.052004
1.039000	-0.090680
1.040000	-0.060102
1.041000	0.123345
1.042000	0.041807
1.043000	-0.162022
1.044000	-0.177311
1.045000	-0.049916
1.046000	0.133531
1.047000	0.041807
1.048000	-0.080494
1.049000	-0.116155
1.050000	-0.095773
1.051000	-0.029534
1.052000	-0.024431
1.053000	-0.136547
1.054000	-0.090680
1.055000	-0.014245
1.056000	-0.075391
1.057000	-0.126351
1.058000	-0.136547
1.059000	-0.024431
1.060000	0.123345
1.061000	0.092767
1.062000	-0.029534
1.063000	-0.131444
1.064000	-0.080494
1.065000	0.097860
1.066000	0.148820
1.067000	-0.029534
1.068000	-0.177311
1.069000	-0.090680
1.070000	0.108056
1.071000	0.128438
1.072000	-0.039720
1.073000	-0.228271
1.074000	-0.187497
1.075000	0.021426
1.076000	0.062189
1.077000	-0.034627
1.078000	-0.049916
1.079000	0.046911
1.080000	0.102964
1.081000	-0.034627
1.082000	-0.192600
1.083000	-0.060102
1.084000	0.102964
1.085000	0.087674
1.086000	-0.151826
1.087000	-0.340377
1.088000	-0.162022
1.089000	0.118242
1.090000	0.184491
1.091000	-0.019338
1.092000	-0.248653
1.093000	-0.090680
1.094000	0.128438
1.095000	0.097860
1.096000	-0.116155
1.097000	-0.172218
1.098000	0.052004
1.099000	0.097860
1.100000	-0.095773
1.101000	-0.228271
1.102000	-0.075391
1.103000	0.245647
1.104000	0.225255
1.105000	-0.146733
1.106000	-0.340377
1.107000	-0.156929
1.108000	0.204873
1.109000	0.215069
1.110000	-0.136547
1.111000	-0.263942
1.112000	-0.024431
1.113000	0.194687
1.114000	0.123345
1.115000	-0.136547
1.116000	-0.218075
1.117000	-0.019338
1.118000	0.138634
1.119000	0.026518
1.120000	-0.207889
1.121000	-0.162022
1.122000	0.087674
1.123000	0.123345
1.124000	-0.121258
1.125000	-0.228271
1.126000	-0.055009
1.127000	0.123345
1.128000	0.092767
1.129000	-0.156929
1.130000	-0.294510
1.131000	-0.141640
1.132000	0.138634
1.133000	0.184491
1.134000	-0.065205
1.135000	-0.192600
1.136000	-0.065205
1.137000	0.052004
1.138000	0.026518
1.139000	-0.075391
1.140000	-0.034627
1.141000	0.052004
1.142000	0.082582
1.143000	0.041807
1.144000	-0.090680
1.145000	-0.019338
1.146000	0.108056
1.147000	0.072385
1.148000	-0.121258
1.149000	-0.243560
1.150000	-0.095773
1.151000	0.097860
1.152000	0.001044
1.153000	-0.182404
1.154000	-0.192600
1.155000	-0.049916
1.156000	0.082582
1.157000	0.011240
1.158000	-0.095773
1.159000	-0.060102
1.160000	-0.004049
1.161000	-0.014245
1.162000	-0.065205
1.163000	-0.034627
1.164000	0.031622
1.165000	-0.049916
1.166000	-0.111062
1.167000	-0.060102
1.168000	0.016333
1.169000	0.041807
1.170000	-0.029534
1.171000	-0.070298
1.172000	-0.029534
1.173000	-0.039720
1.174000	-0.055009
1.175000	0.036715
1.176000	0.087674
1.177000	-0.060102
1.178000	-0.177311
1.179000	-0.131444
1.180000	-0.029534
1.181000	0.082582
1.182000	0.046911
1.183000	-0.060102
1.184000	-0.055009
1.185000	0.016333
1.186000	0.077478
1.187000	0.072385
1.188000	-0.360759
1.189000	-0.146733
1.190000	0.663502
1.191000	0.281308
1.192000	-0.447389
1.193000	-0.763325
1.194000	-0.442286
1.195000	0.607439
1.196000	0.276215
1.197000	-0.809192
1.198000	-0.661415
1.199000	0.133531
1.200000	0.709359
1.201000	0.322082
1.202000	-0.508535
1.203000	-0.121258
1.204000	0.653306
1.205000	0.571779
1.206000	0.011240
1.207000	-0.620641
1.208000	-0.263942
1.209000	0.500437
1.210000	0.316979
1.211000	-0.447389
1.212000	-0.849955
1.213000	-0.187497
1.214000	0.673688
1.215000	0.281308
1.216000	-0.401522
1.217000	-0.630837
1.218000	-0.100876
1.219000	0.418899
1.220000	0.179398
1.221000	-0.284324
1.222000	-0.411719
1.223000	0.072385
1.224000	0.378135
1.225000	-0.009153
1.226000	-0.314891
1.227000	-0.162022
1.228000	0.225255
1.229000	0.230358
1.230000	-0.182404
1.231000	-0.421904
1.232000	-0.192600
1.233000	0.322082
1.234000	0.556489
1.235000	-0.095773
1.236000	-0.574784
1.237000	-0.212982
1.238000	0.352650
1.239000	0.500437
1.240000	-0.100876
1.241000	-0.559495
1.242000	-0.243560
1.243000	0.199780
1.244000	0.301700
1.245000	-0.136547
1.246000	-0.365851
1.247000	-0.009153
1.248000	0.311886
1.249000	0.164109
1.250000	-0.309799
1.251000	-0.365851
1.252000	0.113149
1.253000	0.373042
1.254000	0.011240
1.255000	-0.437193
1.256000	-0.299613
1.257000	0.306793
1.258000	0.469859
1.259000	-0.029534
1.260000	-0.523824
1.261000	-0.340377
1.262000	0.220162
1.263000	0.393424
1.264000	-0.070298
1.265000	-0.488153
1.266000	-0.284324
1.267000	0.220162
1.268000	0.322082
1.269000	-0.126351
1.270000	-0.355666
1.271000	-0.095773
1.272000	0.225255
1.273000	0.159016
1.274000	-0.233364
1.275000	-0.314891
1.276000	0.052004
1.277000	0.357753
1.278000	0.133531
1.279000	-0.243560
1.280000	-0.223168
1.281000	0.133531
1.282000	0.347557
1.283000	0.092767
1.284000	-0.294510
1.285000	-0.274128
1.286000	0.057096
1.287000	0.209976
1.288000	-0.044824
1.289000	-0.406626
1.290000	-0.335284
1.291000	0.077478
1.292000	0.174305
1.293000	-0.141640
1.294000	-0.350562
1.295000	-0.172218
1.296000	0.189584
1.297000	0.230358
1.298000	-0.095773
1.299000	-0.212982
1.300000	-0.004049
1.301000	0.230358
1.302000	0.133531
1.303000	-0.223168
1.304000	-0.309799
1.305000	-0.009153
1.306000	0.255833
1.307000	0.097860
1.308000	-0.233364
1.309000	-0.197693
1.310000	0.097860
1.311000	0.255833
1.312000	0.046911
1.313000	-0.233364
1.314000	-0.187497
1.315000	0.077478
1.316000	0.067293
1.317000	-0.151826
1.318000	-0.263942
1.319000	-0.075391
1.320000	0.153913
1.321000	0.021426
1.322000	-0.202786
1.323000	-0.162022
1.324000	0.067293
1.325000	0.128438
1.326000	-0.060102
1.327000	-0.223168
1.328000	-0.111062
1.329000	0.102964
1.330000	0.128438
1.331000	-0.024431
1.332000	-0.141640
1.333000	-0.085587
1.334000	0.026518
1.335000	0.036715
1.336000	-0.055009
1.337000	-0.085587
1.338000	0.011240
1.339000	0.036715
1.340000	-0.029534
1.341000	-0.060102
1.342000	-0.039720
1.343000	-0.009153
1.344000	-0.009153
1.345000	-0.126351
1.346000	-0.141640
1.347000	-0.029534
1.348000	0.072385
1.349000	0.006136
1.350000	-0.100876
1.351000	-0.070298
1.352000	0.006136
1.353000	0.006136
1.354000	-0.019338
1.355000	-0.044824
1.356000	-0.024431
1.357000	-0.055009
1.358000	-0.100876
1.359000	-0.070298
1.360000	-0.029534
1.361000	0.011240
1.362000	0.016333
1.363000	-0.029534
1.364000	-0.070298
1.365000	-0.060102
1.366000	-0.014245
1.367000	0.021426
1.368000	-0.024431
1.369000	-0.049916
1.370000	0.001044
1.371000	0.036715
1.372000	0.021426
1.373000	-0.024431
1.374000	-0.039720
1.375000	-0.014245
1.376000	0.001044
1.377000	-0.024431
1.378000	-0.065205
1.379000	-0.060102
1.380000	0.006136
1.381000	0.001044
1.382000	-0.055009
1.383000	-0.075391
1.384000	-0.060102
1.385000	-0.009153
1.386000	0.041807
1.387000	-0.034627
1.388000	-0.131444
1.389000	-0.111062
1.390000	0.016333
1.391000	0.046911
1.392000	-0.075391
1.393000	-0.141640
1.394000	-0.049916
1.395000	0.046911
1.396000	0.011240
1.397000	-0.095773
1.398000	-0.126351
1.399000	-0.049916
1.400000	0.021426
1.401000	-0.014245
1.402000	-0.141640
1.403000	-0.075391
1.404000	0.092767
1.405000	0.123345
1.406000	-0.024431
1.407000	-0.146733
1.408000	-0.060102
1.409000	0.108056
1.410000	0.077478
1.411000	-0.065205
1.412000	-0.131444
1.413000	-0.034627
1.414000	0.087674
1.415000	0.041807
1.416000	-0.090680
1.417000	-0.131444
1.418000	-0.029534
1.419000	0.052004
1.420000	-0.029534
1.421000	-0.146733
1.422000	-0.151826
1.423000	-0.044824
1.424000	0.026518
1.425000	-0.034627
1.426000	-0.131444
1.427000	-0.095773
1.428000	0.036715
1.429000	0.077478
1.430000	-0.019338
1.431000	-0.090680
1.432000	-0.024431
1.433000	0.077478
1.434000	0.036715
1.435000	-0.070298
1.436000	-0.095773
1.437000	-0.009153
1.438000	0.072385
1.439000	-0.009153
1.440000	-0.121258
1.441000	-0.116155
1.442000	0.006136
1.443000	0.026518
1.444000	-0.065205
1.445000	-0.105969
1.446000	-0.065205
1.447000	0.031622
1.448000	0.006136
1.449000	-0.085587
1.450000	-0.105969
1.451000	-0.060102
1.452000	-0.004049
1.453000	-0.019338
1.454000	-0.080494
1.455000	-0.065205
1.456000	-0.024431
1.457000	0.016333
1.458000	-0.014245
1.459000	-0.075391
1.460000	-0.024431
1.461000	0.031622
1.462000	0.026518
1.463000	-0.039720
1.464000	-0.080494
1.465000	-0.060102
1.466000	-0.029534
1.467000	-0.029534
1.468000	-0.044824
1.469000	-0.065205
1.470000	-0.060102
1.471000	-0.019338
1.472000	-0.004049
1.473000	-0.029534
1.474000	-0.070298
1.475000	-0.060102
1.476000	0.006136
1.477000	0.046911
1.478000	0.001044
1.479000	-0.060102
1.480000	-0.039720
1.481000	0.031622
1.482000	0.006136
1.483000	-0.055009
1.484000	-0.070298
1.485000	-0.004049
1.486000	0.036715
1.487000	-0.034627
1.488000	-0.121258
1.489000	-0.075391
1.490000	0.031622
1.491000	0.011240
1.492000	-0.019338
1.493000	-0.080494
1.494000	-0.116155
1.495000	-0.009153
1.496000	0.097860
1.497000	-0.060102
1.498000	-0.243560
1.499000	-0.105969
1.500000	0.108056
1.501000	0.046911
1.502000	-0.111062
1.503000	-0.070298
1.504000	0.026518
1.505000	-0.039720
1.506000	-0.070298
1.507000	0.011240
1.508000	0.006136
1.509000	-0.065205
1.510000	-0.034627
1.511000	0.006136
1.512000	-0.034627
1.513000	-0.034627
1.514000	0.031622
1.515000	-0.009153
1.516000	-0.116155
1.517000	-0.080494
1.518000	0.026518
1.519000	-0.009153
1.520000	-0.080494
1.521000	-0.024431
1.522000	0.021426
1.523000	-0.055009
1.524000	-0.019338
1.525000	0.057096
1.526000	-0.009153
1.527000	-0.095773
1.528000	-0.065205
1.529000	-0.009153
1.530000	-0.049916
1.531000	-0.090680
1.532000	-0.034627
1.533000	0.011240
1.534000	-0.034627
1.535000	-0.055009
1.536000	-0.024431
1.537000	-0.014245
1.538000	-0.029534
1.539000	-0.044824
1.540000	-0.034627
1.541000	-0.029534
1.542000	0.006136
1.543000	-0.004049
1.544000	-0.039720
1.545000	-0.019338
1.546000	-0.024431
1.547000	-0.034627
1.548000	-0.039720
1.549000	-0.039720
1.550000	-0.029534
1.551000	-0.024431
1.552000	-0.019338
1.553000	-0.004049
1.554000	-0.014245
1.555000	-0.029534
1.556000	-0.014245
1.557000	-0.019338
1.558000	-0.060102
1.559000	-0.090680
1.560000	-0.060102
1.561000	-0.049916
1.562000	-0.085587
1.563000	-0.080494
1.564000	-0.044824
1.565000	-0.014245
1.566000	-0.014245
1.567000	-0.029534
1.568000	-0.039720
1.569000	-0.044824
1.570000	-0.029534
1.571000	-0.019338
1.572000	-0.060102
1.573000	-0.044824
1.574000	0.021426
1.575000	0.021426
1.576000	-0.029534
1.577000	-0.034627
1.578000	-0.009153
1.579000	0.001044
1.580000	-0.029534
1.581000	-0.044824
1.582000	-0.049916
1.583000	-0.044824
1.584000	-0.024431
1.585000	-0.029534
1.586000	-0.039720
1.587000	-0.049916
1.588000	-0.029534
1.589000	-0.024431
1.590000	-0.055009
1.591000	-0.080494
1.592000	-0.060102
1.593000	-0.034627
1.594000	-0.034627
1.595000	-0.049916
1.596000	-0.039720
1.597000	0.006136
1.598000	0.021426
1.599000	0.001044
1.600000	-0.034627
1.601000	-0.049916
1.602000	0.006136
1.603000	0.011240
1.604000	-0.019338
1.605000	-0.065205
1.606000	-0.049916
1.607000	0.001044
1.608000	0.001044
1.609000	-0.044824
1.610000	-0.070298
1.611000	-0.065205
1.612000	-0.029534
1.613000	-0.024431
1.614000	-0.044824
1.615000	-0.060102
1.616000	-0.034627
1.617000	-0.009153
1.618000	-0.019338
1.619000	-0.044824
1.620000	-0.055009
1.621000	-0.034627
1.622000	-0.019338
1.623000	-0.039720
1.624000	-0.055009
1.625000	-0.049916
1.626000	-0.014245
1.627000	0.001044
1.628000	-0.019338
1.629000	-0.044824
1.630000	-0.024431
1.631000	-0.004049
1.632000	-0.024431
1.633000	-0.060102
1.634000	-0.065205
1.635000	-0.044824
1.636000	-0.019338
1.637000	-0.019338
1.638000	-0.034627
1.639000	-0.044824
1.640000	-0.029534
1.641000	0.001044
1.642000	-0.014245
1.643000	-0.034627
1.644000	-0.049916
1.645000	-0.019338
1.646000	0.016333
1.647000	-0.014245
1.648000	-0.055009
1.649000	-0.029534
1.650000	0.011240
1.651000	0.011240
1.652000	-0.049916
1.653000	-0.095773
1.654000	-0.060102
1.655000	-0.014245
1.656000	-0.024431
1.657000	-0.060102
1.658000	-0.070298
1.659000	-0.014245
1.660000	0.011240
1.661000	-0.009153
1.662000	-0.055009
1.663000	-0.049916
1.664000	-0.019338
1.665000	-0.019338
1.666000	-0.044824
1.667000	-0.070298
1.668000	-0.039720
1.669000	0.001044
1.670000	0.001044
1.671000	-0.034627
1.672000	-0.060102
1.673000	-0.034627
1.674000	-0.009153
1.675000	-0.024431
1.676000	-0.065205
1.677000	-0.060102
1.678000	-0.029534
1.679000	-0.019338
1.680000	-0.039720
1.681000	-0.065205
1.682000	-0.039720
1.683000	-0.014245
1.684000	-0.019338
1.685000	-0.060102
1.686000	-0.065205
1.687000	-0.019338
1.688000	0.011240
1.689000	0.006136
1.690000	-0.029534
1.691000	-0.049916
1.692000	-0.009153
1.693000	0.011240
1.694000	-0.019338
1.695000	-0.055009
1.696000	-0.070298
1.697000	-0.019338
1.698000	-0.004049
1.699000	-0.034627
1.700000	-0.070298
1.701000	-0.055009
1.702000	-0.014245
1.703000	-0.009153
1.704000	-0.055009
1.705000	-0.090680
1.706000	-0.055009
1.707000	-0.009153
1.708000	-0.014245
1.709000	-0.065205
1.710000	-0.055009
1.711000	-0.014245
1.712000	0.011240
1.713000	-0.019338
1.714000	-0.055009
1.715000	-0.049916
1.716000	-0.009153
1.717000	-0.004049
1.718000	-0.039720
1.719000	-0.065205
1.720000	-0.044824
1.721000	-0.009153
1.722000	-0.009153
1.723000	-0.049916
1.724000	-0.065205
1.725000	-0.029534
1.726000	-0.009153
1.727000	-0.024431
1.728000	-0.065205
1.729000	-0.060102
1.730000	-0.014245
1.731000	0.001044
1.732000	-0.039720
1.733000	-0.075391
1.734000	-0.039720
1.735000	-0.004049
1.736000	0.001044
1.737000	-0.044824
1.738000	-0.060102
1.739000	-0.029534
1.740000	0.021426
1.741000	0.001044
1.742000	-0.039720
1.743000	-0.044824
1.744000	-0.014245
1.745000	0.006136
1.746000	-0.014245
1.747000	-0.049916
1.748000	-0.044824
1.749000	-0.009153
1.750000	-0.004049
1.751000	-0.044824
1.752000	-0.055009
1.753000	-0.024431
1.754000	0.011240
1.755000	-0.014245
1.756000	-0.055009
1.757000	-0.060102
1.758000	-0.019338
1.759000	-0.004049
1.760000	-0.029534
1.761000	-0.065205
1.762000	-0.055009
1.763000	-0.004049
1.764000	-0.004049
1.765000	-0.044824
1.766000	-0.055009
1.767000	-0.034627
1.768000	-0.004049
1.769000	-0.019338
1.770000	-0.060102
1.771000	-0.065205
1.772000	-0.024431
1.773000	0.006136
1.774000	-0.024431
1.775000	-0.060102
1.776000	-0.060102
1.777000	-0.009153
1.778000	0.001044
1.779000	-0.029534
1.780000	-0.060102
1.781000	-0.044824
1.782000	-0.014245
1.783000	0.001044
1.784000	-0.039720
1.785000	-0.065205
1.786000	-0.034627
1.787000	0.006136
1.788000	-0.019338
1.789000	-0.055009
1.790000	-0.060102
1.791000	-0.019338
1.792000	0.006136
1.793000	-0.024431
1.794000	-0.070298
1.795000	-0.055009
1.796000	-0.024431
1.797000	-0.009153
1.798000	-0.039720
1.799000	-0.070298
1.800000	-0.055009
1.801000	-0.019338
1.802000	-0.019338
1.803000	-0.049916
1.804000	-0.060102
1.805000	-0.034627
1.806000	-0.009153
1.807000	-0.014245
1.808000	-0.055009
1.809000	-0.044824
1.810000	-0.009153
1.811000	0.001044
1.812000	-0.019338
1.813000	-0.070298
1.814000	-0.049916
1.815000	-0.014245
1.816000	-0.004049
1.817000	-0.039720
1.818000	-0.070298
1.819000	-0.055009
1.820000	-0.024431
1.821000	-0.019338
1.822000	-0.049916
1.823000	-0.055009
1.824000	-0.049916
1.825000	-0.034627
1.826000	-0.029534
1.827000	-0.039720
1.828000	-0.044824
1.829000	-0.029534
1.830000	-0.019338
1.831000	-0.029534
1.832000	-0.055009
1.833000	-0.039720
1.834000	-0.014245
1.835000	-0.009153
1.836000	-0.039720
1.837000	-0.065205
1.838000	-0.049916
1.839000	-0.024431
1.840000	-0.019338
1.841000	-0.055009
1.842000	-0.065205
1.843000	-0.039720
1.844000	-0.014245
1.845000	-0.034627
1.846000	-0.060102
1.847000	-0.049916
1.848000	-0.009153
1.849000	0.006136
1.850000	-0.029534
1.851000	-0.065205
1.852000	-0.044824
1.853000	0.001044
1.854000	0.006136
1.855000	-0.039720
1.856000	-0.080494
1.857000	-0.039720
1.858000	0.016333
1.859000	0.006136
1.860000	-0.055009
1.861000	-0.070298
1.862000	-0.029534
1.863000	0.006136
1.864000	-0.019338
1.865000	-0.060102
1.866000	-0.055009
1.867000	-0.019338
1.868000	-0.004049
1.869000	-0.034627
1.870000	-0.055009
1.871000	-0.024431
1.872000	0.001044
1.873000	-0.004049
1.874000	-0.034627
1.875000	-0.039720
1.876000	-0.019338
1.877000	0.001044
1.878000	-0.024431
1.879000	-0.044824
1.880000	-0.044824
1.881000	-0.024431
1.882000	-0.024431
1.883000	-0.049916
1.884000	-0.055009
1.885000	-0.029534
1.886000	-0.019338
1.887000	-0.029534
1.888000	-0.065205
1.889000	-0.060102
1.890000	-0.029534
1.891000	0.001044
1.892000	-0.019338
1.893000	-0.039720
1.894000	-0.060102
1.895000	-0.029534
1.896000	-0.009153
1.897000	-0.019338
1.898000	-0.039720
1.899000	-0.034627
1.900000	-0.024431
1.901000	-0.019338
1.902000	-0.024431
1.903000	-0.034627
1.904000	-0.029534
1.905000	-0.029534
1.906000	-0.024431
1.907000	-0.029534
1.908000	-0.029534
1.909000	-0.029534
1.910000	-0.029534
1.911000	-0.024431
1.912000	-0.034627
1.913000	-0.029534
1.914000	-0.024431
1.915000	-0.029534
1.916000	-0.029534
1.917000	-0.024431
1.918000	-0.029534
1.919000	-0.029534
1.920000	-0.029534
1.921000	-0.029534
1.922000	-0.019338
1.923000	-0.019338
1.924000	-0.029534
1.925000	-0.044824
1.926000	-0.044824
1.927000	-0.029534
1.928000	-0.014245
1.929000	-0.034627
1.930000	-0.049916
1.931000	-0.039720
1.932000	-0.034627
1.933000	-0.029534
1.934000	-0.044824
1.935000	-0.060102
1.936000	-0.039720
1.937000	-0.024431
1.938000	-0.024431
1.939000	-0.055009
1.940000	-0.049916
1.941000	-0.024431
1.942000	-0.014245
1.943000	-0.014245
1.944000	-0.055009
1.945000	-0.049916
1.946000	-0.029534
1.947000	-0.019338
1.948000	-0.029534
1.949000	-0.065205
1.950000	-0.060102
1.951000	-0.034627
1.952000	-0.024431
1.953000	-0.049916
1.954000	-0.049916
1.955000	-0.039720
1.956000	-0.029534
1.957000	-0.024431
1.958000	-0.039720
1.959000	-0.049916
1.960000	-0.019338
1.961000	-0.004049
1.962000	-0.024431
1.963000	-0.044824
1.964000	-0.039720
1.965000	-0.019338
1.966000	0.006136
1.967000	-0.014245
1.968000	-0.044824
1.969000	-0.055009
1.970000	-0.034627
1.971000	-0.014245
1.972000	-0.039720
1.973000	-0.065205
1.974000	-0.060102
1.975000	-0.034627
1.976000	-0.014245
1.977000	-0.039720
1.978000	-0.065205
1.979000	-0.049916
1.980000	-0.014245
1.981000	-0.004049
1.982000	-0.039720
1.983000	-0.055009
1.984000	-0.029534
1.985000	0.001044
1.986000	0.001044
1.987000	-0.044824
1.988000	-0.055009
1.989000	-0.024431
1.990000	0.006136
1.991000	-0.014245
1.992000	-0.055009
1.993000	-0.049916
1.994000	-0.019338
1.995000	-0.009153
1.996000	-0.039720
1.997000	-0.065205
1.998000	-0.039720
1.999000	-0.004049
2.000000	-0.014245
2.001000	-0.055009
2.002000	-0.055009
2.003000	-0.024431
2.004000	0.001044
2.005000	-0.024431
2.006000	-0.060102
2.007000	-0.049916
2.008000	0.006136
2.009000	0.006136
2.010000	-0.024431
2.011000	-0.055009
2.012000	-0.034627
2.013000	0.001044
2.014000	-0.004049
2.015000	-0.049916
2.016000	-0.060102
2.017000	-0.034627
2.018000	-0.009153
2.019000	-0.034627
2.020000	-0.060102
2.021000	-0.055009
2.022000	-0.014245
2.023000	0.006136
2.024000	-0.024431
2.025000	-0.060102
2.026000	-0.055009
2.027000	-0.014245
2.028000	-0.004049
2.029000	-0.034627
2.030000	-0.060102
2.031000	-0.039720
2.032000	-0.004049
2.033000	-0.004049
2.034000	-0.034627
2.035000	-0.049916
2.036000	-0.029534
2.037000	0.001044
2.038000	-0.009153
2.039000	-0.039720
2.040000	-0.049916
2.041000	-0.024431
2.042000	-0.009153
2.043000	-0.024431
2.044000	-0.055009
2.045000	-0.060102
2.046000	-0.029534
2.047000	-0.004049
2.048000	-0.034627
2.049000	-0.060102
2.050000	-0.049916
2.051000	-0.019338
2.052000	-0.019338
2.053000	-0.055009
2.054000	-0.065205
2.055000	-0.039720
2.056000	-0.009153
2.057000	-0.014245
2.058000	-0.049916
2.059000	-0.065205
2.060000	-0.029534
2.061000	-0.004049
2.062000	-0.029534
2.063000	-0.060102
2.064000	-0.044824
2.065000	-0.014245
2.066000	-0.009153
2.067000	-0.044824
2.068000	-0.070298
2.069000	-0.049916
2.070000	-0.004049
2.071000	-0.014245
2.072000	-0.049916
2.073000	-0.060102
2.074000	-0.034627
2.075000	-0.004049
2.076000	-0.014245
2.077000	-0.060102
2.078000	-0.060102
2.079000	-0.029534
2.080000	-0.004049
2.081000	-0.019338
2.082000	-0.049916
2.083000	-0.049916
2.084000	-0.014245
2.085000	-0.004049
2.086000	-0.029534
2.087000	-0.060102
2.088000	-0.034627
2.089000	-0.009153
2.090000	-0.014245
2.091000	-0.049916
2.092000	-0.065205
2.093000	-0.039720
2.094000	-0.009153
2.095000	-0.019338
2.096000	-0.049916
2.097000	-0.049916
2.098000	-0.029534
2.099000	-0.009153
2.100000	-0.029534
2.101000	-0.055009
2.102000	-0.044824
2.103000	-0.019338
2.104000	-0.014245
2.105000	-0.039720
2.106000	-0.049916
2.107000	-0.034627
2.108000	-0.024431
2.109000	-0.024431
2.110000	-0.055009
2.111000	-0.044824
2.112000	-0.024431
2.113000	-0.009153
2.114000	-0.029534
2.115000	-0.055009
2.116000	-0.039720
2.117000	-0.014245
2.118000	-0.009153
2.119000	-0.039720
2.120000	-0.060102
2.121000	-0.039720
2.122000	-0.009153
2.123000	-0.014245
2.124000	-0.039720
2.125000	-0.055009
2.126000	-0.019338
2.127000	0.006136
2.128000	-0.019338
2.129000	-0.039720
2.130000	-0.029534
2.131000	-0.004049
2.132000	-0.019338
2.133000	-0.044824
2.134000	-0.049916
2.135000	-0.019338
2.136000	-0.014245
2.137000	-0.034627
2.138000	-0.055009
2.139000	-0.044824
2.140000	-0.019338
2.141000	-0.019338
2.142000	-0.034627
2.143000	-0.055009
2.144000	-0.034627
2.145000	-0.014245
2.146000	-0.014245
2.147000	-0.034627
2.148000	-0.055009
2.149000	-0.034627
2.150000	-0.019338
2.151000	-0.009153
2.152000	-0.044824
2.153000	-0.065205
2.154000	-0.039720
2.155000	-0.034627
2.156000	-0.034627
2.157000	-0.044824
2.158000	-0.039720
2.159000	-0.019338
2.160000	-0.014245
2.161000	-0.039720
2.162000	-0.055009
2.163000	-0.034627
2.164000	-0.004049
2.165000	-0.019338
2.166000	-0.065205
2.167000	-0.055009
2.168000	-0.029534
2.169000	-0.014245
2.170000	-0.019338
2.171000	-0.039720
2.172000	-0.049916
2.173000	-0.034627
2.174000	-0.019338
2.175000	-0.014245
2.176000	-0.029534
2.177000	-0.039720
2.178000	-0.024431
2.179000	-0.029534
2.180000	-0.029534
2.181000	-0.039720
2.182000	-0.044824
2.183000	-0.034627
2.184000	-0.044824
2.185000	-0.049916
2.186000	-0.055009
2.187000	-0.039720
2.188000	-0.009153
2.189000	-0.029534
2.190000	-0.044824
2.191000	-0.029534
2.192000	-0.014245
2.193000	-0.004049
2.194000	-0.009153
2.195000	-0.029534
2.196000	-0.039720
2.197000	-0.039720
2.198000	-0.034627
2.199000	-0.034627
2.200000	-0.044824
2.201000	-0.044824
2.202000	-0.034627
2.203000	-0.039720
2.204000	-0.039720
2.205000	-0.034627
2.206000	-0.029534
2.207000	-0.044824
2.208000	-0.034627
2.209000	-0.029534
2.210000	-0.029534
2.211000	-0.039720
2.212000	-0.034627
2.213000	-0.019338
2.214000	-0.019338
2.215000	-0.039720
2.216000	-0.044824
2.217000	-0.034627
2.218000	-0.029534
2.219000	-0.029534
2.220000	-0.034627
2.221000	-0.049916
2.222000	-0.039720
2.223000	-0.014245
2.224000	-0.014245
2.225000	-0.034627
2.226000	-0.039720
2.227000	-0.029534
2.228000	-0.029534
2.229000	-0.039720
2.230000	-0.034627
2.231000	-0.049916
2.232000	-0.039720
2.233000	-0.034627
2.234000	-0.019338
2.235000	-0.024431
2.236000	-0.039720
2.237000	-0.019338
2.238000	-0.019338
2.239000	-0.014245
2.240000	-0.019338
2.241000	-0.029534
2.242000	-0.024431
2.243000	-0.009153
2.244000	-0.004049
2.245000	-0.034627
2.246000	-0.049916
2.247000	-0.029534
2.248000	-0.009153
2.249000	-0.009153
2.250000	-0.039720
2.251000	-0.060102
2.252000	-0.049916
2.253000	-0.019338
2.254000	-0.024431
2.255000	-0.044824
2.256000	-0.044824
2.257000	-0.029534
2.258000	-0.019338
2.259000	-0.029534
2.260000	-0.044824
2.261000	-0.034627
2.262000	-0.009153
2.263000	-0.024431
2.264000	-0.055009
2.265000	-0.044824
2.266000	0.016333
2.267000	0.026518
2.268000	-0.044824
2.269000	-0.085587
2.270000	-0.024431
2.271000	0.011240
2.272000	0.001044
2.273000	-0.039720
2.274000	-0.065205
2.275000	-0.034627
2.276000	-0.014245
2.277000	-0.044824
2.278000	-0.080494
2.279000	-0.039720
2.280000	0.006136
2.281000	-0.034627
2.282000	-0.080494
2.283000	-0.065205
2.284000	-0.019338
2.285000	0.006136
2.286000	-0.029534
2.287000	-0.080494
2.288000	-0.044824
2.289000	0.021426
2.290000	0.041807
2.291000	-0.049916
2.292000	-0.100876
2.293000	-0.019338
2.294000	0.021426
2.295000	-0.019338
2.296000	-0.080494
2.297000	-0.060102
2.298000	0.021426
2.299000	0.011240
2.300000	-0.075391
2.301000	-0.100876
2.302000	-0.060102
2.303000	0.016333
2.304000	-0.009153
2.305000	-0.075391
2.306000	-0.100876
2.307000	-0.055009
2.308000	0.026518
2.309000	-0.004049
2.310000	-0.075391
2.311000	-0.065205
2.312000	-0.024431
2.313000	0.011240
2.314000	-0.019338
2.315000	-0.060102
2.316000	-0.049916
2.317000	-0.014245
2.318000	0.001044
2.319000	-0.049916
2.320000	-0.090680
2.321000	-0.034627
2.322000	0.006136
2.323000	-0.014245
2.324000	-0.070298
2.325000	-0.095773
2.326000	-0.039720
2.327000	-0.004049
2.328000	-0.019338
2.329000	-0.070298
2.330000	-0.070298
2.331000	-0.014245
2.332000	0.021426
2.333000	-0.029534
2.334000	-0.095773
2.335000	-0.065205
2.336000	0.021426
2.337000	0.021426
2.338000	-0.039720
2.339000	-0.090680
2.340000	-0.029534
2.341000	0.031622
2.342000	0.011240
2.343000	-0.065205
2.344000	-0.075391
2.345000	-0.029534
2.346000	0.021426
2.347000	-0.009153
2.348000	-0.080494
2.349000	-0.085587
2.350000	-0.019338
2.351000	0.011240
2.352000	-0.034627
2.353000	-0.075391
2.354000	-0.044824
2.355000	0.011240
2.356000	0.001044
2.357000	-0.055009
2.358000	-0.080494
2.359000	-0.024431
2.360000	0.031622
2.361000	0.006136
2.362000	-0.060102
2.363000	-0.070298
2.364000	-0.009153
2.365000	0.026518
2.366000	-0.009153
2.367000	-0.060102
2.368000	-0.049916
2.369000	-0.009153
2.370000	0.011240
2.371000	-0.029534
2.372000	-0.070298
2.373000	-0.044824
2.374000	-0.004049
2.375000	-0.014245
2.376000	-0.065205
2.377000	-0.075391
2.378000	-0.029534
2.379000	0.006136
2.380000	-0.019338
2.381000	-0.065205
2.382000	-0.075391
2.383000	-0.019338
2.384000	0.006136
2.385000	-0.024431
2.386000	-0.065205
2.387000	-0.055009
2.388000	-0.014245
2.389000	-0.004049
2.390000	-0.029534
2.391000	-0.065205
2.392000	-0.034627
2.393000	0.011240
2.394000	0.006136
2.395000	-0.049916
2.396000	-0.060102
2.397000	-0.024431
2.398000	0.006136
2.399000	-0.019338
2.400000	-0.055009
2.401000	-0.065205
2.402000	-0.014245
2.403000	0.011240
2.404000	-0.029534
2.405000	-0.065205
2.406000	-0.044824
2.407000	-0.009153
2.408000	-0.004049
2.409000	-0.039720
2.410000	-0.060102
2.411000	-0.039720
2.412000	-0.014245
2.413000	-0.024431
2.414000	-0.049916
2.415000	-0.065205
2.416000	-0.024431
2.417000	0.006136
2.418000	-0.019338
2.419000	-0.065205
2.420000	-0.055009
2.421000	-0.019338
2.422000	-0.009153
2.423000	-0.039720
2.424000	-0.065205
2.425000	-0.044824
2.426000	-0.009153
2.427000	-0.019338
2.428000	-0.055009
2.429000	-0.065205
2.430000	-0.034627
2.431000	-0.009153
2.432000	-0.024431
2.433000	-0.060102
2.434000	-0.049916
2.435000	-0.029534
2.436000	-0.004049
2.437000	-0.029534
2.438000	-0.060102
2.439000	-0.049916
2.440000	-0.014245
2.441000	-0.014245
2.442000	-0.039720
2.443000	-0.049916
2.444000	-0.034627
2.445000	-0.014245
2.446000	-0.019338
2.447000	-0.055009
2.448000	-0.049916
2.449000	-0.029534
2.450000	-0.014245
2.451000	-0.034627
2.452000	-0.055009
2.453000	-0.049916
2.454000	-0.019338
2.455000	-0.014245
2.456000	-0.034627
2.457000	-0.049916
2.458000	-0.044824
2.459000	-0.014245
2.460000	-0.014245
2.461000	-0.039720
2.462000	-0.055009
2.463000	-0.034627
2.464000	-0.014245
2.465000	-0.024431
2.466000	-0.044824
2.467000	-0.055009
2.468000	-0.029534
2.469000	-0.009153
2.470000	-0.024431
2.471000	-0.044824
2.472000	-0.039720
2.473000	-0.019338
2.474000	-0.019338
2.475000	-0.039720
2.476000	-0.049916
2.477000	-0.044824
2.478000	-0.019338
2.479000	-0.019338
2.480000	-0.044824
2.481000	-0.049916
2.482000	-0.029534
2.483000	-0.009153
2.484000	-0.029534
2.485000	-0.039720
2.486000	-0.039720
2.487000	-0.024431
2.488000	-0.014245
2.489000	-0.029534
2.490000	-0.049916
2.491000	-0.044824
2.492000	-0.019338
2.493000	-0.014245
2.494000	-0.039720
2.495000	-0.049916
2.496000	-0.029534
2.497000	-0.014245
2.498000	-0.029534
2.499000	-0.044824
