0.000000	0.000000
3.991000	0.204639
4.097000	-0.606201
4.498000	-0.264795
5.140000	-0.435498
5.948000	-0.094091
6.912000	0.204639
7.916000	0.802100
8.947000	1.100830
8.911000	1.015480
10.835000	2.082370
11.861000	2.978560
12.797000	3.746730
13.708000	5.240380
14.596000	5.709810
15.348000	7.160790
16.066999	7.416850
16.775999	8.483740
17.358999	9.038530
18.003000	9.635990
18.591999	10.276100
19.183001	10.574900
19.781000	11.556400
20.326000	11.471000
20.979000	11.385700
21.666000	9.849370
22.476000	11.129600
