0.000000	0.068896
0.001000	0.111572
0.002000	0.111572
0.003000	0.068896
0.004000	0.111572
0.005000	0.111572
0.006000	0.068896
0.007000	0.111572
0.008000	0.111572
0.009000	0.068896
0.010000	-0.101807
0.011000	-0.272510
0.012000	-0.400538
0.013000	-0.784620
0.014000	-1.083350
0.015000	-1.339410
0.016000	-1.638140
0.017000	-1.766160
0.018000	-1.808840
0.019000	-1.595460
0.020000	-1.552780
0.021000	-1.296730
0.022000	-0.997999
0.023000	-0.784620
0.024000	-0.741944
0.025000	-0.571241
0.026000	-0.528565
0.027000	-0.443214
0.028000	-0.400538
0.029000	-0.315186
0.030000	-0.101807
0.031000	-0.059131
0.032000	0.026220
0.033000	-0.016456
0.034000	-0.016456
0.035000	-0.187159
0.036000	-0.229835
0.037000	-0.400538
0.038000	-0.400538
0.039000	-0.443214
0.040000	-0.528565
0.041000	-0.400538
0.042000	-0.400538
0.043000	-0.357862
0.044000	-0.315186
0.045000	-0.315186
0.046000	-0.272510
0.047000	-0.272510
0.048000	-0.187159
0.049000	-0.016456
0.050000	0.111572
0.051000	0.282275
0.052000	0.452978
0.053000	0.452978
0.054000	0.495654
0.055000	0.410302
0.056000	0.410302
0.057000	0.367626
0.058000	0.282275
0.059000	0.410302
0.060000	0.495654
0.061000	0.581005
0.062000	0.623681
0.063000	0.666357
0.064000	0.666357
0.065000	0.623681
0.066000	0.538329
0.067000	0.495654
0.068000	0.495654
0.069000	0.452978
0.070000	0.452978
0.071000	0.452978
0.072000	0.452978
0.073000	0.495654
0.074000	0.495654
0.075000	0.452978
0.076000	0.495654
0.077000	0.538329
0.078000	0.623681
0.079000	0.751708
0.080000	0.879736
0.081000	1.093110
0.082000	1.263820
0.083000	1.391850
0.084000	1.519870
0.085000	1.647900
0.086000	1.733250
0.087000	1.818600
0.088000	1.946630
0.089000	2.074660
0.090000	2.202680
0.091000	2.288040
0.092000	2.416060
0.093000	2.501420
0.094000	2.544090
0.095000	2.586770
0.096000	2.586770
0.097000	2.629440
0.098000	2.672120
0.099000	2.800150
0.100000	2.970850
0.101000	3.056200
0.102000	3.226900
0.103000	3.312260
0.104000	3.440280
0.105000	3.653660
0.106000	3.781690
0.107000	3.952390
0.108000	4.165770
0.109000	4.464500
0.110000	4.635200
0.111000	4.891260
0.112000	5.061960
0.113000	5.189990
0.114000	5.360690
0.115000	5.531400
0.116000	5.616750
0.117000	5.744770
0.118000	5.872800
0.119000	5.958150
0.120000	6.086180
0.121000	6.171530
0.122000	6.299560
0.123000	6.427590
0.124000	6.598290
0.125000	6.726320
0.126000	6.897020
0.127000	7.110400
0.128000	7.195750
0.129000	7.323780
0.130000	7.409130
0.131000	7.537160
0.132000	7.579830
0.133000	7.622510
0.134000	7.665180
0.135000	7.750540
0.136000	7.793210
0.137000	7.878560
0.138000	7.921240
0.139000	8.006590
0.140000	8.134620
0.141000	8.219970
0.142000	8.305320
0.143000	8.390670
0.144000	8.476020
0.145000	8.561380
0.146000	8.604050
0.147000	8.689400
0.148000	8.817430
0.149000	8.988130
0.150000	9.030810
0.151000	9.158840
0.152000	9.286860
0.153000	9.372220
0.154000	9.500240
0.155000	9.585590
0.156000	9.628270
0.157000	9.670950
0.158000	9.756300
0.159000	9.798970
0.160000	9.927000
0.161000	9.969680
0.162000	10.055000
0.163000	10.140400
0.164000	10.225700
0.165000	10.311100
0.166000	10.396400
0.167000	10.481800
0.168000	10.524500
0.169000	10.652500
0.170000	10.780500
0.171000	10.865900
0.172000	10.951200
0.173000	11.036600
0.174000	11.121900
0.175000	11.164600
0.176000	11.292600
0.177000	11.335300
0.178000	11.420700
0.179000	11.463300
0.180000	11.591400
0.181000	11.634000
0.182000	11.719400
0.183000	11.719400
0.184000	11.804700
0.185000	11.932800
0.186000	12.018100
0.187000	12.060800
0.188000	12.146100
0.189000	12.231500
0.190000	12.274200
0.191000	12.274200
0.192000	12.402200
0.193000	12.402200
0.194000	12.444900
0.195000	12.487500
0.196000	12.487500
0.197000	12.572900
0.198000	12.572900
0.199000	12.658300
0.200000	12.700900
0.201000	12.999700
0.202000	8.433350
0.203000	10.055000
0.204000	11.335300
0.205000	8.177290
0.206000	8.476020
0.207000	7.963920
0.208000	6.000830
0.209000	6.043510
0.210000	5.872800
0.211000	5.275340
0.212000	6.939700
0.213000	7.921240
0.214000	8.177290
0.215000	10.481800
0.216000	11.250000
0.217000	12.231500
0.218000	13.213000
0.219000	13.895800
0.220000	13.981200
0.221000	13.554400
0.222000	12.487500
0.223000	12.359500
0.224000	11.079200
0.225000	10.396400
0.226000	10.097700
0.227000	9.713620
0.228000	9.884330
0.229000	10.268400
0.230000	10.567100
0.231000	11.506000
0.232000	11.762100
0.233000	12.530200
0.234000	12.999700
0.235000	13.597100
0.236000	13.895800
0.237000	14.279900
0.238000	14.322600
0.239000	14.322600
0.240000	14.194600
0.241000	13.938500
0.242000	13.597100
0.243000	13.383700
0.244000	12.999700
0.245000	12.871600
0.246000	12.743600
0.247000	12.743600
0.248000	12.829000
0.249000	12.957000
0.250000	13.255700
0.251000	13.469100
0.252000	13.895800
0.253000	14.109200
0.254000	14.408000
0.255000	14.279900
0.256000	14.493300
0.257000	14.450600
0.258000	14.194600
0.259000	14.322600
0.260000	14.279900
0.261000	14.237300
0.262000	14.194600
0.263000	14.194600
0.264000	14.066600
0.265000	14.151900
0.266000	13.938500
0.267000	14.066600
0.268000	14.023900
0.269000	14.194600
0.270000	14.408000
0.271000	14.578700
0.272000	14.749400
0.273000	14.962700
0.274000	15.005400
0.275000	15.048100
0.276000	15.261500
0.277000	15.218800
0.278000	15.304100
0.279000	15.218800
0.280000	15.218800
0.281000	15.133400
0.282000	15.048100
0.283000	15.048100
0.284000	14.962700
0.285000	15.048100
0.286000	15.048100
0.287000	15.133400
0.288000	15.261500
0.289000	15.304100
0.290000	15.517500
0.291000	15.645600
0.292000	15.858900
0.293000	16.072300
0.294000	16.243000
0.295000	16.328400
0.296000	16.456400
0.297000	16.413700
0.298000	16.328400
0.299000	16.285700
0.300000	16.243000
0.301000	16.200300
0.302000	16.200300
0.303000	16.200300
0.304000	16.243000
0.305000	16.328400
0.306000	16.371000
0.307000	16.499100
0.308000	16.712500
0.309000	16.883200
0.310000	17.053900
0.311000	17.224600
0.312000	17.267200
0.313000	17.309900
0.314000	17.395300
0.315000	17.395300
0.316000	17.437901
0.317000	17.395300
0.318000	17.352600
0.319000	17.352600
0.320000	17.352600
0.321000	17.309900
0.322000	17.309900
0.323000	17.352600
0.324000	17.352600
0.325000	17.437901
0.326000	17.651300
0.327000	17.736700
0.328000	17.822001
0.329000	17.950001
0.330000	18.035400
0.331000	18.078100
0.332000	18.120800
0.333000	18.120800
0.334000	18.078100
0.335000	18.120800
0.336000	18.035400
0.337000	17.992701
0.338000	17.950001
0.339000	17.992701
0.340000	17.864700
0.341000	17.736700
0.342000	17.779301
0.343000	17.779301
0.344000	17.907400
0.345000	18.120800
0.346000	18.291500
0.347000	18.547501
0.348000	18.718201
0.349000	18.803600
0.350000	18.888901
0.351000	18.846201
0.352000	18.760900
0.353000	18.760900
0.354000	18.590200
0.355000	18.547501
0.356000	18.376801
0.357000	18.376801
0.358000	18.291500
0.359000	18.163401
0.360000	18.248800
0.361000	18.206100
0.362000	18.291500
0.363000	18.376801
0.364000	18.419500
0.365000	18.462200
0.366000	18.163401
0.367000	18.035400
0.368000	18.163401
0.369000	18.120800
0.370000	17.907400
0.371000	18.163401
0.372000	18.291500
0.373000	18.078100
0.374000	17.736700
0.375000	17.053900
0.376000	14.109200
0.377000	15.218800
0.378000	14.792000
0.379000	14.493300
0.380000	16.755100
0.381000	17.950001
0.382000	18.888901
0.383000	19.913099
0.384000	19.400999
0.385000	19.059601
0.386000	18.291500
0.387000	17.267200
0.388000	17.053900
0.389000	17.181900
0.390000	17.224600
0.391000	17.566000
0.392000	17.694000
0.393000	17.822001
0.394000	17.822001
0.395000	17.992701
0.396000	18.291500
0.397000	18.803600
0.398000	18.931601
0.399000	19.230301
0.400000	19.187599
0.401000	19.016899
0.402000	18.846201
0.403000	18.632900
0.404000	18.675501
0.405000	18.803600
0.406000	18.803600
0.407000	19.016899
0.408000	19.145000
0.409000	19.187599
0.410000	19.187599
0.411000	19.315701
0.412000	19.315701
0.413000	19.315701
0.414000	19.358299
0.415000	19.358299
0.416000	18.846201
0.417000	19.230301
0.418000	19.230301
0.419000	19.273001
0.420000	19.742399
0.421000	19.870501
0.422000	20.041201
0.423000	20.382601
0.424000	20.297199
0.425000	20.169201
0.426000	20.254499
0.427000	19.998501
0.428000	19.913099
0.429000	19.870501
0.430000	19.742399
0.431000	19.614401
0.432000	19.742399
0.433000	19.785101
0.434000	19.913099
0.435000	20.211901
0.436000	20.510599
0.437000	20.681299
0.438000	20.851999
0.439000	20.851999
0.440000	20.894699
0.441000	20.937401
0.442000	20.894699
0.443000	20.894699
0.444000	20.894699
0.445000	20.809299
0.446000	20.681299
0.447000	21.620199
0.448000	2.117330
0.449000	8.518700
0.450000	10.737800
0.451000	-2.491650
0.452000	4.379150
0.453000	2.202680
0.454000	-4.113330
0.455000	0.324950
0.456000	-2.619680
0.457000	-6.289800
0.458000	-2.064890
0.459000	-2.320950
0.460000	-0.144483
0.461000	5.360690
0.462000	6.043510
0.463000	10.055000
0.464000	12.487500
0.465000	14.408000
0.466000	14.877400
0.467000	15.005400
0.468000	12.402200
