0.000000	10.124300
0.001000	8.244410
0.002000	10.124300
0.003000	10.124300
0.004000	10.124300
0.005000	10.124300
0.006000	12.004200
0.007000	10.124300
0.008000	10.124300
0.009000	8.244410
0.010000	8.244410
0.011000	2.604760
0.012000	-3.034880
0.013000	-6.794650
0.014000	-4.914760
0.015000	-8.674530
0.016000	-4.914760
0.017000	-4.914760
0.018000	2.604760
0.019000	2.604760
0.020000	6.364530
0.021000	8.244410
0.022000	6.364530
0.023000	2.604760
0.024000	0.724882
0.025000	-1.155000
0.026000	-1.155000
0.027000	4.484650
0.028000	0.724882
0.029000	4.484650
0.030000	4.484650
0.031000	6.364530
0.032000	6.364530
0.033000	8.244410
0.034000	8.244410
0.035000	13.884100
0.036000	15.763900
0.037000	19.523701
0.038000	19.523701
0.039000	21.403601
0.040000	19.523701
0.041000	12.004200
0.042000	12.004200
0.043000	8.244410
0.044000	8.244410
0.045000	8.244410
0.046000	2.604760
0.047000	6.364530
0.048000	4.484650
0.049000	6.364530
0.050000	6.364530
0.051000	10.124300
0.052000	10.124300
0.053000	10.124300
0.054000	10.124300
0.055000	12.004200
0.056000	12.004200
0.057000	8.244410
0.058000	10.124300
0.059000	10.124300
0.060000	10.124300
0.061000	8.244410
0.062000	8.244410
0.063000	8.244410
0.064000	10.124300
0.065000	12.004200
0.066000	13.884100
0.067000	13.884100
0.068000	13.884100
0.069000	17.643801
0.070000	13.884100
0.071000	12.004200
0.072000	15.763900
0.073000	13.884100
0.074000	13.884100
0.075000	10.124300
0.076000	8.244410
0.077000	12.004200
0.078000	13.884100
0.079000	13.884100
0.080000	13.884100
0.081000	15.763900
0.082000	15.763900
0.083000	15.763900
0.084000	13.884100
0.085000	15.763900
0.086000	15.763900
0.087000	13.884100
0.088000	13.884100
0.089000	13.884100
0.090000	13.884100
0.091000	15.763900
0.092000	15.763900
0.093000	17.643801
0.094000	17.643801
0.095000	21.403601
0.096000	21.403601
0.097000	21.403601
0.098000	17.643801
0.099000	15.763900
0.100000	15.763900
0.101000	12.004200
0.102000	10.124300
0.103000	10.124300
0.104000	8.244410
0.105000	10.124300
0.106000	13.884100
0.107000	13.884100
0.108000	17.643801
0.109000	15.763900
0.110000	21.403601
0.111000	21.403601
0.112000	19.523701
0.113000	17.643801
0.114000	13.884100
0.115000	13.884100
0.116000	10.124300
0.117000	10.124300
0.118000	12.004200
0.119000	13.884100
0.120000	12.004200
0.121000	12.004200
0.122000	15.763900
0.123000	17.643801
0.124000	17.643801
0.125000	17.643801
0.126000	15.763900
0.127000	13.884100
0.128000	10.124300
0.129000	13.884100
0.130000	10.124300
0.131000	10.124300
0.132000	12.004200
0.133000	13.884100
0.134000	15.763900
0.135000	15.763900
0.136000	13.884100
0.137000	15.763900
0.138000	13.884100
0.139000	13.884100
0.140000	13.884100
0.141000	12.004200
0.142000	10.124300
0.143000	8.244410
0.144000	8.244410
0.145000	10.124300
0.146000	12.004200
0.147000	10.124300
0.148000	12.004200
0.149000	13.884100
0.150000	15.763900
0.151000	13.884100
0.152000	13.884100
0.153000	12.004200
0.154000	13.884100
0.155000	13.884100
0.156000	13.884100
0.157000	12.004200
0.158000	10.124300
0.159000	10.124300
0.160000	12.004200
0.161000	12.004200
0.162000	13.884100
0.163000	12.004200
0.164000	12.004200
0.165000	15.763900
0.166000	12.004200
0.167000	13.884100
0.168000	13.884100
0.169000	12.004200
0.170000	12.004200
0.171000	13.884100
0.172000	13.884100
0.173000	15.763900
0.174000	15.763900
0.175000	13.884100
0.176000	13.884100
0.177000	15.763900
0.178000	13.884100
0.179000	17.643801
0.180000	15.763900
0.181000	12.004200
0.182000	12.004200
0.183000	12.004200
0.184000	12.004200
0.185000	13.884100
0.186000	12.004200
0.187000	12.004200
0.188000	10.124300
0.189000	12.004200
0.190000	12.004200
0.191000	15.763900
0.192000	12.004200
0.193000	13.884100
0.194000	13.884100
0.195000	13.884100
0.196000	12.004200
0.197000	13.884100
0.198000	12.004200
0.199000	13.884100
0.200000	13.884100
0.201000	34.562801
0.202000	2.604760
0.203000	-46.272202
0.204000	-12.434300
0.205000	12.004200
0.206000	60.881100
0.207000	-14.314200
0.208000	-33.112999
0.209000	-1.155000
0.210000	15.763900
0.211000	15.763900
0.212000	-18.073900
0.213000	6.364530
0.214000	21.403601
0.215000	19.523701
0.216000	-3.034880
0.217000	8.244410
0.218000	21.403601
0.219000	34.562801
0.220000	4.484650
0.221000	6.364530
0.222000	2.604760
0.223000	15.763900
0.224000	13.884100
0.225000	12.004200
0.226000	-4.914760
0.227000	0.724882
0.228000	4.484650
0.229000	23.283501
0.230000	13.884100
0.231000	8.244410
0.232000	2.604760
0.233000	21.403601
0.234000	17.643801
0.235000	23.283501
0.236000	10.124300
0.237000	12.004200
0.238000	8.244410
0.239000	15.763900
0.240000	17.643801
0.241000	17.643801
0.242000	10.124300
0.243000	8.244410
0.244000	13.884100
0.245000	15.763900
0.246000	15.763900
0.247000	12.004200
0.248000	12.004200
0.249000	8.244410
0.250000	12.004200
0.251000	12.004200
0.252000	10.124300
0.253000	12.004200
0.254000	19.523701
0.255000	13.884100
0.256000	17.643801
0.257000	19.523701
0.258000	15.763900
0.259000	13.884100
0.260000	13.884100
0.261000	15.763900
0.262000	12.004200
0.263000	13.884100
0.264000	10.124300
0.265000	8.244410
0.266000	13.884100
0.267000	17.643801
0.268000	13.884100
0.269000	13.884100
0.270000	13.884100
0.271000	13.884100
0.272000	15.763900
0.273000	15.763900
0.274000	17.643801
0.275000	15.763900
0.276000	17.643801
0.277000	17.643801
0.278000	17.643801
0.279000	13.884100
0.280000	17.643801
0.281000	15.763900
0.282000	17.643801
0.283000	15.763900
0.284000	19.523701
0.285000	15.763900
0.286000	13.884100
0.287000	13.884100
0.288000	13.884100
0.289000	13.884100
0.290000	15.763900
0.291000	17.643801
0.292000	15.763900
0.293000	15.763900
0.294000	23.283501
0.295000	19.523701
0.296000	17.643801
0.297000	15.763900
0.298000	17.643801
0.299000	13.884100
0.300000	15.763900
0.301000	15.763900
0.302000	19.523701
0.303000	17.643801
0.304000	15.763900
0.305000	17.643801
0.306000	17.643801
0.307000	15.763900
0.308000	17.643801
0.309000	15.763900
0.310000	15.763900
0.311000	17.643801
0.312000	19.523701
0.313000	19.523701
0.314000	17.643801
0.315000	19.523701
0.316000	19.523701
0.317000	19.523701
0.318000	19.523701
0.319000	17.643801
0.320000	15.763900
0.321000	15.763900
0.322000	17.643801
0.323000	17.643801
0.324000	17.643801
0.325000	17.643801
0.326000	17.643801
0.327000	21.403601
0.328000	21.403601
0.329000	19.523701
0.330000	19.523701
0.331000	19.523701
0.332000	19.523701
0.333000	19.523701
0.334000	19.523701
0.335000	19.523701
0.336000	21.403601
0.337000	19.523701
0.338000	19.523701
0.339000	19.523701
0.340000	21.403601
0.341000	21.403601
0.342000	19.523701
0.343000	21.403601
0.344000	21.403601
0.345000	21.403601
0.346000	19.523701
0.347000	21.403601
0.348000	21.403601
0.349000	23.283501
0.350000	21.403601
0.351000	21.403601
0.352000	21.403601
0.353000	19.523701
0.354000	17.643801
0.355000	19.523701
0.356000	15.763900
0.357000	19.523701
0.358000	21.403601
0.359000	19.523701
0.360000	21.403601
0.361000	19.523701
0.362000	15.763900
0.363000	15.763900
0.364000	13.884100
0.365000	17.643801
0.366000	13.884100
0.367000	21.403601
0.368000	21.403601
0.369000	17.643801
0.370000	21.403601
0.371000	23.283501
0.372000	25.163401
0.373000	23.283501
0.374000	21.403601
0.375000	47.722000
0.376000	13.884100
0.377000	-6.794650
0.378000	12.004200
0.379000	25.163401
0.380000	17.643801
0.381000	12.004200
0.382000	8.244410
0.383000	8.244410
0.384000	15.763900
0.385000	19.523701
0.386000	8.244410
0.387000	28.923100
0.388000	19.523701
0.389000	13.884100
0.390000	17.643801
0.391000	21.403601
0.392000	21.403601
0.393000	17.643801
0.394000	13.884100
0.395000	17.643801
0.396000	13.884100
0.397000	21.403601
0.398000	15.763900
0.399000	17.643801
0.400000	15.763900
0.401000	19.523701
0.402000	19.523701
0.403000	21.403601
0.404000	17.643801
0.405000	15.763900
0.406000	17.643801
0.407000	17.643801
0.408000	17.643801
0.409000	21.403601
0.410000	13.884100
0.411000	17.643801
0.412000	15.763900
0.413000	19.523701
0.414000	19.523701
0.415000	19.523701
0.416000	19.523701
0.417000	13.884100
0.418000	15.763900
0.419000	17.643801
0.420000	17.643801
0.421000	13.884100
0.422000	15.763900
0.423000	19.523701
0.424000	17.643801
0.425000	21.403601
0.426000	17.643801
0.427000	19.523701
0.428000	17.643801
0.429000	17.643801
0.430000	19.523701
0.431000	19.523701
0.432000	17.643801
0.433000	21.403601
0.434000	19.523701
0.435000	17.643801
0.436000	15.763900
0.437000	19.523701
0.438000	19.523701
0.439000	19.523701
0.440000	21.403601
0.441000	21.403601
0.442000	21.403601
0.443000	23.283501
0.444000	19.523701
0.445000	23.283501
0.446000	23.283501
0.447000	231.949997
0.448000	-31.233101
0.449000	-50.032001
0.450000	-16.194099
0.451000	-136.507004
0.452000	90.959297
0.453000	-21.833700
0.454000	-55.671600
0.455000	-51.911800
0.456000	-125.226997
0.457000	-65.070999
0.458000	-104.549004
0.459000	-21.833700
0.460000	-12.434300
0.461000	-12.434300
0.462000	-23.713600
0.463000	-33.112999
0.464000	-36.872799
0.465000	12.004200
0.466000	-27.473400
0.467000	-10.554400
0.468000	-48.152100
