0.000000	-10.060500
0.001000	-10.060500
0.002000	-12.174700
0.003000	-10.060500
0.004000	-7.946230
0.005000	-7.946230
0.006000	-10.060500
0.007000	-10.060500
0.008000	-7.946230
0.009000	-10.060500
0.010000	-10.060500
0.011000	-10.060500
0.012000	-10.060500
0.013000	-10.060500
0.014000	-12.174700
0.015000	-10.060500
0.016000	-7.946230
0.017000	-10.060500
0.018000	-10.060500
0.019000	-10.060500
0.020000	-12.174700
0.021000	-10.060500
0.022000	-7.946230
0.023000	-10.060500
0.024000	-7.946230
0.025000	-12.174700
0.026000	-16.403299
0.027000	-22.746000
0.028000	-24.860300
0.029000	-29.088800
0.030000	-29.088800
0.031000	-24.860300
0.032000	-16.403299
0.033000	-7.946230
0.034000	0.510806
0.035000	4.739320
0.036000	6.853580
0.037000	6.853580
0.038000	-3.717710
0.039000	-14.289000
0.040000	-26.974501
0.041000	-31.203100
0.042000	-33.317299
0.043000	-33.317299
0.044000	-24.860300
0.045000	-16.403299
0.046000	-3.717710
0.047000	4.739320
0.048000	11.082100
0.049000	13.196400
0.050000	8.967840
0.051000	4.739320
0.052000	-5.831970
0.053000	-12.174700
0.054000	-18.517500
0.055000	-18.517500
0.056000	-18.517500
0.057000	-14.289000
0.058000	-5.831970
0.059000	-3.717710
0.060000	-1.603460
0.061000	4.739320
0.062000	2.625060
0.063000	0.510806
0.064000	-1.603460
0.065000	-7.946230
0.066000	-12.174700
0.067000	-12.174700
0.068000	-10.060500
0.069000	-10.060500
0.070000	-5.831970
0.071000	-3.717710
0.072000	0.510806
0.073000	-1.603460
0.074000	-1.603460
0.075000	-3.717710
0.076000	-5.831970
0.077000	-10.060500
0.078000	-12.174700
0.079000	-12.174700
0.080000	-10.060500
0.081000	-10.060500
0.082000	-5.831970
0.083000	0.510806
0.084000	2.625060
0.085000	2.625060
0.086000	6.853580
0.087000	2.625060
0.088000	0.510806
0.089000	-5.831970
0.090000	-7.946230
0.091000	-12.174700
0.092000	-10.060500
0.093000	-7.946230
0.094000	-7.946230
0.095000	-10.060500
0.096000	-5.831970
0.097000	-3.717710
0.098000	2.625060
0.099000	2.625060
0.100000	2.625060
0.101000	0.510806
0.102000	2.625060
0.103000	6.853580
0.104000	6.853580
0.105000	8.967840
0.106000	6.853580
0.107000	11.082100
0.108000	8.967840
0.109000	8.967840
0.110000	11.082100
0.111000	8.967840
0.112000	4.739320
0.113000	4.739320
0.114000	4.739320
0.115000	6.853580
0.116000	6.853580
0.117000	6.853580
0.118000	6.853580
0.119000	8.967840
0.120000	4.739320
0.121000	4.739320
0.122000	6.853580
0.123000	6.853580
0.124000	8.967840
0.125000	8.967840
0.126000	8.967840
0.127000	15.310600
0.128000	15.310600
0.129000	13.196400
0.130000	15.310600
0.131000	17.424900
0.132000	17.424900
0.133000	15.310600
0.134000	15.310600
0.135000	13.196400
0.136000	13.196400
0.137000	13.196400
0.138000	15.310600
0.139000	13.196400
0.140000	15.310600
0.141000	15.310600
0.142000	17.424900
0.143000	19.539101
0.144000	17.424900
0.145000	15.310600
0.146000	13.196400
0.147000	15.310600
0.148000	13.196400
0.149000	15.310600
0.150000	15.310600
0.151000	15.310600
0.152000	15.310600
0.153000	15.310600
0.154000	17.424900
0.155000	17.424900
0.156000	17.424900
0.157000	19.539101
0.158000	23.767599
0.159000	19.539101
0.160000	21.653400
0.161000	21.653400
0.162000	23.767599
0.163000	25.881901
0.164000	27.996201
0.165000	27.996201
0.166000	27.996201
0.167000	27.996201
0.168000	32.224701
0.169000	23.767599
0.170000	21.653400
0.171000	19.539101
0.172000	13.196400
0.173000	8.967840
0.174000	4.739320
0.175000	2.625060
0.176000	2.625060
0.177000	4.739320
0.178000	4.739320
0.179000	2.625060
0.180000	6.853580
0.181000	13.196400
0.182000	13.196400
0.183000	15.310600
0.184000	21.653400
0.185000	21.653400
0.186000	23.767599
0.187000	23.767599
0.188000	23.767599
0.189000	21.653400
0.190000	21.653400
0.191000	21.653400
0.192000	19.539101
0.193000	17.424900
0.194000	17.424900
0.195000	13.196400
0.196000	15.310600
0.197000	15.310600
0.198000	15.310600
0.199000	13.196400
0.200000	13.196400
0.201000	13.196400
0.202000	13.196400
0.203000	15.310600
0.204000	15.310600
0.205000	15.310600
0.206000	17.424900
0.207000	15.310600
0.208000	17.424900
0.209000	17.424900
0.210000	15.310600
0.211000	17.424900
0.212000	15.310600
0.213000	13.196400
0.214000	11.082100
0.215000	13.196400
0.216000	11.082100
0.217000	15.310600
0.218000	13.196400
0.219000	11.082100
0.220000	15.310600
0.221000	15.310600
0.222000	11.082100
0.223000	11.082100
0.224000	8.967840
0.225000	11.082100
0.226000	13.196400
0.227000	11.082100
0.228000	13.196400
0.229000	15.310600
0.230000	17.424900
0.231000	17.424900
0.232000	19.539101
0.233000	19.539101
0.234000	15.310600
0.235000	15.310600
0.236000	13.196400
0.237000	13.196400
0.238000	11.082100
0.239000	11.082100
0.240000	11.082100
0.241000	8.967840
0.242000	4.739320
0.243000	4.739320
0.244000	-3.717710
0.245000	-14.289000
0.246000	0.510806
0.247000	6.853580
0.248000	4.739320
0.249000	13.196400
0.250000	21.653400
0.251000	21.653400
0.252000	27.996201
0.253000	38.567402
0.254000	13.196400
0.255000	-24.860300
0.256000	-3.717710
0.257000	-3.717710
0.258000	-18.517500
0.259000	4.739320
0.260000	40.681702
0.261000	38.567402
0.262000	19.539101
0.263000	44.910198
0.264000	49.138699
0.265000	32.224701
0.266000	34.338902
0.267000	40.681702
0.268000	25.881901
0.269000	2.625060
0.270000	19.539101
0.271000	25.881901
0.272000	2.625060
0.273000	0.510806
0.274000	11.082100
0.275000	-3.717710
0.276000	-5.831970
0.277000	6.853580
0.278000	11.082100
0.279000	0.510806
0.280000	-1.603460
0.281000	13.196400
0.282000	11.082100
0.283000	6.853580
0.284000	17.424900
0.285000	13.196400
0.286000	6.853580
0.287000	11.082100
0.288000	21.653400
0.289000	15.310600
0.290000	8.967840
0.291000	13.196400
0.292000	15.310600
0.293000	8.967840
0.294000	13.196400
0.295000	4.739320
0.296000	-5.831970
0.297000	-7.946230
0.298000	-1.603460
0.299000	6.853580
0.300000	11.082100
0.301000	6.853580
0.302000	8.967840
0.303000	11.082100
0.304000	11.082100
0.305000	13.196400
0.306000	8.967840
0.307000	2.625060
0.308000	2.625060
0.309000	4.739320
0.310000	2.625060
0.311000	6.853580
0.312000	8.967840
0.313000	8.967840
0.314000	11.082100
0.315000	13.196400
0.316000	13.196400
0.317000	11.082100
0.318000	13.196400
0.319000	11.082100
0.320000	15.310600
0.321000	15.310600
0.322000	15.310600
0.323000	15.310600
0.324000	15.310600
0.325000	13.196400
0.326000	17.424900
0.327000	15.310600
0.328000	15.310600
0.329000	13.196400
0.330000	13.196400
0.331000	13.196400
0.332000	15.310600
0.333000	13.196400
0.334000	13.196400
0.335000	11.082100
0.336000	6.853580
0.337000	8.967840
0.338000	8.967840
0.339000	6.853580
0.340000	6.853580
0.341000	6.853580
0.342000	11.082100
0.343000	11.082100
0.344000	11.082100
0.345000	11.082100
0.346000	6.853580
0.347000	6.853580
0.348000	8.967840
0.349000	8.967840
0.350000	8.967840
0.351000	6.853580
0.352000	6.853580
0.353000	8.967840
0.354000	6.853580
0.355000	8.967840
0.356000	6.853580
0.357000	6.853580
0.358000	8.967840
0.359000	8.967840
0.360000	8.967840
0.361000	6.853580
0.362000	4.739320
0.363000	4.739320
0.364000	4.739320
0.365000	4.739320
0.366000	4.739320
0.367000	6.853580
0.368000	11.082100
0.369000	8.967840
0.370000	11.082100
0.371000	13.196400
0.372000	13.196400
0.373000	13.196400
0.374000	15.310600
0.375000	15.310600
0.376000	15.310600
0.377000	15.310600
0.378000	11.082100
0.379000	11.082100
0.380000	6.853580
0.381000	6.853580
0.382000	8.967840
0.383000	11.082100
0.384000	11.082100
0.385000	13.196400
0.386000	13.196400
0.387000	15.310600
0.388000	13.196400
0.389000	13.196400
0.390000	13.196400
0.391000	11.082100
0.392000	15.310600
0.393000	11.082100
0.394000	11.082100
0.395000	8.967840
0.396000	11.082100
0.397000	11.082100
0.398000	8.967840
0.399000	8.967840
0.400000	13.196400
0.401000	11.082100
0.402000	13.196400
0.403000	17.424900
0.404000	15.310600
0.405000	13.196400
0.406000	15.310600
0.407000	15.310600
0.408000	15.310600
0.409000	15.310600
0.410000	15.310600
0.411000	15.310600
0.412000	11.082100
0.413000	13.196400
0.414000	15.310600
0.415000	17.424900
0.416000	15.310600
0.417000	19.539101
0.418000	15.310600
0.419000	21.653400
0.420000	19.539101
0.421000	19.539101
0.422000	17.424900
0.423000	19.539101
0.424000	23.767599
0.425000	19.539101
0.426000	17.424900
0.427000	17.424900
0.428000	13.196400
0.429000	15.310600
0.430000	17.424900
0.431000	15.310600
0.432000	17.424900
0.433000	19.539101
0.434000	15.310600
0.435000	19.539101
0.436000	15.310600
0.437000	15.310600
0.438000	17.424900
0.439000	15.310600
0.440000	15.310600
0.441000	15.310600
0.442000	15.310600
0.443000	15.310600
0.444000	17.424900
0.445000	13.196400
0.446000	15.310600
0.447000	15.310600
0.448000	11.082100
0.449000	15.310600
0.450000	13.196400
0.451000	13.196400
0.452000	8.967840
0.453000	15.310600
0.454000	13.196400
0.455000	15.310600
0.456000	15.310600
0.457000	15.310600
0.458000	17.424900
0.459000	15.310600
0.460000	13.196400
0.461000	15.310600
0.462000	15.310600
0.463000	15.310600
0.464000	13.196400
0.465000	15.310600
0.466000	11.082100
0.467000	17.424900
0.468000	13.196400
0.469000	13.196400
0.470000	13.196400
0.471000	17.424900
0.472000	11.082100
0.473000	17.424900
0.474000	19.539101
0.475000	15.310600
0.476000	17.424900
0.477000	15.310600
0.478000	15.310600
0.479000	13.196400
0.480000	15.310600
0.481000	13.196400
0.482000	15.310600
0.483000	17.424900
0.484000	15.310600
0.485000	19.539101
0.486000	15.310600
0.487000	17.424900
0.488000	17.424900
0.489000	17.424900
0.490000	13.196400
0.491000	17.424900
0.492000	17.424900
0.493000	15.310600
0.494000	6.853580
0.495000	17.424900
0.496000	13.196400
0.497000	4.739320
0.498000	15.310600
0.499000	19.539101
0.500000	13.196400
0.501000	15.310600
0.502000	15.310600
0.503000	6.853580
0.504000	17.424900
0.505000	17.424900
0.506000	0.510806
0.507000	11.082100
0.508000	19.539101
0.509000	13.196400
0.510000	23.767599
0.511000	36.453201
0.512000	25.881901
0.513000	23.767599
0.514000	36.453201
0.515000	30.110399
0.516000	15.310600
0.517000	13.196400
0.518000	19.539101
0.519000	4.739320
0.520000	4.739320
0.521000	15.310600
0.522000	17.424900
0.523000	8.967840
0.524000	15.310600
0.525000	21.653400
0.526000	15.310600
0.527000	15.310600
0.528000	23.767599
0.529000	19.539101
0.530000	11.082100
0.531000	19.539101
0.532000	19.539101
0.533000	8.967840
0.534000	17.424900
0.535000	25.881901
0.536000	19.539101
0.537000	19.539101
0.538000	30.110399
0.539000	23.767599
0.540000	21.653400
0.541000	23.767599
0.542000	25.881901
0.543000	17.424900
0.544000	19.539101
0.545000	19.539101
0.546000	17.424900
0.547000	15.310600
0.548000	19.539101
0.549000	23.767599
0.550000	19.539101
0.551000	19.539101
0.552000	19.539101
0.553000	17.424900
0.554000	15.310600
0.555000	19.539101
0.556000	19.539101
0.557000	15.310600
0.558000	17.424900
0.559000	19.539101
0.560000	21.653400
0.561000	17.424900
0.562000	17.424900
0.563000	17.424900
0.564000	15.310600
0.565000	15.310600
0.566000	15.310600
0.567000	13.196400
0.568000	13.196400
0.569000	11.082100
0.570000	11.082100
0.571000	15.310600
0.572000	13.196400
0.573000	15.310600
0.574000	17.424900
0.575000	15.310600
0.576000	15.310600
0.577000	17.424900
0.578000	15.310600
0.579000	21.653400
0.580000	21.653400
0.581000	23.767599
0.582000	27.996201
0.583000	32.224701
0.584000	34.338902
0.585000	36.453201
0.586000	2.625060
0.587000	-120.001999
0.588000	-153.830002
0.589000	-31.203100
0.590000	-111.544998
0.591000	-100.973999
0.592000	13.196400
0.593000	-7.946230
0.594000	87.195396
0.595000	228.850998
0.596000	211.936996
0.597000	203.479996
0.598000	275.364014
0.599000	199.251007
0.600000	133.709000
0.601000	131.595001
0.602000	125.251999
0.603000	72.395599
0.604000	82.966904
0.605000	55.481499
0.606000	57.595798
0.607000	80.852600
0.608000	70.281303
0.609000	66.052803
0.610000	80.852600
0.611000	47.024502
0.612000	49.138699
0.613000	63.938499
0.614000	61.824299
0.615000	25.881901
0.616000	40.681702
0.617000	21.653400
0.618000	36.453201
0.619000	55.481499
0.620000	72.395599
0.621000	55.481499
0.622000	66.052803
0.623000	82.966904
0.624000	70.281303
0.625000	74.509804
0.626000	87.195396
