0.000000	0.000000
-24.566000	-0.808616
-24.481001	-0.602952
-24.541000	-0.740062
-24.573000	-0.671507
-24.917999	2.893340
-25.437000	-0.328733
-26.068001	-3.345140
-26.781000	-4.236350
-27.500999	-6.292990
-28.236000	-5.538890
-28.926001	-4.716230
-29.497000	-7.664090
-30.091000	-11.023300
-30.690001	-12.668600
-31.305000	-11.777400
-31.677000	-12.188700
-32.261002	-12.325800
-32.707001	-13.422700
-32.646999	-15.685000
-33.688999	-16.439100
-34.070999	-15.959200
-34.361000	-14.793800
-34.842999	-13.765500
-35.160000	-16.781900
-35.573002	-16.713301
-36.192001	-16.781900
-36.623001	-18.290100
-36.938000	-17.193199
-37.472000	-16.644699
-37.569000	-18.769899
-38.205002	-18.907101
-38.505001	-17.810200
-39.396999	-11.914500
-40.160000	-7.732640
-40.959000	-7.664090
-41.683998	-16.233400
-42.347000	-19.592600
-42.820000	-18.358601
-43.049000	-17.673100
-43.598000	-14.382400
-43.986000	-13.696900
-44.303001	-18.975599
-44.722000	-22.403299
-45.103001	-22.540501
-45.449001	-21.923500
-45.785999	-21.580700
-46.005001	-22.197701
-46.514000	-25.556900
-46.879002	-29.258801
-47.397999	-28.778900
-47.750999	-28.367599
-48.217999	-29.464500
-48.602001	-31.589701
-48.963001	-32.755100
-49.410000	-34.469002
-49.709000	-35.977200
-50.200001	-36.799801
-50.466000	-37.348301
-50.993999	-39.130699
-51.335999	-40.570301
-51.335999	-41.598701
-52.096001	-42.421299
-52.419998	-42.764099
-53.062000	-41.804298
-53.450001	-39.267799
-53.997002	-39.267799
-54.418999	-41.530102
-54.817001	-42.215599
-55.422001	-41.255901
-55.879002	-40.981701
-56.467999	-38.650799
-56.945000	-37.759602
-57.469002	-38.239498
-58.370998	-33.920502
-60.365002	-19.592600
-63.006001	12.765200
