0.000000	-0.808616
0.001000	-0.808616
0.002000	-0.808616
0.003000	-0.740062
0.004000	-0.740062
0.005000	-0.740062
0.006000	-0.671507
0.007000	-0.671507
0.008000	-0.602952
0.009000	-0.671507
0.010000	-0.602952
0.011000	-0.602952
0.012000	-0.671507
0.013000	-0.671507
0.014000	-0.671507
0.015000	-0.671507
0.016000	-0.740062
0.017000	-0.808616
0.018000	-0.808616
0.019000	-0.808616
0.020000	-0.808616
0.021000	-0.808616
0.022000	-0.808616
0.023000	-0.808616
0.024000	-0.671507
0.025000	-0.328733
0.026000	0.219704
0.027000	0.768142
0.028000	1.248020
0.029000	1.865020
0.030000	2.344900
0.031000	2.687670
0.032000	2.893340
0.033000	2.893340
0.034000	2.687670
0.035000	2.276340
0.036000	1.865020
0.037000	1.385130
0.038000	0.836696
0.039000	0.219704
0.040000	-0.328733
0.041000	-0.808616
0.042000	-1.151390
0.043000	-1.562720
0.044000	-1.905490
0.045000	-2.385370
0.046000	-2.659590
0.047000	-2.933810
0.048000	-3.345140
0.049000	-3.756470
0.050000	-4.099240
0.051000	-4.304910
0.052000	-4.373460
0.053000	-4.373460
0.054000	-4.442010
0.055000	-4.304910
0.056000	-4.236350
0.057000	-4.236350
0.058000	-4.236350
0.059000	-4.442010
0.060000	-4.784790
0.061000	-5.127560
0.062000	-5.538890
0.063000	-5.881660
0.064000	-6.292990
0.065000	-6.635760
0.066000	-6.772870
0.067000	-6.772870
0.068000	-6.635760
0.069000	-6.430100
0.070000	-6.155880
0.071000	-5.881660
0.072000	-5.538890
0.073000	-5.196120
0.074000	-4.921900
0.075000	-4.716230
0.076000	-4.647680
0.077000	-4.579120
0.078000	-4.579120
0.079000	-4.579120
0.080000	-4.716230
0.081000	-4.784790
0.082000	-5.059010
0.083000	-5.264670
0.084000	-5.607440
0.085000	-6.018770
0.086000	-6.567210
0.087000	-7.047090
0.088000	-7.664090
0.089000	-8.281080
0.090000	-8.829510
0.091000	-9.377950
0.092000	-9.857830
0.093000	-10.200600
0.094000	-10.543400
0.095000	-10.749000
0.096000	-11.023300
0.097000	-11.228900
0.098000	-11.503100
0.099000	-11.777400
0.100000	-11.914500
0.101000	-12.051600
0.102000	-12.394400
0.103000	-12.462900
0.104000	-12.668600
0.105000	-12.737100
0.106000	-12.600000
0.107000	-12.531500
0.108000	-12.462900
0.109000	-12.257200
0.110000	-12.120100
0.111000	-11.914500
0.112000	-11.777400
0.113000	-11.708800
0.114000	-11.708800
0.115000	-11.845900
0.116000	-11.777400
0.117000	-11.914500
0.118000	-11.983000
0.119000	-12.120100
0.120000	-12.188700
0.121000	-12.257200
0.122000	-12.257200
0.123000	-12.188700
0.124000	-12.188700
0.125000	-12.188700
0.126000	-12.188700
0.127000	-12.257200
0.128000	-12.325800
0.129000	-12.394400
0.130000	-12.462900
0.131000	-12.668600
0.132000	-12.805700
0.133000	-12.942800
0.134000	-13.148500
0.135000	-13.285600
0.136000	-13.422700
0.137000	-13.559800
0.138000	-13.834000
0.139000	-14.039700
0.140000	-14.313900
0.141000	-14.588100
0.142000	-14.999400
0.143000	-15.410800
0.144000	-15.685000
0.145000	-16.027800
0.146000	-16.302000
0.147000	-16.507601
0.148000	-16.644699
0.149000	-16.644699
0.150000	-16.644699
0.151000	-16.576200
0.152000	-16.439100
0.153000	-16.370501
0.154000	-16.302000
0.155000	-16.096300
0.156000	-16.027800
0.157000	-15.959200
0.158000	-15.959200
0.159000	-15.959200
0.160000	-15.959200
0.161000	-15.959200
0.162000	-15.890600
0.163000	-15.753500
0.164000	-15.616400
0.165000	-15.410800
0.166000	-15.205100
0.167000	-14.999400
0.168000	-14.793800
0.169000	-14.451000
0.170000	-14.108200
0.171000	-13.834000
0.172000	-13.696900
0.173000	-13.628300
0.174000	-13.559800
0.175000	-13.628300
0.176000	-13.765500
0.177000	-13.971100
0.178000	-14.245300
0.179000	-14.656700
0.180000	-15.136500
0.181000	-15.616400
0.182000	-16.027800
0.183000	-16.439100
0.184000	-16.781900
0.185000	-17.124599
0.186000	-17.261700
0.187000	-17.193199
0.188000	-17.193199
0.189000	-17.193199
0.190000	-17.124599
0.191000	-16.919001
0.192000	-16.713301
0.193000	-16.439100
0.194000	-16.302000
0.195000	-16.164900
0.196000	-16.164900
0.197000	-16.233400
0.198000	-16.302000
0.199000	-16.507601
0.200000	-16.781900
0.201000	-17.056101
0.202000	-17.330299
0.203000	-17.535999
0.204000	-17.810200
0.205000	-17.947300
0.206000	-18.153000
0.207000	-18.221500
0.208000	-18.290100
0.209000	-18.221500
0.210000	-18.153000
0.211000	-18.084400
0.212000	-17.947300
0.213000	-17.810200
0.214000	-17.673100
0.215000	-17.467400
0.216000	-17.193199
0.217000	-17.056101
0.218000	-16.919001
0.219000	-16.781900
0.220000	-16.644699
0.221000	-16.576200
0.222000	-16.576200
0.223000	-16.576200
0.224000	-16.644699
0.225000	-16.850401
0.226000	-16.987499
0.227000	-17.330299
0.228000	-17.535999
0.229000	-17.810200
0.230000	-18.153000
0.231000	-18.495701
0.232000	-18.769899
0.233000	-18.975599
0.234000	-19.181299
0.235000	-19.249800
0.236000	-19.318399
0.237000	-19.249800
0.238000	-19.181299
0.239000	-19.112700
0.240000	-18.907101
0.241000	-18.701401
0.242000	-18.564301
0.243000	-18.358601
0.244000	-18.084400
0.245000	-18.153000
0.246000	-17.947300
0.247000	-17.947300
0.248000	-17.810200
0.249000	-17.535999
0.250000	-17.056101
0.251000	-16.850401
0.252000	-16.027800
0.253000	-15.136500
0.254000	-13.628300
0.255000	-12.805700
0.256000	-11.914500
0.257000	-11.777400
0.258000	-11.708800
0.259000	-10.954700
0.260000	-9.926390
0.261000	-10.269200
0.262000	-10.200600
0.263000	-8.966620
0.264000	-7.732640
0.265000	-7.047090
0.266000	-7.047090
0.267000	-7.184200
0.268000	-7.389870
0.269000	-7.321310
0.270000	-6.361550
0.271000	-6.498660
0.272000	-7.664090
0.273000	-8.418190
0.274000	-9.377950
0.275000	-10.200600
0.276000	-11.297500
0.277000	-12.394400
0.278000	-13.834000
0.279000	-15.547900
0.280000	-16.233400
0.281000	-16.781900
0.282000	-17.535999
0.283000	-18.495701
0.284000	-19.318399
0.285000	-19.661200
0.286000	-19.866800
0.287000	-19.935400
0.288000	-19.592600
0.289000	-19.661200
0.290000	-19.524000
0.291000	-19.181299
0.292000	-18.907101
0.293000	-18.495701
0.294000	-18.290100
0.295000	-18.290100
0.296000	-18.358601
0.297000	-18.290100
0.298000	-18.221500
0.299000	-18.221500
0.300000	-18.358601
0.301000	-18.427200
0.302000	-18.153000
0.303000	-17.810200
0.304000	-17.673100
0.305000	-17.535999
0.306000	-17.330299
0.307000	-16.919001
0.308000	-16.302000
0.309000	-15.685000
0.310000	-15.136500
0.311000	-14.725200
0.312000	-14.382400
0.313000	-13.902600
0.314000	-13.491200
0.315000	-13.148500
0.316000	-12.942800
0.317000	-13.148500
0.318000	-13.354100
0.319000	-13.559800
0.320000	-13.696900
0.321000	-14.039700
0.322000	-14.588100
0.323000	-15.410800
0.324000	-16.096300
0.325000	-16.781900
0.326000	-17.467400
0.327000	-18.153000
0.328000	-18.975599
0.329000	-19.661200
0.330000	-20.346701
0.331000	-20.895100
0.332000	-21.237900
0.333000	-21.580700
0.334000	-21.923500
0.335000	-22.197701
0.336000	-22.403299
0.337000	-22.471901
0.338000	-22.471901
0.339000	-22.540501
0.340000	-22.540501
0.341000	-22.608999
0.342000	-22.608999
0.343000	-22.608999
0.344000	-22.540501
0.345000	-22.471901
0.346000	-22.403299
0.347000	-22.471901
0.348000	-22.334801
0.349000	-22.334801
0.350000	-22.197701
0.351000	-22.060600
0.352000	-21.923500
0.353000	-21.923500
0.354000	-21.923500
0.355000	-21.992001
0.356000	-21.992001
0.357000	-21.786400
0.358000	-21.717800
0.359000	-21.580700
0.360000	-21.580700
0.361000	-21.580700
0.362000	-21.580700
0.363000	-21.580700
0.364000	-21.580700
0.365000	-21.649200
0.366000	-21.717800
0.367000	-21.923500
0.368000	-22.197701
0.369000	-22.471901
0.370000	-22.746099
0.371000	-23.088900
0.372000	-23.431700
0.373000	-24.048700
0.374000	-24.528500
0.375000	-25.077000
0.376000	-25.556900
0.377000	-26.242399
0.378000	-26.790800
0.379000	-27.270700
0.380000	-27.819201
0.381000	-28.299000
0.382000	-28.641800
0.383000	-28.984600
0.384000	-29.258801
0.385000	-29.395901
0.386000	-29.395901
0.387000	-29.464500
0.388000	-29.327400
0.389000	-29.258801
0.390000	-29.121700
0.391000	-29.053101
0.392000	-28.778900
0.393000	-28.710400
0.394000	-28.504700
0.395000	-28.436199
0.396000	-28.367599
0.397000	-28.367599
0.398000	-28.367599
0.399000	-28.367599
0.400000	-28.367599
0.401000	-28.573299
0.402000	-28.504700
0.403000	-28.573299
0.404000	-28.641800
0.405000	-28.847500
0.406000	-28.984600
0.407000	-29.258801
0.408000	-29.464500
0.409000	-29.670099
0.410000	-29.944401
0.411000	-30.150000
0.412000	-30.561399
0.413000	-30.835600
0.414000	-31.041201
0.415000	-31.315500
0.416000	-31.589701
0.417000	-31.795300
0.418000	-31.932400
0.419000	-32.138100
0.420000	-32.275200
0.421000	-32.412300
0.422000	-32.480900
0.423000	-32.618000
0.424000	-32.755100
0.425000	-32.960800
0.426000	-33.166401
0.427000	-33.372101
0.428000	-33.646301
0.429000	-33.783401
0.430000	-34.057598
0.431000	-34.263302
0.432000	-34.469002
0.433000	-34.606098
0.434000	-34.880299
0.435000	-35.085999
0.436000	-35.223099
0.437000	-35.428699
0.438000	-35.634399
0.439000	-35.840099
0.440000	-35.977200
0.441000	-36.114300
0.442000	-36.251400
0.443000	-36.388500
0.444000	-36.457100
0.445000	-36.594200
0.446000	-36.662701
0.447000	-36.731300
0.448000	-36.799801
0.449000	-36.799801
0.450000	-36.868401
0.451000	-37.005501
0.452000	-37.005501
0.453000	-37.074001
0.454000	-37.142601
0.455000	-37.279701
0.456000	-37.348301
0.457000	-37.553902
0.458000	-37.759602
0.459000	-37.896702
0.460000	-38.170898
0.461000	-38.376598
0.462000	-38.650799
0.463000	-38.856499
0.464000	-39.130699
0.465000	-39.404900
0.466000	-39.610600
0.467000	-39.816200
0.468000	-40.021900
0.469000	-40.159000
0.470000	-40.296101
0.471000	-40.433201
0.472000	-40.570301
0.473000	-40.707401
0.474000	-40.844601
0.475000	-40.913101
0.476000	-41.050201
0.477000	-41.187302
0.478000	-41.324402
0.479000	-41.530102
0.480000	-41.598701
0.481000	-41.804298
0.482000	-41.941399
0.483000	-42.009998
0.484000	-42.215599
0.485000	-42.284199
0.486000	-42.352798
0.487000	-42.421299
0.488000	-42.421299
0.489000	-42.421299
0.490000	-42.558399
0.491000	-42.626999
0.492000	-42.626999
0.493000	-42.626999
0.494000	-42.695499
0.495000	-42.695499
0.496000	-42.764099
0.497000	-42.832600
0.498000	-42.695499
0.499000	-42.558399
0.500000	-42.626999
0.501000	-42.215599
0.502000	-42.009998
0.503000	-42.284199
0.504000	-41.804298
0.505000	-41.530102
0.506000	-41.461498
0.507000	-40.981701
0.508000	-40.981701
0.509000	-40.638901
0.510000	-40.090500
0.511000	-39.336399
0.512000	-39.267799
0.513000	-39.199200
0.514000	-38.787899
0.515000	-38.719398
0.516000	-38.719398
0.517000	-38.719398
0.518000	-38.856499
0.519000	-39.062099
0.520000	-39.267799
0.521000	-39.404900
0.522000	-39.747700
0.523000	-40.159000
0.524000	-40.364700
0.525000	-40.570301
0.526000	-40.981701
0.527000	-41.393002
0.528000	-41.530102
0.529000	-42.009998
0.530000	-42.284199
0.531000	-42.078499
0.532000	-42.284199
0.533000	-42.489899
0.534000	-42.558399
0.535000	-42.352798
0.536000	-42.215599
0.537000	-41.941399
0.538000	-41.667198
0.539000	-41.667198
0.540000	-41.667198
0.541000	-41.393002
0.542000	-41.187302
0.543000	-41.255901
0.544000	-41.255901
0.545000	-41.324402
0.546000	-41.393002
0.547000	-41.461498
0.548000	-41.461498
0.549000	-41.393002
0.550000	-41.393002
0.551000	-41.255901
0.552000	-40.981701
0.553000	-40.844601
0.554000	-40.570301
0.555000	-40.364700
0.556000	-40.021900
0.557000	-39.747700
0.558000	-39.336399
0.559000	-39.062099
0.560000	-38.650799
0.561000	-38.445099
0.562000	-38.102402
0.563000	-37.965302
0.564000	-37.828098
0.565000	-37.622501
0.566000	-37.622501
0.567000	-37.691002
0.568000	-37.759602
0.569000	-37.896702
0.570000	-37.965302
0.571000	-38.102402
0.572000	-38.307999
0.573000	-38.445099
0.574000	-38.376598
0.575000	-38.445099
0.576000	-38.239498
0.577000	-38.102402
0.578000	-37.896702
0.579000	-37.416801
0.580000	-37.005501
0.581000	-36.457100
0.582000	-35.702999
0.583000	-34.880299
0.584000	-33.920502
0.585000	-32.686501
0.586000	-29.190300
0.587000	-30.629900
0.588000	-30.424200
0.589000	-26.379499
0.590000	-24.734200
0.591000	-21.169399
0.592000	-19.592600
0.593000	-20.415300
0.594000	-16.233400
0.595000	-9.035180
0.596000	-2.522480
0.597000	2.207790
0.598000	5.429860
0.599000	8.034940
0.600000	12.765200
0.601000	19.552099
0.602000	23.528299
0.603000	24.625200
0.604000	25.242201
0.605000	26.270500
0.606000	27.641600
0.607000	27.847200
0.608000	26.407600
0.609000	25.173599
0.610000	23.459700
0.611000	20.649000
0.612000	16.878500
0.613000	13.519300
0.614000	11.119900
0.615000	8.240600
0.616000	3.853100
0.617000	-1.357050
0.618000	-6.018770
0.619000	-9.240840
0.620000	-11.091800
0.621000	-12.874200
0.622000	-14.039700
0.623000	-14.793800
0.624000	-16.302000
0.625000	-17.261700
0.626000	-17.535999
