-0.300000	-23.395901
-0.299000	-22.881800
-0.298000	-23.395901
-0.297000	-22.881800
-0.296000	-22.881800
-0.295000	-23.395901
-0.294000	-23.395901
-0.293000	-23.395901
-0.292000	-23.395901
-0.291000	-23.395901
-0.290000	-22.881800
-0.289000	-23.395901
-0.288000	-22.881800
-0.287000	-23.910000
-0.286000	-23.395901
-0.285000	-23.395901
-0.284000	-23.910000
-0.283000	-23.395901
-0.282000	-22.881800
-0.281000	-22.881800
-0.280000	-23.395901
-0.279000	-22.366600
-0.278000	-22.881800
-0.277000	-23.395901
-0.276000	-23.395901
-0.275000	-23.395901
-0.274000	-23.395901
-0.273000	-23.395901
-0.272000	-23.395901
-0.271000	-23.395901
-0.270000	-22.881800
-0.269000	-23.395901
-0.268000	-23.395901
-0.267000	-23.395901
-0.266000	-23.395901
-0.265000	-23.395901
-0.264000	-23.395901
-0.263000	-23.395901
-0.262000	-23.395901
-0.261000	-22.881800
-0.260000	-23.395901
-0.259000	-22.881800
-0.258000	-22.881800
-0.257000	-23.395901
-0.256000	-23.910000
-0.255000	-23.395901
-0.254000	-22.881800
-0.253000	-23.395901
-0.252000	-23.395901
-0.251000	-23.395901
-0.250000	-23.395901
-0.249000	-22.881800
-0.248000	-22.881800
-0.247000	-22.881800
-0.246000	-22.881800
-0.245000	-23.910000
-0.244000	-23.395901
-0.243000	-22.881800
-0.242000	-22.881800
-0.241000	-23.395901
-0.240000	-22.881800
-0.239000	-23.395901
-0.238000	-22.881800
-0.237000	-23.395901
-0.236000	-23.395901
-0.235000	-23.395901
-0.234000	-23.395901
-0.233000	-23.395901
-0.232000	-23.395901
-0.231000	-22.881800
-0.230000	-23.395901
-0.229000	-23.395901
-0.228000	-23.395901
-0.227000	-23.395901
-0.226000	-23.395901
-0.225000	-23.910000
-0.224000	-23.395901
-0.223000	-23.395901
-0.222000	-23.395901
-0.221000	-22.881800
-0.220000	-22.366600
-0.219000	-23.910000
-0.218000	-22.366600
-0.217000	-23.910000
-0.216000	-23.395901
-0.215000	-22.366600
-0.214000	-23.395901
-0.213000	-23.395901
-0.212000	-23.395901
-0.211000	-23.395901
-0.210000	-23.910000
-0.209000	-23.395901
-0.208000	-22.881800
-0.207000	-23.395901
-0.206000	-22.881800
-0.205000	-22.881800
-0.204000	-22.881800
-0.203000	-23.395901
-0.202000	-23.395901
-0.201000	-23.910000
-0.200000	-23.910000
-0.199000	-22.881800
-0.198000	-22.881800
-0.197000	-23.395901
-0.196000	-23.910000
-0.195000	-23.395901
-0.194000	-22.881800
-0.193000	-23.395901
-0.192000	-23.395901
-0.191000	-23.395901
-0.190000	-23.395901
-0.189000	-23.395901
-0.188000	-23.395901
-0.187000	-23.395901
-0.186000	-23.910000
-0.185000	-23.395901
-0.184000	-23.395901
-0.183000	-23.395901
-0.182000	-23.395901
-0.181000	-23.395901
-0.180000	-22.881800
-0.179000	-22.881800
-0.178000	-23.395901
-0.177000	-22.881800
-0.176000	-23.395901
-0.175000	-22.881800
-0.174000	-23.395901
-0.173000	-23.395901
-0.172000	-23.395901
-0.171000	-23.395901
-0.170000	-23.395901
-0.169000	-23.395901
-0.168000	-23.395901
-0.167000	-23.910000
-0.166000	-22.881800
-0.165000	-23.395901
-0.164000	-23.910000
-0.163000	-23.395901
-0.162000	-23.395901
-0.161000	-23.395901
-0.160000	-23.910000
-0.159000	-23.395901
-0.158000	-23.395901
-0.157000	-23.910000
-0.156000	-23.395901
-0.155000	-22.881800
-0.154000	-23.395901
-0.153000	-23.395901
-0.152000	-23.395901
-0.151000	-23.395901
-0.150000	-23.395901
-0.149000	-23.395901
-0.148000	-23.395901
-0.147000	-23.395901
-0.146000	-23.395901
-0.145000	-23.395901
-0.144000	-23.395901
-0.143000	-23.910000
-0.142000	-23.395901
-0.141000	-22.881800
-0.140000	-23.395901
-0.139000	-23.910000
-0.138000	-23.395901
-0.137000	-23.395901
-0.136000	-23.395901
-0.135000	-23.910000
-0.134000	-23.395901
-0.133000	-23.395901
-0.132000	-23.395901
-0.131000	-23.910000
-0.130000	-23.395901
-0.129000	-22.881800
-0.128000	-23.395901
-0.127000	-23.395901
-0.126000	-22.881800
-0.125000	-23.395901
-0.124000	-23.395901
-0.123000	-23.395901
-0.122000	-23.395901
-0.121000	-22.881800
-0.120000	-23.395901
-0.119000	-23.395901
-0.118000	-23.395901
-0.117000	-23.395901
-0.116000	-23.395901
-0.115000	-23.395901
-0.114000	-23.395901
-0.113000	-23.395901
-0.112000	-22.881800
-0.111000	-24.424101
-0.110000	-23.395901
-0.109000	-23.910000
-0.108000	-23.910000
-0.107000	-23.395901
-0.106000	-23.395901
-0.105000	-23.395901
-0.104000	-23.910000
-0.103000	-23.395901
-0.102000	-23.395901
-0.101000	-22.881800
-0.100000	-22.881800
-0.099000	-22.881800
-0.098000	-22.366600
-0.097000	-23.395901
-0.096000	-23.395901
-0.095000	-23.395901
-0.094000	-22.881800
-0.093000	-23.395901
-0.092000	-23.395901
-0.091000	-23.395901
-0.090000	-23.395901
-0.089000	-22.881800
-0.088000	-23.395901
-0.087000	-23.395901
-0.086000	-23.395901
-0.085000	-22.881800
-0.084000	-23.395901
-0.083000	-23.395901
-0.082000	-22.366600
-0.081000	-23.395901
-0.080000	-23.395901
-0.079000	-23.910000
-0.078000	-22.881800
-0.077000	-22.366600
-0.076000	-22.881800
-0.075000	-23.395901
-0.074000	-23.395901
-0.073000	-23.910000
-0.072000	-22.881800
-0.071000	-23.395901
-0.070000	-23.910000
-0.069000	-23.395901
-0.068000	-23.395901
-0.067000	-22.881800
-0.066000	-23.910000
-0.065000	-23.395901
-0.064000	-23.395901
-0.063000	-23.910000
-0.062000	-23.395901
-0.061000	-23.395901
-0.060000	-23.910000
-0.059000	-23.395901
-0.058000	-23.395901
-0.057000	-23.395901
-0.056000	-23.395901
-0.055000	-23.910000
-0.054000	-22.881800
-0.053000	-23.395901
-0.052000	-22.881800
-0.051000	-22.366600
-0.050000	-23.395901
-0.049000	-23.395901
-0.048000	-23.395901
-0.047000	-23.395901
-0.046000	-22.881800
-0.045000	-23.395901
-0.044000	-22.881800
-0.043000	-22.881800
-0.042000	-23.395901
-0.041000	-23.395901
-0.040000	-23.395901
-0.039000	-23.395901
-0.038000	-23.395901
-0.037000	-23.395901
-0.036000	-23.910000
-0.035000	-24.939301
-0.034000	-25.453400
-0.033000	-27.510799
-0.032000	-28.024900
-0.031000	-28.540100
-0.030000	-28.024900
-0.029000	-29.054199
-0.028000	-29.568300
-0.027000	-28.540100
-0.026000	-29.054199
-0.025000	-29.568300
-0.024000	-30.082399
-0.023000	-30.597601
-0.022000	-31.111700
-0.021000	-31.625799
-0.020000	-32.654999
-0.019000	-33.169102
-0.018000	-33.683201
-0.017000	-32.654999
-0.016000	-32.654999
-0.015000	-33.169102
-0.014000	-33.169102
-0.013000	-33.169102
-0.012000	-33.683201
-0.011000	-34.198399
-0.010000	-35.741798
-0.009000	-36.255901
-0.008000	-36.770000
-0.007000	-36.770000
-0.006000	-36.255901
-0.005000	-36.770000
-0.004000	-36.255901
-0.003000	-36.255901
-0.002000	-36.255901
-0.001000	-35.741798
0.000000	-36.255901
0.001000	-35.741798
0.002000	-37.799198
0.003000	-39.856701
0.004000	-42.428299
0.005000	-45.000900
0.006000	-47.572399
0.007000	-48.086601
0.008000	-48.086601
0.009000	-50.144001
0.010000	-52.202499
0.011000	-52.202499
0.012000	-52.202499
0.013000	-51.687401
0.014000	-51.173302
0.015000	-51.173302
0.016000	-49.115799
0.017000	-46.543201
0.018000	-38.313301
0.019000	95.430397
0.020000	-99.012299
0.021000	28.559099
0.022000	-30.082399
0.023000	-55.288200
0.024000	-13.107500
0.025000	-75.864998
0.026000	-41.400101
0.027000	-72.778198
0.028000	-59.404202
0.029000	-48.601700
0.030000	-48.086601
0.031000	-34.198399
0.032000	-42.428299
0.033000	-24.939301
0.034000	-45.000900
0.035000	-26.996700
0.036000	-54.774101
0.037000	-49.629902
0.038000	-48.601700
0.039000	-46.029099
0.040000	-37.799198
0.041000	-45.514999
0.042000	-45.000900
0.043000	-50.144001
0.044000	-56.317501
0.045000	-51.173302
0.046000	-57.860802
0.047000	-58.889000
0.048000	-52.716599
0.049000	-43.971600
0.050000	-33.683201
0.051000	-30.082399
0.052000	-28.024900
0.053000	-31.111700
0.054000	-36.770000
0.055000	-51.173302
0.056000	-48.601700
0.057000	-64.547302
0.058000	-54.774101
0.059000	-59.404202
0.060000	-45.514999
0.061000	-37.799198
0.062000	-31.625799
0.063000	-28.024900
0.064000	-32.654999
0.065000	-36.255901
0.066000	-50.144001
0.067000	-54.774101
0.068000	-63.004002
0.069000	-61.975800
0.070000	-57.860802
0.071000	-49.629902
0.072000	-40.884899
0.073000	-37.284100
0.074000	-32.654999
0.075000	-36.255901
0.076000	-41.400101
0.077000	-48.086601
0.078000	-55.803398
0.079000	-55.288200
0.080000	-57.860802
0.081000	-49.115799
0.082000	-46.029099
0.083000	-36.770000
0.084000	-33.169102
0.085000	-32.654999
0.086000	-31.625799
0.087000	-38.827400
0.088000	-43.971600
0.089000	-49.629902
0.090000	-53.230701
0.091000	-50.659199
0.092000	-55.803398
0.093000	-49.115799
0.094000	-45.000900
0.095000	-42.943401
0.096000	-43.971600
0.097000	-43.971600
0.098000	-45.514999
0.099000	-48.601700
0.100000	-49.115799
0.101000	-48.086601
0.102000	-46.029099
0.103000	-43.457500
0.104000	-42.943401
0.105000	-38.313301
0.106000	-41.400101
0.107000	-41.400101
0.108000	-41.914200
0.109000	-55.288200
0.110000	-33.683201
0.111000	-34.198399
0.112000	-66.090698
0.113000	-38.313301
0.114000	-38.313301
0.115000	-36.770000
0.116000	-46.029099
0.117000	-39.856701
0.118000	-39.342602
0.119000	-52.716599
0.120000	-47.058300
0.121000	-46.543201
0.122000	-47.058300
0.123000	-49.115799
0.124000	-41.400101
0.125000	-45.000900
0.126000	-40.884899
0.127000	-40.884899
0.128000	-40.884899
0.129000	-42.943401
0.130000	-40.884899
0.131000	-46.029099
0.132000	-45.000900
0.133000	-43.457500
0.134000	-42.943401
0.135000	-45.000900
0.136000	-46.029099
0.137000	-43.457500
0.138000	-46.543201
0.139000	-47.058300
0.140000	-47.572399
0.141000	-43.971600
0.142000	-49.629902
0.143000	-41.400101
0.144000	-41.400101
0.145000	-44.485699
0.146000	-40.370800
0.147000	-35.741798
0.148000	-46.543201
0.149000	-34.198399
0.150000	-37.799198
0.151000	-50.144001
0.152000	-39.856701
0.153000	-39.342602
0.154000	-43.971600
0.155000	-39.342602
0.156000	-42.943401
0.157000	-53.744801
0.158000	-33.683201
0.159000	-40.370800
0.160000	-53.744801
0.161000	-35.226601
0.162000	-38.313301
0.163000	-47.572399
0.164000	-36.770000
0.165000	-19.281000
0.166000	-67.634102
0.167000	-36.770000
0.168000	-14.136800
0.169000	-55.803398
0.170000	-38.827400
0.171000	-27.510799
0.172000	-42.428299
0.173000	-39.856701
0.174000	-33.683201
0.175000	-39.856701
0.176000	-34.198399
0.177000	-29.054199
0.178000	-46.543201
0.179000	-32.140900
0.180000	-40.884899
0.181000	-30.082399
0.182000	-40.884899
0.183000	-38.313301
0.184000	-42.943401
0.185000	-2.820190
0.186000	-40.370800
0.187000	-46.543201
0.188000	-20.823299
0.189000	-12.079300
0.190000	-26.482599
0.191000	-36.255901
0.192000	-19.795099
0.193000	-25.453400
0.194000	-32.140900
0.195000	-21.338400
0.196000	-39.342602
0.197000	-26.482599
0.198000	-33.683201
0.199000	-17.222500
0.200000	-21.852501
0.201000	-28.540100
0.202000	-18.251699
0.203000	-16.708401
0.204000	-9.506690
0.205000	-31.625799
0.206000	-10.536000
0.207000	-5.391760
0.208000	-29.054199
0.209000	-20.309200
0.210000	-24.939301
0.211000	1.809900
0.212000	-9.506690
0.213000	-11.050100
0.214000	-15.165000
0.215000	-8.992590
0.216000	0.780636
0.217000	-13.107500
0.218000	-16.194201
0.219000	-16.194201
0.220000	-14.136800
0.221000	-14.650900
0.222000	-20.823299
0.223000	-10.021900
0.224000	-8.992590
0.225000	-15.680100
0.226000	-9.506690
0.227000	-5.905860
0.228000	-8.992590
0.229000	-6.935120
0.230000	-7.449230
0.231000	-5.905860
0.232000	-0.761673
0.233000	0.780636
0.234000	-12.079300
0.235000	3.867360
0.236000	-0.761673
0.237000	-1.790930
0.238000	0.780636
0.239000	-3.848400
0.240000	2.839160
0.241000	1.295790
0.242000	0.780636
0.243000	0.266533
0.244000	-4.877660
0.245000	-3.334300
0.246000	-6.935120
0.247000	-7.449230
0.248000	-6.421020
0.249000	-8.478490
0.250000	-5.905860
0.251000	-5.391760
0.252000	0.780636
0.253000	-2.305040
0.254000	-1.790930
0.255000	-2.820190
0.256000	-2.820190
0.257000	-3.848400
0.258000	-6.935120
0.259000	-5.905860
0.260000	-5.905860
0.261000	-4.877660
0.262000	-2.820190
0.263000	-2.305040
0.264000	-2.305040
0.265000	-1.790930
0.266000	0.266533
0.267000	-2.820190
0.268000	-1.276830
0.269000	-3.334300
0.270000	-2.820190
0.271000	-2.305040
0.272000	-1.790930
0.273000	-0.761673
0.274000	-0.761673
0.275000	-0.247570
0.276000	-0.247570
0.277000	-1.276830
0.278000	-2.305040
0.279000	-3.334300
0.280000	-4.877660
0.281000	-4.362500
0.282000	-3.334300
0.283000	-4.362500
0.284000	-3.848400
0.285000	-3.334300
0.286000	-2.820190
0.287000	0.266533
0.288000	-2.305040
0.289000	-0.247570
0.290000	-2.820190
0.291000	-3.334300
0.292000	-3.848400
0.293000	-3.848400
0.294000	-3.848400
0.295000	-1.790930
0.296000	-0.247570
0.297000	0.266533
0.298000	0.266533
0.299000	-0.761673
0.300000	-3.334300
0.301000	6.439980
0.302000	-0.247570
0.303000	-4.362500
0.304000	2.324000
0.305000	-0.247570
0.306000	1.809900
0.307000	2.839160
0.308000	1.295790
0.309000	1.295790
0.310000	1.295790
0.311000	2.839160
0.312000	-1.790930
0.313000	2.324000
0.314000	0.780636
0.315000	0.780636
0.316000	0.266533
0.317000	4.381460
0.318000	7.468190
0.319000	3.353260
0.320000	1.295790
0.321000	0.266533
0.322000	1.809900
0.323000	-0.761673
0.324000	2.324000
0.325000	1.295790
0.326000	0.266533
0.327000	2.324000
0.328000	5.410720
0.329000	3.867360
0.330000	6.439980
0.331000	8.497450
0.332000	5.924830
0.333000	6.439980
0.334000	5.410720
0.335000	5.410720
0.336000	2.839160
0.337000	4.381460
0.338000	4.896620
0.339000	4.896620
0.340000	7.468190
0.341000	4.381460
0.342000	3.353260
0.343000	2.839160
0.344000	3.867360
0.345000	3.867360
0.346000	4.381460
0.347000	3.867360
0.348000	3.867360
0.349000	4.381460
0.350000	4.381460
0.351000	7.468190
0.352000	6.954090
0.353000	7.468190
0.354000	7.982290
0.355000	7.982290
0.356000	6.439980
0.357000	6.439980
0.358000	7.468190
0.359000	6.439980
0.360000	4.381460
0.361000	5.410720
0.362000	3.867360
0.363000	6.954090
0.364000	6.439980
0.365000	5.410720
0.366000	6.439980
0.367000	3.353260
0.368000	4.896620
0.369000	4.381460
0.370000	3.353260
0.371000	4.381460
0.372000	4.381460
0.373000	5.924830
0.374000	5.410720
0.375000	6.439980
0.376000	7.468190
0.377000	6.439980
0.378000	7.982290
0.379000	7.468190
0.380000	5.924830
0.381000	5.924830
0.382000	6.439980
0.383000	6.439980
0.384000	5.410720
0.385000	5.410720
0.386000	7.468190
0.387000	6.954090
0.388000	6.954090
0.389000	7.468190
0.390000	7.982290
0.391000	9.525660
0.392000	9.011550
0.393000	9.525660
0.394000	10.039800
0.395000	11.069000
0.396000	10.554900
0.397000	10.039800
0.398000	10.039800
0.399000	12.098300
0.400000	13.126500
0.401000	14.155700
0.402000	14.669800
0.403000	14.669800
0.404000	16.213200
0.405000	20.842199
0.406000	20.842199
0.407000	13.126500
0.408000	15.699100
0.409000	11.069000
0.410000	11.069000
0.411000	11.583100
0.412000	11.069000
0.413000	9.011550
0.414000	14.669800
0.415000	13.640600
0.416000	16.213200
0.417000	11.583100
0.418000	13.126500
0.419000	13.126500
0.420000	11.069000
0.421000	11.583100
0.422000	12.612400
0.423000	10.554900
0.424000	13.126500
0.425000	13.640600
0.426000	14.669800
0.427000	17.241400
0.428000	14.669800
0.429000	17.756599
0.430000	15.184000
0.431000	12.098300
0.432000	14.155700
0.433000	10.554900
0.434000	12.098300
0.435000	12.612400
0.436000	10.554900
0.437000	18.270700
0.438000	13.126500
0.439000	20.328100
0.440000	19.813999
0.441000	19.813999
0.442000	19.299900
0.443000	19.299900
0.444000	15.184000
0.445000	18.270700
0.446000	14.155700
0.447000	17.756599
0.448000	22.900801
0.449000	20.842199
0.450000	24.958200
0.451000	22.385599
0.452000	23.929001
0.453000	22.900801
0.454000	21.871500
0.455000	22.900801
0.456000	20.842199
0.457000	21.871500
0.458000	23.929001
0.459000	23.929001
0.460000	28.043900
0.461000	24.958200
0.462000	28.043900
0.463000	27.015699
0.464000	27.529800
0.465000	29.073200
0.466000	27.529800
0.467000	29.073200
0.468000	27.529800
0.469000	27.529800
0.470000	29.073200
0.471000	27.529800
0.472000	30.101400
0.473000	31.130600
0.474000	32.159901
0.475000	33.702202
0.476000	32.159901
0.477000	33.188099
0.478000	32.159901
0.479000	33.188099
0.480000	33.188099
0.481000	33.188099
0.482000	30.101400
0.483000	33.188099
0.484000	31.130600
0.485000	33.188099
0.486000	35.245602
0.487000	34.731499
0.488000	34.217400
0.489000	36.274799
0.490000	34.731499
0.491000	35.760700
0.492000	34.731499
0.493000	35.760700
0.494000	36.788898
0.495000	35.245602
0.496000	36.274799
0.497000	38.332298
0.498000	37.303001
0.499000	38.332298
0.500000	35.245602
0.501000	37.818199
0.502000	37.818199
0.503000	36.788898
0.504000	37.303001
0.505000	37.818199
0.506000	36.274799
0.507000	39.361500
0.508000	38.846401
0.509000	39.875599
0.510000	39.361500
0.511000	38.846401
0.512000	39.361500
0.513000	39.875599
0.514000	37.818199
0.515000	37.303001
0.516000	38.332298
0.517000	35.760700
0.518000	37.818199
0.519000	35.760700
0.520000	38.332298
0.521000	37.818199
0.522000	38.332298
0.523000	39.361500
0.524000	38.332298
0.525000	39.361500
0.526000	37.303001
0.527000	40.903900
0.528000	35.760700
0.529000	39.875599
0.530000	36.788898
0.531000	39.361500
0.532000	38.846401
0.533000	38.332298
0.534000	38.846401
0.535000	36.788898
0.536000	40.389801
0.537000	36.274799
0.538000	38.846401
0.539000	36.788898
0.540000	37.818199
0.541000	37.303001
0.542000	38.332298
0.543000	37.818199
0.544000	38.332298
0.545000	38.332298
0.546000	37.303001
0.547000	38.846401
0.548000	34.217400
0.549000	37.818199
0.550000	35.245602
0.551000	36.788898
0.552000	37.303001
0.553000	37.303001
0.554000	39.361500
0.555000	37.818199
0.556000	39.875599
0.557000	38.846401
0.558000	38.332298
0.559000	40.389801
0.560000	38.332298
0.561000	40.389801
0.562000	38.332298
0.563000	41.418999
0.564000	38.846401
0.565000	40.903900
0.566000	42.447201
0.567000	43.476501
0.568000	41.418999
0.569000	44.504700
0.570000	42.961300
0.571000	43.476501
0.572000	44.504700
0.573000	45.019798
0.574000	32.159901
0.575000	18.270700
0.576000	47.591400
0.577000	60.451401
0.578000	52.735600
0.579000	40.903900
0.580000	59.937302
0.581000	54.793098
0.582000	58.908001
0.583000	40.903900
0.584000	51.192200
0.585000	56.336399
0.586000	56.850498
0.587000	67.653000
0.588000	66.623802
0.589000	64.566299
0.590000	73.311302
0.591000	75.368797
0.592000	78.969597
0.593000	76.398003
0.594000	72.283096
0.595000	74.854698
0.596000	74.340599
0.597000	69.196404
0.598000	59.937302
0.599000	68.682297
0.600000	77.941399
0.601000	74.340599
0.602000	83.599701
0.603000	78.969597
0.604000	88.743896
0.605000	82.570396
0.606000	85.657204
0.607000	84.113800
0.608000	81.542198
0.609000	86.685402
0.610000	86.685402
0.611000	90.801399
0.612000	91.829597
0.613000	91.829597
0.614000	96.973801
0.615000	94.402199
0.616000	99.545303
0.617000	98.002998
0.618000	99.545303
0.619000	95.944504
0.620000	94.916298
0.621000	98.002998
0.622000	94.916298
0.623000	99.545303
0.624000	98.002998
0.625000	102.632004
0.626000	103.146004
0.627000	102.632004
0.628000	104.175003
0.629000	107.776001
0.630000	104.690002
0.631000	109.320000
0.632000	107.776001
0.633000	112.919998
0.634000	107.262001
0.635000	113.948997
0.636000	109.320000
0.637000	112.404999
0.638000	113.948997
0.639000	114.977997
0.640000	112.919998
0.641000	114.463997
0.642000	110.348000
0.643000	111.890999
0.644000	110.862999
0.645000	111.376999
0.646000	112.404999
0.647000	111.376999
0.648000	109.320000
0.649000	105.719002
0.650000	108.290001
0.651000	107.262001
0.652000	106.747002
0.653000	108.804001
0.654000	109.320000
0.655000	110.862999
0.656000	112.404999
0.657000	110.348000
0.658000	116.005997
0.659000	117.035004
0.660000	121.665001
0.661000	123.208000
0.662000	126.293999
0.663000	123.723000
0.664000	125.779999
0.665000	123.723000
0.666000	125.264999
0.667000	127.323997
0.668000	129.380997
0.669000	129.895004
0.670000	130.925003
0.671000	130.925003
0.672000	131.953003
0.673000	129.380997
0.674000	131.438995
0.675000	126.808998
0.676000	126.808998
0.677000	121.665001
0.678000	122.180000
0.679000	121.150002
0.680000	122.180000
0.681000	122.180000
0.682000	124.750999
0.683000	124.237000
0.684000	123.723000
0.685000	121.665001
0.686000	120.636002
0.687000	118.065002
0.688000	116.005997
0.689000	116.005997
0.690000	112.919998
0.691000	113.434998
0.692000	112.404999
0.693000	109.834000
0.694000	108.290001
0.695000	106.233002
0.696000	104.175003
0.697000	103.146004
0.698000	102.632004
0.699000	103.661003
0.700000	104.175003
0.701000	107.262001
0.702000	110.348000
0.703000	113.434998
0.704000	113.948997
0.705000	114.977997
0.706000	112.919998
0.707000	111.890999
0.708000	108.290001
0.709000	108.290001
0.710000	107.262001
0.711000	107.776001
0.712000	109.834000
0.713000	109.834000
0.714000	112.404999
0.715000	111.890999
0.716000	111.376999
0.717000	111.376999
0.718000	110.862999
0.719000	109.834000
0.720000	109.834000
0.721000	110.348000
0.722000	109.320000
0.723000	109.320000
0.724000	110.348000
0.725000	109.834000
0.726000	109.320000
0.727000	109.320000
0.728000	110.348000
0.729000	108.804001
0.730000	110.348000
0.731000	110.862999
0.732000	113.434998
0.733000	112.919998
0.734000	113.948997
0.735000	112.919998
0.736000	112.919998
0.737000	113.434998
0.738000	109.320000
0.739000	110.348000
0.740000	108.804001
0.741000	106.233002
0.742000	108.290001
0.743000	107.262001
0.744000	109.834000
0.745000	106.747002
0.746000	109.834000
0.747000	110.862999
0.748000	108.290001
0.749000	109.320000
0.750000	106.233002
0.751000	109.320000
0.752000	108.804001
0.753000	107.776001
0.754000	112.404999
0.755000	110.348000
0.756000	111.376999
0.757000	111.376999
0.758000	109.320000
0.759000	109.320000
0.760000	106.747002
0.761000	107.776001
0.762000	106.233002
0.763000	107.262001
0.764000	109.320000
0.765000	110.348000
0.766000	110.348000
0.767000	110.348000
0.768000	110.348000
0.769000	110.348000
0.770000	107.262001
0.771000	106.233002
0.772000	107.776001
0.773000	107.776001
0.774000	108.804001
0.775000	107.776001
0.776000	110.348000
0.777000	110.348000
0.778000	109.834000
0.779000	109.834000
0.780000	109.320000
0.781000	110.348000
0.782000	107.776001
0.783000	107.262001
0.784000	108.290001
0.785000	108.290001
0.786000	108.290001
0.787000	107.776001
0.788000	109.320000
0.789000	108.290001
0.790000	106.233002
0.791000	107.262001
0.792000	104.175003
0.793000	104.690002
0.794000	105.205002
0.795000	106.747002
0.796000	106.233002
0.797000	106.747002
0.798000	106.233002
0.799000	107.262001
0.800000	105.719002
0.801000	107.776001
0.802000	106.233002
0.803000	109.320000
0.804000	107.776001
0.805000	108.804001
0.806000	107.262001
0.807000	108.290001
0.808000	109.320000
0.809000	109.834000
0.810000	109.320000
0.811000	110.862999
0.812000	109.320000
0.813000	111.890999
0.814000	111.376999
0.815000	113.434998
0.816000	113.434998
0.817000	113.948997
0.818000	115.491997
0.819000	114.463997
0.820000	114.463997
0.821000	115.491997
0.822000	116.521004
0.823000	116.005997
0.824000	119.093002
0.825000	119.607002
0.826000	120.122002
0.827000	121.150002
0.828000	122.180000
0.829000	123.723000
0.830000	123.208000
0.831000	124.237000
0.832000	123.208000
0.833000	124.750999
0.834000	124.237000
0.835000	125.779999
0.836000	124.750999
0.837000	126.293999
0.838000	127.323997
0.839000	127.837997
0.840000	129.380997
0.841000	129.380997
0.842000	130.408997
0.843000	129.380997
0.844000	131.438995
0.845000	131.953003
0.846000	130.408997
0.847000	133.496002
0.848000	132.466995
0.849000	134.009995
0.850000	132.981995
0.851000	134.524994
0.852000	132.981995
0.853000	133.496002
0.854000	132.981995
0.855000	134.009995
0.856000	134.009995
0.857000	134.009995
0.858000	135.039993
0.859000	134.524994
0.860000	135.039993
0.861000	134.009995
0.862000	136.067993
0.863000	135.554001
0.864000	136.067993
0.865000	137.097000
0.866000	136.067993
0.867000	137.097000
0.868000	138.126007
0.869000	138.126007
0.870000	138.126007
0.871000	139.154007
0.872000	139.669006
0.873000	138.639999
0.874000	139.669006
0.875000	139.669006
0.876000	140.184006
0.877000	141.212006
0.878000	141.212006
0.879000	142.240997
0.880000	142.240997
0.881000	141.212006
0.882000	141.212006
0.883000	141.212006
0.884000	140.184006
0.885000	141.212006
0.886000	139.669006
0.887000	140.697998
0.888000	140.697998
0.889000	140.697998
0.890000	141.212006
0.891000	140.697998
0.892000	140.184006
0.893000	140.184006
0.894000	141.212006
0.895000	140.184006
0.896000	140.697998
0.897000	140.697998
0.898000	140.697998
0.899000	139.669006
0.900000	140.184006
0.901000	141.725998
0.902000	141.725998
0.903000	142.240997
0.904000	144.298996
0.905000	143.268997
0.906000	144.298996
0.907000	144.813004
0.908000	144.298996
0.909000	143.785004
0.910000	144.298996
0.911000	145.326996
0.912000	146.356003
0.913000	146.356003
0.914000	147.384995
0.915000	148.414001
0.916000	148.414001
0.917000	147.899002
0.918000	149.442993
0.919000	149.442993
0.920000	149.442993
0.921000	150.470993
0.922000	150.985992
0.923000	150.985992
0.924000	150.985992
0.925000	153.044006
0.926000	153.044006
0.927000	152.528000
0.928000	153.044006
0.929000	154.072006
0.930000	154.072006
0.931000	154.587006
0.932000	155.615005
0.933000	156.643997
0.934000	157.158997
0.935000	157.158997
0.936000	157.673004
0.937000	157.158997
0.938000	157.158997
0.939000	157.673004
0.940000	159.216003
0.941000	159.216003
0.942000	159.729996
0.943000	159.729996
0.944000	159.729996
0.945000	160.244995
0.946000	160.759003
0.947000	161.274002
0.948000	161.274002
0.949000	161.274002
0.950000	161.787994
0.951000	161.274002
0.952000	160.759003
0.953000	161.274002
0.954000	161.274002
0.955000	161.787994
0.956000	161.787994
0.957000	160.759003
0.958000	159.216003
0.959000	148.414001
0.960000	167.960999
0.961000	149.957001
0.962000	158.701996
0.963000	164.360001
0.964000	154.587006
0.965000	166.417999
0.966000	160.759003
0.967000	162.302994
0.968000	164.873993
0.969000	158.701996
0.970000	163.845993
0.971000	161.787994
0.972000	160.759003
0.973000	162.302994
0.974000	160.759003
0.975000	161.787994
0.976000	162.817001
0.977000	160.244995
0.978000	163.845993
0.979000	163.330994
0.980000	163.330994
0.981000	163.845993
0.982000	162.817001
0.983000	163.330994
0.984000	163.330994
0.985000	163.845993
0.986000	165.388000
0.987000	164.873993
0.988000	164.360001
0.989000	165.388000
0.990000	164.360001
0.991000	164.873993
0.992000	164.360001
0.993000	162.817001
0.994000	165.388000
0.995000	165.904007
0.996000	163.845993
0.997000	166.417999
0.998000	165.388000
0.999000	165.904007
1.000000	164.873993
1.001000	164.360001
1.002000	165.388000
1.003000	164.360001
1.004000	165.388000
1.005000	165.388000
1.006000	164.873993
1.007000	165.904007
1.008000	163.845993
1.009000	165.388000
1.010000	164.360001
1.011000	163.845993
1.012000	162.817001
1.013000	161.787994
1.014000	162.302994
1.015000	162.302994
1.016000	161.274002
1.017000	161.274002
1.018000	161.274002
1.019000	160.759003
1.020000	159.729996
1.021000	159.729996
1.022000	157.673004
1.023000	158.186996
1.024000	158.186996
1.025000	157.673004
1.026000	156.643997
1.027000	157.158997
1.028000	156.643997
1.029000	156.643997
1.030000	157.158997
1.031000	156.643997
1.032000	157.158997
1.033000	157.158997
1.034000	159.216003
1.035000	159.216003
1.036000	159.729996
1.037000	159.729996
1.038000	159.729996
1.039000	159.729996
1.040000	160.244995
1.041000	159.729996
1.042000	159.729996
1.043000	159.216003
1.044000	160.244995
1.045000	160.244995
1.046000	161.787994
1.047000	161.787994
1.048000	162.302994
1.049000	163.330994
1.050000	163.330994
1.051000	162.302994
1.052000	162.302994
1.053000	161.787994
1.054000	162.302994
1.055000	161.274002
1.056000	162.302994
1.057000	162.302994
1.058000	164.360001
1.059000	163.845993
1.060000	165.388000
1.061000	165.904007
1.062000	165.904007
1.063000	164.873993
1.064000	164.873993
1.065000	165.904007
1.066000	165.388000
1.067000	165.388000
1.068000	165.388000
1.069000	165.388000
1.070000	165.904007
1.071000	166.417999
1.072000	167.447006
1.073000	166.932007
1.074000	167.447006
1.075000	167.960999
1.076000	167.447006
1.077000	167.447006
1.078000	168.475006
1.079000	167.447006
1.080000	168.475006
1.081000	167.960999
1.082000	166.932007
1.083000	166.932007
1.084000	167.960999
1.085000	167.447006
1.086000	167.960999
1.087000	167.447006
1.088000	168.475006
1.089000	168.988998
1.090000	168.988998
1.091000	169.503998
1.092000	168.475006
1.093000	167.960999
1.094000	167.960999
1.095000	167.447006
1.096000	167.960999
1.097000	168.988998
1.098000	168.475006
1.099000	170.018997
1.100000	169.503998
1.101000	169.503998
1.102000	169.503998
1.103000	170.018997
1.104000	169.503998
1.105000	170.018997
1.106000	168.988998
1.107000	168.988998
1.108000	169.503998
1.109000	168.475006
1.110000	168.475006
1.111000	168.988998
1.112000	169.503998
1.113000	169.503998
1.114000	170.018997
1.115000	168.988998
1.116000	168.988998
1.117000	169.503998
1.118000	169.503998
1.119000	168.988998
1.120000	169.503998
1.121000	170.018997
1.122000	170.018997
1.123000	170.018997
1.124000	170.018997
1.125000	170.018997
1.126000	170.018997
1.127000	170.533005
1.128000	170.533005
1.129000	172.076004
1.130000	171.561996
1.131000	172.589996
1.132000	172.076004
1.133000	172.589996
1.134000	172.589996
1.135000	173.104996
1.136000	173.104996
1.137000	173.104996
1.138000	173.619003
1.139000	174.647995
1.140000	174.647995
1.141000	175.162994
1.142000	175.677002
1.143000	175.677002
1.144000	177.220001
1.145000	176.190994
1.146000	177.220001
1.147000	177.220001
1.148000	178.248001
1.149000	177.220001
1.150000	178.764008
1.151000	179.278000
1.152000	179.278000
1.153000	180.307007
1.154000	180.307007
1.155000	180.307007
1.156000	181.335007
1.157000	181.335007
1.158000	181.848999
1.159000	181.848999
1.160000	181.848999
1.161000	181.848999
1.162000	183.393005
1.163000	181.335007
1.164000	183.393005
1.165000	182.363998
1.166000	181.848999
1.167000	181.335007
1.168000	181.335007
1.169000	180.307007
1.170000	180.820999
1.171000	180.820999
1.172000	180.307007
1.173000	181.848999
1.174000	180.820999
1.175000	182.363998
1.176000	181.848999
1.177000	181.848999
1.178000	181.335007
1.179000	181.848999
1.180000	180.307007
1.181000	180.820999
1.182000	180.307007
1.183000	180.307007
1.184000	179.278000
1.185000	180.820999
1.186000	180.820999
1.187000	182.363998
1.188000	180.820999
1.189000	182.878006
1.190000	181.848999
1.191000	182.878006
1.192000	181.335007
1.193000	181.848999
1.194000	181.335007
1.195000	181.335007
1.196000	181.848999
1.197000	181.335007
1.198000	182.363998
1.199000	181.848999
1.200000	182.878006
1.201000	182.878006
1.202000	183.393005
1.203000	183.393005
1.204000	183.908005
1.205000	183.393005
1.206000	183.908005
1.207000	184.421997
1.208000	183.908005
1.209000	184.421997
1.210000	183.908005
1.211000	183.393005
1.212000	183.393005
1.213000	184.421997
1.214000	184.421997
1.215000	185.964996
1.216000	185.449997
1.217000	186.992996
1.218000	185.964996
1.219000	187.509003
1.220000	186.479004
1.221000	187.509003
1.222000	187.509003
1.223000	188.022995
1.224000	186.992996
1.225000	186.992996
1.226000	188.022995
1.227000	189.565994
1.228000	188.537003
1.229000	189.050995
1.230000	189.565994
1.231000	189.050995
1.232000	188.022995
1.233000	190.080002
1.234000	189.050995
1.235000	189.050995
1.236000	188.537003
1.237000	189.050995
1.238000	189.050995
1.239000	190.080002
1.240000	190.080002
1.241000	190.593994
1.242000	190.593994
1.243000	190.080002
1.244000	190.593994
1.245000	189.565994
1.246000	189.565994
1.247000	190.080002
1.248000	190.593994
1.249000	189.050995
1.250000	191.108002
1.251000	192.138000
1.252000	192.651993
1.253000	192.651993
1.254000	192.651993
1.255000	192.651993
1.256000	193.167007
1.257000	192.651993
1.258000	192.138000
1.259000	192.138000
1.260000	192.138000
1.261000	193.681000
1.262000	193.681000
1.263000	194.195007
1.264000	194.195007
1.265000	193.167007
1.266000	194.195007
1.267000	193.681000
1.268000	193.681000
1.269000	194.195007
1.270000	194.195007
1.271000	194.709000
1.272000	194.709000
1.273000	194.709000
1.274000	194.709000
1.275000	195.223999
1.276000	194.709000
1.277000	194.195007
1.278000	194.195007
1.279000	193.681000
1.280000	194.195007
1.281000	194.195007
1.282000	194.195007
1.283000	193.681000
1.284000	194.709000
1.285000	193.681000
1.286000	193.167007
1.287000	193.167007
1.288000	193.167007
1.289000	192.138000
1.290000	192.138000
1.291000	192.138000
1.292000	192.138000
1.293000	192.651993
1.294000	193.167007
1.295000	193.681000
1.296000	192.651993
1.297000	192.651993
1.298000	192.651993
1.299000	193.681000
1.300000	193.167007
1.301000	194.195007
1.302000	193.681000
1.303000	194.195007
1.304000	194.709000
1.305000	195.223999
1.306000	195.223999
1.307000	194.709000
1.308000	195.738007
1.309000	195.223999
1.310000	195.223999
1.311000	195.738007
1.312000	196.253006
1.313000	196.253006
1.314000	195.738007
1.315000	196.768005
1.316000	195.738007
1.317000	195.738007
1.318000	196.253006
1.319000	196.253006
1.320000	195.223999
1.321000	195.738007
1.322000	196.253006
1.323000	196.253006
1.324000	196.768005
1.325000	197.796005
1.326000	197.281998
1.327000	197.796005
1.328000	197.281998
1.329000	196.253006
1.330000	196.768005
1.331000	196.768005
1.332000	196.253006
1.333000	196.253006
1.334000	196.253006
1.335000	197.281998
1.336000	196.253006
1.337000	197.281998
1.338000	196.768005
1.339000	197.796005
1.340000	196.768005
1.341000	197.796005
1.342000	196.253006
1.343000	196.768005
1.344000	196.768005
1.345000	198.309998
1.346000	197.796005
1.347000	197.796005
1.348000	197.796005
1.349000	197.796005
1.350000	198.824997
1.351000	197.796005
1.352000	197.281998
1.353000	197.281998
1.354000	197.796005
1.355000	197.796005
1.356000	199.852997
1.357000	199.339005
1.358000	199.852997
1.359000	199.339005
1.360000	199.339005
1.361000	198.824997
1.362000	198.309998
1.363000	199.339005
1.364000	199.852997
1.365000	199.852997
1.366000	199.339005
1.367000	201.397003
1.368000	200.882996
1.369000	201.910995
1.370000	200.882996
1.371000	200.882996
1.372000	201.397003
1.373000	200.882996
1.374000	200.882996
1.375000	200.882996
1.376000	201.397003
1.377000	201.910995
1.378000	201.910995
1.379000	201.910995
1.380000	201.910995
1.381000	201.397003
1.382000	201.910995
1.383000	201.910995
1.384000	201.397003
1.385000	201.397003
1.386000	201.910995
1.387000	201.910995
1.388000	201.397003
1.389000	202.425995
1.390000	202.425995
1.391000	202.425995
1.392000	201.910995
1.393000	201.910995
1.394000	201.397003
1.395000	201.910995
1.396000	201.397003
1.397000	201.910995
1.398000	201.910995
1.399000	202.425995
1.400000	202.425995
1.401000	202.425995
1.402000	202.940002
1.403000	202.940002
1.404000	202.425995
1.405000	202.940002
1.406000	202.940002
1.407000	202.940002
1.408000	203.453995
1.409000	203.453995
1.410000	202.940002
1.411000	203.968994
1.412000	203.453995
1.413000	204.483002
1.414000	202.940002
1.415000	203.968994
1.416000	203.453995
1.417000	204.483002
1.418000	204.998001
1.419000	204.483002
1.420000	204.998001
1.421000	204.998001
1.422000	204.483002
1.423000	203.968994
1.424000	204.998001
1.425000	205.511993
1.426000	204.483002
1.427000	206.026993
1.428000	206.541000
1.429000	206.541000
1.430000	206.026993
1.431000	207.054993
1.432000	206.026993
1.433000	206.541000
1.434000	206.026993
1.435000	206.026993
1.436000	206.541000
1.437000	207.054993
1.438000	207.054993
1.439000	206.541000
1.440000	207.054993
1.441000	207.054993
1.442000	207.054993
1.443000	207.569000
1.444000	207.054993
1.445000	207.054993
1.446000	206.541000
1.447000	207.569000
1.448000	206.541000
1.449000	208.598007
1.450000	207.569000
1.451000	208.084000
1.452000	208.598007
1.453000	207.569000
1.454000	208.084000
1.455000	207.569000
1.456000	207.569000
1.457000	207.569000
1.458000	207.569000
1.459000	207.054993
1.460000	207.569000
1.461000	207.054993
1.462000	207.569000
1.463000	208.084000
1.464000	207.569000
1.465000	208.598007
1.466000	208.084000
1.467000	208.084000
1.468000	208.598007
1.469000	208.084000
1.470000	208.598007
1.471000	206.541000
1.472000	208.084000
1.473000	208.084000
1.474000	208.598007
1.475000	208.598007
1.476000	208.598007
1.477000	208.084000
1.478000	208.598007
1.479000	209.112000
1.480000	208.084000
1.481000	208.598007
1.482000	208.598007
1.483000	209.112000
1.484000	209.628006
1.485000	210.141998
1.486000	209.628006
1.487000	209.112000
1.488000	209.112000
1.489000	210.141998
1.490000	209.112000
1.491000	209.112000
1.492000	209.112000
1.493000	209.112000
1.494000	209.628006
1.495000	210.141998
1.496000	210.656006
1.497000	210.141998
1.498000	210.656006
1.499000	211.169998
1.500000	210.656006
1.501000	210.656006
1.502000	210.656006
1.503000	211.169998
1.504000	209.628006
1.505000	210.656006
1.506000	210.141998
1.507000	210.656006
1.508000	210.141998
1.509000	209.628006
1.510000	210.141998
1.511000	210.141998
1.512000	210.141998
1.513000	210.656006
1.514000	210.656006
1.515000	210.656006
1.516000	211.169998
1.517000	210.656006
1.518000	210.656006
1.519000	210.656006
1.520000	211.169998
1.521000	210.656006
1.522000	210.141998
1.523000	210.141998
1.524000	210.141998
1.525000	211.684998
1.526000	210.656006
1.527000	211.684998
1.528000	212.199005
1.529000	211.169998
1.530000	211.684998
1.531000	211.684998
1.532000	211.684998
1.533000	211.169998
1.534000	212.712997
1.535000	212.199005
1.536000	211.169998
1.537000	212.199005
1.538000	211.684998
1.539000	212.712997
1.540000	212.712997
1.541000	213.742996
1.542000	213.227997
1.543000	212.712997
1.544000	212.199005
1.545000	212.712997
1.546000	213.227997
1.547000	214.257004
1.548000	213.742996
1.549000	214.770996
1.550000	214.257004
1.551000	214.257004
1.552000	213.227997
1.553000	212.712997
1.554000	213.227997
1.555000	214.257004
1.556000	213.742996
1.557000	214.257004
1.558000	213.742996
1.559000	214.257004
1.560000	214.257004
1.561000	213.742996
1.562000	214.257004
1.563000	213.742996
1.564000	213.742996
1.565000	213.742996
1.566000	213.742996
1.567000	214.257004
1.568000	214.770996
1.569000	214.257004
1.570000	213.742996
1.571000	213.742996
1.572000	213.227997
1.573000	213.742996
1.574000	213.742996
1.575000	212.712997
1.576000	213.227997
1.577000	213.742996
1.578000	213.227997
1.579000	213.227997
1.580000	213.742996
1.581000	213.742996
1.582000	213.742996
1.583000	213.227997
1.584000	213.742996
1.585000	213.742996
1.586000	213.742996
1.587000	212.712997
1.588000	213.227997
1.589000	213.742996
1.590000	214.257004
1.591000	213.742996
1.592000	213.742996
1.593000	214.257004
1.594000	214.257004
1.595000	213.227997
1.596000	213.742996
1.597000	213.742996
1.598000	213.227997
1.599000	214.257004
1.600000	214.770996
1.601000	214.257004
1.602000	214.257004
1.603000	214.257004
1.604000	215.285995
1.605000	214.770996
1.606000	214.770996
1.607000	214.770996
1.608000	214.770996
1.609000	215.285995
1.610000	215.800003
1.611000	215.800003
1.612000	215.800003
1.613000	216.313995
1.614000	217.343002
1.615000	216.313995
1.616000	215.285995
1.617000	216.313995
1.618000	215.285995
1.619000	216.313995
1.620000	216.313995
1.621000	216.313995
1.622000	216.828995
1.623000	216.313995
1.624000	216.828995
1.625000	215.800003
1.626000	215.800003
1.627000	216.313995
1.628000	216.828995
1.629000	216.313995
1.630000	216.313995
1.631000	216.313995
1.632000	216.828995
1.633000	216.828995
1.634000	216.313995
1.635000	216.313995
1.636000	216.828995
1.637000	215.800003
1.638000	216.828995
1.639000	216.313995
1.640000	216.313995
1.641000	216.313995
1.642000	215.800003
1.643000	216.313995
1.644000	216.313995
1.645000	216.313995
1.646000	215.800003
1.647000	216.313995
1.648000	216.313995
1.649000	216.313995
1.650000	216.313995
1.651000	216.828995
1.652000	217.343002
1.653000	216.828995
1.654000	216.313995
1.655000	216.313995
1.656000	217.343002
1.657000	216.313995
1.658000	216.313995
1.659000	217.343002
1.660000	216.313995
1.661000	217.343002
1.662000	216.828995
1.663000	216.828995
1.664000	216.828995
1.665000	217.343002
1.666000	217.343002
1.667000	217.858002
1.668000	217.343002
1.669000	217.858002
1.670000	217.343002
1.671000	216.828995
1.672000	217.343002
1.673000	216.828995
1.674000	217.858002
1.675000	217.343002
1.676000	217.858002
1.677000	217.858002
1.678000	217.858002
1.679000	217.858002
1.680000	217.858002
1.681000	217.858002
1.682000	217.858002
1.683000	218.371994
1.684000	217.858002
1.685000	218.371994
1.686000	217.858002
1.687000	217.858002
1.688000	218.371994
1.689000	218.371994
1.690000	218.371994
1.691000	218.371994
1.692000	217.858002
1.693000	217.858002
1.694000	217.343002
1.695000	218.371994
1.696000	218.371994
1.697000	218.886993
1.698000	218.371994
1.699000	218.371994
1.700000	218.886993
1.701000	219.401001
1.702000	218.886993
1.703000	218.886993
1.704000	218.886993
1.705000	218.371994
1.706000	219.401001
1.707000	219.401001
1.708000	218.886993
1.709000	219.401001
1.710000	218.886993
1.711000	218.886993
1.712000	219.914993
1.713000	219.914993
1.714000	218.886993
1.715000	219.401001
1.716000	219.401001
1.717000	220.429993
1.718000	220.429993
1.719000	219.401001
1.720000	219.401001
1.721000	219.401001
1.722000	219.914993
1.723000	219.401001
1.724000	219.401001
1.725000	219.401001
1.726000	219.914993
1.727000	219.401001
1.728000	220.429993
1.729000	220.429993
1.730000	219.914993
1.731000	219.401001
1.732000	219.914993
1.733000	219.914993
1.734000	219.401001
1.735000	220.429993
1.736000	220.429993
1.737000	219.914993
1.738000	219.401001
1.739000	220.429993
1.740000	220.944000
1.741000	220.944000
1.742000	220.429993
1.743000	220.429993
1.744000	219.914993
1.745000	219.401001
1.746000	219.914993
1.747000	219.914993
1.748000	219.914993
1.749000	220.944000
1.750000	220.944000
1.751000	221.457993
1.752000	220.944000
1.753000	220.944000
1.754000	220.944000
1.755000	220.944000
1.756000	220.429993
1.757000	220.944000
1.758000	220.429993
1.759000	220.429993
1.760000	220.944000
1.761000	220.944000
1.762000	221.457993
1.763000	220.944000
1.764000	221.457993
1.765000	220.944000
1.766000	220.944000
1.767000	221.457993
1.768000	221.457993
1.769000	221.457993
1.770000	221.457993
1.771000	220.944000
1.772000	221.457993
1.773000	220.944000
1.774000	220.944000
1.775000	221.457993
1.776000	221.457993
1.777000	220.944000
1.778000	220.944000
1.779000	221.457993
1.780000	221.972000
1.781000	221.457993
1.782000	221.457993
1.783000	221.972000
1.784000	222.488007
1.785000	222.488007
1.786000	221.972000
1.787000	221.457993
1.788000	221.972000
1.789000	221.457993
1.790000	221.457993
1.791000	221.972000
1.792000	221.972000
1.793000	221.457993
1.794000	221.457993
1.795000	221.972000
1.796000	221.972000
1.797000	221.457993
1.798000	222.488007
1.799000	222.488007
1.800000	221.972000
1.801000	221.972000
1.802000	221.972000
1.803000	222.488007
1.804000	221.972000
1.805000	221.972000
1.806000	222.488007
1.807000	221.457993
1.808000	221.457993
1.809000	221.972000
1.810000	221.972000
1.811000	222.488007
1.812000	221.972000
1.813000	221.972000
1.814000	221.972000
1.815000	222.488007
1.816000	222.488007
1.817000	221.972000
1.818000	221.457993
1.819000	221.972000
1.820000	221.972000
1.821000	221.457993
1.822000	221.972000
1.823000	221.972000
1.824000	221.972000
1.825000	222.488007
1.826000	222.488007
1.827000	221.972000
1.828000	221.972000
1.829000	221.972000
1.830000	222.488007
1.831000	222.488007
1.832000	221.972000
1.833000	223.001999
1.834000	223.001999
1.835000	223.001999
1.836000	222.488007
1.837000	223.001999
1.838000	223.001999
1.839000	222.488007
1.840000	223.516006
1.841000	222.488007
1.842000	223.516006
1.843000	223.001999
1.844000	223.001999
1.845000	223.516006
1.846000	223.516006
1.847000	223.516006
1.848000	224.029999
1.849000	223.516006
1.850000	223.516006
1.851000	223.516006
1.852000	223.516006
1.853000	224.544998
1.854000	223.516006
1.855000	224.544998
1.856000	224.544998
1.857000	224.029999
1.858000	224.029999
1.859000	223.516006
1.860000	224.029999
1.861000	223.516006
1.862000	223.516006
1.863000	224.029999
1.864000	224.029999
1.865000	223.516006
1.866000	224.029999
1.867000	224.544998
1.868000	224.029999
1.869000	224.544998
1.870000	224.029999
1.871000	223.001999
1.872000	224.029999
1.873000	224.029999
1.874000	223.516006
1.875000	224.029999
1.876000	224.029999
1.877000	223.516006
1.878000	224.544998
1.879000	224.029999
1.880000	224.029999
1.881000	223.516006
1.882000	223.516006
1.883000	224.029999
1.884000	224.029999
1.885000	224.029999
1.886000	224.029999
1.887000	225.059006
1.888000	225.059006
1.889000	224.029999
1.890000	224.544998
1.891000	224.544998
1.892000	224.544998
1.893000	223.516006
1.894000	224.029999
1.895000	224.029999
1.896000	224.544998
1.897000	224.029999
1.898000	224.544998
1.899000	224.544998
1.900000	224.544998
1.901000	224.544998
1.902000	223.516006
1.903000	224.544998
1.904000	224.544998
1.905000	224.544998
1.906000	224.544998
1.907000	225.059006
1.908000	225.059006
1.909000	225.059006
1.910000	225.059006
1.911000	224.029999
1.912000	224.544998
1.913000	224.544998
1.914000	223.516006
1.915000	224.029999
1.916000	224.544998
1.917000	225.059006
1.918000	224.544998
1.919000	224.029999
1.920000	224.544998
1.921000	224.029999
1.922000	225.059006
1.923000	224.544998
1.924000	224.544998
1.925000	224.544998
1.926000	225.059006
1.927000	224.029999
1.928000	224.544998
1.929000	224.029999
1.930000	225.059006
1.931000	224.544998
1.932000	224.544998
1.933000	224.544998
1.934000	225.059006
1.935000	224.544998
1.936000	225.059006
1.937000	224.544998
1.938000	224.544998
1.939000	225.059006
1.940000	225.572998
1.941000	224.544998
1.942000	225.059006
1.943000	225.572998
1.944000	225.059006
1.945000	224.544998
1.946000	225.572998
1.947000	225.059006
1.948000	225.572998
1.949000	225.572998
1.950000	225.059006
1.951000	226.087997
1.952000	226.087997
1.953000	225.572998
1.954000	225.572998
1.955000	225.572998
1.956000	226.087997
1.957000	225.059006
1.958000	225.059006
1.959000	225.059006
1.960000	225.059006
1.961000	225.572998
1.962000	225.059006
1.963000	225.059006
1.964000	225.572998
1.965000	225.572998
1.966000	226.087997
1.967000	226.087997
1.968000	226.087997
1.969000	225.572998
1.970000	225.572998
1.971000	226.087997
1.972000	225.572998
1.973000	226.087997
1.974000	225.059006
1.975000	225.572998
1.976000	225.059006
1.977000	225.572998
1.978000	226.087997
1.979000	225.572998
1.980000	225.059006
1.981000	226.087997
1.982000	225.572998
1.983000	225.572998
1.984000	225.572998
1.985000	225.059006
1.986000	225.572998
1.987000	225.572998
1.988000	225.059006
1.989000	226.087997
1.990000	225.572998
1.991000	226.087997
1.992000	225.572998
1.993000	225.059006
1.994000	225.572998
1.995000	226.087997
1.996000	226.602997
1.997000	226.087997
1.998000	225.572998
1.999000	225.572998
2.000000	226.087997
2.001000	225.572998
2.002000	226.087997
2.003000	225.572998
2.004000	226.087997
2.005000	226.087997
2.006000	226.087997
2.007000	226.602997
2.008000	226.087997
2.009000	226.087997
2.010000	226.087997
2.011000	226.087997
2.012000	226.602997
2.013000	226.602997
2.014000	227.117004
2.015000	227.117004
2.016000	226.602997
2.017000	226.602997
2.018000	227.117004
2.019000	226.602997
2.020000	226.087997
2.021000	226.602997
2.022000	226.087997
2.023000	226.602997
2.024000	227.117004
2.025000	226.602997
2.026000	227.117004
2.027000	226.602997
2.028000	226.602997
2.029000	226.602997
2.030000	226.602997
2.031000	226.602997
2.032000	226.087997
2.033000	226.602997
2.034000	226.602997
2.035000	227.630997
2.036000	226.602997
2.037000	227.117004
2.038000	226.602997
2.039000	226.602997
2.040000	226.602997
2.041000	226.087997
2.042000	225.572998
2.043000	225.572998
2.044000	225.572998
2.045000	226.602997
2.046000	226.087997
2.047000	226.087997
2.048000	226.602997
2.049000	226.602997
2.050000	226.602997
2.051000	226.602997
2.052000	225.572998
2.053000	226.087997
2.054000	226.602997
2.055000	226.602997
2.056000	226.602997
2.057000	226.087997
2.058000	226.602997
2.059000	227.117004
2.060000	227.117004
2.061000	226.087997
2.062000	226.602997
2.063000	226.602997
2.064000	226.602997
2.065000	227.117004
2.066000	227.117004
2.067000	227.117004
2.068000	227.630997
2.069000	227.630997
2.070000	227.630997
2.071000	227.630997
2.072000	228.145996
2.073000	227.117004
2.074000	227.630997
2.075000	227.117004
2.076000	227.117004
2.077000	228.145996
2.078000	227.630997
2.079000	227.117004
2.080000	227.117004
2.081000	227.117004
2.082000	227.630997
2.083000	227.117004
2.084000	227.630997
2.085000	228.145996
2.086000	227.630997
2.087000	227.630997
2.088000	227.117004
2.089000	228.145996
2.090000	227.630997
2.091000	227.117004
2.092000	227.117004
2.093000	227.630997
2.094000	226.602997
2.095000	226.602997
2.096000	226.602997
2.097000	227.117004
2.098000	227.630997
2.099000	227.117004
2.100000	227.117004
2.101000	227.630997
2.102000	227.117004
2.103000	227.117004
2.104000	226.602997
2.105000	227.117004
2.106000	226.602997
2.107000	226.087997
2.108000	227.117004
2.109000	226.602997
2.110000	226.602997
2.111000	227.117004
2.112000	227.117004
2.113000	226.602997
2.114000	227.117004
2.115000	226.602997
2.116000	227.117004
2.117000	226.602997
2.118000	227.117004
2.119000	227.630997
2.120000	228.145996
2.121000	227.117004
2.122000	227.630997
2.123000	228.660004
2.124000	227.117004
2.125000	227.630997
2.126000	226.602997
2.127000	227.630997
2.128000	227.117004
2.129000	227.117004
2.130000	227.117004
2.131000	227.630997
2.132000	227.630997
2.133000	227.630997
2.134000	227.630997
2.135000	228.145996
2.136000	228.145996
2.137000	227.630997
2.138000	227.630997
2.139000	227.630997
2.140000	227.630997
2.141000	228.145996
2.142000	227.630997
2.143000	227.630997
2.144000	227.630997
2.145000	227.630997
2.146000	227.630997
2.147000	227.630997
2.148000	227.117004
2.149000	227.117004
2.150000	228.145996
2.151000	227.117004
2.152000	227.630997
2.153000	227.630997
2.154000	227.630997
2.155000	227.630997
2.156000	227.630997
2.157000	227.630997
2.158000	227.630997
2.159000	227.630997
2.160000	227.630997
2.161000	227.117004
2.162000	227.630997
2.163000	227.630997
2.164000	228.145996
2.165000	227.630997
2.166000	227.630997
2.167000	227.630997
2.168000	228.145996
2.169000	227.630997
2.170000	227.630997
2.171000	228.145996
2.172000	228.660004
2.173000	227.630997
2.174000	228.660004
2.175000	228.660004
2.176000	228.145996
2.177000	228.145996
2.178000	227.630997
2.179000	227.630997
2.180000	227.630997
2.181000	227.630997
2.182000	228.145996
2.183000	227.117004
2.184000	227.630997
2.185000	227.630997
2.186000	227.630997
2.187000	228.145996
2.188000	228.660004
2.189000	227.630997
2.190000	227.630997
2.191000	228.660004
2.192000	227.117004
2.193000	227.630997
2.194000	227.117004
2.195000	227.117004
2.196000	228.145996
2.197000	227.630997
2.198000	227.630997
2.199000	228.145996
2.200000	227.630997
2.201000	227.630997
2.202000	227.630997
2.203000	228.145996
2.204000	227.117004
2.205000	227.630997
2.206000	227.630997
2.207000	227.630997
2.208000	227.630997
2.209000	227.630997
2.210000	227.630997
2.211000	227.630997
2.212000	227.630997
2.213000	227.630997
2.214000	227.630997
2.215000	227.630997
2.216000	228.145996
2.217000	228.145996
2.218000	228.660004
2.219000	228.660004
2.220000	227.630997
2.221000	228.145996
2.222000	228.145996
2.223000	227.630997
2.224000	227.630997
2.225000	228.145996
2.226000	227.630997
2.227000	227.630997
2.228000	228.145996
2.229000	228.660004
2.230000	227.630997
2.231000	228.660004
2.232000	228.145996
2.233000	228.660004
2.234000	227.630997
2.235000	228.660004
2.236000	228.660004
2.237000	228.660004
2.238000	228.660004
2.239000	229.173996
2.240000	228.660004
2.241000	229.173996
2.242000	228.660004
2.243000	228.145996
2.244000	228.660004
2.245000	228.660004
2.246000	228.660004
2.247000	228.145996
2.248000	229.173996
2.249000	228.145996
2.250000	229.173996
2.251000	228.660004
2.252000	229.173996
2.253000	228.145996
2.254000	229.173996
2.255000	228.660004
2.256000	228.660004
2.257000	228.660004
2.258000	228.660004
2.259000	228.660004
2.260000	228.660004
2.261000	228.145996
2.262000	228.660004
2.263000	227.630997
2.264000	229.173996
2.265000	228.145996
2.266000	228.660004
2.267000	228.660004
2.268000	229.688995
2.269000	228.660004
2.270000	229.173996
2.271000	228.145996
2.272000	228.660004
2.273000	228.660004
2.274000	228.660004
2.275000	228.145996
2.276000	228.660004
2.277000	228.660004
2.278000	228.660004
2.279000	228.660004
2.280000	227.630997
2.281000	228.660004
2.282000	228.660004
2.283000	228.660004
2.284000	228.145996
2.285000	228.660004
2.286000	228.145996
2.287000	228.660004
2.288000	228.660004
2.289000	228.660004
2.290000	229.688995
2.291000	229.173996
2.292000	229.173996
2.293000	228.660004
2.294000	228.145996
2.295000	228.145996
2.296000	229.173996
2.297000	228.660004
2.298000	227.630997
2.299000	228.660004
2.300000	229.173996
2.301000	228.660004
2.302000	228.660004
2.303000	228.145996
2.304000	228.660004
2.305000	229.173996
2.306000	229.173996
2.307000	229.173996
2.308000	228.660004
2.309000	228.660004
2.310000	228.145996
2.311000	229.173996
2.312000	228.145996
2.313000	228.660004
2.314000	228.145996
2.315000	228.145996
2.316000	229.173996
2.317000	229.173996
2.318000	228.145996
2.319000	228.145996
2.320000	228.145996
2.321000	228.660004
2.322000	229.173996
2.323000	229.688995
2.324000	228.145996
2.325000	228.660004
2.326000	228.660004
2.327000	228.660004
2.328000	228.660004
2.329000	229.173996
2.330000	228.660004
2.331000	229.173996
2.332000	228.145996
2.333000	229.173996
2.334000	229.173996
2.335000	228.660004
2.336000	229.173996
2.337000	228.145996
2.338000	229.173996
2.339000	229.173996
2.340000	229.173996
2.341000	228.660004
2.342000	229.173996
2.343000	229.173996
2.344000	228.660004
2.345000	229.173996
2.346000	229.173996
2.347000	229.173996
2.348000	229.688995
2.349000	229.173996
2.350000	229.173996
2.351000	229.173996
2.352000	229.173996
2.353000	228.660004
2.354000	228.660004
2.355000	228.660004
2.356000	228.660004
2.357000	228.660004
2.358000	229.173996
2.359000	228.660004
2.360000	228.660004
2.361000	228.660004
2.362000	229.173996
2.363000	228.145996
2.364000	229.688995
2.365000	228.660004
2.366000	229.173996
2.367000	229.173996
2.368000	229.173996
2.369000	228.660004
2.370000	229.688995
2.371000	229.173996
2.372000	229.173996
2.373000	228.660004
2.374000	228.145996
2.375000	228.660004
2.376000	229.173996
2.377000	229.173996
2.378000	229.688995
2.379000	228.660004
2.380000	228.660004
2.381000	228.660004
2.382000	228.660004
2.383000	229.173996
2.384000	228.660004
2.385000	229.173996
2.386000	229.173996
2.387000	229.688995
2.388000	228.145996
2.389000	229.688995
2.390000	229.173996
2.391000	229.173996
2.392000	229.173996
2.393000	228.660004
2.394000	228.660004
2.395000	229.173996
2.396000	229.173996
2.397000	229.173996
2.398000	229.173996
2.399000	228.660004
2.400000	229.688995
2.401000	228.660004
2.402000	229.173996
2.403000	228.660004
2.404000	228.660004
2.405000	229.173996
2.406000	229.173996
2.407000	229.173996
2.408000	229.173996
2.409000	229.173996
2.410000	228.660004
2.411000	229.173996
2.412000	229.688995
2.413000	229.173996
2.414000	229.173996
2.415000	228.660004
2.416000	228.660004
2.417000	229.173996
2.418000	229.688995
2.419000	229.173996
2.420000	229.688995
2.421000	229.173996
2.422000	228.660004
2.423000	228.660004
2.424000	229.173996
2.425000	229.173996
2.426000	229.173996
2.427000	229.173996
2.428000	228.660004
2.429000	228.660004
2.430000	228.660004
2.431000	229.688995
2.432000	228.660004
2.433000	229.688995
2.434000	229.173996
2.435000	229.173996
2.436000	228.145996
2.437000	228.660004
2.438000	229.173996
2.439000	229.688995
2.440000	229.173996
2.441000	229.173996
2.442000	229.173996
2.443000	229.173996
2.444000	229.173996
2.445000	229.173996
2.446000	229.173996
2.447000	229.173996
2.448000	229.173996
2.449000	228.660004
2.450000	229.173996
2.451000	229.688995
2.452000	229.688995
2.453000	229.688995
2.454000	229.173996
2.455000	229.173996
2.456000	229.173996
2.457000	229.173996
2.458000	229.173996
2.459000	229.173996
2.460000	229.173996
2.461000	230.203003
2.462000	228.660004
2.463000	229.688995
2.464000	228.660004
2.465000	229.173996
2.466000	229.688995
2.467000	229.173996
2.468000	229.688995
2.469000	229.173996
2.470000	228.660004
2.471000	229.173996
2.472000	229.173996
2.473000	229.688995
2.474000	229.173996
2.475000	229.173996
2.476000	229.173996
2.477000	229.173996
2.478000	229.173996
2.479000	229.173996
2.480000	228.660004
2.481000	229.173996
2.482000	229.173996
2.483000	229.688995
2.484000	229.173996
2.485000	229.173996
2.486000	229.173996
2.487000	229.173996
2.488000	228.660004
2.489000	229.173996
2.490000	229.173996
2.491000	229.173996
2.492000	228.660004
2.493000	228.660004
2.494000	228.660004
2.495000	228.145996
2.496000	229.173996
2.497000	228.660004
2.498000	228.660004
2.499000	228.660004
2.500000	228.145996
2.501000	228.660004
2.502000	228.145996
2.503000	227.630997
2.504000	228.145996
2.505000	229.173996
2.506000	228.660004
2.507000	227.630997
2.508000	227.117004
2.509000	226.087997
2.510000	227.630997
2.511000	227.117004
2.512000	227.117004
2.513000	226.602997
2.514000	226.602997
2.515000	226.087997
2.516000	225.572998
2.517000	225.572998
2.518000	225.059006
2.519000	225.059006
2.520000	224.544998
2.521000	224.029999
2.522000	224.029999
2.523000	223.516006
2.524000	223.516006
2.525000	222.488007
2.526000	223.001999
2.527000	223.001999
2.528000	221.972000
2.529000	221.972000
2.530000	221.972000
2.531000	221.457993
2.532000	220.944000
2.533000	221.457993
2.534000	220.429993
2.535000	220.944000
2.536000	220.429993
2.537000	219.401001
2.538000	219.914993
2.539000	219.914993
2.540000	218.886993
2.541000	218.886993
2.542000	218.886993
2.543000	217.858002
2.544000	217.343002
2.545000	217.858002
2.546000	217.343002
2.547000	217.343002
2.548000	216.313995
2.549000	216.313995
2.550000	216.828995
2.551000	216.313995
2.552000	215.800003
2.553000	215.800003
2.554000	215.285995
2.555000	214.257004
2.556000	214.257004
2.557000	213.742996
2.558000	213.742996
2.559000	213.227997
2.560000	213.227997
2.561000	212.712997
2.562000	213.227997
2.563000	212.199005
2.564000	212.199005
2.565000	212.199005
2.566000	211.169998
2.567000	211.169998
2.568000	211.169998
2.569000	210.141998
2.570000	210.656006
2.571000	209.628006
2.572000	210.141998
2.573000	209.628006
2.574000	209.628006
2.575000	208.598007
2.576000	208.598007
2.577000	208.084000
2.578000	208.084000
2.579000	208.084000
2.580000	207.569000
2.581000	207.054993
2.582000	207.054993
2.583000	206.541000
2.584000	206.541000
2.585000	204.998001
2.586000	206.026993
2.587000	205.511993
2.588000	205.511993
2.589000	204.998001
2.590000	204.483002
2.591000	203.968994
2.592000	204.483002
2.593000	203.453995
2.594000	202.940002
2.595000	202.940002
2.596000	202.425995
2.597000	202.940002
2.598000	202.425995
2.599000	201.910995
2.600000	201.910995
2.601000	201.397003
2.602000	201.397003
2.603000	200.369003
2.604000	200.882996
2.605000	200.369003
2.606000	200.369003
2.607000	199.852997
2.608000	199.852997
2.609000	199.852997
2.610000	198.824997
2.611000	198.824997
2.612000	198.309998
2.613000	199.339005
2.614000	197.796005
2.615000	198.309998
2.616000	197.796005
2.617000	197.281998
2.618000	197.796005
2.619000	196.768005
2.620000	196.768005
2.621000	196.253006
2.622000	196.768005
2.623000	195.738007
2.624000	195.738007
2.625000	195.223999
2.626000	194.709000
2.627000	195.223999
2.628000	194.709000
2.629000	194.195007
2.630000	193.681000
2.631000	193.681000
2.632000	193.167007
2.633000	193.167007
2.634000	193.167007
2.635000	192.651993
2.636000	192.651993
2.637000	192.138000
2.638000	192.138000
2.639000	191.623993
2.640000	190.593994
2.641000	191.108002
2.642000	191.108002
2.643000	189.565994
2.644000	190.080002
2.645000	189.565994
2.646000	189.050995
2.647000	189.565994
2.648000	189.050995
2.649000	189.050995
2.650000	189.050995
2.651000	189.050995
2.652000	188.022995
2.653000	187.509003
2.654000	186.992996
2.655000	187.509003
2.656000	186.992996
2.657000	186.479004
2.658000	186.992996
2.659000	185.964996
2.660000	185.449997
2.661000	185.449997
2.662000	185.449997
2.663000	184.936005
2.664000	185.449997
2.665000	184.421997
2.666000	183.908005
2.667000	184.421997
2.668000	183.908005
2.669000	183.908005
2.670000	183.908005
2.671000	184.421997
2.672000	182.878006
2.673000	182.878006
2.674000	182.878006
2.675000	182.363998
2.676000	181.848999
2.677000	182.363998
2.678000	182.363998
2.679000	181.335007
2.680000	180.820999
2.681000	180.820999
2.682000	180.820999
2.683000	180.820999
2.684000	180.820999
2.685000	179.792007
2.686000	179.278000
2.687000	180.307007
2.688000	179.278000
2.689000	179.278000
2.690000	178.764008
2.691000	179.278000
2.692000	178.248001
2.693000	178.248001
2.694000	178.248001
2.695000	178.248001
2.696000	177.733994
2.697000	176.705994
2.698000	176.705994
2.699000	176.190994
2.700000	176.190994
2.701000	176.190994
2.702000	176.190994
2.703000	175.677002
2.704000	175.677002
2.705000	175.162994
2.706000	175.162994
2.707000	175.162994
2.708000	175.162994
2.709000	174.647995
2.710000	174.132996
2.711000	173.619003
2.712000	173.619003
2.713000	173.619003
2.714000	173.104996
2.715000	173.104996
2.716000	172.589996
2.717000	172.589996
2.718000	172.076004
2.719000	172.589996
2.720000	172.076004
2.721000	172.076004
2.722000	171.561996
2.723000	171.048004
2.724000	171.048004
2.725000	170.018997
2.726000	170.018997
2.727000	170.018997
2.728000	170.018997
2.729000	170.018997
2.730000	169.503998
2.731000	169.503998
2.732000	169.503998
2.733000	168.988998
2.734000	168.475006
2.735000	168.475006
2.736000	167.960999
2.737000	167.960999
2.738000	167.960999
2.739000	167.447006
2.740000	167.447006
2.741000	167.447006
2.742000	166.932007
2.743000	166.417999
2.744000	166.417999
2.745000	166.932007
2.746000	165.904007
2.747000	165.388000
2.748000	165.388000
2.749000	165.388000
2.750000	164.873993
2.751000	164.360001
2.752000	165.904007
2.753000	164.360001
2.754000	163.845993
2.755000	163.330994
2.756000	163.845993
2.757000	163.330994
2.758000	163.845993
2.759000	163.845993
2.760000	163.330994
2.761000	162.302994
2.762000	162.817001
2.763000	162.817001
2.764000	161.787994
2.765000	161.787994
2.766000	161.787994
2.767000	161.274002
2.768000	161.274002
2.769000	161.274002
2.770000	161.274002
2.771000	160.759003
2.772000	160.759003
2.773000	160.244995
2.774000	159.729996
2.775000	160.244995
2.776000	159.216003
2.777000	159.216003
2.778000	159.216003
2.779000	158.186996
2.780000	158.701996
2.781000	158.186996
2.782000	157.673004
2.783000	157.673004
2.784000	157.673004
2.785000	157.158997
2.786000	157.158997
2.787000	157.158997
2.788000	156.128998
2.789000	157.158997
2.790000	156.643997
2.791000	156.128998
2.792000	156.128998
2.793000	155.615005
2.794000	155.100998
2.795000	155.100998
2.796000	155.615005
2.797000	155.615005
2.798000	154.587006
2.799000	154.072006
2.800000	154.587006
2.801000	154.072006
2.802000	154.587006
2.803000	153.557999
2.804000	153.557999
2.805000	154.587006
2.806000	153.557999
2.807000	153.044006
2.808000	152.528000
2.809000	152.014008
2.810000	152.014008
2.811000	152.014008
2.812000	152.014008
2.813000	151.500000
2.814000	150.985992
2.815000	150.985992
2.816000	150.985992
2.817000	150.985992
2.818000	150.985992
2.819000	149.957001
2.820000	150.470993
2.821000	149.957001
2.822000	150.470993
2.823000	149.442993
2.824000	149.442993
2.825000	149.442993
2.826000	148.927994
2.827000	148.414001
2.828000	148.927994
2.829000	147.899002
2.830000	148.414001
2.831000	148.414001
2.832000	147.384995
2.833000	147.384995
2.834000	147.899002
2.835000	146.869995
2.836000	146.869995
2.837000	146.869995
2.838000	147.384995
2.839000	145.841995
2.840000	146.356003
2.841000	145.326996
2.842000	145.326996
2.843000	145.841995
2.844000	145.841995
2.845000	145.326996
2.846000	145.326996
2.847000	144.298996
2.848000	143.785004
2.849000	144.813004
2.850000	144.298996
2.851000	143.268997
2.852000	144.298996
2.853000	143.268997
2.854000	143.268997
2.855000	143.268997
2.856000	143.268997
2.857000	143.268997
2.858000	142.755005
2.859000	142.240997
2.860000	142.755005
2.861000	142.240997
2.862000	142.240997
2.863000	141.212006
2.864000	142.240997
2.865000	142.240997
2.866000	141.725998
2.867000	141.725998
2.868000	141.212006
2.869000	140.184006
2.870000	140.697998
2.871000	140.697998
2.872000	140.697998
2.873000	140.184006
2.874000	139.669006
2.875000	139.669006
2.876000	139.154007
2.877000	139.154007
2.878000	139.669006
2.879000	139.669006
2.880000	138.639999
2.881000	138.639999
2.882000	138.639999
2.883000	138.126007
2.884000	138.126007
2.885000	138.126007
2.886000	137.097000
2.887000	137.610992
2.888000	137.610992
2.889000	137.097000
2.890000	137.097000
2.891000	136.582993
2.892000	136.582993
2.893000	136.067993
2.894000	137.097000
2.895000	136.067993
2.896000	136.067993
2.897000	135.554001
2.898000	135.554001
2.899000	135.039993
2.900000	134.524994
2.901000	134.524994
2.902000	135.039993
2.903000	134.524994
2.904000	134.009995
2.905000	134.524994
2.906000	132.981995
2.907000	133.496002
2.908000	132.981995
2.909000	132.981995
2.910000	132.466995
2.911000	133.496002
2.912000	133.496002
2.913000	132.466995
2.914000	131.953003
2.915000	131.953003
2.916000	131.953003
2.917000	131.953003
2.918000	132.466995
2.919000	131.438995
2.920000	131.438995
2.921000	130.925003
2.922000	130.925003
2.923000	130.925003
2.924000	130.408997
2.925000	130.408997
2.926000	130.408997
2.927000	130.408997
2.928000	129.380997
2.929000	129.895004
2.930000	129.380997
2.931000	129.380997
2.932000	129.380997
2.933000	129.380997
2.934000	128.865997
2.935000	128.352005
2.936000	128.352005
2.937000	128.865997
2.938000	128.352005
2.939000	128.352005
2.940000	128.352005
2.941000	127.323997
2.942000	127.837997
2.943000	127.323997
2.944000	127.837997
2.945000	126.808998
2.946000	127.323997
2.947000	126.808998
2.948000	126.808998
2.949000	126.293999
2.950000	126.293999
2.951000	127.323997
2.952000	125.779999
2.953000	125.779999
2.954000	125.779999
2.955000	125.779999
2.956000	124.750999
2.957000	125.264999
2.958000	124.750999
2.959000	124.750999
2.960000	124.750999
2.961000	124.750999
2.962000	124.750999
2.963000	123.723000
2.964000	124.750999
2.965000	124.237000
2.966000	123.723000
2.967000	123.723000
2.968000	123.723000
2.969000	123.208000
2.970000	122.694000
2.971000	122.694000
2.972000	122.694000
2.973000	122.694000
2.974000	122.180000
2.975000	122.180000
2.976000	122.180000
2.977000	122.694000
2.978000	122.180000
2.979000	121.665001
2.980000	122.180000
2.981000	121.150002
2.982000	120.636002
2.983000	120.636002
2.984000	121.150002
2.985000	120.122002
2.986000	120.636002
2.987000	119.607002
2.988000	120.122002
2.989000	120.122002
2.990000	119.607002
2.991000	120.122002
2.992000	119.607002
2.993000	119.607002
2.994000	119.607002
2.995000	119.093002
2.996000	118.579002
2.997000	118.579002
2.998000	118.579002
2.999000	117.549004
3.000000	117.549004
3.001000	118.065002
3.002000	118.065002
3.003000	117.549004
3.004000	117.549004
3.005000	117.035004
3.006000	117.035004
3.007000	116.521004
3.008000	116.005997
3.009000	116.521004
3.010000	116.005997
3.011000	116.521004
3.012000	116.005997
3.013000	114.977997
3.014000	115.491997
3.015000	114.977997
3.016000	115.491997
3.017000	115.491997
3.018000	114.977997
3.019000	114.463997
3.020000	114.463997
3.021000	114.463997
3.022000	113.948997
3.023000	113.948997
3.024000	113.948997
3.025000	113.434998
3.026000	113.434998
3.027000	113.434998
3.028000	113.434998
3.029000	113.434998
3.030000	113.434998
3.031000	113.434998
3.032000	112.919998
3.033000	113.434998
3.034000	112.404999
3.035000	112.404999
3.036000	111.890999
3.037000	111.890999
3.038000	111.890999
3.039000	112.404999
3.040000	111.890999
3.041000	111.376999
3.042000	110.862999
3.043000	111.376999
3.044000	110.862999
3.045000	110.862999
3.046000	110.862999
3.047000	111.376999
3.048000	110.348000
3.049000	110.348000
3.050000	110.348000
3.051000	109.834000
3.052000	109.834000
3.053000	109.834000
3.054000	109.834000
3.055000	109.834000
3.056000	108.804001
3.057000	109.320000
3.058000	109.834000
3.059000	109.320000
3.060000	107.776001
3.061000	109.320000
3.062000	108.290001
3.063000	107.776001
3.064000	107.776001
3.065000	108.290001
3.066000	107.776001
3.067000	107.776001
3.068000	107.262001
3.069000	107.262001
3.070000	107.262001
3.071000	106.747002
3.072000	106.747002
3.073000	107.262001
3.074000	106.747002
3.075000	106.747002
3.076000	105.719002
3.077000	106.747002
3.078000	106.233002
3.079000	106.233002
3.080000	105.719002
3.081000	105.719002
3.082000	105.205002
3.083000	105.719002
3.084000	105.205002
3.085000	104.690002
3.086000	105.205002
3.087000	104.175003
3.088000	104.175003
3.089000	104.690002
3.090000	104.690002
3.091000	104.175003
3.092000	104.175003
3.093000	103.146004
3.094000	103.146004
3.095000	103.146004
3.096000	103.661003
3.097000	103.661003
3.098000	103.661003
3.099000	103.146004
3.100000	102.632004
3.101000	102.117996
3.102000	102.632004
3.103000	102.117996
3.104000	102.117996
3.105000	102.632004
3.106000	102.117996
3.107000	102.117996
3.108000	102.117996
3.109000	101.603996
3.110000	101.603996
3.111000	101.088997
3.112000	101.603996
3.113000	101.603996
3.114000	100.059998
3.115000	101.603996
3.116000	101.088997
3.117000	99.545303
3.118000	100.059998
3.119000	99.545303
3.120000	100.574997
3.121000	100.059998
3.122000	100.574997
3.123000	99.545303
3.124000	99.031197
3.125000	99.545303
3.126000	99.545303
3.127000	99.031197
3.128000	99.031197
3.129000	99.545303
3.130000	98.517097
3.131000	98.517097
3.132000	98.517097
3.133000	98.517097
3.134000	98.517097
3.135000	98.002998
3.136000	98.002998
3.137000	97.487900
3.138000	98.002998
3.139000	97.487900
3.140000	97.487900
3.141000	98.002998
3.142000	96.973801
3.143000	96.973801
3.144000	96.973801
3.145000	96.459702
3.146000	95.944504
3.147000	95.944504
3.148000	96.459702
3.149000	95.944504
3.150000	96.459702
3.151000	95.944504
3.152000	95.430397
3.153000	95.430397
3.154000	95.944504
3.155000	95.944504
3.156000	95.430397
3.157000	94.916298
3.158000	94.916298
3.159000	94.402199
3.160000	94.402199
3.161000	94.916298
3.162000	94.402199
3.163000	93.887001
3.164000	93.372902
3.165000	93.887001
3.166000	93.887001
3.167000	93.887001
3.168000	93.372902
3.169000	93.372902
3.170000	93.887001
3.171000	93.372902
3.172000	92.858803
3.173000	93.372902
3.174000	93.372902
3.175000	92.858803
3.176000	92.858803
3.177000	91.829597
3.178000	92.343697
3.179000	92.343697
3.180000	91.829597
3.181000	92.343697
3.182000	91.315498
3.183000	91.829597
3.184000	91.829597
3.185000	91.829597
3.186000	90.801399
3.187000	91.315498
3.188000	90.801399
3.189000	90.801399
3.190000	90.286201
3.191000	90.801399
3.192000	90.801399
3.193000	89.772102
3.194000	90.801399
3.195000	90.801399
3.196000	90.286201
3.197000	90.286201
3.198000	89.772102
3.199000	89.772102
3.200000	89.772102
3.201000	89.258003
3.202000	89.258003
3.203000	89.258003
3.204000	88.743896
3.205000	88.743896
3.206000	89.258003
3.207000	88.743896
3.208000	87.714600
3.209000	88.228699
3.210000	88.743896
3.211000	87.200500
3.212000	88.228699
3.213000	87.714600
3.214000	88.228699
3.215000	87.200500
3.216000	87.714600
3.217000	87.200500
3.218000	86.685402
3.219000	87.200500
3.220000	86.685402
3.221000	87.200500
3.222000	86.171303
3.223000	86.685402
3.224000	86.685402
3.225000	87.200500
3.226000	86.171303
3.227000	86.171303
3.228000	86.171303
3.229000	86.685402
3.230000	86.171303
3.231000	85.657204
3.232000	85.143097
3.233000	85.143097
3.234000	85.143097
3.235000	85.657204
3.236000	84.627899
3.237000	85.143097
3.238000	85.143097
3.239000	84.113800
3.240000	85.143097
3.241000	83.599701
3.242000	84.627899
3.243000	84.113800
3.244000	84.627899
3.245000	84.113800
3.246000	84.113800
3.247000	83.599701
3.248000	83.599701
3.249000	83.599701
3.250000	83.599701
3.251000	83.084503
3.252000	83.084503
3.253000	82.570396
3.254000	83.084503
3.255000	83.084503
3.256000	82.570396
3.257000	82.056297
3.258000	82.570396
3.259000	82.570396
3.260000	82.056297
3.261000	82.056297
3.262000	81.542198
3.263000	81.542198
3.264000	81.542198
3.265000	81.027100
3.266000	81.542198
3.267000	81.027100
3.268000	81.027100
3.269000	81.542198
3.270000	81.027100
3.271000	80.513000
3.272000	81.027100
3.273000	81.027100
3.274000	81.027100
3.275000	80.513000
3.276000	79.998901
3.277000	79.998901
3.278000	79.998901
3.279000	79.998901
3.280000	79.998901
3.281000	79.998901
3.282000	79.483704
3.283000	79.998901
3.284000	78.969597
3.285000	79.483704
3.286000	79.483704
3.287000	78.969597
3.288000	79.483704
3.289000	78.969597
3.290000	78.969597
3.291000	78.455498
3.292000	78.969597
3.293000	77.941399
3.294000	78.455498
3.295000	78.455498
3.296000	78.455498
3.297000	77.941399
3.298000	77.941399
3.299000	77.941399
3.300000	77.426201
3.301000	77.941399
3.302000	76.912102
3.303000	77.426201
3.304000	76.912102
3.305000	76.912102
3.306000	77.426201
3.307000	76.912102
3.308000	76.398003
3.309000	76.398003
3.310000	75.882896
3.311000	76.398003
3.312000	75.882896
3.313000	75.368797
3.314000	76.398003
3.315000	75.368797
3.316000	76.398003
3.317000	75.882896
3.318000	75.882896
3.319000	74.854698
3.320000	74.854698
3.321000	74.854698
3.322000	75.368797
3.323000	74.854698
3.324000	74.854698
3.325000	75.368797
3.326000	74.340599
3.327000	74.340599
3.328000	74.340599
3.329000	74.340599
3.330000	73.825401
3.331000	73.825401
3.332000	74.340599
3.333000	74.340599
3.334000	73.825401
3.335000	73.825401
3.336000	73.825401
3.337000	73.825401
3.338000	73.311302
3.339000	72.797203
3.340000	73.311302
3.341000	73.311302
3.342000	72.283096
3.343000	73.311302
3.344000	72.797203
3.345000	72.797203
3.346000	72.797203
3.347000	72.283096
3.348000	72.283096
3.349000	71.253799
3.350000	72.283096
3.351000	72.283096
3.352000	71.767998
3.353000	71.253799
3.354000	71.253799
3.355000	71.767998
3.356000	71.767998
3.357000	70.739700
3.358000	71.253799
3.359000	71.253799
3.360000	70.739700
3.361000	70.739700
3.362000	70.224602
3.363000	70.739700
3.364000	70.224602
3.365000	70.739700
3.366000	70.224602
3.367000	70.224602
3.368000	69.710503
3.369000	70.224602
3.370000	70.224602
3.371000	70.224602
3.372000	70.224602
3.373000	69.710503
3.374000	69.196404
3.375000	70.224602
3.376000	69.196404
3.377000	69.710503
3.378000	68.682297
3.379000	69.710503
3.380000	68.682297
3.381000	68.682297
3.382000	68.167099
3.383000	69.196404
3.384000	68.167099
3.385000	68.682297
3.386000	68.682297
3.387000	67.138901
3.388000	67.653000
3.389000	67.138901
3.390000	67.653000
3.391000	67.653000
3.392000	67.653000
3.393000	67.653000
3.394000	67.138901
3.395000	67.653000
3.396000	67.138901
3.397000	67.138901
3.398000	67.138901
3.399000	66.109703
3.400000	67.138901
3.401000	66.623802
3.402000	67.138901
3.403000	66.109703
3.404000	66.109703
3.405000	66.623802
3.406000	66.109703
3.407000	65.595596
3.408000	66.109703
3.409000	65.595596
3.410000	65.081497
3.411000	66.109703
3.412000	65.595596
3.413000	66.109703
3.414000	65.595596
3.415000	65.081497
3.416000	65.081497
3.417000	65.595596
3.418000	64.566299
3.419000	64.566299
3.420000	64.566299
3.421000	64.052200
3.422000	64.052200
3.423000	64.566299
3.424000	64.052200
3.425000	64.052200
3.426000	64.052200
3.427000	63.538101
3.428000	63.538101
3.429000	64.052200
3.430000	63.538101
3.431000	63.538101
3.432000	63.538101
3.433000	64.052200
3.434000	64.052200
3.435000	63.022900
3.436000	63.022900
3.437000	63.538101
3.438000	63.022900
3.439000	62.508801
3.440000	62.508801
3.441000	62.508801
3.442000	62.508801
3.443000	61.994701
3.444000	61.994701
3.445000	62.508801
3.446000	61.994701
3.447000	61.480598
3.448000	61.480598
3.449000	61.994701
3.450000	61.994701
3.451000	61.994701
3.452000	62.508801
3.453000	61.480598
3.454000	61.480598
3.455000	61.994701
3.456000	60.965500
3.457000	60.965500
3.458000	60.451401
3.459000	60.451401
3.460000	60.451401
3.461000	60.451401
3.462000	60.451401
3.463000	59.937302
3.464000	59.937302
3.465000	59.937302
3.466000	59.422100
3.467000	59.937302
3.468000	59.422100
3.469000	60.451401
3.470000	59.937302
3.471000	59.937302
3.472000	59.937302
3.473000	59.937302
3.474000	59.937302
3.475000	58.908001
3.476000	58.908001
3.477000	59.422100
3.478000	58.908001
3.479000	58.908001
3.480000	58.908001
3.481000	58.908001
3.482000	58.393902
3.483000	58.393902
3.484000	58.908001
3.485000	58.393902
3.486000	58.908001
3.487000	57.879799
3.488000	58.393902
3.489000	57.879799
3.490000	58.393902
3.491000	57.879799
3.492000	57.879799
3.493000	57.879799
3.494000	57.879799
3.495000	57.364601
3.496000	57.879799
3.497000	56.850498
3.498000	57.364601
3.499000	56.850498
3.500000	56.850498
3.501000	57.364601
3.502000	56.850498
3.503000	56.850498
3.504000	56.336399
3.505000	56.850498
3.506000	56.336399
3.507000	56.336399
3.508000	56.336399
3.509000	55.822300
3.510000	56.336399
3.511000	55.822300
3.512000	55.822300
3.513000	55.307201
3.514000	55.822300
3.515000	55.307201
3.516000	55.307201
3.517000	55.307201
3.518000	54.793098
3.519000	56.336399
3.520000	54.793098
3.521000	55.307201
3.522000	54.793098
3.523000	54.278999
3.524000	54.793098
3.525000	54.793098
3.526000	54.278999
3.527000	54.793098
3.528000	54.278999
3.529000	55.307201
3.530000	54.278999
3.531000	53.763802
3.532000	53.763802
3.533000	53.763802
3.534000	53.763802
3.535000	54.278999
3.536000	53.763802
3.537000	53.249699
3.538000	53.249699
3.539000	53.249699
3.540000	53.249699
3.541000	52.735600
3.542000	52.735600
3.543000	52.221500
3.544000	52.735600
3.545000	52.735600
3.546000	52.221500
3.547000	52.221500
3.548000	52.735600
3.549000	52.221500
3.550000	52.735600
3.551000	52.221500
3.552000	52.221500
3.553000	52.221500
3.554000	52.221500
3.555000	52.221500
3.556000	51.706299
3.557000	51.706299
3.558000	51.706299
3.559000	50.678101
3.560000	52.221500
3.561000	51.706299
3.562000	51.706299
3.563000	51.706299
3.564000	51.192200
3.565000	51.706299
3.566000	51.706299
3.567000	51.706299
3.568000	50.678101
3.569000	50.678101
3.570000	51.192200
3.571000	51.192200
3.572000	50.678101
3.573000	51.192200
3.574000	50.162998
3.575000	50.162998
3.576000	50.162998
3.577000	49.648899
3.578000	49.648899
3.579000	49.648899
3.580000	50.162998
3.581000	49.648899
3.582000	49.648899
3.583000	50.162998
3.584000	49.648899
3.585000	49.134800
3.586000	49.648899
3.587000	49.648899
3.588000	49.648899
3.589000	49.648899
3.590000	49.648899
3.591000	49.134800
3.592000	48.620701
3.593000	49.134800
3.594000	48.620701
3.595000	48.105499
3.596000	48.105499
3.597000	48.105499
3.598000	48.105499
3.599000	47.591400
3.600000	48.620701
3.601000	48.105499
3.602000	48.105499
3.603000	48.105499
3.604000	47.591400
3.605000	47.077301
3.606000	47.591400
3.607000	48.105499
3.608000	47.591400
3.609000	47.077301
3.610000	47.077301
3.611000	47.591400
3.612000	47.591400
3.613000	47.077301
3.614000	47.077301
3.615000	47.077301
3.616000	47.077301
3.617000	46.562199
3.618000	47.077301
3.619000	46.048000
3.620000	47.077301
3.621000	46.562199
3.622000	46.048000
3.623000	46.562199
3.624000	46.048000
3.625000	46.562199
3.626000	46.048000
3.627000	46.048000
3.628000	46.048000
3.629000	46.048000
3.630000	45.533901
3.631000	45.533901
3.632000	46.048000
3.633000	45.533901
3.634000	45.533901
3.635000	45.533901
3.636000	45.533901
3.637000	45.533901
3.638000	45.533901
3.639000	44.504700
3.640000	44.504700
3.641000	44.504700
3.642000	43.990601
3.643000	44.504700
3.644000	44.504700
3.645000	44.504700
3.646000	44.504700
3.647000	44.504700
3.648000	43.476501
3.649000	43.476501
3.650000	43.990601
3.651000	43.476501
3.652000	44.504700
3.653000	43.476501
3.654000	43.990601
3.655000	43.476501
3.656000	43.476501
3.657000	43.990601
3.658000	42.961300
3.659000	42.961300
3.660000	42.447201
3.661000	43.476501
3.662000	42.961300
3.663000	42.447201
3.664000	42.447201
3.665000	42.961300
3.666000	42.961300
3.667000	43.476501
3.668000	42.447201
3.669000	42.447201
3.670000	41.933102
3.671000	42.447201
3.672000	41.418999
3.673000	42.447201
3.674000	42.961300
3.675000	41.933102
3.676000	41.418999
3.677000	41.933102
3.678000	41.933102
3.679000	42.447201
3.680000	41.933102
3.681000	41.418999
3.682000	40.903900
3.683000	41.933102
3.684000	41.418999
3.685000	41.418999
3.686000	41.418999
3.687000	41.418999
3.688000	41.418999
3.689000	40.903900
3.690000	41.418999
3.691000	41.418999
3.692000	39.875599
3.693000	41.418999
3.694000	40.903900
3.695000	40.389801
3.696000	40.389801
3.697000	40.389801
3.698000	40.903900
3.699000	40.903900
