-0.300000	0.177031
-0.299000	0.177031
-0.298000	-0.003323
-0.297000	0.086762
-0.296000	0.086762
-0.295000	0.177031
-0.294000	-0.003323
-0.293000	-0.003323
-0.292000	-0.003323
-0.291000	-0.003323
-0.290000	0.086762
-0.289000	-0.003323
-0.288000	0.086762
-0.287000	0.086762
-0.286000	-0.003323
-0.285000	-0.003323
-0.284000	0.086762
-0.283000	0.086762
-0.282000	0.177031
-0.281000	0.177031
-0.280000	0.086762
-0.279000	0.086762
-0.278000	-0.003323
-0.277000	0.177031
-0.276000	0.086762
-0.275000	-0.003323
-0.274000	0.086762
-0.273000	0.086762
-0.272000	-0.003323
-0.271000	0.086762
-0.270000	0.086762
-0.269000	-0.003323
-0.268000	-0.003323
-0.267000	0.086762
-0.266000	0.086762
-0.265000	0.177031
-0.264000	-0.003323
-0.263000	0.086762
-0.262000	0.086762
-0.261000	0.086762
-0.260000	0.086762
-0.259000	-0.003323
-0.258000	0.177031
-0.257000	0.086762
-0.256000	0.086762
-0.255000	-0.093408
-0.254000	-0.003323
-0.253000	0.086762
-0.252000	0.086762
-0.251000	0.086762
-0.250000	0.086762
-0.249000	0.086762
-0.248000	0.177031
-0.247000	0.086762
-0.246000	-0.003323
-0.245000	0.086762
-0.244000	0.086762
-0.243000	0.086762
-0.242000	0.086762
-0.241000	0.086762
-0.240000	0.086762
-0.239000	0.086762
-0.238000	0.086762
-0.237000	0.086762
-0.236000	0.177031
-0.235000	0.177031
-0.234000	0.086762
-0.233000	0.177031
-0.232000	0.086762
-0.231000	0.177031
-0.230000	0.267116
-0.229000	0.086762
-0.228000	0.086762
-0.227000	0.086762
-0.226000	0.086762
-0.225000	0.086762
-0.224000	-0.003323
-0.223000	0.086762
-0.222000	0.086762
-0.221000	-0.003323
-0.220000	0.086762
-0.219000	0.086762
-0.218000	0.086762
-0.217000	-0.003323
-0.216000	0.086762
-0.215000	0.177031
-0.214000	0.086762
-0.213000	0.086762
-0.212000	0.086762
-0.211000	0.086762
-0.210000	-0.093408
-0.209000	0.086762
-0.208000	-0.003323
-0.207000	-0.003323
-0.206000	0.086762
-0.205000	0.086762
-0.204000	0.086762
-0.203000	0.086762
-0.202000	-0.003323
-0.201000	0.086762
-0.200000	0.177031
-0.199000	0.086762
-0.198000	0.086762
-0.197000	0.086762
-0.196000	0.177031
-0.195000	0.086762
-0.194000	0.086762
-0.193000	0.267116
-0.192000	-0.003323
-0.191000	0.086762
-0.190000	-0.003323
-0.189000	0.086762
-0.188000	0.086762
-0.187000	-0.003323
-0.186000	0.086762
-0.185000	0.086762
-0.184000	0.086762
-0.183000	-0.003323
-0.182000	0.086762
-0.181000	0.086762
-0.180000	0.177031
-0.179000	0.086762
-0.178000	0.086762
-0.177000	0.086762
-0.176000	0.086762
-0.175000	0.086762
-0.174000	0.086762
-0.173000	-0.093408
-0.172000	0.086762
-0.171000	0.177031
-0.170000	-0.003323
-0.169000	0.086762
-0.168000	0.177031
-0.167000	0.086762
-0.166000	0.086762
-0.165000	0.177031
-0.164000	-0.003323
-0.163000	0.086762
-0.162000	0.177031
-0.161000	0.267116
-0.160000	-0.003323
-0.159000	0.177031
-0.158000	-0.003323
-0.157000	0.086762
-0.156000	0.177031
-0.155000	0.086762
-0.154000	0.086762
-0.153000	0.086762
-0.152000	0.086762
-0.151000	-0.093408
-0.150000	0.086762
-0.149000	0.086762
-0.148000	0.086762
-0.147000	0.086762
-0.146000	0.177031
-0.145000	0.086762
-0.144000	-0.003323
-0.143000	-0.003323
-0.142000	-0.003323
-0.141000	-0.003323
-0.140000	0.086762
-0.139000	0.086762
-0.138000	0.086762
-0.137000	-0.003323
-0.136000	0.086762
-0.135000	0.086762
-0.134000	0.177031
-0.133000	0.086762
-0.132000	0.177031
-0.131000	0.177031
-0.130000	0.086762
-0.129000	0.177031
-0.128000	0.086762
-0.127000	0.086762
-0.126000	0.086762
-0.125000	0.086762
-0.124000	0.177031
-0.123000	0.086762
-0.122000	0.086762
-0.121000	-0.003323
-0.120000	0.177031
-0.119000	0.086762
-0.118000	0.267116
-0.117000	0.177031
-0.116000	0.177031
-0.115000	0.177031
-0.114000	0.177031
-0.113000	0.086762
-0.112000	0.086762
-0.111000	0.086762
-0.110000	0.086762
-0.109000	0.086762
-0.108000	-0.003323
-0.107000	0.086762
-0.106000	-0.093408
-0.105000	0.086762
-0.104000	0.086762
-0.103000	0.086762
-0.102000	0.177031
-0.101000	0.086762
-0.100000	0.086762
-0.099000	0.177031
-0.098000	-0.003323
-0.097000	0.086762
-0.096000	0.086762
-0.095000	-0.003323
-0.094000	0.177031
-0.093000	0.177031
-0.092000	0.177031
-0.091000	0.086762
-0.090000	0.177031
-0.089000	-0.003323
-0.088000	0.086762
-0.087000	0.086762
-0.086000	0.086762
-0.085000	0.177031
-0.084000	0.086762
-0.083000	0.086762
-0.082000	0.086762
-0.081000	0.086762
-0.080000	0.267116
-0.079000	0.086762
-0.078000	0.086762
-0.077000	-0.003323
-0.076000	0.086762
-0.075000	-0.093408
-0.074000	0.086762
-0.073000	0.177031
-0.072000	-0.003323
-0.071000	0.086762
-0.070000	-0.003323
-0.069000	0.086762
-0.068000	-0.003323
-0.067000	0.086762
-0.066000	-0.003323
-0.065000	0.086762
-0.064000	0.086762
-0.063000	0.086762
-0.062000	0.086762
-0.061000	-0.003323
-0.060000	0.177031
-0.059000	0.086762
-0.058000	-0.003323
-0.057000	-0.003323
-0.056000	0.177031
-0.055000	-0.003323
-0.054000	0.086762
-0.053000	0.086762
-0.052000	-0.003323
-0.051000	0.086762
-0.050000	0.177031
-0.049000	-0.003323
-0.048000	0.086762
-0.047000	0.086762
-0.046000	0.086762
-0.045000	0.086762
-0.044000	0.086762
-0.043000	-0.003323
-0.042000	0.086762
-0.041000	0.086762
-0.040000	-0.003323
-0.039000	-0.093408
-0.038000	0.086762
-0.037000	0.086762
-0.036000	0.086762
-0.035000	-0.093408
-0.034000	-0.634286
-0.033000	-1.084890
-0.032000	-1.806130
-0.031000	-2.437090
-0.030000	-3.338310
-0.029000	-3.969270
-0.028000	-4.329790
-0.027000	-4.960760
-0.026000	-5.321460
-0.025000	-5.681990
-0.024000	-6.132600
-0.023000	-6.403040
-0.022000	-6.943910
-0.021000	-7.304440
-0.020000	-7.664960
-0.019000	-8.115570
-0.018000	-8.836800
-0.017000	-9.467760
-0.016000	-9.918370
-0.015000	-10.459300
-0.014000	-10.729500
-0.013000	-10.909900
-0.012000	-11.090200
-0.011000	-11.090200
-0.010000	-10.909900
-0.009000	-10.639400
-0.008000	-10.639400
-0.007000	-10.098500
-0.006000	-9.377500
-0.005000	-8.836800
-0.004000	-8.115570
-0.003000	-7.664960
-0.002000	-7.034000
-0.001000	-6.673470
0.000000	-5.862160
0.001000	-5.501630
0.002000	-5.862160
0.003000	-6.312950
0.004000	-6.222680
0.005000	-6.403040
0.006000	-7.214170
0.007000	-8.656450
0.008000	-10.278900
0.009000	-11.991400
0.010000	-13.343600
0.011000	-13.974600
0.012000	-14.875800
0.013000	-16.678600
0.014000	-18.391100
0.015000	-18.571501
0.016000	-17.039101
0.017000	-12.261900
0.018000	-7.935400
0.019000	-50.660099
0.020000	98.966797
0.021000	62.911999
0.022000	59.577099
0.023000	41.369400
0.024000	36.051498
0.025000	55.430801
0.026000	23.973101
0.027000	14.869200
0.028000	-5.321460
0.029000	-12.081700
0.030000	-16.228001
0.031000	-17.670099
0.032000	-2.437090
0.033000	-2.076380
0.034000	16.131100
0.035000	12.165100
0.036000	19.736700
0.037000	21.809799
0.038000	17.663500
0.039000	21.178801
0.040000	4.683860
0.041000	-2.707340
0.042000	-7.574880
0.043000	-11.630900
0.044000	-10.369000
0.045000	-6.943910
0.046000	-10.909900
0.047000	-2.707340
0.048000	-15.146200
0.049000	-13.433700
0.050000	-7.845130
0.051000	-7.845130
0.052000	-4.149620
0.053000	-7.304440
0.054000	-6.132600
0.055000	-4.870670
0.056000	-7.484610
0.057000	1.979650
0.058000	0.807994
0.059000	3.782450
0.060000	3.602100
0.061000	0.086762
0.062000	-4.149620
0.063000	-6.042510
0.064000	-11.540800
0.065000	-12.712700
0.066000	-14.695600
0.067000	-20.734800
0.068000	-18.931999
0.069000	-20.554501
0.070000	-14.515300
0.071000	-13.253400
0.072000	-12.712700
0.073000	-6.763560
0.074000	-14.785700
0.075000	-10.188800
0.076000	-14.425200
0.077000	-16.588499
0.078000	-15.687100
0.079000	-21.636000
0.080000	-15.236500
0.081000	-20.103901
0.082000	-11.811300
0.083000	-10.188800
0.084000	-4.780590
0.085000	-0.544201
0.086000	-1.625770
0.087000	1.709210
0.088000	0.988164
0.089000	0.807994
0.090000	0.267116
0.091000	-5.772070
0.092000	-5.321460
0.093000	-9.467760
0.094000	-8.025480
0.095000	-7.755050
0.096000	-7.214170
0.097000	-7.755050
0.098000	-8.746530
0.099000	-9.287410
0.100000	-10.369000
0.101000	-8.656450
0.102000	-9.467760
0.103000	-10.008500
0.104000	-10.819800
0.105000	-12.982900
0.106000	-11.991400
0.107000	-10.819800
0.108000	-10.729500
0.109000	-7.394520
0.110000	-5.411550
0.111000	-27.765499
0.112000	-11.991400
0.113000	-17.309601
0.114000	-4.690500
0.115000	-0.904725
0.116000	-2.797610
0.117000	-12.261900
0.118000	-10.188800
0.119000	-13.343600
0.120000	-7.214170
0.121000	-5.681990
0.122000	-11.901300
0.123000	-16.047600
0.124000	-21.365801
0.125000	-19.743299
0.126000	-15.597000
0.127000	-11.901300
0.128000	-11.090200
0.129000	-11.090200
0.130000	-14.335100
0.131000	-13.073200
0.132000	-12.352100
0.133000	-10.369000
0.134000	-11.360500
0.135000	-13.704200
0.136000	-14.515300
0.137000	-13.884300
0.138000	-12.081700
0.139000	-9.016970
0.140000	-9.467760
0.141000	-7.935400
0.142000	-9.828290
0.143000	-7.304440
0.144000	-11.901300
0.145000	-10.909900
0.146000	-10.909900
0.147000	-11.450700
0.148000	-11.360500
0.149000	-8.386010
0.150000	-20.644600
0.151000	-18.301100
0.152000	-17.580000
0.153000	-16.318100
0.154000	-14.605600
0.155000	-17.940500
0.156000	-21.816401
0.157000	-17.039101
0.158000	-17.399700
0.159000	-20.734800
0.160000	-18.661600
0.161000	-18.751699
0.162000	-19.833401
0.163000	-18.211000
0.164000	-21.185400
0.165000	-15.687100
0.166000	-15.687100
0.167000	-14.515300
0.168000	-23.258699
0.169000	-19.923500
0.170000	-11.090200
0.171000	-23.528900
0.172000	-15.506800
0.173000	-16.047600
0.174000	-22.988199
0.175000	-15.777200
0.176000	-7.574880
0.177000	-19.923500
0.178000	-13.253400
0.179000	-16.678600
0.180000	-18.481400
0.181000	-18.030600
0.182000	-17.760201
0.183000	-18.120899
0.184000	-10.459300
0.185000	-32.182098
0.186000	-31.731400
0.187000	-28.035801
0.188000	-30.830000
0.189000	-27.675200
0.190000	-38.942299
0.191000	-36.418598
0.192000	-44.440800
0.193000	-42.187401
0.194000	-29.207600
0.195000	-28.757000
0.196000	-24.250200
0.197000	-19.923500
0.198000	-22.447399
0.199000	-28.847099
0.200000	-25.512100
0.201000	-17.940500
0.202000	-18.571501
0.203000	-12.622400
0.204000	-16.137699
0.205000	-21.816401
0.206000	-28.216101
0.207000	-32.001900
0.208000	-23.348801
0.209000	-19.112400
0.210000	-9.107060
0.211000	-14.605600
0.212000	-19.022100
0.213000	-17.850500
0.214000	-15.957600
0.215000	-14.335100
0.216000	-13.523800
0.217000	-9.016970
0.218000	-10.369000
0.219000	-15.056200
0.220000	-16.768700
0.221000	-13.613900
0.222000	-11.180300
0.223000	-8.926890
0.224000	-8.656450
0.225000	-6.583390
0.226000	-6.312950
0.227000	-7.935400
0.228000	-4.510150
0.229000	-3.699010
0.230000	-5.141110
0.231000	-6.943910
0.232000	-9.377500
0.233000	-9.197330
0.234000	-5.862160
0.235000	-8.205840
0.236000	-5.051030
0.237000	-1.084890
0.238000	-1.806130
0.239000	-2.617260
0.240000	-6.493120
0.241000	-6.943910
0.242000	-7.214170
0.243000	-8.836800
0.244000	-8.476090
0.245000	-9.467760
0.246000	-9.016970
0.247000	-9.197330
0.248000	-10.459300
0.249000	-8.926890
0.250000	-9.377500
0.251000	-8.295920
0.252000	-8.205840
0.253000	-7.935400
0.254000	-10.819800
0.255000	-13.433700
0.256000	-16.678600
0.257000	-20.644600
0.258000	-19.743299
0.259000	-19.112400
0.260000	-19.022100
0.261000	-18.841900
0.262000	-18.841900
0.263000	-18.481400
0.264000	-18.211000
0.265000	-16.318100
0.266000	-16.047600
0.267000	-17.129200
0.268000	-17.850500
0.269000	-19.472900
0.270000	-21.996799
0.271000	-22.988199
0.272000	-23.258699
0.273000	-23.348801
0.274000	-23.889601
0.275000	-24.971201
0.276000	-26.052799
0.277000	-26.143101
0.278000	-24.881100
0.279000	-23.979700
0.280000	-24.069799
0.281000	-25.602200
0.282000	-26.233101
0.283000	-26.954201
0.284000	-25.962700
0.285000	-24.790899
0.286000	-24.520399
0.287000	-25.151400
0.288000	-25.782301
0.289000	-24.340200
0.290000	-24.610701
0.291000	-25.962700
0.292000	-26.052799
0.293000	-26.052799
0.294000	-25.962700
0.295000	-24.971201
0.296000	-24.610701
0.297000	-24.520399
0.298000	-23.709299
0.299000	-22.537399
0.300000	-20.644600
0.301000	-17.129200
0.302000	-20.824900
0.303000	-20.013599
0.304000	-20.734800
0.305000	-27.044300
0.306000	-27.404800
0.307000	-23.258699
0.308000	-20.103901
0.309000	-21.906500
0.310000	-21.005301
0.311000	-22.176901
0.312000	-22.898001
0.313000	-20.824900
0.314000	-19.382601
0.315000	-14.064700
0.316000	-12.622400
0.317000	-13.343600
0.318000	-15.597000
0.319000	-17.219500
0.320000	-17.309601
0.321000	-18.841900
0.322000	-18.301100
0.323000	-17.039101
0.324000	-16.678600
0.325000	-14.335100
0.326000	-15.597000
0.327000	-17.850500
0.328000	-18.120899
0.329000	-17.580000
0.330000	-15.326600
0.331000	-14.785700
0.332000	-15.146200
0.333000	-16.588499
0.334000	-18.120899
0.335000	-17.219500
0.336000	-15.326600
0.337000	-14.425200
0.338000	-15.867300
0.339000	-18.841900
0.340000	-19.563000
0.341000	-19.202499
0.342000	-16.858999
0.343000	-15.867300
0.344000	-16.047600
0.345000	-18.481400
0.346000	-19.292500
0.347000	-18.571501
0.348000	-16.858999
0.349000	-15.867300
0.350000	-17.039101
0.351000	-18.841900
0.352000	-20.915001
0.353000	-20.554501
0.354000	-18.841900
0.355000	-17.129200
0.356000	-17.309601
0.357000	-18.931999
0.358000	-20.013599
0.359000	-19.923500
0.360000	-19.202499
0.361000	-17.580000
0.362000	-19.743299
0.363000	-20.103901
0.364000	-21.726299
0.365000	-21.275499
0.366000	-20.013599
0.367000	-19.743299
0.368000	-19.292500
0.369000	-20.374300
0.370000	-21.275499
0.371000	-20.464399
0.372000	-20.013599
0.373000	-19.833401
0.374000	-19.382601
0.375000	-19.382601
0.376000	-19.743299
0.377000	-19.923500
0.378000	-19.112400
0.379000	-18.931999
0.380000	-18.751699
0.381000	-18.661600
0.382000	-18.391100
0.383000	-17.940500
0.384000	-17.399700
0.385000	-16.678600
0.386000	-15.777200
0.387000	-15.326600
0.388000	-15.416700
0.389000	-14.335100
0.390000	-14.605600
0.391000	-14.154800
0.392000	-14.515300
0.393000	-13.884300
0.394000	-13.343600
0.395000	-13.253400
0.396000	-13.253400
0.397000	-12.802700
0.398000	-12.171800
0.399000	-11.811300
0.400000	-11.721200
0.401000	-10.369000
0.402000	-8.656450
0.403000	-7.755050
0.404000	-6.673470
0.405000	-5.141110
0.406000	-5.952430
0.407000	-5.862160
0.408000	-4.329790
0.409000	-9.647930
0.410000	-10.098500
0.411000	-8.205840
0.412000	-5.862160
0.413000	-7.034000
0.414000	-8.386010
0.415000	-11.270400
0.416000	-11.630900
0.417000	-11.630900
0.418000	-9.828290
0.419000	-10.369000
0.420000	-11.630900
0.421000	-13.253400
0.422000	-12.712700
0.423000	-12.261900
0.424000	-11.450700
0.425000	-11.540800
0.426000	-13.613900
0.427000	-13.433700
0.428000	-14.335100
0.429000	-13.343600
0.430000	-13.163300
0.431000	-12.892800
0.432000	-11.450700
0.433000	-11.991400
0.434000	-11.180300
0.435000	-10.639400
0.436000	-11.270400
0.437000	-10.188800
0.438000	-11.270400
0.439000	-8.836800
0.440000	-9.557850
0.441000	-10.278900
0.442000	-9.828290
0.443000	-5.772070
0.444000	-4.239710
0.445000	-2.256730
0.446000	-3.248220
0.447000	-4.960760
0.448000	-5.141110
0.449000	-4.239710
0.450000	-0.814640
0.451000	0.898079
0.452000	0.177031
0.453000	-0.994809
0.454000	-6.312950
0.455000	-6.132600
0.456000	-6.042510
0.457000	-5.772070
0.458000	-5.591720
0.459000	-7.664960
0.460000	-7.574880
0.461000	-8.566360
0.462000	-8.025480
0.463000	-7.935400
0.464000	-8.386010
0.465000	-8.836800
0.466000	-7.124080
0.467000	-9.467760
0.468000	-8.566360
0.469000	-10.459300
0.470000	-10.729500
0.471000	-9.828290
0.472000	-9.287410
0.473000	-8.025480
0.474000	-7.034000
0.475000	-6.763560
0.476000	-6.673470
0.477000	-7.664960
0.478000	-6.853640
0.479000	-7.214170
0.480000	-6.943910
0.481000	-4.510150
0.482000	-4.149620
0.483000	-2.256730
0.484000	-3.789100
0.485000	-4.329790
0.486000	-4.059540
0.487000	-3.068050
0.488000	-3.158140
0.489000	-2.617260
0.490000	-3.158140
0.491000	-3.338310
0.492000	-3.158140
0.493000	-3.969270
0.494000	-3.789100
0.495000	-4.690500
0.496000	-4.329790
0.497000	-4.960760
0.498000	-6.312950
0.499000	-4.780590
0.500000	-3.699010
0.501000	-4.960760
0.502000	-5.141110
0.503000	-5.051030
0.504000	-4.059540
0.505000	-3.158140
0.506000	-3.608750
0.507000	-3.518660
0.508000	-3.969270
0.509000	-3.969270
0.510000	-2.797610
0.511000	-1.535690
0.512000	-1.535690
0.513000	-1.535690
0.514000	-0.814640
0.515000	0.447286
0.516000	1.078250
0.517000	0.537555
0.518000	0.717725
0.519000	-0.363847
0.520000	0.267116
0.521000	0.177031
0.522000	0.898079
0.523000	0.267116
0.524000	-0.363847
0.525000	-0.003323
0.526000	-0.273762
0.527000	-0.453931
0.528000	-0.093408
0.529000	0.717725
0.530000	-0.904725
0.531000	-1.265250
0.532000	-1.445420
0.533000	-0.273762
0.534000	0.177031
0.535000	-0.544201
0.536000	-0.724370
0.537000	-2.527170
0.538000	-1.715860
0.539000	-1.175160
0.540000	-0.453931
0.541000	-0.453931
0.542000	0.627640
0.543000	1.168520
0.544000	1.438960
0.545000	1.889570
0.546000	1.799480
0.547000	1.258600
0.548000	1.438960
0.549000	1.078250
0.550000	2.160000
0.551000	2.881050
0.552000	2.069920
0.553000	1.438960
0.554000	1.799480
0.555000	0.177031
0.556000	0.537555
0.557000	1.619130
0.558000	1.619130
0.559000	2.881050
0.560000	2.700700
0.561000	2.971140
0.562000	2.340170
0.563000	0.627640
0.564000	0.267116
0.565000	-0.544201
0.566000	0.447286
0.567000	1.258600
0.568000	0.717725
0.569000	0.898079
0.570000	-1.175160
0.571000	0.447286
0.572000	0.627640
0.573000	1.709210
0.574000	-0.453931
0.575000	-11.270400
0.576000	5.224550
0.577000	13.607400
0.578000	32.175400
0.579000	72.376503
0.580000	48.219898
0.581000	39.206100
0.582000	33.257198
0.583000	20.277399
0.584000	13.066500
0.585000	6.125950
0.586000	-4.870670
0.587000	-7.034000
0.588000	-2.527170
0.589000	0.447286
0.590000	3.602100
0.591000	-2.437090
0.592000	-3.699010
0.593000	2.069920
0.594000	6.486470
0.595000	8.289280
0.596000	5.404900
0.597000	9.280770
0.598000	11.894700
0.599000	1.529040
0.600000	7.477960
0.601000	18.564899
0.602000	24.514000
0.603000	26.677099
0.604000	24.333599
0.605000	15.049500
0.606000	15.770600
0.607000	16.311399
0.608000	17.933901
0.609000	21.629601
0.610000	20.006901
0.611000	22.981600
0.612000	29.020800
0.613000	36.141499
0.614000	38.845600
0.615000	39.837002
0.616000	36.502102
0.617000	36.862598
0.618000	39.566799
0.619000	41.639900
0.620000	44.614300
0.621000	39.927299
0.622000	36.862598
0.623000	29.201000
0.624000	27.308100
0.625000	26.857500
0.626000	24.153200
0.627000	28.029301
0.628000	25.956100
0.629000	26.947500
0.630000	29.201000
0.631000	29.471399
0.632000	33.617699
0.633000	34.158600
0.634000	35.420502
0.635000	36.592201
0.636000	35.780998
0.637000	37.403500
0.638000	40.828499
0.639000	42.000401
0.640000	46.777599
0.641000	45.155201
0.642000	47.048100
0.643000	47.048100
0.644000	45.876202
0.645000	48.670502
0.646000	48.039600
0.647000	48.219898
0.648000	45.966301
0.649000	42.090500
0.650000	43.712898
0.651000	44.524200
0.652000	49.661999
0.653000	55.070202
0.654000	55.070202
0.655000	58.225101
0.656000	59.036201
0.657000	59.036201
0.658000	62.911999
0.659000	61.650101
0.660000	60.839001
0.661000	58.675701
0.662000	52.906898
0.663000	49.752102
0.664000	47.228199
0.665000	45.966301
0.666000	47.318501
0.667000	50.383099
0.668000	53.988701
0.669000	56.692699
0.670000	56.782799
0.671000	54.349201
0.672000	54.619400
0.673000	54.258900
0.674000	55.881401
0.675000	60.388199
0.676000	60.929100
0.677000	61.109402
0.678000	58.405201
0.679000	54.709702
0.680000	53.898399
0.681000	53.718201
0.682000	53.087299
0.683000	51.464802
0.684000	47.589001
0.685000	44.704601
0.686000	45.065102
0.687000	46.687599
0.688000	49.932499
0.689000	49.481701
0.690000	50.112598
0.691000	48.490200
0.692000	47.769100
0.693000	49.932499
0.694000	52.185902
0.695000	54.078800
0.696000	55.430801
0.697000	54.619400
0.698000	53.537899
0.699000	53.087299
0.700000	50.833900
0.701000	49.211399
0.702000	45.786201
0.703000	43.622799
0.704000	43.081902
0.705000	41.910301
0.706000	41.910301
0.707000	42.000401
0.708000	42.090500
0.709000	42.180698
0.710000	42.811699
0.711000	43.622799
0.712000	44.253799
0.713000	43.532700
0.714000	44.434101
0.715000	44.974800
0.716000	45.786201
0.717000	46.146702
0.718000	46.056599
0.719000	45.696098
0.720000	45.335499
0.721000	45.696098
0.722000	46.958000
0.723000	46.867699
0.724000	46.777599
0.725000	44.974800
0.726000	44.343899
0.727000	43.712898
0.728000	44.253799
0.729000	44.343899
0.730000	45.245300
0.731000	44.163700
0.732000	42.000401
0.733000	40.197601
0.734000	38.214600
0.735000	37.132999
0.736000	35.330200
0.737000	34.789501
0.738000	33.347301
0.739000	33.167099
0.740000	31.634701
0.741000	28.930500
0.742000	27.308100
0.743000	25.415199
0.744000	26.046101
0.745000	26.767401
0.746000	25.956100
0.747000	27.488400
0.748000	27.308100
0.749000	28.570000
0.750000	27.578501
0.751000	27.758900
0.752000	28.299500
0.753000	28.029301
0.754000	28.840401
0.755000	28.750299
0.756000	29.291000
0.757000	29.201000
0.758000	27.127899
0.759000	24.694099
0.760000	22.891300
0.761000	21.719700
0.762000	20.277399
0.763000	20.547800
0.764000	19.736700
0.765000	19.466299
0.766000	19.466299
0.767000	19.195801
0.768000	18.384501
0.769000	16.672001
0.770000	15.410000
0.771000	12.706000
0.772000	12.255200
0.773000	11.353800
0.774000	10.272300
0.775000	9.641290
0.776000	8.469450
0.777000	7.117440
0.778000	6.486470
0.779000	6.847000
0.780000	5.585070
0.781000	6.396390
0.782000	5.314820
0.783000	5.585070
0.784000	4.954290
0.785000	4.954290
0.786000	5.855510
0.787000	7.387880
0.788000	8.559720
0.789000	8.920240
0.790000	7.838670
0.791000	6.756910
0.792000	4.503500
0.793000	4.323330
0.794000	4.052890
0.795000	5.134460
0.796000	4.233060
0.797000	5.134460
0.798000	4.323330
0.799000	3.782450
0.800000	4.413420
0.801000	4.593590
0.802000	5.404900
0.803000	5.404900
0.804000	4.413420
0.805000	4.593590
0.806000	4.323330
0.807000	3.602100
0.808000	3.241580
0.809000	3.151490
0.810000	2.340170
0.811000	2.520530
0.812000	2.520530
0.813000	2.610610
0.814000	2.250090
0.815000	2.069920
0.816000	1.529040
0.817000	2.069920
0.818000	2.160000
0.819000	2.160000
0.820000	1.799480
0.821000	1.619130
0.822000	1.619130
0.823000	1.619130
0.824000	2.160000
0.825000	2.971140
0.826000	3.061410
0.827000	3.421930
0.828000	3.512020
0.829000	3.782450
0.830000	3.962620
0.831000	3.872540
0.832000	3.782450
0.833000	4.683860
0.834000	3.692370
0.835000	4.323330
0.836000	3.872540
0.837000	3.331660
0.838000	3.602100
0.839000	3.962620
0.840000	3.331660
0.841000	2.881050
0.842000	3.602100
0.843000	2.790970
0.844000	2.790970
0.845000	2.610610
0.846000	2.069920
0.847000	2.250090
0.848000	1.168520
0.849000	1.078250
0.850000	0.447286
0.851000	0.807994
0.852000	0.357201
0.853000	0.447286
0.854000	-0.183677
0.855000	-0.453931
0.856000	-0.814640
0.857000	-1.355330
0.858000	-1.445420
0.859000	-1.806130
0.860000	-0.994809
0.861000	-1.715860
0.862000	-1.625770
0.863000	-1.535690
0.864000	-1.355330
0.865000	-1.625770
0.866000	-1.715860
0.867000	-1.265250
0.868000	-1.535690
0.869000	-1.445420
0.870000	-0.814640
0.871000	-0.634286
0.872000	-0.994809
0.873000	-1.445420
0.874000	-2.256730
0.875000	-2.977780
0.876000	-3.338310
0.877000	-3.518660
0.878000	-4.239710
0.879000	-5.141110
0.880000	-5.681990
0.881000	-6.132600
0.882000	-6.222680
0.883000	-6.042510
0.884000	-5.952430
0.885000	-6.673470
0.886000	-8.115570
0.887000	-8.656450
0.888000	-8.566360
0.889000	-8.746530
0.890000	-8.566360
0.891000	-8.295920
0.892000	-8.566360
0.893000	-9.016970
0.894000	-9.467760
0.895000	-9.377500
0.896000	-8.386010
0.897000	-8.205840
0.898000	-8.476090
0.899000	-8.386010
0.900000	-8.566360
0.901000	-8.746530
0.902000	-9.287410
0.903000	-9.738020
0.904000	-9.738020
0.905000	-10.008500
0.906000	-9.828290
0.907000	-10.188800
0.908000	-10.819800
0.909000	-10.999900
0.910000	-10.639400
0.911000	-10.459300
0.912000	-10.639400
0.913000	-11.180300
0.914000	-11.811300
0.915000	-11.991400
0.916000	-12.171800
0.917000	-12.081700
0.918000	-12.352100
0.919000	-12.622400
0.920000	-12.622400
0.921000	-12.712700
0.922000	-12.892800
0.923000	-12.892800
0.924000	-12.802700
0.925000	-13.163300
0.926000	-13.613900
0.927000	-13.523800
0.928000	-12.982900
0.929000	-12.712700
0.930000	-12.892800
0.931000	-12.982900
0.932000	-13.433700
0.933000	-13.523800
0.934000	-13.613900
0.935000	-13.794200
0.936000	-13.343600
0.937000	-13.163300
0.938000	-13.343600
0.939000	-13.704200
0.940000	-13.433700
0.941000	-13.613900
0.942000	-13.613900
0.943000	-13.884300
0.944000	-14.244800
0.945000	-14.966100
0.946000	-15.326600
0.947000	-15.416700
0.948000	-15.326600
0.949000	-15.146200
0.950000	-15.146200
0.951000	-15.326600
0.952000	-15.506800
0.953000	-15.597000
0.954000	-15.777200
0.955000	-15.416700
0.956000	-15.146200
0.957000	-15.506800
0.958000	-15.326600
0.959000	-13.433700
0.960000	-24.069799
0.961000	-24.610701
0.962000	-23.078300
0.963000	-20.915001
0.964000	-20.193899
0.965000	-21.095301
0.966000	-16.408199
0.967000	-15.146200
0.968000	-16.137699
0.969000	-15.326600
0.970000	-14.244800
0.971000	-13.163300
0.972000	-12.892800
0.973000	-13.613900
0.974000	-14.966100
0.975000	-16.678600
0.976000	-18.571501
0.977000	-18.841900
0.978000	-17.760201
0.979000	-15.687100
0.980000	-14.605600
0.981000	-14.785700
0.982000	-15.416700
0.983000	-14.966100
0.984000	-14.966100
0.985000	-14.515300
0.986000	-13.433700
0.987000	-13.163300
0.988000	-13.613900
0.989000	-14.785700
0.990000	-15.597000
0.991000	-16.498301
0.992000	-18.301100
0.993000	-18.571501
0.994000	-18.661600
0.995000	-18.841900
0.996000	-18.841900
0.997000	-18.481400
0.998000	-17.580000
0.999000	-17.670099
1.000000	-16.948999
1.001000	-16.228001
1.002000	-15.777200
1.003000	-15.326600
1.004000	-14.875800
1.005000	-14.244800
1.006000	-14.154800
1.007000	-14.695600
1.008000	-14.875800
1.009000	-15.146200
1.010000	-14.875800
1.011000	-14.785700
1.012000	-14.335100
1.013000	-14.154800
1.014000	-13.974600
1.015000	-13.974600
1.016000	-14.244800
1.017000	-14.605600
1.018000	-14.605600
1.019000	-14.515300
1.020000	-15.236500
1.021000	-15.777200
1.022000	-16.228001
1.023000	-17.580000
1.024000	-18.030600
1.025000	-18.120899
1.026000	-18.301100
1.027000	-18.391100
1.028000	-18.481400
1.029000	-18.211000
1.030000	-18.211000
1.031000	-18.030600
1.032000	-17.489901
1.033000	-16.768700
1.034000	-16.408199
1.035000	-16.137699
1.036000	-15.777200
1.037000	-15.506800
1.038000	-15.777200
1.039000	-16.137699
1.040000	-16.318100
1.041000	-16.318100
1.042000	-16.137699
1.043000	-15.777200
1.044000	-15.416700
1.045000	-15.236500
1.046000	-15.416700
1.047000	-15.146200
1.048000	-15.416700
1.049000	-15.326600
1.050000	-15.867300
1.051000	-16.318100
1.052000	-16.858999
1.053000	-17.399700
1.054000	-17.940500
1.055000	-18.030600
1.056000	-18.481400
1.057000	-18.301100
1.058000	-18.481400
1.059000	-18.481400
1.060000	-17.940500
1.061000	-17.580000
1.062000	-16.858999
1.063000	-16.498301
1.064000	-16.498301
1.065000	-16.408199
1.066000	-16.498301
1.067000	-16.137699
1.068000	-16.047600
1.069000	-15.416700
1.070000	-15.597000
1.071000	-15.867300
1.072000	-15.506800
1.073000	-14.875800
1.074000	-14.605600
1.075000	-14.335100
1.076000	-14.064700
1.077000	-13.884300
1.078000	-14.335100
1.079000	-14.335100
1.080000	-14.244800
1.081000	-14.244800
1.082000	-14.064700
1.083000	-13.704200
1.084000	-13.704200
1.085000	-13.884300
1.086000	-14.154800
1.087000	-14.244800
1.088000	-14.064700
1.089000	-14.064700
1.090000	-13.613900
1.091000	-13.613900
1.092000	-13.704200
1.093000	-13.884300
1.094000	-13.704200
1.095000	-13.704200
1.096000	-13.613900
1.097000	-13.343600
1.098000	-12.892800
1.099000	-12.712700
1.100000	-12.261900
1.101000	-11.901300
1.102000	-11.901300
1.103000	-12.081700
1.104000	-12.171800
1.105000	-11.901300
1.106000	-11.540800
1.107000	-11.360500
1.108000	-11.270400
1.109000	-11.180300
1.110000	-11.270400
1.111000	-11.090200
1.112000	-11.180300
1.113000	-10.819800
1.114000	-10.909900
1.115000	-11.090200
1.116000	-11.180300
1.117000	-11.090200
1.118000	-10.909900
1.119000	-10.909900
1.120000	-10.729500
1.121000	-10.639400
1.122000	-10.999900
1.123000	-10.999900
1.124000	-10.729500
1.125000	-10.729500
1.126000	-10.369000
1.127000	-10.369000
1.128000	-10.369000
1.129000	-10.369000
1.130000	-10.369000
1.131000	-9.918370
1.132000	-10.008500
1.133000	-9.918370
1.134000	-10.188800
1.135000	-9.918370
1.136000	-9.107060
1.137000	-8.836800
1.138000	-8.746530
1.139000	-8.476090
1.140000	-8.566360
1.141000	-8.476090
1.142000	-8.205840
1.143000	-7.845130
1.144000	-7.214170
1.145000	-7.034000
1.146000	-6.493120
1.147000	-6.042510
1.148000	-5.591720
1.149000	-5.321460
1.150000	-4.780590
1.151000	-4.870670
1.152000	-4.329790
1.153000	-4.059540
1.154000	-3.608750
1.155000	-3.338310
1.156000	-2.617260
1.157000	-2.617260
1.158000	-2.076380
1.159000	-1.715860
1.160000	-1.625770
1.161000	-1.625770
1.162000	-0.904725
1.163000	-1.355330
1.164000	-1.084890
1.165000	-1.445420
1.166000	-1.445420
1.167000	-1.986300
1.168000	-3.879180
1.169000	-3.699010
1.170000	-4.960760
1.171000	-4.870670
1.172000	-5.051030
1.173000	-6.042510
1.174000	-5.501630
1.175000	-5.681990
1.176000	-4.780590
1.177000	-3.789100
1.178000	-3.068050
1.179000	-1.986300
1.180000	-2.166650
1.181000	-2.977780
1.182000	-3.248220
1.183000	-3.068050
1.184000	-2.527170
1.185000	-1.986300
1.186000	-2.166650
1.187000	-2.076380
1.188000	-2.437090
1.189000	-1.896210
1.190000	-1.986300
1.191000	-1.625770
1.192000	-1.896210
1.193000	-1.445420
1.194000	-1.175160
1.195000	-0.904725
1.196000	-1.355330
1.197000	-1.445420
1.198000	-1.445420
1.199000	-1.445420
1.200000	-1.175160
1.201000	-1.175160
1.202000	-1.175160
1.203000	-1.355330
1.204000	-1.265250
1.205000	-1.175160
1.206000	-0.814640
1.207000	-0.904725
1.208000	-0.994809
1.209000	-1.265250
1.210000	-1.355330
1.211000	-0.994809
1.212000	-0.363847
1.213000	0.447286
1.214000	0.267116
1.215000	0.267116
1.216000	0.177031
1.217000	0.988164
1.218000	1.168520
1.219000	1.889570
1.220000	1.799480
1.221000	1.889570
1.222000	1.799480
1.223000	2.160000
1.224000	2.520530
1.225000	2.700700
1.226000	2.430440
1.227000	2.340170
1.228000	2.069920
1.229000	2.700700
1.230000	2.610610
1.231000	3.331660
1.232000	2.881050
1.233000	2.881050
1.234000	2.700700
1.235000	2.971140
1.236000	2.971140
1.237000	3.241580
1.238000	3.061410
1.239000	3.241580
1.240000	3.331660
1.241000	3.602100
1.242000	3.602100
1.243000	4.233060
1.244000	4.773940
1.245000	5.224550
1.246000	5.585070
1.247000	5.855510
1.248000	6.306310
1.249000	6.396390
1.250000	6.576740
1.251000	6.576740
1.252000	7.027350
1.253000	7.117440
1.254000	7.117440
1.255000	7.477960
1.256000	7.568230
1.257000	7.477960
1.258000	7.658320
1.259000	7.748400
1.260000	7.928750
1.261000	7.928750
1.262000	7.838670
1.263000	7.928750
1.264000	7.748400
1.265000	7.207710
1.266000	7.027350
1.267000	6.937270
1.268000	6.937270
1.269000	6.937270
1.270000	7.387880
1.271000	7.477960
1.272000	7.297790
1.273000	7.387880
1.274000	7.477960
1.275000	7.658320
1.276000	7.838670
1.277000	7.928750
1.278000	7.658320
1.279000	7.207710
1.280000	7.297790
1.281000	7.477960
1.282000	8.018840
1.283000	8.108920
1.284000	8.469450
1.285000	8.199190
1.286000	8.289280
1.287000	8.199190
1.288000	8.469450
1.289000	8.469450
1.290000	8.739890
1.291000	8.469450
1.292000	8.830160
1.293000	8.830160
1.294000	9.100410
1.295000	8.649800
1.296000	8.469450
1.297000	8.379360
1.298000	8.379360
1.299000	8.289280
1.300000	8.739890
1.301000	9.010330
1.302000	9.010330
1.303000	9.100410
1.304000	8.739890
1.305000	8.559720
1.306000	8.469450
1.307000	8.739890
1.308000	8.920240
1.309000	8.739890
1.310000	8.920240
1.311000	9.100410
1.312000	9.190680
1.313000	9.190680
1.314000	9.461120
1.315000	9.461120
1.316000	9.731370
1.317000	9.370850
1.318000	9.821640
1.319000	9.911730
1.320000	9.821640
1.321000	10.092100
1.322000	9.551200
1.323000	9.280770
1.324000	9.280770
1.325000	9.100410
1.326000	9.100410
1.327000	8.920240
1.328000	8.559720
1.329000	8.739890
1.330000	8.379360
1.331000	8.649800
1.332000	8.289280
1.333000	8.379360
1.334000	8.108920
1.335000	8.199190
1.336000	8.018840
1.337000	8.289280
1.338000	7.838670
1.339000	8.108920
1.340000	7.838670
1.341000	8.108920
1.342000	8.018840
1.343000	8.199190
1.344000	7.748400
1.345000	8.018840
1.346000	7.658320
1.347000	8.108920
1.348000	8.199190
1.349000	8.289280
1.350000	8.289280
1.351000	8.289280
1.352000	8.289280
1.353000	8.469450
1.354000	8.830160
1.355000	8.649800
1.356000	8.649800
1.357000	7.928750
1.358000	7.477960
1.359000	7.297790
1.360000	7.387880
1.361000	7.207710
1.362000	7.207710
1.363000	7.027350
1.364000	7.027350
1.365000	6.937270
1.366000	6.937270
1.367000	7.117440
1.368000	7.297790
1.369000	7.027350
1.370000	7.207710
1.371000	6.847000
1.372000	6.756910
1.373000	6.576740
1.374000	6.396390
1.375000	6.125950
1.376000	5.675340
1.377000	5.765430
1.378000	5.494990
1.379000	5.945780
1.380000	5.494990
1.381000	6.125950
1.382000	5.765430
1.383000	6.125950
1.384000	5.765430
1.385000	6.216040
1.386000	6.035870
1.387000	6.306310
1.388000	5.765430
1.389000	5.675340
1.390000	5.314820
1.391000	5.314820
1.392000	5.404900
1.393000	5.314820
1.394000	5.044380
1.395000	4.773940
1.396000	4.773940
1.397000	4.413420
1.398000	4.593590
1.399000	4.503500
1.400000	4.413420
1.401000	4.503500
1.402000	4.233060
1.403000	4.233060
1.404000	4.233060
1.405000	4.052890
1.406000	4.052890
1.407000	3.962620
1.408000	3.962620
1.409000	4.233060
1.410000	4.323330
1.411000	4.142980
1.412000	4.233060
1.413000	4.142980
1.414000	4.142980
1.415000	4.323330
1.416000	4.413420
1.417000	4.503500
1.418000	4.593590
1.419000	4.503500
1.420000	4.683860
1.421000	4.413420
1.422000	4.413420
1.423000	4.323330
1.424000	4.413420
1.425000	4.503500
1.426000	4.773940
1.427000	4.773940
1.428000	4.683860
1.429000	4.323330
1.430000	4.142980
1.431000	4.142980
1.432000	3.692370
1.433000	3.962620
1.434000	3.962620
1.435000	3.962620
1.436000	3.692370
1.437000	3.512020
1.438000	3.512020
1.439000	3.241580
1.440000	3.602100
1.441000	3.782450
1.442000	3.602100
1.443000	3.602100
1.444000	2.881050
1.445000	2.610610
1.446000	2.700700
1.447000	2.340170
1.448000	2.881050
1.449000	3.061410
1.450000	2.971140
1.451000	3.151490
1.452000	2.700700
1.453000	2.700700
1.454000	2.610610
1.455000	2.340170
1.456000	2.520530
1.457000	2.430440
1.458000	2.520530
1.459000	2.520530
1.460000	2.160000
1.461000	1.709210
1.462000	1.258600
1.463000	0.807994
1.464000	1.078250
1.465000	0.807994
1.466000	1.168520
1.467000	1.348690
1.468000	1.258600
1.469000	1.168520
1.470000	0.717725
1.471000	0.807994
1.472000	0.627640
1.473000	0.267116
1.474000	0.537555
1.475000	0.086762
1.476000	0.086762
1.477000	-0.093408
1.478000	-0.273762
1.479000	-0.183677
1.480000	-0.363847
1.481000	-0.544201
1.482000	-0.453931
1.483000	-0.273762
1.484000	-0.273762
1.485000	-0.363847
1.486000	-0.634286
1.487000	-0.814640
1.488000	-1.175160
1.489000	-0.904725
1.490000	-1.355330
1.491000	-1.445420
1.492000	-0.453931
1.493000	-0.363847
1.494000	-0.814640
1.495000	-1.806130
1.496000	-1.896210
1.497000	-1.896210
1.498000	-1.355330
1.499000	-1.445420
1.500000	-1.806130
1.501000	-2.166650
1.502000	-2.797610
1.503000	-2.617260
1.504000	-2.437090
1.505000	-2.256730
1.506000	-2.437090
1.507000	-2.527170
1.508000	-2.617260
1.509000	-2.707340
1.510000	-2.977780
1.511000	-2.887700
1.512000	-3.338310
1.513000	-3.699010
1.514000	-3.338310
1.515000	-3.068050
1.516000	-2.797610
1.517000	-2.887700
1.518000	-2.977780
1.519000	-3.338310
1.520000	-3.969270
1.521000	-3.518660
1.522000	-3.518660
1.523000	-3.158140
1.524000	-2.977780
1.525000	-3.158140
1.526000	-3.428580
1.527000	-3.608750
1.528000	-4.059540
1.529000	-3.879180
1.530000	-4.239710
1.531000	-3.969270
1.532000	-2.977780
1.533000	-2.977780
1.534000	-2.887700
1.535000	-3.879180
1.536000	-4.870670
1.537000	-5.141110
1.538000	-4.870670
1.539000	-4.780590
1.540000	-4.510150
1.541000	-4.690500
1.542000	-5.051030
1.543000	-4.780590
1.544000	-4.600230
1.545000	-3.879180
1.546000	-3.879180
1.547000	-3.699010
1.548000	-3.789100
1.549000	-4.059540
1.550000	-4.329790
1.551000	-4.239710
1.552000	-4.239710
1.553000	-4.149620
1.554000	-4.420060
1.555000	-4.600230
1.556000	-4.600230
1.557000	-4.780590
1.558000	-4.690500
1.559000	-4.780590
1.560000	-4.780590
1.561000	-4.329790
1.562000	-4.239710
1.563000	-3.789100
1.564000	-3.699010
1.565000	-3.879180
1.566000	-3.699010
1.567000	-3.969270
1.568000	-4.239710
1.569000	-4.600230
1.570000	-4.960760
1.571000	-4.870670
1.572000	-4.780590
1.573000	-4.690500
1.574000	-4.510150
1.575000	-4.780590
1.576000	-5.141110
1.577000	-5.321460
1.578000	-5.321460
1.579000	-5.051030
1.580000	-4.600230
1.581000	-4.329790
1.582000	-4.329790
1.583000	-4.329790
1.584000	-4.510150
1.585000	-4.690500
1.586000	-4.690500
1.587000	-4.600230
1.588000	-4.600230
1.589000	-4.510150
1.590000	-4.510150
1.591000	-4.600230
1.592000	-4.690500
1.593000	-4.780590
1.594000	-4.690500
1.595000	-4.420060
1.596000	-4.239710
1.597000	-4.239710
1.598000	-4.510150
1.599000	-4.600230
1.600000	-4.780590
1.601000	-4.600230
1.602000	-4.239710
1.603000	-4.059540
1.604000	-3.969270
1.605000	-4.059540
1.606000	-4.420060
1.607000	-4.510150
1.608000	-4.510150
1.609000	-4.600230
1.610000	-4.510150
1.611000	-4.600230
1.612000	-4.510150
1.613000	-4.420060
1.614000	-4.420060
1.615000	-4.510150
1.616000	-4.690500
1.617000	-4.780590
1.618000	-4.600230
1.619000	-4.600230
1.620000	-4.329790
1.621000	-4.239710
1.622000	-4.690500
1.623000	-4.690500
1.624000	-4.960760
1.625000	-4.960760
1.626000	-4.960760
1.627000	-4.780590
1.628000	-4.690500
1.629000	-4.420060
1.630000	-4.690500
1.631000	-4.960760
1.632000	-5.051030
1.633000	-5.051030
1.634000	-4.960760
1.635000	-4.780590
1.636000	-4.870670
1.637000	-4.960760
1.638000	-5.411550
1.639000	-5.501630
1.640000	-5.501630
1.641000	-5.501630
1.642000	-5.411550
1.643000	-5.501630
1.644000	-5.591720
1.645000	-5.591720
1.646000	-5.681990
1.647000	-5.681990
1.648000	-5.772070
1.649000	-5.772070
1.650000	-5.591720
1.651000	-5.501630
1.652000	-5.411550
1.653000	-5.501630
1.654000	-5.501630
1.655000	-5.591720
1.656000	-5.681990
1.657000	-5.591720
1.658000	-5.591720
1.659000	-5.321460
1.660000	-5.141110
1.661000	-5.051030
1.662000	-5.231190
1.663000	-5.321460
1.664000	-5.411550
1.665000	-5.411550
1.666000	-5.051030
1.667000	-4.960760
1.668000	-4.960760
1.669000	-4.960760
1.670000	-5.141110
1.671000	-5.051030
1.672000	-4.960760
1.673000	-5.051030
1.674000	-4.960760
1.675000	-5.141110
1.676000	-5.231190
1.677000	-5.141110
1.678000	-5.051030
1.679000	-5.141110
1.680000	-4.960760
1.681000	-5.051030
1.682000	-5.141110
1.683000	-5.231190
1.684000	-5.051030
1.685000	-5.141110
1.686000	-4.870670
1.687000	-4.870670
1.688000	-4.870670
1.689000	-4.780590
1.690000	-4.690500
1.691000	-4.600230
1.692000	-4.600230
1.693000	-4.420060
1.694000	-4.329790
1.695000	-4.329790
1.696000	-4.329790
1.697000	-4.329790
1.698000	-4.149620
1.699000	-3.879180
1.700000	-3.879180
1.701000	-3.879180
1.702000	-3.969270
1.703000	-4.059540
1.704000	-3.969270
1.705000	-3.969270
1.706000	-3.879180
1.707000	-3.699010
1.708000	-3.879180
1.709000	-3.969270
1.710000	-3.789100
1.711000	-3.608750
1.712000	-3.608750
1.713000	-3.518660
1.714000	-3.428580
1.715000	-3.608750
1.716000	-3.699010
1.717000	-3.338310
1.718000	-3.248220
1.719000	-3.068050
1.720000	-3.158140
1.721000	-3.158140
1.722000	-3.158140
1.723000	-2.977780
1.724000	-2.707340
1.725000	-2.707340
1.726000	-2.617260
1.727000	-2.707340
1.728000	-2.707340
1.729000	-2.797610
1.730000	-2.707340
1.731000	-2.617260
1.732000	-2.527170
1.733000	-2.437090
1.734000	-2.617260
1.735000	-2.527170
1.736000	-2.707340
1.737000	-2.707340
1.738000	-2.617260
1.739000	-2.617260
1.740000	-2.797610
1.741000	-2.707340
1.742000	-2.617260
1.743000	-2.617260
1.744000	-2.617260
1.745000	-2.617260
1.746000	-2.797610
1.747000	-2.977780
1.748000	-2.887700
1.749000	-2.617260
1.750000	-2.617260
1.751000	-2.437090
1.752000	-2.527170
1.753000	-2.707340
1.754000	-2.797610
1.755000	-2.707340
1.756000	-2.707340
1.757000	-2.707340
1.758000	-2.797610
1.759000	-2.977780
1.760000	-3.068050
1.761000	-3.068050
1.762000	-2.887700
1.763000	-2.887700
1.764000	-2.797610
1.765000	-2.977780
1.766000	-2.977780
1.767000	-2.887700
1.768000	-2.797610
1.769000	-2.797610
1.770000	-2.797610
1.771000	-2.797610
1.772000	-2.797610
1.773000	-2.797610
1.774000	-2.707340
1.775000	-2.617260
1.776000	-2.527170
1.777000	-2.527170
1.778000	-2.707340
1.779000	-2.797610
1.780000	-2.617260
1.781000	-2.617260
1.782000	-2.437090
1.783000	-2.437090
1.784000	-2.437090
1.785000	-2.527170
1.786000	-2.707340
1.787000	-2.707340
1.788000	-2.887700
1.789000	-2.887700
1.790000	-2.797610
1.791000	-2.617260
1.792000	-2.617260
1.793000	-2.527170
1.794000	-2.437090
1.795000	-2.527170
1.796000	-2.707340
1.797000	-2.887700
1.798000	-3.068050
1.799000	-2.797610
1.800000	-2.617260
1.801000	-2.346820
1.802000	-2.346820
1.803000	-2.437090
1.804000	-2.707340
1.805000	-2.707340
1.806000	-2.707340
1.807000	-2.617260
1.808000	-2.437090
1.809000	-2.256730
1.810000	-2.527170
1.811000	-2.437090
1.812000	-2.527170
1.813000	-2.437090
1.814000	-2.437090
1.815000	-2.437090
1.816000	-2.346820
1.817000	-2.256730
1.818000	-2.346820
1.819000	-2.256730
1.820000	-2.346820
1.821000	-2.437090
1.822000	-2.256730
1.823000	-2.256730
1.824000	-2.166650
1.825000	-2.166650
1.826000	-2.256730
1.827000	-2.256730
1.828000	-2.527170
1.829000	-2.437090
1.830000	-2.166650
1.831000	-2.076380
1.832000	-1.986300
1.833000	-1.806130
1.834000	-1.806130
1.835000	-1.896210
1.836000	-1.896210
1.837000	-1.986300
1.838000	-1.715860
1.839000	-1.535690
1.840000	-1.355330
1.841000	-1.265250
1.842000	-1.265250
1.843000	-1.175160
1.844000	-1.265250
1.845000	-1.355330
1.846000	-1.084890
1.847000	-0.904725
1.848000	-0.994809
1.849000	-0.994809
1.850000	-0.904725
1.851000	-0.904725
1.852000	-1.175160
1.853000	-1.175160
1.854000	-1.265250
1.855000	-1.265250
1.856000	-1.175160
1.857000	-1.355330
1.858000	-1.265250
1.859000	-1.175160
1.860000	-1.175160
1.861000	-1.265250
1.862000	-1.084890
1.863000	-0.994809
1.864000	-0.994809
1.865000	-1.265250
1.866000	-1.265250
1.867000	-1.265250
1.868000	-1.175160
1.869000	-0.994809
1.870000	-0.994809
1.871000	-0.814640
1.872000	-0.634286
1.873000	-0.724370
1.874000	-0.994809
1.875000	-0.994809
1.876000	-0.904725
1.877000	-0.814640
1.878000	-0.724370
1.879000	-0.544201
1.880000	-0.994809
1.881000	-0.904725
1.882000	-0.904725
1.883000	-0.904725
1.884000	-0.814640
1.885000	-0.994809
1.886000	-0.994809
1.887000	-0.904725
1.888000	-0.904725
1.889000	-1.175160
1.890000	-0.994809
1.891000	-1.084890
1.892000	-1.175160
1.893000	-1.175160
1.894000	-1.445420
1.895000	-1.265250
1.896000	-1.175160
1.897000	-1.175160
1.898000	-1.175160
1.899000	-1.175160
1.900000	-1.265250
1.901000	-1.175160
1.902000	-0.994809
1.903000	-1.084890
1.904000	-0.994809
1.905000	-1.175160
1.906000	-0.994809
1.907000	-1.084890
1.908000	-1.175160
1.909000	-1.175160
1.910000	-1.175160
1.911000	-1.084890
1.912000	-1.084890
1.913000	-1.175160
1.914000	-1.175160
1.915000	-1.355330
1.916000	-1.265250
1.917000	-1.445420
1.918000	-1.175160
1.919000	-1.265250
1.920000	-1.535690
1.921000	-1.535690
1.922000	-1.625770
1.923000	-1.896210
1.924000	-1.806130
1.925000	-2.076380
1.926000	-2.166650
1.927000	-2.256730
1.928000	-2.076380
1.929000	-2.166650
1.930000	-2.346820
1.931000	-2.166650
1.932000	-2.256730
1.933000	-2.256730
1.934000	-2.166650
1.935000	-2.076380
1.936000	-1.896210
1.937000	-1.986300
1.938000	-2.076380
1.939000	-1.986300
1.940000	-1.896210
1.941000	-1.806130
1.942000	-1.896210
1.943000	-2.076380
1.944000	-1.806130
1.945000	-1.806130
1.946000	-1.806130
1.947000	-1.625770
1.948000	-1.715860
1.949000	-1.806130
1.950000	-1.715860
1.951000	-1.625770
1.952000	-1.625770
1.953000	-1.535690
1.954000	-1.535690
1.955000	-1.625770
1.956000	-1.806130
1.957000	-1.896210
1.958000	-1.715860
1.959000	-1.896210
1.960000	-1.806130
1.961000	-1.896210
1.962000	-1.806130
1.963000	-1.715860
1.964000	-1.715860
1.965000	-1.715860
1.966000	-1.535690
1.967000	-1.535690
1.968000	-1.625770
1.969000	-1.625770
1.970000	-1.625770
1.971000	-1.715860
1.972000	-1.535690
1.973000	-1.445420
1.974000	-1.445420
1.975000	-1.445420
1.976000	-1.445420
1.977000	-1.445420
1.978000	-1.445420
1.979000	-1.355330
1.980000	-1.265250
1.981000	-1.265250
1.982000	-1.355330
1.983000	-1.355330
1.984000	-1.355330
1.985000	-1.084890
1.986000	-1.084890
1.987000	-1.175160
1.988000	-1.175160
1.989000	-1.175160
1.990000	-1.265250
1.991000	-1.175160
1.992000	-1.265250
1.993000	-1.175160
1.994000	-1.175160
1.995000	-1.175160
1.996000	-1.084890
1.997000	-1.084890
1.998000	-1.084890
1.999000	-1.084890
2.000000	-1.084890
2.001000	-1.084890
2.002000	-1.175160
2.003000	-0.994809
2.004000	-0.994809
2.005000	-1.084890
2.006000	-0.994809
2.007000	-1.084890
2.008000	-0.994809
2.009000	-1.084890
2.010000	-0.904725
2.011000	-0.904725
2.012000	-0.994809
2.013000	-0.814640
2.014000	-0.724370
2.015000	-0.994809
2.016000	-0.904725
2.017000	-0.904725
2.018000	-0.814640
2.019000	-0.814640
2.020000	-0.814640
2.021000	-0.994809
2.022000	-0.814640
2.023000	-0.904725
2.024000	-0.904725
2.025000	-0.904725
2.026000	-0.904725
2.027000	-0.904725
2.028000	-0.994809
2.029000	-0.994809
2.030000	-0.904725
2.031000	-0.904725
2.032000	-0.994809
2.033000	-0.814640
2.034000	-0.994809
2.035000	-0.994809
2.036000	-1.084890
2.037000	-1.084890
2.038000	-1.084890
2.039000	-1.175160
2.040000	-1.175160
2.041000	-1.265250
2.042000	-1.355330
2.043000	-1.355330
2.044000	-1.265250
2.045000	-1.355330
2.046000	-1.355330
2.047000	-1.265250
2.048000	-1.265250
2.049000	-1.265250
2.050000	-1.265250
2.051000	-1.084890
2.052000	-1.175160
2.053000	-1.175160
2.054000	-1.175160
2.055000	-1.175160
2.056000	-1.175160
2.057000	-1.175160
2.058000	-1.175160
2.059000	-1.175160
2.060000	-1.265250
2.061000	-1.265250
2.062000	-1.355330
2.063000	-1.175160
2.064000	-1.175160
2.065000	-1.355330
2.066000	-1.265250
2.067000	-1.265250
2.068000	-1.084890
2.069000	-1.265250
2.070000	-1.355330
2.071000	-1.265250
2.072000	-1.355330
2.073000	-1.355330
2.074000	-1.445420
2.075000	-1.445420
2.076000	-1.355330
2.077000	-1.265250
2.078000	-1.355330
2.079000	-1.445420
2.080000	-1.084890
2.081000	-1.175160
2.082000	-1.265250
2.083000	-1.175160
2.084000	-1.265250
2.085000	-1.265250
2.086000	-1.355330
2.087000	-1.355330
2.088000	-1.445420
2.089000	-1.445420
2.090000	-1.445420
2.091000	-1.355330
2.092000	-1.625770
2.093000	-1.625770
2.094000	-1.806130
2.095000	-1.715860
2.096000	-1.715860
2.097000	-1.715860
2.098000	-1.715860
2.099000	-1.806130
2.100000	-1.625770
2.101000	-1.806130
2.102000	-1.625770
2.103000	-1.715860
2.104000	-1.625770
2.105000	-1.715860
2.106000	-1.715860
2.107000	-1.715860
2.108000	-1.896210
2.109000	-1.986300
2.110000	-1.986300
2.111000	-1.896210
2.112000	-1.715860
2.113000	-1.806130
2.114000	-1.715860
2.115000	-1.896210
2.116000	-1.715860
2.117000	-1.715860
2.118000	-1.625770
2.119000	-1.445420
2.120000	-1.535690
2.121000	-1.535690
2.122000	-1.625770
2.123000	-1.625770
2.124000	-1.625770
2.125000	-1.535690
2.126000	-1.715860
2.127000	-1.625770
2.128000	-1.806130
2.129000	-1.625770
2.130000	-1.445420
2.131000	-1.715860
2.132000	-1.715860
2.133000	-1.625770
2.134000	-1.625770
2.135000	-1.535690
2.136000	-1.625770
2.137000	-1.806130
2.138000	-1.535690
2.139000	-1.535690
2.140000	-1.445420
2.141000	-1.625770
2.142000	-1.265250
2.143000	-1.445420
2.144000	-1.355330
2.145000	-1.445420
2.146000	-1.445420
2.147000	-1.265250
2.148000	-1.265250
2.149000	-1.355330
2.150000	-1.355330
2.151000	-1.265250
2.152000	-1.355330
2.153000	-1.355330
2.154000	-1.445420
2.155000	-1.265250
2.156000	-1.175160
2.157000	-1.265250
2.158000	-1.175160
2.159000	-1.175160
2.160000	-1.175160
2.161000	-1.084890
2.162000	-1.175160
2.163000	-1.175160
2.164000	-1.175160
2.165000	-1.265250
2.166000	-1.175160
2.167000	-1.175160
2.168000	-1.084890
2.169000	-1.265250
2.170000	-1.175160
2.171000	-1.175160
2.172000	-1.175160
2.173000	-1.175160
2.174000	-1.175160
2.175000	-0.994809
2.176000	-0.994809
2.177000	-1.084890
2.178000	-0.904725
2.179000	-0.904725
2.180000	-0.994809
2.181000	-0.994809
2.182000	-0.904725
2.183000	-0.904725
2.184000	-0.994809
2.185000	-0.904725
2.186000	-0.904725
2.187000	-0.904725
2.188000	-0.904725
2.189000	-0.994809
2.190000	-1.084890
2.191000	-0.994809
2.192000	-1.084890
2.193000	-1.084890
2.194000	-0.904725
2.195000	-0.814640
2.196000	-1.084890
2.197000	-0.994809
2.198000	-1.084890
2.199000	-1.175160
2.200000	-1.084890
2.201000	-0.994809
2.202000	-1.175160
2.203000	-1.265250
2.204000	-1.265250
2.205000	-1.265250
2.206000	-1.175160
2.207000	-1.265250
2.208000	-1.175160
2.209000	-1.175160
2.210000	-1.175160
2.211000	-1.175160
2.212000	-1.355330
2.213000	-1.175160
2.214000	-1.265250
2.215000	-1.355330
2.216000	-1.175160
2.217000	-1.175160
2.218000	-1.265250
2.219000	-1.355330
2.220000	-1.265250
2.221000	-1.355330
2.222000	-1.265250
2.223000	-1.175160
2.224000	-1.265250
2.225000	-1.355330
2.226000	-1.355330
2.227000	-1.355330
2.228000	-1.445420
2.229000	-1.355330
2.230000	-1.265250
2.231000	-1.175160
2.232000	-1.265250
2.233000	-1.175160
2.234000	-1.355330
2.235000	-1.355330
2.236000	-1.445420
2.237000	-1.445420
2.238000	-1.445420
2.239000	-1.445420
2.240000	-1.355330
2.241000	-1.355330
2.242000	-1.445420
2.243000	-1.535690
2.244000	-1.535690
2.245000	-1.625770
2.246000	-1.625770
2.247000	-1.806130
2.248000	-1.355330
2.249000	-1.355330
2.250000	-1.445420
2.251000	-1.355330
2.252000	-1.535690
2.253000	-1.535690
2.254000	-1.806130
2.255000	-1.715860
2.256000	-1.715860
2.257000	-1.625770
2.258000	-1.806130
2.259000	-1.715860
2.260000	-1.715860
2.261000	-1.715860
2.262000	-1.625770
2.263000	-1.625770
2.264000	-1.715860
2.265000	-1.715860
2.266000	-1.535690
2.267000	-1.535690
2.268000	-1.625770
2.269000	-1.715860
2.270000	-1.715860
2.271000	-1.806130
2.272000	-1.715860
2.273000	-1.715860
2.274000	-1.715860
2.275000	-1.986300
2.276000	-1.986300
2.277000	-1.896210
2.278000	-1.896210
2.279000	-1.806130
2.280000	-1.806130
2.281000	-1.625770
2.282000	-1.535690
2.283000	-1.625770
2.284000	-1.715860
2.285000	-1.806130
2.286000	-1.715860
2.287000	-1.535690
2.288000	-1.625770
2.289000	-1.535690
2.290000	-1.535690
2.291000	-1.625770
2.292000	-1.445420
2.293000	-1.535690
2.294000	-1.535690
2.295000	-1.445420
2.296000	-1.715860
2.297000	-1.535690
2.298000	-1.535690
2.299000	-1.355330
2.300000	-1.445420
2.301000	-1.445420
2.302000	-1.535690
2.303000	-1.625770
2.304000	-1.535690
2.305000	-1.535690
2.306000	-1.625770
2.307000	-1.625770
2.308000	-1.715860
2.309000	-1.535690
2.310000	-1.625770
2.311000	-1.625770
2.312000	-1.535690
2.313000	-1.535690
2.314000	-1.535690
2.315000	-1.625770
2.316000	-1.535690
2.317000	-1.355330
2.318000	-1.265250
2.319000	-1.355330
2.320000	-1.355330
2.321000	-1.265250
2.322000	-1.265250
2.323000	-1.175160
2.324000	-1.265250
2.325000	-1.175160
2.326000	-1.175160
2.327000	-1.175160
2.328000	-1.175160
2.329000	-1.084890
2.330000	-0.994809
2.331000	-0.904725
2.332000	-0.994809
2.333000	-1.084890
2.334000	-0.994809
2.335000	-1.084890
2.336000	-0.994809
2.337000	-0.904725
2.338000	-0.814640
2.339000	-0.994809
2.340000	-0.994809
2.341000	-1.084890
2.342000	-1.084890
2.343000	-1.175160
2.344000	-1.175160
2.345000	-1.175160
2.346000	-1.084890
2.347000	-0.904725
2.348000	-1.084890
2.349000	-1.175160
2.350000	-1.265250
2.351000	-1.084890
2.352000	-1.084890
2.353000	-0.904725
2.354000	-1.175160
2.355000	-1.084890
2.356000	-1.084890
2.357000	-0.994809
2.358000	-0.994809
2.359000	-1.084890
2.360000	-0.994809
2.361000	-1.084890
2.362000	-0.994809
2.363000	-1.084890
2.364000	-1.084890
2.365000	-1.175160
2.366000	-1.084890
2.367000	-0.904725
2.368000	-0.994809
2.369000	-0.994809
2.370000	-0.994809
2.371000	-1.175160
2.372000	-1.175160
2.373000	-1.175160
2.374000	-1.175160
2.375000	-1.084890
2.376000	-1.355330
2.377000	-1.355330
2.378000	-1.265250
2.379000	-1.355330
2.380000	-1.355330
2.381000	-1.355330
2.382000	-1.445420
2.383000	-1.355330
2.384000	-1.445420
2.385000	-1.355330
2.386000	-1.445420
2.387000	-1.355330
2.388000	-1.445420
2.389000	-1.355330
2.390000	-1.445420
2.391000	-1.265250
2.392000	-1.445420
2.393000	-1.535690
2.394000	-1.445420
2.395000	-1.535690
2.396000	-1.535690
2.397000	-1.535690
2.398000	-1.445420
2.399000	-1.445420
2.400000	-1.535690
2.401000	-1.355330
2.402000	-1.445420
2.403000	-1.535690
2.404000	-1.625770
2.405000	-1.625770
2.406000	-1.715860
2.407000	-1.625770
2.408000	-1.625770
2.409000	-1.625770
2.410000	-1.715860
2.411000	-1.806130
2.412000	-1.896210
2.413000	-1.806130
2.414000	-1.625770
2.415000	-1.806130
2.416000	-1.715860
2.417000	-1.715860
2.418000	-1.806130
2.419000	-1.896210
2.420000	-1.896210
2.421000	-1.715860
2.422000	-1.806130
2.423000	-1.896210
2.424000	-1.896210
2.425000	-1.896210
2.426000	-1.986300
2.427000	-1.896210
2.428000	-1.806130
2.429000	-1.896210
2.430000	-1.806130
2.431000	-1.806130
2.432000	-1.896210
2.433000	-1.896210
2.434000	-1.806130
2.435000	-1.715860
2.436000	-1.715860
2.437000	-1.715860
2.438000	-1.625770
2.439000	-1.806130
2.440000	-1.535690
2.441000	-1.625770
2.442000	-1.625770
2.443000	-1.625770
2.444000	-1.535690
2.445000	-1.535690
2.446000	-1.535690
2.447000	-1.535690
2.448000	-1.535690
2.449000	-1.715860
2.450000	-1.625770
2.451000	-1.715860
2.452000	-1.715860
2.453000	-1.715860
2.454000	-1.625770
2.455000	-1.715860
2.456000	-1.715860
2.457000	-1.625770
2.458000	-1.625770
2.459000	-1.535690
2.460000	-1.625770
2.461000	-1.625770
2.462000	-1.445420
2.463000	-1.355330
2.464000	-1.265250
2.465000	-1.265250
2.466000	-1.265250
2.467000	-1.175160
2.468000	-1.084890
2.469000	-1.084890
2.470000	-0.994809
2.471000	-1.175160
2.472000	-1.175160
2.473000	-1.265250
2.474000	-1.175160
2.475000	-1.265250
2.476000	-0.994809
2.477000	-0.994809
2.478000	-1.175160
2.479000	-1.175160
2.480000	-1.265250
2.481000	-1.265250
2.482000	-1.355330
2.483000	-1.175160
2.484000	-1.355330
2.485000	-1.265250
2.486000	-1.445420
2.487000	-1.265250
2.488000	-1.175160
2.489000	-1.265250
2.490000	-1.265250
2.491000	-1.355330
2.492000	-1.355330
2.493000	-1.355330
2.494000	-1.265250
2.495000	-0.994809
2.496000	-0.994809
2.497000	-0.994809
2.498000	-1.084890
2.499000	-1.084890
2.500000	-1.175160
2.501000	-1.175160
2.502000	-1.175160
2.503000	-1.265250
2.504000	-1.175160
2.505000	-1.175160
2.506000	-1.084890
2.507000	-1.084890
2.508000	-1.175160
2.509000	-1.265250
2.510000	-1.355330
2.511000	-1.265250
2.512000	-1.175160
2.513000	-1.265250
2.514000	-1.265250
2.515000	-1.175160
2.516000	-1.175160
2.517000	-1.265250
2.518000	-1.265250
2.519000	-1.355330
2.520000	-1.265250
2.521000	-1.445420
2.522000	-1.265250
2.523000	-1.355330
2.524000	-1.355330
2.525000	-1.355330
2.526000	-1.265250
2.527000	-1.265250
2.528000	-1.355330
2.529000	-1.265250
2.530000	-1.265250
2.531000	-1.265250
2.532000	-1.265250
2.533000	-1.355330
2.534000	-1.265250
2.535000	-1.175160
2.536000	-1.265250
2.537000	-1.175160
2.538000	-1.175160
2.539000	-1.175160
2.540000	-1.265250
2.541000	-1.355330
2.542000	-1.265250
2.543000	-1.355330
2.544000	-1.355330
2.545000	-1.265250
2.546000	-1.084890
2.547000	-1.355330
2.548000	-1.265250
2.549000	-1.445420
2.550000	-1.355330
2.551000	-1.265250
2.552000	-1.355330
2.553000	-1.175160
2.554000	-1.355330
2.555000	-1.265250
2.556000	-1.265250
2.557000	-1.355330
2.558000	-1.445420
2.559000	-1.355330
2.560000	-1.445420
2.561000	-1.355330
2.562000	-1.265250
2.563000	-1.535690
2.564000	-1.535690
2.565000	-1.445420
2.566000	-1.535690
2.567000	-1.535690
2.568000	-1.625770
2.569000	-1.535690
2.570000	-1.715860
2.571000	-1.715860
2.572000	-1.806130
2.573000	-1.715860
2.574000	-1.625770
2.575000	-1.715860
2.576000	-1.625770
2.577000	-1.715860
2.578000	-1.715860
2.579000	-1.806130
2.580000	-1.625770
2.581000	-1.625770
2.582000	-1.625770
2.583000	-1.535690
2.584000	-1.535690
2.585000	-1.445420
2.586000	-1.535690
2.587000	-1.625770
2.588000	-1.625770
2.589000	-1.625770
2.590000	-1.535690
2.591000	-1.715860
2.592000	-1.715860
2.593000	-1.535690
2.594000	-1.445420
2.595000	-1.625770
2.596000	-1.715860
2.597000	-1.715860
2.598000	-1.625770
2.599000	-1.535690
2.600000	-1.625770
2.601000	-1.535690
2.602000	-1.715860
2.603000	-1.625770
2.604000	-1.715860
2.605000	-1.535690
2.606000	-1.535690
2.607000	-1.535690
2.608000	-1.355330
2.609000	-1.535690
2.610000	-1.535690
2.611000	-1.445420
2.612000	-1.445420
2.613000	-1.355330
2.614000	-1.265250
2.615000	-1.265250
2.616000	-1.175160
2.617000	-1.265250
2.618000	-1.175160
2.619000	-1.265250
2.620000	-1.265250
2.621000	-1.355330
2.622000	-1.265250
2.623000	-1.265250
2.624000	-1.175160
2.625000	-1.265250
2.626000	-1.265250
2.627000	-1.355330
2.628000	-1.355330
2.629000	-1.265250
2.630000	-1.265250
2.631000	-1.175160
2.632000	-1.265250
2.633000	-1.175160
2.634000	-1.265250
2.635000	-1.175160
2.636000	-1.175160
2.637000	-1.175160
2.638000	-1.084890
2.639000	-1.084890
2.640000	-1.084890
2.641000	-0.994809
2.642000	-0.994809
2.643000	-1.175160
2.644000	-1.084890
2.645000	-1.084890
2.646000	-1.175160
2.647000	-1.084890
2.648000	-1.084890
2.649000	-1.175160
2.650000	-1.175160
2.651000	-1.084890
2.652000	-1.084890
2.653000	-0.994809
2.654000	-1.175160
2.655000	-1.175160
2.656000	-1.084890
2.657000	-1.175160
2.658000	-1.265250
2.659000	-1.445420
2.660000	-1.265250
2.661000	-1.265250
2.662000	-1.265250
2.663000	-1.175160
2.664000	-1.084890
2.665000	-1.175160
2.666000	-0.994809
2.667000	-1.084890
2.668000	-1.084890
2.669000	-1.084890
2.670000	-0.994809
2.671000	-0.994809
2.672000	-0.994809
2.673000	-0.904725
2.674000	-0.994809
2.675000	-0.994809
2.676000	-0.994809
2.677000	-0.904725
2.678000	-0.994809
2.679000	-1.084890
2.680000	-0.994809
2.681000	-1.084890
2.682000	-0.994809
2.683000	-1.084890
2.684000	-1.084890
2.685000	-1.084890
2.686000	-1.175160
2.687000	-1.084890
2.688000	-1.175160
2.689000	-1.175160
2.690000	-1.175160
2.691000	-1.355330
2.692000	-1.175160
2.693000	-1.265250
2.694000	-1.175160
2.695000	-1.084890
2.696000	-1.084890
2.697000	-0.994809
2.698000	-1.084890
2.699000	-1.084890
2.700000	-0.994809
2.701000	-0.994809
2.702000	-0.994809
2.703000	-1.084890
2.704000	-0.994809
2.705000	-1.084890
2.706000	-1.084890
2.707000	-0.994809
2.708000	-1.175160
2.709000	-0.814640
2.710000	-1.084890
2.711000	-0.994809
2.712000	-0.994809
2.713000	-1.084890
2.714000	-0.994809
2.715000	-1.084890
2.716000	-1.084890
2.717000	-0.994809
2.718000	-1.084890
2.719000	-1.084890
2.720000	-0.994809
2.721000	-1.084890
2.722000	-1.265250
2.723000	-1.175160
2.724000	-1.175160
2.725000	-1.175160
2.726000	-1.265250
2.727000	-1.265250
2.728000	-1.175160
2.729000	-1.355330
2.730000	-1.355330
2.731000	-1.265250
2.732000	-1.265250
2.733000	-1.265250
2.734000	-1.355330
2.735000	-1.355330
2.736000	-1.265250
2.737000	-1.355330
2.738000	-1.445420
2.739000	-1.445420
2.740000	-1.355330
2.741000	-1.355330
2.742000	-1.355330
2.743000	-1.355330
2.744000	-1.355330
2.745000	-1.355330
2.746000	-1.355330
2.747000	-1.265250
2.748000	-1.445420
2.749000	-1.355330
2.750000	-1.265250
2.751000	-1.355330
2.752000	-1.355330
2.753000	-1.355330
2.754000	-1.445420
2.755000	-1.445420
2.756000	-1.355330
2.757000	-1.355330
2.758000	-1.355330
2.759000	-1.355330
2.760000	-1.355330
2.761000	-1.445420
2.762000	-1.445420
2.763000	-1.175160
2.764000	-1.175160
2.765000	-1.355330
2.766000	-1.265250
2.767000	-1.355330
2.768000	-1.355330
2.769000	-1.265250
2.770000	-1.355330
2.771000	-1.355330
2.772000	-1.265250
2.773000	-1.355330
2.774000	-1.355330
2.775000	-1.355330
2.776000	-1.265250
2.777000	-1.265250
2.778000	-1.265250
2.779000	-1.265250
2.780000	-1.175160
2.781000	-0.994809
2.782000	-1.175160
2.783000	-1.175160
2.784000	-1.175160
2.785000	-1.084890
2.786000	-1.084890
2.787000	-1.084890
2.788000	-1.084890
2.789000	-0.994809
2.790000	-0.994809
2.791000	-1.084890
2.792000	-1.084890
2.793000	-1.084890
2.794000	-1.084890
2.795000	-1.084890
2.796000	-0.994809
2.797000	-1.175160
2.798000	-0.994809
2.799000	-1.084890
2.800000	-0.994809
2.801000	-0.994809
2.802000	-0.994809
2.803000	-0.994809
2.804000	-1.084890
2.805000	-0.904725
2.806000	-0.994809
2.807000	-0.904725
2.808000	-0.904725
2.809000	-0.994809
2.810000	-1.084890
2.811000	-0.904725
2.812000	-0.814640
2.813000	-0.904725
2.814000	-0.814640
2.815000	-0.904725
2.816000	-0.904725
2.817000	-0.904725
2.818000	-0.904725
2.819000	-0.814640
2.820000	-0.904725
2.821000	-0.994809
2.822000	-0.814640
2.823000	-0.994809
2.824000	-0.994809
2.825000	-0.814640
2.826000	-0.994809
2.827000	-0.994809
2.828000	-0.904725
2.829000	-1.084890
2.830000	-0.994809
2.831000	-0.994809
2.832000	-1.084890
2.833000	-0.904725
2.834000	-1.084890
2.835000	-0.904725
2.836000	-1.084890
2.837000	-0.814640
2.838000	-1.084890
2.839000	-0.994809
2.840000	-0.994809
2.841000	-0.994809
2.842000	-1.175160
2.843000	-1.084890
2.844000	-0.994809
2.845000	-1.084890
2.846000	-0.994809
2.847000	-0.904725
2.848000	-1.084890
2.849000	-0.994809
2.850000	-0.904725
2.851000	-0.994809
2.852000	-0.814640
2.853000	-0.994809
2.854000	-0.904725
2.855000	-1.084890
2.856000	-1.084890
2.857000	-0.994809
2.858000	-0.904725
2.859000	-0.994809
2.860000	-0.994809
2.861000	-0.994809
2.862000	-1.084890
2.863000	-1.084890
2.864000	-0.994809
2.865000	-0.994809
2.866000	-0.994809
2.867000	-1.084890
2.868000	-0.994809
2.869000	-0.994809
2.870000	-0.994809
2.871000	-1.175160
2.872000	-1.084890
2.873000	-0.994809
2.874000	-1.084890
2.875000	-1.175160
2.876000	-1.084890
2.877000	-0.994809
2.878000	-1.084890
2.879000	-0.994809
2.880000	-1.084890
2.881000	-0.994809
2.882000	-0.994809
2.883000	-0.994809
2.884000	-0.994809
2.885000	-0.904725
2.886000	-0.904725
2.887000	-0.994809
2.888000	-0.994809
2.889000	-0.994809
2.890000	-0.994809
2.891000	-0.994809
2.892000	-1.084890
2.893000	-1.084890
2.894000	-1.084890
2.895000	-1.084890
2.896000	-0.994809
2.897000	-1.084890
2.898000	-1.084890
2.899000	-1.084890
2.900000	-1.175160
2.901000	-0.994809
2.902000	-1.175160
2.903000	-1.084890
2.904000	-1.084890
2.905000	-1.175160
2.906000	-1.265250
2.907000	-1.175160
2.908000	-1.355330
2.909000	-1.265250
2.910000	-1.265250
2.911000	-1.265250
2.912000	-1.355330
2.913000	-1.265250
2.914000	-1.355330
2.915000	-1.175160
2.916000	-1.175160
2.917000	-1.265250
2.918000	-1.175160
2.919000	-1.175160
2.920000	-1.355330
2.921000	-1.445420
2.922000	-1.265250
2.923000	-1.265250
2.924000	-1.175160
2.925000	-1.175160
2.926000	-1.265250
2.927000	-1.265250
2.928000	-1.175160
2.929000	-1.265250
2.930000	-1.175160
2.931000	-1.084890
2.932000	-1.175160
2.933000	-1.084890
2.934000	-1.084890
2.935000	-1.175160
2.936000	-1.175160
2.937000	-1.084890
2.938000	-1.084890
2.939000	-0.994809
2.940000	-0.994809
2.941000	-1.084890
2.942000	-1.084890
2.943000	-1.084890
2.944000	-0.904725
2.945000	-0.994809
2.946000	-1.084890
2.947000	-1.084890
2.948000	-0.904725
2.949000	-0.994809
2.950000	-0.904725
2.951000	-0.814640
2.952000	-0.904725
2.953000	-1.084890
2.954000	-1.084890
2.955000	-0.994809
2.956000	-0.994809
2.957000	-0.814640
2.958000	-0.904725
2.959000	-0.994809
2.960000	-0.994809
2.961000	-0.994809
2.962000	-0.904725
2.963000	-0.904725
2.964000	-0.994809
2.965000	-0.904725
2.966000	-0.994809
2.967000	-0.814640
2.968000	-0.814640
2.969000	-0.724370
2.970000	-0.814640
2.971000	-0.724370
2.972000	-0.814640
2.973000	-0.904725
2.974000	-0.814640
2.975000	-0.814640
2.976000	-0.994809
2.977000	-0.814640
2.978000	-0.904725
2.979000	-0.904725
2.980000	-0.724370
2.981000	-0.814640
2.982000	-0.904725
2.983000	-0.994809
2.984000	-0.814640
2.985000	-0.994809
2.986000	-0.814640
2.987000	-0.814640
2.988000	-0.904725
2.989000	-0.994809
2.990000	-0.994809
2.991000	-0.904725
2.992000	-0.994809
2.993000	-0.994809
2.994000	-1.084890
2.995000	-0.814640
2.996000	-0.994809
2.997000	-0.994809
2.998000	-0.904725
2.999000	-0.994809
3.000000	-0.994809
3.001000	-0.904725
3.002000	-0.814640
3.003000	-0.814640
3.004000	-0.814640
3.005000	-0.994809
3.006000	-0.814640
3.007000	-0.904725
3.008000	-0.994809
3.009000	-0.994809
3.010000	-1.084890
3.011000	-0.994809
3.012000	-1.084890
3.013000	-0.994809
3.014000	-0.814640
3.015000	-0.994809
3.016000	-0.904725
3.017000	-0.904725
3.018000	-0.814640
3.019000	-0.994809
3.020000	-0.994809
3.021000	-1.084890
3.022000	-0.994809
3.023000	-0.994809
3.024000	-0.994809
3.025000	-0.994809
3.026000	-1.084890
3.027000	-1.084890
3.028000	-1.084890
3.029000	-0.994809
3.030000	-1.084890
3.031000	-0.994809
3.032000	-1.084890
3.033000	-0.994809
3.034000	-1.084890
3.035000	-0.994809
3.036000	-1.084890
3.037000	-1.084890
3.038000	-1.175160
3.039000	-1.084890
3.040000	-1.084890
3.041000	-0.994809
3.042000	-1.175160
3.043000	-0.994809
3.044000	-1.084890
3.045000	-0.994809
3.046000	-0.994809
3.047000	-1.084890
3.048000	-0.994809
3.049000	-1.084890
3.050000	-0.904725
3.051000	-0.994809
3.052000	-0.994809
3.053000	-0.994809
3.054000	-0.904725
3.055000	-0.904725
3.056000	-0.994809
3.057000	-0.904725
3.058000	-0.904725
3.059000	-0.904725
3.060000	-0.994809
3.061000	-0.994809
3.062000	-0.994809
3.063000	-0.994809
3.064000	-0.904725
3.065000	-0.904725
3.066000	-1.084890
3.067000	-0.904725
3.068000	-0.904725
3.069000	-0.994809
3.070000	-0.994809
3.071000	-0.994809
3.072000	-0.994809
3.073000	-0.994809
3.074000	-0.994809
3.075000	-1.084890
3.076000	-0.994809
3.077000	-0.994809
3.078000	-0.994809
3.079000	-1.084890
3.080000	-0.994809
3.081000	-0.904725
3.082000	-1.084890
3.083000	-1.084890
3.084000	-0.994809
3.085000	-0.994809
3.086000	-0.994809
3.087000	-1.175160
3.088000	-1.084890
3.089000	-1.084890
3.090000	-1.084890
3.091000	-0.994809
3.092000	-1.084890
3.093000	-1.084890
3.094000	-1.175160
3.095000	-0.994809
3.096000	-0.994809
3.097000	-0.904725
3.098000	-0.994809
3.099000	-0.994809
3.100000	-0.904725
3.101000	-0.994809
3.102000	-0.904725
3.103000	-0.994809
3.104000	-0.994809
3.105000	-0.994809
3.106000	-0.994809
3.107000	-0.904725
3.108000	-0.994809
3.109000	-0.994809
3.110000	-0.994809
3.111000	-0.994809
3.112000	-0.994809
3.113000	-1.084890
3.114000	-0.994809
3.115000	-0.814640
3.116000	-0.814640
3.117000	-0.814640
3.118000	-0.814640
3.119000	-0.814640
3.120000	-0.814640
3.121000	-0.904725
3.122000	-0.904725
3.123000	-0.814640
3.124000	-0.724370
3.125000	-0.814640
3.126000	-0.904725
3.127000	-0.814640
3.128000	-0.994809
3.129000	-0.814640
3.130000	-0.994809
3.131000	-0.904725
3.132000	-0.904725
3.133000	-0.814640
3.134000	-0.904725
3.135000	-0.904725
3.136000	-0.904725
3.137000	-0.814640
3.138000	-0.904725
3.139000	-0.994809
3.140000	-0.994809
3.141000	-0.994809
3.142000	-0.994809
3.143000	-0.994809
3.144000	-1.084890
3.145000	-0.994809
3.146000	-0.904725
3.147000	-0.814640
3.148000	-0.994809
3.149000	-0.994809
3.150000	-0.994809
3.151000	-0.814640
3.152000	-0.814640
3.153000	-0.994809
3.154000	-0.994809
3.155000	-0.904725
3.156000	-0.994809
3.157000	-0.904725
3.158000	-0.994809
3.159000	-0.814640
3.160000	-0.904725
3.161000	-0.904725
3.162000	-0.814640
3.163000	-0.724370
3.164000	-0.814640
3.165000	-0.994809
3.166000	-0.814640
3.167000	-0.724370
3.168000	-0.814640
3.169000	-0.724370
3.170000	-0.814640
3.171000	-0.814640
3.172000	-0.814640
3.173000	-0.814640
3.174000	-0.814640
3.175000	-0.904725
3.176000	-0.724370
3.177000	-0.904725
3.178000	-0.814640
3.179000	-0.904725
3.180000	-0.724370
3.181000	-0.814640
3.182000	-0.814640
3.183000	-0.724370
3.184000	-0.814640
3.185000	-0.904725
3.186000	-0.814640
3.187000	-0.814640
3.188000	-0.814640
3.189000	-0.994809
3.190000	-0.814640
3.191000	-0.904725
3.192000	-0.814640
3.193000	-0.814640
3.194000	-0.724370
3.195000	-0.994809
3.196000	-0.814640
3.197000	-0.814640
3.198000	-0.994809
3.199000	-0.994809
3.200000	-0.724370
3.201000	-0.724370
3.202000	-0.904725
3.203000	-0.724370
3.204000	-0.724370
3.205000	-0.814640
3.206000	-0.814640
3.207000	-0.994809
3.208000	-0.814640
3.209000	-0.994809
3.210000	-0.994809
3.211000	-0.724370
3.212000	-0.904725
3.213000	-0.904725
3.214000	-0.904725
3.215000	-0.814640
3.216000	-0.814640
3.217000	-0.904725
3.218000	-0.994809
3.219000	-0.904725
3.220000	-0.904725
3.221000	-0.814640
3.222000	-0.994809
3.223000	-0.904725
3.224000	-0.904725
3.225000	-0.994809
3.226000	-0.814640
3.227000	-0.994809
3.228000	-0.994809
3.229000	-0.994809
3.230000	-0.814640
3.231000	-0.994809
3.232000	-0.904725
3.233000	-0.904725
3.234000	-0.814640
3.235000	-0.904725
3.236000	-0.994809
3.237000	-0.994809
3.238000	-0.814640
3.239000	-0.814640
3.240000	-0.994809
3.241000	-0.904725
3.242000	-0.994809
3.243000	-0.994809
3.244000	-0.994809
3.245000	-0.994809
3.246000	-0.994809
3.247000	-0.904725
3.248000	-0.904725
3.249000	-0.994809
3.250000	-0.904725
3.251000	-0.994809
3.252000	-0.904725
3.253000	-0.904725
3.254000	-0.904725
3.255000	-0.904725
3.256000	-0.904725
3.257000	-0.904725
3.258000	-0.904725
3.259000	-0.904725
3.260000	-0.994809
3.261000	-0.994809
3.262000	-0.994809
3.263000	-0.994809
3.264000	-0.904725
3.265000	-0.814640
3.266000	-0.634286
3.267000	-0.814640
3.268000	-0.814640
3.269000	-0.814640
3.270000	-0.904725
3.271000	-0.724370
3.272000	-0.814640
3.273000	-0.724370
3.274000	-0.814640
3.275000	-0.814640
3.276000	-0.814640
3.277000	-0.814640
3.278000	-0.814640
3.279000	-0.724370
3.280000	-0.724370
3.281000	-0.814640
3.282000	-0.814640
3.283000	-0.634286
3.284000	-0.634286
3.285000	-0.724370
3.286000	-0.724370
3.287000	-0.724370
3.288000	-0.724370
3.289000	-0.814640
3.290000	-0.634286
3.291000	-0.724370
3.292000	-0.724370
3.293000	-0.724370
3.294000	-0.634286
3.295000	-0.724370
3.296000	-0.724370
3.297000	-0.814640
3.298000	-0.814640
3.299000	-0.724370
3.300000	-0.634286
3.301000	-0.634286
3.302000	-0.724370
3.303000	-0.724370
3.304000	-0.634286
3.305000	-0.904725
3.306000	-0.724370
3.307000	-0.724370
3.308000	-0.814640
3.309000	-0.724370
3.310000	-0.814640
3.311000	-0.724370
3.312000	-0.814640
3.313000	-0.634286
3.314000	-0.724370
3.315000	-0.814640
3.316000	-0.724370
3.317000	-0.634286
3.318000	-0.814640
3.319000	-0.724370
3.320000	-0.724370
3.321000	-0.724370
3.322000	-0.724370
3.323000	-0.724370
3.324000	-0.904725
3.325000	-0.724370
3.326000	-0.814640
3.327000	-0.724370
3.328000	-0.814640
3.329000	-0.814640
3.330000	-0.814640
3.331000	-0.634286
3.332000	-0.724370
3.333000	-0.814640
3.334000	-0.724370
3.335000	-0.814640
3.336000	-0.724370
3.337000	-0.724370
3.338000	-0.724370
3.339000	-0.724370
3.340000	-0.724370
3.341000	-0.814640
3.342000	-0.814640
3.343000	-0.724370
3.344000	-0.724370
3.345000	-0.904725
3.346000	-0.724370
3.347000	-0.724370
3.348000	-0.814640
3.349000	-0.724370
3.350000	-0.634286
3.351000	-0.724370
3.352000	-0.634286
3.353000	-0.634286
3.354000	-0.724370
3.355000	-0.724370
3.356000	-0.724370
3.357000	-0.724370
3.358000	-0.904725
3.359000	-0.814640
3.360000	-0.634286
3.361000	-0.814640
3.362000	-0.814640
3.363000	-0.724370
3.364000	-0.814640
3.365000	-0.814640
3.366000	-0.724370
3.367000	-0.814640
3.368000	-0.724370
3.369000	-0.724370
3.370000	-0.724370
3.371000	-0.814640
3.372000	-0.814640
3.373000	-0.814640
3.374000	-0.724370
3.375000	-0.724370
3.376000	-0.814640
3.377000	-0.724370
3.378000	-0.904725
3.379000	-0.814640
3.380000	-0.724370
3.381000	-0.544201
3.382000	-0.814640
3.383000	-0.724370
3.384000	-0.814640
3.385000	-0.724370
3.386000	-0.904725
3.387000	-0.724370
3.388000	-0.724370
3.389000	-0.814640
3.390000	-0.724370
3.391000	-0.814640
3.392000	-0.724370
3.393000	-0.724370
3.394000	-0.814640
3.395000	-0.904725
3.396000	-0.904725
3.397000	-0.634286
3.398000	-0.904725
3.399000	-0.904725
3.400000	-0.724370
3.401000	-0.634286
3.402000	-0.724370
3.403000	-0.814640
3.404000	-0.724370
3.405000	-0.904725
3.406000	-0.814640
3.407000	-0.724370
3.408000	-0.814640
3.409000	-0.724370
3.410000	-0.724370
3.411000	-0.814640
3.412000	-0.724370
3.413000	-0.724370
3.414000	-0.814640
3.415000	-0.814640
3.416000	-0.724370
3.417000	-0.634286
3.418000	-0.724370
3.419000	-0.724370
3.420000	-0.814640
3.421000	-0.634286
3.422000	-0.634286
3.423000	-0.634286
3.424000	-0.634286
3.425000	-0.634286
3.426000	-0.814640
3.427000	-0.724370
3.428000	-0.724370
3.429000	-0.634286
3.430000	-0.724370
3.431000	-0.724370
3.432000	-0.634286
3.433000	-0.724370
3.434000	-0.724370
3.435000	-0.634286
3.436000	-0.724370
3.437000	-0.724370
3.438000	-0.724370
3.439000	-0.724370
3.440000	-0.634286
3.441000	-0.724370
3.442000	-0.634286
3.443000	-0.724370
3.444000	-0.634286
3.445000	-0.634286
3.446000	-0.634286
3.447000	-0.724370
3.448000	-0.724370
3.449000	-0.724370
3.450000	-0.634286
3.451000	-0.634286
3.452000	-0.634286
3.453000	-0.634286
3.454000	-0.724370
3.455000	-0.724370
3.456000	-0.544201
3.457000	-0.544201
3.458000	-0.634286
3.459000	-0.544201
3.460000	-0.634286
3.461000	-0.634286
3.462000	-0.544201
3.463000	-0.634286
3.464000	-0.724370
3.465000	-0.634286
3.466000	-0.544201
3.467000	-0.634286
3.468000	-0.634286
3.469000	-0.634286
3.470000	-0.634286
3.471000	-0.544201
3.472000	-0.634286
3.473000	-0.544201
3.474000	-0.544201
3.475000	-0.724370
3.476000	-0.634286
3.477000	-0.724370
3.478000	-0.724370
3.479000	-0.634286
3.480000	-0.634286
3.481000	-0.634286
3.482000	-0.634286
3.483000	-0.634286
3.484000	-0.724370
3.485000	-0.634286
3.486000	-0.634286
3.487000	-0.634286
3.488000	-0.634286
3.489000	-0.634286
3.490000	-0.724370
3.491000	-0.724370
3.492000	-0.724370
3.493000	-0.724370
3.494000	-0.724370
3.495000	-0.634286
3.496000	-0.453931
3.497000	-0.634286
3.498000	-0.724370
3.499000	-0.634286
3.500000	-0.544201
3.501000	-0.634286
3.502000	-0.634286
3.503000	-0.544201
3.504000	-0.544201
3.505000	-0.634286
3.506000	-0.634286
3.507000	-0.724370
3.508000	-0.634286
3.509000	-0.634286
3.510000	-0.814640
3.511000	-0.634286
3.512000	-0.453931
3.513000	-0.634286
3.514000	-0.544201
3.515000	-0.724370
3.516000	-0.544201
3.517000	-0.634286
3.518000	-0.634286
3.519000	-0.544201
3.520000	-0.724370
3.521000	-0.544201
3.522000	-0.634286
3.523000	-0.453931
3.524000	-0.634286
3.525000	-0.544201
3.526000	-0.634286
3.527000	-0.724370
3.528000	-0.634286
3.529000	-0.724370
3.530000	-0.544201
3.531000	-0.544201
3.532000	-0.724370
3.533000	-0.634286
3.534000	-0.634286
3.535000	-0.634286
3.536000	-0.724370
3.537000	-0.724370
3.538000	-0.724370
3.539000	-0.724370
3.540000	-0.634286
3.541000	-0.814640
3.542000	-0.814640
3.543000	-0.994809
3.544000	-0.814640
3.545000	-0.904725
3.546000	-0.994809
3.547000	-0.904725
3.548000	-0.904725
3.549000	-0.814640
3.550000	-0.724370
3.551000	-0.634286
3.552000	-0.724370
3.553000	-0.724370
3.554000	-0.544201
3.555000	-0.634286
3.556000	-0.724370
3.557000	-0.544201
3.558000	-0.634286
3.559000	-0.544201
3.560000	-0.634286
3.561000	-0.634286
3.562000	-0.634286
3.563000	-0.453931
3.564000	-0.544201
3.565000	-0.544201
3.566000	-0.544201
3.567000	-0.363847
3.568000	-0.544201
3.569000	-0.634286
3.570000	-0.634286
3.571000	-0.544201
3.572000	-0.544201
3.573000	-0.634286
3.574000	-0.634286
3.575000	-0.634286
3.576000	-0.724370
3.577000	-0.724370
3.578000	-0.634286
3.579000	-0.634286
3.580000	-0.634286
3.581000	-0.724370
3.582000	-0.724370
3.583000	-0.634286
3.584000	-0.544201
3.585000	-0.544201
3.586000	-0.634286
3.587000	-0.634286
3.588000	-0.634286
3.589000	-0.634286
3.590000	-0.634286
3.591000	-0.544201
3.592000	-0.544201
3.593000	-0.634286
3.594000	-0.544201
3.595000	-0.634286
3.596000	-0.544201
3.597000	-0.453931
3.598000	-0.544201
3.599000	-0.544201
3.600000	-0.544201
3.601000	-0.363847
3.602000	-0.544201
3.603000	-0.453931
3.604000	-0.544201
3.605000	-0.544201
3.606000	-0.453931
3.607000	-0.544201
3.608000	-0.453931
3.609000	-0.634286
3.610000	-0.544201
3.611000	-0.634286
3.612000	-0.634286
3.613000	-0.724370
3.614000	-0.544201
3.615000	-0.724370
3.616000	-0.544201
3.617000	-0.544201
3.618000	-0.544201
3.619000	-0.634286
3.620000	-0.544201
3.621000	-0.634286
3.622000	-0.544201
3.623000	-0.453931
3.624000	-0.634286
3.625000	-0.634286
3.626000	-0.544201
3.627000	-0.544201
3.628000	-0.634286
3.629000	-0.453931
3.630000	-0.544201
3.631000	-0.544201
3.632000	-0.634286
3.633000	-0.544201
3.634000	-0.453931
3.635000	-0.634286
3.636000	-0.634286
3.637000	-0.544201
3.638000	-0.724370
3.639000	-0.724370
3.640000	-0.544201
3.641000	-0.634286
3.642000	-0.634286
3.643000	-0.544201
3.644000	-0.634286
3.645000	-0.453931
3.646000	-0.634286
3.647000	-0.724370
3.648000	-0.544201
3.649000	-0.634286
3.650000	-0.634286
3.651000	-0.544201
3.652000	-0.544201
3.653000	-0.634286
3.654000	-0.634286
3.655000	-0.363847
3.656000	-0.634286
3.657000	-0.544201
3.658000	-0.634286
3.659000	-0.634286
3.660000	-0.453931
3.661000	-0.634286
3.662000	-0.453931
3.663000	-0.634286
3.664000	-0.634286
3.665000	-0.544201
3.666000	-0.634286
3.667000	-0.544201
3.668000	-0.544201
3.669000	-0.634286
3.670000	-0.634286
3.671000	-0.544201
3.672000	-0.634286
3.673000	-0.544201
3.674000	-0.634286
3.675000	-0.634286
3.676000	-0.453931
3.677000	-0.544201
3.678000	-0.634286
3.679000	-0.634286
3.680000	-0.634286
3.681000	-0.634286
3.682000	-0.544201
3.683000	-0.544201
3.684000	-0.453931
3.685000	-0.544201
3.686000	-0.544201
3.687000	-0.544201
3.688000	-0.544201
3.689000	-0.544201
3.690000	-0.544201
3.691000	-0.634286
3.692000	-0.544201
3.693000	-0.544201
3.694000	-0.544201
3.695000	-0.724370
3.696000	-0.634286
3.697000	-0.634286
3.698000	-0.453931
3.699000	-0.544201
