0.000000	0.725000
0.029400	0.743000
0.066600	0.725000
0.055500	0.743000
0.058400	0.708000
0.069100	0.708000
0.052600	0.725000
0.023900	0.690000
0.016500	0.207000
0.083000	0.010100
0.138000	0.045900
0.456000	1.280000
2.160000	2.800000
3.190000	3.260000
4.270000	11.200000
5.130000	7.930000
5.620000	11.900000
6.050000	10.000000
6.300000	9.400000
6.430000	11.200000
6.900000	9.990000
7.410000	12.500000
7.800000	14.400000
8.310000	15.700000
8.960000	16.600000
9.360000	17.100000
9.700000	17.900000
9.970000	17.700001
10.500000	19.600000
10.800000	20.799999
11.300000	20.700001
11.700000	20.100000
12.300000	19.299999
12.900000	18.299999
13.700000	17.400000
14.800000	11.500000
16.299999	10.200000
18.200001	8.990000
20.600000	7.680000
22.900000	7.650000
25.100000	7.400000
27.000000	6.340000
28.299999	5.300000
29.299999	4.860000
29.600000	2.820000
30.000000	2.850000
30.400000	1.870000
