-0.300000	0.196655
-0.299000	0.196655
-0.298000	0.205683
-0.297000	0.205683
-0.296000	0.187609
-0.295000	0.196655
-0.294000	0.196655
-0.293000	0.187609
-0.292000	0.205683
-0.291000	0.187609
-0.290000	0.187609
-0.289000	0.205683
-0.288000	0.205683
-0.287000	0.196655
-0.286000	0.196655
-0.285000	0.196655
-0.284000	0.196655
-0.283000	0.196655
-0.282000	0.196655
-0.281000	0.196655
-0.280000	0.196655
-0.279000	0.196655
-0.278000	0.196655
-0.277000	0.187609
-0.276000	0.196655
-0.275000	0.187609
-0.274000	0.196655
-0.273000	0.196655
-0.272000	0.196655
-0.271000	0.196655
-0.270000	0.196655
-0.269000	0.196655
-0.268000	0.205683
-0.267000	0.196655
-0.266000	0.196655
-0.265000	0.205683
-0.264000	0.196655
-0.263000	0.205683
-0.262000	0.187609
-0.261000	0.196655
-0.260000	0.196655
-0.259000	0.196655
-0.258000	0.187609
-0.257000	0.196655
-0.256000	0.196655
-0.255000	0.196655
-0.254000	0.196655
-0.253000	0.196655
-0.252000	0.196655
-0.251000	0.187609
-0.250000	0.205683
-0.249000	0.187609
-0.248000	0.196655
-0.247000	0.205683
-0.246000	0.196655
-0.245000	0.196655
-0.244000	0.196655
-0.243000	0.187609
-0.242000	0.196655
-0.241000	0.196655
-0.240000	0.196655
-0.239000	0.196655
-0.238000	0.196655
-0.237000	0.187609
-0.236000	0.196655
-0.235000	0.196655
-0.234000	0.196655
-0.233000	0.196655
-0.232000	0.196655
-0.231000	0.196655
-0.230000	0.196655
-0.229000	0.205683
-0.228000	0.187609
-0.227000	0.196655
-0.226000	0.196655
-0.225000	0.196655
-0.224000	0.196655
-0.223000	0.205683
-0.222000	0.187609
-0.221000	0.196655
-0.220000	0.196655
-0.219000	0.205683
-0.218000	0.205683
-0.217000	0.187609
-0.216000	0.196655
-0.215000	0.205683
-0.214000	0.196655
-0.213000	0.196655
-0.212000	0.196655
-0.211000	0.187609
-0.210000	0.196655
-0.209000	0.205683
-0.208000	0.205683
-0.207000	0.196655
-0.206000	0.196655
-0.205000	0.196655
-0.204000	0.205683
-0.203000	0.196655
-0.202000	0.214711
-0.201000	0.205683
-0.200000	0.196655
-0.199000	0.196655
-0.198000	0.196655
-0.197000	0.205683
-0.196000	0.205683
-0.195000	0.205683
-0.194000	0.196655
-0.193000	0.196655
-0.192000	0.205683
-0.191000	0.196655
-0.190000	0.196655
-0.189000	0.205683
-0.188000	0.214711
-0.187000	0.196655
-0.186000	0.205683
-0.185000	0.196655
-0.184000	0.196655
-0.183000	0.196655
-0.182000	0.205683
-0.181000	0.205683
-0.180000	0.196655
-0.179000	0.196655
-0.178000	0.187609
-0.177000	0.196655
-0.176000	0.205683
-0.175000	0.205683
-0.174000	0.196655
-0.173000	0.196655
-0.172000	0.196655
-0.171000	0.196655
-0.170000	0.196655
-0.169000	0.196655
-0.168000	0.196655
-0.167000	0.187609
-0.166000	0.205683
-0.165000	0.196655
-0.164000	0.187609
-0.163000	0.196655
-0.162000	0.205683
-0.161000	0.205683
-0.160000	0.205683
-0.159000	0.196655
-0.158000	0.196655
-0.157000	0.196655
-0.156000	0.205683
-0.155000	0.196655
-0.154000	0.205683
-0.153000	0.196655
-0.152000	0.205683
-0.151000	0.205683
-0.150000	0.196655
-0.149000	0.205683
-0.148000	0.196655
-0.147000	0.205683
-0.146000	0.196655
-0.145000	0.196655
-0.144000	0.196655
-0.143000	0.187609
-0.142000	0.196655
-0.141000	0.196655
-0.140000	0.187609
-0.139000	0.196655
-0.138000	0.187609
-0.137000	0.196655
-0.136000	0.196655
-0.135000	0.196655
-0.134000	0.196655
-0.133000	0.196655
-0.132000	0.196655
-0.131000	0.196655
-0.130000	0.187609
-0.129000	0.205683
-0.128000	0.187609
-0.127000	0.196655
-0.126000	0.196655
-0.125000	0.196655
-0.124000	0.187609
-0.123000	0.187609
-0.122000	0.187609
-0.121000	0.205683
-0.120000	0.196655
-0.119000	0.187609
-0.118000	0.196655
-0.117000	0.196655
-0.116000	0.187609
-0.115000	0.196655
-0.114000	0.187609
-0.113000	0.187609
-0.112000	0.196655
-0.111000	0.187609
-0.110000	0.187609
-0.109000	0.178581
-0.108000	0.196655
-0.107000	0.205683
-0.106000	0.205683
-0.105000	0.196655
-0.104000	0.196655
-0.103000	0.205683
-0.102000	0.196655
-0.101000	0.187609
-0.100000	0.196655
-0.099000	0.196655
-0.098000	0.196655
-0.097000	0.196655
-0.096000	0.187609
-0.095000	0.196655
-0.094000	0.205683
-0.093000	0.196655
-0.092000	0.187609
-0.091000	0.196655
-0.090000	0.187609
-0.089000	0.196655
-0.088000	0.205683
-0.087000	0.196655
-0.086000	0.196655
-0.085000	0.205683
-0.084000	0.196655
-0.083000	0.196655
-0.082000	0.196655
-0.081000	0.196655
-0.080000	0.196655
-0.079000	0.196655
-0.078000	0.196655
-0.077000	0.196655
-0.076000	0.187609
-0.075000	0.196655
-0.074000	0.187609
-0.073000	0.196655
-0.072000	0.196655
-0.071000	0.205683
-0.070000	0.196655
-0.069000	0.196655
-0.068000	0.196655
-0.067000	0.205683
-0.066000	0.196655
-0.065000	0.205683
-0.064000	0.196655
-0.063000	0.196655
-0.062000	0.205683
-0.061000	0.196655
-0.060000	0.196655
-0.059000	0.196655
-0.058000	0.196655
-0.057000	0.205683
-0.056000	0.187609
-0.055000	0.196655
-0.054000	0.205683
-0.053000	0.196655
-0.052000	0.196655
-0.051000	0.187609
-0.050000	0.196655
-0.049000	0.205683
-0.048000	0.196655
-0.047000	0.187609
-0.046000	0.178581
-0.045000	0.196655
-0.044000	0.196655
-0.043000	0.196655
-0.042000	0.196655
-0.041000	0.196655
-0.040000	0.196655
-0.039000	0.205683
-0.038000	0.196655
-0.037000	0.196655
-0.036000	0.196655
-0.035000	0.187609
-0.034000	0.169553
-0.033000	0.151478
-0.032000	0.124375
-0.031000	0.106319
-0.030000	0.106319
-0.029000	0.097291
-0.028000	0.097291
-0.027000	0.106319
-0.026000	0.124375
-0.025000	0.142450
-0.024000	0.160525
-0.023000	0.178581
-0.022000	0.196655
-0.021000	0.196655
-0.020000	0.214711
-0.019000	0.214711
-0.018000	0.214711
-0.017000	0.205683
-0.016000	0.196655
-0.015000	0.187609
-0.014000	0.187609
-0.013000	0.196655
-0.012000	0.205683
-0.011000	0.223758
-0.010000	0.259888
-0.009000	0.296018
-0.008000	0.314074
-0.007000	0.341177
-0.006000	0.377307
-0.005000	0.422484
-0.004000	0.467643
-0.003000	0.503774
-0.002000	0.530876
-0.001000	0.557979
0.000000	0.576035
0.001000	0.576035
0.002000	0.576035
0.003000	0.557979
0.004000	0.548951
0.005000	0.539904
0.006000	0.512820
0.007000	0.467643
0.008000	0.431512
0.009000	0.386354
0.010000	0.350205
0.011000	0.323121
0.012000	0.250842
0.013000	0.178581
0.014000	0.151478
0.015000	0.205683
0.016000	0.277944
0.017000	0.305046
0.018000	0.160525
0.019000	-2.070690
0.020000	0.901246
0.021000	-1.384170
0.022000	-0.634402
0.023000	-0.011118
0.024000	-0.273079
0.025000	0.530876
0.026000	-0.218874
0.027000	0.314074
0.028000	0.106319
0.029000	0.025012
0.030000	-0.074351
0.031000	-0.363414
0.032000	-0.453749
0.033000	-0.896362
0.034000	-0.661504
0.035000	-1.049930
0.036000	-0.806045
0.037000	-0.860232
0.038000	-0.851204
0.039000	-0.553113
0.040000	-0.526010
0.041000	-0.462777
0.042000	-0.372442
0.043000	-0.255004
0.044000	-0.264051
0.045000	-0.507936
0.046000	-0.535038
0.047000	-0.453749
0.048000	-0.589243
0.049000	-0.544066
0.050000	-0.498908
0.051000	-0.571169
0.052000	-0.426647
0.053000	-0.291153
0.054000	-0.255004
0.055000	-0.110482
0.056000	-0.245976
0.057000	-0.110482
0.058000	-0.255004
0.059000	-0.336312
0.060000	-0.516982
0.061000	-0.580215
0.062000	-0.661504
0.063000	-0.616346
0.064000	-0.489880
0.065000	-0.417601
0.066000	-0.282107
0.067000	-0.255004
0.068000	-0.191771
0.069000	-0.182743
0.070000	-0.182743
0.071000	-0.363414
0.072000	-0.453749
0.073000	-0.381470
0.074000	-0.399545
0.075000	-0.182743
0.076000	-0.065305
0.077000	0.097291
0.078000	0.205683
0.079000	0.196655
0.080000	0.259888
0.081000	0.052115
0.082000	0.052115
0.083000	-0.092408
0.084000	-0.164687
0.085000	-0.137585
0.086000	-0.245976
0.087000	-0.173715
0.088000	-0.110482
0.089000	-0.155641
0.090000	-0.200818
0.091000	-0.372442
0.092000	-0.390517
0.093000	-0.571169
0.094000	-0.688607
0.095000	-0.742812
0.096000	-0.697635
0.097000	-0.535038
0.098000	-0.363414
0.099000	-0.236948
0.100000	-0.236948
0.101000	-0.218874
0.102000	-0.200818
0.103000	-0.191771
0.104000	-0.128538
0.105000	-0.164687
0.106000	-0.101454
0.107000	-0.146613
0.108000	-0.255004
0.109000	-0.227920
0.110000	-0.209846
0.111000	-0.227920
0.112000	0.386354
0.113000	0.097291
0.114000	0.187609
0.115000	0.106319
0.116000	0.160525
0.117000	-0.110482
0.118000	-0.300181
0.119000	-0.245976
0.120000	-0.417601
0.121000	-0.408573
0.122000	-0.336312
0.123000	-0.164687
0.124000	-0.191771
0.125000	-0.101454
0.126000	-0.101454
0.127000	-0.038221
0.128000	-0.083379
0.129000	-0.038221
0.130000	-0.101454
0.131000	0.079217
0.132000	0.061143
0.133000	0.006956
0.134000	0.006956
0.135000	-0.047249
0.136000	-0.164687
0.137000	-0.245976
0.138000	-0.273079
0.139000	-0.264051
0.140000	-0.218874
0.141000	-0.137585
0.142000	-0.074351
0.143000	-0.101454
0.144000	-0.137585
0.145000	-0.200818
0.146000	-0.255004
0.147000	-0.291153
0.148000	-0.164687
0.149000	-0.209846
0.150000	-0.255004
0.151000	-0.137585
0.152000	-0.083379
0.153000	-0.056277
0.154000	-0.011118
0.155000	0.006956
0.156000	-0.002090
0.157000	0.241814
0.158000	0.034059
0.159000	0.015984
0.160000	0.115347
0.161000	-0.011118
0.162000	0.006956
0.163000	0.070189
0.164000	0.025012
0.165000	-0.155641
0.166000	0.214711
0.167000	-0.065305
0.168000	-0.390517
0.169000	-0.182743
0.170000	-0.200818
0.171000	-0.462777
0.172000	-0.435675
0.173000	-0.291153
0.174000	-0.535038
0.175000	-0.390517
0.176000	-0.218874
0.177000	-0.498908
0.178000	-0.264051
0.179000	-0.553113
0.180000	-0.489880
0.181000	-0.715710
0.182000	-0.742812
0.183000	-0.932493
0.184000	-0.869278
0.185000	-1.628060
0.186000	-1.384170
0.187000	-1.501590
0.188000	-1.799680
0.189000	-1.772600
0.190000	-1.664190
0.191000	-1.266730
0.192000	-1.131240
0.193000	-0.815073
0.194000	-0.562141
0.195000	-0.580215
0.196000	-0.291153
0.197000	-0.264051
0.198000	0.133422
0.199000	0.034059
0.200000	0.223758
0.201000	0.485718
0.202000	0.548951
0.203000	0.774780
0.204000	0.603137
0.205000	1.009640
0.206000	0.838013
0.207000	0.774780
0.208000	1.018670
0.209000	0.810911
0.210000	0.919302
0.211000	0.440540
0.212000	0.603137
0.213000	0.720575
0.214000	0.783808
0.215000	0.774780
0.216000	0.702500
0.217000	0.828967
0.218000	0.756705
0.219000	0.801883
0.220000	0.892199
0.221000	0.838013
0.222000	0.838013
0.223000	0.738650
0.224000	0.847041
0.225000	0.991563
0.226000	0.901246
0.227000	0.964479
0.228000	1.208360
0.229000	1.334830
0.230000	1.443220
0.231000	1.515500
0.232000	1.533560
0.233000	1.506450
0.234000	1.479370
0.235000	1.136100
0.236000	1.045770
0.237000	0.901246
0.238000	0.765734
0.239000	0.720575
0.240000	0.440540
0.241000	0.377307
0.242000	0.205683
0.243000	0.043086
0.244000	-0.038221
0.245000	-0.236948
0.246000	-0.417601
0.247000	-0.607299
0.248000	-0.796999
0.249000	-0.941539
0.250000	-1.176400
0.251000	-1.366100
0.252000	-1.573850
0.253000	-1.628060
0.254000	-1.700320
0.255000	-1.763550
0.256000	-1.853890
0.257000	-1.853890
0.258000	-1.835830
0.259000	-1.799680
0.260000	-1.736470
0.261000	-1.727420
0.262000	-1.709360
0.263000	-1.682260
0.264000	-1.655160
0.265000	-1.619030
0.266000	-1.655160
0.267000	-1.673230
0.268000	-1.682260
0.269000	-1.655160
0.270000	-1.682260
0.271000	-1.709360
0.272000	-1.691290
0.273000	-1.700320
0.274000	-1.709360
0.275000	-1.736470
0.276000	-1.736470
0.277000	-1.736470
0.278000	-1.727420
0.279000	-1.700320
0.280000	-1.691290
0.281000	-1.682260
0.282000	-1.655160
0.283000	-1.582900
0.284000	-1.510620
0.285000	-1.402230
0.286000	-1.320940
0.287000	-1.275760
0.288000	-1.158340
0.289000	-1.104140
0.290000	-0.968642
0.291000	-0.878306
0.292000	-0.778943
0.293000	-0.670532
0.294000	-0.607299
0.295000	-0.553113
0.296000	-0.516982
0.297000	-0.507936
0.298000	-0.462777
0.299000	-0.435675
0.300000	-0.426647
0.301000	-0.507936
0.302000	-0.372442
0.303000	-0.236948
0.304000	-0.236948
0.305000	-0.200818
0.306000	-0.245976
0.307000	-0.209846
0.308000	-0.128538
0.309000	-0.164687
0.310000	-0.200818
0.311000	-0.291153
0.312000	-0.363414
0.313000	-0.372442
0.314000	-0.372442
0.315000	-0.390517
0.316000	-0.354368
0.317000	-0.390517
0.318000	-0.417601
0.319000	-0.273079
0.320000	-0.182743
0.321000	-0.137585
0.322000	-0.101454
0.323000	-0.056277
0.324000	-0.047249
0.325000	0.015984
0.326000	0.079217
0.327000	0.070189
0.328000	0.034059
0.329000	-0.002090
0.330000	-0.065305
0.331000	-0.137585
0.332000	-0.155641
0.333000	-0.182743
0.334000	-0.191771
0.335000	-0.191771
0.336000	-0.146613
0.337000	-0.146613
0.338000	-0.074351
0.339000	-0.038221
0.340000	-0.047249
0.341000	-0.002090
0.342000	0.015984
0.343000	0.070189
0.344000	0.124375
0.345000	0.169553
0.346000	0.160525
0.347000	0.214711
0.348000	0.214711
0.349000	0.241814
0.350000	0.232786
0.351000	0.250842
0.352000	0.178581
0.353000	0.151478
0.354000	0.097291
0.355000	0.070189
0.356000	0.088245
0.357000	0.043086
0.358000	0.061143
0.359000	0.006956
0.360000	0.034059
0.361000	-0.029174
0.362000	-0.002090
0.363000	-0.092408
0.364000	-0.119510
0.365000	-0.128538
0.366000	-0.200818
0.367000	-0.137585
0.368000	-0.182743
0.369000	-0.182743
0.370000	-0.200818
0.371000	-0.218874
0.372000	-0.264051
0.373000	-0.309209
0.374000	-0.354368
0.375000	-0.435675
0.376000	-0.462777
0.377000	-0.535038
0.378000	-0.607299
0.379000	-0.679579
0.380000	-0.742812
0.381000	-0.878306
0.382000	-0.932493
0.383000	-1.049930
0.384000	-1.131240
0.385000	-1.203500
0.386000	-1.320940
0.387000	-1.402230
0.388000	-1.447400
0.389000	-1.492560
0.390000	-1.519660
0.391000	-1.528690
0.392000	-1.528690
0.393000	-1.501590
0.394000	-1.474490
0.395000	-1.438360
0.396000	-1.411250
0.397000	-1.366100
0.398000	-1.293830
0.399000	-1.284790
0.400000	-1.248660
0.401000	-1.167370
0.402000	-1.122190
0.403000	-1.068010
0.404000	-1.040900
0.405000	-1.058960
0.406000	-1.077030
0.407000	-1.013800
0.408000	-1.086060
0.409000	-1.086060
0.410000	-1.104140
0.411000	-1.149290
0.412000	-1.203500
0.413000	-1.239630
0.414000	-1.221560
0.415000	-1.176400
0.416000	-1.158340
0.417000	-1.058960
0.418000	-1.031870
0.419000	-1.013800
0.420000	-0.914437
0.421000	-0.896362
0.422000	-0.851204
0.423000	-0.815073
0.424000	-0.787971
0.425000	-0.787971
0.426000	-0.760868
0.427000	-0.787971
0.428000	-0.733766
0.429000	-0.769896
0.430000	-0.751840
0.431000	-0.706663
0.432000	-0.724738
0.433000	-0.697635
0.434000	-0.733766
0.435000	-0.715710
0.436000	-0.706663
0.437000	-0.778943
0.438000	-0.751840
0.439000	-0.787971
0.440000	-0.796999
0.441000	-0.815073
0.442000	-0.778943
0.443000	-0.733766
0.444000	-0.661504
0.445000	-0.607299
0.446000	-0.544066
0.447000	-0.571169
0.448000	-0.607299
0.449000	-0.625374
0.450000	-0.616346
0.451000	-0.526010
0.452000	-0.607299
0.453000	-0.553113
0.454000	-0.598271
0.455000	-0.571169
0.456000	-0.580215
0.457000	-0.598271
0.458000	-0.661504
0.459000	-0.706663
0.460000	-0.742812
0.461000	-0.688607
0.462000	-0.715710
0.463000	-0.733766
0.464000	-0.706663
0.465000	-0.706663
0.466000	-0.688607
0.467000	-0.733766
0.468000	-0.706663
0.469000	-0.715710
0.470000	-0.769896
0.471000	-0.769896
0.472000	-0.833129
0.473000	-0.851204
0.474000	-0.878306
0.475000	-0.851204
0.476000	-0.815073
0.477000	-0.842176
0.478000	-0.769896
0.479000	-0.769896
0.480000	-0.688607
0.481000	-0.733766
0.482000	-0.724738
0.483000	-0.751840
0.484000	-0.697635
0.485000	-0.742812
0.486000	-0.806045
0.487000	-0.833129
0.488000	-0.869278
0.489000	-0.905409
0.490000	-0.878306
0.491000	-0.887334
0.492000	-0.869278
0.493000	-0.851204
0.494000	-0.842176
0.495000	-0.787971
0.496000	-0.769896
0.497000	-0.760868
0.498000	-0.769896
0.499000	-0.751840
0.500000	-0.733766
0.501000	-0.769896
0.502000	-0.742812
0.503000	-0.769896
0.504000	-0.815073
0.505000	-0.860232
0.506000	-0.860232
0.507000	-0.914437
0.508000	-0.959595
0.509000	-0.977670
0.510000	-1.031870
0.511000	-1.049930
0.512000	-1.095110
0.513000	-1.140270
0.514000	-1.131240
0.515000	-1.122190
0.516000	-1.131240
0.517000	-1.122190
0.518000	-1.122190
0.519000	-1.131240
0.520000	-1.104140
0.521000	-1.058960
0.522000	-0.968642
0.523000	-0.968642
0.524000	-0.950567
0.525000	-0.896362
0.526000	-0.878306
0.527000	-0.869278
0.528000	-0.742812
0.529000	-0.742812
0.530000	-0.706663
0.531000	-0.751840
0.532000	-0.697635
0.533000	-0.715710
0.534000	-0.751840
0.535000	-0.815073
0.536000	-0.914437
0.537000	-0.959595
0.538000	-1.022830
0.539000	-1.022830
0.540000	-1.095110
0.541000	-1.113160
0.542000	-1.149290
0.543000	-1.194470
0.544000	-1.248660
0.545000	-1.230600
0.546000	-1.257700
0.547000	-1.302860
0.548000	-1.311890
0.549000	-1.338990
0.550000	-1.338990
0.551000	-1.375120
0.552000	-1.402230
0.553000	-1.429330
0.554000	-1.447400
0.555000	-1.474490
0.556000	-1.501590
0.557000	-1.483530
0.558000	-1.519660
0.559000	-1.555790
0.560000	-1.555790
0.561000	-1.555790
0.562000	-1.519660
0.563000	-1.546770
0.564000	-1.546770
0.565000	-1.519660
0.566000	-1.465460
0.567000	-1.420300
0.568000	-1.375120
0.569000	-1.447400
0.570000	-1.429330
0.571000	-1.474490
0.572000	-1.546770
0.573000	-1.564820
0.574000	-1.429330
0.575000	-1.239630
0.576000	-1.456430
0.577000	-1.664190
0.578000	-1.610000
0.579000	-1.131240
0.580000	-1.302860
0.581000	-1.040900
0.582000	-0.923465
0.583000	-0.733766
0.584000	-0.851204
0.585000	-0.824101
0.586000	-0.833129
0.587000	-1.013800
0.588000	-1.131240
0.589000	-1.104140
0.590000	-1.194470
0.591000	-1.302860
0.592000	-1.411250
0.593000	-1.438360
0.594000	-1.483530
0.595000	-1.600950
0.596000	-1.691290
0.597000	-1.646130
0.598000	-1.420300
0.599000	-1.474490
0.600000	-1.438360
0.601000	-1.366100
0.602000	-1.510620
0.603000	-1.429330
0.604000	-1.447400
0.605000	-1.311890
0.606000	-1.284790
0.607000	-1.266730
0.608000	-1.221560
0.609000	-1.212530
0.610000	-1.257700
0.611000	-1.420300
0.612000	-1.546770
0.613000	-1.564820
0.614000	-1.600950
0.615000	-1.664190
0.616000	-1.727420
0.617000	-1.637080
0.618000	-1.600950
0.619000	-1.591930
0.620000	-1.483530
0.621000	-1.483530
0.622000	-1.465460
0.623000	-1.438360
0.624000	-1.501590
0.625000	-1.546770
0.626000	-1.537720
0.627000	-1.610000
0.628000	-1.637080
0.629000	-1.619030
0.630000	-1.546770
0.631000	-1.546770
0.632000	-1.546770
0.633000	-1.546770
0.634000	-1.411250
0.635000	-1.456430
0.636000	-1.375120
0.637000	-1.402230
0.638000	-1.375120
0.639000	-1.438360
0.640000	-1.393200
0.641000	-1.411250
0.642000	-1.393200
0.643000	-1.474490
0.644000	-1.483530
0.645000	-1.519660
0.646000	-1.600950
0.647000	-1.691290
0.648000	-1.736470
0.649000	-1.646130
0.650000	-1.610000
0.651000	-1.628060
0.652000	-1.610000
0.653000	-1.564820
0.654000	-1.537720
0.655000	-1.501590
0.656000	-1.474490
0.657000	-1.474490
0.658000	-1.492560
0.659000	-1.465460
0.660000	-1.510620
0.661000	-1.519660
0.662000	-1.501590
0.663000	-1.438360
0.664000	-1.474490
0.665000	-1.447400
0.666000	-1.519660
0.667000	-1.610000
0.668000	-1.691290
0.669000	-1.754520
0.670000	-1.763550
0.671000	-1.727420
0.672000	-1.718390
0.673000	-1.673230
0.674000	-1.655160
0.675000	-1.637080
0.676000	-1.637080
0.677000	-1.546770
0.678000	-1.610000
0.679000	-1.727420
0.680000	-1.781620
0.681000	-1.844860
0.682000	-1.899060
0.683000	-1.835830
0.684000	-1.781620
0.685000	-1.709360
0.686000	-1.655160
0.687000	-1.646130
0.688000	-1.664190
0.689000	-1.646130
0.690000	-1.619030
0.691000	-1.591930
0.692000	-1.555790
0.693000	-1.555790
0.694000	-1.510620
0.695000	-1.465460
0.696000	-1.429330
0.697000	-1.393200
0.698000	-1.302860
0.699000	-1.302860
0.700000	-1.329960
0.701000	-1.402230
0.702000	-1.438360
0.703000	-1.438360
0.704000	-1.429330
0.705000	-1.402230
0.706000	-1.375120
0.707000	-1.329960
0.708000	-1.302860
0.709000	-1.302860
0.710000	-1.357070
0.711000	-1.447400
0.712000	-1.555790
0.713000	-1.646130
0.714000	-1.682260
0.715000	-1.673230
0.716000	-1.655160
0.717000	-1.619030
0.718000	-1.537720
0.719000	-1.501590
0.720000	-1.492560
0.721000	-1.528690
0.722000	-1.582900
0.723000	-1.628060
0.724000	-1.655160
0.725000	-1.655160
0.726000	-1.619030
0.727000	-1.600950
0.728000	-1.582900
0.729000	-1.510620
0.730000	-1.465460
0.731000	-1.429330
0.732000	-1.447400
0.733000	-1.501590
0.734000	-1.591930
0.735000	-1.628060
0.736000	-1.637080
0.737000	-1.637080
0.738000	-1.573850
0.739000	-1.582900
0.740000	-1.564820
0.741000	-1.537720
0.742000	-1.564820
0.743000	-1.555790
0.744000	-1.610000
0.745000	-1.628060
0.746000	-1.664190
0.747000	-1.682260
0.748000	-1.610000
0.749000	-1.555790
0.750000	-1.465460
0.751000	-1.456430
0.752000	-1.438360
0.753000	-1.411250
0.754000	-1.456430
0.755000	-1.447400
0.756000	-1.429330
0.757000	-1.429330
0.758000	-1.447400
0.759000	-1.501590
0.760000	-1.483530
0.761000	-1.501590
0.762000	-1.501590
0.763000	-1.519660
0.764000	-1.537720
0.765000	-1.519660
0.766000	-1.483530
0.767000	-1.438360
0.768000	-1.420300
0.769000	-1.429330
0.770000	-1.429330
0.771000	-1.411250
0.772000	-1.438360
0.773000	-1.429330
0.774000	-1.411250
0.775000	-1.402230
0.776000	-1.402230
0.777000	-1.366100
0.778000	-1.366100
0.779000	-1.329960
0.780000	-1.302860
0.781000	-1.275760
0.782000	-1.248660
0.783000	-1.203500
0.784000	-1.203500
0.785000	-1.221560
0.786000	-1.194470
0.787000	-1.239630
0.788000	-1.230600
0.789000	-1.221560
0.790000	-1.230600
0.791000	-1.248660
0.792000	-1.239630
0.793000	-1.239630
0.794000	-1.212530
0.795000	-1.185420
0.796000	-1.167370
0.797000	-1.158340
0.798000	-1.167370
0.799000	-1.167370
0.800000	-1.113160
0.801000	-1.113160
0.802000	-1.077030
0.803000	-1.077030
0.804000	-1.068010
0.805000	-1.040900
0.806000	-1.031870
0.807000	-1.040900
0.808000	-1.049930
0.809000	-1.040900
0.810000	-1.022830
0.811000	-1.049930
0.812000	-1.049930
0.813000	-1.086060
0.814000	-1.104140
0.815000	-1.113160
0.816000	-1.149290
0.817000	-1.158340
0.818000	-1.149290
0.819000	-1.140270
0.820000	-1.158340
0.821000	-1.149290
0.822000	-1.158340
0.823000	-1.149290
0.824000	-1.131240
0.825000	-1.131240
0.826000	-1.167370
0.827000	-1.140270
0.828000	-1.140270
0.829000	-1.212530
0.830000	-1.185420
0.831000	-1.176400
0.832000	-1.212530
0.833000	-1.239630
0.834000	-1.239630
0.835000	-1.320940
0.836000	-1.329960
0.837000	-1.366100
0.838000	-1.402230
0.839000	-1.393200
0.840000	-1.393200
0.841000	-1.393200
0.842000	-1.402230
0.843000	-1.393200
0.844000	-1.456430
0.845000	-1.447400
0.846000	-1.420300
0.847000	-1.510620
0.848000	-1.465460
0.849000	-1.474490
0.850000	-1.483530
0.851000	-1.465460
0.852000	-1.438360
0.853000	-1.456430
0.854000	-1.429330
0.855000	-1.429330
0.856000	-1.456430
0.857000	-1.447400
0.858000	-1.438360
0.859000	-1.474490
0.860000	-1.456430
0.861000	-1.474490
0.862000	-1.483530
0.863000	-1.447400
0.864000	-1.447400
0.865000	-1.483530
0.866000	-1.447400
0.867000	-1.465460
0.868000	-1.492560
0.869000	-1.474490
0.870000	-1.474490
0.871000	-1.456430
0.872000	-1.483530
0.873000	-1.492560
0.874000	-1.483530
0.875000	-1.483530
0.876000	-1.528690
0.877000	-1.510620
0.878000	-1.501590
0.879000	-1.510620
0.880000	-1.519660
0.881000	-1.519660
0.882000	-1.528690
0.883000	-1.510620
0.884000	-1.501590
0.885000	-1.519660
0.886000	-1.510620
0.887000	-1.510620
0.888000	-1.528690
0.889000	-1.555790
0.890000	-1.564820
0.891000	-1.555790
0.892000	-1.564820
0.893000	-1.564820
0.894000	-1.555790
0.895000	-1.519660
0.896000	-1.492560
0.897000	-1.501590
0.898000	-1.474490
0.899000	-1.474490
0.900000	-1.474490
0.901000	-1.474490
0.902000	-1.465460
0.903000	-1.483530
0.904000	-1.528690
0.905000	-1.483530
0.906000	-1.474490
0.907000	-1.492560
0.908000	-1.483530
0.909000	-1.447400
0.910000	-1.465460
0.911000	-1.447400
0.912000	-1.465460
0.913000	-1.465460
0.914000	-1.456430
0.915000	-1.483530
0.916000	-1.465460
0.917000	-1.447400
0.918000	-1.456430
0.919000	-1.447400
0.920000	-1.429330
0.921000	-1.429330
0.922000	-1.402230
0.923000	-1.393200
0.924000	-1.375120
0.925000	-1.393200
0.926000	-1.393200
0.927000	-1.375120
0.928000	-1.366100
0.929000	-1.366100
0.930000	-1.384170
0.931000	-1.366100
0.932000	-1.384170
0.933000	-1.384170
0.934000	-1.402230
0.935000	-1.402230
0.936000	-1.411250
0.937000	-1.420300
0.938000	-1.429330
0.939000	-1.420300
0.940000	-1.420300
0.941000	-1.465460
0.942000	-1.456430
0.943000	-1.465460
0.944000	-1.483530
0.945000	-1.483530
0.946000	-1.501590
0.947000	-1.501590
0.948000	-1.510620
0.949000	-1.492560
0.950000	-1.528690
0.951000	-1.528690
0.952000	-1.519660
0.953000	-1.537720
0.954000	-1.546770
0.955000	-1.555790
0.956000	-1.573850
0.957000	-1.582900
0.958000	-1.610000
0.959000	-1.899060
0.960000	-2.025530
0.961000	-1.853890
0.962000	-1.899060
0.963000	-1.953250
0.964000	-1.772600
0.965000	-1.745490
0.966000	-1.718390
0.967000	-1.682260
0.968000	-1.573850
0.969000	-1.483530
0.970000	-1.474490
0.971000	-1.474490
0.972000	-1.483530
0.973000	-1.537720
0.974000	-1.619030
0.975000	-1.763550
0.976000	-1.844860
0.977000	-1.835830
0.978000	-1.853890
0.979000	-1.862910
0.980000	-1.835830
0.981000	-1.817750
0.982000	-1.790650
0.983000	-1.754520
0.984000	-1.709360
0.985000	-1.700320
0.986000	-1.709360
0.987000	-1.700320
0.988000	-1.682260
0.989000	-1.691290
0.990000	-1.754520
0.991000	-1.835830
0.992000	-1.880990
0.993000	-1.917120
0.994000	-1.944220
0.995000	-1.962290
0.996000	-1.962290
0.997000	-1.953250
0.998000	-1.926150
0.999000	-1.899060
1.000000	-1.853890
1.001000	-1.835830
1.002000	-1.817750
1.003000	-1.754520
1.004000	-1.727420
1.005000	-1.745490
1.006000	-1.781620
1.007000	-1.772600
1.008000	-1.781620
1.009000	-1.781620
1.010000	-1.790650
1.011000	-1.763550
1.012000	-1.754520
1.013000	-1.754520
1.014000	-1.709360
1.015000	-1.673230
1.016000	-1.682260
1.017000	-1.700320
1.018000	-1.682260
1.019000	-1.655160
1.020000	-1.664190
1.021000	-1.691290
1.022000	-1.727420
1.023000	-1.736470
1.024000	-1.745490
1.025000	-1.763550
1.026000	-1.754520
1.027000	-1.754520
1.028000	-1.736470
1.029000	-1.754520
1.030000	-1.736470
1.031000	-1.709360
1.032000	-1.691290
1.033000	-1.700320
1.034000	-1.700320
1.035000	-1.691290
1.036000	-1.700320
1.037000	-1.700320
1.038000	-1.709360
1.039000	-1.727420
1.040000	-1.727420
1.041000	-1.736470
1.042000	-1.727420
1.043000	-1.700320
1.044000	-1.700320
1.045000	-1.682260
1.046000	-1.664190
1.047000	-1.646130
1.048000	-1.646130
1.049000	-1.655160
1.050000	-1.655160
1.051000	-1.682260
1.052000	-1.691290
1.053000	-1.718390
1.054000	-1.727420
1.055000	-1.754520
1.056000	-1.763550
1.057000	-1.763550
1.058000	-1.763550
1.059000	-1.754520
1.060000	-1.745490
1.061000	-1.736470
1.062000	-1.727420
1.063000	-1.727420
1.064000	-1.709360
1.065000	-1.718390
1.066000	-1.718390
1.067000	-1.736470
1.068000	-1.754520
1.069000	-1.763550
1.070000	-1.754520
1.071000	-1.781620
1.072000	-1.781620
1.073000	-1.781620
1.074000	-1.790650
1.075000	-1.772600
1.076000	-1.781620
1.077000	-1.763550
1.078000	-1.790650
1.079000	-1.799680
1.080000	-1.799680
1.081000	-1.799680
1.082000	-1.799680
1.083000	-1.808730
1.084000	-1.826780
1.085000	-1.853890
1.086000	-1.844860
1.087000	-1.853890
1.088000	-1.862910
1.089000	-1.871960
1.090000	-1.880990
1.091000	-1.871960
1.092000	-1.862910
1.093000	-1.871960
1.094000	-1.890020
1.095000	-1.899060
1.096000	-1.917120
1.097000	-1.908090
1.098000	-1.899060
1.099000	-1.917120
1.100000	-1.908090
1.101000	-1.917120
1.102000	-1.917120
1.103000	-1.926150
1.104000	-1.935190
1.105000	-1.944220
1.106000	-1.926150
1.107000	-1.944220
1.108000	-1.935190
1.109000	-1.953250
1.110000	-1.953250
1.111000	-1.944220
1.112000	-1.953250
1.113000	-1.953250
1.114000	-1.944220
1.115000	-1.944220
1.116000	-1.926150
1.117000	-1.926150
1.118000	-1.917120
1.119000	-1.926150
1.120000	-1.917120
1.121000	-1.917120
1.122000	-1.935190
1.123000	-1.935190
1.124000	-1.935190
1.125000	-1.944220
1.126000	-1.953250
1.127000	-1.962290
1.128000	-1.962290
1.129000	-1.989380
1.130000	-1.989380
1.131000	-1.998430
1.132000	-1.989380
1.133000	-1.989380
1.134000	-1.980350
1.135000	-1.971320
1.136000	-1.962290
1.137000	-1.935190
1.138000	-1.935190
1.139000	-1.944220
1.140000	-1.935190
1.141000	-1.935190
1.142000	-1.935190
1.143000	-1.935190
1.144000	-1.926150
1.145000	-1.917120
1.146000	-1.890020
1.147000	-1.899060
1.148000	-1.908090
1.149000	-1.908090
1.150000	-1.908090
1.151000	-1.917120
1.152000	-1.899060
1.153000	-1.917120
1.154000	-1.899060
1.155000	-1.880990
1.156000	-1.899060
1.157000	-1.880990
1.158000	-1.890020
1.159000	-1.871960
1.160000	-1.880990
1.161000	-1.862910
1.162000	-1.862910
1.163000	-1.871960
1.164000	-1.853890
1.165000	-1.871960
1.166000	-1.908090
1.167000	-1.944220
1.168000	-1.971320
1.169000	-2.025530
1.170000	-2.043580
1.171000	-2.025530
1.172000	-2.025530
1.173000	-1.998430
1.174000	-1.971320
1.175000	-1.971320
1.176000	-1.962290
1.177000	-1.971320
1.178000	-1.935190
1.179000	-1.935190
1.180000	-1.944220
1.181000	-1.953250
1.182000	-1.944220
1.183000	-1.953250
1.184000	-1.971320
1.185000	-1.971320
1.186000	-1.980350
1.187000	-1.980350
1.188000	-1.998430
1.189000	-2.007450
1.190000	-1.980350
1.191000	-2.016480
1.192000	-1.989380
1.193000	-1.980350
1.194000	-1.998430
1.195000	-1.989380
1.196000	-2.016480
1.197000	-2.043580
1.198000	-2.061660
1.199000	-2.061660
1.200000	-2.097790
1.201000	-2.115850
1.202000	-2.124890
1.203000	-2.133920
1.204000	-2.161020
1.205000	-2.151980
1.206000	-2.161020
1.207000	-2.188120
1.208000	-2.151980
1.209000	-2.133920
1.210000	-2.124890
1.211000	-2.097790
1.212000	-2.079710
1.213000	-2.079710
1.214000	-2.079710
1.215000	-2.115850
1.216000	-2.142950
1.217000	-2.151980
1.218000	-2.161020
1.219000	-2.161020
1.220000	-2.151980
1.221000	-2.142950
1.222000	-2.088740
1.223000	-2.088740
1.224000	-2.088740
1.225000	-2.079710
1.226000	-2.079710
1.227000	-2.115850
1.228000	-2.133920
1.229000	-2.124890
1.230000	-2.161020
1.231000	-2.161020
1.232000	-2.151980
1.233000	-2.161020
1.234000	-2.161020
1.235000	-2.133920
1.236000	-2.097790
1.237000	-2.115850
1.238000	-2.106820
1.239000	-2.115850
1.240000	-2.124890
1.241000	-2.151980
1.242000	-2.161020
1.243000	-2.197150
1.244000	-2.188120
1.245000	-2.197150
1.246000	-2.188120
1.247000	-2.188120
1.248000	-2.188120
1.249000	-2.170050
1.250000	-2.188120
1.251000	-2.197150
1.252000	-2.197150
1.253000	-2.206180
1.254000	-2.215210
1.255000	-2.242310
1.256000	-2.251360
1.257000	-2.269410
1.258000	-2.251360
1.259000	-2.260390
1.260000	-2.287490
1.261000	-2.278440
1.262000	-2.296520
1.263000	-2.314590
1.264000	-2.305540
1.265000	-2.314590
1.266000	-2.314590
1.267000	-2.332650
1.268000	-2.314590
1.269000	-2.314590
1.270000	-2.305540
1.271000	-2.323620
1.272000	-2.332650
1.273000	-2.332650
1.274000	-2.332650
1.275000	-2.323620
1.276000	-2.305540
1.277000	-2.278440
1.278000	-2.242310
1.279000	-2.197150
1.280000	-2.206180
1.281000	-2.215210
1.282000	-2.188120
1.283000	-2.188120
1.284000	-2.188120
1.285000	-2.170050
1.286000	-2.179080
1.287000	-2.161020
1.288000	-2.142950
1.289000	-2.151980
1.290000	-2.133920
1.291000	-2.133920
1.292000	-2.124890
1.293000	-2.106820
1.294000	-2.115850
1.295000	-2.124890
1.296000	-2.088740
1.297000	-2.097790
1.298000	-2.106820
1.299000	-2.106820
1.300000	-2.106820
1.301000	-2.142950
1.302000	-2.151980
1.303000	-2.188120
1.304000	-2.197150
1.305000	-2.197150
1.306000	-2.206180
1.307000	-2.206180
1.308000	-2.197150
1.309000	-2.179080
1.310000	-2.170050
1.311000	-2.179080
1.312000	-2.188120
1.313000	-2.197150
1.314000	-2.179080
1.315000	-2.197150
1.316000	-2.188120
1.317000	-2.161020
1.318000	-2.170050
1.319000	-2.151980
1.320000	-2.170050
1.321000	-2.179080
1.322000	-2.151980
1.323000	-2.151980
1.324000	-2.151980
1.325000	-2.151980
1.326000	-2.133920
1.327000	-2.142950
1.328000	-2.133920
1.329000	-2.115850
1.330000	-2.115850
1.331000	-2.097790
1.332000	-2.097790
1.333000	-2.115850
1.334000	-2.133920
1.335000	-2.133920
1.336000	-2.124890
1.337000	-2.115850
1.338000	-2.115850
1.339000	-2.124890
1.340000	-2.106820
1.341000	-2.106820
1.342000	-2.115850
1.343000	-2.124890
1.344000	-2.124890
1.345000	-2.151980
1.346000	-2.151980
1.347000	-2.151980
1.348000	-2.151980
1.349000	-2.151980
1.350000	-2.179080
1.351000	-2.151980
1.352000	-2.170050
1.353000	-2.188120
1.354000	-2.197150
1.355000	-2.188120
1.356000	-2.188120
1.357000	-2.161020
1.358000	-2.161020
1.359000	-2.188120
1.360000	-2.206180
1.361000	-2.224260
1.362000	-2.233280
1.363000	-2.224260
1.364000	-2.224260
1.365000	-2.233280
1.366000	-2.224260
1.367000	-2.242310
1.368000	-2.224260
1.369000	-2.215210
1.370000	-2.197150
1.371000	-2.206180
1.372000	-2.224260
1.373000	-2.242310
1.374000	-2.269410
1.375000	-2.287490
1.376000	-2.296520
1.377000	-2.314590
1.378000	-2.305540
1.379000	-2.278440
1.380000	-2.269410
1.381000	-2.233280
1.382000	-2.215210
1.383000	-2.224260
1.384000	-2.224260
1.385000	-2.233280
1.386000	-2.242310
1.387000	-2.260390
1.388000	-2.269410
1.389000	-2.269410
1.390000	-2.224260
1.391000	-2.224260
1.392000	-2.197150
1.393000	-2.197150
1.394000	-2.188120
1.395000	-2.188120
1.396000	-2.197150
1.397000	-2.215210
1.398000	-2.206180
1.399000	-2.206180
1.400000	-2.233280
1.401000	-2.242310
1.402000	-2.242310
1.403000	-2.242310
1.404000	-2.233280
1.405000	-2.242310
1.406000	-2.251360
1.407000	-2.251360
1.408000	-2.233280
1.409000	-2.242310
1.410000	-2.251360
1.411000	-2.260390
1.412000	-2.251360
1.413000	-2.260390
1.414000	-2.260390
1.415000	-2.278440
1.416000	-2.242310
1.417000	-2.242310
1.418000	-2.242310
1.419000	-2.233280
1.420000	-2.242310
1.421000	-2.242310
1.422000	-2.260390
1.423000	-2.242310
1.424000	-2.242310
1.425000	-2.251360
1.426000	-2.242310
1.427000	-2.251360
1.428000	-2.242310
1.429000	-2.233280
1.430000	-2.215210
1.431000	-2.251360
1.432000	-2.260390
1.433000	-2.260390
1.434000	-2.251360
1.435000	-2.242310
1.436000	-2.242310
1.437000	-2.251360
1.438000	-2.233280
1.439000	-2.233280
1.440000	-2.242310
1.441000	-2.224260
1.442000	-2.224260
1.443000	-2.224260
1.444000	-2.224260
1.445000	-2.251360
1.446000	-2.242310
1.447000	-2.233280
1.448000	-2.242310
1.449000	-2.233280
1.450000	-2.215210
1.451000	-2.224260
1.452000	-2.233280
1.453000	-2.233280
1.454000	-2.215210
1.455000	-2.224260
1.456000	-2.215210
1.457000	-2.197150
1.458000	-2.224260
1.459000	-2.206180
1.460000	-2.197150
1.461000	-2.233280
1.462000	-2.233280
1.463000	-2.242310
1.464000	-2.260390
1.465000	-2.233280
1.466000	-2.215210
1.467000	-2.206180
1.468000	-2.206180
1.469000	-2.206180
1.470000	-2.206180
1.471000	-2.224260
1.472000	-2.215210
1.473000	-2.215210
1.474000	-2.224260
1.475000	-2.242310
1.476000	-2.242310
1.477000	-2.251360
1.478000	-2.260390
1.479000	-2.269410
1.480000	-2.269410
1.481000	-2.260390
1.482000	-2.251360
1.483000	-2.242310
1.484000	-2.242310
1.485000	-2.242310
1.486000	-2.242310
1.487000	-2.269410
1.488000	-2.269410
1.489000	-2.269410
1.490000	-2.287490
1.491000	-2.287490
1.492000	-2.278440
1.493000	-2.305540
1.494000	-2.287490
1.495000	-2.287490
1.496000	-2.296520
1.497000	-2.287490
1.498000	-2.287490
1.499000	-2.278440
1.500000	-2.251360
1.501000	-2.260390
1.502000	-2.260390
1.503000	-2.242310
1.504000	-2.242310
1.505000	-2.260390
1.506000	-2.242310
1.507000	-2.251360
1.508000	-2.233280
1.509000	-2.233280
1.510000	-2.242310
1.511000	-2.251360
1.512000	-2.251360
1.513000	-2.242310
1.514000	-2.251360
1.515000	-2.260390
1.516000	-2.251360
1.517000	-2.242310
1.518000	-2.260390
1.519000	-2.260390
1.520000	-2.278440
1.521000	-2.278440
1.522000	-2.278440
1.523000	-2.287490
1.524000	-2.296520
1.525000	-2.305540
1.526000	-2.323620
1.527000	-2.341670
1.528000	-2.332650
1.529000	-2.332650
1.530000	-2.332650
1.531000	-2.341670
1.532000	-2.341670
1.533000	-2.350720
1.534000	-2.314590
1.535000	-2.341670
1.536000	-2.350720
1.537000	-2.377810
1.538000	-2.395880
1.539000	-2.386850
1.540000	-2.368780
1.541000	-2.377810
1.542000	-2.359750
1.543000	-2.341670
1.544000	-2.323620
1.545000	-2.296520
1.546000	-2.278440
1.547000	-2.260390
1.548000	-2.260390
1.549000	-2.269410
1.550000	-2.269410
1.551000	-2.287490
1.552000	-2.296520
1.553000	-2.287490
1.554000	-2.296520
1.555000	-2.296520
1.556000	-2.287490
1.557000	-2.287490
1.558000	-2.269410
1.559000	-2.269410
1.560000	-2.269410
1.561000	-2.242310
1.562000	-2.233280
1.563000	-2.233280
1.564000	-2.260390
1.565000	-2.278440
1.566000	-2.314590
1.567000	-2.332650
1.568000	-2.323620
1.569000	-2.332650
1.570000	-2.305540
1.571000	-2.305540
1.572000	-2.278440
1.573000	-2.287490
1.574000	-2.296520
1.575000	-2.332650
1.576000	-2.359750
1.577000	-2.386850
1.578000	-2.386850
1.579000	-2.395880
1.580000	-2.386850
1.581000	-2.404910
1.582000	-2.386850
1.583000	-2.386850
1.584000	-2.386850
1.585000	-2.404910
1.586000	-2.432010
1.587000	-2.441040
1.588000	-2.459110
1.589000	-2.441040
1.590000	-2.441040
1.591000	-2.432010
1.592000	-2.432010
1.593000	-2.441040
1.594000	-2.450080
1.595000	-2.459110
1.596000	-2.441040
1.597000	-2.404910
1.598000	-2.395880
1.599000	-2.395880
1.600000	-2.413950
1.601000	-2.395880
1.602000	-2.386850
1.603000	-2.368780
1.604000	-2.368780
1.605000	-2.377810
1.606000	-2.377810
1.607000	-2.377810
1.608000	-2.377810
1.609000	-2.359750
1.610000	-2.341670
1.611000	-2.350720
1.612000	-2.341670
1.613000	-2.341670
1.614000	-2.350720
1.615000	-2.350720
1.616000	-2.332650
1.617000	-2.332650
1.618000	-2.314590
1.619000	-2.296520
1.620000	-2.305540
1.621000	-2.305540
1.622000	-2.314590
1.623000	-2.314590
1.624000	-2.323620
1.625000	-2.314590
1.626000	-2.296520
1.627000	-2.314590
1.628000	-2.296520
1.629000	-2.296520
1.630000	-2.305540
1.631000	-2.323620
1.632000	-2.323620
1.633000	-2.323620
1.634000	-2.314590
1.635000	-2.314590
1.636000	-2.314590
1.637000	-2.332650
1.638000	-2.341670
1.639000	-2.341670
1.640000	-2.332650
1.641000	-2.341670
1.642000	-2.341670
1.643000	-2.341670
1.644000	-2.341670
1.645000	-2.350720
1.646000	-2.359750
1.647000	-2.359750
1.648000	-2.341670
1.649000	-2.359750
1.650000	-2.359750
1.651000	-2.359750
1.652000	-2.386850
1.653000	-2.404910
1.654000	-2.404910
1.655000	-2.386850
1.656000	-2.386850
1.657000	-2.386850
1.658000	-2.395880
1.659000	-2.404910
1.660000	-2.404910
1.661000	-2.395880
1.662000	-2.413950
1.663000	-2.422980
1.664000	-2.404910
1.665000	-2.386850
1.666000	-2.386850
1.667000	-2.368780
1.668000	-2.368780
1.669000	-2.368780
1.670000	-2.368780
1.671000	-2.377810
1.672000	-2.359750
1.673000	-2.350720
1.674000	-2.341670
1.675000	-2.341670
1.676000	-2.332650
1.677000	-2.314590
1.678000	-2.332650
1.679000	-2.314590
1.680000	-2.332650
1.681000	-2.332650
1.682000	-2.323620
1.683000	-2.314590
1.684000	-2.323620
1.685000	-2.314590
1.686000	-2.332650
1.687000	-2.332650
1.688000	-2.332650
1.689000	-2.332650
1.690000	-2.341670
1.691000	-2.350720
1.692000	-2.350720
1.693000	-2.350720
1.694000	-2.341670
1.695000	-2.341670
1.696000	-2.350720
1.697000	-2.368780
1.698000	-2.386850
1.699000	-2.386850
1.700000	-2.377810
1.701000	-2.377810
1.702000	-2.377810
1.703000	-2.395880
1.704000	-2.395880
1.705000	-2.413950
1.706000	-2.413950
1.707000	-2.413950
1.708000	-2.422980
1.709000	-2.422980
1.710000	-2.413950
1.711000	-2.422980
1.712000	-2.413950
1.713000	-2.404910
1.714000	-2.368780
1.715000	-2.377810
1.716000	-2.368780
1.717000	-2.386850
1.718000	-2.395880
1.719000	-2.386850
1.720000	-2.395880
1.721000	-2.377810
1.722000	-2.368780
1.723000	-2.341670
1.724000	-2.341670
1.725000	-2.350720
1.726000	-2.359750
1.727000	-2.377810
1.728000	-2.395880
1.729000	-2.395880
1.730000	-2.386850
1.731000	-2.386850
1.732000	-2.377810
1.733000	-2.368780
1.734000	-2.395880
1.735000	-2.413950
1.736000	-2.422980
1.737000	-2.404910
1.738000	-2.404910
1.739000	-2.395880
1.740000	-2.404910
1.741000	-2.413950
1.742000	-2.404910
1.743000	-2.413950
1.744000	-2.413950
1.745000	-2.413950
1.746000	-2.413950
1.747000	-2.413950
1.748000	-2.422980
1.749000	-2.404910
1.750000	-2.404910
1.751000	-2.395880
1.752000	-2.404910
1.753000	-2.404910
1.754000	-2.422980
1.755000	-2.422980
1.756000	-2.404910
1.757000	-2.395880
1.758000	-2.404910
1.759000	-2.386850
1.760000	-2.386850
1.761000	-2.395880
1.762000	-2.395880
1.763000	-2.386850
1.764000	-2.377810
1.765000	-2.386850
1.766000	-2.404910
1.767000	-2.395880
1.768000	-2.404910
1.769000	-2.377810
1.770000	-2.386850
1.771000	-2.377810
1.772000	-2.368780
1.773000	-2.386850
1.774000	-2.386850
1.775000	-2.386850
1.776000	-2.368780
1.777000	-2.368780
1.778000	-2.359750
1.779000	-2.341670
1.780000	-2.359750
1.781000	-2.350720
1.782000	-2.341670
1.783000	-2.323620
1.784000	-2.332650
1.785000	-2.341670
1.786000	-2.341670
1.787000	-2.332650
1.788000	-2.323620
1.789000	-2.332650
1.790000	-2.341670
1.791000	-2.332650
1.792000	-2.359750
1.793000	-2.368780
1.794000	-2.377810
1.795000	-2.377810
1.796000	-2.368780
1.797000	-2.368780
1.798000	-2.368780
1.799000	-2.368780
1.800000	-2.386850
1.801000	-2.386850
1.802000	-2.395880
1.803000	-2.432010
1.804000	-2.432010
1.805000	-2.413950
1.806000	-2.413950
1.807000	-2.404910
1.808000	-2.413950
1.809000	-2.422980
1.810000	-2.422980
1.811000	-2.422980
1.812000	-2.422980
1.813000	-2.413950
1.814000	-2.404910
1.815000	-2.404910
1.816000	-2.413950
1.817000	-2.395880
1.818000	-2.395880
1.819000	-2.395880
1.820000	-2.395880
1.821000	-2.386850
1.822000	-2.386850
1.823000	-2.377810
1.824000	-2.368780
1.825000	-2.359750
1.826000	-2.368780
1.827000	-2.350720
1.828000	-2.368780
1.829000	-2.368780
1.830000	-2.359750
1.831000	-2.341670
1.832000	-2.341670
1.833000	-2.341670
1.834000	-2.341670
1.835000	-2.350720
1.836000	-2.341670
1.837000	-2.350720
1.838000	-2.350720
1.839000	-2.350720
1.840000	-2.350720
1.841000	-2.350720
1.842000	-2.359750
1.843000	-2.368780
1.844000	-2.359750
1.845000	-2.359750
1.846000	-2.341670
1.847000	-2.359750
1.848000	-2.377810
1.849000	-2.368780
1.850000	-2.377810
1.851000	-2.377810
1.852000	-2.386850
1.853000	-2.377810
1.854000	-2.368780
1.855000	-2.377810
1.856000	-2.377810
1.857000	-2.386850
1.858000	-2.395880
1.859000	-2.404910
1.860000	-2.395880
1.861000	-2.404910
1.862000	-2.413950
1.863000	-2.404910
1.864000	-2.404910
1.865000	-2.413950
1.866000	-2.413950
1.867000	-2.413950
1.868000	-2.413950
1.869000	-2.404910
1.870000	-2.413950
1.871000	-2.422980
1.872000	-2.413950
1.873000	-2.432010
1.874000	-2.422980
1.875000	-2.422980
1.876000	-2.432010
1.877000	-2.413950
1.878000	-2.422980
1.879000	-2.413950
1.880000	-2.422980
1.881000	-2.404910
1.882000	-2.404910
1.883000	-2.395880
1.884000	-2.404910
1.885000	-2.413950
1.886000	-2.413950
1.887000	-2.422980
1.888000	-2.413950
1.889000	-2.413950
1.890000	-2.404910
1.891000	-2.386850
1.892000	-2.395880
1.893000	-2.386850
1.894000	-2.386850
1.895000	-2.395880
1.896000	-2.377810
1.897000	-2.404910
1.898000	-2.404910
1.899000	-2.413950
1.900000	-2.386850
1.901000	-2.395880
1.902000	-2.395880
1.903000	-2.377810
1.904000	-2.386850
1.905000	-2.395880
1.906000	-2.395880
1.907000	-2.395880
1.908000	-2.404910
1.909000	-2.404910
1.910000	-2.413950
1.911000	-2.422980
1.912000	-2.422980
1.913000	-2.422980
1.914000	-2.422980
1.915000	-2.422980
1.916000	-2.422980
1.917000	-2.422980
1.918000	-2.422980
1.919000	-2.432010
1.920000	-2.432010
1.921000	-2.422980
1.922000	-2.432010
1.923000	-2.422980
1.924000	-2.422980
1.925000	-2.422980
1.926000	-2.422980
1.927000	-2.413950
1.928000	-2.404910
1.929000	-2.404910
1.930000	-2.395880
1.931000	-2.395880
1.932000	-2.404910
1.933000	-2.395880
1.934000	-2.404910
1.935000	-2.377810
1.936000	-2.368780
1.937000	-2.368780
1.938000	-2.377810
1.939000	-2.368780
1.940000	-2.368780
1.941000	-2.359750
1.942000	-2.350720
1.943000	-2.359750
1.944000	-2.359750
1.945000	-2.359750
1.946000	-2.359750
1.947000	-2.350720
1.948000	-2.359750
1.949000	-2.350720
1.950000	-2.350720
1.951000	-2.359750
1.952000	-2.368780
1.953000	-2.368780
1.954000	-2.368780
1.955000	-2.377810
1.956000	-2.377810
1.957000	-2.395880
1.958000	-2.386850
1.959000	-2.377810
1.960000	-2.386850
1.961000	-2.395880
1.962000	-2.404910
1.963000	-2.395880
1.964000	-2.395880
1.965000	-2.395880
1.966000	-2.404910
1.967000	-2.404910
1.968000	-2.404910
1.969000	-2.404910
1.970000	-2.422980
1.971000	-2.386850
1.972000	-2.395880
1.973000	-2.377810
1.974000	-2.386850
1.975000	-2.386850
1.976000	-2.386850
1.977000	-2.386850
1.978000	-2.395880
1.979000	-2.395880
1.980000	-2.386850
1.981000	-2.377810
1.982000	-2.386850
1.983000	-2.377810
1.984000	-2.368780
1.985000	-2.377810
1.986000	-2.359750
1.987000	-2.377810
1.988000	-2.368780
1.989000	-2.368780
1.990000	-2.377810
1.991000	-2.377810
1.992000	-2.368780
1.993000	-2.368780
1.994000	-2.368780
1.995000	-2.359750
1.996000	-2.350720
1.997000	-2.341670
1.998000	-2.350720
1.999000	-2.350720
2.000000	-2.350720
2.001000	-2.350720
2.002000	-2.359750
2.003000	-2.359750
2.004000	-2.359750
2.005000	-2.359750
2.006000	-2.359750
2.007000	-2.350720
2.008000	-2.341670
2.009000	-2.350720
2.010000	-2.359750
2.011000	-2.359750
2.012000	-2.359750
2.013000	-2.377810
2.014000	-2.386850
2.015000	-2.386850
2.016000	-2.368780
2.017000	-2.368780
2.018000	-2.377810
2.019000	-2.386850
2.020000	-2.386850
2.021000	-2.386850
2.022000	-2.404910
2.023000	-2.404910
2.024000	-2.404910
2.025000	-2.404910
2.026000	-2.413950
2.027000	-2.413950
2.028000	-2.422980
2.029000	-2.422980
2.030000	-2.404910
2.031000	-2.422980
2.032000	-2.413950
2.033000	-2.422980
2.034000	-2.404910
2.035000	-2.413950
2.036000	-2.413950
2.037000	-2.413950
2.038000	-2.404910
2.039000	-2.404910
2.040000	-2.404910
2.041000	-2.404910
2.042000	-2.404910
2.043000	-2.377810
2.044000	-2.377810
2.045000	-2.377810
2.046000	-2.377810
2.047000	-2.377810
2.048000	-2.368780
2.049000	-2.386850
2.050000	-2.377810
2.051000	-2.395880
2.052000	-2.377810
2.053000	-2.377810
2.054000	-2.377810
2.055000	-2.377810
2.056000	-2.377810
2.057000	-2.377810
2.058000	-2.386850
2.059000	-2.395880
2.060000	-2.386850
2.061000	-2.404910
2.062000	-2.386850
2.063000	-2.404910
2.064000	-2.404910
2.065000	-2.386850
2.066000	-2.386850
2.067000	-2.395880
2.068000	-2.404910
2.069000	-2.404910
2.070000	-2.422980
2.071000	-2.422980
2.072000	-2.432010
2.073000	-2.422980
2.074000	-2.422980
2.075000	-2.404910
2.076000	-2.395880
2.077000	-2.413950
2.078000	-2.413950
2.079000	-2.404910
2.080000	-2.404910
2.081000	-2.404910
2.082000	-2.404910
2.083000	-2.404910
2.084000	-2.404910
2.085000	-2.404910
2.086000	-2.404910
2.087000	-2.404910
2.088000	-2.404910
2.089000	-2.404910
2.090000	-2.395880
2.091000	-2.395880
2.092000	-2.386850
2.093000	-2.386850
2.094000	-2.386850
2.095000	-2.395880
2.096000	-2.404910
2.097000	-2.386850
2.098000	-2.377810
2.099000	-2.377810
2.100000	-2.386850
2.101000	-2.368780
2.102000	-2.377810
2.103000	-2.377810
2.104000	-2.377810
2.105000	-2.377810
2.106000	-2.377810
2.107000	-2.386850
2.108000	-2.377810
2.109000	-2.395880
2.110000	-2.386850
2.111000	-2.368780
2.112000	-2.368780
2.113000	-2.377810
2.114000	-2.377810
2.115000	-2.377810
2.116000	-2.377810
2.117000	-2.368780
2.118000	-2.386850
2.119000	-2.395880
2.120000	-2.377810
2.121000	-2.377810
2.122000	-2.377810
2.123000	-2.386850
2.124000	-2.395880
2.125000	-2.395880
2.126000	-2.395880
2.127000	-2.386850
2.128000	-2.404910
2.129000	-2.404910
2.130000	-2.404910
2.131000	-2.395880
2.132000	-2.413950
2.133000	-2.413950
2.134000	-2.404910
2.135000	-2.413950
2.136000	-2.413950
2.137000	-2.413950
2.138000	-2.395880
2.139000	-2.413950
2.140000	-2.413950
2.141000	-2.395880
2.142000	-2.395880
2.143000	-2.386850
2.144000	-2.413950
2.145000	-2.413950
2.146000	-2.413950
2.147000	-2.386850
2.148000	-2.368780
2.149000	-2.368780
2.150000	-2.368780
2.151000	-2.359750
2.152000	-2.377810
2.153000	-2.368780
2.154000	-2.368780
2.155000	-2.359750
2.156000	-2.359750
2.157000	-2.359750
2.158000	-2.368780
2.159000	-2.350720
2.160000	-2.350720
2.161000	-2.350720
2.162000	-2.359750
2.163000	-2.350720
2.164000	-2.359750
2.165000	-2.359750
2.166000	-2.359750
2.167000	-2.359750
2.168000	-2.377810
2.169000	-2.368780
2.170000	-2.368780
2.171000	-2.368780
2.172000	-2.395880
2.173000	-2.386850
2.174000	-2.395880
2.175000	-2.395880
2.176000	-2.404910
2.177000	-2.404910
2.178000	-2.404910
2.179000	-2.413950
2.180000	-2.422980
2.181000	-2.422980
2.182000	-2.413950
2.183000	-2.413950
2.184000	-2.422980
2.185000	-2.422980
2.186000	-2.432010
2.187000	-2.422980
2.188000	-2.413950
2.189000	-2.422980
2.190000	-2.432010
2.191000	-2.432010
2.192000	-2.422980
2.193000	-2.432010
2.194000	-2.413950
2.195000	-2.413950
2.196000	-2.404910
2.197000	-2.395880
2.198000	-2.404910
2.199000	-2.404910
2.200000	-2.404910
2.201000	-2.395880
2.202000	-2.386850
2.203000	-2.386850
2.204000	-2.395880
2.205000	-2.386850
2.206000	-2.386850
2.207000	-2.386850
2.208000	-2.377810
2.209000	-2.395880
2.210000	-2.359750
2.211000	-2.368780
2.212000	-2.377810
2.213000	-2.386850
2.214000	-2.368780
2.215000	-2.368780
2.216000	-2.368780
2.217000	-2.368780
2.218000	-2.395880
2.219000	-2.395880
2.220000	-2.368780
2.221000	-2.386850
2.222000	-2.377810
2.223000	-2.386850
2.224000	-2.377810
2.225000	-2.395880
2.226000	-2.386850
2.227000	-2.395880
2.228000	-2.404910
2.229000	-2.386850
2.230000	-2.395880
2.231000	-2.386850
2.232000	-2.395880
2.233000	-2.395880
2.234000	-2.386850
2.235000	-2.413950
2.236000	-2.404910
2.237000	-2.413950
2.238000	-2.413950
2.239000	-2.413950
2.240000	-2.413950
2.241000	-2.413950
2.242000	-2.395880
2.243000	-2.395880
2.244000	-2.404910
2.245000	-2.404910
2.246000	-2.413950
2.247000	-2.404910
2.248000	-2.404910
2.249000	-2.404910
2.250000	-2.395880
2.251000	-2.386850
2.252000	-2.404910
2.253000	-2.395880
2.254000	-2.395880
2.255000	-2.386850
2.256000	-2.386850
2.257000	-2.377810
2.258000	-2.377810
2.259000	-2.386850
2.260000	-2.377810
2.261000	-2.386850
2.262000	-2.386850
2.263000	-2.377810
2.264000	-2.368780
2.265000	-2.359750
2.266000	-2.359750
2.267000	-2.368780
2.268000	-2.368780
2.269000	-2.368780
2.270000	-2.377810
2.271000	-2.368780
2.272000	-2.377810
2.273000	-2.368780
2.274000	-2.359750
2.275000	-2.368780
2.276000	-2.368780
2.277000	-2.368780
2.278000	-2.359750
2.279000	-2.377810
2.280000	-2.368780
2.281000	-2.377810
2.282000	-2.377810
2.283000	-2.377810
2.284000	-2.368780
2.285000	-2.368780
2.286000	-2.368780
2.287000	-2.359750
2.288000	-2.386850
2.289000	-2.377810
2.290000	-2.377810
2.291000	-2.368780
2.292000	-2.368780
2.293000	-2.368780
2.294000	-2.386850
2.295000	-2.368780
2.296000	-2.368780
2.297000	-2.368780
2.298000	-2.377810
2.299000	-2.377810
2.300000	-2.368780
2.301000	-2.368780
2.302000	-2.368780
2.303000	-2.368780
2.304000	-2.359750
2.305000	-2.359750
2.306000	-2.359750
2.307000	-2.359750
2.308000	-2.359750
2.309000	-2.350720
2.310000	-2.341670
2.311000	-2.350720
2.312000	-2.341670
2.313000	-2.341670
2.314000	-2.332650
2.315000	-2.332650
2.316000	-2.323620
2.317000	-2.350720
2.318000	-2.332650
2.319000	-2.332650
2.320000	-2.332650
2.321000	-2.332650
2.322000	-2.323620
2.323000	-2.332650
2.324000	-2.332650
2.325000	-2.332650
2.326000	-2.332650
2.327000	-2.332650
2.328000	-2.350720
2.329000	-2.341670
2.330000	-2.341670
2.331000	-2.341670
2.332000	-2.341670
2.333000	-2.350720
2.334000	-2.350720
2.335000	-2.368780
2.336000	-2.377810
2.337000	-2.368780
2.338000	-2.359750
2.339000	-2.359750
2.340000	-2.368780
2.341000	-2.368780
2.342000	-2.377810
2.343000	-2.377810
2.344000	-2.377810
2.345000	-2.377810
2.346000	-2.377810
2.347000	-2.368780
2.348000	-2.377810
2.349000	-2.368780
2.350000	-2.377810
2.351000	-2.377810
2.352000	-2.377810
2.353000	-2.377810
2.354000	-2.377810
2.355000	-2.377810
2.356000	-2.377810
2.357000	-2.377810
2.358000	-2.377810
2.359000	-2.368780
2.360000	-2.368780
2.361000	-2.368780
2.362000	-2.368780
2.363000	-2.368780
2.364000	-2.368780
2.365000	-2.368780
2.366000	-2.350720
2.367000	-2.359750
2.368000	-2.350720
2.369000	-2.368780
2.370000	-2.350720
2.371000	-2.350720
2.372000	-2.359750
2.373000	-2.350720
2.374000	-2.350720
2.375000	-2.359750
2.376000	-2.350720
2.377000	-2.350720
2.378000	-2.350720
2.379000	-2.350720
2.380000	-2.350720
2.381000	-2.359750
2.382000	-2.350720
2.383000	-2.359750
2.384000	-2.368780
2.385000	-2.368780
2.386000	-2.350720
2.387000	-2.368780
2.388000	-2.359750
2.389000	-2.368780
2.390000	-2.368780
2.391000	-2.368780
2.392000	-2.368780
2.393000	-2.377810
2.394000	-2.377810
2.395000	-2.386850
2.396000	-2.368780
2.397000	-2.377810
2.398000	-2.386850
2.399000	-2.377810
2.400000	-2.377810
2.401000	-2.386850
2.402000	-2.386850
2.403000	-2.386850
2.404000	-2.377810
2.405000	-2.377810
2.406000	-2.377810
2.407000	-2.386850
2.408000	-2.386850
2.409000	-2.368780
2.410000	-2.377810
2.411000	-2.368780
2.412000	-2.359750
2.413000	-2.359750
2.414000	-2.350720
2.415000	-2.350720
2.416000	-2.350720
2.417000	-2.350720
2.418000	-2.332650
2.419000	-2.341670
2.420000	-2.332650
2.421000	-2.341670
2.422000	-2.332650
2.423000	-2.332650
2.424000	-2.332650
2.425000	-2.323620
2.426000	-2.314590
2.427000	-2.314590
2.428000	-2.314590
2.429000	-2.314590
2.430000	-2.314590
2.431000	-2.314590
2.432000	-2.314590
2.433000	-2.314590
2.434000	-2.305540
2.435000	-2.314590
2.436000	-2.314590
2.437000	-2.314590
2.438000	-2.323620
2.439000	-2.314590
2.440000	-2.332650
2.441000	-2.332650
2.442000	-2.323620
2.443000	-2.350720
2.444000	-2.341670
2.445000	-2.341670
2.446000	-2.332650
2.447000	-2.332650
2.448000	-2.332650
2.449000	-2.332650
2.450000	-2.341670
2.451000	-2.332650
2.452000	-2.341670
2.453000	-2.341670
2.454000	-2.341670
2.455000	-2.332650
2.456000	-2.332650
2.457000	-2.341670
2.458000	-2.341670
2.459000	-2.323620
2.460000	-2.323620
2.461000	-2.332650
2.462000	-2.323620
2.463000	-2.332650
2.464000	-2.332650
2.465000	-2.332650
2.466000	-2.323620
2.467000	-2.323620
2.468000	-2.332650
2.469000	-2.332650
2.470000	-2.332650
2.471000	-2.332650
2.472000	-2.323620
2.473000	-2.332650
2.474000	-2.332650
2.475000	-2.332650
2.476000	-2.341670
2.477000	-2.341670
2.478000	-2.332650
2.479000	-2.332650
2.480000	-2.332650
2.481000	-2.305540
2.482000	-2.332650
2.483000	-2.341670
2.484000	-2.332650
2.485000	-2.341670
2.486000	-2.341670
2.487000	-2.341670
2.488000	-2.341670
2.489000	-2.341670
2.490000	-2.332650
2.491000	-2.332650
2.492000	-2.350720
2.493000	-2.350720
2.494000	-2.350720
2.495000	-2.350720
2.496000	-2.341670
2.497000	-2.332650
2.498000	-2.341670
2.499000	-2.350720
2.500000	-2.332650
2.501000	-2.350720
2.502000	-2.350720
2.503000	-2.359750
2.504000	-2.350720
2.505000	-2.350720
2.506000	-2.359750
2.507000	-2.350720
2.508000	-2.359750
2.509000	-2.359750
2.510000	-2.350720
2.511000	-2.359750
2.512000	-2.350720
2.513000	-2.350720
2.514000	-2.341670
2.515000	-2.341670
2.516000	-2.323620
2.517000	-2.332650
2.518000	-2.314590
2.519000	-2.332650
2.520000	-2.314590
2.521000	-2.314590
2.522000	-2.314590
2.523000	-2.314590
2.524000	-2.323620
2.525000	-2.314590
2.526000	-2.287490
2.527000	-2.287490
2.528000	-2.278440
2.529000	-2.287490
2.530000	-2.278440
2.531000	-2.278440
2.532000	-2.269410
2.533000	-2.260390
2.534000	-2.269410
2.535000	-2.251360
2.536000	-2.251360
2.537000	-2.251360
2.538000	-2.242310
2.539000	-2.260390
2.540000	-2.260390
2.541000	-2.260390
2.542000	-2.260390
2.543000	-2.242310
2.544000	-2.251360
2.545000	-2.251360
2.546000	-2.242310
2.547000	-2.242310
2.548000	-2.242310
2.549000	-2.224260
2.550000	-2.233280
2.551000	-2.242310
2.552000	-2.242310
2.553000	-2.242310
2.554000	-2.242310
2.555000	-2.233280
2.556000	-2.233280
2.557000	-2.233280
2.558000	-2.233280
2.559000	-2.224260
2.560000	-2.224260
2.561000	-2.224260
2.562000	-2.224260
2.563000	-2.215210
2.564000	-2.206180
2.565000	-2.206180
2.566000	-2.224260
2.567000	-2.215210
2.568000	-2.224260
2.569000	-2.215210
2.570000	-2.206180
2.571000	-2.197150
2.572000	-2.197150
2.573000	-2.188120
2.574000	-2.188120
2.575000	-2.179080
2.576000	-2.188120
2.577000	-2.188120
2.578000	-2.179080
2.579000	-2.179080
2.580000	-2.179080
2.581000	-2.179080
2.582000	-2.170050
2.583000	-2.151980
2.584000	-2.161020
2.585000	-2.151980
2.586000	-2.151980
2.587000	-2.151980
2.588000	-2.161020
2.589000	-2.142950
2.590000	-2.133920
2.591000	-2.142950
2.592000	-2.133920
2.593000	-2.133920
2.594000	-2.133920
2.595000	-2.133920
2.596000	-2.133920
2.597000	-2.115850
2.598000	-2.124890
2.599000	-2.124890
2.600000	-2.115850
2.601000	-2.115850
2.602000	-2.115850
2.603000	-2.115850
2.604000	-2.115850
2.605000	-2.115850
2.606000	-2.124890
2.607000	-2.115850
2.608000	-2.115850
2.609000	-2.124890
2.610000	-2.115850
2.611000	-2.115850
2.612000	-2.115850
2.613000	-2.115850
2.614000	-2.115850
2.615000	-2.106820
2.616000	-2.106820
2.617000	-2.106820
2.618000	-2.097790
2.619000	-2.115850
2.620000	-2.106820
2.621000	-2.097790
2.622000	-2.097790
2.623000	-2.106820
2.624000	-2.097790
2.625000	-2.097790
2.626000	-2.088740
2.627000	-2.088740
2.628000	-2.088740
2.629000	-2.079710
2.630000	-2.070690
2.631000	-2.061660
2.632000	-2.061660
2.633000	-2.061660
2.634000	-2.052610
2.635000	-2.052610
2.636000	-2.043580
2.637000	-2.052610
2.638000	-2.034560
2.639000	-2.034560
2.640000	-2.016480
2.641000	-2.016480
2.642000	-2.016480
2.643000	-2.016480
2.644000	-2.016480
2.645000	-2.007450
2.646000	-2.007450
2.647000	-2.007450
2.648000	-2.007450
2.649000	-2.007450
2.650000	-2.007450
2.651000	-2.016480
2.652000	-2.016480
2.653000	-1.998430
2.654000	-2.007450
2.655000	-1.998430
2.656000	-2.007450
2.657000	-1.998430
2.658000	-2.007450
2.659000	-2.007450
2.660000	-1.998430
2.661000	-1.989380
2.662000	-1.989380
2.663000	-2.007450
2.664000	-1.980350
2.665000	-2.007450
2.666000	-1.980350
2.667000	-1.989380
2.668000	-1.989380
2.669000	-1.989380
2.670000	-1.989380
2.671000	-1.989380
2.672000	-1.989380
2.673000	-1.998430
2.674000	-1.980350
2.675000	-1.980350
2.676000	-1.980350
2.677000	-1.980350
2.678000	-1.980350
2.679000	-1.962290
2.680000	-1.989380
2.681000	-1.962290
2.682000	-1.962290
2.683000	-1.962290
2.684000	-1.944220
2.685000	-1.962290
2.686000	-1.953250
2.687000	-1.953250
2.688000	-1.953250
2.689000	-1.944220
2.690000	-1.944220
2.691000	-1.944220
2.692000	-1.935190
2.693000	-1.935190
2.694000	-1.926150
2.695000	-1.926150
2.696000	-1.935190
2.697000	-1.917120
2.698000	-1.926150
2.699000	-1.926150
2.700000	-1.917120
2.701000	-1.917120
2.702000	-1.917120
2.703000	-1.917120
2.704000	-1.908090
2.705000	-1.908090
2.706000	-1.917120
2.707000	-1.908090
2.708000	-1.917120
2.709000	-1.908090
2.710000	-1.917120
2.711000	-1.899060
2.712000	-1.899060
2.713000	-1.908090
2.714000	-1.908090
2.715000	-1.899060
2.716000	-1.908090
2.717000	-1.899060
2.718000	-1.899060
2.719000	-1.917120
2.720000	-1.899060
2.721000	-1.908090
2.722000	-1.908090
2.723000	-1.899060
2.724000	-1.899060
2.725000	-1.899060
2.726000	-1.899060
2.727000	-1.908090
2.728000	-1.899060
2.729000	-1.908090
2.730000	-1.890020
2.731000	-1.890020
2.732000	-1.890020
2.733000	-1.899060
2.734000	-1.880990
2.735000	-1.890020
2.736000	-1.880990
2.737000	-1.880990
2.738000	-1.890020
2.739000	-1.871960
2.740000	-1.880990
2.741000	-1.871960
2.742000	-1.862910
2.743000	-1.862910
2.744000	-1.853890
2.745000	-1.853890
2.746000	-1.862910
2.747000	-1.844860
2.748000	-1.835830
2.749000	-1.835830
2.750000	-1.835830
2.751000	-1.826780
2.752000	-1.844860
2.753000	-1.826780
2.754000	-1.826780
2.755000	-1.826780
2.756000	-1.817750
2.757000	-1.817750
2.758000	-1.817750
2.759000	-1.817750
2.760000	-1.826780
2.761000	-1.817750
2.762000	-1.817750
2.763000	-1.808730
2.764000	-1.808730
2.765000	-1.799680
2.766000	-1.790650
2.767000	-1.799680
2.768000	-1.799680
2.769000	-1.799680
2.770000	-1.808730
2.771000	-1.790650
2.772000	-1.808730
2.773000	-1.808730
2.774000	-1.790650
2.775000	-1.790650
2.776000	-1.790650
2.777000	-1.799680
2.778000	-1.790650
2.779000	-1.799680
2.780000	-1.781620
2.781000	-1.781620
2.782000	-1.772600
2.783000	-1.772600
2.784000	-1.772600
2.785000	-1.781620
2.786000	-1.772600
2.787000	-1.781620
2.788000	-1.772600
2.789000	-1.763550
2.790000	-1.754520
2.791000	-1.763550
2.792000	-1.763550
2.793000	-1.754520
2.794000	-1.763550
2.795000	-1.754520
2.796000	-1.754520
2.797000	-1.745490
2.798000	-1.736470
2.799000	-1.736470
2.800000	-1.727420
2.801000	-1.718390
2.802000	-1.709360
2.803000	-1.709360
2.804000	-1.727420
2.805000	-1.718390
2.806000	-1.709360
2.807000	-1.700320
2.808000	-1.709360
2.809000	-1.709360
2.810000	-1.700320
2.811000	-1.700320
2.812000	-1.700320
2.813000	-1.718390
2.814000	-1.700320
2.815000	-1.700320
2.816000	-1.691290
2.817000	-1.700320
2.818000	-1.700320
2.819000	-1.691290
2.820000	-1.691290
2.821000	-1.700320
2.822000	-1.700320
2.823000	-1.691290
2.824000	-1.691290
2.825000	-1.700320
2.826000	-1.700320
2.827000	-1.691290
2.828000	-1.691290
2.829000	-1.700320
2.830000	-1.700320
2.831000	-1.700320
2.832000	-1.691290
2.833000	-1.682260
2.834000	-1.682260
2.835000	-1.691290
2.836000	-1.691290
2.837000	-1.691290
2.838000	-1.691290
2.839000	-1.682260
2.840000	-1.691290
2.841000	-1.682260
2.842000	-1.682260
2.843000	-1.682260
2.844000	-1.682260
2.845000	-1.673230
2.846000	-1.664190
2.847000	-1.664190
2.848000	-1.664190
2.849000	-1.664190
2.850000	-1.655160
2.851000	-1.655160
2.852000	-1.646130
2.853000	-1.655160
2.854000	-1.646130
2.855000	-1.655160
2.856000	-1.637080
2.857000	-1.646130
2.858000	-1.628060
2.859000	-1.646130
2.860000	-1.628060
2.861000	-1.628060
2.862000	-1.637080
2.863000	-1.628060
2.864000	-1.628060
2.865000	-1.628060
2.866000	-1.628060
2.867000	-1.619030
2.868000	-1.628060
2.869000	-1.619030
2.870000	-1.619030
2.871000	-1.619030
2.872000	-1.619030
2.873000	-1.619030
2.874000	-1.619030
2.875000	-1.628060
2.876000	-1.619030
2.877000	-1.619030
2.878000	-1.610000
2.879000	-1.610000
2.880000	-1.619030
2.881000	-1.619030
2.882000	-1.619030
2.883000	-1.610000
2.884000	-1.610000
2.885000	-1.610000
2.886000	-1.600950
2.887000	-1.619030
2.888000	-1.600950
2.889000	-1.610000
2.890000	-1.610000
2.891000	-1.600950
2.892000	-1.610000
2.893000	-1.600950
2.894000	-1.600950
2.895000	-1.600950
2.896000	-1.591930
2.897000	-1.582900
2.898000	-1.600950
2.899000	-1.582900
2.900000	-1.582900
2.901000	-1.582900
2.902000	-1.582900
2.903000	-1.573850
2.904000	-1.573850
2.905000	-1.564820
2.906000	-1.555790
2.907000	-1.564820
2.908000	-1.564820
2.909000	-1.555790
2.910000	-1.555790
2.911000	-1.555790
2.912000	-1.546770
2.913000	-1.555790
2.914000	-1.546770
2.915000	-1.537720
2.916000	-1.537720
2.917000	-1.537720
2.918000	-1.546770
2.919000	-1.537720
2.920000	-1.528690
2.921000	-1.528690
2.922000	-1.528690
2.923000	-1.519660
2.924000	-1.519660
2.925000	-1.528690
2.926000	-1.519660
2.927000	-1.519660
2.928000	-1.501590
2.929000	-1.519660
2.930000	-1.519660
2.931000	-1.510620
2.932000	-1.510620
2.933000	-1.501590
2.934000	-1.492560
2.935000	-1.510620
2.936000	-1.483530
2.937000	-1.501590
2.938000	-1.492560
2.939000	-1.501590
2.940000	-1.492560
2.941000	-1.492560
2.942000	-1.510620
2.943000	-1.492560
2.944000	-1.492560
2.945000	-1.492560
2.946000	-1.483530
2.947000	-1.492560
2.948000	-1.492560
2.949000	-1.483530
2.950000	-1.474490
2.951000	-1.483530
2.952000	-1.483530
2.953000	-1.474490
2.954000	-1.474490
2.955000	-1.483530
2.956000	-1.474490
2.957000	-1.474490
2.958000	-1.474490
2.959000	-1.465460
2.960000	-1.465460
2.961000	-1.483530
2.962000	-1.447400
2.963000	-1.456430
2.964000	-1.465460
2.965000	-1.447400
2.966000	-1.456430
2.967000	-1.447400
2.968000	-1.438360
2.969000	-1.447400
2.970000	-1.438360
2.971000	-1.447400
2.972000	-1.438360
2.973000	-1.438360
2.974000	-1.429330
2.975000	-1.429330
2.976000	-1.429330
2.977000	-1.429330
2.978000	-1.429330
2.979000	-1.420300
2.980000	-1.420300
2.981000	-1.429330
2.982000	-1.420300
2.983000	-1.411250
2.984000	-1.411250
2.985000	-1.411250
2.986000	-1.429330
2.987000	-1.420300
2.988000	-1.411250
2.989000	-1.420300
2.990000	-1.411250
2.991000	-1.411250
2.992000	-1.420300
2.993000	-1.420300
2.994000	-1.411250
2.995000	-1.402230
2.996000	-1.411250
2.997000	-1.411250
2.998000	-1.411250
2.999000	-1.402230
3.000000	-1.402230
3.001000	-1.420300
3.002000	-1.420300
3.003000	-1.402230
3.004000	-1.402230
3.005000	-1.411250
3.006000	-1.402230
3.007000	-1.402230
3.008000	-1.402230
3.009000	-1.402230
3.010000	-1.393200
3.011000	-1.402230
3.012000	-1.393200
3.013000	-1.393200
3.014000	-1.375120
3.015000	-1.384170
3.016000	-1.375120
3.017000	-1.393200
3.018000	-1.375120
3.019000	-1.366100
3.020000	-1.375120
3.021000	-1.375120
3.022000	-1.375120
3.023000	-1.375120
3.024000	-1.366100
3.025000	-1.375120
3.026000	-1.357070
3.027000	-1.357070
3.028000	-1.366100
3.029000	-1.366100
3.030000	-1.348020
3.031000	-1.357070
3.032000	-1.348020
3.033000	-1.348020
3.034000	-1.357070
3.035000	-1.338990
3.036000	-1.338990
3.037000	-1.338990
3.038000	-1.338990
3.039000	-1.348020
3.040000	-1.320940
3.041000	-1.338990
3.042000	-1.338990
3.043000	-1.348020
3.044000	-1.338990
3.045000	-1.329960
3.046000	-1.329960
3.047000	-1.338990
3.048000	-1.329960
3.049000	-1.329960
3.050000	-1.320940
3.051000	-1.338990
3.052000	-1.329960
3.053000	-1.329960
3.054000	-1.338990
3.055000	-1.320940
3.056000	-1.329960
3.057000	-1.329960
3.058000	-1.348020
3.059000	-1.320940
3.060000	-1.320940
3.061000	-1.320940
3.062000	-1.311890
3.063000	-1.311890
3.064000	-1.293830
3.065000	-1.320940
3.066000	-1.302860
3.067000	-1.293830
3.068000	-1.293830
3.069000	-1.293830
3.070000	-1.302860
3.071000	-1.284790
3.072000	-1.293830
3.073000	-1.284790
3.074000	-1.293830
3.075000	-1.284790
3.076000	-1.293830
3.077000	-1.284790
3.078000	-1.275760
3.079000	-1.266730
3.080000	-1.275760
3.081000	-1.257700
3.082000	-1.275760
3.083000	-1.266730
3.084000	-1.266730
3.085000	-1.266730
3.086000	-1.257700
3.087000	-1.266730
3.088000	-1.266730
3.089000	-1.257700
3.090000	-1.257700
3.091000	-1.257700
3.092000	-1.257700
3.093000	-1.248660
3.094000	-1.248660
3.095000	-1.257700
3.096000	-1.239630
3.097000	-1.248660
3.098000	-1.257700
3.099000	-1.248660
3.100000	-1.248660
3.101000	-1.239630
3.102000	-1.239630
3.103000	-1.257700
3.104000	-1.239630
3.105000	-1.239630
3.106000	-1.248660
3.107000	-1.230600
3.108000	-1.230600
3.109000	-1.230600
3.110000	-1.230600
3.111000	-1.230600
3.112000	-1.239630
3.113000	-1.221560
3.114000	-1.230600
3.115000	-1.230600
3.116000	-1.221560
3.117000	-1.221560
3.118000	-1.230600
3.119000	-1.221560
3.120000	-1.221560
3.121000	-1.212530
3.122000	-1.212530
3.123000	-1.212530
3.124000	-1.194470
3.125000	-1.203500
3.126000	-1.194470
3.127000	-1.203500
3.128000	-1.194470
3.129000	-1.203500
3.130000	-1.194470
3.131000	-1.185420
3.132000	-1.185420
3.133000	-1.194470
3.134000	-1.176400
3.135000	-1.185420
3.136000	-1.185420
3.137000	-1.185420
3.138000	-1.176400
3.139000	-1.176400
3.140000	-1.176400
3.141000	-1.176400
3.142000	-1.167370
3.143000	-1.167370
3.144000	-1.167370
3.145000	-1.167370
3.146000	-1.176400
3.147000	-1.167370
3.148000	-1.176400
3.149000	-1.158340
3.150000	-1.167370
3.151000	-1.167370
3.152000	-1.167370
3.153000	-1.158340
3.154000	-1.149290
3.155000	-1.149290
3.156000	-1.158340
3.157000	-1.167370
3.158000	-1.158340
3.159000	-1.158340
3.160000	-1.167370
3.161000	-1.158340
3.162000	-1.158340
3.163000	-1.158340
3.164000	-1.149290
3.165000	-1.149290
3.166000	-1.158340
3.167000	-1.149290
3.168000	-1.158340
3.169000	-1.149290
3.170000	-1.149290
3.171000	-1.149290
3.172000	-1.149290
3.173000	-1.158340
3.174000	-1.158340
3.175000	-1.140270
3.176000	-1.149290
3.177000	-1.140270
3.178000	-1.140270
3.179000	-1.140270
3.180000	-1.131240
3.181000	-1.122190
3.182000	-1.131240
3.183000	-1.140270
3.184000	-1.122190
3.185000	-1.131240
3.186000	-1.131240
3.187000	-1.131240
3.188000	-1.131240
3.189000	-1.131240
3.190000	-1.122190
3.191000	-1.122190
3.192000	-1.122190
3.193000	-1.122190
3.194000	-1.113160
3.195000	-1.113160
3.196000	-1.113160
3.197000	-1.104140
3.198000	-1.104140
3.199000	-1.113160
3.200000	-1.104140
3.201000	-1.113160
3.202000	-1.104140
3.203000	-1.113160
3.204000	-1.104140
3.205000	-1.104140
3.206000	-1.104140
3.207000	-1.104140
3.208000	-1.104140
3.209000	-1.104140
3.210000	-1.104140
3.211000	-1.086060
3.212000	-1.095110
3.213000	-1.104140
3.214000	-1.095110
3.215000	-1.086060
3.216000	-1.095110
3.217000	-1.086060
3.218000	-1.086060
3.219000	-1.095110
3.220000	-1.104140
3.221000	-1.086060
3.222000	-1.095110
3.223000	-1.086060
3.224000	-1.086060
3.225000	-1.077030
3.226000	-1.068010
3.227000	-1.077030
3.228000	-1.077030
3.229000	-1.068010
3.230000	-1.077030
3.231000	-1.068010
3.232000	-1.077030
3.233000	-1.077030
3.234000	-1.068010
3.235000	-1.049930
3.236000	-1.068010
3.237000	-1.077030
3.238000	-1.068010
3.239000	-1.077030
3.240000	-1.058960
3.241000	-1.068010
3.242000	-1.058960
3.243000	-1.049930
3.244000	-1.058960
3.245000	-1.058960
3.246000	-1.040900
3.247000	-1.049930
3.248000	-1.031870
3.249000	-1.040900
3.250000	-1.031870
3.251000	-1.040900
3.252000	-1.031870
3.253000	-1.031870
3.254000	-1.040900
3.255000	-1.040900
3.256000	-1.031870
3.257000	-1.031870
3.258000	-1.031870
3.259000	-1.022830
3.260000	-1.031870
3.261000	-1.022830
3.262000	-1.013800
3.263000	-1.022830
3.264000	-1.022830
3.265000	-1.013800
3.266000	-1.013800
3.267000	-1.004770
3.268000	-1.004770
3.269000	-1.013800
3.270000	-1.004770
3.271000	-1.013800
3.272000	-1.004770
3.273000	-0.995726
3.274000	-1.013800
3.275000	-1.004770
3.276000	-0.995726
3.277000	-1.013800
3.278000	-0.995726
3.279000	-0.995726
3.280000	-1.004770
3.281000	-0.995726
3.282000	-0.995726
3.283000	-0.986698
3.284000	-0.986698
3.285000	-0.995726
3.286000	-0.995726
3.287000	-0.977670
3.288000	-0.977670
3.289000	-0.995726
3.290000	-0.986698
3.291000	-0.986698
3.292000	-0.977670
3.293000	-0.986698
3.294000	-0.977670
3.295000	-0.977670
3.296000	-0.986698
3.297000	-0.977670
3.298000	-0.977670
3.299000	-0.977670
3.300000	-0.968642
3.301000	-0.968642
3.302000	-0.959595
3.303000	-0.959595
3.304000	-0.968642
3.305000	-0.977670
3.306000	-0.959595
3.307000	-0.959595
3.308000	-0.968642
3.309000	-0.968642
3.310000	-0.950567
3.311000	-0.941539
3.312000	-0.950567
3.313000	-0.950567
3.314000	-0.950567
3.315000	-0.941539
3.316000	-0.941539
3.317000	-0.932493
3.318000	-0.932493
3.319000	-0.950567
3.320000	-0.941539
3.321000	-0.923465
3.322000	-0.950567
3.323000	-0.941539
3.324000	-0.932493
3.325000	-0.941539
3.326000	-0.932493
3.327000	-0.932493
3.328000	-0.932493
3.329000	-0.932493
3.330000	-0.932493
3.331000	-0.932493
3.332000	-0.923465
3.333000	-0.923465
3.334000	-0.923465
3.335000	-0.932493
3.336000	-0.923465
3.337000	-0.932493
3.338000	-0.923465
3.339000	-0.923465
3.340000	-0.914437
3.341000	-0.923465
3.342000	-0.932493
3.343000	-0.923465
3.344000	-0.923465
3.345000	-0.923465
3.346000	-0.923465
3.347000	-0.914437
3.348000	-0.914437
3.349000	-0.923465
3.350000	-0.914437
3.351000	-0.914437
3.352000	-0.914437
3.353000	-0.923465
3.354000	-0.914437
3.355000	-0.923465
3.356000	-0.914437
3.357000	-0.914437
3.358000	-0.905409
3.359000	-0.914437
3.360000	-0.914437
3.361000	-0.905409
3.362000	-0.896362
3.363000	-0.905409
3.364000	-0.905409
3.365000	-0.896362
3.366000	-0.896362
3.367000	-0.887334
3.368000	-0.905409
3.369000	-0.896362
3.370000	-0.887334
3.371000	-0.878306
3.372000	-0.878306
3.373000	-0.887334
3.374000	-0.887334
3.375000	-0.887334
3.376000	-0.878306
3.377000	-0.887334
3.378000	-0.887334
3.379000	-0.878306
3.380000	-0.887334
3.381000	-0.887334
3.382000	-0.878306
3.383000	-0.869278
3.384000	-0.878306
3.385000	-0.887334
3.386000	-0.869278
3.387000	-0.878306
3.388000	-0.878306
3.389000	-0.887334
3.390000	-0.869278
3.391000	-0.860232
3.392000	-0.851204
3.393000	-0.869278
3.394000	-0.860232
3.395000	-0.860232
3.396000	-0.860232
3.397000	-0.860232
3.398000	-0.851204
3.399000	-0.851204
3.400000	-0.851204
3.401000	-0.851204
3.402000	-0.851204
3.403000	-0.851204
3.404000	-0.860232
3.405000	-0.860232
3.406000	-0.851204
3.407000	-0.842176
3.408000	-0.860232
3.409000	-0.851204
3.410000	-0.869278
3.411000	-0.842176
3.412000	-0.851204
3.413000	-0.833129
3.414000	-0.842176
3.415000	-0.833129
3.416000	-0.833129
3.417000	-0.833129
3.418000	-0.842176
3.419000	-0.824101
3.420000	-0.815073
3.421000	-0.824101
3.422000	-0.824101
3.423000	-0.833129
3.424000	-0.824101
3.425000	-0.815073
3.426000	-0.815073
3.427000	-0.815073
3.428000	-0.815073
3.429000	-0.815073
3.430000	-0.806045
3.431000	-0.815073
3.432000	-0.787971
3.433000	-0.796999
3.434000	-0.796999
3.435000	-0.796999
3.436000	-0.796999
3.437000	-0.787971
3.438000	-0.778943
3.439000	-0.806045
3.440000	-0.787971
3.441000	-0.796999
3.442000	-0.796999
3.443000	-0.787971
3.444000	-0.778943
3.445000	-0.787971
3.446000	-0.778943
3.447000	-0.787971
3.448000	-0.796999
3.449000	-0.787971
3.450000	-0.787971
3.451000	-0.778943
3.452000	-0.778943
3.453000	-0.778943
3.454000	-0.787971
3.455000	-0.769896
3.456000	-0.778943
3.457000	-0.796999
3.458000	-0.778943
3.459000	-0.778943
3.460000	-0.787971
3.461000	-0.778943
3.462000	-0.787971
3.463000	-0.769896
3.464000	-0.778943
3.465000	-0.769896
3.466000	-0.778943
3.467000	-0.778943
3.468000	-0.760868
3.469000	-0.769896
3.470000	-0.769896
3.471000	-0.769896
3.472000	-0.760868
3.473000	-0.760868
3.474000	-0.769896
3.475000	-0.769896
3.476000	-0.760868
3.477000	-0.760868
3.478000	-0.760868
3.479000	-0.751840
3.480000	-0.760868
3.481000	-0.760868
3.482000	-0.751840
3.483000	-0.751840
3.484000	-0.760868
3.485000	-0.751840
3.486000	-0.742812
3.487000	-0.751840
3.488000	-0.751840
3.489000	-0.742812
3.490000	-0.751840
3.491000	-0.751840
3.492000	-0.742812
3.493000	-0.751840
3.494000	-0.742812
3.495000	-0.742812
3.496000	-0.724738
3.497000	-0.733766
3.498000	-0.742812
3.499000	-0.760868
3.500000	-0.724738
3.501000	-0.742812
3.502000	-0.733766
3.503000	-0.751840
3.504000	-0.742812
3.505000	-0.733766
3.506000	-0.751840
3.507000	-0.751840
3.508000	-0.733766
3.509000	-0.733766
3.510000	-0.742812
3.511000	-0.724738
3.512000	-0.733766
3.513000	-0.733766
3.514000	-0.733766
3.515000	-0.742812
3.516000	-0.742812
3.517000	-0.724738
3.518000	-0.733766
3.519000	-0.742812
3.520000	-0.715710
3.521000	-0.724738
3.522000	-0.733766
3.523000	-0.733766
3.524000	-0.742812
3.525000	-0.733766
3.526000	-0.742812
3.527000	-0.733766
3.528000	-0.724738
3.529000	-0.724738
3.530000	-0.724738
3.531000	-0.724738
3.532000	-0.715710
3.533000	-0.715710
3.534000	-0.724738
3.535000	-0.715710
3.536000	-0.715710
3.537000	-0.715710
3.538000	-0.724738
3.539000	-0.715710
3.540000	-0.715710
3.541000	-0.706663
3.542000	-0.706663
3.543000	-0.706663
3.544000	-0.715710
3.545000	-0.706663
3.546000	-0.715710
3.547000	-0.715710
3.548000	-0.706663
3.549000	-0.697635
3.550000	-0.688607
3.551000	-0.688607
3.552000	-0.688607
3.553000	-0.688607
3.554000	-0.679579
3.555000	-0.679579
3.556000	-0.688607
3.557000	-0.688607
3.558000	-0.706663
3.559000	-0.706663
3.560000	-0.688607
3.561000	-0.697635
3.562000	-0.697635
3.563000	-0.688607
3.564000	-0.697635
3.565000	-0.688607
3.566000	-0.688607
3.567000	-0.688607
3.568000	-0.688607
3.569000	-0.688607
3.570000	-0.688607
3.571000	-0.688607
3.572000	-0.688607
3.573000	-0.679579
3.574000	-0.688607
3.575000	-0.679579
3.576000	-0.679579
3.577000	-0.679579
3.578000	-0.688607
3.579000	-0.688607
3.580000	-0.688607
3.581000	-0.688607
3.582000	-0.688607
3.583000	-0.679579
3.584000	-0.679579
3.585000	-0.706663
3.586000	-0.679579
3.587000	-0.688607
3.588000	-0.679579
3.589000	-0.688607
3.590000	-0.679579
3.591000	-0.679579
3.592000	-0.670532
3.593000	-0.670532
3.594000	-0.670532
3.595000	-0.670532
3.596000	-0.661504
3.597000	-0.670532
3.598000	-0.670532
3.599000	-0.652476
3.600000	-0.661504
3.601000	-0.652476
3.602000	-0.652476
3.603000	-0.661504
3.604000	-0.652476
3.605000	-0.652476
3.606000	-0.652476
3.607000	-0.652476
3.608000	-0.652476
3.609000	-0.661504
3.610000	-0.643430
3.611000	-0.643430
3.612000	-0.652476
3.613000	-0.643430
3.614000	-0.634402
3.615000	-0.652476
3.616000	-0.643430
3.617000	-0.634402
3.618000	-0.643430
3.619000	-0.643430
3.620000	-0.643430
3.621000	-0.652476
3.622000	-0.643430
3.623000	-0.643430
3.624000	-0.634402
3.625000	-0.643430
3.626000	-0.652476
3.627000	-0.643430
3.628000	-0.643430
3.629000	-0.634402
3.630000	-0.643430
3.631000	-0.643430
3.632000	-0.634402
3.633000	-0.634402
3.634000	-0.643430
3.635000	-0.634402
3.636000	-0.625374
3.637000	-0.634402
3.638000	-0.643430
3.639000	-0.643430
3.640000	-0.634402
3.641000	-0.625374
3.642000	-0.616346
3.643000	-0.634402
3.644000	-0.634402
3.645000	-0.616346
3.646000	-0.616346
3.647000	-0.616346
3.648000	-0.616346
3.649000	-0.616346
3.650000	-0.616346
3.651000	-0.625374
3.652000	-0.625374
3.653000	-0.625374
3.654000	-0.616346
3.655000	-0.616346
3.656000	-0.616346
3.657000	-0.634402
3.658000	-0.625374
3.659000	-0.616346
3.660000	-0.625374
3.661000	-0.625374
3.662000	-0.607299
3.663000	-0.607299
3.664000	-0.616346
3.665000	-0.607299
3.666000	-0.625374
3.667000	-0.607299
3.668000	-0.607299
3.669000	-0.607299
3.670000	-0.625374
3.671000	-0.616346
3.672000	-0.616346
3.673000	-0.616346
3.674000	-0.625374
3.675000	-0.616346
3.676000	-0.625374
3.677000	-0.616346
3.678000	-0.625374
3.679000	-0.616346
3.680000	-0.625374
3.681000	-0.616346
3.682000	-0.625374
3.683000	-0.616346
3.684000	-0.625374
3.685000	-0.616346
3.686000	-0.625374
3.687000	-0.625374
3.688000	-0.616346
3.689000	-0.616346
3.690000	-0.616346
3.691000	-0.616346
3.692000	-0.625374
3.693000	-0.625374
3.694000	-0.625374
3.695000	-0.616346
3.696000	-0.616346
3.697000	-0.625374
3.698000	-0.616346
3.699000	-0.616346
