-0.300000	-0.440705
-0.299000	-0.351762
-0.298000	-0.351762
-0.297000	-0.440705
-0.296000	-0.351762
-0.295000	-0.440705
-0.294000	-0.440705
-0.293000	-0.440705
-0.292000	-0.262637
-0.291000	-0.440705
-0.290000	-0.440705
-0.289000	-0.262637
-0.288000	-0.529648
-0.287000	-0.262637
-0.286000	-0.351762
-0.285000	-0.262637
-0.284000	-0.351762
-0.283000	-0.440705
-0.282000	-0.351762
-0.281000	-0.440705
-0.280000	-0.351762
-0.279000	-0.351762
-0.278000	-0.440705
-0.277000	-0.440705
-0.276000	-0.440705
-0.275000	-0.440705
-0.274000	-0.440705
-0.273000	-0.351762
-0.272000	-0.262637
-0.271000	-0.262637
-0.270000	-0.351762
-0.269000	-0.351762
-0.268000	-0.351762
-0.267000	-0.440705
-0.266000	-0.440705
-0.265000	-0.351762
-0.264000	-0.440705
-0.263000	-0.351762
-0.262000	-0.351762
-0.261000	-0.351762
-0.260000	-0.440705
-0.259000	-0.351762
-0.258000	-0.440705
-0.257000	-0.440705
-0.256000	-0.440705
-0.255000	-0.351762
-0.254000	-0.351762
-0.253000	-0.440705
-0.252000	-0.440705
-0.251000	-0.440705
-0.250000	-0.351762
-0.249000	-0.351762
-0.248000	-0.262637
-0.247000	-0.351762
-0.246000	-0.440705
-0.245000	-0.440705
-0.244000	-0.262637
-0.243000	-0.351762
-0.242000	-0.262637
-0.241000	-0.351762
-0.240000	-0.440705
-0.239000	-0.440705
-0.238000	-0.351762
-0.237000	-0.351762
-0.236000	-0.440705
-0.235000	-0.351762
-0.234000	-0.351762
-0.233000	-0.440705
-0.232000	-0.529648
-0.231000	-0.351762
-0.230000	-0.440705
-0.229000	-0.440705
-0.228000	-0.440705
-0.227000	-0.351762
-0.226000	-0.262637
-0.225000	-0.529648
-0.224000	-0.351762
-0.223000	-0.351762
-0.222000	-0.440705
-0.221000	-0.440705
-0.220000	-0.351762
-0.219000	-0.440705
-0.218000	-0.440705
-0.217000	-0.440705
-0.216000	-0.440705
-0.215000	-0.351762
-0.214000	-0.529648
-0.213000	-0.440705
-0.212000	-0.351762
-0.211000	-0.440705
-0.210000	-0.440705
-0.209000	-0.351762
-0.208000	-0.351762
-0.207000	-0.440705
-0.206000	-0.529648
-0.205000	-0.440705
-0.204000	-0.440705
-0.203000	-0.351762
-0.202000	-0.440705
-0.201000	-0.351762
-0.200000	-0.440705
-0.199000	-0.440705
-0.198000	-0.440705
-0.197000	-0.351762
-0.196000	-0.440705
-0.195000	-0.351762
-0.194000	-0.351762
-0.193000	-0.351762
-0.192000	-0.351762
-0.191000	-0.351762
-0.190000	-0.529648
-0.189000	-0.440705
-0.188000	-0.440705
-0.187000	-0.440705
-0.186000	-0.262637
-0.185000	-0.529648
-0.184000	-0.440705
-0.183000	-0.440705
-0.182000	-0.440705
-0.181000	-0.351762
-0.180000	-0.440705
-0.179000	-0.440705
-0.178000	-0.440705
-0.177000	-0.351762
-0.176000	-0.351762
-0.175000	-0.351762
-0.174000	-0.351762
-0.173000	-0.440705
-0.172000	-0.351762
-0.171000	-0.440705
-0.170000	-0.262637
-0.169000	-0.440705
-0.168000	-0.440705
-0.167000	-0.440705
-0.166000	-0.262637
-0.165000	-0.351762
-0.164000	-0.440705
-0.163000	-0.351762
-0.162000	-0.440705
-0.161000	-0.440705
-0.160000	-0.351762
-0.159000	-0.351762
-0.158000	-0.351762
-0.157000	-0.440705
-0.156000	-0.440705
-0.155000	-0.529648
-0.154000	-0.351762
-0.153000	-0.351762
-0.152000	-0.529648
-0.151000	-0.440705
-0.150000	-0.440705
-0.149000	-0.351762
-0.148000	-0.351762
-0.147000	-0.351762
-0.146000	-0.440705
-0.145000	-0.440705
-0.144000	-0.351762
-0.143000	-0.351762
-0.142000	-0.351762
-0.141000	-0.351762
-0.140000	-0.351762
-0.139000	-0.351762
-0.138000	-0.351762
-0.137000	-0.529648
-0.136000	-0.351762
-0.135000	-0.351762
-0.134000	-0.440705
-0.133000	-0.351762
-0.132000	-0.440705
-0.131000	-0.440705
-0.130000	-0.351762
-0.129000	-0.351762
-0.128000	-0.351762
-0.127000	-0.440705
-0.126000	-0.440705
-0.125000	-0.440705
-0.124000	-0.351762
-0.123000	-0.440705
-0.122000	-0.440705
-0.121000	-0.440705
-0.120000	-0.351762
-0.119000	-0.440705
-0.118000	-0.440705
-0.117000	-0.440705
-0.116000	-0.351762
-0.115000	-0.351762
-0.114000	-0.351762
-0.113000	-0.351762
-0.112000	-0.440705
-0.111000	-0.351762
-0.110000	-0.262637
-0.109000	-0.262637
-0.108000	-0.440705
-0.107000	-0.440705
-0.106000	-0.440705
-0.105000	-0.440705
-0.104000	-0.351762
-0.103000	-0.351762
-0.102000	-0.440705
-0.101000	-0.440705
-0.100000	-0.440705
-0.099000	-0.351762
-0.098000	-0.262637
-0.097000	-0.351762
-0.096000	-0.351762
-0.095000	-0.351762
-0.094000	-0.262637
-0.093000	-0.351762
-0.092000	-0.262637
-0.091000	-0.351762
-0.090000	-0.351762
-0.089000	-0.262637
-0.088000	-0.440705
-0.087000	-0.440705
-0.086000	-0.440705
-0.085000	-0.351762
-0.084000	-0.351762
-0.083000	-0.351762
-0.082000	-0.351762
-0.081000	-0.351762
-0.080000	-0.351762
-0.079000	-0.351762
-0.078000	-0.351762
-0.077000	-0.440705
-0.076000	-0.351762
-0.075000	-0.351762
-0.074000	-0.351762
-0.073000	-0.351762
-0.072000	-0.529648
-0.071000	-0.351762
-0.070000	-0.529648
-0.069000	-0.440705
-0.068000	-0.440705
-0.067000	-0.351762
-0.066000	-0.351762
-0.065000	-0.351762
-0.064000	-0.440705
-0.063000	-0.440705
-0.062000	-0.351762
-0.061000	-0.440705
-0.060000	-0.351762
-0.059000	-0.351762
-0.058000	-0.351762
-0.057000	-0.440705
-0.056000	-0.351762
-0.055000	-0.529648
-0.054000	-0.440705
-0.053000	-0.440705
-0.052000	-0.440705
-0.051000	-0.440705
-0.050000	-0.618773
-0.049000	-0.351762
-0.048000	-0.440705
-0.047000	-0.440705
-0.046000	-0.440705
-0.045000	-0.529648
-0.044000	-0.440705
-0.043000	-0.351762
-0.042000	-0.351762
-0.041000	-0.351762
-0.040000	-0.529648
-0.039000	-0.440705
-0.038000	-0.440705
-0.037000	-0.529648
-0.036000	-0.262637
-0.035000	-0.262637
-0.034000	-0.262637
-0.033000	-0.084751
-0.032000	0.182260
-0.031000	0.360328
-0.030000	0.360328
-0.029000	0.449271
-0.028000	0.360328
-0.027000	0.360328
-0.026000	0.271203
-0.025000	0.271203
-0.024000	0.004192
-0.023000	-0.084751
-0.022000	-0.440705
-0.021000	-0.440705
-0.020000	-0.618773
-0.019000	-0.618773
-0.018000	-0.707716
-0.017000	-0.351762
-0.016000	-0.173694
-0.015000	-0.084751
-0.014000	0.004192
-0.013000	-0.084751
-0.012000	-0.084751
-0.011000	-0.351762
-0.010000	-0.529648
-0.009000	-0.707716
-0.008000	-0.796658
-0.007000	-0.974726
-0.006000	-0.885601
-0.005000	-1.241740
-0.004000	-1.063670
-0.003000	-1.330680
-0.002000	-1.597690
-0.001000	-1.330680
0.000000	-1.152610
0.001000	-1.152610
0.002000	-0.796658
0.003000	-0.618773
0.004000	-0.796658
0.005000	-1.063670
0.006000	-1.419620
0.007000	-1.241740
0.008000	-0.618773
0.009000	-0.173694
0.010000	0.004192
0.011000	0.182260
0.012000	0.716282
0.013000	0.716282
0.014000	0.182260
0.015000	-3.110450
0.016000	-6.581230
0.017000	-9.696050
0.018000	-6.848240
0.019000	1.072240
0.020000	0.271203
0.021000	18.515100
0.022000	11.929500
0.023000	-0.618773
0.024000	-8.717130
0.025000	-7.471200
0.026000	4.720900
0.027000	-3.021510
0.028000	-0.173694
0.029000	-1.241740
0.030000	-1.775580
0.031000	-1.330680
0.032000	3.920050
0.033000	7.034870
0.034000	5.521930
0.035000	6.144900
0.036000	4.810020
0.037000	5.076850
0.038000	4.276000
0.039000	0.093317
0.040000	-0.262637
0.041000	3.474970
0.042000	2.585180
0.043000	0.271203
0.044000	-0.262637
0.045000	4.454070
0.046000	4.631960
0.047000	2.852000
0.048000	2.496050
0.049000	2.318160
0.050000	2.318160
0.051000	5.966830
0.052000	1.606260
0.053000	-0.084751
0.054000	0.805225
0.055000	0.805225
0.056000	0.627157
0.057000	-0.618773
0.058000	-0.974726
0.059000	1.339250
0.060000	2.852000
0.061000	1.695200
0.062000	5.432990
0.063000	4.631960
0.064000	1.606260
0.065000	1.695200
0.066000	0.271203
0.067000	0.004192
0.068000	-0.529648
0.069000	-0.529648
0.070000	-1.241740
0.071000	1.072240
0.072000	2.852000
0.073000	1.962210
0.074000	2.674120
0.075000	1.161180
0.076000	-0.084751
0.077000	-1.508570
0.078000	-0.707716
0.079000	-1.864520
0.080000	-2.665550
0.081000	-0.084751
0.082000	-1.152610
0.083000	0.182260
0.084000	0.805225
0.085000	-0.707716
0.086000	1.517130
0.087000	0.360328
0.088000	-0.796658
0.089000	0.093317
0.090000	0.093317
0.091000	1.428190
0.092000	1.695200
0.093000	2.852000
0.094000	4.187060
0.095000	4.898970
0.096000	4.276000
0.097000	2.318160
0.098000	0.805225
0.099000	-0.529648
0.100000	0.627157
0.101000	0.538214
0.102000	0.627157
0.103000	0.716282
0.104000	0.538214
0.105000	1.072240
0.106000	0.360328
0.107000	0.894168
0.108000	0.805225
0.109000	2.852000
0.110000	2.496050
0.111000	2.941130
0.112000	-1.953640
0.113000	-1.152610
0.114000	-4.356380
0.115000	-0.707716
0.116000	-2.131530
0.117000	0.271203
0.118000	2.229040
0.119000	1.072240
0.120000	3.386030
0.121000	1.873090
0.122000	1.606260
0.123000	1.072240
0.124000	1.339250
0.125000	0.627157
0.126000	-0.173694
0.127000	-1.864520
0.128000	-0.262637
0.129000	-0.618773
0.130000	0.627157
0.131000	-2.754500
0.132000	-1.686630
0.133000	-0.173694
0.134000	-0.974726
0.135000	-0.351762
0.136000	1.517130
0.137000	1.962210
0.138000	2.051150
0.139000	0.716282
0.140000	0.538214
0.141000	-0.262637
0.142000	0.004192
0.143000	-0.796658
0.144000	-0.440705
0.145000	1.784140
0.146000	0.716282
0.147000	2.051150
0.148000	1.250120
0.149000	0.004192
0.150000	2.674120
0.151000	1.784140
0.152000	0.449271
0.153000	0.004192
0.154000	1.250120
0.155000	-0.173694
0.156000	2.051150
0.157000	-1.419620
0.158000	-2.131530
0.159000	0.716282
0.160000	0.093317
0.161000	0.716282
0.162000	0.538214
0.163000	0.360328
0.164000	0.805225
0.165000	-1.063670
0.166000	0.627157
0.167000	-1.063670
0.168000	-0.351762
0.169000	5.521930
0.170000	-1.686630
0.171000	-0.974726
0.172000	4.987910
0.173000	-1.864520
0.174000	4.898970
0.175000	1.428190
0.176000	-2.220660
0.177000	4.097930
0.178000	-0.618773
0.179000	1.695200
0.180000	0.538214
0.181000	1.606260
0.182000	1.428190
0.183000	1.784140
0.184000	0.538214
0.185000	3.119020
0.186000	5.877890
0.187000	8.992710
0.188000	8.013790
0.189000	7.123810
0.190000	10.327600
0.191000	11.217600
0.192000	7.123810
0.193000	3.208140
0.194000	2.941130
0.195000	3.920050
0.196000	4.543010
0.197000	3.920050
0.198000	-1.241740
0.199000	0.894168
0.200000	2.674120
0.201000	1.606260
0.202000	-1.152610
0.203000	-4.712330
0.204000	1.250120
0.205000	-0.974726
0.206000	-5.335300
0.207000	-5.246350
0.208000	-3.377460
0.209000	0.004192
0.210000	-4.356380
0.211000	-0.084751
0.212000	-2.309600
0.213000	-2.576610
0.214000	-2.220660
0.215000	-4.712330
0.216000	-5.869320
0.217000	-5.780380
0.218000	-2.042590
0.219000	-4.356380
0.220000	-7.916280
0.221000	-5.513360
0.222000	-2.843620
0.223000	-2.932560
0.224000	-6.759290
0.225000	-7.204190
0.226000	-3.733410
0.227000	-4.267440
0.228000	-8.450120
0.229000	-9.874120
0.230000	-9.874120
0.231000	-9.963060
0.232000	-11.476000
0.233000	-11.387100
0.234000	-9.340100
0.235000	-7.560140
0.236000	-9.340100
0.237000	-7.649270
0.238000	-7.293320
0.239000	-7.560140
0.240000	-5.246350
0.241000	-6.225270
0.242000	-4.445500
0.243000	-2.932560
0.244000	-3.644470
0.245000	-2.665550
0.246000	-1.152610
0.247000	0.360328
0.248000	1.072240
0.249000	1.695200
0.250000	4.276000
0.251000	6.411910
0.252000	7.746780
0.253000	6.856800
0.254000	6.945750
0.255000	8.191680
0.256000	9.170590
0.257000	8.903770
0.258000	9.348660
0.259000	8.013790
0.260000	6.767860
0.261000	6.500850
0.262000	8.102730
0.263000	9.081650
0.264000	7.657840
0.265000	6.500850
0.266000	7.301880
0.267000	8.369740
0.268000	7.212760
0.269000	6.500850
0.270000	7.301880
0.271000	7.212760
0.272000	6.589790
0.273000	6.233840
0.274000	6.411910
0.275000	6.767860
0.276000	6.767860
0.277000	6.322780
0.278000	6.144900
0.279000	6.055950
0.280000	6.055950
0.281000	5.521930
0.282000	5.521930
0.283000	5.521930
0.284000	4.810020
0.285000	4.097930
0.286000	3.386030
0.287000	2.852000
0.288000	2.852000
0.289000	2.585180
0.290000	1.072240
0.291000	1.161180
0.292000	0.360328
0.293000	-0.707716
0.294000	-0.440705
0.295000	-0.885601
0.296000	-1.241740
0.297000	-1.152610
0.298000	-0.974726
0.299000	-1.330680
0.300000	0.805225
0.301000	0.182260
0.302000	0.093317
0.303000	-0.974726
0.304000	-2.754500
0.305000	-1.419620
0.306000	0.271203
0.307000	-0.529648
0.308000	-1.864520
0.309000	-1.508570
0.310000	-1.775580
0.311000	-0.351762
0.312000	2.140100
0.313000	0.449271
0.314000	0.360328
0.315000	-0.351762
0.316000	0.627157
0.317000	1.517130
0.318000	1.962210
0.319000	0.894168
0.320000	0.093317
0.321000	0.983293
0.322000	0.004192
0.323000	-0.084751
0.324000	0.093317
0.325000	-1.063670
0.326000	-2.576610
0.327000	-2.309600
0.328000	-1.597690
0.329000	-1.330680
0.330000	-1.419620
0.331000	-2.042590
0.332000	-1.241740
0.333000	-1.241740
0.334000	-0.885601
0.335000	-0.974726
0.336000	-1.063670
0.337000	-0.974726
0.338000	-1.953640
0.339000	-2.309600
0.340000	-2.487480
0.341000	-2.309600
0.342000	-2.576610
0.343000	-2.932560
0.344000	-4.178490
0.345000	-4.979340
0.346000	-4.089550
0.347000	-4.356380
0.348000	-3.199570
0.349000	-3.911480
0.350000	-3.466590
0.351000	-4.712330
0.352000	-3.288520
0.353000	-3.199570
0.354000	-2.398540
0.355000	-2.042590
0.356000	-3.377460
0.357000	-1.686630
0.358000	-2.665550
0.359000	-1.063670
0.360000	-2.220660
0.361000	-1.508570
0.362000	-1.864520
0.363000	-1.864520
0.364000	-0.707716
0.365000	-1.419620
0.366000	1.161180
0.367000	-0.529648
0.368000	-0.262637
0.369000	-0.351762
0.370000	-0.262637
0.371000	0.360328
0.372000	0.894168
0.373000	0.894168
0.374000	0.716282
0.375000	0.983293
0.376000	0.004192
0.377000	0.805225
0.378000	0.716282
0.379000	1.606260
0.380000	1.873090
0.381000	3.741980
0.382000	2.674120
0.383000	4.097930
0.384000	3.741980
0.385000	4.276000
0.386000	4.454070
0.387000	5.966830
0.388000	5.432990
0.389000	5.966830
0.390000	6.233840
0.391000	5.432990
0.392000	5.877890
0.393000	6.144900
0.394000	5.877890
0.395000	5.076850
0.396000	5.432990
0.397000	5.521930
0.398000	4.187060
0.399000	3.653040
0.400000	3.208140
0.401000	1.606260
0.402000	1.072240
0.403000	0.983293
0.404000	0.627157
0.405000	0.983293
0.406000	2.496050
0.407000	2.852000
0.408000	3.297080
0.409000	2.763060
0.410000	2.318160
0.411000	2.496050
0.412000	4.276000
0.413000	6.233840
0.414000	4.364940
0.415000	4.276000
0.416000	3.741980
0.417000	3.208140
0.418000	2.674120
0.419000	3.208140
0.420000	1.784140
0.421000	1.962210
0.422000	0.538214
0.423000	1.250120
0.424000	0.805225
0.425000	1.695200
0.426000	0.805225
0.427000	1.250120
0.428000	1.250120
0.429000	1.517130
0.430000	1.161180
0.431000	1.250120
0.432000	0.716282
0.433000	0.805225
0.434000	1.339250
0.435000	-0.173694
0.436000	0.716282
0.437000	0.449271
0.438000	1.695200
0.439000	0.004192
0.440000	1.250120
0.441000	1.072240
0.442000	1.517130
0.443000	0.538214
0.444000	0.538214
0.445000	-0.707716
0.446000	-0.707716
0.447000	-0.529648
0.448000	-0.974726
0.449000	0.182260
0.450000	-0.707716
0.451000	-3.199570
0.452000	0.004192
0.453000	-1.241740
0.454000	0.716282
0.455000	-1.686630
0.456000	-1.419620
0.457000	-1.063670
0.458000	0.538214
0.459000	1.339250
0.460000	0.894168
0.461000	-0.885601
0.462000	-0.618773
0.463000	-0.173694
0.464000	0.271203
0.465000	0.271203
0.466000	-1.597690
0.467000	0.004192
0.468000	-1.063670
0.469000	0.271203
0.470000	0.716282
0.471000	0.004192
0.472000	0.004192
0.473000	0.627157
0.474000	1.161180
0.475000	0.627157
0.476000	-0.262637
0.477000	1.517130
0.478000	0.271203
0.479000	0.004192
0.480000	-1.953640
0.481000	-0.440705
0.482000	0.716282
0.483000	0.538214
0.484000	-1.597690
0.485000	-1.063670
0.486000	0.360328
0.487000	0.716282
0.488000	1.339250
0.489000	1.784140
0.490000	0.805225
0.491000	0.182260
0.492000	0.894168
0.493000	0.360328
0.494000	0.093317
0.495000	0.271203
0.496000	-0.529648
0.497000	-0.351762
0.498000	0.360328
0.499000	-0.084751
0.500000	0.093317
0.501000	0.449271
0.502000	-0.084751
0.503000	-0.084751
0.504000	0.360328
0.505000	0.716282
0.506000	0.449271
0.507000	0.538214
0.508000	0.271203
0.509000	0.004192
0.510000	1.072240
0.511000	1.072240
0.512000	1.428190
0.513000	1.873090
0.514000	2.051150
0.515000	1.428190
0.516000	1.873090
0.517000	2.229040
0.518000	0.983293
0.519000	3.030070
0.520000	1.873090
0.521000	2.407110
0.522000	0.093317
0.523000	0.716282
0.524000	1.517130
0.525000	0.716282
0.526000	1.428190
0.527000	0.538214
0.528000	0.449271
0.529000	-0.707716
0.530000	0.360328
0.531000	1.161180
0.532000	-0.351762
0.533000	-0.796658
0.534000	-0.707716
0.535000	0.449271
0.536000	0.449271
0.537000	0.983293
0.538000	0.716282
0.539000	0.449271
0.540000	1.072240
0.541000	1.250120
0.542000	0.894168
0.543000	1.517130
0.544000	2.407110
0.545000	0.716282
0.546000	1.339250
0.547000	1.606260
0.548000	2.674120
0.549000	1.606260
0.550000	1.962210
0.551000	1.695200
0.552000	1.695200
0.553000	2.229040
0.554000	1.428190
0.555000	2.585180
0.556000	2.585180
0.557000	1.606260
0.558000	2.674120
0.559000	3.208140
0.560000	3.564090
0.561000	2.763060
0.562000	2.674120
0.563000	2.941130
0.564000	3.119020
0.565000	2.496050
0.566000	2.051150
0.567000	1.695200
0.568000	1.517130
0.569000	2.674120
0.570000	2.229040
0.571000	1.339250
0.572000	3.564090
0.573000	3.208140
0.574000	4.097930
0.575000	3.297080
0.576000	0.449271
0.577000	0.271203
0.578000	4.987910
0.579000	3.119020
0.580000	1.250120
0.581000	0.360328
0.582000	-2.487480
0.583000	-0.707716
0.584000	0.716282
0.585000	-3.733410
0.586000	-3.911480
0.587000	-2.220660
0.588000	0.182260
0.589000	0.004192
0.590000	-1.597690
0.591000	-0.262637
0.592000	1.784140
0.593000	0.627157
0.594000	-0.084751
0.595000	0.271203
0.596000	2.585180
0.597000	3.119020
0.598000	0.360328
0.599000	0.360328
0.600000	-1.063670
0.601000	-0.707716
0.602000	1.873090
0.603000	3.030070
0.604000	0.360328
0.605000	-1.330680
0.606000	-1.241740
0.607000	0.004192
0.608000	0.004192
0.609000	-1.686630
0.610000	-1.686630
0.611000	-0.084751
0.612000	1.072240
0.613000	0.805225
0.614000	0.716282
0.615000	3.208140
0.616000	3.474970
0.617000	1.161180
0.618000	0.894168
0.619000	2.763060
0.620000	0.983293
0.621000	0.983293
0.622000	0.538214
0.623000	-1.330680
0.624000	1.606260
0.625000	1.606260
0.626000	0.449271
0.627000	1.695200
0.628000	2.407110
0.629000	1.784140
0.630000	0.983293
0.631000	0.271203
0.632000	2.140100
0.633000	0.360328
0.634000	0.538214
0.635000	-0.618773
0.636000	-0.173694
0.637000	-0.796658
0.638000	-1.686630
0.639000	0.716282
0.640000	-0.707716
0.641000	-1.775580
0.642000	-0.885601
0.643000	0.449271
0.644000	-0.707716
0.645000	-1.508570
0.646000	0.182260
0.647000	1.339250
0.648000	2.229040
0.649000	-0.529648
0.650000	-2.131530
0.651000	0.004192
0.652000	0.894168
0.653000	-1.597690
0.654000	-1.241740
0.655000	-0.885601
0.656000	-0.974726
0.657000	0.360328
0.658000	-0.974726
0.659000	-1.597690
0.660000	-1.330680
0.661000	-0.529648
0.662000	-1.686630
0.663000	-1.953640
0.664000	-1.508570
0.665000	-0.618773
0.666000	-1.241740
0.667000	-1.063670
0.668000	0.538214
0.669000	1.428190
0.670000	0.716282
0.671000	-0.351762
0.672000	0.627157
0.673000	0.894168
0.674000	-0.262637
0.675000	0.716282
0.676000	1.072240
0.677000	-0.084751
0.678000	1.250120
0.679000	1.873090
0.680000	0.538214
0.681000	2.318160
0.682000	3.831110
0.683000	2.407110
0.684000	1.428190
0.685000	0.983293
0.686000	1.695200
0.687000	2.318160
0.688000	0.983293
0.689000	1.072240
0.690000	2.407110
0.691000	2.051150
0.692000	0.716282
0.693000	1.606260
0.694000	1.161180
0.695000	0.894168
0.696000	0.805225
0.697000	0.360328
0.698000	-0.974726
0.699000	-0.262637
0.700000	0.360328
0.701000	0.271203
0.702000	0.271203
0.703000	0.271203
0.704000	0.538214
0.705000	0.004192
0.706000	-1.063670
0.707000	-1.508570
0.708000	-1.241740
0.709000	-2.131530
0.710000	-1.597690
0.711000	-0.885601
0.712000	-0.173694
0.713000	0.805225
0.714000	1.072240
0.715000	0.627157
0.716000	0.627157
0.717000	0.449271
0.718000	-0.173694
0.719000	-0.529648
0.720000	-1.063670
0.721000	-0.529648
0.722000	0.449271
0.723000	0.627157
0.724000	1.517130
0.725000	1.339250
0.726000	0.894168
0.727000	1.250120
0.728000	1.695200
0.729000	0.983293
0.730000	0.538214
0.731000	0.449271
0.732000	0.360328
0.733000	0.983293
0.734000	1.784140
0.735000	2.140100
0.736000	2.140100
0.737000	1.962210
0.738000	1.606260
0.739000	1.784140
0.740000	1.695200
0.741000	1.784140
0.742000	1.428190
0.743000	1.339250
0.744000	1.428190
0.745000	2.140100
0.746000	2.140100
0.747000	2.318160
0.748000	2.229040
0.749000	1.250120
0.750000	0.271203
0.751000	0.538214
0.752000	0.093317
0.753000	0.182260
0.754000	-0.084751
0.755000	0.449271
0.756000	-0.262637
0.757000	-0.173694
0.758000	0.182260
0.759000	0.449271
0.760000	0.271203
0.761000	0.182260
0.762000	0.093317
0.763000	0.360328
0.764000	0.716282
0.765000	0.449271
0.766000	-0.084751
0.767000	-0.351762
0.768000	-0.529648
0.769000	-0.529648
0.770000	0.093317
0.771000	-0.084751
0.772000	-0.084751
0.773000	0.449271
0.774000	0.004192
0.775000	0.538214
0.776000	0.004192
0.777000	0.004192
0.778000	0.182260
0.779000	-0.173694
0.780000	-0.796658
0.781000	-0.707716
0.782000	-0.440705
0.783000	-1.419620
0.784000	-1.241740
0.785000	-0.440705
0.786000	-0.707716
0.787000	-0.351762
0.788000	-0.529648
0.789000	-0.618773
0.790000	-0.351762
0.791000	-0.618773
0.792000	-1.241740
0.793000	-1.063670
0.794000	-1.063670
0.795000	-2.220660
0.796000	-1.330680
0.797000	-2.131530
0.798000	-1.152610
0.799000	-1.330680
0.800000	-1.775580
0.801000	-2.309600
0.802000	-2.131530
0.803000	-2.754500
0.804000	-1.686630
0.805000	-3.377460
0.806000	-3.288520
0.807000	-2.665550
0.808000	-2.754500
0.809000	-2.843620
0.810000	-3.466590
0.811000	-2.843620
0.812000	-2.843620
0.813000	-2.843620
0.814000	-2.843620
0.815000	-2.932560
0.816000	-2.131530
0.817000	-1.953640
0.818000	-2.754500
0.819000	-2.843620
0.820000	-1.775580
0.821000	-2.042590
0.822000	-2.309600
0.823000	-2.042590
0.824000	-2.487480
0.825000	-2.665550
0.826000	-1.508570
0.827000	-2.576610
0.828000	-2.665550
0.829000	-0.885601
0.830000	-1.419620
0.831000	-2.220660
0.832000	-0.796658
0.833000	-1.686630
0.834000	-1.330680
0.835000	-0.173694
0.836000	-1.241740
0.837000	-0.974726
0.838000	0.271203
0.839000	-0.618773
0.840000	-0.707716
0.841000	-0.262637
0.842000	-0.974726
0.843000	-0.974726
0.844000	0.449271
0.845000	-0.262637
0.846000	-0.707716
0.847000	0.894168
0.848000	0.093317
0.849000	-0.529648
0.850000	0.449271
0.851000	-0.707716
0.852000	-0.618773
0.853000	-0.440705
0.854000	-0.885601
0.855000	-0.885601
0.856000	0.182260
0.857000	-0.707716
0.858000	-0.707716
0.859000	0.004192
0.860000	-0.885601
0.861000	-0.618773
0.862000	-0.351762
0.863000	-1.597690
0.864000	-1.330680
0.865000	-0.618773
0.866000	-1.330680
0.867000	-0.974726
0.868000	-0.707716
0.869000	-1.152610
0.870000	-0.885601
0.871000	-1.152610
0.872000	-0.885601
0.873000	-0.974726
0.874000	-1.241740
0.875000	-1.152610
0.876000	-0.440705
0.877000	-1.152610
0.878000	-1.152610
0.879000	-0.885601
0.880000	-0.796658
0.881000	-0.796658
0.882000	-0.707716
0.883000	-0.885601
0.884000	-0.618773
0.885000	-0.351762
0.886000	-0.707716
0.887000	-0.974726
0.888000	-0.885601
0.889000	0.182260
0.890000	-0.173694
0.891000	-0.529648
0.892000	-0.440705
0.893000	0.004192
0.894000	0.360328
0.895000	-0.351762
0.896000	-0.618773
0.897000	-0.351762
0.898000	-0.351762
0.899000	-0.529648
0.900000	-0.173694
0.901000	-0.440705
0.902000	-0.796658
0.903000	-0.351762
0.904000	0.004192
0.905000	-0.440705
0.906000	-0.796658
0.907000	-0.084751
0.908000	-0.084751
0.909000	-1.152610
0.910000	-0.885601
0.911000	-1.330680
0.912000	-0.707716
0.913000	-0.885601
0.914000	-0.796658
0.915000	-0.707716
0.916000	-0.707716
0.917000	-0.796658
0.918000	-0.796658
0.919000	-0.885601
0.920000	-0.707716
0.921000	-0.885601
0.922000	-1.419620
0.923000	-1.330680
0.924000	-1.686630
0.925000	-1.508570
0.926000	-1.241740
0.927000	-1.241740
0.928000	-1.597690
0.929000	-0.974726
0.930000	-1.152610
0.931000	-1.241740
0.932000	-1.241740
0.933000	-1.508570
0.934000	-1.152610
0.935000	-0.974726
0.936000	-1.508570
0.937000	-1.330680
0.938000	-1.152610
0.939000	-1.063670
0.940000	-1.063670
0.941000	-0.618773
0.942000	-0.885601
0.943000	-0.796658
0.944000	-0.796658
0.945000	-0.707716
0.946000	-0.618773
0.947000	-0.707716
0.948000	-0.707716
0.949000	-1.241740
0.950000	-0.796658
0.951000	-0.885601
0.952000	-0.529648
0.953000	-0.796658
0.954000	-0.796658
0.955000	-1.063670
0.956000	-0.974726
0.957000	-0.529648
0.958000	-1.330680
0.959000	-3.021510
0.960000	4.720900
0.961000	2.051150
0.962000	0.360328
0.963000	-0.262637
0.964000	-0.974726
0.965000	1.784140
0.966000	-0.173694
0.967000	0.004192
0.968000	-0.262637
0.969000	-1.864520
0.970000	-2.220660
0.971000	-2.576610
0.972000	-2.487480
0.973000	-2.131530
0.974000	-1.775580
0.975000	0.360328
0.976000	0.805225
0.977000	0.271203
0.978000	0.271203
0.979000	0.538214
0.980000	0.805225
0.981000	1.072240
0.982000	0.716282
0.983000	-0.173694
0.984000	-0.707716
0.985000	-0.351762
0.986000	-0.351762
0.987000	-0.173694
0.988000	-1.063670
0.989000	-1.152610
0.990000	-0.440705
0.991000	0.182260
0.992000	0.983293
0.993000	0.983293
0.994000	0.716282
0.995000	0.983293
0.996000	1.250120
0.997000	1.250120
0.998000	0.627157
0.999000	0.360328
1.000000	0.093317
1.001000	0.182260
1.002000	0.449271
1.003000	-0.618773
1.004000	-0.618773
1.005000	-0.707716
1.006000	0.093317
1.007000	-0.084751
1.008000	0.093317
1.009000	0.004192
1.010000	0.182260
1.011000	-0.084751
1.012000	0.004192
1.013000	0.093317
1.014000	-0.529648
1.015000	-1.152610
1.016000	-0.618773
1.017000	0.004192
1.018000	-0.262637
1.019000	-1.152610
1.020000	-0.885601
1.021000	-0.262637
1.022000	-0.440705
1.023000	0.271203
1.024000	0.182260
1.025000	0.182260
1.026000	-0.351762
1.027000	-0.173694
1.028000	0.004192
1.029000	0.093317
1.030000	-0.173694
1.031000	-0.262637
1.032000	-0.796658
1.033000	-0.529648
1.034000	-0.173694
1.035000	0.004192
1.036000	-0.173694
1.037000	-0.084751
1.038000	-0.084751
1.039000	0.271203
1.040000	0.004192
1.041000	0.182260
1.042000	0.004192
1.043000	-0.173694
1.044000	-0.351762
1.045000	-0.262637
1.046000	-0.351762
1.047000	-0.707716
1.048000	-0.707716
1.049000	-0.262637
1.050000	-0.707716
1.051000	-0.084751
1.052000	-0.440705
1.053000	0.093317
1.054000	-0.440705
1.055000	-0.173694
1.056000	-0.173694
1.057000	0.093317
1.058000	0.093317
1.059000	-0.173694
1.060000	-0.084751
1.061000	-0.173694
1.062000	-0.262637
1.063000	-0.084751
1.064000	-0.351762
1.065000	-0.440705
1.066000	-0.440705
1.067000	-0.440705
1.068000	-0.084751
1.069000	-0.351762
1.070000	0.004192
1.071000	0.182260
1.072000	0.093317
1.073000	-0.173694
1.074000	0.360328
1.075000	0.004192
1.076000	-0.351762
1.077000	-0.173694
1.078000	0.271203
1.079000	0.093317
1.080000	-0.173694
1.081000	-0.084751
1.082000	0.360328
1.083000	0.271203
1.084000	0.449271
1.085000	0.805225
1.086000	0.538214
1.087000	0.449271
1.088000	0.627157
1.089000	0.805225
1.090000	0.627157
1.091000	0.805225
1.092000	0.627157
1.093000	0.538214
1.094000	0.716282
1.095000	0.894168
1.096000	1.161180
1.097000	1.072240
1.098000	1.250120
1.099000	1.428190
1.100000	0.983293
1.101000	0.894168
1.102000	0.983293
1.103000	1.339250
1.104000	1.250120
1.105000	1.250120
1.106000	0.894168
1.107000	1.161180
1.108000	0.716282
1.109000	1.339250
1.110000	1.339250
1.111000	1.428190
1.112000	1.161180
1.113000	1.339250
1.114000	1.161180
1.115000	1.161180
1.116000	0.805225
1.117000	0.627157
1.118000	0.627157
1.119000	0.360328
1.120000	0.271203
1.121000	0.360328
1.122000	0.627157
1.123000	0.627157
1.124000	0.627157
1.125000	0.627157
1.126000	0.449271
1.127000	0.805225
1.128000	0.360328
1.129000	0.627157
1.130000	0.716282
1.131000	0.716282
1.132000	0.449271
1.133000	0.538214
1.134000	0.538214
1.135000	0.449271
1.136000	0.182260
1.137000	-0.084751
1.138000	0.182260
1.139000	0.271203
1.140000	0.449271
1.141000	0.271203
1.142000	-0.084751
1.143000	0.182260
1.144000	0.271203
1.145000	-0.084751
1.146000	-0.440705
1.147000	-0.262637
1.148000	0.093317
1.149000	-0.262637
1.150000	-0.262637
1.151000	0.182260
1.152000	-0.173694
1.153000	0.004192
1.154000	-0.173694
1.155000	-0.351762
1.156000	0.182260
1.157000	0.004192
1.158000	-0.529648
1.159000	-0.529648
1.160000	-0.262637
1.161000	-0.529648
1.162000	-0.618773
1.163000	-0.618773
1.164000	-1.063670
1.165000	-0.885601
1.166000	-0.351762
1.167000	-0.529648
1.168000	0.182260
1.169000	0.004192
1.170000	0.182260
1.171000	0.004192
1.172000	-0.262637
1.173000	-0.084751
1.174000	-0.529648
1.175000	-0.351762
1.176000	-0.707716
1.177000	-0.351762
1.178000	-0.529648
1.179000	-0.885601
1.180000	-0.351762
1.181000	-0.440705
1.182000	-0.885601
1.183000	-0.440705
1.184000	-0.084751
1.185000	-0.262637
1.186000	-0.173694
1.187000	-0.173694
1.188000	0.271203
1.189000	0.004192
1.190000	-0.351762
1.191000	0.271203
1.192000	-0.173694
1.193000	-0.618773
1.194000	0.182260
1.195000	-0.351762
1.196000	-0.173694
1.197000	0.716282
1.198000	0.449271
1.199000	0.271203
1.200000	1.072240
1.201000	1.161180
1.202000	0.894168
1.203000	0.983293
1.204000	0.894168
1.205000	0.805225
1.206000	0.894168
1.207000	1.250120
1.208000	1.161180
1.209000	0.538214
1.210000	0.627157
1.211000	0.716282
1.212000	0.360328
1.213000	0.360328
1.214000	0.538214
1.215000	0.716282
1.216000	1.161180
1.217000	1.072240
1.218000	0.716282
1.219000	0.983293
1.220000	0.627157
1.221000	0.449271
1.222000	0.360328
1.223000	0.004192
1.224000	0.182260
1.225000	0.093317
1.226000	-0.084751
1.227000	0.627157
1.228000	0.716282
1.229000	0.271203
1.230000	1.161180
1.231000	0.716282
1.232000	0.360328
1.233000	0.805225
1.234000	0.627157
1.235000	0.271203
1.236000	0.004192
1.237000	0.360328
1.238000	0.093317
1.239000	0.360328
1.240000	0.538214
1.241000	0.716282
1.242000	0.716282
1.243000	0.983293
1.244000	1.161180
1.245000	1.161180
1.246000	1.072240
1.247000	0.716282
1.248000	0.894168
1.249000	0.805225
1.250000	0.627157
1.251000	0.894168
1.252000	0.805225
1.253000	0.983293
1.254000	1.161180
1.255000	1.339250
1.256000	1.606260
1.257000	1.873090
1.258000	1.161180
1.259000	1.428190
1.260000	1.873090
1.261000	1.072240
1.262000	1.250120
1.263000	1.695200
1.264000	1.428190
1.265000	1.250120
1.266000	1.428190
1.267000	1.339250
1.268000	1.250120
1.269000	1.250120
1.270000	1.339250
1.271000	1.250120
1.272000	1.250120
1.273000	1.339250
1.274000	1.339250
1.275000	1.339250
1.276000	0.716282
1.277000	1.072240
1.278000	0.360328
1.279000	-0.084751
1.280000	0.627157
1.281000	0.538214
1.282000	-0.084751
1.283000	0.182260
1.284000	0.271203
1.285000	0.182260
1.286000	0.271203
1.287000	0.093317
1.288000	0.004192
1.289000	0.271203
1.290000	-0.173694
1.291000	0.004192
1.292000	0.093317
1.293000	-0.351762
1.294000	-0.173694
1.295000	0.004192
1.296000	-0.440705
1.297000	-0.351762
1.298000	0.004192
1.299000	-0.084751
1.300000	-0.084751
1.301000	0.360328
1.302000	0.360328
1.303000	0.538214
1.304000	0.805225
1.305000	0.627157
1.306000	0.716282
1.307000	0.538214
1.308000	0.449271
1.309000	0.538214
1.310000	0.360328
1.311000	0.360328
1.312000	0.627157
1.313000	0.716282
1.314000	0.538214
1.315000	0.894168
1.316000	0.627157
1.317000	0.627157
1.318000	0.627157
1.319000	0.271203
1.320000	0.627157
1.321000	0.716282
1.322000	0.182260
1.323000	0.271203
1.324000	0.449271
1.325000	0.182260
1.326000	-0.084751
1.327000	-0.084751
1.328000	-0.173694
1.329000	-0.173694
1.330000	-0.084751
1.331000	-0.529648
1.332000	-0.529648
1.333000	-0.351762
1.334000	-0.262637
1.335000	-0.351762
1.336000	-0.351762
1.337000	-0.440705
1.338000	-0.618773
1.339000	-0.351762
1.340000	-0.796658
1.341000	-0.885601
1.342000	-0.618773
1.343000	-0.707716
1.344000	-0.707716
1.345000	-0.262637
1.346000	-0.262637
1.347000	-0.262637
1.348000	0.093317
1.349000	-0.173694
1.350000	0.004192
1.351000	-0.084751
1.352000	-0.173694
1.353000	0.182260
1.354000	0.360328
1.355000	0.004192
1.356000	0.360328
1.357000	0.093317
1.358000	0.360328
1.359000	0.627157
1.360000	0.538214
1.361000	0.894168
1.362000	0.983293
1.363000	0.894168
1.364000	1.250120
1.365000	1.250120
1.366000	0.983293
1.367000	1.072240
1.368000	1.161180
1.369000	0.983293
1.370000	0.627157
1.371000	0.894168
1.372000	1.072240
1.373000	1.161180
1.374000	1.339250
1.375000	1.428190
1.376000	1.339250
1.377000	1.695200
1.378000	1.428190
1.379000	0.894168
1.380000	0.983293
1.381000	0.449271
1.382000	0.360328
1.383000	0.360328
1.384000	0.360328
1.385000	0.449271
1.386000	0.805225
1.387000	0.449271
1.388000	0.805225
1.389000	0.538214
1.390000	0.627157
1.391000	0.271203
1.392000	0.004192
1.393000	0.093317
1.394000	0.004192
1.395000	-0.084751
1.396000	0.004192
1.397000	0.093317
1.398000	-0.084751
1.399000	0.004192
1.400000	0.182260
1.401000	0.271203
1.402000	0.271203
1.403000	0.360328
1.404000	0.360328
1.405000	0.360328
1.406000	0.627157
1.407000	0.538214
1.408000	0.449271
1.409000	0.627157
1.410000	0.627157
1.411000	0.627157
1.412000	0.716282
1.413000	1.072240
1.414000	0.716282
1.415000	1.161180
1.416000	0.894168
1.417000	0.805225
1.418000	1.072240
1.419000	1.072240
1.420000	1.072240
1.421000	1.339250
1.422000	1.339250
1.423000	1.161180
1.424000	1.250120
1.425000	1.161180
1.426000	0.805225
1.427000	1.072240
1.428000	1.072240
1.429000	0.716282
1.430000	0.894168
1.431000	1.339250
1.432000	1.072240
1.433000	0.716282
1.434000	1.161180
1.435000	0.716282
1.436000	0.805225
1.437000	0.983293
1.438000	0.271203
1.439000	0.716282
1.440000	0.716282
1.441000	-0.084751
1.442000	0.271203
1.443000	0.271203
1.444000	0.093317
1.445000	0.449271
1.446000	0.182260
1.447000	-0.084751
1.448000	-0.084751
1.449000	0.004192
1.450000	-0.351762
1.451000	-0.440705
1.452000	-0.084751
1.453000	-0.173694
1.454000	-0.440705
1.455000	-0.351762
1.456000	-0.618773
1.457000	-0.618773
1.458000	-0.262637
1.459000	-0.707716
1.460000	-0.529648
1.461000	-0.262637
1.462000	-0.084751
1.463000	0.093317
1.464000	-0.262637
1.465000	0.004192
1.466000	-0.440705
1.467000	-0.351762
1.468000	0.004192
1.469000	-0.440705
1.470000	0.093317
1.471000	0.182260
1.472000	0.004192
1.473000	0.182260
1.474000	0.271203
1.475000	0.538214
1.476000	0.449271
1.477000	0.627157
1.478000	0.983293
1.479000	0.894168
1.480000	1.161180
1.481000	0.894168
1.482000	0.716282
1.483000	0.983293
1.484000	0.627157
1.485000	0.538214
1.486000	0.805225
1.487000	0.805225
1.488000	0.983293
1.489000	1.250120
1.490000	0.983293
1.491000	0.983293
1.492000	1.072240
1.493000	0.983293
1.494000	0.716282
1.495000	0.716282
1.496000	0.627157
1.497000	0.449271
1.498000	0.538214
1.499000	0.093317
1.500000	-0.084751
1.501000	0.093317
1.502000	0.182260
1.503000	-0.351762
1.504000	0.004192
1.505000	-0.084751
1.506000	-0.173694
1.507000	-0.084751
1.508000	-0.351762
1.509000	-0.440705
1.510000	-0.440705
1.511000	-0.618773
1.512000	-0.529648
1.513000	-0.796658
1.514000	-0.529648
1.515000	-0.351762
1.516000	-0.618773
1.517000	-0.529648
1.518000	-0.351762
1.519000	-0.440705
1.520000	-0.084751
1.521000	-0.173694
1.522000	-0.084751
1.523000	-0.084751
1.524000	0.004192
1.525000	0.271203
1.526000	0.449271
1.527000	0.360328
1.528000	0.449271
1.529000	0.627157
1.530000	0.805225
1.531000	0.716282
1.532000	0.627157
1.533000	0.983293
1.534000	0.716282
1.535000	0.805225
1.536000	0.983293
1.537000	1.250120
1.538000	1.606260
1.539000	1.517130
1.540000	1.161180
1.541000	1.339250
1.542000	1.161180
1.543000	0.983293
1.544000	1.161180
1.545000	0.538214
1.546000	0.627157
1.547000	0.449271
1.548000	0.449271
1.549000	0.716282
1.550000	0.538214
1.551000	0.716282
1.552000	0.716282
1.553000	0.449271
1.554000	0.360328
1.555000	0.271203
1.556000	0.271203
1.557000	0.449271
1.558000	-0.173694
1.559000	-0.173694
1.560000	-0.084751
1.561000	-0.351762
1.562000	-0.351762
1.563000	-0.529648
1.564000	-0.262637
1.565000	0.271203
1.566000	0.182260
1.567000	0.182260
1.568000	0.360328
1.569000	0.271203
1.570000	0.093317
1.571000	-0.173694
1.572000	-0.173694
1.573000	0.004192
1.574000	0.093317
1.575000	0.360328
1.576000	0.360328
1.577000	0.716282
1.578000	0.894168
1.579000	0.716282
1.580000	0.983293
1.581000	0.894168
1.582000	0.894168
1.583000	0.805225
1.584000	0.894168
1.585000	0.894168
1.586000	1.250120
1.587000	1.250120
1.588000	1.161180
1.589000	1.339250
1.590000	1.250120
1.591000	1.161180
1.592000	1.250120
1.593000	1.428190
1.594000	1.428190
1.595000	1.517130
1.596000	1.339250
1.597000	0.983293
1.598000	0.983293
1.599000	0.805225
1.600000	0.983293
1.601000	0.983293
1.602000	0.805225
1.603000	0.627157
1.604000	0.627157
1.605000	0.449271
1.606000	0.449271
1.607000	0.538214
1.608000	0.449271
1.609000	0.538214
1.610000	0.271203
1.611000	0.093317
1.612000	0.004192
1.613000	0.182260
1.614000	0.004192
1.615000	-0.084751
1.616000	-0.084751
1.617000	-0.173694
1.618000	-0.173694
1.619000	-0.173694
1.620000	-0.173694
1.621000	-0.262637
1.622000	-0.084751
1.623000	0.004192
1.624000	0.004192
1.625000	-0.173694
1.626000	-0.262637
1.627000	-0.173694
1.628000	-0.351762
1.629000	-0.173694
1.630000	-0.262637
1.631000	0.093317
1.632000	0.182260
1.633000	0.182260
1.634000	0.271203
1.635000	0.182260
1.636000	0.182260
1.637000	0.271203
1.638000	0.449271
1.639000	0.538214
1.640000	0.627157
1.641000	0.627157
1.642000	0.449271
1.643000	0.627157
1.644000	0.627157
1.645000	0.627157
1.646000	0.805225
1.647000	0.538214
1.648000	0.627157
1.649000	0.716282
1.650000	0.627157
1.651000	0.716282
1.652000	0.894168
1.653000	0.894168
1.654000	0.805225
1.655000	0.805225
1.656000	0.627157
1.657000	0.716282
1.658000	0.627157
1.659000	0.538214
1.660000	0.538214
1.661000	0.627157
1.662000	0.538214
1.663000	0.627157
1.664000	0.360328
1.665000	0.360328
1.666000	0.182260
1.667000	0.093317
1.668000	0.004192
1.669000	0.093317
1.670000	-0.084751
1.671000	0.004192
1.672000	0.093317
1.673000	-0.173694
1.674000	-0.173694
1.675000	-0.173694
1.676000	-0.351762
1.677000	-0.351762
1.678000	-0.262637
1.679000	-0.351762
1.680000	-0.262637
1.681000	-0.173694
1.682000	-0.262637
1.683000	-0.173694
1.684000	-0.173694
1.685000	-0.173694
1.686000	-0.173694
1.687000	0.093317
1.688000	0.004192
1.689000	0.182260
1.690000	0.271203
1.691000	0.360328
1.692000	0.538214
1.693000	0.449271
1.694000	0.360328
1.695000	0.449271
1.696000	0.716282
1.697000	0.716282
1.698000	0.894168
1.699000	0.983293
1.700000	0.805225
1.701000	0.894168
1.702000	0.894168
1.703000	0.983293
1.704000	1.161180
1.705000	1.161180
1.706000	1.161180
1.707000	1.250120
1.708000	1.161180
1.709000	1.072240
1.710000	1.072240
1.711000	0.983293
1.712000	0.627157
1.713000	0.716282
1.714000	0.538214
1.715000	0.360328
1.716000	0.627157
1.717000	0.538214
1.718000	0.360328
1.719000	0.538214
1.720000	0.538214
1.721000	0.093317
1.722000	0.182260
1.723000	-0.084751
1.724000	-0.173694
1.725000	-0.084751
1.726000	-0.173694
1.727000	0.004192
1.728000	0.093317
1.729000	0.093317
1.730000	0.004192
1.731000	0.093317
1.732000	-0.173694
1.733000	-0.173694
1.734000	0.004192
1.735000	0.182260
1.736000	0.271203
1.737000	0.360328
1.738000	0.271203
1.739000	0.093317
1.740000	0.360328
1.741000	0.360328
1.742000	0.449271
1.743000	0.627157
1.744000	0.627157
1.745000	0.627157
1.746000	0.805225
1.747000	0.894168
1.748000	0.894168
1.749000	1.072240
1.750000	0.983293
1.751000	1.072240
1.752000	1.072240
1.753000	1.161180
1.754000	1.250120
1.755000	1.250120
1.756000	1.250120
1.757000	1.161180
1.758000	1.072240
1.759000	0.983293
1.760000	0.983293
1.761000	0.983293
1.762000	0.983293
1.763000	0.983293
1.764000	0.894168
1.765000	0.983293
1.766000	0.805225
1.767000	0.805225
1.768000	0.716282
1.769000	0.627157
1.770000	0.538214
1.771000	0.360328
1.772000	0.360328
1.773000	0.271203
1.774000	0.360328
1.775000	0.271203
1.776000	0.093317
1.777000	0.004192
1.778000	0.093317
1.779000	0.004192
1.780000	-0.173694
1.781000	-0.173694
1.782000	-0.351762
1.783000	-0.351762
1.784000	-0.351762
1.785000	-0.351762
1.786000	-0.262637
1.787000	-0.351762
1.788000	-0.262637
1.789000	-0.440705
1.790000	-0.173694
1.791000	-0.173694
1.792000	-0.084751
1.793000	-0.084751
1.794000	0.182260
1.795000	0.182260
1.796000	0.004192
1.797000	0.182260
1.798000	0.004192
1.799000	0.004192
1.800000	0.271203
1.801000	0.271203
1.802000	0.538214
1.803000	0.805225
1.804000	0.538214
1.805000	0.627157
1.806000	0.716282
1.807000	0.538214
1.808000	0.538214
1.809000	0.627157
1.810000	0.627157
1.811000	0.716282
1.812000	0.805225
1.813000	0.716282
1.814000	0.627157
1.815000	0.538214
1.816000	0.538214
1.817000	0.449271
1.818000	0.627157
1.819000	0.449271
1.820000	0.360328
1.821000	0.449271
1.822000	0.449271
1.823000	0.449271
1.824000	0.271203
1.825000	0.182260
1.826000	0.093317
1.827000	0.004192
1.828000	0.093317
1.829000	0.004192
1.830000	-0.084751
1.831000	-0.173694
1.832000	-0.262637
1.833000	-0.262637
1.834000	-0.173694
1.835000	-0.173694
1.836000	-0.084751
1.837000	0.004192
1.838000	-0.084751
1.839000	-0.173694
1.840000	-0.173694
1.841000	-0.173694
1.842000	-0.173694
1.843000	-0.262637
1.844000	0.004192
1.845000	-0.084751
1.846000	0.004192
1.847000	0.093317
1.848000	0.004192
1.849000	0.182260
1.850000	0.360328
1.851000	0.360328
1.852000	0.360328
1.853000	0.538214
1.854000	0.449271
1.855000	0.449271
1.856000	0.360328
1.857000	0.449271
1.858000	0.538214
1.859000	0.627157
1.860000	0.627157
1.861000	0.716282
1.862000	0.716282
1.863000	0.627157
1.864000	0.805225
1.865000	0.894168
1.866000	0.805225
1.867000	0.894168
1.868000	0.716282
1.869000	0.716282
1.870000	0.894168
1.871000	0.716282
1.872000	0.716282
1.873000	0.716282
1.874000	0.805225
1.875000	0.716282
1.876000	0.627157
1.877000	0.627157
1.878000	0.538214
1.879000	0.627157
1.880000	0.538214
1.881000	0.449271
1.882000	0.271203
1.883000	0.093317
1.884000	0.271203
1.885000	0.271203
1.886000	0.271203
1.887000	0.093317
1.888000	0.182260
1.889000	0.182260
1.890000	0.093317
1.891000	-0.173694
1.892000	0.093317
1.893000	0.004192
1.894000	0.004192
1.895000	0.093317
1.896000	0.004192
1.897000	0.004192
1.898000	0.271203
1.899000	0.182260
1.900000	0.093317
1.901000	0.271203
1.902000	0.271203
1.903000	0.182260
1.904000	0.360328
1.905000	0.360328
1.906000	0.360328
1.907000	0.538214
1.908000	0.716282
1.909000	0.538214
1.910000	0.716282
1.911000	0.894168
1.912000	0.716282
1.913000	0.716282
1.914000	0.805225
1.915000	0.716282
1.916000	0.805225
1.917000	0.983293
1.918000	0.894168
1.919000	0.894168
1.920000	0.983293
1.921000	0.894168
1.922000	0.894168
1.923000	0.983293
1.924000	0.716282
1.925000	0.894168
1.926000	0.716282
1.927000	0.716282
1.928000	0.627157
1.929000	0.627157
1.930000	0.538214
1.931000	0.538214
1.932000	0.449271
1.933000	0.360328
1.934000	0.449271
1.935000	0.182260
1.936000	0.182260
1.937000	0.271203
1.938000	0.182260
1.939000	0.093317
1.940000	0.004192
1.941000	-0.173694
1.942000	-0.084751
1.943000	-0.173694
1.944000	-0.262637
1.945000	-0.173694
1.946000	-0.084751
1.947000	-0.173694
1.948000	-0.351762
1.949000	-0.173694
1.950000	-0.173694
1.951000	0.004192
1.952000	0.093317
1.953000	0.004192
1.954000	0.093317
1.955000	0.182260
1.956000	0.182260
1.957000	0.182260
1.958000	0.271203
1.959000	0.271203
1.960000	0.360328
1.961000	0.271203
1.962000	0.360328
1.963000	0.360328
1.964000	0.360328
1.965000	0.627157
1.966000	0.627157
1.967000	0.538214
1.968000	0.538214
1.969000	0.627157
1.970000	0.716282
1.971000	0.538214
1.972000	0.716282
1.973000	0.627157
1.974000	0.627157
1.975000	0.627157
1.976000	0.449271
1.977000	0.538214
1.978000	0.538214
1.979000	0.449271
1.980000	0.360328
1.981000	0.360328
1.982000	0.093317
1.983000	0.271203
1.984000	0.182260
1.985000	0.093317
1.986000	0.004192
1.987000	0.004192
1.988000	-0.084751
1.989000	0.004192
1.990000	0.004192
1.991000	-0.173694
1.992000	-0.173694
1.993000	-0.351762
1.994000	-0.351762
1.995000	-0.351762
1.996000	-0.440705
1.997000	-0.529648
1.998000	-0.529648
1.999000	-0.440705
2.000000	-0.351762
2.001000	-0.351762
2.002000	-0.262637
2.003000	-0.262637
2.004000	-0.262637
2.005000	-0.173694
2.006000	-0.173694
2.007000	-0.173694
2.008000	-0.173694
2.009000	-0.173694
2.010000	-0.173694
2.011000	0.004192
2.012000	-0.084751
2.013000	0.182260
2.014000	0.182260
2.015000	0.271203
2.016000	0.271203
2.017000	0.449271
2.018000	0.538214
2.019000	0.538214
2.020000	0.449271
2.021000	0.627157
2.022000	0.716282
2.023000	0.716282
2.024000	0.627157
2.025000	0.627157
2.026000	0.805225
2.027000	0.716282
2.028000	0.805225
2.029000	0.805225
2.030000	0.805225
2.031000	0.627157
2.032000	0.805225
2.033000	0.627157
2.034000	0.805225
2.035000	0.716282
2.036000	0.716282
2.037000	0.538214
2.038000	0.627157
2.039000	0.627157
2.040000	0.538214
2.041000	0.449271
2.042000	0.271203
2.043000	0.182260
2.044000	0.271203
2.045000	0.271203
2.046000	0.182260
2.047000	0.093317
2.048000	0.093317
2.049000	0.093317
2.050000	0.004192
2.051000	0.182260
2.052000	0.093317
2.053000	0.093317
2.054000	0.093317
2.055000	0.004192
2.056000	0.093317
2.057000	0.004192
2.058000	0.182260
2.059000	0.182260
2.060000	0.182260
2.061000	0.182260
2.062000	0.271203
2.063000	0.182260
2.064000	0.271203
2.065000	0.360328
2.066000	0.271203
2.067000	0.360328
2.068000	0.360328
2.069000	0.538214
2.070000	0.627157
2.071000	0.627157
2.072000	0.805225
2.073000	0.716282
2.074000	0.538214
2.075000	0.627157
2.076000	0.627157
2.077000	0.716282
2.078000	0.716282
2.079000	0.716282
2.080000	0.805225
2.081000	0.805225
2.082000	0.805225
2.083000	0.538214
2.084000	0.627157
2.085000	0.716282
2.086000	0.716282
2.087000	0.627157
2.088000	0.627157
2.089000	0.538214
2.090000	0.716282
2.091000	0.538214
2.092000	0.360328
2.093000	0.271203
2.094000	0.271203
2.095000	0.271203
2.096000	0.360328
2.097000	0.271203
2.098000	0.093317
2.099000	0.004192
2.100000	0.004192
2.101000	0.004192
2.102000	0.004192
2.103000	-0.084751
2.104000	0.004192
2.105000	-0.084751
2.106000	-0.084751
2.107000	-0.173694
2.108000	-0.084751
2.109000	-0.084751
2.110000	0.004192
2.111000	-0.173694
2.112000	-0.173694
2.113000	-0.173694
2.114000	-0.173694
2.115000	-0.173694
2.116000	0.004192
2.117000	0.004192
2.118000	-0.084751
2.119000	0.093317
2.120000	0.004192
2.121000	0.093317
2.122000	0.093317
2.123000	0.271203
2.124000	0.360328
2.125000	0.182260
2.126000	0.271203
2.127000	0.449271
2.128000	0.538214
2.129000	0.449271
2.130000	0.538214
2.131000	0.449271
2.132000	0.538214
2.133000	0.627157
2.134000	0.627157
2.135000	0.627157
2.136000	0.627157
2.137000	0.627157
2.138000	0.538214
2.139000	0.627157
2.140000	0.538214
2.141000	0.538214
2.142000	0.360328
2.143000	0.360328
2.144000	0.449271
2.145000	0.538214
2.146000	0.360328
2.147000	0.271203
2.148000	0.004192
2.149000	0.093317
2.150000	0.093317
2.151000	0.004192
2.152000	0.004192
2.153000	0.004192
2.154000	-0.084751
2.155000	-0.084751
2.156000	-0.084751
2.157000	-0.173694
2.158000	-0.351762
2.159000	-0.173694
2.160000	-0.351762
2.161000	-0.440705
2.162000	-0.351762
2.163000	-0.351762
2.164000	-0.262637
2.165000	-0.351762
2.166000	-0.351762
2.167000	-0.262637
2.168000	-0.173694
2.169000	-0.173694
2.170000	0.004192
2.171000	-0.084751
2.172000	0.004192
2.173000	0.004192
2.174000	0.271203
2.175000	0.093317
2.176000	0.271203
2.177000	0.271203
2.178000	0.271203
2.179000	0.360328
2.180000	0.538214
2.181000	0.538214
2.182000	0.538214
2.183000	0.627157
2.184000	0.538214
2.185000	0.627157
2.186000	0.716282
2.187000	0.716282
2.188000	0.627157
2.189000	0.627157
2.190000	0.716282
2.191000	0.716282
2.192000	0.627157
2.193000	0.716282
2.194000	0.627157
2.195000	0.627157
2.196000	0.627157
2.197000	0.538214
2.198000	0.449271
2.199000	0.449271
2.200000	0.360328
2.201000	0.449271
2.202000	0.271203
2.203000	0.271203
2.204000	0.271203
2.205000	0.271203
2.206000	0.271203
2.207000	0.093317
2.208000	0.093317
2.209000	0.182260
2.210000	0.004192
2.211000	0.004192
2.212000	0.004192
2.213000	0.004192
2.214000	-0.084751
2.215000	0.004192
2.216000	-0.084751
2.217000	0.004192
2.218000	0.093317
2.219000	0.093317
2.220000	0.093317
2.221000	0.093317
2.222000	0.093317
2.223000	0.271203
2.224000	0.360328
2.225000	0.271203
2.226000	0.271203
2.227000	0.538214
2.228000	0.538214
2.229000	0.360328
2.230000	0.538214
2.231000	0.538214
2.232000	0.538214
2.233000	0.627157
2.234000	0.449271
2.235000	0.538214
2.236000	0.627157
2.237000	0.805225
2.238000	0.627157
2.239000	0.805225
2.240000	0.805225
2.241000	0.805225
2.242000	0.716282
2.243000	0.538214
2.244000	0.627157
2.245000	0.538214
2.246000	0.627157
2.247000	0.627157
2.248000	0.538214
2.249000	0.449271
2.250000	0.538214
2.251000	0.449271
2.252000	0.449271
2.253000	0.360328
2.254000	0.271203
2.255000	0.271203
2.256000	0.271203
2.257000	0.360328
2.258000	0.182260
2.259000	0.093317
2.260000	0.093317
2.261000	0.093317
2.262000	0.093317
2.263000	0.093317
2.264000	0.004192
2.265000	0.093317
2.266000	-0.173694
2.267000	-0.084751
2.268000	0.004192
2.269000	0.093317
2.270000	0.004192
2.271000	0.004192
2.272000	0.004192
2.273000	0.004192
2.274000	0.093317
2.275000	0.093317
2.276000	0.093317
2.277000	0.004192
2.278000	0.093317
2.279000	0.182260
2.280000	0.182260
2.281000	0.182260
2.282000	0.093317
2.283000	0.182260
2.284000	0.182260
2.285000	0.271203
2.286000	0.271203
2.287000	0.360328
2.288000	0.271203
2.289000	0.449271
2.290000	0.360328
2.291000	0.449271
2.292000	0.449271
2.293000	0.360328
2.294000	0.360328
2.295000	0.360328
2.296000	0.271203
2.297000	0.360328
2.298000	0.449271
2.299000	0.360328
2.300000	0.360328
2.301000	0.360328
2.302000	0.360328
2.303000	0.182260
2.304000	0.271203
2.305000	0.182260
2.306000	0.182260
2.307000	0.093317
2.308000	0.093317
2.309000	0.004192
2.310000	0.004192
2.311000	0.004192
2.312000	-0.084751
2.313000	-0.173694
2.314000	-0.262637
2.315000	-0.262637
2.316000	-0.262637
2.317000	-0.173694
2.318000	-0.173694
2.319000	-0.173694
2.320000	-0.262637
2.321000	-0.351762
2.322000	-0.173694
2.323000	-0.262637
2.324000	-0.262637
2.325000	-0.262637
2.326000	-0.262637
2.327000	-0.262637
2.328000	-0.173694
2.329000	-0.173694
2.330000	-0.173694
2.331000	-0.173694
2.332000	-0.084751
2.333000	-0.084751
2.334000	0.004192
2.335000	0.182260
2.336000	0.182260
2.337000	0.093317
2.338000	0.271203
2.339000	0.271203
2.340000	0.182260
2.341000	0.360328
2.342000	0.360328
2.343000	0.538214
2.344000	0.538214
2.345000	0.449271
2.346000	0.449271
2.347000	0.538214
2.348000	0.538214
2.349000	0.538214
2.350000	0.449271
2.351000	0.449271
2.352000	0.538214
2.353000	0.538214
2.354000	0.538214
2.355000	0.538214
2.356000	0.449271
2.357000	0.360328
2.358000	0.449271
2.359000	0.360328
2.360000	0.271203
2.361000	0.360328
2.362000	0.360328
2.363000	0.360328
2.364000	0.271203
2.365000	0.182260
2.366000	0.182260
2.367000	0.182260
2.368000	0.093317
2.369000	0.093317
2.370000	0.093317
2.371000	0.093317
2.372000	0.182260
2.373000	0.093317
2.374000	0.093317
2.375000	0.004192
2.376000	0.093317
2.377000	0.004192
2.378000	0.093317
2.379000	-0.084751
2.380000	0.004192
2.381000	0.093317
2.382000	0.093317
2.383000	0.271203
2.384000	0.182260
2.385000	0.271203
2.386000	0.182260
2.387000	0.271203
2.388000	0.360328
2.389000	0.360328
2.390000	0.449271
2.391000	0.360328
2.392000	0.271203
2.393000	0.449271
2.394000	0.627157
2.395000	0.538214
2.396000	0.627157
2.397000	0.627157
2.398000	0.538214
2.399000	0.538214
2.400000	0.716282
2.401000	0.716282
2.402000	0.538214
2.403000	0.627157
2.404000	0.449271
2.405000	0.538214
2.406000	0.538214
2.407000	0.538214
2.408000	0.538214
2.409000	0.538214
2.410000	0.360328
2.411000	0.360328
2.412000	0.360328
2.413000	0.271203
2.414000	0.182260
2.415000	0.093317
2.416000	0.093317
2.417000	0.093317
2.418000	0.093317
2.419000	-0.084751
2.420000	0.004192
2.421000	-0.084751
2.422000	-0.173694
2.423000	-0.084751
2.424000	-0.173694
2.425000	-0.262637
2.426000	-0.173694
2.427000	-0.173694
2.428000	-0.351762
2.429000	-0.084751
2.430000	-0.262637
2.431000	-0.351762
2.432000	-0.262637
2.433000	-0.173694
2.434000	-0.262637
2.435000	-0.262637
2.436000	-0.173694
2.437000	-0.173694
2.438000	-0.084751
2.439000	0.004192
2.440000	-0.084751
2.441000	0.093317
2.442000	0.004192
2.443000	0.093317
2.444000	0.360328
2.445000	0.004192
2.446000	0.271203
2.447000	0.093317
2.448000	0.004192
2.449000	0.271203
2.450000	0.271203
2.451000	0.271203
2.452000	0.182260
2.453000	0.271203
2.454000	0.271203
2.455000	0.271203
2.456000	0.271203
2.457000	0.360328
2.458000	0.271203
2.459000	0.093317
2.460000	0.004192
2.461000	0.093317
2.462000	0.093317
2.463000	0.182260
2.464000	0.182260
2.465000	0.093317
2.466000	0.093317
2.467000	0.004192
2.468000	0.004192
2.469000	0.004192
2.470000	0.093317
2.471000	0.004192
2.472000	-0.084751
2.473000	0.004192
2.474000	-0.084751
2.475000	0.004192
2.476000	-0.084751
2.477000	0.004192
2.478000	0.004192
2.479000	-0.084751
2.480000	-0.084751
2.481000	-0.173694
2.482000	-0.173694
2.483000	0.004192
2.484000	0.004192
2.485000	0.004192
2.486000	0.093317
2.487000	0.004192
2.488000	0.004192
2.489000	0.004192
2.490000	0.004192
2.491000	0.093317
2.492000	0.093317
2.493000	0.093317
2.494000	0.182260
2.495000	0.271203
2.496000	0.271203
2.497000	0.004192
2.498000	0.182260
2.499000	0.093317
2.500000	0.182260
2.501000	0.360328
2.502000	0.449271
2.503000	0.449271
2.504000	0.449271
2.505000	0.538214
2.506000	0.538214
2.507000	0.360328
2.508000	0.449271
2.509000	0.538214
2.510000	0.449271
2.511000	0.538214
2.512000	0.449271
2.513000	0.538214
2.514000	0.449271
2.515000	0.360328
2.516000	0.449271
2.517000	0.360328
2.518000	0.360328
2.519000	0.360328
2.520000	0.271203
2.521000	0.182260
2.522000	0.182260
2.523000	0.360328
2.524000	0.449271
2.525000	0.271203
2.526000	0.093317
2.527000	0.093317
2.528000	0.004192
2.529000	0.004192
2.530000	0.004192
2.531000	0.004192
2.532000	-0.084751
2.533000	0.004192
2.534000	-0.084751
2.535000	-0.084751
2.536000	-0.173694
2.537000	-0.173694
2.538000	-0.084751
2.539000	-0.084751
2.540000	-0.084751
2.541000	0.004192
2.542000	0.004192
2.543000	-0.084751
2.544000	-0.084751
2.545000	0.004192
2.546000	-0.084751
2.547000	0.093317
2.548000	0.093317
2.549000	0.093317
2.550000	0.271203
2.551000	0.182260
2.552000	0.360328
2.553000	0.271203
2.554000	0.271203
2.555000	0.182260
2.556000	0.449271
2.557000	0.360328
2.558000	0.271203
2.559000	0.360328
2.560000	0.627157
2.561000	0.449271
2.562000	0.538214
2.563000	0.538214
2.564000	0.449271
2.565000	0.538214
2.566000	0.449271
2.567000	0.538214
2.568000	0.449271
2.569000	0.627157
2.570000	0.449271
2.571000	0.449271
2.572000	0.538214
2.573000	0.449271
2.574000	0.538214
2.575000	0.449271
2.576000	0.271203
2.577000	0.360328
2.578000	0.360328
2.579000	0.182260
2.580000	0.271203
2.581000	0.271203
2.582000	0.182260
2.583000	0.093317
2.584000	0.093317
2.585000	0.004192
2.586000	0.182260
2.587000	0.004192
2.588000	0.004192
2.589000	0.004192
2.590000	0.093317
2.591000	0.004192
2.592000	0.004192
2.593000	-0.084751
2.594000	0.004192
2.595000	0.004192
2.596000	-0.084751
2.597000	0.004192
2.598000	0.004192
2.599000	0.004192
2.600000	0.093317
2.601000	0.093317
2.602000	0.093317
2.603000	0.093317
2.604000	0.093317
2.605000	0.004192
2.606000	0.360328
2.607000	0.182260
2.608000	0.182260
2.609000	0.271203
2.610000	0.271203
2.611000	0.271203
2.612000	0.360328
2.613000	0.271203
2.614000	0.271203
2.615000	0.271203
2.616000	0.449271
2.617000	0.449271
2.618000	0.360328
2.619000	0.449271
2.620000	0.449271
2.621000	0.360328
2.622000	0.449271
2.623000	0.449271
2.624000	0.449271
2.625000	0.449271
2.626000	0.271203
2.627000	0.271203
2.628000	0.360328
2.629000	0.182260
2.630000	0.271203
2.631000	0.271203
2.632000	0.093317
2.633000	0.182260
2.634000	0.182260
2.635000	0.182260
2.636000	0.004192
2.637000	0.093317
2.638000	0.093317
2.639000	-0.084751
2.640000	0.004192
2.641000	-0.084751
2.642000	-0.084751
2.643000	-0.084751
2.644000	-0.084751
2.645000	-0.173694
2.646000	0.093317
2.647000	-0.084751
2.648000	-0.173694
2.649000	0.004192
2.650000	0.004192
2.651000	0.004192
2.652000	0.093317
2.653000	0.004192
2.654000	0.004192
2.655000	0.093317
2.656000	0.093317
2.657000	0.182260
2.658000	0.182260
2.659000	0.093317
2.660000	0.182260
2.661000	0.271203
2.662000	0.360328
2.663000	0.360328
2.664000	0.360328
2.665000	0.360328
2.666000	0.271203
2.667000	0.360328
2.668000	0.449271
2.669000	0.360328
2.670000	0.449271
2.671000	0.449271
2.672000	0.449271
2.673000	0.449271
2.674000	0.360328
2.675000	0.449271
2.676000	0.360328
2.677000	0.360328
2.678000	0.360328
2.679000	0.360328
2.680000	0.271203
2.681000	0.360328
2.682000	0.271203
2.683000	0.360328
2.684000	0.360328
2.685000	0.360328
2.686000	0.360328
2.687000	0.360328
2.688000	0.182260
2.689000	0.271203
2.690000	0.271203
2.691000	0.182260
2.692000	0.093317
2.693000	0.182260
2.694000	0.093317
2.695000	0.093317
2.696000	0.093317
2.697000	0.004192
2.698000	0.093317
2.699000	0.093317
2.700000	0.182260
2.701000	0.182260
2.702000	0.093317
2.703000	0.182260
2.704000	0.093317
2.705000	0.093317
2.706000	0.271203
2.707000	0.271203
2.708000	0.182260
2.709000	0.093317
2.710000	0.182260
2.711000	0.271203
2.712000	0.360328
2.713000	0.271203
2.714000	0.360328
2.715000	0.360328
2.716000	0.360328
2.717000	0.360328
2.718000	0.449271
2.719000	0.449271
2.720000	0.538214
2.721000	0.360328
2.722000	0.449271
2.723000	0.538214
2.724000	0.538214
2.725000	0.627157
2.726000	0.627157
2.727000	0.538214
2.728000	0.538214
2.729000	0.627157
2.730000	0.449271
2.731000	0.538214
2.732000	0.538214
2.733000	0.538214
2.734000	0.627157
2.735000	0.538214
2.736000	0.538214
2.737000	0.538214
2.738000	0.627157
2.739000	0.538214
2.740000	0.360328
2.741000	0.449271
2.742000	0.360328
2.743000	0.449271
2.744000	0.360328
2.745000	0.271203
2.746000	0.360328
2.747000	0.271203
2.748000	0.271203
2.749000	0.093317
2.750000	0.182260
2.751000	0.271203
2.752000	0.271203
2.753000	0.093317
2.754000	0.182260
2.755000	0.182260
2.756000	0.004192
2.757000	0.093317
2.758000	0.182260
2.759000	0.093317
2.760000	0.093317
2.761000	0.182260
2.762000	0.093317
2.763000	0.271203
2.764000	0.093317
2.765000	0.093317
2.766000	0.271203
2.767000	0.271203
2.768000	0.271203
2.769000	0.271203
2.770000	0.271203
2.771000	0.360328
2.772000	0.271203
2.773000	0.360328
2.774000	0.271203
2.775000	0.360328
2.776000	0.360328
2.777000	0.449271
2.778000	0.538214
2.779000	0.449271
2.780000	0.360328
2.781000	0.449271
2.782000	0.449271
2.783000	0.360328
2.784000	0.449271
2.785000	0.449271
2.786000	0.449271
2.787000	0.449271
2.788000	0.449271
2.789000	0.449271
2.790000	0.449271
2.791000	0.449271
2.792000	0.271203
2.793000	0.360328
2.794000	0.271203
2.795000	0.360328
2.796000	0.271203
2.797000	0.271203
2.798000	0.182260
2.799000	0.093317
2.800000	0.182260
2.801000	0.182260
2.802000	0.093317
2.803000	0.093317
2.804000	0.093317
2.805000	0.093317
2.806000	0.004192
2.807000	-0.084751
2.808000	0.093317
2.809000	0.004192
2.810000	-0.173694
2.811000	0.004192
2.812000	0.004192
2.813000	-0.084751
2.814000	0.004192
2.815000	0.004192
2.816000	0.004192
2.817000	0.093317
2.818000	0.004192
2.819000	0.182260
2.820000	0.182260
2.821000	0.093317
2.822000	0.182260
2.823000	0.182260
2.824000	0.271203
2.825000	0.182260
2.826000	0.182260
2.827000	0.271203
2.828000	0.360328
2.829000	0.360328
2.830000	0.271203
2.831000	0.360328
2.832000	0.360328
2.833000	0.449271
2.834000	0.449271
2.835000	0.449271
2.836000	0.538214
2.837000	0.360328
2.838000	0.449271
2.839000	0.449271
2.840000	0.449271
2.841000	0.360328
2.842000	0.449271
2.843000	0.449271
2.844000	0.360328
2.845000	0.449271
2.846000	0.449271
2.847000	0.360328
2.848000	0.449271
2.849000	0.271203
2.850000	0.360328
2.851000	0.360328
2.852000	0.360328
2.853000	0.360328
2.854000	0.360328
2.855000	0.271203
2.856000	0.271203
2.857000	0.360328
2.858000	0.182260
2.859000	0.360328
2.860000	0.271203
2.861000	0.271203
2.862000	0.360328
2.863000	0.271203
2.864000	0.182260
2.865000	0.271203
2.866000	0.271203
2.867000	0.271203
2.868000	0.271203
2.869000	0.360328
2.870000	0.271203
2.871000	0.360328
2.872000	0.360328
2.873000	0.360328
2.874000	0.538214
2.875000	0.360328
2.876000	0.271203
2.877000	0.360328
2.878000	0.449271
2.879000	0.360328
2.880000	0.449271
2.881000	0.449271
2.882000	0.449271
2.883000	0.449271
2.884000	0.538214
2.885000	0.538214
2.886000	0.538214
2.887000	0.627157
2.888000	0.538214
2.889000	0.538214
2.890000	0.627157
2.891000	0.538214
2.892000	0.627157
2.893000	0.538214
2.894000	0.449271
2.895000	0.627157
2.896000	0.449271
2.897000	0.449271
2.898000	0.538214
2.899000	0.538214
2.900000	0.538214
2.901000	0.538214
2.902000	0.449271
2.903000	0.449271
2.904000	0.360328
2.905000	0.360328
2.906000	0.449271
2.907000	0.538214
2.908000	0.360328
2.909000	0.449271
2.910000	0.449271
2.911000	0.271203
2.912000	0.182260
2.913000	0.360328
2.914000	0.182260
2.915000	0.182260
2.916000	0.271203
2.917000	0.182260
2.918000	0.093317
2.919000	0.271203
2.920000	0.182260
2.921000	0.182260
2.922000	0.271203
2.923000	0.182260
2.924000	0.182260
2.925000	0.182260
2.926000	0.271203
2.927000	0.093317
2.928000	0.271203
2.929000	0.271203
2.930000	0.182260
2.931000	0.182260
2.932000	0.182260
2.933000	0.271203
2.934000	0.360328
2.935000	0.360328
2.936000	0.271203
2.937000	0.271203
2.938000	0.271203
2.939000	0.271203
2.940000	0.271203
2.941000	0.271203
2.942000	0.271203
2.943000	0.271203
2.944000	0.360328
2.945000	0.271203
2.946000	0.360328
2.947000	0.271203
2.948000	0.271203
2.949000	0.360328
2.950000	0.360328
2.951000	0.360328
2.952000	0.360328
2.953000	0.360328
2.954000	0.271203
2.955000	0.182260
2.956000	0.271203
2.957000	0.360328
2.958000	0.271203
2.959000	0.271203
2.960000	0.182260
2.961000	0.182260
2.962000	0.182260
2.963000	0.271203
2.964000	0.182260
2.965000	0.182260
2.966000	0.271203
2.967000	0.182260
2.968000	0.093317
2.969000	0.093317
2.970000	0.182260
2.971000	0.182260
2.972000	0.093317
2.973000	0.093317
2.974000	0.182260
2.975000	0.093317
2.976000	0.093317
2.977000	0.004192
2.978000	0.093317
2.979000	0.093317
2.980000	0.093317
2.981000	0.182260
2.982000	0.182260
2.983000	0.093317
2.984000	0.182260
2.985000	0.182260
2.986000	0.182260
2.987000	0.271203
2.988000	0.182260
2.989000	0.271203
2.990000	0.271203
2.991000	0.271203
2.992000	0.271203
2.993000	0.360328
2.994000	0.449271
2.995000	0.360328
2.996000	0.449271
2.997000	0.360328
2.998000	0.360328
2.999000	0.360328
3.000000	0.449271
3.001000	0.538214
3.002000	0.449271
3.003000	0.538214
3.004000	0.360328
3.005000	0.538214
3.006000	0.360328
3.007000	0.449271
3.008000	0.449271
3.009000	0.360328
3.010000	0.360328
3.011000	0.360328
3.012000	0.360328
3.013000	0.360328
3.014000	0.360328
3.015000	0.449271
3.016000	0.360328
3.017000	0.449271
3.018000	0.360328
3.019000	0.360328
3.020000	0.360328
3.021000	0.271203
3.022000	0.271203
3.023000	0.360328
3.024000	0.271203
3.025000	0.182260
3.026000	0.271203
3.027000	0.271203
3.028000	0.271203
3.029000	0.182260
3.030000	0.182260
3.031000	0.271203
3.032000	0.182260
3.033000	0.271203
3.034000	0.271203
3.035000	0.271203
3.036000	0.271203
3.037000	0.182260
3.038000	0.360328
3.039000	0.271203
3.040000	0.271203
3.041000	0.271203
3.042000	0.360328
3.043000	0.271203
3.044000	0.360328
3.045000	0.360328
3.046000	0.271203
3.047000	0.360328
3.048000	0.360328
3.049000	0.360328
3.050000	0.449271
3.051000	0.449271
3.052000	0.360328
3.053000	0.449271
3.054000	0.449271
3.055000	0.360328
3.056000	0.449271
3.057000	0.449271
3.058000	0.449271
3.059000	0.449271
3.060000	0.449271
3.061000	0.538214
3.062000	0.449271
3.063000	0.360328
3.064000	0.271203
3.065000	0.360328
3.066000	0.360328
3.067000	0.271203
3.068000	0.360328
3.069000	0.271203
3.070000	0.360328
3.071000	0.360328
3.072000	0.360328
3.073000	0.360328
3.074000	0.271203
3.075000	0.271203
3.076000	0.271203
3.077000	0.271203
3.078000	0.182260
3.079000	0.271203
3.080000	0.271203
3.081000	0.182260
3.082000	0.093317
3.083000	0.182260
3.084000	0.182260
3.085000	0.182260
3.086000	0.182260
3.087000	0.182260
3.088000	0.182260
3.089000	0.271203
3.090000	0.182260
3.091000	0.182260
3.092000	0.182260
3.093000	0.093317
3.094000	0.182260
3.095000	0.271203
3.096000	0.182260
3.097000	0.182260
3.098000	0.182260
3.099000	0.182260
3.100000	0.271203
3.101000	0.360328
3.102000	0.182260
3.103000	0.182260
3.104000	0.271203
3.105000	0.360328
3.106000	0.360328
3.107000	0.271203
3.108000	0.182260
3.109000	0.360328
3.110000	0.271203
3.111000	0.182260
3.112000	0.271203
3.113000	0.360328
3.114000	0.271203
3.115000	0.271203
3.116000	0.271203
3.117000	0.360328
3.118000	0.271203
3.119000	0.271203
3.120000	0.271203
3.121000	0.271203
3.122000	0.182260
3.123000	0.271203
3.124000	0.360328
3.125000	0.182260
3.126000	0.182260
3.127000	0.182260
3.128000	0.182260
3.129000	0.093317
3.130000	0.182260
3.131000	0.182260
3.132000	0.271203
3.133000	0.271203
3.134000	0.182260
3.135000	0.182260
3.136000	0.093317
3.137000	0.182260
3.138000	0.182260
3.139000	0.093317
3.140000	0.093317
3.141000	0.182260
3.142000	0.182260
3.143000	0.182260
3.144000	0.093317
3.145000	0.182260
3.146000	0.093317
3.147000	0.093317
3.148000	0.093317
3.149000	0.182260
3.150000	0.182260
3.151000	0.093317
3.152000	0.093317
3.153000	0.182260
3.154000	0.004192
3.155000	0.360328
3.156000	0.182260
3.157000	0.271203
3.158000	0.182260
3.159000	0.182260
3.160000	0.271203
3.161000	0.182260
3.162000	0.182260
3.163000	0.182260
3.164000	0.271203
3.165000	0.182260
3.166000	0.271203
3.167000	0.360328
3.168000	0.271203
3.169000	0.360328
3.170000	0.271203
3.171000	0.271203
3.172000	0.271203
3.173000	0.360328
3.174000	0.271203
3.175000	0.360328
3.176000	0.360328
3.177000	0.449271
3.178000	0.449271
3.179000	0.271203
3.180000	0.360328
3.181000	0.449271
3.182000	0.271203
3.183000	0.182260
3.184000	0.360328
3.185000	0.271203
3.186000	0.360328
3.187000	0.360328
3.188000	0.271203
3.189000	0.360328
3.190000	0.271203
3.191000	0.271203
3.192000	0.182260
3.193000	0.360328
3.194000	0.182260
3.195000	0.182260
3.196000	0.271203
3.197000	0.360328
3.198000	0.271203
3.199000	0.271203
3.200000	0.271203
3.201000	0.360328
3.202000	0.182260
3.203000	0.271203
3.204000	0.271203
3.205000	0.360328
3.206000	0.360328
3.207000	0.271203
3.208000	0.271203
3.209000	0.360328
3.210000	0.271203
3.211000	0.360328
3.212000	0.360328
3.213000	0.271203
3.214000	0.182260
3.215000	0.271203
3.216000	0.271203
3.217000	0.360328
3.218000	0.360328
3.219000	0.360328
3.220000	0.360328
3.221000	0.271203
3.222000	0.182260
3.223000	0.360328
3.224000	0.271203
3.225000	0.271203
3.226000	0.360328
3.227000	0.360328
3.228000	0.360328
3.229000	0.360328
3.230000	0.271203
3.231000	0.182260
3.232000	0.271203
3.233000	0.360328
3.234000	0.182260
3.235000	0.360328
3.236000	0.271203
3.237000	0.360328
3.238000	0.182260
3.239000	0.271203
3.240000	0.182260
3.241000	0.271203
3.242000	0.093317
3.243000	0.182260
3.244000	0.182260
3.245000	0.182260
3.246000	0.093317
3.247000	0.182260
3.248000	0.182260
3.249000	0.271203
3.250000	0.093317
3.251000	0.182260
3.252000	0.182260
3.253000	0.093317
3.254000	0.093317
3.255000	0.182260
3.256000	0.004192
3.257000	0.093317
3.258000	0.182260
3.259000	0.004192
3.260000	0.093317
3.261000	0.182260
3.262000	0.093317
3.263000	0.004192
3.264000	0.182260
3.265000	0.093317
3.266000	0.093317
3.267000	0.093317
3.268000	0.093317
3.269000	0.182260
3.270000	0.182260
3.271000	0.093317
3.272000	0.093317
3.273000	0.182260
3.274000	0.182260
3.275000	0.004192
3.276000	0.182260
3.277000	0.093317
3.278000	0.271203
3.279000	0.093317
3.280000	0.182260
3.281000	0.093317
3.282000	0.182260
3.283000	0.182260
3.284000	0.182260
3.285000	0.182260
3.286000	0.271203
3.287000	0.182260
3.288000	0.093317
3.289000	0.182260
3.290000	0.271203
3.291000	0.271203
3.292000	0.004192
3.293000	0.271203
3.294000	0.093317
3.295000	0.271203
3.296000	0.182260
3.297000	0.004192
3.298000	0.182260
3.299000	0.093317
3.300000	0.271203
3.301000	0.093317
3.302000	0.182260
3.303000	0.271203
3.304000	0.182260
3.305000	0.093317
3.306000	0.271203
3.307000	0.093317
3.308000	0.093317
3.309000	0.093317
3.310000	0.093317
3.311000	0.093317
3.312000	0.004192
3.313000	0.093317
3.314000	0.093317
3.315000	0.004192
3.316000	0.093317
3.317000	0.271203
3.318000	0.182260
3.319000	0.004192
3.320000	0.004192
3.321000	0.004192
3.322000	0.093317
3.323000	0.182260
3.324000	0.182260
3.325000	0.093317
3.326000	0.004192
3.327000	0.093317
3.328000	0.004192
3.329000	0.004192
3.330000	0.093317
3.331000	0.093317
3.332000	0.093317
3.333000	0.093317
3.334000	0.271203
3.335000	0.182260
3.336000	0.093317
3.337000	0.093317
3.338000	0.093317
3.339000	0.182260
3.340000	0.182260
3.341000	0.182260
3.342000	0.004192
3.343000	0.271203
3.344000	0.093317
3.345000	0.360328
3.346000	0.182260
3.347000	0.271203
3.348000	0.271203
3.349000	0.271203
3.350000	0.271203
3.351000	0.271203
3.352000	0.271203
3.353000	0.271203
3.354000	0.182260
3.355000	0.360328
3.356000	0.271203
3.357000	0.182260
3.358000	0.271203
3.359000	0.182260
3.360000	0.182260
3.361000	0.182260
3.362000	0.271203
3.363000	0.271203
3.364000	0.093317
3.365000	0.182260
3.366000	0.182260
3.367000	0.093317
3.368000	0.271203
3.369000	0.271203
3.370000	0.182260
3.371000	0.182260
3.372000	0.271203
3.373000	0.182260
3.374000	0.271203
3.375000	0.093317
3.376000	0.182260
3.377000	0.182260
3.378000	0.093317
3.379000	0.182260
3.380000	0.182260
3.381000	0.093317
3.382000	0.271203
3.383000	0.182260
3.384000	0.271203
3.385000	0.182260
3.386000	0.271203
3.387000	0.271203
3.388000	0.093317
3.389000	0.182260
3.390000	0.182260
3.391000	0.093317
3.392000	0.182260
3.393000	0.093317
3.394000	0.271203
3.395000	0.271203
3.396000	0.271203
3.397000	0.093317
3.398000	0.360328
3.399000	0.182260
3.400000	0.271203
3.401000	0.360328
3.402000	0.271203
3.403000	0.093317
3.404000	0.093317
3.405000	0.182260
3.406000	0.182260
3.407000	0.271203
3.408000	0.182260
3.409000	0.182260
3.410000	0.271203
3.411000	0.182260
3.412000	0.182260
3.413000	0.182260
3.414000	0.182260
3.415000	0.004192
3.416000	0.093317
3.417000	0.093317
3.418000	0.182260
3.419000	0.093317
3.420000	0.182260
3.421000	0.093317
3.422000	0.093317
3.423000	0.093317
3.424000	0.004192
3.425000	0.004192
3.426000	0.004192
3.427000	0.004192
3.428000	0.004192
3.429000	0.004192
3.430000	0.093317
3.431000	0.004192
3.432000	0.004192
3.433000	0.093317
3.434000	0.004192
3.435000	0.004192
3.436000	0.093317
3.437000	0.004192
3.438000	0.004192
3.439000	0.093317
3.440000	-0.084751
3.441000	0.093317
3.442000	0.004192
3.443000	-0.084751
3.444000	0.004192
3.445000	0.004192
3.446000	0.004192
3.447000	0.093317
3.448000	0.004192
3.449000	0.004192
3.450000	0.093317
3.451000	0.093317
3.452000	0.093317
3.453000	0.004192
3.454000	0.093317
3.455000	0.004192
3.456000	0.182260
3.457000	0.093317
3.458000	0.182260
3.459000	0.093317
3.460000	0.004192
3.461000	0.093317
3.462000	0.182260
3.463000	0.093317
3.464000	0.004192
3.465000	0.004192
3.466000	0.093317
3.467000	0.182260
3.468000	0.093317
3.469000	0.004192
3.470000	0.004192
3.471000	0.271203
3.472000	0.182260
3.473000	0.093317
3.474000	0.093317
3.475000	0.004192
3.476000	0.004192
3.477000	0.004192
3.478000	0.093317
3.479000	0.093317
3.480000	0.093317
3.481000	0.004192
3.482000	0.004192
3.483000	0.004192
3.484000	0.093317
3.485000	0.093317
3.486000	0.004192
3.487000	0.093317
3.488000	-0.084751
3.489000	0.093317
3.490000	0.093317
3.491000	0.004192
3.492000	0.004192
3.493000	0.004192
3.494000	0.093317
3.495000	0.093317
3.496000	0.093317
3.497000	0.004192
3.498000	0.004192
3.499000	0.182260
3.500000	0.093317
3.501000	0.182260
3.502000	0.093317
3.503000	0.093317
3.504000	0.093317
3.505000	0.271203
3.506000	0.182260
3.507000	0.182260
3.508000	0.360328
3.509000	0.182260
3.510000	0.182260
3.511000	0.271203
3.512000	0.271203
3.513000	0.271203
3.514000	0.182260
3.515000	0.271203
3.516000	0.360328
3.517000	0.271203
3.518000	0.182260
3.519000	0.271203
3.520000	0.182260
3.521000	0.182260
3.522000	0.182260
3.523000	0.093317
3.524000	0.182260
3.525000	0.182260
3.526000	0.182260
3.527000	0.182260
3.528000	0.182260
3.529000	0.093317
3.530000	0.182260
3.531000	0.093317
3.532000	0.093317
3.533000	0.093317
3.534000	0.093317
3.535000	0.093317
3.536000	0.093317
3.537000	0.093317
3.538000	0.093317
3.539000	0.093317
3.540000	0.093317
3.541000	0.182260
3.542000	0.004192
3.543000	0.093317
3.544000	0.182260
3.545000	0.093317
3.546000	0.093317
3.547000	0.004192
3.548000	0.093317
3.549000	0.093317
3.550000	0.004192
3.551000	0.093317
3.552000	0.004192
3.553000	0.093317
3.554000	0.004192
3.555000	0.093317
3.556000	0.004192
3.557000	0.182260
3.558000	0.004192
3.559000	0.093317
3.560000	0.182260
3.561000	0.182260
3.562000	0.182260
3.563000	0.182260
3.564000	0.182260
3.565000	0.182260
3.566000	0.271203
3.567000	0.271203
3.568000	0.182260
3.569000	0.271203
3.570000	0.093317
3.571000	0.182260
3.572000	0.093317
3.573000	0.182260
3.574000	0.182260
3.575000	0.093317
3.576000	0.093317
3.577000	0.093317
3.578000	0.182260
3.579000	0.182260
3.580000	0.182260
3.581000	0.004192
3.582000	0.093317
3.583000	0.093317
3.584000	0.093317
3.585000	0.004192
3.586000	0.093317
3.587000	0.093317
3.588000	0.093317
3.589000	0.182260
3.590000	0.093317
3.591000	0.093317
3.592000	0.093317
3.593000	0.004192
3.594000	0.004192
3.595000	0.004192
3.596000	0.004192
3.597000	-0.084751
3.598000	0.093317
3.599000	0.004192
3.600000	0.004192
3.601000	0.004192
3.602000	0.093317
3.603000	0.182260
3.604000	-0.084751
3.605000	-0.084751
3.606000	0.093317
3.607000	0.093317
3.608000	0.004192
3.609000	0.093317
3.610000	0.004192
3.611000	0.093317
3.612000	-0.084751
3.613000	0.004192
3.614000	0.093317
3.615000	0.004192
3.616000	0.004192
3.617000	0.093317
3.618000	0.182260
3.619000	0.004192
3.620000	0.004192
3.621000	0.004192
3.622000	0.093317
3.623000	0.093317
3.624000	0.271203
3.625000	0.093317
3.626000	0.182260
3.627000	0.004192
3.628000	0.093317
3.629000	0.093317
3.630000	0.093317
3.631000	0.004192
3.632000	0.093317
3.633000	0.093317
3.634000	0.093317
3.635000	0.093317
3.636000	0.093317
3.637000	0.093317
3.638000	0.182260
3.639000	0.093317
3.640000	0.004192
3.641000	0.093317
3.642000	0.182260
3.643000	0.004192
3.644000	0.004192
3.645000	0.093317
3.646000	0.004192
3.647000	0.093317
3.648000	0.004192
3.649000	0.004192
3.650000	0.093317
3.651000	0.004192
3.652000	0.004192
3.653000	0.004192
3.654000	0.093317
3.655000	0.093317
3.656000	0.182260
3.657000	0.271203
3.658000	0.004192
3.659000	0.004192
3.660000	0.004192
3.661000	0.004192
3.662000	0.093317
3.663000	0.093317
3.664000	0.004192
3.665000	0.093317
3.666000	0.182260
3.667000	0.182260
3.668000	0.093317
3.669000	0.093317
3.670000	0.182260
3.671000	0.093317
3.672000	0.182260
3.673000	0.271203
3.674000	0.182260
3.675000	0.182260
3.676000	0.093317
3.677000	0.182260
3.678000	0.182260
3.679000	0.271203
3.680000	0.182260
3.681000	0.182260
3.682000	0.271203
3.683000	0.271203
3.684000	0.271203
3.685000	0.271203
3.686000	0.360328
3.687000	0.271203
3.688000	0.360328
3.689000	0.271203
3.690000	0.360328
3.691000	0.182260
3.692000	0.271203
3.693000	0.271203
3.694000	0.271203
3.695000	0.182260
3.696000	0.093317
3.697000	0.271203
3.698000	0.182260
3.699000	0.271203
