0.000000	-1.230000
0.172000	-1.230000
0.275000	-1.270000
-0.048000	-1.230000
0.387000	-1.270000
0.187000	-1.270000
0.167000	-1.270000
0.151000	-0.837000
0.347000	-0.694000
0.196000	0.418000
0.518000	-0.227000
1.110000	-0.550000
3.090000	-3.240000
4.700000	-3.240000
5.530000	-5.570000
6.020000	-7.190000
6.470000	-7.830000
6.830000	-8.160000
7.000000	-8.190000
7.700000	-8.730000
8.320000	-8.950000
8.610000	-9.200000
9.250000	-9.840000
9.330000	-10.600000
9.900000	-11.900000
10.100000	-8.080000
10.900000	-9.230000
11.100000	-9.590000
11.700000	-13.600000
11.800000	-11.700000
12.400000	-12.400000
12.900000	-11.800000
13.300000	-10.700000
14.000000	-11.400000
14.400000	-9.660000
15.400000	-8.080000
16.900000	-11.900000
19.200001	-10.300000
21.299999	-14.300000
23.900000	-13.000000
26.500000	-12.000000
29.799999	-12.900000
33.500000	-11.600000
36.799999	-12.000000
40.500000	-12.300000
44.299999	-8.980000
48.500000	-10.700000
52.099998	-8.870000
55.799999	-5.640000
58.799999	-5.750000
