-0.500000	8.379900
-0.499000	8.379900
-0.498000	8.379900
-0.497000	5.404030
-0.496000	8.379900
-0.495000	11.349700
-0.494000	8.379900
-0.493000	8.379900
-0.492000	8.379900
-0.491000	8.379900
-0.490000	8.379900
-0.489000	8.379900
-0.488000	11.349700
-0.487000	11.349700
-0.486000	11.349700
-0.485000	8.379900
-0.484000	11.349700
-0.483000	8.379900
-0.482000	8.379900
-0.481000	8.379900
-0.480000	14.319500
-0.479000	8.379900
-0.478000	8.379900
-0.477000	8.379900
-0.476000	8.379900
-0.475000	8.379900
-0.474000	11.349700
-0.473000	8.379900
-0.472000	11.349700
-0.471000	8.379900
-0.470000	8.379900
-0.469000	11.349700
-0.468000	11.349700
-0.467000	11.349700
-0.466000	11.349700
-0.465000	11.349700
-0.464000	8.379900
-0.463000	11.349700
-0.462000	11.349700
-0.461000	8.379900
-0.460000	5.404030
-0.459000	8.379900
-0.458000	8.379900
-0.457000	11.349700
-0.456000	11.349700
-0.455000	8.379900
-0.454000	8.379900
-0.453000	11.349700
-0.452000	11.349700
-0.451000	11.349700
-0.450000	11.349700
-0.449000	14.319500
-0.448000	11.349700
-0.447000	11.349700
-0.446000	8.379900
-0.445000	8.379900
-0.444000	8.379900
-0.443000	8.379900
-0.442000	8.379900
-0.441000	8.379900
-0.440000	8.379900
-0.439000	8.379900
-0.438000	11.349700
-0.437000	11.349700
-0.436000	11.349700
-0.435000	8.379900
-0.434000	8.379900
-0.433000	11.349700
-0.432000	11.349700
-0.431000	11.349700
-0.430000	8.379900
-0.429000	8.379900
-0.428000	8.379900
-0.427000	8.379900
-0.426000	8.379900
-0.425000	11.349700
-0.424000	8.379900
-0.423000	8.379900
-0.422000	11.349700
-0.421000	8.379900
-0.420000	11.349700
-0.419000	8.379900
-0.418000	11.349700
-0.417000	14.319500
-0.416000	8.379900
-0.415000	11.349700
-0.414000	11.349700
-0.413000	8.379900
-0.412000	5.404030
-0.411000	8.379900
-0.410000	8.379900
-0.409000	8.379900
-0.408000	8.379900
-0.407000	8.379900
-0.406000	8.379900
-0.405000	8.379900
-0.404000	11.349700
-0.403000	14.319500
-0.402000	11.349700
-0.401000	8.379900
-0.400000	5.404030
-0.399000	8.379900
-0.398000	11.349700
-0.397000	8.379900
-0.396000	8.379900
-0.395000	11.349700
-0.394000	8.379900
-0.393000	8.379900
-0.392000	8.379900
-0.391000	11.349700
-0.390000	11.349700
-0.389000	11.349700
-0.388000	8.379900
-0.387000	8.379900
-0.386000	8.379900
-0.385000	14.319500
-0.384000	11.349700
-0.383000	8.379900
-0.382000	8.379900
-0.381000	8.379900
-0.380000	8.379900
-0.379000	11.349700
-0.378000	8.379900
-0.377000	8.379900
-0.376000	5.404030
-0.375000	8.379900
-0.374000	8.379900
-0.373000	11.349700
-0.372000	11.349700
-0.371000	11.349700
-0.370000	11.349700
-0.369000	11.349700
-0.368000	11.349700
-0.367000	11.349700
-0.366000	11.349700
-0.365000	11.349700
-0.364000	14.319500
-0.363000	8.379900
-0.362000	11.349700
-0.361000	11.349700
-0.360000	8.379900
-0.359000	8.379900
-0.358000	11.349700
-0.357000	8.379900
-0.356000	11.349700
-0.355000	11.349700
-0.354000	8.379900
-0.353000	11.349700
-0.352000	11.349700
-0.351000	14.319500
-0.350000	11.349700
-0.349000	8.379900
-0.348000	8.379900
-0.347000	11.349700
-0.346000	5.404030
-0.345000	8.379900
-0.344000	8.379900
-0.343000	5.404030
-0.342000	8.379900
-0.341000	11.349700
-0.340000	8.379900
-0.339000	8.379900
-0.338000	8.379900
-0.337000	8.379900
-0.336000	11.349700
-0.335000	11.349700
-0.334000	8.379900
-0.333000	8.379900
-0.332000	8.379900
-0.331000	11.349700
-0.330000	8.379900
-0.329000	8.379900
-0.328000	8.379900
-0.327000	8.379900
-0.326000	5.404030
-0.325000	8.379900
-0.324000	11.349700
-0.323000	11.349700
-0.322000	8.379900
-0.321000	11.349700
-0.320000	8.379900
-0.319000	8.379900
-0.318000	11.349700
-0.317000	11.349700
-0.316000	11.349700
-0.315000	8.379900
-0.314000	8.379900
-0.313000	11.349700
-0.312000	8.379900
-0.311000	2.434250
-0.310000	8.379900
-0.309000	8.379900
-0.308000	8.379900
-0.307000	8.379900
-0.306000	8.379900
-0.305000	8.379900
-0.304000	11.349700
-0.303000	8.379900
-0.302000	11.349700
-0.301000	8.379900
-0.300000	11.349700
-0.299000	8.379900
-0.298000	11.349700
-0.297000	8.379900
-0.296000	8.379900
-0.295000	11.349700
-0.294000	8.379900
-0.293000	8.379900
-0.292000	8.379900
-0.291000	11.349700
-0.290000	11.349700
-0.289000	11.349700
-0.288000	8.379900
-0.287000	8.379900
-0.286000	11.349700
-0.285000	8.379900
-0.284000	8.379900
-0.283000	8.379900
-0.282000	11.349700
-0.281000	8.379900
-0.280000	11.349700
-0.279000	11.349700
-0.278000	8.379900
-0.277000	11.349700
-0.276000	8.379900
-0.275000	5.404030
-0.274000	5.404030
-0.273000	11.349700
-0.272000	8.379900
-0.271000	8.379900
-0.270000	8.379900
-0.269000	11.349700
-0.268000	11.349700
-0.267000	11.349700
-0.266000	11.349700
-0.265000	11.349700
-0.264000	11.349700
-0.263000	8.379900
-0.262000	8.379900
-0.261000	11.349700
-0.260000	8.379900
-0.259000	5.404030
-0.258000	5.404030
-0.257000	8.379900
-0.256000	11.349700
-0.255000	5.404030
-0.254000	5.404030
-0.253000	8.379900
-0.252000	8.379900
-0.251000	11.349700
-0.250000	11.349700
-0.249000	8.379900
-0.248000	8.379900
-0.247000	8.379900
-0.246000	8.379900
-0.245000	8.379900
-0.244000	8.379900
-0.243000	11.349700
-0.242000	8.379900
-0.241000	8.379900
-0.240000	5.404030
-0.239000	8.379900
-0.238000	8.379900
-0.237000	8.379900
-0.236000	14.319500
-0.235000	11.349700
-0.234000	11.349700
-0.233000	11.349700
-0.232000	11.349700
-0.231000	8.379900
-0.230000	5.404030
-0.229000	8.379900
-0.228000	11.349700
-0.227000	8.379900
-0.226000	8.379900
-0.225000	5.404030
-0.224000	8.379900
-0.223000	11.349700
-0.222000	11.349700
-0.221000	5.404030
-0.220000	5.404030
-0.219000	8.379900
-0.218000	8.379900
-0.217000	11.349700
-0.216000	11.349700
-0.215000	11.349700
-0.214000	8.379900
-0.213000	14.319500
-0.212000	11.349700
-0.211000	11.349700
-0.210000	11.349700
-0.209000	8.379900
-0.208000	8.379900
-0.207000	8.379900
-0.206000	11.349700
-0.205000	5.404030
-0.204000	8.379900
-0.203000	11.349700
-0.202000	11.349700
-0.201000	11.349700
-0.200000	11.349700
-0.199000	8.379900
-0.198000	11.349700
-0.197000	8.379900
-0.196000	11.349700
-0.195000	5.404030
-0.194000	8.379900
-0.193000	8.379900
-0.192000	11.349700
-0.191000	8.379900
-0.190000	8.379900
-0.189000	8.379900
-0.188000	8.379900
-0.187000	11.349700
-0.186000	11.349700
-0.185000	14.319500
-0.184000	11.349700
-0.183000	8.379900
-0.182000	8.379900
-0.181000	8.379900
-0.180000	8.379900
-0.179000	8.379900
-0.178000	11.349700
-0.177000	8.379900
-0.176000	11.349700
-0.175000	8.379900
-0.174000	8.379900
-0.173000	8.379900
-0.172000	8.379900
-0.171000	8.379900
-0.170000	5.404030
-0.169000	8.379900
-0.168000	11.349700
-0.167000	11.349700
-0.166000	8.379900
-0.165000	8.379900
-0.164000	11.349700
-0.163000	11.349700
-0.162000	8.379900
-0.161000	8.379900
-0.160000	11.349700
-0.159000	11.349700
-0.158000	8.379900
-0.157000	8.379900
-0.156000	11.349700
-0.155000	8.379900
-0.154000	11.349700
-0.153000	5.404030
-0.152000	8.379900
-0.151000	11.349700
-0.150000	8.379900
-0.149000	8.379900
-0.148000	8.379900
-0.147000	8.379900
-0.146000	11.349700
-0.145000	8.379900
-0.144000	8.379900
-0.143000	8.379900
-0.142000	8.379900
-0.141000	8.379900
-0.140000	8.379900
-0.139000	8.379900
-0.138000	8.379900
-0.137000	11.349700
-0.136000	11.349700
-0.135000	8.379900
-0.134000	8.379900
-0.133000	8.379900
-0.132000	8.379900
-0.131000	8.379900
-0.130000	8.379900
-0.129000	11.349700
-0.128000	8.379900
-0.127000	11.349700
-0.126000	8.379900
-0.125000	8.379900
-0.124000	11.349700
-0.123000	8.379900
-0.122000	8.379900
-0.121000	8.379900
-0.120000	8.379900
-0.119000	8.379900
-0.118000	8.379900
-0.117000	8.379900
-0.116000	8.379900
-0.115000	8.379900
-0.114000	8.379900
-0.113000	8.379900
-0.112000	11.349700
-0.111000	8.379900
-0.110000	8.379900
-0.109000	11.349700
-0.108000	8.379900
-0.107000	11.349700
-0.106000	8.379900
-0.105000	11.349700
-0.104000	8.379900
-0.103000	11.349700
-0.102000	8.379900
-0.101000	14.319500
-0.100000	11.349700
-0.099000	8.379900
-0.098000	11.349700
-0.097000	11.349700
-0.096000	8.379900
-0.095000	8.379900
-0.094000	11.349700
-0.093000	5.404030
-0.092000	8.379900
-0.091000	11.349700
-0.090000	8.379900
-0.089000	8.379900
-0.088000	8.379900
-0.087000	8.379900
-0.086000	8.379900
-0.085000	11.349700
-0.084000	11.349700
-0.083000	8.379900
-0.082000	8.379900
-0.081000	8.379900
-0.080000	8.379900
-0.079000	8.379900
-0.078000	8.379900
-0.077000	11.349700
-0.076000	8.379900
-0.075000	8.379900
-0.074000	8.379900
-0.073000	11.349700
-0.072000	11.349700
-0.071000	8.379900
-0.070000	11.349700
-0.069000	11.349700
-0.068000	8.379900
-0.067000	11.349700
-0.066000	8.379900
-0.065000	8.379900
-0.064000	8.379900
-0.063000	8.379900
-0.062000	11.349700
-0.061000	8.379900
-0.060000	11.349700
-0.059000	8.379900
-0.058000	8.379900
-0.057000	11.349700
-0.056000	8.379900
-0.055000	11.349700
-0.054000	11.349700
-0.053000	8.379900
-0.052000	11.349700
-0.051000	11.349700
-0.050000	11.349700
-0.049000	11.349700
-0.048000	11.349700
-0.047000	8.379900
-0.046000	5.404030
-0.045000	8.379900
-0.044000	8.379900
-0.043000	8.379900
-0.042000	-0.535535
-0.041000	5.404030
-0.040000	8.379900
-0.039000	11.349700
-0.038000	11.349700
-0.037000	11.349700
-0.036000	11.349700
-0.035000	11.349700
-0.034000	17.289200
-0.033000	11.349700
-0.032000	14.319500
-0.031000	20.265100
-0.030000	17.289200
-0.029000	17.289200
-0.028000	20.265100
-0.027000	23.234900
-0.026000	23.234900
-0.025000	23.234900
-0.024000	23.234900
-0.023000	26.204700
-0.022000	23.234900
-0.021000	23.234900
-0.020000	23.234900
-0.019000	23.234900
-0.018000	26.204700
-0.017000	23.234900
-0.016000	23.234900
-0.015000	20.265100
-0.014000	20.265100
-0.013000	23.234900
-0.012000	23.234900
-0.011000	23.234900
-0.010000	20.265100
-0.009000	23.234900
-0.008000	26.204700
-0.007000	32.150299
-0.006000	35.120098
-0.005000	32.150299
-0.004000	29.180500
-0.003000	29.180500
-0.002000	26.204700
-0.001000	23.234900
0.000000	17.289200
0.001000	17.289200
0.002000	14.319500
0.003000	17.289200
0.004000	14.319500
0.005000	11.349700
0.006000	11.349700
0.007000	8.379900
0.008000	5.404030
0.009000	2.434250
0.010000	5.404030
0.011000	8.379900
0.012000	5.404030
0.013000	8.379900
0.014000	2.434250
0.015000	5.404030
0.016000	8.379900
0.017000	8.379900
0.018000	8.379900
0.019000	8.379900
0.020000	8.379900
0.021000	14.319500
0.022000	8.379900
0.023000	17.289200
0.024000	17.289200
0.025000	17.289200
0.026000	20.265100
0.027000	17.289200
0.028000	20.265100
0.029000	20.265100
0.030000	20.265100
0.031000	20.265100
0.032000	26.204700
0.033000	20.265100
0.034000	23.234900
0.035000	23.234900
0.036000	23.234900
0.037000	23.234900
0.038000	26.204700
0.039000	32.150299
0.040000	23.234900
0.041000	26.204700
0.042000	29.180500
0.043000	32.150299
0.044000	32.150299
0.045000	29.180500
0.046000	29.180500
0.047000	29.180500
0.048000	35.120098
0.049000	32.150299
0.050000	29.180500
0.051000	35.120098
0.052000	32.150299
0.053000	32.150299
0.054000	32.150299
0.055000	32.150299
0.056000	32.150299
0.057000	29.180500
0.058000	32.150299
0.059000	32.150299
0.060000	32.150299
0.061000	35.120098
0.062000	29.180500
0.063000	32.150299
0.064000	32.150299
0.065000	32.150299
0.066000	35.120098
0.067000	35.120098
0.068000	35.120098
0.069000	35.120098
0.070000	35.120098
0.071000	32.150299
0.072000	32.150299
0.073000	32.150299
0.074000	35.120098
0.075000	38.089901
0.076000	38.089901
0.077000	32.150299
0.078000	35.120098
0.079000	35.120098
0.080000	38.089901
0.081000	38.089901
0.082000	41.065800
0.083000	41.065800
0.084000	38.089901
0.085000	38.089901
0.086000	38.089901
0.087000	41.065800
0.088000	35.120098
0.089000	38.089901
0.090000	38.089901
0.091000	38.089901
0.092000	38.089901
0.093000	38.089901
0.094000	41.065800
0.095000	41.065800
0.096000	41.065800
0.097000	44.035500
0.098000	44.035500
0.099000	41.065800
0.100000	47.005299
0.101000	44.035500
0.102000	44.035500
0.103000	38.089901
0.104000	44.035500
0.105000	38.089901
0.106000	38.089901
0.107000	41.065800
0.108000	44.035500
0.109000	41.065800
0.110000	41.065800
0.111000	38.089901
0.112000	38.089901
0.113000	41.065800
0.114000	44.035500
0.115000	44.035500
0.116000	44.035500
0.117000	41.065800
0.118000	44.035500
0.119000	41.065800
0.120000	41.065800
0.121000	44.035500
0.122000	41.065800
0.123000	41.065800
0.124000	41.065800
0.125000	41.065800
0.126000	44.035500
0.127000	44.035500
0.128000	44.035500
0.129000	44.035500
0.130000	44.035500
0.131000	47.005299
0.132000	44.035500
0.133000	47.005299
0.134000	44.035500
0.135000	47.005299
0.136000	44.035500
0.137000	44.035500
0.138000	44.035500
0.139000	47.005299
0.140000	49.981201
0.141000	47.005299
0.142000	47.005299
0.143000	47.005299
0.144000	47.005299
0.145000	47.005299
0.146000	47.005299
0.147000	47.005299
0.148000	47.005299
0.149000	49.981201
0.150000	49.981201
0.151000	49.981201
0.152000	49.981201
0.153000	47.005299
0.154000	52.951000
0.155000	47.005299
0.156000	52.951000
0.157000	49.981201
0.158000	49.981201
0.159000	49.981201
0.160000	49.981201
0.161000	49.981201
0.162000	49.981201
0.163000	47.005299
0.164000	49.981201
0.165000	52.951000
0.166000	49.981201
0.167000	49.981201
0.168000	47.005299
0.169000	49.981201
0.170000	49.981201
0.171000	55.920799
0.172000	49.981201
0.173000	49.981201
0.174000	52.951000
0.175000	49.981201
0.176000	47.005299
0.177000	49.981201
0.178000	52.951000
0.179000	47.005299
0.180000	49.981201
0.181000	52.951000
0.182000	55.920799
0.183000	55.920799
0.184000	52.951000
0.185000	49.981201
0.186000	47.005299
0.187000	47.005299
0.188000	55.920799
0.189000	49.981201
0.190000	49.981201
0.191000	47.005299
0.192000	47.005299
0.193000	49.981201
0.194000	52.951000
0.195000	49.981201
0.196000	49.981201
0.197000	49.981201
0.198000	49.981201
0.199000	49.981201
0.200000	52.951000
0.201000	52.951000
0.202000	49.981201
0.203000	52.951000
0.204000	49.981201
0.205000	52.951000
0.206000	55.920799
0.207000	52.951000
0.208000	52.951000
0.209000	49.981201
0.210000	52.951000
0.211000	49.981201
0.212000	49.981201
0.213000	47.005299
0.214000	44.035500
0.215000	47.005299
0.216000	52.951000
0.217000	49.981201
0.218000	55.920799
0.219000	55.920799
0.220000	55.920799
0.221000	52.951000
0.222000	49.981201
0.223000	52.951000
0.224000	49.981201
0.225000	49.981201
0.226000	52.951000
0.227000	49.981201
0.228000	49.981201
0.229000	49.981201
0.230000	47.005299
0.231000	44.035500
0.232000	47.005299
0.233000	49.981201
0.234000	47.005299
0.235000	49.981201
0.236000	49.981201
0.237000	44.035500
0.238000	49.981201
0.239000	49.981201
0.240000	49.981201
0.241000	52.951000
0.242000	49.981201
0.243000	49.981201
0.244000	52.951000
0.245000	49.981201
0.246000	55.920799
0.247000	52.951000
0.248000	52.951000
0.249000	55.920799
0.250000	55.920799
0.251000	49.981201
0.252000	55.920799
0.253000	52.951000
0.254000	47.005299
0.255000	52.951000
0.256000	49.981201
0.257000	49.981201
0.258000	47.005299
0.259000	49.981201
0.260000	47.005299
0.261000	49.981201
0.262000	47.005299
0.263000	49.981201
0.264000	52.951000
0.265000	44.035500
0.266000	52.951000
0.267000	49.981201
0.268000	44.035500
0.269000	47.005299
0.270000	49.981201
0.271000	47.005299
0.272000	49.981201
0.273000	44.035500
0.274000	47.005299
0.275000	44.035500
0.276000	49.981201
0.277000	47.005299
0.278000	47.005299
0.279000	49.981201
0.280000	49.981201
0.281000	47.005299
0.282000	47.005299
0.283000	49.981201
0.284000	49.981201
0.285000	49.981201
0.286000	47.005299
0.287000	49.981201
0.288000	47.005299
0.289000	47.005299
0.290000	49.981201
0.291000	47.005299
0.292000	44.035500
0.293000	47.005299
0.294000	49.981201
0.295000	47.005299
0.296000	47.005299
0.297000	47.005299
0.298000	47.005299
0.299000	49.981201
0.300000	49.981201
0.301000	47.005299
0.302000	49.981201
0.303000	47.005299
0.304000	49.981201
0.305000	47.005299
0.306000	44.035500
0.307000	44.035500
0.308000	47.005299
0.309000	44.035500
0.310000	44.035500
0.311000	44.035500
0.312000	47.005299
0.313000	41.065800
0.314000	44.035500
0.315000	41.065800
0.316000	44.035500
0.317000	44.035500
0.318000	44.035500
0.319000	44.035500
0.320000	41.065800
0.321000	38.089901
0.322000	44.035500
0.323000	41.065800
0.324000	44.035500
0.325000	44.035500
0.326000	44.035500
0.327000	44.035500
0.328000	44.035500
0.329000	41.065800
0.330000	41.065800
0.331000	47.005299
0.332000	44.035500
0.333000	47.005299
0.334000	47.005299
0.335000	47.005299
0.336000	44.035500
0.337000	47.005299
0.338000	49.981201
0.339000	47.005299
0.340000	47.005299
0.341000	38.089901
0.342000	44.035500
0.343000	38.089901
0.344000	38.089901
0.345000	38.089901
0.346000	32.150299
0.347000	32.150299
0.348000	49.981201
0.349000	49.981201
0.350000	44.035500
0.351000	47.005299
0.352000	55.920799
0.353000	47.005299
0.354000	35.120098
0.355000	41.065800
0.356000	49.981201
0.357000	47.005299
0.358000	38.089901
0.359000	52.951000
0.360000	58.890499
0.361000	49.981201
0.362000	41.065800
0.363000	47.005299
0.364000	52.951000
0.365000	49.981201
0.366000	44.035500
0.367000	44.035500
0.368000	44.035500
0.369000	41.065800
0.370000	41.065800
0.371000	44.035500
0.372000	44.035500
0.373000	38.089901
0.374000	41.065800
0.375000	44.035500
0.376000	41.065800
0.377000	38.089901
0.378000	41.065800
0.379000	41.065800
0.380000	41.065800
0.381000	44.035500
0.382000	44.035500
0.383000	44.035500
0.384000	44.035500
0.385000	41.065800
0.386000	41.065800
0.387000	41.065800
0.388000	41.065800
0.389000	41.065800
0.390000	44.035500
0.391000	44.035500
0.392000	41.065800
0.393000	47.005299
0.394000	47.005299
0.395000	47.005299
0.396000	41.065800
0.397000	47.005299
0.398000	47.005299
0.399000	44.035500
0.400000	49.981201
0.401000	49.981201
0.402000	47.005299
0.403000	49.981201
0.404000	47.005299
0.405000	47.005299
0.406000	47.005299
0.407000	44.035500
0.408000	44.035500
0.409000	49.981201
0.410000	47.005299
0.411000	47.005299
0.412000	41.065800
0.413000	47.005299
0.414000	47.005299
0.415000	47.005299
0.416000	44.035500
0.417000	44.035500
0.418000	44.035500
0.419000	47.005299
0.420000	47.005299
0.421000	41.065800
0.422000	47.005299
0.423000	44.035500
0.424000	44.035500
0.425000	44.035500
0.426000	44.035500
0.427000	47.005299
0.428000	47.005299
0.429000	47.005299
0.430000	47.005299
0.431000	49.981201
0.432000	47.005299
0.433000	49.981201
0.434000	47.005299
0.435000	47.005299
0.436000	47.005299
0.437000	49.981201
0.438000	47.005299
0.439000	47.005299
0.440000	49.981201
0.441000	47.005299
0.442000	49.981201
0.443000	49.981201
0.444000	47.005299
0.445000	47.005299
0.446000	52.951000
0.447000	49.981201
0.448000	47.005299
0.449000	49.981201
0.450000	49.981201
0.451000	52.951000
0.452000	49.981201
0.453000	52.951000
0.454000	52.951000
0.455000	52.951000
0.456000	55.920799
0.457000	55.920799
0.458000	52.951000
0.459000	55.920799
0.460000	52.951000
0.461000	49.981201
0.462000	49.981201
0.463000	49.981201
0.464000	52.951000
0.465000	52.951000
0.466000	49.981201
0.467000	49.981201
0.468000	47.005299
0.469000	52.951000
0.470000	52.951000
0.471000	52.951000
0.472000	49.981201
0.473000	49.981201
0.474000	47.005299
0.475000	49.981201
0.476000	49.981201
0.477000	52.951000
0.478000	55.920799
0.479000	55.920799
0.480000	49.981201
0.481000	55.920799
0.482000	47.005299
0.483000	55.920799
0.484000	55.920799
0.485000	55.920799
0.486000	55.920799
0.487000	55.920799
0.488000	55.920799
0.489000	52.951000
0.490000	52.951000
0.491000	55.920799
0.492000	55.920799
0.493000	58.890499
0.494000	58.890499
0.495000	55.920799
0.496000	58.890499
0.497000	52.951000
0.498000	49.981201
0.499000	55.920799
0.500000	52.951000
0.501000	52.951000
0.502000	58.890499
0.503000	61.866402
0.504000	55.920799
0.505000	52.951000
0.506000	49.981201
0.507000	55.920799
0.508000	52.951000
0.509000	52.951000
0.510000	52.951000
0.511000	55.920799
0.512000	55.920799
0.513000	55.920799
0.514000	55.920799
0.515000	58.890499
0.516000	58.890499
0.517000	55.920799
0.518000	55.920799
0.519000	47.005299
0.520000	49.981201
0.521000	55.920799
0.522000	47.005299
0.523000	44.035500
0.524000	47.005299
0.525000	47.005299
0.526000	49.981201
0.527000	55.920799
0.528000	55.920799
0.529000	55.920799
0.530000	58.890499
0.531000	61.866402
0.532000	64.836197
0.533000	67.806000
0.534000	64.836197
0.535000	70.775803
0.536000	64.836197
0.537000	61.866402
0.538000	61.866402
0.539000	58.890499
0.540000	55.920799
0.541000	61.866402
0.542000	55.920799
0.543000	58.890499
0.544000	55.920799
0.545000	61.866402
0.546000	52.951000
0.547000	52.951000
0.548000	55.920799
0.549000	55.920799
0.550000	47.005299
0.551000	44.035500
0.552000	47.005299
0.553000	49.981201
0.554000	49.981201
0.555000	52.951000
0.556000	49.981201
0.557000	49.981201
0.558000	52.951000
0.559000	61.866402
0.560000	55.920799
0.561000	49.981201
0.562000	55.920799
0.563000	58.890499
0.564000	52.951000
0.565000	55.920799
0.566000	61.866402
0.567000	58.890499
0.568000	55.920799
0.569000	52.951000
0.570000	55.920799
0.571000	55.920799
0.572000	52.951000
0.573000	55.920799
0.574000	58.890499
0.575000	58.890499
0.576000	55.920799
0.577000	58.890499
0.578000	55.920799
0.579000	55.920799
0.580000	49.981201
0.581000	55.920799
0.582000	55.920799
0.583000	55.920799
0.584000	55.920799
0.585000	55.920799
0.586000	55.920799
0.587000	55.920799
0.588000	49.981201
0.589000	49.981201
0.590000	49.981201
0.591000	49.981201
0.592000	49.981201
0.593000	47.005299
0.594000	49.981201
0.595000	49.981201
0.596000	47.005299
0.597000	49.981201
0.598000	47.005299
0.599000	52.951000
0.600000	49.981201
0.601000	47.005299
0.602000	47.005299
0.603000	47.005299
0.604000	49.981201
0.605000	47.005299
0.606000	49.981201
0.607000	49.981201
0.608000	47.005299
0.609000	52.951000
0.610000	49.981201
0.611000	49.981201
0.612000	49.981201
0.613000	47.005299
0.614000	55.920799
0.615000	49.981201
0.616000	52.951000
0.617000	49.981201
0.618000	52.951000
0.619000	52.951000
0.620000	49.981201
0.621000	49.981201
0.622000	49.981201
0.623000	47.005299
0.624000	49.981201
0.625000	44.035500
0.626000	44.035500
0.627000	47.005299
0.628000	47.005299
0.629000	47.005299
0.630000	44.035500
0.631000	44.035500
0.632000	47.005299
0.633000	47.005299
0.634000	47.005299
0.635000	47.005299
0.636000	44.035500
0.637000	44.035500
0.638000	47.005299
0.639000	44.035500
0.640000	47.005299
0.641000	49.981201
0.642000	58.890499
0.643000	55.920799
0.644000	32.150299
0.645000	26.204700
0.646000	35.120098
0.647000	41.065800
0.648000	35.120098
0.649000	32.150299
0.650000	29.180500
0.651000	23.234900
0.652000	23.234900
0.653000	29.180500
0.654000	32.150299
0.655000	29.180500
0.656000	38.089901
0.657000	44.035500
0.658000	35.120098
0.659000	29.180500
0.660000	29.180500
0.661000	38.089901
0.662000	35.120098
0.663000	41.065800
0.664000	44.035500
0.665000	44.035500
0.666000	38.089901
0.667000	38.089901
0.668000	32.150299
0.669000	35.120098
0.670000	32.150299
0.671000	32.150299
0.672000	38.089901
0.673000	41.065800
0.674000	41.065800
0.675000	38.089901
0.676000	29.180500
0.677000	29.180500
0.678000	32.150299
0.679000	35.120098
0.680000	35.120098
0.681000	38.089901
0.682000	32.150299
0.683000	29.180500
0.684000	26.204700
0.685000	23.234900
0.686000	20.265100
0.687000	20.265100
0.688000	26.204700
0.689000	26.204700
0.690000	29.180500
0.691000	26.204700
0.692000	26.204700
0.693000	23.234900
0.694000	20.265100
0.695000	20.265100
0.696000	20.265100
0.697000	23.234900
0.698000	26.204700
0.699000	26.204700
0.700000	26.204700
0.701000	23.234900
0.702000	20.265100
0.703000	20.265100
0.704000	20.265100
0.705000	23.234900
0.706000	26.204700
0.707000	23.234900
0.708000	20.265100
0.709000	26.204700
0.710000	26.204700
0.711000	23.234900
0.712000	26.204700
0.713000	29.180500
0.714000	32.150299
0.715000	32.150299
0.716000	32.150299
0.717000	32.150299
0.718000	32.150299
0.719000	32.150299
0.720000	32.150299
0.721000	35.120098
0.722000	32.150299
0.723000	35.120098
0.724000	32.150299
0.725000	32.150299
0.726000	32.150299
0.727000	32.150299
0.728000	32.150299
0.729000	29.180500
0.730000	32.150299
0.731000	35.120098
0.732000	32.150299
0.733000	29.180500
0.734000	32.150299
0.735000	26.204700
0.736000	29.180500
0.737000	29.180500
0.738000	29.180500
0.739000	32.150299
0.740000	26.204700
0.741000	26.204700
0.742000	26.204700
0.743000	26.204700
0.744000	32.150299
0.745000	29.180500
0.746000	32.150299
0.747000	32.150299
0.748000	32.150299
0.749000	35.120098
0.750000	35.120098
0.751000	38.089901
0.752000	35.120098
0.753000	35.120098
0.754000	35.120098
0.755000	35.120098
0.756000	32.150299
0.757000	35.120098
0.758000	35.120098
0.759000	38.089901
0.760000	41.065800
0.761000	38.089901
0.762000	41.065800
0.763000	41.065800
0.764000	41.065800
0.765000	44.035500
0.766000	47.005299
0.767000	44.035500
0.768000	44.035500
0.769000	44.035500
0.770000	44.035500
0.771000	44.035500
0.772000	41.065800
0.773000	47.005299
0.774000	47.005299
0.775000	44.035500
0.776000	47.005299
0.777000	47.005299
0.778000	47.005299
0.779000	47.005299
0.780000	47.005299
0.781000	44.035500
0.782000	44.035500
0.783000	44.035500
0.784000	44.035500
0.785000	41.065800
0.786000	47.005299
0.787000	47.005299
0.788000	44.035500
0.789000	44.035500
0.790000	44.035500
0.791000	44.035500
0.792000	44.035500
0.793000	44.035500
0.794000	44.035500
0.795000	47.005299
0.796000	41.065800
0.797000	44.035500
0.798000	47.005299
0.799000	52.951000
0.800000	47.005299
0.801000	49.981201
0.802000	49.981201
0.803000	49.981201
0.804000	49.981201
0.805000	55.920799
0.806000	47.005299
0.807000	47.005299
0.808000	49.981201
0.809000	49.981201
0.810000	55.920799
0.811000	52.951000
0.812000	55.920799
0.813000	52.951000
0.814000	55.920799
0.815000	55.920799
0.816000	58.890499
0.817000	55.920799
0.818000	55.920799
0.819000	55.920799
0.820000	55.920799
0.821000	52.951000
0.822000	49.981201
0.823000	52.951000
0.824000	49.981201
0.825000	52.951000
0.826000	55.920799
0.827000	52.951000
0.828000	55.920799
0.829000	55.920799
0.830000	49.981201
0.831000	52.951000
0.832000	52.951000
0.833000	52.951000
0.834000	52.951000
0.835000	52.951000
0.836000	49.981201
0.837000	52.951000
0.838000	49.981201
0.839000	49.981201
0.840000	47.005299
0.841000	49.981201
0.842000	49.981201
0.843000	47.005299
0.844000	44.035500
0.845000	52.951000
0.846000	47.005299
0.847000	47.005299
0.848000	44.035500
0.849000	41.065800
0.850000	41.065800
0.851000	41.065800
0.852000	47.005299
0.853000	44.035500
0.854000	47.005299
0.855000	44.035500
0.856000	44.035500
0.857000	44.035500
0.858000	38.089901
0.859000	47.005299
0.860000	47.005299
0.861000	49.981201
0.862000	47.005299
0.863000	44.035500
0.864000	41.065800
0.865000	44.035500
0.866000	41.065800
0.867000	38.089901
0.868000	35.120098
0.869000	38.089901
0.870000	47.005299
0.871000	41.065800
0.872000	23.234900
0.873000	17.289200
0.874000	23.234900
0.875000	20.265100
0.876000	29.180500
0.877000	35.120098
0.878000	41.065800
0.879000	35.120098
0.880000	32.150299
0.881000	44.035500
0.882000	35.120098
0.883000	38.089901
0.884000	41.065800
0.885000	44.035500
0.886000	44.035500
0.887000	32.150299
0.888000	32.150299
0.889000	35.120098
0.890000	29.180500
0.891000	26.204700
0.892000	26.204700
0.893000	29.180500
0.894000	29.180500
0.895000	29.180500
0.896000	26.204700
0.897000	32.150299
0.898000	26.204700
0.899000	26.204700
0.900000	26.204700
0.901000	26.204700
0.902000	26.204700
0.903000	26.204700
0.904000	29.180500
0.905000	26.204700
0.906000	20.265100
0.907000	20.265100
0.908000	20.265100
0.909000	20.265100
0.910000	20.265100
0.911000	20.265100
0.912000	20.265100
0.913000	17.289200
0.914000	23.234900
0.915000	20.265100
0.916000	23.234900
0.917000	23.234900
0.918000	20.265100
0.919000	20.265100
0.920000	23.234900
0.921000	20.265100
0.922000	20.265100
0.923000	17.289200
0.924000	20.265100
0.925000	14.319500
0.926000	23.234900
0.927000	17.289200
0.928000	23.234900
0.929000	20.265100
0.930000	23.234900
0.931000	23.234900
0.932000	23.234900
0.933000	20.265100
0.934000	23.234900
0.935000	23.234900
0.936000	23.234900
0.937000	23.234900
0.938000	23.234900
0.939000	20.265100
0.940000	14.319500
0.941000	17.289200
0.942000	20.265100
0.943000	17.289200
0.944000	14.319500
0.945000	20.265100
0.946000	17.289200
0.947000	17.289200
0.948000	14.319500
0.949000	17.289200
0.950000	20.265100
0.951000	17.289200
0.952000	20.265100
0.953000	14.319500
0.954000	14.319500
0.955000	17.289200
0.956000	17.289200
0.957000	14.319500
0.958000	17.289200
0.959000	17.289200
0.960000	20.265100
0.961000	20.265100
0.962000	23.234900
0.963000	20.265100
0.964000	20.265100
0.965000	14.319500
0.966000	20.265100
0.967000	20.265100
0.968000	20.265100
0.969000	20.265100
0.970000	20.265100
0.971000	20.265100
0.972000	20.265100
0.973000	17.289200
0.974000	23.234900
0.975000	20.265100
0.976000	17.289200
0.977000	23.234900
0.978000	23.234900
0.979000	20.265100
0.980000	20.265100
0.981000	20.265100
0.982000	26.204700
0.983000	26.204700
0.984000	26.204700
0.985000	20.265100
0.986000	20.265100
0.987000	26.204700
0.988000	20.265100
0.989000	20.265100
0.990000	23.234900
0.991000	20.265100
0.992000	23.234900
0.993000	23.234900
0.994000	23.234900
0.995000	26.204700
0.996000	23.234900
0.997000	26.204700
0.998000	23.234900
0.999000	23.234900
1.000000	26.204700
1.001000	26.204700
1.002000	26.204700
1.003000	26.204700
1.004000	26.204700
1.005000	29.180500
1.006000	29.180500
1.007000	26.204700
1.008000	26.204700
1.009000	26.204700
1.010000	29.180500
1.011000	32.150299
1.012000	29.180500
1.013000	29.180500
1.014000	32.150299
1.015000	32.150299
1.016000	29.180500
1.017000	26.204700
1.018000	29.180500
1.019000	26.204700
1.020000	26.204700
1.021000	26.204700
1.022000	26.204700
1.023000	26.204700
1.024000	26.204700
1.025000	23.234900
1.026000	26.204700
1.027000	29.180500
1.028000	23.234900
1.029000	29.180500
1.030000	29.180500
1.031000	29.180500
1.032000	26.204700
1.033000	26.204700
1.034000	29.180500
1.035000	29.180500
1.036000	26.204700
1.037000	29.180500
1.038000	26.204700
1.039000	32.150299
1.040000	26.204700
1.041000	29.180500
1.042000	32.150299
1.043000	29.180500
1.044000	35.120098
1.045000	35.120098
1.046000	32.150299
1.047000	32.150299
1.048000	35.120098
1.049000	35.120098
1.050000	35.120098
1.051000	32.150299
1.052000	35.120098
1.053000	32.150299
1.054000	35.120098
1.055000	32.150299
1.056000	29.180500
1.057000	32.150299
1.058000	26.204700
1.059000	32.150299
1.060000	29.180500
1.061000	29.180500
1.062000	35.120098
1.063000	26.204700
1.064000	32.150299
1.065000	26.204700
1.066000	32.150299
1.067000	29.180500
1.068000	29.180500
1.069000	29.180500
1.070000	26.204700
1.071000	26.204700
1.072000	29.180500
1.073000	26.204700
1.074000	26.204700
1.075000	29.180500
1.076000	23.234900
1.077000	26.204700
1.078000	26.204700
1.079000	26.204700
1.080000	29.180500
1.081000	29.180500
1.082000	26.204700
1.083000	29.180500
1.084000	26.204700
1.085000	26.204700
1.086000	26.204700
1.087000	29.180500
1.088000	29.180500
1.089000	26.204700
1.090000	23.234900
1.091000	26.204700
1.092000	26.204700
1.093000	29.180500
1.094000	26.204700
1.095000	26.204700
1.096000	26.204700
1.097000	26.204700
1.098000	26.204700
1.099000	26.204700
1.100000	26.204700
1.101000	26.204700
1.102000	26.204700
1.103000	26.204700
1.104000	26.204700
1.105000	23.234900
1.106000	23.234900
1.107000	23.234900
1.108000	23.234900
1.109000	20.265100
1.110000	23.234900
1.111000	26.204700
1.112000	20.265100
1.113000	23.234900
1.114000	26.204700
1.115000	23.234900
1.116000	23.234900
1.117000	20.265100
1.118000	20.265100
1.119000	23.234900
1.120000	20.265100
1.121000	20.265100
1.122000	20.265100
1.123000	20.265100
1.124000	17.289200
1.125000	17.289200
1.126000	17.289200
1.127000	20.265100
1.128000	17.289200
1.129000	20.265100
1.130000	17.289200
1.131000	20.265100
1.132000	20.265100
1.133000	20.265100
1.134000	17.289200
1.135000	17.289200
1.136000	20.265100
1.137000	20.265100
1.138000	17.289200
1.139000	17.289200
1.140000	14.319500
1.141000	17.289200
1.142000	17.289200
1.143000	20.265100
1.144000	17.289200
1.145000	20.265100
1.146000	17.289200
1.147000	20.265100
1.148000	20.265100
1.149000	17.289200
1.150000	20.265100
1.151000	17.289200
1.152000	20.265100
1.153000	17.289200
1.154000	20.265100
1.155000	20.265100
1.156000	20.265100
1.157000	11.349700
1.158000	17.289200
1.159000	17.289200
1.160000	17.289200
1.161000	17.289200
1.162000	20.265100
1.163000	14.319500
1.164000	20.265100
1.165000	20.265100
1.166000	20.265100
1.167000	20.265100
1.168000	23.234900
1.169000	20.265100
1.170000	20.265100
1.171000	20.265100
1.172000	20.265100
1.173000	17.289200
1.174000	20.265100
1.175000	20.265100
1.176000	20.265100
1.177000	17.289200
1.178000	20.265100
1.179000	20.265100
1.180000	23.234900
1.181000	17.289200
1.182000	23.234900
1.183000	20.265100
1.184000	23.234900
1.185000	20.265100
1.186000	20.265100
1.187000	23.234900
1.188000	20.265100
1.189000	23.234900
1.190000	20.265100
1.191000	23.234900
1.192000	20.265100
1.193000	23.234900
1.194000	23.234900
1.195000	20.265100
1.196000	20.265100
1.197000	23.234900
1.198000	20.265100
1.199000	23.234900
1.200000	20.265100
1.201000	20.265100
1.202000	20.265100
1.203000	20.265100
1.204000	23.234900
1.205000	20.265100
1.206000	23.234900
1.207000	23.234900
1.208000	20.265100
1.209000	20.265100
1.210000	20.265100
1.211000	20.265100
1.212000	20.265100
1.213000	23.234900
1.214000	23.234900
1.215000	26.204700
1.216000	23.234900
1.217000	23.234900
1.218000	23.234900
1.219000	23.234900
1.220000	20.265100
1.221000	20.265100
1.222000	20.265100
1.223000	23.234900
1.224000	17.289200
1.225000	20.265100
1.226000	20.265100
1.227000	20.265100
1.228000	23.234900
1.229000	20.265100
1.230000	20.265100
1.231000	23.234900
1.232000	17.289200
1.233000	23.234900
1.234000	20.265100
1.235000	17.289200
1.236000	23.234900
1.237000	20.265100
1.238000	20.265100
1.239000	17.289200
1.240000	20.265100
1.241000	17.289200
1.242000	17.289200
1.243000	20.265100
1.244000	20.265100
1.245000	20.265100
1.246000	20.265100
1.247000	23.234900
1.248000	23.234900
1.249000	20.265100
1.250000	20.265100
1.251000	23.234900
1.252000	20.265100
1.253000	20.265100
1.254000	20.265100
1.255000	20.265100
1.256000	23.234900
1.257000	23.234900
1.258000	14.319500
1.259000	26.204700
1.260000	20.265100
1.261000	20.265100
1.262000	20.265100
1.263000	20.265100
1.264000	20.265100
1.265000	20.265100
1.266000	23.234900
1.267000	23.234900
1.268000	20.265100
1.269000	20.265100
1.270000	23.234900
1.271000	23.234900
1.272000	17.289200
1.273000	17.289200
1.274000	20.265100
1.275000	20.265100
1.276000	17.289200
1.277000	20.265100
1.278000	20.265100
1.279000	23.234900
1.280000	20.265100
1.281000	23.234900
1.282000	20.265100
1.283000	20.265100
1.284000	20.265100
1.285000	17.289200
1.286000	20.265100
1.287000	17.289200
1.288000	20.265100
1.289000	17.289200
1.290000	20.265100
1.291000	17.289200
1.292000	20.265100
1.293000	20.265100
1.294000	20.265100
1.295000	20.265100
1.296000	20.265100
1.297000	20.265100
1.298000	17.289200
1.299000	20.265100
1.300000	17.289200
1.301000	17.289200
1.302000	14.319500
1.303000	20.265100
1.304000	17.289200
1.305000	17.289200
1.306000	20.265100
1.307000	20.265100
1.308000	17.289200
1.309000	20.265100
1.310000	20.265100
1.311000	14.319500
1.312000	14.319500
1.313000	14.319500
1.314000	17.289200
1.315000	17.289200
1.316000	23.234900
1.317000	20.265100
1.318000	14.319500
1.319000	17.289200
1.320000	20.265100
1.321000	17.289200
1.322000	17.289200
1.323000	17.289200
1.324000	14.319500
1.325000	14.319500
1.326000	17.289200
1.327000	17.289200
1.328000	17.289200
1.329000	20.265100
1.330000	14.319500
1.331000	17.289200
1.332000	17.289200
1.333000	20.265100
1.334000	17.289200
1.335000	17.289200
1.336000	20.265100
1.337000	17.289200
1.338000	14.319500
1.339000	20.265100
1.340000	14.319500
1.341000	17.289200
1.342000	14.319500
1.343000	20.265100
1.344000	17.289200
1.345000	17.289200
1.346000	20.265100
1.347000	20.265100
1.348000	17.289200
1.349000	20.265100
1.350000	17.289200
1.351000	17.289200
1.352000	20.265100
1.353000	20.265100
1.354000	17.289200
1.355000	14.319500
1.356000	17.289200
1.357000	17.289200
1.358000	14.319500
1.359000	14.319500
1.360000	20.265100
1.361000	20.265100
1.362000	17.289200
1.363000	17.289200
1.364000	20.265100
1.365000	20.265100
1.366000	17.289200
1.367000	20.265100
1.368000	17.289200
1.369000	14.319500
1.370000	20.265100
1.371000	14.319500
1.372000	17.289200
1.373000	14.319500
1.374000	20.265100
1.375000	14.319500
1.376000	14.319500
1.377000	17.289200
1.378000	17.289200
1.379000	17.289200
1.380000	14.319500
1.381000	17.289200
1.382000	23.234900
1.383000	17.289200
1.384000	14.319500
1.385000	20.265100
1.386000	20.265100
1.387000	20.265100
1.388000	17.289200
1.389000	14.319500
1.390000	17.289200
1.391000	11.349700
1.392000	17.289200
1.393000	20.265100
1.394000	23.234900
1.395000	20.265100
1.396000	17.289200
1.397000	17.289200
1.398000	20.265100
1.399000	17.289200
1.400000	20.265100
1.401000	14.319500
1.402000	14.319500
1.403000	17.289200
1.404000	17.289200
1.405000	14.319500
1.406000	14.319500
1.407000	17.289200
1.408000	17.289200
1.409000	20.265100
1.410000	17.289200
1.411000	17.289200
1.412000	17.289200
1.413000	20.265100
1.414000	20.265100
1.415000	20.265100
1.416000	14.319500
1.417000	17.289200
1.418000	17.289200
1.419000	20.265100
1.420000	17.289200
1.421000	20.265100
1.422000	17.289200
1.423000	14.319500
1.424000	14.319500
1.425000	17.289200
1.426000	14.319500
1.427000	20.265100
1.428000	17.289200
1.429000	17.289200
1.430000	20.265100
1.431000	17.289200
1.432000	20.265100
1.433000	17.289200
1.434000	14.319500
1.435000	20.265100
1.436000	14.319500
1.437000	17.289200
1.438000	17.289200
1.439000	17.289200
1.440000	17.289200
1.441000	14.319500
1.442000	14.319500
1.443000	17.289200
1.444000	17.289200
1.445000	17.289200
1.446000	17.289200
1.447000	20.265100
1.448000	20.265100
1.449000	17.289200
1.450000	17.289200
1.451000	14.319500
1.452000	20.265100
1.453000	20.265100
1.454000	14.319500
1.455000	17.289200
1.456000	14.319500
1.457000	14.319500
1.458000	14.319500
1.459000	14.319500
1.460000	17.289200
1.461000	14.319500
1.462000	17.289200
1.463000	14.319500
1.464000	17.289200
1.465000	17.289200
1.466000	11.349700
1.467000	17.289200
1.468000	14.319500
1.469000	14.319500
1.470000	17.289200
1.471000	17.289200
1.472000	14.319500
1.473000	14.319500
1.474000	14.319500
1.475000	14.319500
1.476000	14.319500
1.477000	17.289200
1.478000	14.319500
1.479000	11.349700
1.480000	14.319500
1.481000	11.349700
1.482000	17.289200
1.483000	14.319500
1.484000	17.289200
1.485000	14.319500
1.486000	14.319500
1.487000	14.319500
1.488000	14.319500
1.489000	14.319500
1.490000	14.319500
1.491000	11.349700
1.492000	17.289200
1.493000	14.319500
1.494000	14.319500
1.495000	17.289200
1.496000	17.289200
1.497000	17.289200
1.498000	14.319500
1.499000	14.319500
1.500000	17.289200
1.501000	14.319500
1.502000	14.319500
1.503000	14.319500
1.504000	14.319500
1.505000	14.319500
1.506000	11.349700
1.507000	14.319500
1.508000	11.349700
1.509000	14.319500
1.510000	14.319500
1.511000	14.319500
1.512000	14.319500
1.513000	17.289200
1.514000	14.319500
1.515000	17.289200
1.516000	17.289200
1.517000	17.289200
1.518000	14.319500
1.519000	11.349700
1.520000	11.349700
1.521000	14.319500
1.522000	14.319500
1.523000	14.319500
1.524000	14.319500
1.525000	14.319500
1.526000	14.319500
1.527000	17.289200
1.528000	17.289200
1.529000	11.349700
1.530000	14.319500
1.531000	14.319500
1.532000	17.289200
1.533000	17.289200
1.534000	14.319500
1.535000	14.319500
1.536000	14.319500
1.537000	11.349700
1.538000	11.349700
1.539000	17.289200
1.540000	14.319500
1.541000	14.319500
1.542000	14.319500
1.543000	14.319500
1.544000	17.289200
1.545000	14.319500
1.546000	17.289200
1.547000	17.289200
1.548000	14.319500
1.549000	14.319500
1.550000	17.289200
1.551000	17.289200
1.552000	14.319500
1.553000	17.289200
1.554000	17.289200
1.555000	14.319500
1.556000	11.349700
1.557000	17.289200
1.558000	17.289200
1.559000	14.319500
1.560000	14.319500
1.561000	14.319500
1.562000	17.289200
1.563000	17.289200
1.564000	17.289200
1.565000	20.265100
1.566000	17.289200
1.567000	17.289200
1.568000	17.289200
1.569000	14.319500
1.570000	14.319500
1.571000	14.319500
1.572000	14.319500
1.573000	11.349700
1.574000	11.349700
1.575000	14.319500
1.576000	14.319500
1.577000	14.319500
1.578000	17.289200
1.579000	17.289200
1.580000	11.349700
1.581000	14.319500
1.582000	14.319500
1.583000	14.319500
1.584000	14.319500
1.585000	14.319500
1.586000	14.319500
1.587000	17.289200
1.588000	17.289200
1.589000	14.319500
1.590000	17.289200
1.591000	17.289200
1.592000	14.319500
1.593000	14.319500
1.594000	14.319500
1.595000	17.289200
1.596000	14.319500
1.597000	14.319500
1.598000	17.289200
1.599000	17.289200
1.600000	20.265100
1.601000	17.289200
1.602000	14.319500
1.603000	14.319500
1.604000	14.319500
1.605000	14.319500
1.606000	11.349700
1.607000	14.319500
1.608000	11.349700
1.609000	14.319500
1.610000	11.349700
1.611000	17.289200
1.612000	14.319500
1.613000	14.319500
1.614000	14.319500
1.615000	17.289200
1.616000	17.289200
1.617000	14.319500
1.618000	14.319500
1.619000	14.319500
1.620000	17.289200
1.621000	17.289200
1.622000	14.319500
1.623000	14.319500
1.624000	11.349700
1.625000	11.349700
1.626000	14.319500
1.627000	17.289200
1.628000	11.349700
1.629000	14.319500
1.630000	17.289200
1.631000	14.319500
1.632000	14.319500
1.633000	17.289200
1.634000	14.319500
1.635000	14.319500
1.636000	14.319500
1.637000	14.319500
1.638000	14.319500
1.639000	8.379900
1.640000	14.319500
1.641000	8.379900
1.642000	14.319500
1.643000	11.349700
1.644000	8.379900
1.645000	11.349700
1.646000	14.319500
1.647000	17.289200
1.648000	14.319500
1.649000	14.319500
1.650000	17.289200
1.651000	14.319500
1.652000	14.319500
1.653000	14.319500
1.654000	14.319500
1.655000	14.319500
1.656000	11.349700
1.657000	11.349700
1.658000	14.319500
1.659000	11.349700
1.660000	11.349700
1.661000	14.319500
1.662000	14.319500
1.663000	14.319500
1.664000	14.319500
1.665000	14.319500
1.666000	11.349700
1.667000	14.319500
1.668000	11.349700
1.669000	11.349700
1.670000	14.319500
1.671000	11.349700
1.672000	11.349700
1.673000	11.349700
1.674000	11.349700
1.675000	11.349700
1.676000	11.349700
1.677000	11.349700
1.678000	14.319500
1.679000	14.319500
1.680000	11.349700
1.681000	14.319500
1.682000	14.319500
1.683000	14.319500
1.684000	14.319500
1.685000	11.349700
1.686000	14.319500
1.687000	14.319500
1.688000	11.349700
1.689000	11.349700
1.690000	11.349700
1.691000	14.319500
1.692000	11.349700
1.693000	11.349700
1.694000	14.319500
1.695000	14.319500
1.696000	11.349700
1.697000	11.349700
1.698000	14.319500
1.699000	11.349700
1.700000	11.349700
1.701000	14.319500
1.702000	14.319500
1.703000	14.319500
1.704000	14.319500
1.705000	11.349700
1.706000	14.319500
1.707000	14.319500
1.708000	14.319500
1.709000	14.319500
1.710000	11.349700
1.711000	14.319500
1.712000	14.319500
1.713000	14.319500
1.714000	14.319500
1.715000	17.289200
1.716000	14.319500
1.717000	17.289200
1.718000	14.319500
1.719000	11.349700
1.720000	14.319500
1.721000	14.319500
1.722000	14.319500
1.723000	14.319500
1.724000	14.319500
1.725000	11.349700
1.726000	14.319500
1.727000	11.349700
1.728000	17.289200
1.729000	11.349700
1.730000	14.319500
1.731000	14.319500
1.732000	14.319500
1.733000	14.319500
1.734000	17.289200
1.735000	11.349700
1.736000	14.319500
1.737000	14.319500
1.738000	14.319500
1.739000	11.349700
1.740000	14.319500
1.741000	14.319500
1.742000	11.349700
1.743000	14.319500
1.744000	11.349700
1.745000	14.319500
1.746000	14.319500
1.747000	17.289200
1.748000	14.319500
1.749000	14.319500
1.750000	17.289200
1.751000	14.319500
1.752000	11.349700
1.753000	14.319500
1.754000	11.349700
1.755000	14.319500
1.756000	11.349700
1.757000	11.349700
1.758000	11.349700
1.759000	11.349700
1.760000	11.349700
1.761000	14.319500
1.762000	11.349700
1.763000	14.319500
1.764000	17.289200
1.765000	11.349700
1.766000	14.319500
1.767000	14.319500
1.768000	8.379900
1.769000	11.349700
1.770000	11.349700
1.771000	11.349700
1.772000	8.379900
1.773000	11.349700
1.774000	11.349700
1.775000	8.379900
1.776000	11.349700
1.777000	14.319500
1.778000	11.349700
1.779000	11.349700
1.780000	11.349700
1.781000	11.349700
1.782000	11.349700
1.783000	14.319500
1.784000	11.349700
1.785000	8.379900
1.786000	14.319500
1.787000	11.349700
1.788000	8.379900
1.789000	11.349700
1.790000	14.319500
1.791000	11.349700
1.792000	11.349700
1.793000	11.349700
1.794000	14.319500
1.795000	14.319500
1.796000	11.349700
1.797000	11.349700
1.798000	14.319500
1.799000	11.349700
1.800000	11.349700
1.801000	14.319500
1.802000	11.349700
1.803000	14.319500
1.804000	8.379900
1.805000	8.379900
1.806000	11.349700
1.807000	11.349700
1.808000	11.349700
1.809000	11.349700
1.810000	11.349700
1.811000	11.349700
1.812000	11.349700
1.813000	14.319500
1.814000	14.319500
1.815000	11.349700
1.816000	14.319500
1.817000	11.349700
1.818000	11.349700
1.819000	14.319500
1.820000	11.349700
1.821000	11.349700
1.822000	14.319500
1.823000	11.349700
1.824000	11.349700
1.825000	11.349700
1.826000	11.349700
1.827000	14.319500
1.828000	14.319500
1.829000	14.319500
1.830000	11.349700
1.831000	11.349700
1.832000	11.349700
1.833000	11.349700
1.834000	14.319500
1.835000	11.349700
1.836000	8.379900
1.837000	14.319500
1.838000	14.319500
1.839000	8.379900
1.840000	8.379900
1.841000	8.379900
1.842000	11.349700
1.843000	11.349700
1.844000	14.319500
1.845000	8.379900
1.846000	14.319500
1.847000	11.349700
1.848000	11.349700
1.849000	14.319500
1.850000	11.349700
1.851000	11.349700
1.852000	11.349700
1.853000	11.349700
1.854000	11.349700
1.855000	8.379900
1.856000	8.379900
1.857000	11.349700
1.858000	8.379900
1.859000	11.349700
1.860000	14.319500
1.861000	11.349700
1.862000	11.349700
1.863000	11.349700
1.864000	11.349700
1.865000	11.349700
1.866000	14.319500
1.867000	14.319500
1.868000	11.349700
1.869000	8.379900
1.870000	8.379900
1.871000	14.319500
1.872000	11.349700
1.873000	11.349700
1.874000	11.349700
1.875000	11.349700
1.876000	11.349700
1.877000	14.319500
1.878000	11.349700
1.879000	11.349700
1.880000	14.319500
1.881000	11.349700
1.882000	11.349700
1.883000	14.319500
1.884000	11.349700
1.885000	11.349700
1.886000	11.349700
1.887000	11.349700
1.888000	11.349700
1.889000	14.319500
1.890000	11.349700
1.891000	8.379900
1.892000	14.319500
1.893000	11.349700
1.894000	14.319500
1.895000	14.319500
1.896000	11.349700
1.897000	17.289200
1.898000	14.319500
1.899000	14.319500
1.900000	14.319500
1.901000	14.319500
1.902000	11.349700
1.903000	14.319500
1.904000	11.349700
1.905000	14.319500
1.906000	11.349700
1.907000	11.349700
1.908000	11.349700
1.909000	17.289200
1.910000	14.319500
1.911000	11.349700
1.912000	8.379900
1.913000	11.349700
1.914000	14.319500
1.915000	14.319500
1.916000	11.349700
1.917000	11.349700
1.918000	14.319500
1.919000	11.349700
1.920000	8.379900
1.921000	14.319500
1.922000	11.349700
1.923000	11.349700
1.924000	11.349700
1.925000	11.349700
1.926000	8.379900
1.927000	8.379900
1.928000	11.349700
1.929000	11.349700
1.930000	8.379900
1.931000	11.349700
1.932000	8.379900
1.933000	14.319500
1.934000	11.349700
1.935000	14.319500
1.936000	11.349700
1.937000	8.379900
1.938000	14.319500
1.939000	11.349700
1.940000	14.319500
1.941000	8.379900
1.942000	11.349700
1.943000	11.349700
1.944000	14.319500
1.945000	8.379900
1.946000	11.349700
1.947000	14.319500
1.948000	11.349700
1.949000	11.349700
1.950000	11.349700
1.951000	11.349700
1.952000	11.349700
1.953000	11.349700
1.954000	11.349700
1.955000	11.349700
1.956000	8.379900
1.957000	14.319500
1.958000	8.379900
1.959000	14.319500
1.960000	8.379900
1.961000	8.379900
1.962000	11.349700
1.963000	8.379900
1.964000	11.349700
1.965000	11.349700
1.966000	11.349700
1.967000	8.379900
1.968000	11.349700
1.969000	11.349700
1.970000	11.349700
1.971000	11.349700
1.972000	8.379900
1.973000	5.404030
1.974000	11.349700
1.975000	8.379900
1.976000	11.349700
1.977000	11.349700
1.978000	11.349700
1.979000	11.349700
1.980000	5.404030
1.981000	14.319500
1.982000	14.319500
1.983000	11.349700
1.984000	11.349700
1.985000	8.379900
1.986000	5.404030
1.987000	11.349700
1.988000	8.379900
1.989000	11.349700
1.990000	5.404030
1.991000	8.379900
1.992000	8.379900
1.993000	14.319500
1.994000	5.404030
1.995000	8.379900
1.996000	8.379900
1.997000	11.349700
1.998000	14.319500
1.999000	8.379900
2.000000	8.379900
2.001000	11.349700
2.002000	11.349700
2.003000	8.379900
2.004000	8.379900
2.005000	11.349700
2.006000	8.379900
2.007000	8.379900
2.008000	11.349700
2.009000	11.349700
2.010000	8.379900
2.011000	11.349700
2.012000	8.379900
2.013000	11.349700
2.014000	11.349700
2.015000	11.349700
2.016000	8.379900
2.017000	11.349700
2.018000	11.349700
2.019000	8.379900
2.020000	11.349700
2.021000	11.349700
2.022000	8.379900
2.023000	5.404030
2.024000	8.379900
2.025000	8.379900
2.026000	8.379900
2.027000	8.379900
2.028000	8.379900
2.029000	8.379900
2.030000	8.379900
2.031000	11.349700
2.032000	11.349700
2.033000	11.349700
2.034000	8.379900
2.035000	11.349700
2.036000	11.349700
2.037000	11.349700
2.038000	11.349700
2.039000	8.379900
2.040000	11.349700
2.041000	11.349700
2.042000	11.349700
2.043000	11.349700
2.044000	11.349700
2.045000	11.349700
2.046000	8.379900
2.047000	14.319500
2.048000	14.319500
2.049000	11.349700
2.050000	14.319500
2.051000	14.319500
2.052000	8.379900
2.053000	11.349700
2.054000	11.349700
2.055000	11.349700
2.056000	8.379900
2.057000	11.349700
2.058000	8.379900
2.059000	11.349700
2.060000	11.349700
2.061000	8.379900
2.062000	8.379900
2.063000	14.319500
2.064000	14.319500
2.065000	11.349700
2.066000	8.379900
2.067000	11.349700
2.068000	11.349700
2.069000	11.349700
2.070000	8.379900
2.071000	11.349700
2.072000	8.379900
2.073000	8.379900
2.074000	8.379900
2.075000	11.349700
2.076000	8.379900
2.077000	11.349700
2.078000	8.379900
2.079000	11.349700
2.080000	11.349700
2.081000	11.349700
2.082000	11.349700
2.083000	11.349700
2.084000	11.349700
2.085000	11.349700
2.086000	8.379900
2.087000	11.349700
2.088000	11.349700
2.089000	8.379900
2.090000	8.379900
2.091000	8.379900
2.092000	11.349700
2.093000	8.379900
2.094000	11.349700
2.095000	11.349700
2.096000	8.379900
2.097000	14.319500
2.098000	11.349700
2.099000	11.349700
2.100000	11.349700
2.101000	11.349700
2.102000	8.379900
2.103000	8.379900
2.104000	5.404030
2.105000	5.404030
2.106000	8.379900
2.107000	11.349700
2.108000	8.379900
2.109000	11.349700
2.110000	11.349700
2.111000	11.349700
2.112000	11.349700
2.113000	14.319500
2.114000	11.349700
2.115000	11.349700
2.116000	11.349700
2.117000	8.379900
2.118000	8.379900
2.119000	11.349700
2.120000	11.349700
2.121000	8.379900
2.122000	8.379900
2.123000	11.349700
2.124000	8.379900
2.125000	11.349700
2.126000	11.349700
2.127000	8.379900
2.128000	8.379900
2.129000	8.379900
2.130000	8.379900
2.131000	8.379900
2.132000	11.349700
2.133000	8.379900
2.134000	11.349700
2.135000	8.379900
2.136000	11.349700
2.137000	11.349700
2.138000	11.349700
2.139000	11.349700
2.140000	5.404030
2.141000	11.349700
2.142000	5.404030
2.143000	8.379900
2.144000	8.379900
2.145000	11.349700
2.146000	11.349700
2.147000	14.319500
2.148000	8.379900
2.149000	11.349700
2.150000	8.379900
2.151000	11.349700
2.152000	5.404030
2.153000	11.349700
2.154000	8.379900
2.155000	5.404030
2.156000	5.404030
2.157000	5.404030
2.158000	8.379900
2.159000	11.349700
2.160000	8.379900
2.161000	8.379900
2.162000	8.379900
2.163000	11.349700
2.164000	8.379900
2.165000	8.379900
2.166000	11.349700
2.167000	8.379900
2.168000	8.379900
2.169000	11.349700
2.170000	8.379900
2.171000	14.319500
2.172000	8.379900
2.173000	8.379900
2.174000	8.379900
2.175000	8.379900
2.176000	11.349700
2.177000	11.349700
2.178000	8.379900
2.179000	8.379900
2.180000	8.379900
2.181000	11.349700
2.182000	8.379900
2.183000	8.379900
2.184000	8.379900
2.185000	8.379900
2.186000	11.349700
2.187000	11.349700
2.188000	8.379900
2.189000	5.404030
2.190000	14.319500
2.191000	8.379900
2.192000	5.404030
2.193000	8.379900
2.194000	8.379900
2.195000	8.379900
2.196000	8.379900
2.197000	8.379900
2.198000	11.349700
2.199000	8.379900
2.200000	8.379900
2.201000	8.379900
2.202000	11.349700
2.203000	5.404030
2.204000	8.379900
2.205000	8.379900
2.206000	8.379900
2.207000	8.379900
2.208000	5.404030
2.209000	8.379900
2.210000	11.349700
2.211000	8.379900
2.212000	11.349700
2.213000	11.349700
2.214000	8.379900
2.215000	11.349700
2.216000	11.349700
2.217000	11.349700
2.218000	8.379900
2.219000	8.379900
2.220000	8.379900
2.221000	8.379900
2.222000	8.379900
2.223000	8.379900
2.224000	8.379900
2.225000	5.404030
2.226000	8.379900
2.227000	5.404030
2.228000	8.379900
2.229000	11.349700
2.230000	11.349700
2.231000	8.379900
2.232000	8.379900
2.233000	11.349700
2.234000	8.379900
2.235000	11.349700
2.236000	11.349700
2.237000	8.379900
2.238000	11.349700
2.239000	11.349700
2.240000	11.349700
2.241000	8.379900
2.242000	8.379900
2.243000	11.349700
2.244000	11.349700
2.245000	8.379900
2.246000	11.349700
2.247000	8.379900
2.248000	11.349700
2.249000	11.349700
2.250000	8.379900
2.251000	8.379900
2.252000	8.379900
2.253000	8.379900
2.254000	5.404030
2.255000	8.379900
2.256000	8.379900
2.257000	8.379900
2.258000	5.404030
2.259000	8.379900
2.260000	11.349700
2.261000	8.379900
2.262000	8.379900
2.263000	8.379900
2.264000	8.379900
2.265000	8.379900
2.266000	8.379900
2.267000	11.349700
2.268000	8.379900
2.269000	8.379900
2.270000	8.379900
2.271000	8.379900
2.272000	8.379900
2.273000	8.379900
2.274000	8.379900
2.275000	5.404030
2.276000	11.349700
2.277000	8.379900
2.278000	8.379900
2.279000	8.379900
2.280000	8.379900
2.281000	8.379900
2.282000	8.379900
2.283000	11.349700
2.284000	8.379900
2.285000	8.379900
2.286000	8.379900
2.287000	8.379900
2.288000	8.379900
2.289000	8.379900
2.290000	8.379900
2.291000	5.404030
2.292000	8.379900
2.293000	8.379900
2.294000	8.379900
2.295000	8.379900
2.296000	8.379900
2.297000	8.379900
2.298000	8.379900
2.299000	8.379900
2.300000	8.379900
2.301000	8.379900
2.302000	5.404030
2.303000	5.404030
2.304000	8.379900
2.305000	11.349700
2.306000	8.379900
2.307000	5.404030
2.308000	8.379900
2.309000	5.404030
2.310000	8.379900
2.311000	8.379900
2.312000	5.404030
2.313000	8.379900
2.314000	5.404030
2.315000	11.349700
2.316000	8.379900
2.317000	8.379900
2.318000	5.404030
2.319000	5.404030
2.320000	8.379900
2.321000	8.379900
2.322000	5.404030
2.323000	5.404030
2.324000	8.379900
2.325000	5.404030
2.326000	8.379900
2.327000	8.379900
2.328000	5.404030
2.329000	8.379900
2.330000	8.379900
2.331000	14.319500
2.332000	8.379900
2.333000	11.349700
2.334000	8.379900
2.335000	8.379900
2.336000	5.404030
2.337000	8.379900
2.338000	8.379900
2.339000	8.379900
2.340000	8.379900
2.341000	8.379900
2.342000	5.404030
2.343000	8.379900
2.344000	5.404030
2.345000	8.379900
2.346000	8.379900
2.347000	8.379900
2.348000	8.379900
2.349000	5.404030
2.350000	8.379900
2.351000	8.379900
2.352000	8.379900
2.353000	8.379900
2.354000	8.379900
2.355000	8.379900
2.356000	5.404030
2.357000	8.379900
2.358000	8.379900
2.359000	14.319500
2.360000	8.379900
2.361000	11.349700
2.362000	8.379900
2.363000	5.404030
2.364000	11.349700
2.365000	8.379900
2.366000	5.404030
2.367000	8.379900
2.368000	5.404030
2.369000	8.379900
2.370000	11.349700
2.371000	8.379900
2.372000	8.379900
2.373000	8.379900
2.374000	5.404030
2.375000	8.379900
2.376000	8.379900
2.377000	8.379900
2.378000	8.379900
2.379000	5.404030
2.380000	8.379900
2.381000	8.379900
2.382000	8.379900
2.383000	11.349700
2.384000	8.379900
2.385000	11.349700
2.386000	5.404030
2.387000	8.379900
2.388000	8.379900
2.389000	2.434250
2.390000	5.404030
2.391000	5.404030
2.392000	8.379900
2.393000	11.349700
2.394000	8.379900
2.395000	8.379900
2.396000	5.404030
2.397000	8.379900
2.398000	8.379900
2.399000	11.349700
2.400000	8.379900
2.401000	11.349700
2.402000	8.379900
2.403000	11.349700
2.404000	11.349700
2.405000	8.379900
2.406000	8.379900
2.407000	8.379900
2.408000	5.404030
2.409000	8.379900
2.410000	8.379900
2.411000	11.349700
2.412000	8.379900
2.413000	8.379900
2.414000	8.379900
2.415000	8.379900
2.416000	11.349700
2.417000	5.404030
2.418000	8.379900
2.419000	11.349700
2.420000	8.379900
2.421000	5.404030
2.422000	8.379900
2.423000	8.379900
2.424000	5.404030
2.425000	8.379900
2.426000	5.404030
2.427000	8.379900
2.428000	5.404030
2.429000	8.379900
2.430000	8.379900
2.431000	8.379900
2.432000	11.349700
2.433000	11.349700
2.434000	8.379900
2.435000	8.379900
2.436000	5.404030
2.437000	8.379900
2.438000	5.404030
2.439000	8.379900
2.440000	8.379900
2.441000	5.404030
2.442000	8.379900
2.443000	8.379900
2.444000	8.379900
2.445000	5.404030
2.446000	11.349700
2.447000	8.379900
2.448000	11.349700
2.449000	8.379900
2.450000	11.349700
2.451000	8.379900
2.452000	11.349700
2.453000	5.404030
2.454000	8.379900
2.455000	5.404030
2.456000	5.404030
2.457000	8.379900
2.458000	8.379900
2.459000	8.379900
2.460000	8.379900
2.461000	8.379900
2.462000	8.379900
2.463000	8.379900
2.464000	8.379900
2.465000	8.379900
2.466000	8.379900
2.467000	8.379900
2.468000	5.404030
2.469000	8.379900
2.470000	8.379900
2.471000	8.379900
2.472000	5.404030
2.473000	8.379900
2.474000	5.404030
2.475000	5.404030
2.476000	8.379900
2.477000	5.404030
2.478000	8.379900
2.479000	5.404030
2.480000	5.404030
2.481000	8.379900
2.482000	8.379900
2.483000	5.404030
2.484000	8.379900
2.485000	5.404030
2.486000	5.404030
2.487000	2.434250
2.488000	8.379900
2.489000	8.379900
2.490000	8.379900
2.491000	5.404030
2.492000	5.404030
2.493000	5.404030
2.494000	8.379900
2.495000	8.379900
2.496000	11.349700
2.497000	2.434250
2.498000	11.349700
2.499000	8.379900
2.500000	11.349700
2.501000	5.404030
2.502000	5.404030
2.503000	8.379900
2.504000	8.379900
2.505000	5.404030
2.506000	8.379900
2.507000	8.379900
2.508000	8.379900
2.509000	8.379900
2.510000	8.379900
2.511000	8.379900
2.512000	8.379900
2.513000	8.379900
2.514000	5.404030
2.515000	8.379900
2.516000	5.404030
2.517000	8.379900
2.518000	8.379900
2.519000	2.434250
2.520000	5.404030
2.521000	11.349700
2.522000	8.379900
2.523000	8.379900
2.524000	8.379900
2.525000	8.379900
2.526000	8.379900
2.527000	11.349700
2.528000	8.379900
2.529000	8.379900
2.530000	8.379900
2.531000	8.379900
2.532000	8.379900
2.533000	8.379900
2.534000	8.379900
2.535000	8.379900
2.536000	8.379900
2.537000	8.379900
2.538000	8.379900
2.539000	5.404030
2.540000	5.404030
2.541000	2.434250
2.542000	5.404030
2.543000	8.379900
2.544000	5.404030
2.545000	8.379900
2.546000	11.349700
2.547000	8.379900
2.548000	8.379900
2.549000	8.379900
2.550000	8.379900
2.551000	5.404030
2.552000	5.404030
2.553000	8.379900
2.554000	8.379900
2.555000	8.379900
2.556000	5.404030
2.557000	2.434250
2.558000	5.404030
2.559000	5.404030
2.560000	11.349700
2.561000	8.379900
2.562000	11.349700
2.563000	8.379900
2.564000	11.349700
2.565000	11.349700
2.566000	11.349700
2.567000	11.349700
2.568000	8.379900
2.569000	8.379900
2.570000	8.379900
2.571000	8.379900
2.572000	8.379900
2.573000	5.404030
2.574000	5.404030
2.575000	8.379900
2.576000	8.379900
2.577000	5.404030
2.578000	5.404030
2.579000	5.404030
2.580000	11.349700
2.581000	5.404030
2.582000	11.349700
2.583000	8.379900
2.584000	8.379900
2.585000	5.404030
2.586000	8.379900
2.587000	5.404030
2.588000	5.404030
2.589000	5.404030
2.590000	8.379900
2.591000	11.349700
2.592000	8.379900
2.593000	8.379900
2.594000	11.349700
2.595000	5.404030
2.596000	2.434250
2.597000	8.379900
2.598000	5.404030
2.599000	8.379900
2.600000	5.404030
2.601000	8.379900
2.602000	8.379900
2.603000	8.379900
2.604000	8.379900
2.605000	8.379900
2.606000	8.379900
2.607000	2.434250
2.608000	5.404030
2.609000	5.404030
2.610000	8.379900
2.611000	8.379900
2.612000	2.434250
2.613000	5.404030
2.614000	5.404030
2.615000	8.379900
2.616000	8.379900
2.617000	11.349700
2.618000	8.379900
2.619000	8.379900
2.620000	8.379900
2.621000	11.349700
2.622000	5.404030
2.623000	5.404030
2.624000	8.379900
2.625000	8.379900
2.626000	5.404030
2.627000	8.379900
2.628000	8.379900
2.629000	5.404030
2.630000	8.379900
2.631000	5.404030
2.632000	8.379900
2.633000	8.379900
2.634000	8.379900
2.635000	5.404030
2.636000	8.379900
2.637000	8.379900
2.638000	5.404030
2.639000	5.404030
2.640000	5.404030
2.641000	5.404030
2.642000	5.404030
2.643000	5.404030
2.644000	8.379900
2.645000	8.379900
2.646000	5.404030
2.647000	5.404030
2.648000	5.404030
2.649000	11.349700
2.650000	5.404030
2.651000	8.379900
2.652000	5.404030
2.653000	8.379900
2.654000	5.404030
2.655000	8.379900
2.656000	5.404030
2.657000	5.404030
2.658000	5.404030
2.659000	5.404030
2.660000	5.404030
2.661000	8.379900
2.662000	8.379900
2.663000	5.404030
2.664000	5.404030
2.665000	8.379900
2.666000	8.379900
2.667000	8.379900
2.668000	8.379900
2.669000	8.379900
2.670000	8.379900
2.671000	5.404030
2.672000	8.379900
2.673000	5.404030
2.674000	5.404030
2.675000	5.404030
2.676000	8.379900
2.677000	5.404030
2.678000	5.404030
2.679000	8.379900
2.680000	11.349700
2.681000	8.379900
2.682000	5.404030
2.683000	8.379900
2.684000	5.404030
2.685000	5.404030
2.686000	5.404030
2.687000	8.379900
2.688000	5.404030
2.689000	5.404030
2.690000	5.404030
2.691000	8.379900
2.692000	2.434250
2.693000	5.404030
2.694000	8.379900
2.695000	8.379900
2.696000	5.404030
2.697000	8.379900
2.698000	11.349700
2.699000	8.379900
2.700000	8.379900
2.701000	5.404030
2.702000	5.404030
2.703000	5.404030
2.704000	8.379900
2.705000	5.404030
2.706000	5.404030
2.707000	5.404030
2.708000	8.379900
2.709000	5.404030
2.710000	2.434250
2.711000	5.404030
2.712000	8.379900
2.713000	8.379900
2.714000	8.379900
2.715000	8.379900
2.716000	11.349700
2.717000	8.379900
2.718000	8.379900
2.719000	8.379900
2.720000	8.379900
2.721000	5.404030
2.722000	8.379900
2.723000	8.379900
2.724000	8.379900
2.725000	8.379900
2.726000	2.434250
2.727000	5.404030
2.728000	5.404030
2.729000	8.379900
2.730000	8.379900
2.731000	11.349700
2.732000	8.379900
2.733000	11.349700
2.734000	5.404030
2.735000	8.379900
2.736000	8.379900
2.737000	8.379900
2.738000	8.379900
2.739000	2.434250
2.740000	8.379900
2.741000	5.404030
2.742000	8.379900
2.743000	8.379900
2.744000	8.379900
2.745000	5.404030
2.746000	8.379900
2.747000	5.404030
2.748000	8.379900
2.749000	11.349700
2.750000	8.379900
2.751000	8.379900
2.752000	8.379900
2.753000	5.404030
2.754000	8.379900
2.755000	5.404030
2.756000	5.404030
2.757000	5.404030
2.758000	8.379900
2.759000	11.349700
2.760000	5.404030
2.761000	5.404030
2.762000	5.404030
2.763000	8.379900
2.764000	8.379900
2.765000	8.379900
2.766000	8.379900
2.767000	8.379900
2.768000	5.404030
2.769000	5.404030
2.770000	8.379900
2.771000	8.379900
2.772000	5.404030
2.773000	5.404030
2.774000	5.404030
2.775000	5.404030
2.776000	5.404030
2.777000	5.404030
2.778000	8.379900
2.779000	5.404030
2.780000	8.379900
2.781000	8.379900
2.782000	8.379900
2.783000	5.404030
2.784000	8.379900
2.785000	8.379900
2.786000	8.379900
2.787000	5.404030
2.788000	5.404030
2.789000	8.379900
2.790000	2.434250
2.791000	2.434250
2.792000	5.404030
2.793000	8.379900
2.794000	8.379900
2.795000	2.434250
2.796000	5.404030
2.797000	5.404030
2.798000	8.379900
2.799000	5.404030
2.800000	8.379900
2.801000	5.404030
2.802000	5.404030
2.803000	8.379900
2.804000	5.404030
2.805000	5.404030
2.806000	5.404030
2.807000	5.404030
2.808000	-0.535535
2.809000	5.404030
2.810000	5.404030
2.811000	8.379900
2.812000	8.379900
2.813000	8.379900
2.814000	5.404030
2.815000	5.404030
2.816000	5.404030
2.817000	5.404030
2.818000	5.404030
2.819000	5.404030
2.820000	2.434250
2.821000	5.404030
2.822000	5.404030
2.823000	5.404030
2.824000	5.404030
2.825000	8.379900
2.826000	5.404030
2.827000	5.404030
2.828000	5.404030
2.829000	5.404030
2.830000	5.404030
2.831000	5.404030
2.832000	8.379900
2.833000	8.379900
2.834000	8.379900
2.835000	5.404030
2.836000	5.404030
2.837000	5.404030
2.838000	5.404030
2.839000	5.404030
2.840000	5.404030
2.841000	5.404030
2.842000	5.404030
2.843000	5.404030
2.844000	8.379900
2.845000	5.404030
2.846000	5.404030
2.847000	5.404030
2.848000	8.379900
2.849000	5.404030
2.850000	11.349700
2.851000	5.404030
2.852000	8.379900
2.853000	5.404030
2.854000	5.404030
2.855000	8.379900
2.856000	5.404030
2.857000	5.404030
2.858000	8.379900
2.859000	2.434250
2.860000	8.379900
2.861000	8.379900
2.862000	8.379900
2.863000	2.434250
2.864000	5.404030
2.865000	8.379900
2.866000	5.404030
2.867000	8.379900
2.868000	8.379900
2.869000	8.379900
2.870000	5.404030
2.871000	8.379900
2.872000	5.404030
2.873000	2.434250
2.874000	5.404030
2.875000	5.404030
2.876000	8.379900
2.877000	5.404030
2.878000	5.404030
2.879000	2.434250
2.880000	5.404030
2.881000	5.404030
2.882000	5.404030
2.883000	8.379900
2.884000	8.379900
2.885000	5.404030
2.886000	5.404030
2.887000	8.379900
2.888000	5.404030
2.889000	8.379900
2.890000	5.404030
2.891000	5.404030
2.892000	5.404030
2.893000	5.404030
2.894000	8.379900
2.895000	5.404030
2.896000	8.379900
2.897000	8.379900
2.898000	5.404030
2.899000	5.404030
2.900000	8.379900
2.901000	5.404030
2.902000	5.404030
2.903000	2.434250
2.904000	5.404030
2.905000	5.404030
2.906000	8.379900
2.907000	5.404030
2.908000	5.404030
2.909000	5.404030
2.910000	2.434250
2.911000	8.379900
2.912000	5.404030
2.913000	8.379900
2.914000	8.379900
2.915000	11.349700
2.916000	5.404030
2.917000	5.404030
2.918000	8.379900
2.919000	5.404030
2.920000	8.379900
2.921000	5.404030
2.922000	5.404030
2.923000	2.434250
2.924000	5.404030
2.925000	2.434250
2.926000	5.404030
2.927000	5.404030
2.928000	5.404030
2.929000	5.404030
2.930000	5.404030
2.931000	11.349700
2.932000	8.379900
2.933000	5.404030
2.934000	5.404030
2.935000	8.379900
2.936000	8.379900
2.937000	5.404030
2.938000	5.404030
2.939000	5.404030
2.940000	2.434250
2.941000	5.404030
2.942000	8.379900
2.943000	8.379900
2.944000	5.404030
2.945000	5.404030
2.946000	5.404030
2.947000	5.404030
2.948000	5.404030
2.949000	5.404030
2.950000	8.379900
2.951000	8.379900
2.952000	8.379900
2.953000	2.434250
2.954000	5.404030
2.955000	8.379900
2.956000	2.434250
2.957000	5.404030
2.958000	8.379900
2.959000	8.379900
2.960000	5.404030
2.961000	8.379900
2.962000	5.404030
2.963000	8.379900
2.964000	5.404030
2.965000	8.379900
2.966000	5.404030
2.967000	5.404030
2.968000	5.404030
2.969000	5.404030
2.970000	5.404030
2.971000	5.404030
2.972000	2.434250
2.973000	2.434250
2.974000	2.434250
2.975000	5.404030
2.976000	5.404030
2.977000	5.404030
2.978000	5.404030
2.979000	8.379900
2.980000	8.379900
2.981000	5.404030
2.982000	5.404030
2.983000	2.434250
2.984000	5.404030
2.985000	2.434250
2.986000	8.379900
2.987000	5.404030
2.988000	5.404030
2.989000	2.434250
2.990000	5.404030
2.991000	8.379900
2.992000	5.404030
2.993000	8.379900
2.994000	5.404030
2.995000	8.379900
2.996000	8.379900
2.997000	5.404030
2.998000	8.379900
2.999000	8.379900
3.000000	8.379900
3.001000	8.379900
3.002000	8.379900
3.003000	8.379900
3.004000	5.404030
3.005000	2.434250
3.006000	5.404030
3.007000	5.404030
3.008000	8.379900
3.009000	2.434250
3.010000	5.404030
3.011000	8.379900
3.012000	8.379900
3.013000	8.379900
3.014000	8.379900
3.015000	5.404030
3.016000	5.404030
3.017000	5.404030
3.018000	5.404030
3.019000	5.404030
3.020000	5.404030
3.021000	5.404030
3.022000	5.404030
3.023000	8.379900
3.024000	5.404030
3.025000	5.404030
3.026000	5.404030
3.027000	8.379900
3.028000	8.379900
3.029000	5.404030
3.030000	8.379900
3.031000	8.379900
3.032000	8.379900
3.033000	8.379900
3.034000	5.404030
3.035000	5.404030
3.036000	8.379900
3.037000	5.404030
3.038000	5.404030
3.039000	8.379900
3.040000	5.404030
3.041000	5.404030
3.042000	5.404030
3.043000	8.379900
3.044000	8.379900
3.045000	8.379900
3.046000	2.434250
3.047000	5.404030
3.048000	5.404030
3.049000	8.379900
3.050000	8.379900
3.051000	8.379900
3.052000	8.379900
3.053000	5.404030
3.054000	2.434250
3.055000	5.404030
3.056000	5.404030
3.057000	5.404030
3.058000	5.404030
3.059000	2.434250
3.060000	5.404030
3.061000	8.379900
3.062000	8.379900
3.063000	5.404030
3.064000	5.404030
3.065000	8.379900
3.066000	5.404030
3.067000	5.404030
3.068000	8.379900
3.069000	5.404030
3.070000	8.379900
3.071000	8.379900
3.072000	5.404030
3.073000	5.404030
3.074000	5.404030
3.075000	5.404030
3.076000	8.379900
3.077000	5.404030
3.078000	8.379900
3.079000	5.404030
3.080000	8.379900
3.081000	8.379900
3.082000	8.379900
3.083000	8.379900
3.084000	8.379900
3.085000	5.404030
3.086000	11.349700
3.087000	8.379900
3.088000	5.404030
3.089000	8.379900
3.090000	2.434250
3.091000	2.434250
3.092000	5.404030
3.093000	11.349700
3.094000	5.404030
3.095000	8.379900
3.096000	2.434250
3.097000	8.379900
3.098000	8.379900
3.099000	8.379900
3.100000	8.379900
3.101000	8.379900
3.102000	2.434250
3.103000	5.404030
3.104000	5.404030
3.105000	8.379900
3.106000	5.404030
3.107000	5.404030
3.108000	5.404030
3.109000	8.379900
3.110000	5.404030
3.111000	5.404030
3.112000	2.434250
3.113000	8.379900
3.114000	8.379900
3.115000	8.379900
3.116000	8.379900
3.117000	5.404030
3.118000	8.379900
3.119000	5.404030
3.120000	5.404030
3.121000	2.434250
3.122000	5.404030
3.123000	2.434250
3.124000	5.404030
3.125000	2.434250
3.126000	8.379900
3.127000	5.404030
3.128000	5.404030
3.129000	8.379900
3.130000	5.404030
3.131000	8.379900
3.132000	8.379900
3.133000	5.404030
3.134000	8.379900
3.135000	5.404030
3.136000	2.434250
3.137000	8.379900
3.138000	8.379900
3.139000	5.404030
3.140000	2.434250
3.141000	5.404030
3.142000	2.434250
3.143000	5.404030
3.144000	5.404030
3.145000	8.379900
3.146000	5.404030
3.147000	8.379900
3.148000	8.379900
3.149000	8.379900
3.150000	8.379900
3.151000	5.404030
3.152000	5.404030
3.153000	5.404030
3.154000	8.379900
3.155000	2.434250
3.156000	5.404030
3.157000	5.404030
3.158000	5.404030
3.159000	8.379900
3.160000	5.404030
3.161000	5.404030
3.162000	5.404030
3.163000	5.404030
3.164000	8.379900
3.165000	5.404030
3.166000	8.379900
3.167000	8.379900
3.168000	5.404030
3.169000	2.434250
3.170000	5.404030
3.171000	5.404030
3.172000	8.379900
3.173000	5.404030
3.174000	5.404030
3.175000	5.404030
3.176000	5.404030
3.177000	5.404030
3.178000	5.404030
3.179000	8.379900
3.180000	2.434250
3.181000	5.404030
3.182000	5.404030
3.183000	5.404030
3.184000	8.379900
3.185000	5.404030
3.186000	8.379900
3.187000	8.379900
3.188000	2.434250
3.189000	2.434250
3.190000	5.404030
3.191000	5.404030
3.192000	5.404030
3.193000	8.379900
3.194000	2.434250
3.195000	2.434250
3.196000	8.379900
3.197000	2.434250
3.198000	8.379900
3.199000	8.379900
3.200000	8.379900
3.201000	8.379900
3.202000	5.404030
3.203000	5.404030
3.204000	8.379900
3.205000	5.404030
3.206000	2.434250
3.207000	5.404030
3.208000	5.404030
3.209000	5.404030
3.210000	8.379900
3.211000	8.379900
3.212000	5.404030
3.213000	8.379900
3.214000	5.404030
3.215000	8.379900
3.216000	5.404030
3.217000	8.379900
3.218000	8.379900
3.219000	8.379900
3.220000	5.404030
3.221000	5.404030
3.222000	8.379900
3.223000	5.404030
3.224000	5.404030
3.225000	5.404030
3.226000	8.379900
3.227000	8.379900
3.228000	8.379900
3.229000	5.404030
3.230000	8.379900
3.231000	5.404030
3.232000	8.379900
3.233000	5.404030
3.234000	5.404030
3.235000	8.379900
3.236000	5.404030
3.237000	5.404030
3.238000	8.379900
3.239000	5.404030
3.240000	-0.535535
3.241000	-0.535535
3.242000	5.404030
3.243000	5.404030
3.244000	5.404030
3.245000	5.404030
3.246000	5.404030
3.247000	8.379900
3.248000	8.379900
3.249000	5.404030
3.250000	8.379900
3.251000	8.379900
3.252000	5.404030
3.253000	5.404030
3.254000	5.404030
3.255000	5.404030
3.256000	5.404030
3.257000	8.379900
3.258000	5.404030
3.259000	8.379900
3.260000	5.404030
3.261000	5.404030
3.262000	8.379900
3.263000	11.349700
3.264000	5.404030
3.265000	8.379900
3.266000	8.379900
3.267000	8.379900
3.268000	5.404030
3.269000	5.404030
3.270000	2.434250
3.271000	5.404030
3.272000	5.404030
3.273000	5.404030
3.274000	5.404030
3.275000	5.404030
3.276000	8.379900
3.277000	5.404030
3.278000	2.434250
3.279000	5.404030
3.280000	8.379900
3.281000	8.379900
3.282000	8.379900
3.283000	2.434250
3.284000	5.404030
3.285000	5.404030
3.286000	5.404030
3.287000	8.379900
3.288000	2.434250
3.289000	5.404030
3.290000	5.404030
3.291000	2.434250
3.292000	-0.535535
3.293000	5.404030
3.294000	5.404030
3.295000	8.379900
3.296000	5.404030
3.297000	5.404030
3.298000	8.379900
3.299000	5.404030
3.300000	5.404030
3.301000	5.404030
3.302000	5.404030
3.303000	5.404030
3.304000	5.404030
3.305000	5.404030
3.306000	5.404030
3.307000	2.434250
3.308000	2.434250
3.309000	2.434250
3.310000	8.379900
3.311000	2.434250
3.312000	8.379900
3.313000	5.404030
3.314000	5.404030
3.315000	5.404030
3.316000	5.404030
3.317000	5.404030
3.318000	8.379900
3.319000	-0.535535
3.320000	8.379900
3.321000	2.434250
3.322000	2.434250
3.323000	8.379900
3.324000	2.434250
3.325000	8.379900
3.326000	2.434250
3.327000	8.379900
3.328000	8.379900
3.329000	5.404030
3.330000	8.379900
3.331000	8.379900
3.332000	8.379900
3.333000	5.404030
3.334000	8.379900
3.335000	5.404030
3.336000	-0.535535
3.337000	2.434250
3.338000	5.404030
3.339000	2.434250
3.340000	5.404030
3.341000	5.404030
3.342000	5.404030
3.343000	5.404030
3.344000	8.379900
3.345000	2.434250
3.346000	5.404030
3.347000	8.379900
3.348000	5.404030
3.349000	8.379900
3.350000	2.434250
3.351000	5.404030
3.352000	2.434250
3.353000	2.434250
3.354000	8.379900
3.355000	5.404030
3.356000	5.404030
3.357000	2.434250
3.358000	5.404030
3.359000	2.434250
3.360000	2.434250
3.361000	2.434250
3.362000	2.434250
3.363000	2.434250
3.364000	8.379900
3.365000	5.404030
3.366000	5.404030
3.367000	8.379900
3.368000	5.404030
3.369000	5.404030
3.370000	5.404030
3.371000	8.379900
3.372000	2.434250
3.373000	2.434250
3.374000	5.404030
3.375000	5.404030
3.376000	5.404030
3.377000	2.434250
3.378000	5.404030
3.379000	8.379900
3.380000	5.404030
3.381000	5.404030
3.382000	5.404030
3.383000	5.404030
3.384000	5.404030
3.385000	5.404030
3.386000	5.404030
3.387000	8.379900
3.388000	2.434250
3.389000	5.404030
3.390000	5.404030
3.391000	5.404030
3.392000	2.434250
3.393000	8.379900
3.394000	5.404030
3.395000	5.404030
3.396000	8.379900
3.397000	5.404030
3.398000	8.379900
3.399000	8.379900
3.400000	8.379900
3.401000	5.404030
3.402000	2.434250
3.403000	5.404030
3.404000	2.434250
3.405000	5.404030
3.406000	5.404030
3.407000	5.404030
3.408000	5.404030
3.409000	5.404030
3.410000	2.434250
3.411000	5.404030
3.412000	5.404030
3.413000	5.404030
3.414000	5.404030
3.415000	2.434250
3.416000	11.349700
3.417000	5.404030
3.418000	5.404030
3.419000	8.379900
3.420000	5.404030
3.421000	2.434250
3.422000	2.434250
3.423000	2.434250
3.424000	8.379900
3.425000	5.404030
3.426000	5.404030
3.427000	5.404030
3.428000	5.404030
3.429000	5.404030
3.430000	2.434250
3.431000	8.379900
3.432000	8.379900
3.433000	5.404030
3.434000	5.404030
3.435000	8.379900
3.436000	2.434250
3.437000	5.404030
3.438000	5.404030
3.439000	2.434250
3.440000	5.404030
3.441000	2.434250
3.442000	2.434250
3.443000	5.404030
3.444000	8.379900
3.445000	5.404030
3.446000	5.404030
3.447000	2.434250
3.448000	8.379900
3.449000	8.379900
3.450000	11.349700
3.451000	2.434250
3.452000	5.404030
3.453000	5.404030
3.454000	5.404030
3.455000	5.404030
3.456000	5.404030
3.457000	5.404030
3.458000	2.434250
3.459000	5.404030
3.460000	5.404030
3.461000	2.434250
3.462000	8.379900
3.463000	2.434250
3.464000	5.404030
3.465000	8.379900
3.466000	2.434250
3.467000	5.404030
3.468000	5.404030
3.469000	2.434250
3.470000	5.404030
3.471000	5.404030
3.472000	2.434250
3.473000	5.404030
3.474000	8.379900
3.475000	5.404030
3.476000	5.404030
3.477000	5.404030
3.478000	5.404030
3.479000	5.404030
3.480000	8.379900
3.481000	8.379900
3.482000	8.379900
3.483000	8.379900
3.484000	2.434250
3.485000	8.379900
3.486000	2.434250
3.487000	8.379900
3.488000	5.404030
3.489000	2.434250
3.490000	5.404030
3.491000	5.404030
3.492000	5.404030
3.493000	8.379900
3.494000	2.434250
3.495000	5.404030
3.496000	5.404030
3.497000	2.434250
3.498000	5.404030
3.499000	5.404030
3.500000	8.379900
3.501000	8.379900
3.502000	2.434250
3.503000	5.404030
3.504000	5.404030
3.505000	5.404030
3.506000	5.404030
3.507000	5.404030
3.508000	2.434250
3.509000	5.404030
3.510000	5.404030
3.511000	5.404030
3.512000	5.404030
3.513000	5.404030
3.514000	5.404030
3.515000	5.404030
3.516000	8.379900
3.517000	8.379900
3.518000	-0.535535
3.519000	5.404030
3.520000	5.404030
3.521000	5.404030
3.522000	2.434250
3.523000	5.404030
3.524000	5.404030
3.525000	2.434250
3.526000	5.404030
3.527000	8.379900
3.528000	5.404030
3.529000	5.404030
3.530000	8.379900
3.531000	8.379900
3.532000	8.379900
3.533000	11.349700
3.534000	2.434250
3.535000	2.434250
3.536000	8.379900
3.537000	2.434250
3.538000	2.434250
3.539000	5.404030
3.540000	2.434250
3.541000	5.404030
3.542000	5.404030
3.543000	5.404030
3.544000	2.434250
3.545000	5.404030
3.546000	2.434250
3.547000	8.379900
3.548000	8.379900
3.549000	5.404030
3.550000	5.404030
3.551000	5.404030
3.552000	5.404030
3.553000	5.404030
3.554000	8.379900
3.555000	5.404030
3.556000	2.434250
3.557000	5.404030
3.558000	5.404030
3.559000	5.404030
3.560000	5.404030
3.561000	5.404030
3.562000	5.404030
3.563000	5.404030
3.564000	8.379900
3.565000	5.404030
3.566000	8.379900
3.567000	8.379900
3.568000	5.404030
3.569000	8.379900
3.570000	2.434250
3.571000	8.379900
3.572000	5.404030
3.573000	5.404030
3.574000	5.404030
3.575000	2.434250
3.576000	2.434250
3.577000	2.434250
3.578000	5.404030
3.579000	8.379900
3.580000	8.379900
3.581000	2.434250
3.582000	8.379900
3.583000	2.434250
3.584000	8.379900
3.585000	5.404030
3.586000	8.379900
3.587000	8.379900
3.588000	2.434250
3.589000	2.434250
3.590000	8.379900
3.591000	5.404030
3.592000	5.404030
3.593000	8.379900
3.594000	5.404030
3.595000	5.404030
3.596000	2.434250
3.597000	5.404030
3.598000	5.404030
3.599000	5.404030
3.600000	5.404030
3.601000	5.404030
3.602000	2.434250
3.603000	5.404030
3.604000	5.404030
3.605000	5.404030
3.606000	5.404030
3.607000	5.404030
3.608000	5.404030
3.609000	5.404030
3.610000	5.404030
3.611000	5.404030
3.612000	2.434250
3.613000	5.404030
3.614000	5.404030
3.615000	8.379900
3.616000	5.404030
3.617000	5.404030
3.618000	5.404030
3.619000	5.404030
3.620000	5.404030
3.621000	-0.535535
3.622000	2.434250
3.623000	5.404030
3.624000	5.404030
3.625000	2.434250
3.626000	5.404030
3.627000	5.404030
3.628000	5.404030
3.629000	5.404030
3.630000	2.434250
3.631000	5.404030
3.632000	5.404030
3.633000	5.404030
3.634000	2.434250
3.635000	8.379900
3.636000	2.434250
3.637000	2.434250
3.638000	5.404030
3.639000	2.434250
3.640000	2.434250
3.641000	5.404030
3.642000	5.404030
3.643000	2.434250
3.644000	5.404030
3.645000	5.404030
3.646000	2.434250
3.647000	2.434250
3.648000	2.434250
3.649000	8.379900
3.650000	5.404030
3.651000	2.434250
3.652000	5.404030
3.653000	8.379900
3.654000	2.434250
3.655000	5.404030
3.656000	2.434250
3.657000	5.404030
3.658000	2.434250
3.659000	2.434250
3.660000	5.404030
3.661000	5.404030
3.662000	5.404030
3.663000	5.404030
3.664000	5.404030
3.665000	8.379900
3.666000	2.434250
3.667000	5.404030
3.668000	5.404030
3.669000	2.434250
3.670000	2.434250
3.671000	2.434250
3.672000	5.404030
3.673000	5.404030
3.674000	5.404030
3.675000	5.404030
3.676000	5.404030
3.677000	5.404030
3.678000	2.434250
3.679000	5.404030
3.680000	5.404030
3.681000	5.404030
3.682000	5.404030
3.683000	5.404030
3.684000	5.404030
3.685000	5.404030
3.686000	5.404030
3.687000	2.434250
3.688000	5.404030
3.689000	2.434250
3.690000	5.404030
3.691000	5.404030
3.692000	5.404030
3.693000	8.379900
3.694000	8.379900
3.695000	2.434250
3.696000	5.404030
3.697000	5.404030
3.698000	5.404030
3.699000	8.379900
3.700000	5.404030
3.701000	5.404030
3.702000	2.434250
3.703000	-0.535535
3.704000	8.379900
3.705000	5.404030
3.706000	2.434250
3.707000	2.434250
3.708000	2.434250
3.709000	5.404030
3.710000	5.404030
3.711000	8.379900
3.712000	2.434250
3.713000	5.404030
3.714000	8.379900
3.715000	8.379900
3.716000	5.404030
3.717000	5.404030
3.718000	-0.535535
3.719000	2.434250
3.720000	5.404030
3.721000	5.404030
3.722000	5.404030
3.723000	2.434250
3.724000	5.404030
3.725000	2.434250
3.726000	5.404030
3.727000	5.404030
3.728000	5.404030
3.729000	5.404030
3.730000	2.434250
3.731000	8.379900
3.732000	5.404030
3.733000	5.404030
3.734000	2.434250
3.735000	5.404030
3.736000	5.404030
3.737000	5.404030
3.738000	5.404030
3.739000	5.404030
3.740000	5.404030
3.741000	5.404030
3.742000	5.404030
3.743000	5.404030
3.744000	5.404030
3.745000	2.434250
3.746000	5.404030
3.747000	2.434250
3.748000	5.404030
3.749000	8.379900
3.750000	5.404030
3.751000	5.404030
3.752000	5.404030
3.753000	5.404030
3.754000	5.404030
3.755000	5.404030
3.756000	8.379900
3.757000	2.434250
3.758000	2.434250
3.759000	5.404030
3.760000	2.434250
3.761000	8.379900
3.762000	8.379900
3.763000	2.434250
3.764000	5.404030
3.765000	5.404030
3.766000	5.404030
3.767000	5.404030
3.768000	5.404030
3.769000	2.434250
3.770000	5.404030
3.771000	5.404030
3.772000	2.434250
3.773000	5.404030
3.774000	2.434250
3.775000	5.404030
3.776000	8.379900
3.777000	2.434250
3.778000	8.379900
3.779000	8.379900
3.780000	8.379900
3.781000	8.379900
3.782000	5.404030
3.783000	8.379900
3.784000	5.404030
3.785000	5.404030
3.786000	5.404030
3.787000	2.434250
3.788000	2.434250
3.789000	-0.535535
3.790000	5.404030
3.791000	2.434250
3.792000	5.404030
3.793000	5.404030
3.794000	5.404030
3.795000	2.434250
3.796000	2.434250
3.797000	2.434250
3.798000	5.404030
3.799000	5.404030
3.800000	2.434250
3.801000	2.434250
3.802000	8.379900
3.803000	5.404030
3.804000	8.379900
3.805000	5.404030
3.806000	2.434250
3.807000	8.379900
3.808000	5.404030
3.809000	2.434250
3.810000	2.434250
3.811000	5.404030
3.812000	5.404030
3.813000	5.404030
3.814000	8.379900
3.815000	8.379900
3.816000	8.379900
3.817000	8.379900
3.818000	11.349700
3.819000	5.404030
3.820000	5.404030
3.821000	5.404030
3.822000	2.434250
3.823000	2.434250
3.824000	5.404030
3.825000	5.404030
3.826000	5.404030
3.827000	5.404030
3.828000	5.404030
3.829000	2.434250
3.830000	5.404030
3.831000	2.434250
3.832000	5.404030
3.833000	2.434250
3.834000	5.404030
3.835000	8.379900
3.836000	5.404030
3.837000	5.404030
3.838000	8.379900
3.839000	2.434250
3.840000	2.434250
3.841000	5.404030
3.842000	2.434250
3.843000	5.404030
3.844000	2.434250
3.845000	8.379900
3.846000	5.404030
3.847000	2.434250
3.848000	8.379900
3.849000	2.434250
3.850000	8.379900
3.851000	5.404030
3.852000	2.434250
3.853000	8.379900
3.854000	8.379900
3.855000	5.404030
3.856000	5.404030
3.857000	5.404030
3.858000	2.434250
3.859000	5.404030
3.860000	5.404030
3.861000	5.404030
3.862000	5.404030
3.863000	8.379900
3.864000	5.404030
3.865000	5.404030
3.866000	2.434250
3.867000	5.404030
3.868000	5.404030
3.869000	5.404030
3.870000	5.404030
3.871000	8.379900
3.872000	8.379900
3.873000	2.434250
3.874000	2.434250
3.875000	2.434250
3.876000	5.404030
3.877000	5.404030
3.878000	5.404030
3.879000	5.404030
3.880000	8.379900
3.881000	5.404030
3.882000	8.379900
3.883000	5.404030
3.884000	5.404030
3.885000	2.434250
3.886000	2.434250
3.887000	2.434250
3.888000	2.434250
3.889000	8.379900
3.890000	5.404030
3.891000	5.404030
3.892000	8.379900
3.893000	8.379900
3.894000	8.379900
3.895000	5.404030
3.896000	8.379900
3.897000	8.379900
3.898000	5.404030
3.899000	8.379900
3.900000	5.404030
3.901000	5.404030
3.902000	5.404030
3.903000	2.434250
3.904000	8.379900
3.905000	8.379900
3.906000	5.404030
3.907000	5.404030
3.908000	5.404030
3.909000	5.404030
3.910000	5.404030
3.911000	8.379900
3.912000	2.434250
3.913000	8.379900
3.914000	5.404030
3.915000	5.404030
3.916000	5.404030
3.917000	8.379900
3.918000	5.404030
3.919000	2.434250
3.920000	5.404030
3.921000	5.404030
3.922000	2.434250
3.923000	5.404030
3.924000	2.434250
3.925000	2.434250
3.926000	2.434250
3.927000	2.434250
3.928000	2.434250
3.929000	5.404030
3.930000	5.404030
3.931000	5.404030
3.932000	5.404030
3.933000	8.379900
3.934000	5.404030
3.935000	2.434250
3.936000	8.379900
3.937000	5.404030
3.938000	2.434250
3.939000	-0.535535
3.940000	5.404030
3.941000	5.404030
3.942000	2.434250
3.943000	5.404030
3.944000	5.404030
3.945000	2.434250
3.946000	5.404030
3.947000	5.404030
3.948000	2.434250
3.949000	5.404030
3.950000	5.404030
3.951000	11.349700
3.952000	2.434250
3.953000	5.404030
3.954000	5.404030
3.955000	5.404030
3.956000	5.404030
3.957000	2.434250
3.958000	8.379900
3.959000	8.379900
3.960000	5.404030
3.961000	2.434250
3.962000	5.404030
3.963000	5.404030
3.964000	5.404030
3.965000	8.379900
3.966000	2.434250
3.967000	8.379900
3.968000	8.379900
3.969000	2.434250
3.970000	5.404030
3.971000	5.404030
3.972000	2.434250
3.973000	2.434250
3.974000	2.434250
3.975000	5.404030
3.976000	2.434250
3.977000	8.379900
3.978000	2.434250
3.979000	5.404030
3.980000	5.404030
3.981000	5.404030
3.982000	2.434250
3.983000	2.434250
3.984000	8.379900
3.985000	5.404030
3.986000	5.404030
3.987000	2.434250
3.988000	5.404030
3.989000	5.404030
3.990000	-3.511400
3.991000	2.434250
3.992000	5.404030
3.993000	5.404030
3.994000	8.379900
3.995000	5.404030
3.996000	5.404030
3.997000	2.434250
3.998000	8.379900
3.999000	5.404030
