17.299999	1.510000
17.299999	1.570000
17.299999	1.570000
17.299999	1.510000
17.299999	1.510000
17.299999	1.380000
17.400000	1.880000
17.400000	0.440000
17.400000	-2.580000
17.700001	-3.460000
18.200001	-2.580000
19.100000	-0.062800
21.299999	6.030000
22.299999	10.600000
23.100000	11.200000
24.000000	9.300000
24.400000	7.600000
25.000000	5.840000
25.299999	5.210000
25.600000	5.150000
26.100000	5.280000
26.500000	5.150000
27.200001	5.840000
27.200001	6.720000
28.500000	7.290000
29.100000	8.230000
29.700001	8.980000
30.100000	9.550000
30.700001	9.800000
31.100000	9.550000
31.600000	9.110000
31.900000	9.170000
32.400002	9.800000
33.000000	9.800000
33.500000	10.700000
34.000000	11.800000
34.700001	12.600000
35.200001	13.300000
35.799999	14.600000
36.400002	15.700000
37.000000	16.799999
37.599998	17.299999
38.299999	17.400000
38.900002	18.500000
39.400002	20.000000
40.200001	21.500000
40.799999	22.400000
41.400002	23.000000
42.000000	23.400000
42.700001	24.000000
43.400002	25.400000
44.099998	26.299999
44.799999	27.000000
45.400002	26.799999
46.000000	27.000000
46.599998	26.799999
47.400002	27.000000
48.099998	28.000000
48.599998	28.700001
49.200001	29.100000
49.900002	28.500000
50.500000	28.100000
51.000000	28.400000
51.599998	28.700001
52.200001	28.900000
52.799999	28.799999
53.299999	28.299999
53.900002	27.799999
54.400002	28.000000
54.900002	28.100000
55.500000	28.000000
56.000000	27.600000
56.599998	27.500000
57.099998	27.799999
57.500000	28.100000
57.500000	28.100000
58.400002	27.799999
59.000000	27.500000
59.400002	26.700001
59.900002	27.799999
60.500000	28.200001
61.099998	27.500000
61.599998	27.000000
61.599998	27.500000
62.700001	28.600000
63.299999	29.799999
63.700001	30.400000
64.199997	30.500000
64.300003	30.500000
64.900002	31.200001
65.300003	32.200001
65.699997	33.200001
65.800003	36.099998
65.800003	37.299999
65.800003	34.500000
65.800003	32.900002
65.900002	33.200001
65.900002	35.299999
65.800003	36.500000
65.800003	36.599998
65.900002	34.900002
65.900002	31.900000
65.900002	30.799999
65.900002	31.200001
65.900002	30.500000
65.900002	29.000000
65.900002	26.900000
65.900002	24.600000
65.900002	22.500000
