-0.500000	1.469280
-0.499000	1.532070
-0.498000	1.532070
-0.497000	1.469280
-0.496000	1.532070
-0.495000	1.469280
-0.494000	1.469280
-0.493000	1.532070
-0.492000	1.469280
-0.491000	1.469280
-0.490000	1.532070
-0.489000	1.469280
-0.488000	1.469280
-0.487000	1.532070
-0.486000	1.594860
-0.485000	1.532070
-0.484000	1.532070
-0.483000	1.532070
-0.482000	1.532070
-0.481000	1.594860
-0.480000	1.532070
-0.479000	1.532070
-0.478000	1.406360
-0.477000	1.594860
-0.476000	1.532070
-0.475000	1.469280
-0.474000	1.406360
-0.473000	1.532070
-0.472000	1.469280
-0.471000	1.532070
-0.470000	1.406360
-0.469000	1.469280
-0.468000	1.532070
-0.467000	1.532070
-0.466000	1.532070
-0.465000	1.532070
-0.464000	1.469280
-0.463000	1.469280
-0.462000	1.469280
-0.461000	1.469280
-0.460000	1.532070
-0.459000	1.594860
-0.458000	1.469280
-0.457000	1.469280
-0.456000	1.469280
-0.455000	1.469280
-0.454000	1.406360
-0.453000	1.469280
-0.452000	1.406360
-0.451000	1.469280
-0.450000	1.406360
-0.449000	1.469280
-0.448000	1.469280
-0.447000	1.469280
-0.446000	1.532070
-0.445000	1.532070
-0.444000	1.469280
-0.443000	1.469280
-0.442000	1.469280
-0.441000	1.532070
-0.440000	1.406360
-0.439000	1.532070
-0.438000	1.469280
-0.437000	1.406360
-0.436000	1.469280
-0.435000	1.469280
-0.434000	1.469280
-0.433000	1.532070
-0.432000	1.469280
-0.431000	1.469280
-0.430000	1.469280
-0.429000	1.532070
-0.428000	1.469280
-0.427000	1.532070
-0.426000	1.532070
-0.425000	1.469280
-0.424000	1.469280
-0.423000	1.532070
-0.422000	1.469280
-0.421000	1.469280
-0.420000	1.469280
-0.419000	1.532070
-0.418000	1.469280
-0.417000	1.469280
-0.416000	1.532070
-0.415000	1.469280
-0.414000	1.469280
-0.413000	1.469280
-0.412000	1.406360
-0.411000	1.532070
-0.410000	1.532070
-0.409000	1.469280
-0.408000	1.469280
-0.407000	1.469280
-0.406000	1.469280
-0.405000	1.469280
-0.404000	1.469280
-0.403000	1.469280
-0.402000	1.469280
-0.401000	1.469280
-0.400000	1.469280
-0.399000	1.532070
-0.398000	1.532070
-0.397000	1.532070
-0.396000	1.532070
-0.395000	1.469280
-0.394000	1.469280
-0.393000	1.469280
-0.392000	1.469280
-0.391000	1.469280
-0.390000	1.469280
-0.389000	1.469280
-0.388000	1.532070
-0.387000	1.469280
-0.386000	1.532070
-0.385000	1.406360
-0.384000	1.532070
-0.383000	1.469280
-0.382000	1.532070
-0.381000	1.532070
-0.380000	1.469280
-0.379000	1.532070
-0.378000	1.532070
-0.377000	1.532070
-0.376000	1.594860
-0.375000	1.469280
-0.374000	1.469280
-0.373000	1.532070
-0.372000	1.469280
-0.371000	1.532070
-0.370000	1.532070
-0.369000	1.469280
-0.368000	1.469280
-0.367000	1.469280
-0.366000	1.532070
-0.365000	1.469280
-0.364000	1.469280
-0.363000	1.532070
-0.362000	1.469280
-0.361000	1.469280
-0.360000	1.469280
-0.359000	1.532070
-0.358000	1.406360
-0.357000	1.469280
-0.356000	1.469280
-0.355000	1.469280
-0.354000	1.532070
-0.353000	1.532070
-0.352000	1.532070
-0.351000	1.469280
-0.350000	1.532070
-0.349000	1.469280
-0.348000	1.532070
-0.347000	1.469280
-0.346000	1.469280
-0.345000	1.532070
-0.344000	1.594860
-0.343000	1.532070
-0.342000	1.469280
-0.341000	1.532070
-0.340000	1.469280
-0.339000	1.532070
-0.338000	1.406360
-0.337000	1.469280
-0.336000	1.532070
-0.335000	1.406360
-0.334000	1.469280
-0.333000	1.406360
-0.332000	1.594860
-0.331000	1.532070
-0.330000	1.532070
-0.329000	1.469280
-0.328000	1.532070
-0.327000	1.532070
-0.326000	1.469280
-0.325000	1.469280
-0.324000	1.469280
-0.323000	1.532070
-0.322000	1.469280
-0.321000	1.469280
-0.320000	1.469280
-0.319000	1.469280
-0.318000	1.469280
-0.317000	1.532070
-0.316000	1.469280
-0.315000	1.469280
-0.314000	1.594860
-0.313000	1.532070
-0.312000	1.594860
-0.311000	1.532070
-0.310000	1.469280
-0.309000	1.532070
-0.308000	1.532070
-0.307000	1.469280
-0.306000	1.532070
-0.305000	1.406360
-0.304000	1.469280
-0.303000	1.469280
-0.302000	1.469280
-0.301000	1.469280
-0.300000	1.469280
-0.299000	1.469280
-0.298000	1.469280
-0.297000	1.532070
-0.296000	1.469280
-0.295000	1.469280
-0.294000	1.406360
-0.293000	1.532070
-0.292000	1.406360
-0.291000	1.469280
-0.290000	1.469280
-0.289000	1.469280
-0.288000	1.469280
-0.287000	1.532070
-0.286000	1.532070
-0.285000	1.406360
-0.284000	1.406360
-0.283000	1.532070
-0.282000	1.469280
-0.281000	1.469280
-0.280000	1.532070
-0.279000	1.469280
-0.278000	1.469280
-0.277000	1.532070
-0.276000	1.532070
-0.275000	1.469280
-0.274000	1.532070
-0.273000	1.469280
-0.272000	1.532070
-0.271000	1.469280
-0.270000	1.469280
-0.269000	1.469280
-0.268000	1.469280
-0.267000	1.532070
-0.266000	1.532070
-0.265000	1.532070
-0.264000	1.406360
-0.263000	1.532070
-0.262000	1.532070
-0.261000	1.469280
-0.260000	1.469280
-0.259000	1.532070
-0.258000	1.532070
-0.257000	1.469280
-0.256000	1.406360
-0.255000	1.469280
-0.254000	1.469280
-0.253000	1.469280
-0.252000	1.469280
-0.251000	1.469280
-0.250000	1.469280
-0.249000	1.532070
-0.248000	1.469280
-0.247000	1.469280
-0.246000	1.469280
-0.245000	1.469280
-0.244000	1.469280
-0.243000	1.469280
-0.242000	1.469280
-0.241000	1.469280
-0.240000	1.469280
-0.239000	1.532070
-0.238000	1.469280
-0.237000	1.469280
-0.236000	1.532070
-0.235000	1.469280
-0.234000	1.406360
-0.233000	1.532070
-0.232000	1.532070
-0.231000	1.469280
-0.230000	1.469280
-0.229000	1.469280
-0.228000	1.532070
-0.227000	1.406360
-0.226000	1.532070
-0.225000	1.469280
-0.224000	1.532070
-0.223000	1.469280
-0.222000	1.469280
-0.221000	1.469280
-0.220000	1.532070
-0.219000	1.469280
-0.218000	1.469280
-0.217000	1.469280
-0.216000	1.469280
-0.215000	1.469280
-0.214000	1.469280
-0.213000	1.532070
-0.212000	1.532070
-0.211000	1.469280
-0.210000	1.469280
-0.209000	1.532070
-0.208000	1.532070
-0.207000	1.406360
-0.206000	1.532070
-0.205000	1.469280
-0.204000	1.469280
-0.203000	1.532070
-0.202000	1.469280
-0.201000	1.532070
-0.200000	1.469280
-0.199000	1.532070
-0.198000	1.469280
-0.197000	1.469280
-0.196000	1.594860
-0.195000	1.469280
-0.194000	1.469280
-0.193000	1.469280
-0.192000	1.532070
-0.191000	1.469280
-0.190000	1.532070
-0.189000	1.406360
-0.188000	1.469280
-0.187000	1.469280
-0.186000	1.594860
-0.185000	1.532070
-0.184000	1.469280
-0.183000	1.469280
-0.182000	1.469280
-0.181000	1.532070
-0.180000	1.469280
-0.179000	1.406360
-0.178000	1.469280
-0.177000	1.532070
-0.176000	1.594860
-0.175000	1.532070
-0.174000	1.532070
-0.173000	1.406360
-0.172000	1.469280
-0.171000	1.469280
-0.170000	1.469280
-0.169000	1.469280
-0.168000	1.406360
-0.167000	1.469280
-0.166000	1.469280
-0.165000	1.469280
-0.164000	1.469280
-0.163000	1.469280
-0.162000	1.469280
-0.161000	1.469280
-0.160000	1.532070
-0.159000	1.406360
-0.158000	1.406360
-0.157000	1.406360
-0.156000	1.532070
-0.155000	1.343570
-0.154000	1.532070
-0.153000	1.532070
-0.152000	1.469280
-0.151000	1.469280
-0.150000	1.532070
-0.149000	1.469280
-0.148000	1.532070
-0.147000	1.469280
-0.146000	1.532070
-0.145000	1.469280
-0.144000	1.469280
-0.143000	1.469280
-0.142000	1.469280
-0.141000	1.469280
-0.140000	1.469280
-0.139000	1.532070
-0.138000	1.532070
-0.137000	1.532070
-0.136000	1.594860
-0.135000	1.406360
-0.134000	1.406360
-0.133000	1.532070
-0.132000	1.469280
-0.131000	1.594860
-0.130000	1.406360
-0.129000	1.532070
-0.128000	1.532070
-0.127000	1.469280
-0.126000	1.594860
-0.125000	1.469280
-0.124000	1.469280
-0.123000	1.469280
-0.122000	1.406360
-0.121000	1.469280
-0.120000	1.532070
-0.119000	1.469280
-0.118000	1.469280
-0.117000	1.469280
-0.116000	1.469280
-0.115000	1.469280
-0.114000	1.469280
-0.113000	1.469280
-0.112000	1.469280
-0.111000	1.469280
-0.110000	1.532070
-0.109000	1.469280
-0.108000	1.469280
-0.107000	1.469280
-0.106000	1.406360
-0.105000	1.406360
-0.104000	1.406360
-0.103000	1.469280
-0.102000	1.469280
-0.101000	1.532070
-0.100000	1.469280
-0.099000	1.469280
-0.098000	1.532070
-0.097000	1.469280
-0.096000	1.532070
-0.095000	1.532070
-0.094000	1.469280
-0.093000	1.532070
-0.092000	1.469280
-0.091000	1.532070
-0.090000	1.469280
-0.089000	1.532070
-0.088000	1.469280
-0.087000	1.532070
-0.086000	1.532070
-0.085000	1.594860
-0.084000	1.532070
-0.083000	1.532070
-0.082000	1.594860
-0.081000	1.532070
-0.080000	1.594860
-0.079000	1.469280
-0.078000	1.532070
-0.077000	1.594860
-0.076000	1.532070
-0.075000	1.469280
-0.074000	1.469280
-0.073000	1.469280
-0.072000	1.469280
-0.071000	1.469280
-0.070000	1.469280
-0.069000	1.469280
-0.068000	1.469280
-0.067000	1.469280
-0.066000	1.469280
-0.065000	1.469280
-0.064000	1.469280
-0.063000	1.469280
-0.062000	1.406360
-0.061000	1.280780
-0.060000	1.469280
-0.059000	1.469280
-0.058000	1.406360
-0.057000	1.406360
-0.056000	1.406360
-0.055000	1.343570
-0.054000	1.280780
-0.053000	1.343570
-0.052000	1.343570
-0.051000	1.343570
-0.050000	1.343570
-0.049000	1.343570
-0.048000	1.657780
-0.047000	1.594860
-0.046000	1.343570
-0.045000	1.783370
-0.044000	1.846160
-0.043000	1.971870
-0.042000	1.532070
-0.041000	1.720580
-0.040000	1.406360
-0.039000	1.217990
-0.038000	1.029490
-0.037000	0.966698
-0.036000	0.401193
-0.035000	-0.101392
-0.034000	-0.478395
-0.033000	-0.604106
-0.032000	-1.169480
-0.031000	-1.546480
-0.030000	-2.049070
-0.029000	-2.363150
-0.028000	-2.614570
-0.027000	-2.991450
-0.026000	-2.991450
-0.025000	-3.305660
-0.024000	-3.556950
-0.023000	-3.682540
-0.022000	-3.745460
-0.021000	-3.494030
-0.020000	-3.494030
-0.019000	-3.556950
-0.018000	-3.431240
-0.017000	-3.305660
-0.016000	-3.179950
-0.015000	-2.991450
-0.014000	-2.928660
-0.013000	-2.677370
-0.012000	-2.614570
-0.011000	-2.551650
-0.010000	-2.426070
-0.009000	-2.174780
-0.008000	-1.797780
-0.007000	-1.483570
-0.006000	-1.043900
-0.005000	-0.415604
-0.004000	-0.101392
-0.003000	0.589695
-0.002000	1.469280
-0.001000	2.348870
0.000000	3.039960
0.001000	3.668250
0.002000	4.359340
0.003000	5.176010
0.004000	5.992810
0.005000	6.683890
0.006000	7.374980
0.007000	8.191780
0.008000	8.757150
0.009000	9.385450
0.010000	9.825240
0.011000	10.390700
0.012000	10.579200
0.013000	10.956100
0.014000	11.081800
0.015000	11.333100
0.016000	11.333100
0.017000	11.333100
0.018000	11.395900
0.019000	11.270300
0.020000	11.144600
0.021000	10.956100
0.022000	10.704800
0.023000	10.516300
0.024000	10.265000
0.025000	10.013700
0.026000	9.699660
0.027000	9.511160
0.028000	9.259870
0.029000	9.071360
0.030000	8.820070
0.031000	8.505860
0.032000	8.254570
0.033000	8.066060
0.034000	7.814770
0.035000	7.689190
0.036000	7.563480
0.037000	7.374980
0.038000	7.123690
0.039000	6.872390
0.040000	6.683890
0.041000	6.369810
0.042000	6.244100
0.043000	6.055600
0.044000	5.804300
0.045000	5.615800
0.046000	5.553010
0.047000	5.364510
0.048000	5.364510
0.049000	5.176010
0.050000	5.238930
0.051000	5.301720
0.052000	5.176010
0.053000	5.238930
0.054000	5.113220
0.055000	5.113220
0.056000	5.176010
0.057000	5.113220
0.058000	5.238930
0.059000	5.113220
0.060000	5.113220
0.061000	5.113220
0.062000	5.176010
0.063000	5.176010
0.064000	5.238930
0.065000	5.238930
0.066000	5.176010
0.067000	5.238930
0.068000	5.238930
0.069000	5.113220
0.070000	5.113220
0.071000	5.050430
0.072000	5.050430
0.073000	5.050430
0.074000	5.176010
0.075000	5.113220
0.076000	5.113220
0.077000	5.176010
0.078000	5.176010
0.079000	5.364510
0.080000	5.427300
0.081000	5.490220
0.082000	5.678720
0.083000	5.741510
0.084000	5.804300
0.085000	5.992810
0.086000	6.118520
0.087000	6.244100
0.088000	6.369810
0.089000	6.306890
0.090000	6.495390
0.091000	6.558310
0.092000	6.683890
0.093000	6.746680
0.094000	6.809600
0.095000	6.809600
0.096000	6.872390
0.097000	7.123690
0.098000	7.123690
0.099000	7.060890
0.100000	7.249400
0.101000	7.249400
0.102000	7.437770
0.103000	7.500690
0.104000	7.689190
0.105000	7.751980
0.106000	7.940480
0.107000	8.066060
0.108000	8.191780
0.109000	8.317360
0.110000	8.380280
0.111000	8.443070
0.112000	8.568780
0.113000	8.820070
0.114000	8.757150
0.115000	8.757150
0.116000	8.945650
0.117000	9.071360
0.118000	9.196950
0.119000	9.259870
0.120000	9.322660
0.121000	9.322660
0.122000	9.385450
0.123000	9.511160
0.124000	9.511160
0.125000	9.448240
0.126000	9.511160
0.127000	9.636740
0.128000	9.573950
0.129000	9.573950
0.130000	9.636740
0.131000	9.699660
0.132000	9.762450
0.133000	9.699660
0.134000	9.636740
0.135000	9.636740
0.136000	9.573950
0.137000	9.573950
0.138000	9.511160
0.139000	9.448240
0.140000	9.511160
0.141000	9.448240
0.142000	9.322660
0.143000	9.196950
0.144000	9.196950
0.145000	9.134150
0.146000	9.008570
0.147000	9.071360
0.148000	9.071360
0.149000	9.008570
0.150000	9.008570
0.151000	8.945650
0.152000	9.008570
0.153000	9.008570
0.154000	9.008570
0.155000	9.134150
0.156000	9.134150
0.157000	9.196950
0.158000	9.259870
0.159000	9.259870
0.160000	9.259870
0.161000	9.385450
0.162000	9.448240
0.163000	9.636740
0.164000	9.762450
0.165000	9.762450
0.166000	9.888030
0.167000	10.013700
0.168000	9.950950
0.169000	9.950950
0.170000	9.888030
0.171000	9.950950
0.172000	9.762450
0.173000	9.888030
0.174000	10.013700
0.175000	10.076500
0.176000	10.202200
0.177000	10.327800
0.178000	10.327800
0.179000	10.516300
0.180000	10.704800
0.181000	10.767600
0.182000	11.019000
0.183000	11.081800
0.184000	11.270300
0.185000	11.395900
0.186000	11.521600
0.187000	11.710100
0.188000	11.772900
0.189000	11.835700
0.190000	12.087000
0.191000	12.149900
0.192000	12.275500
0.193000	12.275500
0.194000	12.464000
0.195000	12.589700
0.196000	12.589700
0.197000	12.652500
0.198000	12.778100
0.199000	12.778100
0.200000	12.841000
0.201000	12.903800
0.202000	12.903800
0.203000	13.092300
0.204000	13.217900
0.205000	13.343600
0.206000	13.594900
0.207000	13.657700
0.208000	13.909000
0.209000	14.160400
0.210000	14.286000
0.211000	14.411700
0.212000	14.600200
0.213000	14.788600
0.214000	14.914300
0.215000	15.040000
0.216000	15.165600
0.217000	15.165600
0.218000	15.416900
0.219000	15.605400
0.220000	15.668100
0.221000	15.793900
0.222000	15.982400
0.223000	16.296400
0.224000	16.610701
0.225000	16.673401
0.226000	16.547701
0.227000	16.610701
0.228000	16.799000
0.229000	16.924700
0.230000	16.924700
0.231000	16.861900
0.232000	16.924700
0.233000	17.113199
0.234000	17.050400
0.235000	17.050400
0.236000	17.238800
0.237000	17.113199
0.238000	17.176001
0.239000	17.113199
0.240000	17.113199
0.241000	17.176001
0.242000	17.238800
0.243000	17.301701
0.244000	17.364500
0.245000	17.490101
0.246000	17.552999
0.247000	17.741501
0.248000	17.804300
0.249000	18.055599
0.250000	18.118401
0.251000	18.369699
0.252000	18.495399
0.253000	18.683901
0.254000	18.746700
0.255000	18.935200
0.256000	19.123699
0.257000	19.375000
0.258000	19.437799
0.259000	19.626301
0.260000	19.940399
0.261000	20.066099
0.262000	20.254601
0.263000	20.568701
0.264000	20.694401
0.265000	21.008499
0.266000	21.197001
0.267000	21.322701
0.268000	21.511101
0.269000	21.699600
0.270000	21.888100
0.271000	21.950800
0.272000	22.076599
0.273000	22.139299
0.274000	22.390600
0.275000	22.390600
0.276000	22.390600
0.277000	22.453600
0.278000	22.642099
0.279000	22.642099
0.280000	22.767599
0.281000	22.767599
0.282000	22.830400
0.283000	22.830400
0.284000	22.956100
0.285000	23.081900
0.286000	23.018900
0.287000	23.144600
0.288000	23.207399
0.289000	23.270201
0.290000	23.333099
0.291000	23.395901
0.292000	23.333099
0.293000	23.395901
0.294000	23.458700
0.295000	23.521500
0.296000	23.584400
0.297000	23.709999
0.298000	23.835699
0.299000	23.772900
0.300000	23.961300
0.301000	24.149799
0.302000	24.275499
0.303000	24.464001
0.304000	24.652500
0.305000	24.840900
0.306000	24.840900
0.307000	25.092300
0.308000	25.343599
0.309000	25.469200
0.310000	25.532000
0.311000	25.720501
0.312000	26.034700
0.313000	26.160299
0.314000	26.411600
0.315000	26.097500
0.316000	26.285999
0.317000	26.474501
0.318000	26.600100
0.319000	26.725800
0.320000	26.788601
0.321000	26.851400
0.322000	26.977100
0.323000	27.039900
0.324000	26.977100
0.325000	26.914301
0.326000	26.977100
0.327000	27.165600
0.328000	27.102800
0.329000	26.914301
0.330000	26.851400
0.331000	26.788601
0.332000	26.788601
0.333000	26.788601
0.334000	26.851400
0.335000	26.914301
0.336000	26.851400
0.337000	26.851400
0.338000	26.851400
0.339000	26.914301
0.340000	26.914301
0.341000	26.725800
0.342000	26.788601
0.343000	26.725800
0.344000	26.663000
0.345000	26.788601
0.346000	27.039900
0.347000	26.914301
0.348000	26.725800
0.349000	26.788601
0.350000	27.228399
0.351000	26.977100
0.352000	26.851400
0.353000	27.102800
0.354000	27.354099
0.355000	27.165600
0.356000	26.977100
0.357000	27.039900
0.358000	27.228399
0.359000	27.416901
0.360000	27.479700
0.361000	27.542500
0.362000	27.731001
0.363000	27.919500
0.364000	27.982300
0.365000	28.170799
0.366000	28.296499
0.367000	28.359301
0.368000	28.359301
0.369000	28.547800
0.370000	28.736300
0.371000	28.673500
0.372000	28.673500
0.373000	28.736300
0.374000	28.736300
0.375000	28.799000
0.376000	28.861799
0.377000	28.924801
0.378000	28.987499
0.379000	28.924801
0.380000	29.050301
0.381000	29.113300
0.382000	28.861799
0.383000	28.861799
0.384000	28.861799
0.385000	28.736300
0.386000	28.610500
0.387000	28.422001
0.388000	28.422001
0.389000	28.359301
0.390000	28.108000
0.391000	28.108000
0.392000	28.108000
0.393000	28.045200
0.394000	27.982300
0.395000	27.982300
0.396000	28.045200
0.397000	27.919500
0.398000	27.856701
0.399000	27.919500
0.400000	28.170799
0.401000	28.170799
0.402000	28.108000
0.403000	28.170799
0.404000	28.359301
0.405000	28.422001
0.406000	28.485001
0.407000	28.547800
0.408000	28.610500
0.409000	28.547800
0.410000	28.673500
0.411000	28.736300
0.412000	28.673500
0.413000	28.799000
0.414000	28.924801
0.415000	28.799000
0.416000	28.861799
0.417000	28.861799
0.418000	28.861799
0.419000	28.861799
0.420000	28.861799
0.421000	28.861799
0.422000	28.861799
0.423000	28.924801
0.424000	28.924801
0.425000	28.924801
0.426000	28.861799
0.427000	28.799000
0.428000	28.799000
0.429000	28.861799
0.430000	28.736300
0.431000	28.736300
0.432000	28.547800
0.433000	28.485001
0.434000	28.296499
0.435000	28.359301
0.436000	28.233700
0.437000	28.233700
0.438000	28.108000
0.439000	27.919500
0.440000	27.919500
0.441000	27.919500
0.442000	27.919500
0.443000	27.856701
0.444000	27.793900
0.445000	27.919500
0.446000	27.856701
0.447000	27.919500
0.448000	27.793900
0.449000	27.856701
0.450000	27.856701
0.451000	27.793900
0.452000	27.919500
0.453000	27.919500
0.454000	27.982300
0.455000	27.982300
0.456000	27.919500
0.457000	27.982300
0.458000	27.919500
0.459000	27.982300
0.460000	28.108000
0.461000	28.170799
0.462000	28.108000
0.463000	28.108000
0.464000	28.170799
0.465000	28.170799
0.466000	28.045200
0.467000	28.108000
0.468000	27.919500
0.469000	27.919500
0.470000	27.856701
0.471000	27.731001
0.472000	27.856701
0.473000	27.793900
0.474000	27.731001
0.475000	27.731001
0.476000	27.605400
0.477000	27.668200
0.478000	27.542500
0.479000	27.479700
0.480000	27.542500
0.481000	27.542500
0.482000	27.479700
0.483000	27.479700
0.484000	27.479700
0.485000	27.605400
0.486000	27.542500
0.487000	27.605400
0.488000	27.668200
0.489000	27.605400
0.490000	27.668200
0.491000	27.668200
0.492000	27.731001
0.493000	27.856701
0.494000	27.856701
0.495000	27.919500
0.496000	27.982300
0.497000	28.108000
0.498000	28.045200
0.499000	28.108000
0.500000	28.108000
0.501000	28.045200
0.502000	28.108000
0.503000	28.233700
0.504000	28.108000
0.505000	27.982300
0.506000	28.045200
0.507000	28.170799
0.508000	28.045200
0.509000	27.919500
0.510000	27.982300
0.511000	27.982300
0.512000	27.919500
0.513000	27.919500
0.514000	27.793900
0.515000	27.793900
0.516000	27.731001
0.517000	27.793900
0.518000	27.793900
0.519000	27.856701
0.520000	27.793900
0.521000	27.856701
0.522000	27.731001
0.523000	27.731001
0.524000	27.479700
0.525000	27.416901
0.526000	27.165600
0.527000	27.165600
0.528000	26.977100
0.529000	26.851400
0.530000	26.788601
0.531000	26.788601
0.532000	26.663000
0.533000	26.663000
0.534000	26.914301
0.535000	27.102800
0.536000	27.165600
0.537000	27.039900
0.538000	27.291201
0.539000	27.542500
0.540000	27.731001
0.541000	27.793900
0.542000	27.919500
0.543000	28.108000
0.544000	28.108000
0.545000	28.296499
0.546000	27.982300
0.547000	28.045200
0.548000	28.170799
0.549000	28.296499
0.550000	28.108000
0.551000	27.982300
0.552000	27.982300
0.553000	27.982300
0.554000	27.731001
0.555000	27.605400
0.556000	27.416901
0.557000	27.354099
0.558000	27.291201
0.559000	27.102800
0.560000	26.977100
0.561000	26.977100
0.562000	26.788601
0.563000	26.788601
0.564000	26.914301
0.565000	26.914301
0.566000	26.914301
0.567000	26.914301
0.568000	27.102800
0.569000	27.291201
0.570000	27.228399
0.571000	27.416901
0.572000	27.479700
0.573000	27.668200
0.574000	27.731001
0.575000	27.668200
0.576000	27.856701
0.577000	28.108000
0.578000	28.296499
0.579000	28.422001
0.580000	28.610500
0.581000	28.673500
0.582000	28.924801
0.583000	28.987499
0.584000	29.113300
0.585000	29.364599
0.586000	29.490101
0.587000	29.678600
0.588000	29.804300
0.589000	29.867100
0.590000	29.929899
0.591000	30.118401
0.592000	30.118401
0.593000	30.181200
0.594000	30.181200
0.595000	30.369699
0.596000	30.369699
0.597000	30.432501
0.598000	30.369699
0.599000	30.432501
0.600000	30.495399
0.601000	30.432501
0.602000	30.495399
0.603000	30.495399
0.604000	30.495399
0.605000	30.369699
0.606000	30.432501
0.607000	30.432501
0.608000	30.432501
0.609000	30.432501
0.610000	30.495399
0.611000	30.432501
0.612000	30.432501
0.613000	30.432501
0.614000	30.558201
0.615000	30.495399
0.616000	30.621000
0.617000	30.746700
0.618000	30.809500
0.619000	30.935200
0.620000	31.123699
0.621000	31.249300
0.622000	31.249300
0.623000	31.563400
0.624000	31.689100
0.625000	31.689100
0.626000	31.877600
0.627000	32.003201
0.628000	32.128899
0.629000	32.191700
0.630000	32.317402
0.631000	32.631500
0.632000	32.694401
0.633000	32.757198
0.634000	32.882801
0.635000	33.071301
0.636000	33.134201
0.637000	33.196999
0.638000	33.448299
0.639000	33.511101
0.640000	33.573898
0.641000	33.888100
0.642000	34.893200
0.643000	35.961300
0.644000	36.024101
0.645000	35.647301
0.646000	35.772800
0.647000	36.275501
0.648000	36.463902
0.649000	36.401100
0.650000	36.715302
0.651000	37.217899
0.652000	37.217899
0.653000	36.589600
0.654000	36.024101
0.655000	35.458698
0.656000	35.270199
0.657000	35.207500
0.658000	35.144699
0.659000	34.956200
0.660000	34.453499
0.661000	33.950901
0.662000	33.573898
0.663000	33.448299
0.664000	33.071301
0.665000	33.008499
0.666000	33.008499
0.667000	33.008499
0.668000	32.882801
0.669000	32.694401
0.670000	32.631500
0.671000	32.631500
0.672000	32.757198
0.673000	33.008499
0.674000	33.134201
0.675000	33.322601
0.676000	33.196999
0.677000	33.448299
0.678000	33.636799
0.679000	34.076599
0.680000	34.516399
0.681000	34.767700
0.682000	35.019001
0.683000	35.144699
0.684000	35.270199
0.685000	35.458698
0.686000	35.835800
0.687000	36.149799
0.688000	36.338299
0.689000	36.275501
0.690000	36.275501
0.691000	36.338299
0.692000	36.463902
0.693000	36.526798
0.694000	36.652401
0.695000	36.589600
0.696000	36.652401
0.697000	36.778099
0.698000	36.715302
0.699000	36.715302
0.700000	36.526798
0.701000	36.463902
0.702000	36.401100
0.703000	36.275501
0.704000	36.087002
0.705000	35.898499
0.706000	35.584301
0.707000	35.207500
0.708000	34.830502
0.709000	34.516399
0.710000	34.139400
0.711000	33.762402
0.712000	33.385502
0.713000	33.071301
0.714000	32.568699
0.715000	32.317402
0.716000	31.877600
0.717000	31.626301
0.718000	31.626301
0.719000	31.312099
0.720000	31.060801
0.721000	30.997999
0.722000	30.935200
0.723000	30.872299
0.724000	30.809500
0.725000	30.872299
0.726000	30.872299
0.727000	30.997999
0.728000	30.997999
0.729000	31.123699
0.730000	31.249300
0.731000	31.249300
0.732000	31.186501
0.733000	31.186501
0.734000	31.186501
0.735000	31.186501
0.736000	31.186501
0.737000	31.060801
0.738000	30.935200
0.739000	30.683901
0.740000	30.432501
0.741000	30.306900
0.742000	30.181200
0.743000	29.992701
0.744000	29.741400
0.745000	29.427299
0.746000	29.238800
0.747000	29.113300
0.748000	28.924801
0.749000	28.610500
0.750000	28.296499
0.751000	28.108000
0.752000	27.919500
0.753000	27.542500
0.754000	27.479700
0.755000	27.102800
0.756000	26.851400
0.757000	26.537300
0.758000	26.223200
0.759000	25.909000
0.760000	25.594900
0.761000	25.343599
0.762000	24.966600
0.763000	24.715300
0.764000	24.526800
0.765000	24.212700
0.766000	24.024200
0.767000	23.709999
0.768000	23.458700
0.769000	23.144600
0.770000	22.893400
0.771000	22.642099
0.772000	22.453600
0.773000	22.327801
0.774000	22.202299
0.775000	22.013800
0.776000	22.013800
0.777000	21.825300
0.778000	21.762501
0.779000	21.762501
0.780000	21.699600
0.781000	21.762501
0.782000	21.573999
0.783000	21.573999
0.784000	21.573999
0.785000	21.448299
0.786000	21.448299
0.787000	21.322701
0.788000	21.197001
0.789000	21.008499
0.790000	20.945700
0.791000	20.882900
0.792000	20.631599
0.793000	20.380199
0.794000	20.317400
0.795000	19.940399
0.796000	19.814800
0.797000	19.752001
0.798000	19.500601
0.799000	19.186501
0.800000	18.997999
0.801000	18.809500
0.802000	18.621099
0.803000	18.369699
0.804000	18.244101
0.805000	18.055599
0.806000	17.804300
0.807000	17.741501
0.808000	17.615801
0.809000	17.427299
0.810000	17.238800
0.811000	17.238800
0.812000	17.050400
0.813000	16.987499
0.814000	16.861900
0.815000	16.736200
0.816000	16.610701
0.817000	16.484900
0.818000	16.359200
0.819000	16.296400
0.820000	16.170900
0.821000	16.107901
0.822000	16.107901
0.823000	15.982400
0.824000	15.982400
0.825000	16.045099
0.826000	16.107901
0.827000	16.107901
0.828000	16.107901
0.829000	16.170900
0.830000	16.296400
0.831000	16.296400
0.832000	16.547701
0.833000	16.484900
0.834000	16.673401
0.835000	16.736200
0.836000	16.861900
0.837000	17.050400
0.838000	17.113199
0.839000	17.176001
0.840000	17.238800
0.841000	17.427299
0.842000	17.427299
0.843000	17.427299
0.844000	16.861900
0.845000	17.176001
0.846000	17.050400
0.847000	17.050400
0.848000	17.050400
0.849000	17.050400
0.850000	16.799000
0.851000	16.799000
0.852000	16.484900
0.853000	16.296400
0.854000	16.296400
0.855000	16.296400
0.856000	16.170900
0.857000	16.107901
0.858000	16.107901
0.859000	16.107901
0.860000	15.982400
0.861000	16.045099
0.862000	16.296400
0.863000	16.610701
0.864000	16.673401
0.865000	16.736200
0.866000	17.050400
0.867000	17.238800
0.868000	16.924700
0.869000	16.610701
0.870000	17.113199
0.871000	17.176001
0.872000	17.176001
0.873000	16.861900
0.874000	16.673401
0.875000	16.422199
0.876000	15.919400
0.877000	15.228400
0.878000	15.165600
0.879000	15.102800
0.880000	15.040000
0.881000	14.725800
0.882000	14.474500
0.883000	14.663000
0.884000	14.663000
0.885000	14.537300
0.886000	14.851500
0.887000	15.291300
0.888000	15.605400
0.889000	15.668100
0.890000	15.919400
0.891000	16.359200
0.892000	16.484900
0.893000	16.610701
0.894000	16.799000
0.895000	17.176001
0.896000	17.113199
0.897000	17.176001
0.898000	17.238800
0.899000	17.427299
0.900000	17.364500
0.901000	17.552999
0.902000	17.615801
0.903000	17.929899
0.904000	17.867100
0.905000	17.929899
0.906000	18.055599
0.907000	18.306900
0.908000	18.432600
0.909000	18.621099
0.910000	18.872400
0.911000	18.997999
0.912000	18.935200
0.913000	19.123699
0.914000	19.312201
0.915000	19.563499
0.916000	19.500601
0.917000	19.626301
0.918000	19.626301
0.919000	19.626301
0.920000	19.563499
0.921000	19.626301
0.922000	19.626301
0.923000	19.500601
0.924000	19.500601
0.925000	19.437799
0.926000	19.375000
0.927000	19.249300
0.928000	19.123699
0.929000	18.997999
0.930000	18.935200
0.931000	18.872400
0.932000	18.809500
0.933000	18.621099
0.934000	18.432600
0.935000	18.495399
0.936000	18.495399
0.937000	18.495399
0.938000	18.558201
0.939000	18.621099
0.940000	18.809500
0.941000	18.746700
0.942000	18.809500
0.943000	18.997999
0.944000	19.060900
0.945000	19.123699
0.946000	19.312201
0.947000	19.437799
0.948000	19.500601
0.949000	19.500601
0.950000	19.437799
0.951000	19.500601
0.952000	19.500601
0.953000	19.437799
0.954000	19.375000
0.955000	19.312201
0.956000	19.123699
0.957000	19.060900
0.958000	19.060900
0.959000	18.997999
0.960000	18.935200
0.961000	18.872400
0.962000	18.809500
0.963000	18.809500
0.964000	18.746700
0.965000	18.558201
0.966000	18.558201
0.967000	18.558201
0.968000	18.495399
0.969000	18.369699
0.970000	18.306900
0.971000	18.306900
0.972000	18.181299
0.973000	18.181299
0.974000	18.055599
0.975000	17.929899
0.976000	17.741501
0.977000	17.615801
0.978000	17.552999
0.979000	17.238800
0.980000	17.113199
0.981000	16.861900
0.982000	16.736200
0.983000	16.547701
0.984000	16.422199
0.985000	16.296400
0.986000	16.170900
0.987000	15.982400
0.988000	15.919400
0.989000	15.793900
0.990000	15.731100
0.991000	15.605400
0.992000	15.479600
0.993000	15.354100
0.994000	15.165600
0.995000	15.165600
0.996000	14.914300
0.997000	14.851500
0.998000	14.788600
0.999000	14.663000
1.000000	14.600200
1.001000	14.411700
1.002000	14.411700
1.003000	14.223200
1.004000	14.097500
1.005000	13.971900
1.006000	13.783400
1.007000	13.720600
1.008000	13.594900
1.009000	13.406400
1.010000	13.343600
1.011000	13.217900
1.012000	13.155100
1.013000	13.092300
1.014000	13.217900
1.015000	13.155100
1.016000	13.155100
1.017000	13.280800
1.018000	13.280800
1.019000	13.469200
1.020000	13.406400
1.021000	13.532100
1.022000	13.406400
1.023000	13.406400
1.024000	13.469200
1.025000	13.343600
1.026000	13.280800
1.027000	13.280800
1.028000	13.217900
1.029000	13.092300
1.030000	12.966600
1.031000	12.841000
1.032000	12.715300
1.033000	12.589700
1.034000	12.526800
1.035000	12.338300
1.036000	12.149900
1.037000	12.087000
1.038000	12.024200
1.039000	11.835700
1.040000	11.772900
1.041000	11.772900
1.042000	11.647200
1.043000	11.458700
1.044000	11.521600
1.045000	11.458700
1.046000	11.395900
1.047000	11.395900
1.048000	11.333100
1.049000	11.395900
1.050000	11.333100
1.051000	11.270300
1.052000	11.270300
1.053000	11.270300
1.054000	11.207400
1.055000	11.207400
1.056000	11.270300
1.057000	11.207400
1.058000	11.207400
1.059000	11.270300
1.060000	11.270300
1.061000	11.333100
1.062000	11.333100
1.063000	11.458700
1.064000	11.521600
1.065000	11.584400
1.066000	11.647200
1.067000	11.647200
1.068000	11.772900
1.069000	11.772900
1.070000	11.961400
1.071000	11.961400
1.072000	12.024200
1.073000	12.149900
1.074000	12.149900
1.075000	12.212700
1.076000	12.275500
1.077000	12.338300
1.078000	12.275500
1.079000	12.338300
1.080000	12.401200
1.081000	12.338300
1.082000	12.338300
1.083000	12.401200
1.084000	12.401200
1.085000	12.464000
1.086000	12.464000
1.087000	12.338300
1.088000	12.401200
1.089000	12.338300
1.090000	12.401200
1.091000	12.401200
1.092000	12.401200
1.093000	12.401200
1.094000	12.338300
1.095000	12.401200
1.096000	12.401200
1.097000	12.464000
1.098000	12.464000
1.099000	12.401200
1.100000	12.526800
1.101000	12.715300
1.102000	12.652500
1.103000	12.778100
1.104000	12.778100
1.105000	12.778100
1.106000	12.903800
1.107000	12.903800
1.108000	12.966600
1.109000	12.966600
1.110000	13.029500
1.111000	13.092300
1.112000	13.155100
1.113000	13.155100
1.114000	13.343600
1.115000	13.280800
1.116000	13.343600
1.117000	13.406400
1.118000	13.469200
1.119000	13.594900
1.120000	13.532100
1.121000	13.720600
1.122000	13.657700
1.123000	13.720600
1.124000	13.846200
1.125000	13.909000
1.126000	13.971900
1.127000	14.034700
1.128000	14.034700
1.129000	14.160400
1.130000	14.286000
1.131000	14.348800
1.132000	14.286000
1.133000	14.411700
1.134000	14.537300
1.135000	14.474500
1.136000	14.537300
1.137000	14.537300
1.138000	14.537300
1.139000	14.474500
1.140000	14.411700
1.141000	14.474500
1.142000	14.411700
1.143000	14.286000
1.144000	14.223200
1.145000	14.223200
1.146000	14.223200
1.147000	14.160400
1.148000	14.034700
1.149000	14.034700
1.150000	13.971900
1.151000	13.971900
1.152000	13.971900
1.153000	13.971900
1.154000	13.971900
1.155000	13.783400
1.156000	13.846200
1.157000	13.783400
1.158000	13.720600
1.159000	13.720600
1.160000	13.594900
1.161000	13.532100
1.162000	13.469200
1.163000	13.343600
1.164000	13.280800
1.165000	13.155100
1.166000	13.092300
1.167000	13.092300
1.168000	12.841000
1.169000	12.778100
1.170000	12.715300
1.171000	12.778100
1.172000	12.589700
1.173000	12.589700
1.174000	12.526800
1.175000	12.401200
1.176000	12.401200
1.177000	12.275500
1.178000	12.275500
1.179000	12.149900
1.180000	12.149900
1.181000	12.087000
1.182000	12.024200
1.183000	11.898500
1.184000	11.772900
1.185000	11.835700
1.186000	11.772900
1.187000	11.710100
1.188000	11.647200
1.189000	11.647200
1.190000	11.584400
1.191000	11.584400
1.192000	11.458700
1.193000	11.395900
1.194000	11.395900
1.195000	11.270300
1.196000	11.333100
1.197000	11.333100
1.198000	11.333100
1.199000	11.395900
1.200000	11.333100
1.201000	11.395900
1.202000	11.333100
1.203000	11.458700
1.204000	11.395900
1.205000	11.333100
1.206000	11.395900
1.207000	11.395900
1.208000	11.395900
1.209000	11.395900
1.210000	11.333100
1.211000	11.395900
1.212000	11.395900
1.213000	11.395900
1.214000	11.458700
1.215000	11.395900
1.216000	11.458700
1.217000	11.458700
1.218000	11.521600
1.219000	11.521600
1.220000	11.521600
1.221000	11.521600
1.222000	11.521600
1.223000	11.584400
1.224000	11.647200
1.225000	11.647200
1.226000	11.647200
1.227000	11.647200
1.228000	11.647200
1.229000	11.772900
1.230000	11.772900
1.231000	11.772900
1.232000	11.772900
1.233000	11.710100
1.234000	11.710100
1.235000	11.710100
1.236000	11.647200
1.237000	11.710100
1.238000	11.584400
1.239000	11.521600
1.240000	11.584400
1.241000	11.521600
1.242000	11.521600
1.243000	11.458700
1.244000	11.333100
1.245000	11.333100
1.246000	11.333100
1.247000	11.333100
1.248000	11.270300
1.249000	11.207400
1.250000	11.144600
1.251000	11.081800
1.252000	11.019000
1.253000	11.019000
1.254000	10.893300
1.255000	10.893300
1.256000	10.893300
1.257000	10.830500
1.258000	10.830500
1.259000	10.767600
1.260000	10.767600
1.261000	10.767600
1.262000	10.704800
1.263000	10.579200
1.264000	10.642000
1.265000	10.642000
1.266000	10.516300
1.267000	10.453500
1.268000	10.579200
1.269000	10.453500
1.270000	10.579200
1.271000	10.516300
1.272000	10.453500
1.273000	10.453500
1.274000	10.453500
1.275000	10.453500
1.276000	10.327800
1.277000	10.390700
1.278000	10.390700
1.279000	10.390700
1.280000	10.327800
1.281000	10.390700
1.282000	10.327800
1.283000	10.327800
1.284000	10.390700
1.285000	10.390700
1.286000	10.453500
1.287000	10.516300
1.288000	10.453500
1.289000	10.453500
1.290000	10.579200
1.291000	10.642000
1.292000	10.642000
1.293000	10.579200
1.294000	10.579200
1.295000	10.704800
1.296000	10.642000
1.297000	10.704800
1.298000	10.642000
1.299000	10.704800
1.300000	10.642000
1.301000	10.579200
1.302000	10.704800
1.303000	10.704800
1.304000	10.767600
1.305000	10.767600
1.306000	10.642000
1.307000	10.704800
1.308000	10.767600
1.309000	10.767600
1.310000	10.767600
1.311000	10.767600
1.312000	10.830500
1.313000	10.830500
1.314000	10.830500
1.315000	10.893300
1.316000	10.830500
1.317000	10.893300
1.318000	10.767600
1.319000	10.893300
1.320000	10.830500
1.321000	10.767600
1.322000	10.767600
1.323000	10.767600
1.324000	10.767600
1.325000	10.704800
1.326000	10.579200
1.327000	10.516300
1.328000	10.579200
1.329000	10.453500
1.330000	10.453500
1.331000	10.390700
1.332000	10.390700
1.333000	10.265000
1.334000	10.327800
1.335000	10.265000
1.336000	10.265000
1.337000	10.139500
1.338000	10.076500
1.339000	10.013700
1.340000	10.013700
1.341000	10.013700
1.342000	9.888030
1.343000	9.950950
1.344000	9.888030
1.345000	9.762450
1.346000	9.762450
1.347000	9.762450
1.348000	9.762450
1.349000	9.636740
1.350000	9.636740
1.351000	9.573950
1.352000	9.636740
1.353000	9.636740
1.354000	9.573950
1.355000	9.573950
1.356000	9.511160
1.357000	9.636740
1.358000	9.573950
1.359000	9.511160
1.360000	9.511160
1.361000	9.636740
1.362000	9.573950
1.363000	9.511160
1.364000	9.573950
1.365000	9.511160
1.366000	9.448240
1.367000	9.511160
1.368000	9.511160
1.369000	9.511160
1.370000	9.448240
1.371000	9.385450
1.372000	9.385450
1.373000	9.385450
1.374000	9.448240
1.375000	9.448240
1.376000	9.385450
1.377000	9.448240
1.378000	9.259870
1.379000	9.259870
1.380000	9.259870
1.381000	9.259870
1.382000	9.259870
1.383000	9.196950
1.384000	9.196950
1.385000	9.259870
1.386000	9.259870
1.387000	9.196950
1.388000	9.196950
1.389000	9.196950
1.390000	9.134150
1.391000	9.196950
1.392000	9.134150
1.393000	9.071360
1.394000	9.134150
1.395000	9.008570
1.396000	9.008570
1.397000	9.008570
1.398000	8.945650
1.399000	8.945650
1.400000	9.008570
1.401000	8.882860
1.402000	8.945650
1.403000	8.882860
1.404000	8.882860
1.405000	8.882860
1.406000	8.820070
1.407000	8.757150
1.408000	8.820070
1.409000	8.757150
1.410000	8.694360
1.411000	8.631570
1.412000	8.631570
1.413000	8.631570
1.414000	8.631570
1.415000	8.568780
1.416000	8.568780
1.417000	8.568780
1.418000	8.568780
1.419000	8.568780
1.420000	8.505860
1.421000	8.505860
1.422000	8.380280
1.423000	8.505860
1.424000	8.505860
1.425000	8.505860
1.426000	8.380280
1.427000	8.380280
1.428000	8.443070
1.429000	8.380280
1.430000	8.317360
1.431000	8.254570
1.432000	8.191780
1.433000	8.317360
1.434000	8.254570
1.435000	8.317360
1.436000	8.254570
1.437000	8.254570
1.438000	8.254570
1.439000	8.254570
1.440000	8.254570
1.441000	8.254570
1.442000	8.254570
1.443000	8.254570
1.444000	8.317360
1.445000	8.254570
1.446000	8.317360
1.447000	8.380280
1.448000	8.380280
1.449000	8.380280
1.450000	8.380280
1.451000	8.380280
1.452000	8.443070
1.453000	8.505860
1.454000	8.505860
1.455000	8.443070
1.456000	8.443070
1.457000	8.505860
1.458000	8.505860
1.459000	8.568780
1.460000	8.443070
1.461000	8.380280
1.462000	8.505860
1.463000	8.443070
1.464000	8.505860
1.465000	8.380280
1.466000	8.443070
1.467000	8.380280
1.468000	8.380280
1.469000	8.380280
1.470000	8.380280
1.471000	8.443070
1.472000	8.443070
1.473000	8.443070
1.474000	8.380280
1.475000	8.380280
1.476000	8.505860
1.477000	8.380280
1.478000	8.443070
1.479000	8.380280
1.480000	8.380280
1.481000	8.380280
1.482000	8.443070
1.483000	8.317360
1.484000	8.317360
1.485000	8.317360
1.486000	8.254570
1.487000	8.317360
1.488000	8.317360
1.489000	8.191780
1.490000	8.191780
1.491000	8.254570
1.492000	8.191780
1.493000	8.191780
1.494000	8.128980
1.495000	8.254570
1.496000	8.191780
1.497000	8.191780
1.498000	8.191780
1.499000	8.066060
1.500000	8.128980
1.501000	8.128980
1.502000	8.191780
1.503000	8.128980
1.504000	8.128980
1.505000	8.066060
1.506000	8.003270
1.507000	8.066060
1.508000	8.066060
1.509000	8.003270
1.510000	8.066060
1.511000	8.003270
1.512000	7.940480
1.513000	7.940480
1.514000	7.940480
1.515000	7.877560
1.516000	7.877560
1.517000	7.877560
1.518000	7.940480
1.519000	7.877560
1.520000	7.751980
1.521000	7.814770
1.522000	7.814770
1.523000	7.751980
1.524000	7.751980
1.525000	7.689190
1.526000	7.751980
1.527000	7.689190
1.528000	7.626270
1.529000	7.626270
1.530000	7.689190
1.531000	7.626270
1.532000	7.563480
1.533000	7.563480
1.534000	7.563480
1.535000	7.500690
1.536000	7.563480
1.537000	7.563480
1.538000	7.500690
1.539000	7.500690
1.540000	7.437770
1.541000	7.374980
1.542000	7.312190
1.543000	7.374980
1.544000	7.374980
1.545000	7.374980
1.546000	7.312190
1.547000	7.312190
1.548000	7.312190
1.549000	7.186480
1.550000	7.186480
1.551000	7.312190
1.552000	7.123690
1.553000	7.186480
1.554000	7.249400
1.555000	7.123690
1.556000	7.186480
1.557000	7.186480
1.558000	7.123690
1.559000	7.123690
1.560000	7.123690
1.561000	7.123690
1.562000	7.060890
1.563000	7.123690
1.564000	7.123690
1.565000	7.060890
1.566000	7.060890
1.567000	7.123690
1.568000	7.060890
1.569000	7.060890
1.570000	7.060890
1.571000	7.060890
1.572000	7.123690
1.573000	7.060890
1.574000	7.186480
1.575000	7.123690
1.576000	7.123690
1.577000	7.060890
1.578000	7.123690
1.579000	6.998100
1.580000	7.060890
1.581000	6.998100
1.582000	7.123690
1.583000	7.123690
1.584000	6.998100
1.585000	7.060890
1.586000	7.060890
1.587000	6.998100
1.588000	6.998100
1.589000	6.998100
1.590000	6.998100
1.591000	6.935180
1.592000	6.935180
1.593000	6.935180
1.594000	6.935180
1.595000	6.872390
1.596000	6.872390
1.597000	6.935180
1.598000	6.998100
1.599000	6.935180
1.600000	6.935180
1.601000	6.872390
1.602000	6.872390
1.603000	6.872390
1.604000	6.872390
1.605000	6.809600
1.606000	6.872390
1.607000	6.809600
1.608000	6.809600
1.609000	6.809600
1.610000	6.872390
1.611000	6.809600
1.612000	6.872390
1.613000	6.809600
1.614000	6.872390
1.615000	6.809600
1.616000	6.872390
1.617000	6.872390
1.618000	6.809600
1.619000	6.872390
1.620000	6.872390
1.621000	6.809600
1.622000	6.809600
1.623000	6.809600
1.624000	6.998100
1.625000	6.872390
1.626000	6.809600
1.627000	6.809600
1.628000	6.872390
1.629000	6.809600
1.630000	6.872390
1.631000	6.809600
1.632000	6.935180
1.633000	6.872390
1.634000	6.935180
1.635000	6.935180
1.636000	6.935180
1.637000	6.935180
1.638000	6.872390
1.639000	6.935180
1.640000	6.872390
1.641000	6.935180
1.642000	6.935180
1.643000	6.998100
1.644000	6.872390
1.645000	6.872390
1.646000	6.935180
1.647000	6.998100
1.648000	6.935180
1.649000	6.935180
1.650000	6.935180
1.651000	6.998100
1.652000	6.935180
1.653000	7.060890
1.654000	6.935180
1.655000	6.935180
1.656000	6.935180
1.657000	6.872390
1.658000	6.935180
1.659000	6.998100
1.660000	6.935180
1.661000	6.935180
1.662000	6.872390
1.663000	6.935180
1.664000	6.872390
1.665000	6.872390
1.666000	6.935180
1.667000	6.935180
1.668000	6.872390
1.669000	6.998100
1.670000	6.872390
1.671000	6.935180
1.672000	6.746680
1.673000	6.872390
1.674000	6.809600
1.675000	6.809600
1.676000	6.872390
1.677000	6.746680
1.678000	6.746680
1.679000	6.683890
1.680000	6.809600
1.681000	6.746680
1.682000	6.746680
1.683000	6.746680
1.684000	6.746680
1.685000	6.746680
1.686000	6.683890
1.687000	6.683890
1.688000	6.746680
1.689000	6.621100
1.690000	6.621100
1.691000	6.621100
1.692000	6.683890
1.693000	6.621100
1.694000	6.558310
1.695000	6.558310
1.696000	6.558310
1.697000	6.558310
1.698000	6.558310
1.699000	6.432600
1.700000	6.432600
1.701000	6.432600
1.702000	6.369810
1.703000	6.369810
1.704000	6.432600
1.705000	6.369810
1.706000	6.369810
1.707000	6.306890
1.708000	6.306890
1.709000	6.244100
1.710000	6.244100
1.711000	6.181310
1.712000	6.181310
1.713000	6.118520
1.714000	6.118520
1.715000	5.992810
1.716000	6.118520
1.717000	6.055600
1.718000	6.055600
1.719000	6.055600
1.720000	6.055600
1.721000	5.930010
1.722000	5.992810
1.723000	5.930010
1.724000	5.867090
1.725000	5.930010
1.726000	5.930010
1.727000	5.867090
1.728000	5.867090
1.729000	5.930010
1.730000	5.867090
1.731000	5.867090
1.732000	5.867090
1.733000	5.867090
1.734000	5.867090
1.735000	5.867090
1.736000	5.930010
1.737000	5.867090
1.738000	5.867090
1.739000	5.804300
1.740000	5.804300
1.741000	5.930010
1.742000	5.930010
1.743000	5.867090
1.744000	5.804300
1.745000	5.804300
1.746000	5.930010
1.747000	5.930010
1.748000	5.930010
1.749000	5.867090
1.750000	5.867090
1.751000	5.930010
1.752000	5.930010
1.753000	5.930010
1.754000	5.992810
1.755000	5.930010
1.756000	5.867090
1.757000	5.930010
1.758000	5.930010
1.759000	5.992810
1.760000	5.930010
1.761000	5.867090
1.762000	5.930010
1.763000	5.930010
1.764000	5.867090
1.765000	5.867090
1.766000	5.930010
1.767000	5.867090
1.768000	5.930010
1.769000	5.930010
1.770000	5.992810
1.771000	5.992810
1.772000	5.867090
1.773000	5.930010
1.774000	5.992810
1.775000	5.992810
1.776000	5.804300
1.777000	5.930010
1.778000	5.867090
1.779000	5.930010
1.780000	5.867090
1.781000	5.867090
1.782000	5.867090
1.783000	5.867090
1.784000	5.867090
1.785000	5.741510
1.786000	5.804300
1.787000	5.867090
1.788000	5.867090
1.789000	5.804300
1.790000	5.741510
1.791000	5.804300
1.792000	5.741510
1.793000	5.804300
1.794000	5.741510
1.795000	5.741510
1.796000	5.804300
1.797000	5.741510
1.798000	5.741510
1.799000	5.741510
1.800000	5.741510
1.801000	5.678720
1.802000	5.741510
1.803000	5.741510
1.804000	5.741510
1.805000	5.741510
1.806000	5.741510
1.807000	5.741510
1.808000	5.741510
1.809000	5.741510
1.810000	5.741510
1.811000	5.678720
1.812000	5.678720
1.813000	5.741510
1.814000	5.741510
1.815000	5.678720
1.816000	5.678720
1.817000	5.741510
1.818000	5.741510
1.819000	5.678720
1.820000	5.615800
1.821000	5.678720
1.822000	5.678720
1.823000	5.678720
1.824000	5.678720
1.825000	5.678720
1.826000	5.553010
1.827000	5.678720
1.828000	5.678720
1.829000	5.678720
1.830000	5.678720
1.831000	5.615800
1.832000	5.615800
1.833000	5.615800
1.834000	5.615800
1.835000	5.615800
1.836000	5.678720
1.837000	5.615800
1.838000	5.553010
1.839000	5.615800
1.840000	5.678720
1.841000	5.678720
1.842000	5.615800
1.843000	5.615800
1.844000	5.553010
1.845000	5.490220
1.846000	5.553010
1.847000	5.553010
1.848000	5.490220
1.849000	5.427300
1.850000	5.490220
1.851000	5.553010
1.852000	5.490220
1.853000	5.553010
1.854000	5.427300
1.855000	5.427300
1.856000	5.427300
1.857000	5.490220
1.858000	5.427300
1.859000	5.364510
1.860000	5.301720
1.861000	5.364510
1.862000	5.364510
1.863000	5.364510
1.864000	5.301720
1.865000	5.301720
1.866000	5.301720
1.867000	5.176010
1.868000	5.238930
1.869000	5.301720
1.870000	5.176010
1.871000	5.238930
1.872000	5.238930
1.873000	5.176010
1.874000	5.113220
1.875000	5.176010
1.876000	5.113220
1.877000	5.113220
1.878000	5.113220
1.879000	5.050430
1.880000	5.113220
1.881000	5.050430
1.882000	5.050430
1.883000	5.050430
1.884000	5.050430
1.885000	5.050430
1.886000	5.050430
1.887000	4.987640
1.888000	4.987640
1.889000	4.924720
1.890000	4.861920
1.891000	4.987640
1.892000	4.924720
1.893000	4.987640
1.894000	4.987640
1.895000	4.799130
1.896000	4.861920
1.897000	4.861920
1.898000	4.799130
1.899000	4.861920
1.900000	4.924720
1.901000	4.799130
1.902000	4.861920
1.903000	4.799130
1.904000	4.861920
1.905000	4.861920
1.906000	4.736210
1.907000	4.861920
1.908000	4.799130
1.909000	4.736210
1.910000	4.736210
1.911000	4.736210
1.912000	4.799130
1.913000	4.799130
1.914000	4.861920
1.915000	4.799130
1.916000	4.799130
1.917000	4.799130
1.918000	4.799130
1.919000	4.861920
1.920000	4.799130
1.921000	4.799130
1.922000	4.736210
1.923000	4.736210
1.924000	4.736210
1.925000	4.861920
1.926000	4.736210
1.927000	4.736210
1.928000	4.736210
1.929000	4.799130
1.930000	4.799130
1.931000	4.799130
1.932000	4.736210
1.933000	4.799130
1.934000	4.736210
1.935000	4.736210
1.936000	4.736210
1.937000	4.736210
1.938000	4.799130
1.939000	4.799130
1.940000	4.799130
1.941000	4.799130
1.942000	4.799130
1.943000	4.673420
1.944000	4.736210
1.945000	4.736210
1.946000	4.736210
1.947000	4.799130
1.948000	4.799130
1.949000	4.736210
1.950000	4.799130
1.951000	4.736210
1.952000	4.736210
1.953000	4.736210
1.954000	4.736210
1.955000	4.736210
1.956000	4.736210
1.957000	4.736210
1.958000	4.736210
1.959000	4.736210
1.960000	4.736210
1.961000	4.736210
1.962000	4.673420
1.963000	4.736210
1.964000	4.736210
1.965000	4.736210
1.966000	4.736210
1.967000	4.673420
1.968000	4.673420
1.969000	4.673420
1.970000	4.736210
1.971000	4.673420
1.972000	4.736210
1.973000	4.610630
1.974000	4.673420
1.975000	4.673420
1.976000	4.673420
1.977000	4.610630
1.978000	4.610630
1.979000	4.673420
1.980000	4.547840
1.981000	4.673420
1.982000	4.547840
1.983000	4.673420
1.984000	4.673420
1.985000	4.673420
1.986000	4.610630
1.987000	4.673420
1.988000	4.547840
1.989000	4.547840
1.990000	4.547840
1.991000	4.610630
1.992000	4.610630
1.993000	4.547840
1.994000	4.610630
1.995000	4.547840
1.996000	4.610630
1.997000	4.673420
1.998000	4.547840
1.999000	4.547840
2.000000	4.547840
2.001000	4.673420
2.002000	4.610630
2.003000	4.610630
2.004000	4.547840
2.005000	4.610630
2.006000	4.673420
2.007000	4.610630
2.008000	4.673420
2.009000	4.547840
2.010000	4.484920
2.011000	4.547840
2.012000	4.610630
2.013000	4.547840
2.014000	4.484920
2.015000	4.547840
2.016000	4.422130
2.017000	4.484920
2.018000	4.422130
2.019000	4.484920
2.020000	4.484920
2.021000	4.422130
2.022000	4.484920
2.023000	4.359340
2.024000	4.422130
2.025000	4.484920
2.026000	4.296420
2.027000	4.422130
2.028000	4.422130
2.029000	4.359340
2.030000	4.422130
2.031000	4.296420
2.032000	4.296420
2.033000	4.233630
2.034000	4.359340
2.035000	4.296420
2.036000	4.296420
2.037000	4.359340
2.038000	4.359340
2.039000	4.296420
2.040000	4.359340
2.041000	4.296420
2.042000	4.296420
2.043000	4.296420
2.044000	4.233630
2.045000	4.233630
2.046000	4.170840
2.047000	4.170840
2.048000	4.170840
2.049000	4.108050
2.050000	4.108050
2.051000	4.170840
2.052000	4.170840
2.053000	4.108050
2.054000	4.170840
2.055000	4.108050
2.056000	4.108050
2.057000	4.045130
2.058000	4.045130
2.059000	4.045130
2.060000	4.045130
2.061000	4.045130
2.062000	3.919550
2.063000	3.982340
2.064000	4.045130
2.065000	3.919550
2.066000	4.045130
2.067000	3.982340
2.068000	4.045130
2.069000	3.982340
2.070000	3.982340
2.071000	3.982340
2.072000	3.856630
2.073000	3.919550
2.074000	3.982340
2.075000	3.856630
2.076000	3.919550
2.077000	3.919550
2.078000	3.856630
2.079000	3.856630
2.080000	3.982340
2.081000	3.982340
2.082000	3.793830
2.083000	3.982340
2.084000	3.856630
2.085000	3.919550
2.086000	3.919550
2.087000	3.919550
2.088000	3.856630
2.089000	3.856630
2.090000	3.919550
2.091000	3.856630
2.092000	3.793830
2.093000	3.919550
2.094000	3.856630
2.095000	3.856630
2.096000	3.793830
2.097000	3.856630
2.098000	3.793830
2.099000	3.856630
2.100000	3.731040
2.101000	3.919550
2.102000	3.856630
2.103000	3.856630
2.104000	3.856630
2.105000	3.793830
2.106000	3.919550
2.107000	3.919550
2.108000	3.856630
2.109000	3.856630
2.110000	3.856630
2.111000	3.919550
2.112000	3.731040
2.113000	3.856630
2.114000	3.856630
2.115000	3.856630
2.116000	3.856630
2.117000	3.919550
2.118000	3.856630
2.119000	3.919550
2.120000	3.856630
2.121000	3.919550
2.122000	3.919550
2.123000	3.919550
2.124000	3.919550
2.125000	3.856630
2.126000	3.856630
2.127000	3.856630
2.128000	3.856630
2.129000	3.793830
2.130000	3.982340
2.131000	3.856630
2.132000	3.856630
2.133000	3.919550
2.134000	3.919550
2.135000	3.919550
2.136000	3.982340
2.137000	3.856630
2.138000	3.919550
2.139000	3.919550
2.140000	3.919550
2.141000	3.856630
2.142000	3.793830
2.143000	3.856630
2.144000	3.793830
2.145000	3.793830
2.146000	3.856630
2.147000	3.856630
2.148000	3.982340
2.149000	3.793830
2.150000	3.856630
2.151000	3.856630
2.152000	3.856630
2.153000	3.793830
2.154000	3.919550
2.155000	3.793830
2.156000	3.856630
2.157000	3.856630
2.158000	3.856630
2.159000	3.856630
2.160000	3.793830
2.161000	3.793830
2.162000	3.856630
2.163000	3.793830
2.164000	3.856630
2.165000	3.856630
2.166000	3.793830
2.167000	3.793830
2.168000	3.856630
2.169000	3.856630
2.170000	3.793830
2.171000	3.793830
2.172000	3.793830
2.173000	3.793830
2.174000	3.731040
2.175000	3.793830
2.176000	3.793830
2.177000	3.668250
2.178000	3.731040
2.179000	3.731040
2.180000	3.668250
2.181000	3.731040
2.182000	3.668250
2.183000	3.668250
2.184000	3.731040
2.185000	3.731040
2.186000	3.605330
2.187000	3.668250
2.188000	3.605330
2.189000	3.605330
2.190000	3.668250
2.191000	3.605330
2.192000	3.605330
2.193000	3.605330
2.194000	3.542540
2.195000	3.542540
2.196000	3.542540
2.197000	3.668250
2.198000	3.479750
2.199000	3.479750
2.200000	3.542540
2.201000	3.542540
2.202000	3.542540
2.203000	3.605330
2.204000	3.542540
2.205000	3.479750
2.206000	3.479750
2.207000	3.416830
2.208000	3.479750
2.209000	3.479750
2.210000	3.479750
2.211000	3.416830
2.212000	3.291250
2.213000	3.416830
2.214000	3.479750
2.215000	3.416830
2.216000	3.416830
2.217000	3.479750
2.218000	3.479750
2.219000	3.416830
2.220000	3.354040
2.221000	3.354040
2.222000	3.291250
2.223000	3.291250
2.224000	3.354040
2.225000	3.291250
2.226000	3.291250
2.227000	3.291250
2.228000	3.291250
2.229000	3.291250
2.230000	3.354040
2.231000	3.228460
2.232000	3.291250
2.233000	3.165540
2.234000	3.165540
2.235000	3.228460
2.236000	3.165540
2.237000	3.165540
2.238000	3.228460
2.239000	3.165540
2.240000	3.102750
2.241000	3.165540
2.242000	3.165540
2.243000	3.165540
2.244000	3.228460
2.245000	3.165540
2.246000	3.165540
2.247000	3.165540
2.248000	3.165540
2.249000	3.228460
2.250000	3.102750
2.251000	3.228460
2.252000	3.228460
2.253000	3.228460
2.254000	3.165540
2.255000	3.165540
2.256000	3.165540
2.257000	3.228460
2.258000	3.291250
2.259000	3.228460
2.260000	3.291250
2.261000	3.165540
2.262000	3.228460
2.263000	3.165540
2.264000	3.165540
2.265000	3.165540
2.266000	3.228460
2.267000	3.228460
2.268000	3.228460
2.269000	3.165540
2.270000	3.228460
2.271000	3.228460
2.272000	3.165540
2.273000	3.228460
2.274000	3.228460
2.275000	3.291250
2.276000	3.228460
2.277000	3.228460
2.278000	3.228460
2.279000	3.165540
2.280000	3.354040
2.281000	3.291250
2.282000	3.165540
2.283000	3.228460
2.284000	3.228460
2.285000	3.228460
2.286000	3.228460
2.287000	3.228460
2.288000	3.291250
2.289000	3.228460
2.290000	3.228460
2.291000	3.228460
2.292000	3.228460
2.293000	3.228460
2.294000	3.228460
2.295000	3.228460
2.296000	3.228460
2.297000	3.228460
2.298000	3.228460
2.299000	3.228460
2.300000	3.228460
2.301000	3.291250
2.302000	3.291250
2.303000	3.291250
2.304000	3.228460
2.305000	3.228460
2.306000	3.291250
2.307000	3.228460
2.308000	3.228460
2.309000	3.291250
2.310000	3.354040
2.311000	3.291250
2.312000	3.291250
2.313000	3.228460
2.314000	3.291250
2.315000	3.165540
2.316000	3.291250
2.317000	3.291250
2.318000	3.228460
2.319000	3.291250
2.320000	3.291250
2.321000	3.228460
2.322000	3.291250
2.323000	3.228460
2.324000	3.228460
2.325000	3.291250
2.326000	3.165540
2.327000	3.165540
2.328000	3.165540
2.329000	3.165540
2.330000	3.228460
2.331000	3.165540
2.332000	3.228460
2.333000	3.165540
2.334000	3.165540
2.335000	3.165540
2.336000	3.102750
2.337000	3.165540
2.338000	3.102750
2.339000	3.102750
2.340000	3.102750
2.341000	3.039960
2.342000	3.102750
2.343000	3.039960
2.344000	3.039960
2.345000	2.977170
2.346000	2.977170
2.347000	3.039960
2.348000	2.977170
2.349000	2.977170
2.350000	2.977170
2.351000	2.914250
2.352000	2.914250
2.353000	2.914250
2.354000	2.914250
2.355000	2.914250
2.356000	3.039960
2.357000	2.977170
2.358000	2.851460
2.359000	2.851460
2.360000	2.851460
2.361000	2.914250
2.362000	2.851460
2.363000	2.914250
2.364000	2.851460
2.365000	2.851460
2.366000	2.851460
2.367000	2.788660
2.368000	2.977170
2.369000	2.977170
2.370000	2.914250
2.371000	2.851460
2.372000	2.851460
2.373000	2.851460
2.374000	2.851460
2.375000	2.851460
2.376000	2.725750
2.377000	2.851460
2.378000	2.851460
2.379000	2.788660
2.380000	2.788660
2.381000	2.725750
2.382000	2.788660
2.383000	2.725750
2.384000	2.851460
2.385000	2.788660
2.386000	2.851460
2.387000	2.788660
2.388000	2.788660
2.389000	2.788660
2.390000	2.788660
2.391000	2.725750
2.392000	2.725750
2.393000	2.788660
2.394000	2.662950
2.395000	2.725750
2.396000	2.662950
2.397000	2.725750
2.398000	2.662950
2.399000	2.600160
2.400000	2.662950
2.401000	2.725750
2.402000	2.725750
2.403000	2.662950
2.404000	2.662950
2.405000	2.725750
2.406000	2.662950
2.407000	2.725750
2.408000	2.662950
2.409000	2.725750
2.410000	2.662950
2.411000	2.600160
2.412000	2.662950
2.413000	2.600160
2.414000	2.662950
2.415000	2.600160
2.416000	2.662950
2.417000	2.725750
2.418000	2.725750
2.419000	2.662950
2.420000	2.600160
2.421000	2.725750
2.422000	2.662950
2.423000	2.600160
2.424000	2.725750
2.425000	2.600160
2.426000	2.725750
2.427000	2.600160
2.428000	2.662950
2.429000	2.662950
2.430000	2.662950
2.431000	2.725750
2.432000	2.662950
2.433000	2.725750
2.434000	2.725750
2.435000	2.662950
2.436000	2.725750
2.437000	2.725750
2.438000	2.725750
2.439000	2.662950
2.440000	2.725750
2.441000	2.662950
2.442000	2.725750
2.443000	2.725750
2.444000	2.725750
2.445000	2.600160
2.446000	2.725750
2.447000	2.725750
2.448000	2.662950
2.449000	2.662950
2.450000	2.662950
2.451000	2.725750
2.452000	2.725750
2.453000	2.600160
2.454000	2.725750
2.455000	2.725750
2.456000	2.662950
2.457000	2.725750
2.458000	2.725750
2.459000	2.662950
2.460000	2.725750
2.461000	2.725750
2.462000	2.662950
2.463000	2.725750
2.464000	2.788660
2.465000	2.725750
2.466000	2.725750
2.467000	2.725750
2.468000	2.600160
2.469000	2.788660
2.470000	2.725750
2.471000	2.662950
2.472000	2.725750
2.473000	2.725750
2.474000	2.725750
2.475000	2.788660
2.476000	2.600160
2.477000	2.725750
2.478000	2.662950
2.479000	2.600160
2.480000	2.788660
2.481000	2.788660
2.482000	2.725750
2.483000	2.788660
2.484000	2.662950
2.485000	2.725750
2.486000	2.662950
2.487000	2.851460
2.488000	2.788660
2.489000	2.662950
2.490000	2.662950
2.491000	2.725750
2.492000	2.725750
2.493000	2.725750
2.494000	2.600160
2.495000	2.662950
2.496000	2.600160
2.497000	2.662950
2.498000	2.600160
2.499000	2.662950
2.500000	2.600160
2.501000	2.662950
2.502000	2.600160
2.503000	2.537370
2.504000	2.662950
2.505000	2.662950
2.506000	2.600160
2.507000	2.600160
2.508000	2.600160
2.509000	2.662950
2.510000	2.600160
2.511000	2.537370
2.512000	2.537370
2.513000	2.600160
2.514000	2.474450
2.515000	2.474450
2.516000	2.474450
2.517000	2.474450
2.518000	2.474450
2.519000	2.474450
2.520000	2.474450
2.521000	2.411660
2.522000	2.474450
2.523000	2.474450
2.524000	2.411660
2.525000	2.474450
2.526000	2.411660
2.527000	2.474450
2.528000	2.411660
2.529000	2.411660
2.530000	2.411660
2.531000	2.411660
2.532000	2.348870
2.533000	2.411660
2.534000	2.411660
2.535000	2.474450
2.536000	2.411660
2.537000	2.411660
2.538000	2.411660
2.539000	2.411660
2.540000	2.348870
2.541000	2.411660
2.542000	2.348870
2.543000	2.285950
2.544000	2.411660
2.545000	2.285950
2.546000	2.285950
2.547000	2.348870
2.548000	2.285950
2.549000	2.285950
2.550000	2.285950
2.551000	2.348870
2.552000	2.285950
2.553000	2.285950
2.554000	2.285950
2.555000	2.285950
2.556000	2.348870
2.557000	2.285950
2.558000	2.223160
2.559000	2.348870
2.560000	2.223160
2.561000	2.285950
2.562000	2.223160
2.563000	2.285950
2.564000	2.285950
2.565000	2.160370
2.566000	2.160370
2.567000	2.223160
2.568000	2.285950
2.569000	2.223160
2.570000	2.285950
2.571000	2.097580
2.572000	2.223160
2.573000	2.160370
2.574000	2.223160
2.575000	2.160370
2.576000	2.160370
2.577000	2.223160
2.578000	2.160370
2.579000	2.223160
2.580000	2.160370
2.581000	2.160370
2.582000	2.160370
2.583000	2.160370
2.584000	2.160370
2.585000	2.160370
2.586000	2.223160
2.587000	2.223160
2.588000	2.223160
2.589000	2.160370
2.590000	2.223160
2.591000	2.223160
2.592000	2.223160
2.593000	2.223160
2.594000	2.223160
2.595000	2.223160
2.596000	2.160370
2.597000	2.223160
2.598000	2.160370
2.599000	2.160370
2.600000	2.223160
2.601000	2.223160
2.602000	2.223160
2.603000	2.285950
2.604000	2.223160
2.605000	2.160370
2.606000	2.223160
2.607000	2.223160
2.608000	2.285950
2.609000	2.223160
2.610000	2.160370
2.611000	2.223160
2.612000	2.097580
2.613000	2.285950
2.614000	2.223160
2.615000	2.223160
2.616000	2.223160
2.617000	2.223160
2.618000	2.223160
2.619000	2.223160
2.620000	2.285950
2.621000	2.223160
2.622000	2.223160
2.623000	2.160370
2.624000	2.285950
2.625000	2.097580
2.626000	2.223160
2.627000	2.160370
2.628000	2.223160
2.629000	2.223160
2.630000	2.285950
2.631000	2.223160
2.632000	2.223160
2.633000	2.223160
2.634000	2.223160
2.635000	2.285950
2.636000	2.223160
2.637000	2.348870
2.638000	2.285950
2.639000	2.285950
2.640000	2.223160
2.641000	2.285950
2.642000	2.285950
2.643000	2.285950
2.644000	2.348870
2.645000	2.348870
2.646000	2.285950
2.647000	2.411660
2.648000	2.348870
2.649000	2.285950
2.650000	2.348870
2.651000	2.285950
2.652000	2.285950
2.653000	2.285950
2.654000	2.223160
2.655000	2.285950
2.656000	2.285950
2.657000	2.348870
2.658000	2.285950
2.659000	2.223160
2.660000	2.285950
2.661000	2.223160
2.662000	2.223160
2.663000	2.223160
2.664000	2.348870
2.665000	2.160370
2.666000	2.160370
2.667000	2.223160
2.668000	2.160370
2.669000	2.223160
2.670000	2.223160
2.671000	2.223160
2.672000	2.097580
2.673000	2.223160
2.674000	2.160370
2.675000	2.160370
2.676000	2.097580
2.677000	2.097580
2.678000	2.097580
2.679000	2.097580
2.680000	2.223160
2.681000	2.097580
2.682000	2.097580
2.683000	2.097580
2.684000	2.160370
2.685000	2.097580
2.686000	2.160370
2.687000	2.034660
2.688000	2.097580
2.689000	2.097580
2.690000	2.097580
2.691000	2.097580
2.692000	2.034660
2.693000	2.034660
2.694000	2.034660
2.695000	2.097580
2.696000	2.160370
2.697000	2.097580
2.698000	2.160370
2.699000	2.034660
2.700000	2.034660
2.701000	1.971870
2.702000	2.160370
2.703000	2.034660
2.704000	2.097580
2.705000	2.097580
2.706000	2.034660
2.707000	2.034660
2.708000	2.034660
2.709000	1.971870
2.710000	2.034660
2.711000	1.971870
2.712000	1.971870
2.713000	1.971870
2.714000	1.971870
2.715000	2.034660
2.716000	1.909080
2.717000	1.971870
2.718000	1.971870
2.719000	1.846160
2.720000	2.034660
2.721000	1.909080
2.722000	1.846160
2.723000	1.909080
2.724000	1.846160
2.725000	1.909080
2.726000	1.909080
2.727000	1.909080
2.728000	1.909080
2.729000	1.846160
2.730000	1.909080
2.731000	1.846160
2.732000	1.846160
2.733000	1.846160
2.734000	1.783370
2.735000	1.846160
2.736000	1.783370
2.737000	1.846160
2.738000	1.846160
2.739000	1.846160
2.740000	1.846160
2.741000	1.783370
2.742000	1.846160
2.743000	1.846160
2.744000	1.846160
2.745000	1.783370
2.746000	1.783370
2.747000	1.846160
2.748000	1.846160
2.749000	1.846160
2.750000	1.846160
2.751000	1.846160
2.752000	1.846160
2.753000	1.846160
2.754000	1.909080
2.755000	1.909080
2.756000	1.846160
2.757000	1.909080
2.758000	1.846160
2.759000	1.909080
2.760000	1.909080
2.761000	1.846160
2.762000	1.846160
2.763000	1.971870
2.764000	1.909080
2.765000	1.909080
2.766000	1.846160
2.767000	1.909080
2.768000	1.909080
2.769000	1.909080
2.770000	1.846160
2.771000	1.971870
2.772000	1.783370
2.773000	1.971870
2.774000	1.971870
2.775000	1.909080
2.776000	1.846160
2.777000	1.909080
2.778000	1.783370
2.779000	1.846160
2.780000	1.846160
2.781000	1.909080
2.782000	1.846160
2.783000	1.783370
2.784000	1.846160
2.785000	1.846160
2.786000	1.846160
2.787000	1.846160
2.788000	1.783370
2.789000	1.846160
2.790000	1.909080
2.791000	1.971870
2.792000	1.846160
2.793000	1.909080
2.794000	1.846160
2.795000	1.846160
2.796000	1.846160
2.797000	1.971870
2.798000	1.909080
2.799000	1.909080
2.800000	1.846160
2.801000	1.971870
2.802000	1.909080
2.803000	1.909080
2.804000	2.034660
2.805000	1.846160
2.806000	1.971870
2.807000	1.971870
2.808000	2.034660
2.809000	1.971870
2.810000	2.034660
2.811000	1.971870
2.812000	1.971870
2.813000	2.034660
2.814000	2.034660
2.815000	1.971870
2.816000	1.971870
2.817000	2.034660
2.818000	2.034660
2.819000	2.097580
2.820000	1.971870
2.821000	1.971870
2.822000	1.909080
2.823000	1.971870
2.824000	1.971870
2.825000	1.971870
2.826000	1.909080
2.827000	1.846160
2.828000	1.971870
2.829000	1.909080
2.830000	1.971870
2.831000	1.909080
2.832000	1.783370
2.833000	1.846160
2.834000	1.971870
2.835000	1.909080
2.836000	1.846160
2.837000	1.846160
2.838000	1.846160
2.839000	1.783370
2.840000	1.846160
2.841000	1.909080
2.842000	1.783370
2.843000	1.783370
2.844000	1.783370
2.845000	1.720580
2.846000	1.783370
2.847000	1.783370
2.848000	1.783370
2.849000	1.720580
2.850000	1.783370
2.851000	1.783370
2.852000	1.846160
2.853000	1.720580
2.854000	1.846160
2.855000	1.783370
2.856000	1.783370
2.857000	1.783370
2.858000	1.846160
2.859000	1.720580
2.860000	1.720580
2.861000	1.720580
2.862000	1.657780
2.863000	1.783370
2.864000	1.720580
2.865000	1.720580
2.866000	1.657780
2.867000	1.657780
2.868000	1.720580
2.869000	1.594860
2.870000	1.720580
2.871000	1.657780
2.872000	1.657780
2.873000	1.657780
2.874000	1.720580
2.875000	1.720580
2.876000	1.720580
2.877000	1.720580
2.878000	1.720580
2.879000	1.594860
2.880000	1.657780
2.881000	1.657780
2.882000	1.594860
2.883000	1.594860
2.884000	1.594860
2.885000	1.657780
2.886000	1.594860
2.887000	1.657780
2.888000	1.532070
2.889000	1.532070
2.890000	1.532070
2.891000	1.469280
2.892000	1.594860
2.893000	1.532070
2.894000	1.532070
2.895000	1.469280
2.896000	1.469280
2.897000	1.594860
2.898000	1.594860
2.899000	1.469280
2.900000	1.532070
2.901000	1.469280
2.902000	1.469280
2.903000	1.594860
2.904000	1.532070
2.905000	1.594860
2.906000	1.532070
2.907000	1.532070
2.908000	1.532070
2.909000	1.532070
2.910000	1.532070
2.911000	1.594860
2.912000	1.532070
2.913000	1.594860
2.914000	1.469280
2.915000	1.594860
2.916000	1.594860
2.917000	1.594860
2.918000	1.657780
2.919000	1.657780
2.920000	1.594860
2.921000	1.657780
2.922000	1.594860
2.923000	1.594860
2.924000	1.594860
2.925000	1.657780
2.926000	1.532070
2.927000	1.532070
2.928000	1.594860
2.929000	1.594860
2.930000	1.720580
2.931000	1.594860
2.932000	1.594860
2.933000	1.657780
2.934000	1.657780
2.935000	1.594860
2.936000	1.657780
2.937000	1.720580
2.938000	1.532070
2.939000	1.657780
2.940000	1.657780
2.941000	1.594860
2.942000	1.594860
2.943000	1.594860
2.944000	1.594860
2.945000	1.657780
2.946000	1.594860
2.947000	1.657780
2.948000	1.594860
2.949000	1.657780
2.950000	1.657780
2.951000	1.594860
2.952000	1.532070
2.953000	1.657780
2.954000	1.594860
2.955000	1.594860
2.956000	1.594860
2.957000	1.657780
2.958000	1.594860
2.959000	1.594860
2.960000	1.594860
2.961000	1.594860
2.962000	1.594860
2.963000	1.720580
2.964000	1.720580
2.965000	1.720580
2.966000	1.657780
2.967000	1.657780
2.968000	1.594860
2.969000	1.783370
2.970000	1.594860
2.971000	1.720580
2.972000	1.720580
2.973000	1.720580
2.974000	1.720580
2.975000	1.720580
2.976000	1.657780
2.977000	1.720580
2.978000	1.594860
2.979000	1.720580
2.980000	1.720580
2.981000	1.720580
2.982000	1.720580
2.983000	1.720580
2.984000	1.720580
2.985000	1.657780
2.986000	1.720580
2.987000	1.657780
2.988000	1.657780
2.989000	1.720580
2.990000	1.657780
2.991000	1.657780
2.992000	1.657780
2.993000	1.594860
2.994000	1.657780
2.995000	1.594860
2.996000	1.532070
2.997000	1.720580
2.998000	1.657780
2.999000	1.594860
3.000000	1.594860
3.001000	1.594860
3.002000	1.532070
3.003000	1.594860
3.004000	1.594860
3.005000	1.657780
3.006000	1.594860
3.007000	1.532070
3.008000	1.532070
3.009000	1.532070
3.010000	1.469280
3.011000	1.532070
3.012000	1.532070
3.013000	1.594860
3.014000	1.594860
3.015000	1.532070
3.016000	1.469280
3.017000	1.532070
3.018000	1.532070
3.019000	1.469280
3.020000	1.594860
3.021000	1.594860
3.022000	1.469280
3.023000	1.469280
3.024000	1.532070
3.025000	1.406360
3.026000	1.469280
3.027000	1.469280
3.028000	1.469280
3.029000	1.532070
3.030000	1.532070
3.031000	1.469280
3.032000	1.469280
3.033000	1.469280
3.034000	1.594860
3.035000	1.594860
3.036000	1.469280
3.037000	1.469280
3.038000	1.469280
3.039000	1.469280
3.040000	1.406360
3.041000	1.469280
3.042000	1.406360
3.043000	1.406360
3.044000	1.406360
3.045000	1.469280
3.046000	1.343570
3.047000	1.406360
3.048000	1.406360
3.049000	1.406360
3.050000	1.406360
3.051000	1.343570
3.052000	1.343570
3.053000	1.406360
3.054000	1.406360
3.055000	1.406360
3.056000	1.406360
3.057000	1.343570
3.058000	1.406360
3.059000	1.343570
3.060000	1.406360
3.061000	1.280780
3.062000	1.343570
3.063000	1.343570
3.064000	1.406360
3.065000	1.343570
3.066000	1.343570
3.067000	1.343570
3.068000	1.406360
3.069000	1.343570
3.070000	1.343570
3.071000	1.343570
3.072000	1.343570
3.073000	1.406360
3.074000	1.406360
3.075000	1.406360
3.076000	1.343570
3.077000	1.343570
3.078000	1.406360
3.079000	1.343570
3.080000	1.406360
3.081000	1.406360
3.082000	1.469280
3.083000	1.406360
3.084000	1.406360
3.085000	1.406360
3.086000	1.469280
3.087000	1.406360
3.088000	1.469280
3.089000	1.406360
3.090000	1.532070
3.091000	1.469280
3.092000	1.469280
3.093000	1.406360
3.094000	1.532070
3.095000	1.469280
3.096000	1.469280
3.097000	1.469280
3.098000	1.343570
3.099000	1.343570
3.100000	1.406360
3.101000	1.406360
3.102000	1.406360
3.103000	1.469280
3.104000	1.406360
3.105000	1.406360
3.106000	1.406360
3.107000	1.406360
3.108000	1.469280
3.109000	1.469280
3.110000	1.532070
3.111000	1.406360
3.112000	1.343570
3.113000	1.406360
3.114000	1.343570
3.115000	1.406360
3.116000	1.406360
3.117000	1.406360
3.118000	1.406360
3.119000	1.469280
3.120000	1.406360
3.121000	1.406360
3.122000	1.343570
3.123000	1.406360
3.124000	1.469280
3.125000	1.406360
3.126000	1.406360
3.127000	1.469280
3.128000	1.406360
3.129000	1.343570
3.130000	1.406360
3.131000	1.469280
3.132000	1.343570
3.133000	1.343570
3.134000	1.469280
3.135000	1.469280
3.136000	1.406360
3.137000	1.469280
3.138000	1.469280
3.139000	1.469280
3.140000	1.532070
3.141000	1.532070
3.142000	1.532070
3.143000	1.469280
3.144000	1.469280
3.145000	1.469280
3.146000	1.469280
3.147000	1.532070
3.148000	1.406360
3.149000	1.406360
3.150000	1.343570
3.151000	1.469280
3.152000	1.469280
3.153000	1.406360
3.154000	1.406360
3.155000	1.406360
3.156000	1.406360
3.157000	1.406360
3.158000	1.469280
3.159000	1.406360
3.160000	1.469280
3.161000	1.280780
3.162000	1.343570
3.163000	1.343570
3.164000	1.406360
3.165000	1.343570
3.166000	1.406360
3.167000	1.406360
3.168000	1.406360
3.169000	1.343570
3.170000	1.343570
3.171000	1.343570
3.172000	1.343570
3.173000	1.343570
3.174000	1.280780
3.175000	1.343570
3.176000	1.280780
3.177000	1.406360
3.178000	1.343570
3.179000	1.280780
3.180000	1.343570
3.181000	1.343570
3.182000	1.280780
3.183000	1.280780
3.184000	1.406360
3.185000	1.343570
3.186000	1.343570
3.187000	1.343570
3.188000	1.343570
3.189000	1.343570
3.190000	1.343570
3.191000	1.280780
3.192000	1.280780
3.193000	1.343570
3.194000	1.406360
3.195000	1.217990
3.196000	1.280780
3.197000	1.343570
3.198000	1.280780
3.199000	1.280780
3.200000	1.343570
3.201000	1.343570
3.202000	1.343570
3.203000	1.280780
3.204000	1.280780
3.205000	1.217990
3.206000	1.280780
3.207000	1.280780
3.208000	1.280780
3.209000	1.217990
3.210000	1.280780
3.211000	1.217990
3.212000	1.155070
3.213000	1.280780
3.214000	1.280780
3.215000	1.217990
3.216000	1.155070
3.217000	1.217990
3.218000	1.280780
3.219000	1.155070
3.220000	1.155070
3.221000	1.155070
3.222000	1.217990
3.223000	1.217990
3.224000	1.155070
3.225000	1.217990
3.226000	1.155070
3.227000	1.155070
3.228000	1.092280
3.229000	1.092280
3.230000	1.217990
3.231000	1.155070
3.232000	1.217990
3.233000	1.155070
3.234000	1.217990
3.235000	1.155070
3.236000	1.155070
3.237000	1.155070
3.238000	1.217990
3.239000	1.217990
3.240000	1.217990
3.241000	1.217990
3.242000	1.280780
3.243000	1.280780
3.244000	1.155070
3.245000	1.217990
3.246000	1.280780
3.247000	1.280780
3.248000	1.217990
3.249000	1.280780
3.250000	1.280780
3.251000	1.217990
3.252000	1.217990
3.253000	1.280780
3.254000	1.280780
3.255000	1.217990
3.256000	1.343570
3.257000	1.217990
3.258000	1.217990
3.259000	1.217990
3.260000	1.280780
3.261000	1.280780
3.262000	1.217990
3.263000	1.217990
3.264000	1.217990
3.265000	1.217990
3.266000	1.155070
3.267000	1.155070
3.268000	1.217990
3.269000	1.217990
3.270000	1.217990
3.271000	1.155070
3.272000	1.217990
3.273000	1.155070
3.274000	1.092280
3.275000	1.155070
3.276000	1.217990
3.277000	1.217990
3.278000	1.155070
3.279000	1.155070
3.280000	1.280780
3.281000	1.217990
3.282000	1.155070
3.283000	1.155070
3.284000	1.217990
3.285000	1.155070
3.286000	1.217990
3.287000	1.217990
3.288000	1.280780
3.289000	1.217990
3.290000	1.155070
3.291000	1.280780
3.292000	1.217990
3.293000	1.092280
3.294000	1.280780
3.295000	1.217990
3.296000	1.217990
3.297000	1.343570
3.298000	1.280780
3.299000	1.280780
3.300000	1.280780
3.301000	1.343570
3.302000	1.280780
3.303000	1.280780
3.304000	1.280780
3.305000	1.217990
3.306000	1.343570
3.307000	1.343570
3.308000	1.280780
3.309000	1.280780
3.310000	1.280780
3.311000	1.343570
3.312000	1.217990
3.313000	1.280780
3.314000	1.280780
3.315000	1.280780
3.316000	1.217990
3.317000	1.280780
3.318000	1.280780
3.319000	1.280780
3.320000	1.280780
3.321000	1.280780
3.322000	1.217990
3.323000	1.280780
3.324000	1.343570
3.325000	1.280780
3.326000	1.217990
3.327000	1.155070
3.328000	1.280780
3.329000	1.155070
3.330000	1.280780
3.331000	1.280780
3.332000	1.155070
3.333000	1.217990
3.334000	1.155070
3.335000	1.217990
3.336000	1.155070
3.337000	1.155070
3.338000	1.155070
3.339000	1.092280
3.340000	1.217990
3.341000	1.155070
3.342000	1.155070
3.343000	1.217990
3.344000	1.217990
3.345000	1.155070
3.346000	1.155070
3.347000	1.217990
3.348000	1.155070
3.349000	1.092280
3.350000	1.155070
3.351000	1.155070
3.352000	1.217990
3.353000	1.155070
3.354000	1.155070
3.355000	1.217990
3.356000	1.155070
3.357000	1.155070
3.358000	1.217990
3.359000	1.155070
3.360000	1.155070
3.361000	1.155070
3.362000	1.155070
3.363000	1.155070
3.364000	1.155070
3.365000	1.155070
3.366000	1.155070
3.367000	1.092280
3.368000	1.155070
3.369000	1.155070
3.370000	1.155070
3.371000	1.155070
3.372000	1.029490
3.373000	1.092280
3.374000	1.092280
3.375000	1.155070
3.376000	1.029490
3.377000	1.092280
3.378000	1.092280
3.379000	1.029490
3.380000	1.155070
3.381000	1.092280
3.382000	1.029490
3.383000	1.029490
3.384000	1.029490
3.385000	1.029490
3.386000	1.092280
3.387000	1.029490
3.388000	1.029490
3.389000	0.966698
3.390000	1.029490
3.391000	1.029490
3.392000	1.029490
3.393000	1.029490
3.394000	0.966698
3.395000	1.092280
3.396000	0.966698
3.397000	1.029490
3.398000	1.029490
3.399000	1.092280
3.400000	0.966698
3.401000	1.029490
3.402000	1.029490
3.403000	1.155070
3.404000	1.029490
3.405000	1.092280
3.406000	1.029490
3.407000	1.092280
3.408000	0.966698
3.409000	1.092280
3.410000	1.029490
3.411000	1.092280
3.412000	1.029490
3.413000	1.092280
3.414000	1.092280
3.415000	1.092280
3.416000	1.092280
3.417000	1.092280
3.418000	1.092280
3.419000	1.092280
3.420000	1.092280
3.421000	1.092280
3.422000	1.092280
3.423000	1.092280
3.424000	1.092280
3.425000	1.029490
3.426000	1.092280
3.427000	1.155070
3.428000	1.092280
3.429000	1.029490
3.430000	1.092280
3.431000	1.092280
3.432000	1.092280
3.433000	1.092280
3.434000	1.092280
3.435000	1.155070
3.436000	1.092280
3.437000	1.155070
3.438000	1.029490
3.439000	1.092280
3.440000	1.092280
3.441000	1.155070
3.442000	1.092280
3.443000	1.092280
3.444000	1.029490
3.445000	1.092280
3.446000	1.155070
3.447000	1.155070
3.448000	1.092280
3.449000	1.029490
3.450000	1.092280
3.451000	1.092280
3.452000	1.092280
3.453000	1.155070
3.454000	1.217990
3.455000	1.092280
3.456000	1.092280
3.457000	1.155070
3.458000	1.155070
3.459000	1.092280
3.460000	1.217990
3.461000	1.155070
3.462000	1.092280
3.463000	1.217990
3.464000	1.155070
3.465000	1.092280
3.466000	1.217990
3.467000	1.217990
3.468000	1.280780
3.469000	1.280780
3.470000	1.155070
3.471000	1.155070
3.472000	1.217990
3.473000	1.155070
3.474000	1.155070
3.475000	1.217990
3.476000	1.155070
3.477000	1.155070
3.478000	1.092280
3.479000	1.155070
3.480000	1.217990
3.481000	1.155070
3.482000	1.155070
3.483000	1.092280
3.484000	1.155070
3.485000	1.155070
3.486000	1.092280
3.487000	1.155070
3.488000	1.029490
3.489000	1.029490
3.490000	1.092280
3.491000	1.092280
3.492000	1.092280
3.493000	1.092280
3.494000	1.155070
3.495000	1.092280
3.496000	1.155070
3.497000	1.155070
3.498000	1.092280
3.499000	1.092280
3.500000	1.029490
3.501000	1.092280
3.502000	1.092280
3.503000	1.029490
3.504000	1.092280
3.505000	1.029490
3.506000	1.029490
3.507000	1.029490
3.508000	1.155070
3.509000	1.092280
3.510000	1.092280
3.511000	1.029490
3.512000	1.029490
3.513000	1.092280
3.514000	1.092280
3.515000	1.029490
3.516000	0.966698
3.517000	0.966698
3.518000	1.092280
3.519000	1.029490
3.520000	1.029490
3.521000	1.029490
3.522000	1.092280
3.523000	1.029490
3.524000	1.092280
3.525000	0.903778
3.526000	1.029490
3.527000	1.029490
3.528000	1.029490
3.529000	0.966698
3.530000	1.029490
3.531000	1.029490
3.532000	1.029490
3.533000	0.966698
3.534000	1.029490
3.535000	0.966698
3.536000	0.903778
3.537000	1.029490
3.538000	0.966698
3.539000	1.029490
3.540000	0.966698
3.541000	1.029490
3.542000	0.966698
3.543000	0.840987
3.544000	0.903778
3.545000	0.903778
3.546000	0.903778
3.547000	0.966698
3.548000	0.903778
3.549000	0.840987
3.550000	0.840987
3.551000	0.903778
3.552000	0.903778
3.553000	0.840987
3.554000	0.966698
3.555000	0.903778
3.556000	0.903778
3.557000	0.840987
3.558000	0.903778
3.559000	0.840987
3.560000	0.903778
3.561000	0.903778
3.562000	0.778196
3.563000	0.840987
3.564000	0.903778
3.565000	0.840987
3.566000	0.840987
3.567000	0.903778
3.568000	0.966698
3.569000	0.966698
3.570000	0.903778
3.571000	0.966698
3.572000	0.840987
3.573000	1.029490
3.574000	0.966698
3.575000	0.966698
3.576000	0.903778
3.577000	1.029490
3.578000	0.903778
3.579000	0.966698
3.580000	0.966698
3.581000	1.029490
3.582000	0.966698
3.583000	1.029490
3.584000	1.029490
3.585000	1.029490
3.586000	0.966698
3.587000	1.029490
3.588000	0.966698
3.589000	1.029490
3.590000	1.029490
3.591000	0.966698
3.592000	0.903778
3.593000	0.966698
3.594000	1.029490
3.595000	0.840987
3.596000	1.092280
3.597000	1.092280
3.598000	1.029490
3.599000	0.966698
3.600000	1.029490
3.601000	0.903778
3.602000	0.903778
3.603000	1.029490
3.604000	0.903778
3.605000	0.966698
3.606000	0.903778
3.607000	1.029490
3.608000	0.966698
3.609000	0.966698
3.610000	0.966698
3.611000	0.966698
3.612000	0.966698
3.613000	0.966698
3.614000	0.966698
3.615000	1.029490
3.616000	0.903778
3.617000	1.029490
3.618000	1.029490
3.619000	0.966698
3.620000	1.029490
3.621000	1.029490
3.622000	0.903778
3.623000	1.029490
3.624000	1.029490
3.625000	1.092280
3.626000	1.029490
3.627000	1.029490
3.628000	1.029490
3.629000	1.092280
3.630000	1.029490
3.631000	1.092280
3.632000	0.966698
3.633000	1.029490
3.634000	1.092280
3.635000	1.092280
3.636000	1.092280
3.637000	1.092280
3.638000	1.029490
3.639000	1.029490
3.640000	1.092280
3.641000	1.029490
3.642000	1.029490
3.643000	1.029490
3.644000	1.029490
3.645000	0.966698
3.646000	1.029490
3.647000	1.029490
3.648000	1.029490
3.649000	1.029490
3.650000	0.966698
3.651000	0.966698
3.652000	0.966698
3.653000	0.966698
3.654000	0.966698
3.655000	0.966698
3.656000	0.840987
3.657000	0.840987
3.658000	0.966698
3.659000	0.903778
3.660000	0.903778
3.661000	0.903778
3.662000	0.840987
3.663000	0.966698
3.664000	0.903778
3.665000	0.903778
3.666000	0.966698
3.667000	0.966698
3.668000	0.966698
3.669000	0.903778
3.670000	0.966698
3.671000	0.966698
3.672000	0.778196
3.673000	0.840987
3.674000	0.903778
3.675000	0.966698
3.676000	0.966698
3.677000	0.903778
3.678000	1.029490
3.679000	0.903778
3.680000	0.966698
3.681000	0.903778
3.682000	0.903778
3.683000	0.840987
3.684000	0.903778
3.685000	0.903778
3.686000	0.903778
3.687000	0.966698
3.688000	0.903778
3.689000	0.840987
3.690000	0.840987
3.691000	0.903778
3.692000	0.903778
3.693000	0.840987
3.694000	0.903778
3.695000	0.840987
3.696000	0.840987
3.697000	0.966698
3.698000	0.840987
3.699000	0.840987
3.700000	0.840987
3.701000	0.840987
3.702000	0.840987
3.703000	0.840987
3.704000	0.903778
3.705000	0.840987
3.706000	0.840987
3.707000	0.840987
3.708000	0.840987
3.709000	0.778196
3.710000	0.778196
3.711000	0.778196
3.712000	0.840987
3.713000	0.840987
3.714000	0.778196
3.715000	0.778196
3.716000	0.778196
3.717000	0.840987
3.718000	0.778196
3.719000	0.778196
3.720000	0.840987
3.721000	0.778196
3.722000	0.778196
3.723000	0.840987
3.724000	0.840987
3.725000	0.778196
3.726000	0.778196
3.727000	0.840987
3.728000	0.778196
3.729000	0.778196
3.730000	0.778196
3.731000	0.840987
3.732000	0.778196
3.733000	0.778196
3.734000	0.840987
3.735000	0.903778
3.736000	0.903778
3.737000	0.840987
3.738000	0.840987
3.739000	0.903778
3.740000	0.903778
3.741000	0.840987
3.742000	0.903778
3.743000	0.840987
3.744000	0.840987
3.745000	0.903778
3.746000	0.903778
3.747000	0.903778
3.748000	0.903778
3.749000	0.778196
3.750000	0.840987
3.751000	0.840987
3.752000	0.840987
3.753000	0.903778
3.754000	0.840987
3.755000	0.903778
3.756000	0.840987
3.757000	0.903778
3.758000	0.840987
3.759000	0.903778
3.760000	0.840987
3.761000	0.840987
3.762000	0.840987
3.763000	0.840987
3.764000	0.778196
3.765000	0.840987
3.766000	0.840987
3.767000	0.840987
3.768000	0.903778
3.769000	0.840987
3.770000	0.903778
3.771000	0.903778
3.772000	0.778196
3.773000	0.840987
3.774000	0.903778
3.775000	0.840987
3.776000	0.778196
3.777000	0.840987
3.778000	0.778196
3.779000	0.840987
3.780000	0.840987
3.781000	0.840987
3.782000	0.903778
3.783000	0.840987
3.784000	0.840987
3.785000	0.840987
3.786000	0.903778
3.787000	0.966698
3.788000	0.840987
3.789000	0.903778
3.790000	0.903778
3.791000	0.903778
3.792000	0.903778
3.793000	0.840987
3.794000	0.903778
3.795000	0.966698
3.796000	0.840987
3.797000	0.966698
3.798000	0.966698
3.799000	0.903778
3.800000	0.840987
3.801000	0.903778
3.802000	0.966698
3.803000	0.903778
3.804000	0.903778
3.805000	0.903778
3.806000	0.966698
3.807000	0.903778
3.808000	0.903778
3.809000	0.840987
3.810000	0.903778
3.811000	0.840987
3.812000	0.840987
3.813000	0.778196
3.814000	0.840987
3.815000	0.840987
3.816000	0.840987
3.817000	0.840987
3.818000	0.966698
3.819000	0.840987
3.820000	0.966698
3.821000	0.840987
3.822000	0.840987
3.823000	0.778196
3.824000	0.840987
3.825000	0.778196
3.826000	0.778196
3.827000	0.840987
3.828000	0.715277
3.829000	0.840987
3.830000	0.840987
3.831000	0.840987
3.832000	0.778196
3.833000	0.778196
3.834000	0.840987
3.835000	0.840987
3.836000	0.840987
3.837000	0.840987
3.838000	0.840987
3.839000	0.778196
3.840000	0.840987
3.841000	0.778196
3.842000	0.715277
3.843000	0.840987
3.844000	0.840987
3.845000	0.840987
3.846000	0.840987
3.847000	0.840987
3.848000	0.840987
3.849000	0.840987
3.850000	0.778196
3.851000	0.778196
3.852000	0.840987
3.853000	0.715277
3.854000	0.778196
3.855000	0.840987
3.856000	0.778196
3.857000	0.778196
3.858000	0.840987
3.859000	0.778196
3.860000	0.840987
3.861000	0.715277
3.862000	0.778196
3.863000	0.715277
3.864000	0.715277
3.865000	0.778196
3.866000	0.715277
3.867000	0.715277
3.868000	0.715277
3.869000	0.715277
3.870000	0.715277
3.871000	0.715277
3.872000	0.715277
3.873000	0.715277
3.874000	0.652486
3.875000	0.715277
3.876000	0.778196
3.877000	0.715277
3.878000	0.715277
3.879000	0.652486
3.880000	0.715277
3.881000	0.715277
3.882000	0.715277
3.883000	0.715277
3.884000	0.652486
3.885000	0.715277
3.886000	0.715277
3.887000	0.715277
3.888000	0.652486
3.889000	0.715277
3.890000	0.715277
3.891000	0.778196
3.892000	0.652486
3.893000	0.715277
3.894000	0.715277
3.895000	0.715277
3.896000	0.715277
3.897000	0.778196
3.898000	0.652486
3.899000	0.715277
3.900000	0.778196
3.901000	0.715277
3.902000	0.778196
3.903000	0.778196
3.904000	0.778196
3.905000	0.652486
3.906000	0.715277
3.907000	0.715277
3.908000	0.715277
3.909000	0.715277
3.910000	0.715277
3.911000	0.715277
3.912000	0.652486
3.913000	0.652486
3.914000	0.778196
3.915000	0.715277
3.916000	0.715277
3.917000	0.715277
3.918000	0.715277
3.919000	0.715277
3.920000	0.715277
3.921000	0.652486
3.922000	0.715277
3.923000	0.715277
3.924000	0.778196
3.925000	0.778196
3.926000	0.652486
3.927000	0.778196
3.928000	0.652486
3.929000	0.778196
3.930000	0.778196
3.931000	0.715277
3.932000	0.715277
3.933000	0.778196
3.934000	0.715277
3.935000	0.715277
3.936000	0.778196
3.937000	0.778196
3.938000	0.778196
3.939000	0.778196
3.940000	0.778196
3.941000	0.778196
3.942000	0.778196
3.943000	0.778196
3.944000	0.778196
3.945000	0.840987
3.946000	0.840987
3.947000	0.715277
3.948000	0.778196
3.949000	0.715277
3.950000	0.778196
3.951000	0.778196
3.952000	0.778196
3.953000	0.778196
3.954000	0.778196
3.955000	0.778196
3.956000	0.715277
3.957000	0.778196
3.958000	0.840987
3.959000	0.778196
3.960000	0.778196
3.961000	0.778196
3.962000	0.840987
3.963000	0.778196
3.964000	0.778196
3.965000	0.778196
3.966000	0.778196
3.967000	0.840987
3.968000	0.840987
3.969000	0.840987
3.970000	0.903778
3.971000	0.778196
3.972000	0.840987
3.973000	0.840987
3.974000	0.966698
3.975000	0.840987
3.976000	0.778196
3.977000	0.840987
3.978000	0.778196
3.979000	0.778196
3.980000	0.840987
3.981000	0.778196
3.982000	0.778196
3.983000	0.715277
3.984000	0.778196
3.985000	0.715277
3.986000	0.778196
3.987000	0.715277
3.988000	0.778196
3.989000	0.715277
3.990000	0.778196
3.991000	0.778196
3.992000	0.778196
3.993000	0.778196
3.994000	0.778196
3.995000	0.778196
3.996000	0.715277
3.997000	0.778196
3.998000	0.778196
3.999000	0.715277
