0.000000	14.518700
0.001000	16.398600
0.002000	16.398600
0.003000	12.638800
0.004000	14.518700
0.005000	12.638800
0.006000	12.638800
0.007000	12.638800
0.008000	10.758900
0.009000	10.758900
0.010000	10.758900
0.011000	12.638800
0.012000	10.758900
0.013000	10.758900
0.014000	6.999180
0.015000	6.999180
0.016000	8.879060
0.017000	6.999180
0.018000	8.879060
0.019000	6.999180
0.020000	6.999180
0.021000	6.999180
0.022000	6.999180
0.023000	8.879060
0.024000	10.758900
0.025000	6.999180
0.026000	6.999180
0.027000	6.999180
0.028000	5.119290
0.029000	5.119290
0.030000	5.119290
0.031000	5.119290
0.032000	5.119290
0.033000	8.879060
0.034000	8.879060
0.035000	10.758900
0.036000	8.879060
0.037000	12.638800
0.038000	12.638800
0.039000	12.638800
0.040000	10.758900
0.041000	12.638800
0.042000	10.758900
0.043000	8.879060
0.044000	10.758900
0.045000	8.879060
0.046000	10.758900
0.047000	12.638800
0.048000	12.638800
0.049000	12.638800
0.050000	10.758900
0.051000	12.638800
0.052000	12.638800
0.053000	12.638800
0.054000	10.758900
0.055000	14.518700
0.056000	14.518700
0.057000	14.518700
0.058000	16.398600
0.059000	14.518700
0.060000	16.398600
0.061000	16.398600
0.062000	14.518700
0.063000	16.398600
0.064000	14.518700
0.065000	16.398600
0.066000	14.518700
0.067000	12.638800
0.068000	16.398600
0.069000	14.518700
0.070000	16.398600
0.071000	14.518700
0.072000	14.518700
0.073000	16.398600
0.074000	12.638800
0.075000	16.398600
0.076000	14.518700
0.077000	12.638800
0.078000	14.518700
0.079000	14.518700
0.080000	16.398600
0.081000	16.398600
0.082000	10.758900
0.083000	14.518700
0.084000	16.398600
0.085000	14.518700
0.086000	14.518700
0.087000	16.398600
0.088000	14.518700
0.089000	12.638800
0.090000	14.518700
0.091000	12.638800
0.092000	16.398600
0.093000	16.398600
0.094000	16.398600
0.095000	14.518700
0.096000	14.518700
0.097000	16.398600
0.098000	14.518700
0.099000	16.398600
0.100000	14.518700
0.101000	16.398600
0.102000	16.398600
0.103000	16.398600
0.104000	18.278500
0.105000	16.398600
0.106000	18.278500
0.107000	16.398600
0.108000	16.398600
0.109000	14.518700
0.110000	16.398600
0.111000	16.398600
0.112000	14.518700
0.113000	16.398600
0.114000	18.278500
0.115000	18.278500
0.116000	18.278500
0.117000	18.278500
0.118000	18.278500
0.119000	18.278500
0.120000	18.278500
0.121000	18.278500
0.122000	18.278500
0.123000	18.278500
0.124000	18.278500
0.125000	18.278500
0.126000	20.158400
0.127000	22.038200
0.128000	18.278500
0.129000	18.278500
0.130000	20.158400
0.131000	20.158400
0.132000	20.158400
0.133000	23.918100
0.134000	22.038200
0.135000	20.158400
0.136000	20.158400
0.137000	22.038200
0.138000	20.158400
0.139000	18.278500
0.140000	20.158400
0.141000	22.038200
0.142000	20.158400
0.143000	20.158400
0.144000	18.278500
0.145000	22.038200
0.146000	22.038200
0.147000	23.918100
0.148000	20.158400
0.149000	20.158400
0.150000	23.918100
0.151000	22.038200
0.152000	22.038200
0.153000	22.038200
0.154000	22.038200
0.155000	70.915199
0.156000	-15.559400
0.157000	-0.520350
0.158000	14.518700
0.159000	35.197399
0.160000	27.677900
0.161000	16.398600
0.162000	8.879060
0.163000	12.638800
0.164000	20.158400
0.165000	40.837101
0.166000	20.158400
0.167000	25.798000
0.168000	16.398600
0.169000	22.038200
0.170000	25.798000
0.171000	33.317501
0.172000	20.158400
0.173000	12.638800
0.174000	22.038200
0.175000	25.798000
0.176000	25.798000
0.177000	25.798000
0.178000	23.918100
0.179000	16.398600
0.180000	22.038200
0.181000	23.918100
0.182000	20.158400
0.183000	20.158400
0.184000	22.038200
0.185000	22.038200
0.186000	18.278500
0.187000	20.158400
0.188000	23.918100
0.189000	25.798000
0.190000	23.918100
0.191000	23.918100
0.192000	23.918100
0.193000	29.557800
0.194000	20.158400
0.195000	23.918100
0.196000	27.677900
0.197000	23.918100
0.198000	25.798000
0.199000	27.677900
0.200000	22.038200
0.201000	23.918100
0.202000	23.918100
0.203000	23.918100
0.204000	20.158400
0.205000	22.038200
0.206000	22.038200
0.207000	20.158400
0.208000	22.038200
0.209000	27.677900
0.210000	23.918100
0.211000	25.798000
0.212000	23.918100
0.213000	22.038200
0.214000	22.038200
0.215000	25.798000
0.216000	23.918100
0.217000	20.158400
0.218000	23.918100
0.219000	22.038200
0.220000	22.038200
0.221000	22.038200
0.222000	23.918100
0.223000	25.798000
0.224000	25.798000
0.225000	33.317501
0.226000	20.158400
0.227000	20.158400
0.228000	25.798000
0.229000	23.918100
0.230000	22.038200
0.231000	22.038200
0.232000	20.158400
0.233000	20.158400
0.234000	22.038200
0.235000	48.356602
0.236000	33.317501
0.237000	-26.838699
0.238000	-6.160000
0.239000	16.398600
0.240000	18.278500
0.241000	12.638800
0.242000	18.278500
0.243000	-0.520350
0.244000	-13.679500
0.245000	8.879060
0.246000	22.038200
0.247000	6.999180
0.248000	12.638800
0.249000	3.239410
0.250000	18.278500
0.251000	16.398600
0.252000	12.638800
0.253000	10.758900
0.254000	12.638800
0.255000	10.758900
0.256000	6.999180
0.257000	-0.520350
0.258000	-0.520350
0.259000	-2.400240
0.260000	10.758900
0.261000	8.879060
0.262000	-0.520350
0.263000	-2.400240
0.264000	-4.280120
0.265000	1.359530
0.266000	3.239410
0.267000	14.518700
0.268000	3.239410
0.269000	-8.039880
0.270000	5.119290
0.271000	5.119290
0.272000	10.758900
0.273000	5.119290
0.274000	3.239410
0.275000	-0.520350
0.276000	3.239410
0.277000	10.758900
0.278000	8.879060
0.279000	10.758900
0.280000	6.999180
0.281000	3.239410
0.282000	10.758900
0.283000	-4.280120
0.284000	-0.520350
0.285000	-0.520350
0.286000	-0.520350
0.287000	-4.280120
0.288000	-4.280120
0.289000	-8.039880
0.290000	-8.039880
0.291000	-4.280120
0.292000	-11.799600
0.293000	-13.679500
0.294000	-9.919760
0.295000	-8.039880
0.296000	-2.400240
0.297000	-2.400240
0.298000	-8.039880
0.299000	-13.679500
0.300000	-8.039880
0.301000	-6.160000
0.302000	-8.039880
0.303000	-8.039880
0.304000	-17.439301
0.305000	-21.199100
0.306000	-19.319201
0.307000	-21.199100
0.308000	-32.478401
0.309000	-34.358200
0.310000	-36.238098
0.311000	-28.718599
0.312000	-28.718599
0.313000	-28.718599
0.314000	-30.598499
0.315000	-0.520350
0.316000	76.554802
0.317000	67.155403
0.318000	61.515800
0.319000	16.398600
0.320000	-0.520350
0.321000	-19.319201
0.322000	-2.400240
0.323000	18.278500
0.324000	23.918100
0.325000	44.596802
0.326000	35.197399
0.327000	23.918100
0.328000	23.918100
0.329000	25.798000
0.330000	10.758900
0.331000	10.758900
0.332000	14.518700
0.333000	3.239410
0.334000	-4.280120
0.335000	1.359530
0.336000	18.278500
0.337000	23.918100
0.338000	20.158400
0.339000	29.557800
0.340000	6.999180
0.341000	-6.160000
0.342000	-0.520350
0.343000	-0.520350
0.344000	18.278500
0.345000	20.158400
0.346000	25.798000
0.347000	23.918100
0.348000	22.038200
0.349000	22.038200
0.350000	16.398600
0.351000	20.158400
0.352000	18.278500
0.353000	14.518700
0.354000	18.278500
0.355000	18.278500
0.356000	20.158400
0.357000	18.278500
0.358000	16.398600
0.359000	16.398600
0.360000	12.638800
0.361000	14.518700
0.362000	14.518700
0.363000	22.038200
0.364000	27.677900
0.365000	22.038200
0.366000	14.518700
0.367000	14.518700
0.368000	20.158400
0.369000	12.638800
0.370000	10.758900
0.371000	12.638800
0.372000	16.398600
0.373000	16.398600
0.374000	16.398600
0.375000	16.398600
0.376000	8.879060
0.377000	16.398600
0.378000	20.158400
0.379000	27.677900
0.380000	29.557800
0.381000	38.957199
0.382000	42.716999
0.383000	50.236500
0.384000	44.596802
0.385000	48.356602
0.386000	29.557800
0.387000	38.957199
0.388000	23.918100
0.389000	20.158400
0.390000	37.077301
0.391000	27.677900
0.392000	35.197399
0.393000	33.317501
0.394000	29.557800
0.395000	42.716999
0.396000	40.837101
0.397000	37.077301
0.398000	46.476700
0.399000	40.837101
0.400000	31.437700
0.401000	33.317501
0.402000	33.317501
0.403000	38.957199
0.404000	37.077301
0.405000	35.197399
0.406000	38.957199
0.407000	37.077301
0.408000	40.837101
0.409000	38.957199
0.410000	42.716999
0.411000	40.837101
0.412000	40.837101
0.413000	38.957199
0.414000	37.077301
0.415000	38.957199
0.416000	37.077301
0.417000	37.077301
0.418000	40.837101
0.419000	35.197399
0.420000	38.957199
0.421000	38.957199
0.422000	37.077301
0.423000	40.837101
0.424000	38.957199
0.425000	42.716999
0.426000	42.716999
0.427000	38.957199
0.428000	35.197399
0.429000	33.317501
0.430000	35.197399
0.431000	33.317501
0.432000	33.317501
0.433000	37.077301
0.434000	40.837101
0.435000	44.596802
0.436000	48.356602
0.437000	50.236500
0.438000	50.236500
0.439000	48.356602
0.440000	48.356602
0.441000	44.596802
0.442000	44.596802
0.443000	44.596802
0.444000	42.716999
0.445000	44.596802
0.446000	42.716999
0.447000	42.716999
0.448000	40.837101
0.449000	42.716999
0.450000	44.596802
0.451000	46.476700
0.452000	44.596802
0.453000	42.716999
0.454000	40.837101
0.455000	42.716999
0.456000	46.476700
0.457000	50.236500
0.458000	46.476700
0.459000	48.356602
0.460000	48.356602
0.461000	48.356602
0.462000	44.596802
0.463000	46.476700
0.464000	42.716999
0.465000	46.476700
0.466000	48.356602
0.467000	46.476700
0.468000	46.476700
0.469000	42.716999
0.470000	44.596802
0.471000	46.476700
0.472000	42.716999
0.473000	40.837101
0.474000	38.957199
0.475000	40.837101
0.476000	38.957199
0.477000	40.837101
0.478000	44.596802
0.479000	46.476700
0.480000	46.476700
0.481000	44.596802
0.482000	42.716999
0.483000	42.716999
0.484000	40.837101
0.485000	42.716999
0.486000	40.837101
0.487000	38.957199
0.488000	42.716999
0.489000	42.716999
0.490000	37.077301
0.491000	42.716999
0.492000	46.476700
0.493000	46.476700
0.494000	42.716999
0.495000	42.716999
0.496000	44.596802
0.497000	46.476700
0.498000	50.236500
0.499000	52.116402
0.500000	46.476700
0.501000	74.675003
0.502000	48.356602
0.503000	29.557800
0.504000	35.197399
0.505000	50.236500
0.506000	33.317501
0.507000	27.677900
0.508000	40.837101
0.509000	37.077301
0.510000	23.918100
0.511000	23.918100
0.512000	25.798000
0.513000	20.158400
0.514000	22.038200
0.515000	6.999180
0.516000	-0.520350
0.517000	6.999180
0.518000	18.278500
0.519000	23.918100
0.520000	12.638800
0.521000	8.879060
0.522000	6.999180
0.523000	3.239410
0.524000	1.359530
0.525000	-2.400240
0.526000	-8.039880
0.527000	-11.799600
0.528000	-13.679500
