0.000000	0.000000
-1.554000	-0.341406
-1.524000	-0.384082
-1.595000	0.298730
-1.834000	-1.194920
-2.310000	-1.664360
-2.815000	-1.450980
-3.423000	-4.523630
-4.112000	-5.889260
-4.756000	-6.529390
-5.323000	-9.431350
-5.881000	-8.449800
-6.486000	-11.010400
-7.099000	-11.522500
-7.617000	-12.760100
-8.197000	-13.357500
-8.819000	-14.253700
-9.382000	-14.851200
-9.974000	-14.808500
-10.522000	-15.277900
-11.156000	-15.619300
-11.152000	-15.662000
-12.370000	-15.363300
-13.010000	-15.960700
-13.670000	-16.088800
-14.302000	-16.942301
-14.854000	-6.102640
-15.533000	-9.559380
