0.000000	-0.359000
-0.008430	-0.377000
-0.015700	-0.359000
-0.000060	-0.377000
-0.019300	-0.359000
-0.009360	-0.359000
-0.013100	-0.359000
-0.001130	-0.359000
-0.024200	-0.359000
-0.017200	-0.359000
-0.017700	0.000000
-0.021400	-0.305000
-0.581000	-1.780000
-0.887000	-3.530000
-1.440000	-7.350000
-1.530000	-7.270000
-1.980000	-7.710000
-2.000000	-9.920000
-2.450000	-11.200000
-2.970000	-11.600000
-3.360000	-13.200000
-3.710000	-14.500000
-4.130000	-14.700000
-4.510000	-15.400000
-4.510000	-16.700001
-5.520000	-17.600000
-6.050000	-18.700001
-6.360000	-19.000000
-6.690000	-20.500000
-7.380000	-21.000000
-7.740000	-21.799999
-8.110000	-22.600000
-8.670000	-23.400000
-9.040000	-24.100000
-9.520000	-24.700001
-9.900000	-25.400000
-9.900000	-26.400000
-11.000000	-27.100000
-11.200000	-27.600000
-11.700000	-28.500000
-12.000000	-29.200001
-12.500000	-29.799999
-13.100000	-30.600000
-13.200000	-31.299999
-13.900000	-31.900000
-14.000000	-32.500000
-14.400000	-33.200001
-14.900000	-33.500000
-15.200000	-34.000000
-15.500000	-34.700001
-15.900000	-35.000000
-16.299999	-35.599998
-16.299999	-36.099998
-16.900000	-36.700001
-16.900000	-36.700001
-17.799999	-36.700001
-17.799999	-36.700001
-18.400000	-36.700001
-18.700001	-36.700001
-19.000000	-36.700001
-19.299999	-36.700001
-19.700001	-36.700001
-19.900000	-36.700001
-20.000000	-36.700001
-20.700001	-36.700001
-21.000000	-36.700001
-21.200001	-36.700001
-21.500000	-36.700001
-22.299999	-36.700001
-23.500000	-33.599998
-25.500000	-32.099998
-28.600000	-29.500000
-31.900000	-22.900000
-36.200001	-15.300000
-39.799999	-11.700000
-48.700001	-10.600000
-52.599998	-10.700000
