-0.500000	-17.290899
-0.499000	-16.776800
-0.498000	-17.290899
-0.497000	-17.290899
-0.496000	-17.290899
-0.495000	-16.776800
-0.494000	-17.806101
-0.493000	-16.776800
-0.492000	-17.290899
-0.491000	-17.290899
-0.490000	-16.776800
-0.489000	-16.776800
-0.488000	-16.776800
-0.487000	-17.806101
-0.486000	-16.776800
-0.485000	-17.806101
-0.484000	-17.290899
-0.483000	-17.290899
-0.482000	-17.290899
-0.481000	-16.776800
-0.480000	-17.290899
-0.479000	-16.776800
-0.478000	-17.806101
-0.477000	-17.290899
-0.476000	-16.776800
-0.475000	-17.290899
-0.474000	-16.776800
-0.473000	-16.776800
-0.472000	-16.776800
-0.471000	-17.290899
-0.470000	-16.776800
-0.469000	-16.776800
-0.468000	-17.290899
-0.467000	-17.290899
-0.466000	-17.290899
-0.465000	-16.776800
-0.464000	-17.290899
-0.463000	-16.776800
-0.462000	-16.776800
-0.461000	-17.290899
-0.460000	-17.290899
-0.459000	-16.262699
-0.458000	-16.776800
-0.457000	-17.290899
-0.456000	-17.806101
-0.455000	-17.290899
-0.454000	-16.776800
-0.453000	-16.262699
-0.452000	-16.776800
-0.451000	-16.776800
-0.450000	-17.290899
-0.449000	-16.776800
-0.448000	-17.806101
-0.447000	-16.776800
-0.446000	-16.776800
-0.445000	-16.262699
-0.444000	-16.776800
-0.443000	-16.776800
-0.442000	-16.776800
-0.441000	-17.806101
-0.440000	-17.290899
-0.439000	-16.776800
-0.438000	-17.806101
-0.437000	-16.776800
-0.436000	-17.806101
-0.435000	-16.776800
-0.434000	-17.290899
-0.433000	-17.290899
-0.432000	-17.290899
-0.431000	-17.290899
-0.430000	-17.806101
-0.429000	-16.776800
-0.428000	-17.806101
-0.427000	-16.776800
-0.426000	-17.290899
-0.425000	-17.290899
-0.424000	-16.776800
-0.423000	-17.290899
-0.422000	-16.776800
-0.421000	-17.290899
-0.420000	-16.776800
-0.419000	-16.776800
-0.418000	-16.262699
-0.417000	-16.776800
-0.416000	-16.776800
-0.415000	-17.806101
-0.414000	-17.290899
-0.413000	-16.776800
-0.412000	-16.776800
-0.411000	-16.776800
-0.410000	-17.806101
-0.409000	-16.776800
-0.408000	-17.290899
-0.407000	-17.806101
-0.406000	-17.290899
-0.405000	-16.776800
-0.404000	-16.776800
-0.403000	-16.776800
-0.402000	-17.290899
-0.401000	-17.806101
-0.400000	-17.290899
-0.399000	-16.776800
-0.398000	-16.776800
-0.397000	-16.776800
-0.396000	-17.290899
-0.395000	-17.290899
-0.394000	-17.290899
-0.393000	-17.290899
-0.392000	-16.776800
-0.391000	-17.290899
-0.390000	-16.776800
-0.389000	-16.776800
-0.388000	-16.776800
-0.387000	-17.290899
-0.386000	-16.776800
-0.385000	-16.776800
-0.384000	-17.290899
-0.383000	-16.776800
-0.382000	-16.776800
-0.381000	-17.806101
-0.380000	-16.776800
-0.379000	-16.776800
-0.378000	-16.776800
-0.377000	-17.806101
-0.376000	-17.290899
-0.375000	-16.776800
-0.374000	-16.776800
-0.373000	-16.776800
-0.372000	-16.776800
-0.371000	-16.776800
-0.370000	-16.776800
-0.369000	-17.806101
-0.368000	-17.290899
-0.367000	-16.776800
-0.366000	-17.806101
-0.365000	-17.290899
-0.364000	-17.290899
-0.363000	-16.776800
-0.362000	-16.776800
-0.361000	-17.290899
-0.360000	-17.290899
-0.359000	-16.776800
-0.358000	-17.290899
-0.357000	-16.776800
-0.356000	-17.290899
-0.355000	-17.290899
-0.354000	-17.290899
-0.353000	-16.776800
-0.352000	-17.290899
-0.351000	-17.806101
-0.350000	-16.776800
-0.349000	-17.290899
-0.348000	-17.290899
-0.347000	-17.290899
-0.346000	-17.290899
-0.345000	-17.290899
-0.344000	-17.806101
-0.343000	-17.290899
-0.342000	-16.776800
-0.341000	-16.776800
-0.340000	-16.776800
-0.339000	-17.806101
-0.338000	-17.806101
-0.337000	-16.262699
-0.336000	-16.776800
-0.335000	-16.776800
-0.334000	-17.290899
-0.333000	-16.262699
-0.332000	-16.776800
-0.331000	-17.806101
-0.330000	-16.776800
-0.329000	-17.290899
-0.328000	-16.776800
-0.327000	-16.776800
-0.326000	-17.290899
-0.325000	-16.776800
-0.324000	-17.806101
-0.323000	-16.776800
-0.322000	-17.290899
-0.321000	-17.290899
-0.320000	-16.776800
-0.319000	-17.290899
-0.318000	-17.290899
-0.317000	-16.776800
-0.316000	-16.776800
-0.315000	-17.806101
-0.314000	-17.290899
-0.313000	-17.290899
-0.312000	-16.776800
-0.311000	-16.776800
-0.310000	-16.776800
-0.309000	-17.806101
-0.308000	-16.776800
-0.307000	-17.290899
-0.306000	-16.776800
-0.305000	-16.776800
-0.304000	-17.290899
-0.303000	-16.776800
-0.302000	-16.776800
-0.301000	-16.262699
-0.300000	-16.776800
-0.299000	-16.776800
-0.298000	-16.776800
-0.297000	-16.776800
-0.296000	-17.290899
-0.295000	-16.776800
-0.294000	-16.776800
-0.293000	-17.806101
-0.292000	-17.290899
-0.291000	-17.806101
-0.290000	-16.776800
-0.289000	-16.262699
-0.288000	-16.776800
-0.287000	-16.776800
-0.286000	-17.290899
-0.285000	-16.776800
-0.284000	-17.290899
-0.283000	-16.776800
-0.282000	-16.776800
-0.281000	-17.290899
-0.280000	-17.290899
-0.279000	-16.776800
-0.278000	-16.776800
-0.277000	-17.290899
-0.276000	-16.776800
-0.275000	-17.290899
-0.274000	-16.776800
-0.273000	-16.776800
-0.272000	-17.290899
-0.271000	-16.776800
-0.270000	-16.776800
-0.269000	-16.776800
-0.268000	-16.776800
-0.267000	-16.776800
-0.266000	-16.776800
-0.265000	-16.776800
-0.264000	-17.290899
-0.263000	-17.806101
-0.262000	-17.290899
-0.261000	-16.776800
-0.260000	-16.776800
-0.259000	-16.776800
-0.258000	-16.776800
-0.257000	-17.290899
-0.256000	-17.290899
-0.255000	-16.776800
-0.254000	-16.776800
-0.253000	-16.776800
-0.252000	-16.776800
-0.251000	-16.776800
-0.250000	-16.776800
-0.249000	-17.290899
-0.248000	-17.290899
-0.247000	-17.290899
-0.246000	-16.776800
-0.245000	-17.290899
-0.244000	-17.806101
-0.243000	-17.290899
-0.242000	-17.806101
-0.241000	-17.806101
-0.240000	-17.806101
-0.239000	-16.776800
-0.238000	-16.776800
-0.237000	-17.290899
-0.236000	-16.776800
-0.235000	-16.776800
-0.234000	-16.776800
-0.233000	-17.290899
-0.232000	-17.290899
-0.231000	-16.776800
-0.230000	-16.776800
-0.229000	-16.262699
-0.228000	-17.806101
-0.227000	-17.290899
-0.226000	-17.290899
-0.225000	-16.776800
-0.224000	-16.776800
-0.223000	-17.806101
-0.222000	-17.806101
-0.221000	-16.776800
-0.220000	-16.776800
-0.219000	-16.776800
-0.218000	-16.776800
-0.217000	-17.806101
-0.216000	-16.776800
-0.215000	-16.262699
-0.214000	-16.262699
-0.213000	-16.262699
-0.212000	-16.776800
-0.211000	-16.776800
-0.210000	-16.776800
-0.209000	-16.262699
-0.208000	-16.776800
-0.207000	-16.776800
-0.206000	-17.290899
-0.205000	-17.290899
-0.204000	-17.290899
-0.203000	-17.290899
-0.202000	-16.776800
-0.201000	-16.776800
-0.200000	-17.806101
-0.199000	-16.776800
-0.198000	-16.776800
-0.197000	-17.290899
-0.196000	-17.806101
-0.195000	-16.776800
-0.194000	-17.290899
-0.193000	-17.290899
-0.192000	-16.776800
-0.191000	-16.776800
-0.190000	-16.776800
-0.189000	-17.290899
-0.188000	-16.776800
-0.187000	-17.290899
-0.186000	-17.806101
-0.185000	-16.776800
-0.184000	-16.776800
-0.183000	-17.290899
-0.182000	-17.290899
-0.181000	-16.262699
-0.180000	-16.776800
-0.179000	-16.776800
-0.178000	-16.776800
-0.177000	-16.776800
-0.176000	-17.290899
-0.175000	-16.776800
-0.174000	-16.776800
-0.173000	-18.320200
-0.172000	-17.806101
-0.171000	-17.290899
-0.170000	-17.290899
-0.169000	-17.806101
-0.168000	-16.776800
-0.167000	-16.776800
-0.166000	-17.290899
-0.165000	-17.290899
-0.164000	-17.290899
-0.163000	-16.776800
-0.162000	-16.776800
-0.161000	-17.290899
-0.160000	-17.290899
-0.159000	-17.290899
-0.158000	-17.290899
-0.157000	-17.290899
-0.156000	-16.776800
-0.155000	-17.806101
-0.154000	-17.290899
-0.153000	-16.776800
-0.152000	-16.776800
-0.151000	-16.776800
-0.150000	-17.290899
-0.149000	-17.290899
-0.148000	-16.776800
-0.147000	-17.290899
-0.146000	-17.290899
-0.145000	-17.290899
-0.144000	-16.776800
-0.143000	-17.290899
-0.142000	-16.776800
-0.141000	-16.776800
-0.140000	-16.262699
-0.139000	-17.290899
-0.138000	-17.290899
-0.137000	-16.776800
-0.136000	-16.776800
-0.135000	-16.776800
-0.134000	-16.776800
-0.133000	-16.776800
-0.132000	-17.806101
-0.131000	-16.776800
-0.130000	-17.290899
-0.129000	-16.776800
-0.128000	-17.806101
-0.127000	-17.290899
-0.126000	-17.290899
-0.125000	-17.806101
-0.124000	-16.776800
-0.123000	-17.806101
-0.122000	-16.776800
-0.121000	-17.290899
-0.120000	-17.806101
-0.119000	-16.776800
-0.118000	-16.776800
-0.117000	-16.776800
-0.116000	-16.776800
-0.115000	-17.290899
-0.114000	-16.776800
-0.113000	-17.290899
-0.112000	-16.776800
-0.111000	-16.776800
-0.110000	-17.806101
-0.109000	-17.806101
-0.108000	-17.290899
-0.107000	-16.776800
-0.106000	-18.320200
-0.105000	-16.776800
-0.104000	-17.806101
-0.103000	-17.806101
-0.102000	-17.290899
-0.101000	-16.776800
-0.100000	-16.262699
-0.099000	-16.776800
-0.098000	-17.290899
-0.097000	-17.290899
-0.096000	-16.776800
-0.095000	-17.290899
-0.094000	-17.806101
-0.093000	-17.806101
-0.092000	-16.776800
-0.091000	-16.776800
-0.090000	-16.776800
-0.089000	-17.290899
-0.088000	-17.806101
-0.087000	-17.806101
-0.086000	-16.776800
-0.085000	-17.290899
-0.084000	-17.290899
-0.083000	-16.776800
-0.082000	-16.776800
-0.081000	-16.776800
-0.080000	-17.290899
-0.079000	-17.290899
-0.078000	-17.290899
-0.077000	-16.776800
-0.076000	-16.776800
-0.075000	-17.290899
-0.074000	-16.776800
-0.073000	-17.290899
-0.072000	-17.290899
-0.071000	-18.320200
-0.070000	-16.776800
-0.069000	-16.776800
-0.068000	-16.776800
-0.067000	-17.290899
-0.066000	-16.776800
-0.065000	-16.776800
-0.064000	-17.290899
-0.063000	-16.776800
-0.062000	-16.262699
-0.061000	-17.290899
-0.060000	-16.776800
-0.059000	-16.262699
-0.058000	-16.776800
-0.057000	-16.262699
-0.056000	-16.262699
-0.055000	-16.776800
-0.054000	-17.290899
-0.053000	-17.290899
-0.052000	-17.290899
-0.051000	-16.776800
-0.050000	-16.262699
-0.049000	-16.776800
-0.048000	-16.776800
-0.047000	-17.290899
-0.046000	-16.776800
-0.045000	-16.262699
-0.044000	-17.806101
-0.043000	-16.776800
-0.042000	-17.290899
-0.041000	-16.776800
-0.040000	-17.290899
-0.039000	-17.290899
-0.038000	-16.776800
-0.037000	-17.290899
-0.036000	-17.806101
-0.035000	-17.290899
-0.034000	-16.776800
-0.033000	-17.290899
-0.032000	-16.776800
-0.031000	-17.290899
-0.030000	-17.290899
-0.029000	-17.806101
-0.028000	-17.290899
-0.027000	-17.806101
-0.026000	-16.776800
-0.025000	-17.290899
-0.024000	-16.776800
-0.023000	-17.290899
-0.022000	-16.776800
-0.021000	-17.290899
-0.020000	-16.776800
-0.019000	-16.776800
-0.018000	-17.290899
-0.017000	-16.776800
-0.016000	-17.806101
-0.015000	-19.348400
-0.014000	-19.348400
-0.013000	-20.891800
-0.012000	-20.891800
-0.011000	-22.435101
-0.010000	-23.978500
-0.009000	-24.492599
-0.008000	-25.007700
-0.007000	-25.007700
-0.006000	-25.521799
-0.005000	-26.035999
-0.004000	-27.065201
-0.003000	-27.065201
-0.002000	-28.607500
-0.001000	-28.607500
0.000000	-29.122700
0.001000	-28.607500
0.002000	-30.666000
0.003000	-30.666000
0.004000	-30.666000
0.005000	-34.780998
0.006000	-32.723499
0.007000	-35.295101
0.008000	-36.838402
0.009000	-36.838402
0.010000	-38.381802
0.011000	-34.780998
0.012000	-19.348400
0.013000	-30.150900
0.014000	-35.809200
0.015000	-30.150900
0.016000	-35.295101
0.017000	-30.666000
0.018000	-36.838402
0.019000	-35.295101
0.020000	-41.982601
0.021000	-41.468498
0.022000	-37.352501
0.023000	-36.838402
0.024000	-34.780998
0.025000	-38.895901
0.026000	-43.526001
0.027000	-41.468498
0.028000	-43.010799
0.029000	-45.583500
0.030000	-44.040100
0.031000	-48.154999
0.032000	-47.126801
0.033000	-48.154999
0.034000	-45.583500
0.035000	-43.526001
0.036000	-43.010799
0.037000	-42.496700
0.038000	-42.496700
0.039000	-46.097599
0.040000	-43.526001
0.041000	-45.068298
0.042000	-45.583500
0.043000	-43.010799
0.044000	-43.010799
0.045000	-43.526001
0.046000	-39.925201
0.047000	-38.895901
0.048000	-40.439301
0.049000	-40.439301
0.050000	-44.040100
0.051000	-44.040100
0.052000	-45.583500
0.053000	-46.097599
0.054000	-46.611698
0.055000	-47.126801
0.056000	-46.097599
0.057000	-45.583500
0.058000	-45.068298
0.059000	-45.068298
0.060000	-47.640900
0.061000	-48.154999
0.062000	-49.698399
0.063000	-48.669102
0.064000	-48.669102
0.065000	-48.154999
0.066000	-46.097599
0.067000	-45.583500
0.068000	-45.068298
0.069000	-43.526001
0.070000	-44.554199
0.071000	-43.526001
0.072000	-44.554199
0.073000	-45.068298
0.074000	-43.526001
0.075000	-44.040100
0.076000	-43.010799
0.077000	-42.496700
0.078000	-42.496700
0.079000	-41.982601
0.080000	-40.953400
0.081000	-40.439301
0.082000	-39.925201
0.083000	-40.439301
0.084000	-41.468498
0.085000	-43.010799
0.086000	-43.010799
0.087000	-42.496700
0.088000	-41.982601
0.089000	-41.468498
0.090000	-40.953400
0.091000	-41.468498
0.092000	-40.953400
0.093000	-40.439301
0.094000	-41.468498
0.095000	-40.953400
0.096000	-42.496700
0.097000	-41.982601
0.098000	-42.496700
0.099000	-41.468498
0.100000	-41.468498
0.101000	-41.468498
0.102000	-40.439301
0.103000	-40.953400
0.104000	-41.468498
0.105000	-40.953400
0.106000	-40.953400
0.107000	-40.439301
0.108000	-40.439301
0.109000	-40.439301
0.110000	-40.439301
0.111000	-40.439301
0.112000	-40.439301
0.113000	-39.925201
0.114000	-39.925201
0.115000	-39.925201
0.116000	-40.439301
0.117000	-39.410000
0.118000	-39.410000
0.119000	-52.785099
0.120000	-38.381802
0.121000	-45.583500
0.122000	-26.550100
0.123000	-50.212502
0.124000	-33.237598
0.125000	-41.982601
0.126000	-41.468498
0.127000	-34.266899
0.128000	-40.439301
0.129000	-43.526001
0.130000	-35.295101
0.131000	-41.468498
0.132000	-38.895901
0.133000	-43.526001
0.134000	-35.295101
0.135000	-38.895901
0.136000	-39.410000
0.137000	-36.324299
0.138000	-40.439301
0.139000	-37.867699
0.140000	-38.381802
0.141000	-38.895901
0.142000	-38.381802
0.143000	-38.895901
0.144000	-36.838402
0.145000	-35.809200
0.146000	-39.925201
0.147000	-36.324299
0.148000	-36.838402
0.149000	-36.838402
0.150000	-35.809200
0.151000	-35.295101
0.152000	-34.780998
0.153000	-35.809200
0.154000	-35.295101
0.155000	-36.324299
0.156000	-36.838402
0.157000	-37.352501
0.158000	-36.324299
0.159000	-37.352501
0.160000	-37.352501
0.161000	-37.352501
0.162000	-37.352501
0.163000	-37.352501
0.164000	-36.324299
0.165000	-35.809200
0.166000	-34.780998
0.167000	-35.295101
0.168000	-34.266899
0.169000	-35.295101
0.170000	-34.266899
0.171000	-34.780998
0.172000	-35.295101
0.173000	-33.751701
0.174000	-33.751701
0.175000	-33.237598
0.176000	-32.723499
0.177000	-34.266899
0.178000	-34.266899
0.179000	-34.266899
0.180000	-33.751701
0.181000	-33.237598
0.182000	-33.751701
0.183000	-33.237598
0.184000	-32.723499
0.185000	-32.208302
0.186000	-31.694201
0.187000	-32.723499
0.188000	-32.208302
0.189000	-32.723499
0.190000	-32.723499
0.191000	-32.208302
0.192000	-32.208302
0.193000	-31.694201
0.194000	-32.208302
0.195000	-31.694201
0.196000	-31.694201
0.197000	-31.180099
0.198000	-30.666000
0.199000	-31.180099
0.200000	-31.180099
0.201000	-31.180099
0.202000	-31.694201
0.203000	-31.694201
0.204000	-30.150900
0.205000	-30.150900
0.206000	-30.150900
0.207000	-29.122700
0.208000	-29.636801
0.209000	-29.122700
0.210000	-29.122700
0.211000	-30.150900
0.212000	-29.122700
0.213000	-29.122700
0.214000	-28.093399
0.215000	-28.607500
0.216000	-27.065201
0.217000	-27.065201
0.218000	-27.065201
0.219000	-25.007700
0.220000	-26.035999
0.221000	-26.035999
0.222000	-27.065201
0.223000	-27.579300
0.224000	-28.093399
0.225000	-28.093399
0.226000	-27.065201
0.227000	-26.550100
0.228000	-26.550100
0.229000	-26.035999
0.230000	-25.521799
0.231000	-25.007700
0.232000	-25.521799
0.233000	-25.007700
0.234000	-26.035999
0.235000	-26.035999
0.236000	-25.007700
0.237000	-23.978500
0.238000	-24.492599
0.239000	-22.949200
0.240000	-23.464399
0.241000	-22.949200
0.242000	-23.464399
0.243000	-23.464399
0.244000	-23.464399
0.245000	-23.978500
0.246000	-23.978500
0.247000	-23.978500
0.248000	-22.949200
0.249000	-22.435101
0.250000	-22.435101
0.251000	-21.921000
0.252000	-22.949200
0.253000	-22.435101
0.254000	-22.949200
0.255000	-23.464399
0.256000	-23.978500
0.257000	-24.492599
0.258000	-23.978500
0.259000	-23.464399
0.260000	-22.949200
0.261000	-22.949200
0.262000	-22.949200
0.263000	-21.921000
0.264000	-21.921000
0.265000	-22.435101
0.266000	-21.921000
0.267000	-22.949200
0.268000	-22.949200
0.269000	-22.949200
0.270000	-22.949200
0.271000	-22.435101
0.272000	-21.921000
0.273000	-22.435101
0.274000	-20.891800
0.275000	-21.921000
0.276000	-21.921000
0.277000	-22.435101
0.278000	-23.978500
0.279000	-21.921000
0.280000	-25.007700
0.281000	-22.949200
0.282000	-23.464399
0.283000	-22.949200
0.284000	-21.921000
0.285000	-22.949200
0.286000	-21.921000
0.287000	-23.464399
0.288000	-22.949200
0.289000	-21.921000
0.290000	-23.978500
0.291000	-22.435101
0.292000	-22.949200
0.293000	-22.435101
0.294000	-21.921000
0.295000	-21.406900
0.296000	-20.891800
0.297000	-21.406900
0.298000	-21.406900
0.299000	-22.435101
0.300000	-23.978500
0.301000	-23.978500
0.302000	-22.949200
0.303000	-23.464399
0.304000	-23.978500
0.305000	-21.921000
0.306000	-23.464399
0.307000	-24.492599
0.308000	-23.978500
0.309000	-23.978500
0.310000	-23.464399
0.311000	-23.978500
0.312000	-24.492599
0.313000	-25.521799
0.314000	-24.492599
0.315000	-23.464399
0.316000	-23.978500
0.317000	-23.978500
0.318000	-22.949200
0.319000	-23.464399
0.320000	-22.949200
0.321000	-23.978500
0.322000	-24.492599
0.323000	-24.492599
0.324000	-25.007700
0.325000	-24.492599
0.326000	-25.007700
0.327000	-25.007700
0.328000	-23.978500
0.329000	-23.978500
0.330000	-24.492599
0.331000	-24.492599
0.332000	-25.521799
0.333000	-24.492599
0.334000	-25.521799
0.335000	-25.521799
0.336000	-25.521799
0.337000	-25.007700
0.338000	-24.492599
0.339000	-25.007700
0.340000	-23.978500
0.341000	-24.492599
0.342000	-24.492599
0.343000	-24.492599
0.344000	-25.521799
0.345000	-26.035999
0.346000	-25.521799
0.347000	-25.521799
0.348000	-25.007700
0.349000	-25.007700
0.350000	-25.521799
0.351000	-25.007700
0.352000	-25.521799
0.353000	-26.035999
0.354000	-26.035999
0.355000	-26.035999
0.356000	-26.035999
0.357000	-25.007700
0.358000	-25.007700
0.359000	-24.492599
0.360000	-23.978500
0.361000	-23.978500
0.362000	-23.978500
0.363000	-23.978500
0.364000	-24.492599
0.365000	-25.007700
0.366000	-25.521799
0.367000	-25.007700
0.368000	-26.550100
0.369000	-26.035999
0.370000	-26.035999
0.371000	-26.035999
0.372000	-27.065201
0.373000	-26.550100
0.374000	-26.550100
0.375000	-27.065201
0.376000	-27.065201
0.377000	-27.579300
0.378000	-26.550100
0.379000	-26.550100
0.380000	-26.035999
0.381000	-26.550100
0.382000	-23.978500
0.383000	-25.007700
0.384000	-25.521799
0.385000	-25.521799
0.386000	-25.521799
0.387000	-27.065201
0.388000	-27.065201
0.389000	-26.035999
0.390000	-26.035999
0.391000	-26.550100
0.392000	-26.550100
0.393000	-26.035999
0.394000	-26.550100
0.395000	-27.579300
0.396000	-27.579300
0.397000	-27.579300
0.398000	-27.065201
0.399000	-27.065201
0.400000	-26.550100
0.401000	-26.035999
0.402000	-27.579300
0.403000	-24.492599
0.404000	-26.035999
0.405000	-26.035999
0.406000	-27.065201
0.407000	-27.065201
0.408000	-27.065201
0.409000	-27.065201
0.410000	-27.579300
0.411000	-27.065201
0.412000	-27.065201
0.413000	-26.035999
0.414000	-27.579300
0.415000	-27.579300
0.416000	-27.579300
0.417000	-26.550100
0.418000	-28.093399
0.419000	-26.550100
0.420000	-26.550100
0.421000	-26.550100
0.422000	-25.007700
0.423000	-24.492599
0.424000	-26.035999
0.425000	-25.007700
0.426000	-26.035999
0.427000	-26.035999
0.428000	-28.093399
0.429000	-26.550100
0.430000	-27.579300
0.431000	-28.093399
0.432000	-23.978500
0.433000	-28.093399
0.434000	-24.492599
0.435000	-26.550100
0.436000	-26.035999
0.437000	-28.093399
0.438000	-24.492599
0.439000	-26.550100
0.440000	-22.949200
0.441000	-26.035999
0.442000	-26.550100
0.443000	-21.921000
0.444000	-25.521799
0.445000	-21.406900
0.446000	-25.007700
0.447000	-21.921000
0.448000	-26.035999
0.449000	-24.492599
0.450000	-31.694201
0.451000	-45.583500
0.452000	15.115500
0.453000	-19.348400
0.454000	-34.780998
0.455000	11.000500
0.456000	-45.068298
0.457000	34.662998
0.458000	-33.751701
0.459000	-5.460240
0.460000	-16.776800
0.461000	-19.863600
0.462000	-2.887620
0.463000	-27.065201
0.464000	-25.007700
0.465000	-0.830150
0.466000	-27.065201
0.467000	-8.546960
0.468000	-20.891800
0.469000	-11.118500
0.470000	-9.061070
0.471000	-22.949200
0.472000	5.342250
0.473000	-3.916880
0.474000	-2.373510
0.475000	-12.661900
0.476000	-1.859410
0.477000	-11.632600
0.478000	-14.205300
0.479000	-4.946140
0.480000	-17.806101
0.481000	-37.867699
0.482000	-11.632600
0.483000	4.314040
0.484000	-4.430980
0.485000	20.259701
0.486000	21.288900
0.487000	29.004700
0.488000	22.317101
0.489000	19.745600
0.490000	0.198056
0.491000	8.943080
0.492000	19.745600
0.493000	17.174000
0.494000	19.231501
0.495000	26.947201
0.496000	26.947201
0.497000	19.231501
0.498000	45.979599
0.499000	48.552200
0.500000	42.893902
0.501000	25.917999
0.502000	12.543900
0.503000	2.770680
0.504000	4.828140
0.505000	16.658800
0.506000	3.284780
0.507000	22.317101
0.508000	23.346399
0.509000	33.119598
0.510000	19.745600
0.511000	38.263802
0.512000	32.605499
0.513000	29.004700
0.514000	22.832300
0.515000	20.774799
0.516000	21.802999
0.517000	27.461300
0.518000	9.972340
0.519000	17.688101
0.520000	27.975401
0.521000	41.864601
0.522000	34.662998
0.523000	38.777901
0.524000	27.975401
0.525000	31.576300
0.526000	27.975401
0.527000	35.177101
0.528000	20.774799
0.529000	36.720402
0.530000	45.979599
0.531000	60.896999
0.532000	70.157204
0.533000	70.671303
0.534000	58.839500
0.535000	56.268002
0.536000	45.465500
0.537000	48.552200
0.538000	54.210499
0.539000	39.807201
0.540000	36.206299
0.541000	53.696400
0.542000	63.469601
0.543000	36.720402
0.544000	70.157204
0.545000	52.667099
0.546000	27.975401
0.547000	26.433100
0.548000	37.235600
0.549000	7.914870
0.550000	7.914870
0.551000	22.317101
0.552000	28.490601
0.553000	19.745600
0.554000	38.263802
0.555000	40.836399
0.556000	64.497803
0.557000	53.696400
0.558000	64.497803
0.559000	44.436199
0.560000	59.868801
0.561000	59.354698
0.562000	70.157204
0.563000	69.127899
0.564000	89.703598
0.565000	95.361900
0.566000	80.444504
0.567000	70.157204
0.568000	61.412102
0.569000	55.753899
0.570000	47.008801
0.571000	47.522900
0.572000	51.123798
0.573000	49.580399
0.574000	55.238701
0.575000	57.297199
0.576000	66.041199
0.577000	60.382900
0.578000	60.896999
0.579000	43.922100
0.580000	50.095600
0.581000	39.807201
0.582000	33.634800
0.583000	24.889799
0.584000	63.469601
0.585000	72.728699
0.586000	68.613800
0.587000	71.699501
0.588000	80.444504
0.589000	62.440399
0.590000	75.300301
0.591000	76.329597
0.592000	69.127899
0.593000	70.671303
0.594000	71.699501
0.595000	59.868801
0.596000	57.297199
0.597000	50.609699
0.598000	61.412102
0.599000	49.580399
0.600000	59.354698
0.601000	50.095600
0.602000	60.896999
0.603000	66.556297
0.604000	78.901100
0.605000	81.987900
0.606000	88.675400
0.607000	94.333702
0.608000	86.102798
0.609000	83.531197
0.610000	74.786201
0.611000	78.901100
0.612000	68.098602
0.613000	75.815498
0.614000	66.041199
0.615000	73.758003
0.616000	69.641998
0.617000	75.815498
0.618000	71.699501
0.619000	72.214600
0.620000	69.641998
0.621000	67.584503
0.622000	72.214600
0.623000	74.786201
0.624000	81.987900
0.625000	87.646202
0.626000	88.675400
0.627000	92.790298
0.628000	88.675400
0.629000	87.132103
0.630000	84.045303
0.631000	84.045303
0.632000	87.646202
0.633000	84.559402
0.634000	90.218803
0.635000	79.930397
0.636000	88.160301
0.637000	79.416298
0.638000	84.559402
0.639000	78.387001
0.640000	82.501999
0.641000	79.416298
0.642000	79.930397
0.643000	80.958603
0.644000	87.132103
0.645000	81.987900
0.646000	89.703598
0.647000	85.074600
0.648000	92.790298
0.649000	88.675400
0.650000	91.247002
0.651000	86.102798
0.652000	91.247002
0.653000	87.132103
0.654000	92.276199
0.655000	83.531197
0.656000	94.847801
0.657000	84.559402
0.658000	94.847801
0.659000	87.132103
0.660000	97.934502
0.661000	84.045303
0.662000	96.391197
0.663000	83.531197
0.664000	92.276199
0.665000	90.732903
0.666000	98.962700
0.667000	87.646202
0.668000	92.790298
0.669000	93.304398
0.670000	88.160301
0.671000	92.276199
0.672000	94.847801
0.673000	95.877098
0.674000	94.333702
0.675000	99.477898
0.676000	93.818604
0.677000	97.419403
0.678000	98.962700
0.679000	100.505997
0.680000	96.391197
0.681000	105.650002
0.682000	96.905296
0.683000	100.505997
0.684000	97.419403
0.685000	99.477898
0.686000	95.877098
0.687000	101.535004
0.688000	96.905296
0.689000	96.391197
0.690000	98.962700
0.691000	99.477898
0.692000	91.247002
0.693000	92.276199
0.694000	90.732903
0.695000	87.132103
0.696000	82.501999
0.697000	83.017097
0.698000	80.958603
0.699000	76.329597
0.700000	76.329597
0.701000	73.242798
0.702000	62.955502
0.703000	60.382900
0.704000	57.811298
0.705000	53.181198
0.706000	51.123798
0.707000	52.667099
0.708000	48.552200
0.709000	51.637901
0.710000	47.008801
0.711000	52.153000
0.712000	45.465500
0.713000	48.552200
0.714000	42.893902
0.715000	39.293098
0.716000	27.461300
0.717000	23.346399
0.718000	12.543900
0.719000	11.514600
0.720000	2.255520
0.721000	2.770680
0.722000	-5.460240
0.723000	1.741420
0.724000	-7.517700
0.725000	2.770680
0.726000	-5.974340
0.727000	-1.859410
0.728000	-5.460240
0.729000	-6.488440
0.730000	-2.887620
0.731000	-10.089300
0.732000	12.029800
0.733000	-4.430980
0.734000	-14.719400
0.735000	-10.604400
0.736000	-0.316047
0.737000	-1.859410
0.738000	15.115500
0.739000	10.486400
0.740000	9.457180
0.741000	-7.517700
0.742000	3.284780
0.743000	-2.887620
0.744000	-9.061070
0.745000	-20.891800
0.746000	-15.747600
0.747000	-7.517700
0.748000	-7.003600
0.749000	-12.146700
0.750000	-21.406900
0.751000	-2.373510
0.752000	-9.061070
0.753000	2.770680
0.754000	3.284780
0.755000	21.288900
0.756000	-8.546960
0.757000	14.601400
0.758000	-15.747600
0.759000	1.741420
0.760000	-13.690100
0.761000	-10.604400
0.762000	-19.863600
0.763000	-12.661900
0.764000	-13.690100
0.765000	-22.949200
0.766000	-7.003600
0.767000	-15.233500
0.768000	-4.946140
0.769000	5.856350
0.770000	-27.579300
0.771000	-15.747600
0.772000	-12.661900
0.773000	2.255520
0.774000	15.115500
0.775000	-2.887620
0.776000	16.658800
0.777000	2.255520
0.778000	23.860500
0.779000	-7.517700
0.780000	-7.003600
0.781000	-12.146700
0.782000	-11.118500
0.783000	-1.345310
0.784000	4.828140
0.785000	3.284780
0.786000	-13.176000
0.787000	5.342250
0.788000	-8.031810
0.789000	-4.430980
0.790000	-1.859410
0.791000	-0.830150
0.792000	-9.061070
0.793000	6.885610
0.794000	0.198056
0.795000	8.943080
0.796000	-1.859410
0.797000	6.885610
0.798000	-5.974340
0.799000	17.174000
0.800000	-13.176000
0.801000	-12.146700
0.802000	-0.316047
0.803000	1.227320
0.804000	-6.488440
0.805000	-25.521799
0.806000	-18.834299
0.807000	-8.031810
0.808000	-16.776800
0.809000	-19.348400
0.810000	-5.974340
0.811000	-23.978500
0.812000	-17.290899
0.813000	14.087300
0.814000	0.713213
0.815000	-15.233500
0.816000	-10.604400
0.817000	-12.661900
0.818000	-35.295101
0.819000	-9.575170
0.820000	-18.834299
0.821000	-8.031810
0.822000	-14.205300
0.823000	-0.830150
0.824000	-10.604400
0.825000	-0.830150
0.826000	-8.546960
0.827000	-10.604400
0.828000	2.770680
0.829000	-12.661900
0.830000	-15.747600
0.831000	5.342250
0.832000	7.914870
0.833000	-4.430980
0.834000	-14.205300
0.835000	-11.632600
0.836000	-14.719400
0.837000	4.828140
0.838000	6.885610
0.839000	3.798880
0.840000	6.371510
0.841000	8.943080
0.842000	9.972340
0.843000	17.174000
0.844000	11.514600
0.845000	-2.373510
0.846000	-6.488440
0.847000	6.371510
0.848000	-1.345310
0.849000	2.255520
0.850000	-8.546960
0.851000	-1.345310
0.852000	-4.430980
0.853000	5.856350
0.854000	2.255520
0.855000	1.227320
0.856000	-1.859410
0.857000	-7.517700
0.858000	-12.146700
0.859000	-9.575170
0.860000	-16.262699
0.861000	-12.146700
0.862000	-21.921000
0.863000	-11.632600
0.864000	-15.747600
0.865000	-12.661900
0.866000	-24.492599
0.867000	-16.776800
0.868000	-12.146700
0.869000	-12.661900
0.870000	-10.604400
0.871000	-9.061070
0.872000	-5.974340
0.873000	-12.661900
0.874000	-3.916880
0.875000	-3.916880
0.876000	-2.887620
0.877000	-1.345310
0.878000	-4.430980
0.879000	-8.031810
0.880000	-5.974340
0.881000	-8.031810
0.882000	-10.604400
0.883000	-2.373510
0.884000	-6.488440
0.885000	-2.887620
0.886000	0.198056
0.887000	1.741420
0.888000	1.227320
0.889000	6.885610
0.890000	8.428970
0.891000	5.856350
0.892000	8.943080
0.893000	3.798880
0.894000	-1.859410
0.895000	-1.859410
0.896000	-8.546960
0.897000	-13.690100
0.898000	-19.863600
0.899000	-21.406900
0.900000	-26.550100
0.901000	-14.719400
0.902000	-7.003600
0.903000	-3.916880
0.904000	-1.859410
0.905000	3.284780
0.906000	8.428970
0.907000	11.000500
0.908000	0.713213
0.909000	-2.887620
0.910000	1.741420
0.911000	-4.946140
0.912000	2.255520
0.913000	-13.690100
0.914000	-9.575170
0.915000	-10.089300
0.916000	7.399710
0.917000	-16.262699
0.918000	-6.488440
0.919000	-6.488440
0.920000	-1.345310
0.921000	-16.776800
0.922000	8.943080
0.923000	-0.316047
0.924000	-19.348400
0.925000	1.227320
0.926000	-11.118500
0.927000	-1.345310
0.928000	2.255520
0.929000	-2.887620
0.930000	-2.373510
0.931000	-6.488440
0.932000	6.371510
0.933000	1.741420
0.934000	-3.402770
0.935000	-11.632600
0.936000	-11.632600
0.937000	-11.118500
0.938000	-12.661900
0.939000	-15.233500
0.940000	-20.377701
0.941000	-29.122700
0.942000	-18.834299
0.943000	-20.377701
0.944000	-0.316047
0.945000	1.227320
0.946000	1.227320
0.947000	2.770680
0.948000	14.601400
0.949000	6.371510
0.950000	1.227320
0.951000	-4.946140
0.952000	-12.146700
0.953000	4.314040
0.954000	-13.176000
0.955000	-19.348400
0.956000	-19.348400
0.957000	-11.118500
0.958000	-12.146700
0.959000	-5.974340
0.960000	-1.859410
0.961000	1.227320
0.962000	-6.488440
0.963000	3.798880
0.964000	-13.690100
0.965000	-8.546960
0.966000	-7.517700
0.967000	-0.316047
0.968000	-11.632600
0.969000	21.802999
0.970000	-7.517700
0.971000	5.856350
0.972000	-10.604400
0.973000	-3.402770
0.974000	-13.176000
0.975000	-0.316047
0.976000	2.255520
0.977000	-10.604400
0.978000	13.573200
0.979000	-2.887620
0.980000	-2.373510
0.981000	-13.690100
0.982000	0.713213
0.983000	-6.488440
0.984000	12.029800
0.985000	-1.345310
0.986000	6.371510
0.987000	-16.776800
0.988000	-3.402770
0.989000	-21.921000
0.990000	-11.118500
0.991000	-14.205300
0.992000	-4.430980
0.993000	-18.834299
0.994000	-3.402770
0.995000	-10.089300
0.996000	-5.974340
0.997000	-13.690100
0.998000	-9.061070
0.999000	-13.176000
1.000000	-8.546960
1.001000	0.198056
1.002000	-0.316047
1.003000	-0.316047
1.004000	0.198056
1.005000	-9.061070
1.006000	-7.003600
1.007000	-5.974340
1.008000	-7.517700
1.009000	-3.402770
1.010000	-2.887620
1.011000	-3.916880
1.012000	-3.916880
1.013000	-8.546960
1.014000	-7.517700
1.015000	-10.089300
1.016000	-9.061070
1.017000	-8.546960
1.018000	-9.575170
1.019000	-5.974340
1.020000	-4.430980
1.021000	-9.061070
1.022000	0.198056
1.023000	-1.345310
1.024000	-4.430980
1.025000	-0.830150
1.026000	-0.316047
1.027000	-0.316047
1.028000	-4.430980
1.029000	0.198056
1.030000	-9.575170
1.031000	-8.031810
1.032000	-10.089300
1.033000	-10.089300
1.034000	-9.575170
1.035000	-4.946140
1.036000	-2.373510
1.037000	-5.460240
1.038000	-0.316047
1.039000	-11.632600
1.040000	-2.373510
1.041000	-4.430980
1.042000	0.198056
1.043000	-0.316047
1.044000	1.741420
1.045000	-3.402770
1.046000	-4.946140
1.047000	2.770680
1.048000	-6.488440
1.049000	-2.887620
1.050000	-8.546960
1.051000	-3.402770
1.052000	-11.632600
1.053000	-5.460240
1.054000	-13.690100
1.055000	-10.604400
1.056000	-10.604400
1.057000	-5.460240
1.058000	-5.974340
1.059000	-6.488440
1.060000	-3.916880
1.061000	-5.460240
1.062000	-5.974340
1.063000	-10.089300
1.064000	-3.916880
1.065000	-3.916880
1.066000	-0.830150
1.067000	-1.345310
1.068000	-3.916880
1.069000	-2.887620
1.070000	-5.460240
1.071000	-3.916880
1.072000	-5.974340
1.073000	-4.430980
1.074000	-8.546960
1.075000	0.713213
1.076000	-2.373510
1.077000	2.770680
1.078000	-0.316047
1.079000	-0.316047
1.080000	-6.488440
1.081000	0.713213
1.082000	-5.460240
1.083000	-2.887620
1.084000	-12.661900
1.085000	-4.430980
1.086000	-26.035999
1.087000	-20.891800
1.088000	-32.723499
1.089000	-5.460240
1.090000	-30.150900
1.091000	25.917999
1.092000	-47.640900
1.093000	24.375700
1.094000	-2.373510
1.095000	-8.546960
1.096000	16.658800
1.097000	17.688101
1.098000	-10.089300
1.099000	-1.859410
1.100000	-16.262699
1.101000	-24.492599
1.102000	-1.859410
1.103000	3.798880
1.104000	-38.895901
1.105000	0.713213
1.106000	11.514600
1.107000	-0.316047
1.108000	14.087300
1.109000	11.000500
1.110000	-12.661900
1.111000	-25.521799
1.112000	11.000500
1.113000	-7.003600
1.114000	-10.089300
1.115000	4.828140
1.116000	10.486400
1.117000	14.087300
1.118000	27.461300
1.119000	19.231501
1.120000	-0.316047
1.121000	-2.887620
1.122000	-11.632600
1.123000	-27.579300
1.124000	-6.488440
1.125000	-9.061070
1.126000	-12.661900
1.127000	1.741420
1.128000	8.943080
1.129000	1.741420
1.130000	2.770680
1.131000	-2.887620
1.132000	-24.492599
1.133000	-17.290899
1.134000	-32.208302
1.135000	-19.348400
1.136000	-16.262699
1.137000	2.255520
1.138000	-12.146700
1.139000	-2.373510
1.140000	3.284780
1.141000	-1.859410
1.142000	-1.859410
1.143000	-2.373510
1.144000	-13.690100
1.145000	-9.575170
1.146000	-11.118500
1.147000	-4.946140
1.148000	-12.146700
1.149000	-0.830150
1.150000	-5.460240
1.151000	-6.488440
1.152000	-0.830150
1.153000	8.943080
1.154000	-0.830150
1.155000	1.741420
1.156000	-6.488440
1.157000	-22.435101
1.158000	-19.348400
1.159000	-14.719400
1.160000	-15.747600
1.161000	-9.061070
1.162000	11.000500
1.163000	6.371510
1.164000	6.371510
1.165000	-1.859410
1.166000	-2.887620
1.167000	-15.233500
1.168000	-11.118500
1.169000	-11.632600
1.170000	-1.859410
1.171000	4.828140
1.172000	5.342250
1.173000	1.227320
1.174000	2.255520
1.175000	3.798880
1.176000	-3.402770
1.177000	0.713213
1.178000	0.713213
1.179000	-0.830150
1.180000	-5.460240
1.181000	-2.887620
1.182000	-5.460240
1.183000	-2.373510
1.184000	0.713213
1.185000	1.741420
1.186000	3.798880
1.187000	2.770680
1.188000	-5.974340
1.189000	-12.661900
1.190000	-13.690100
1.191000	-13.176000
1.192000	-8.546960
1.193000	-4.946140
1.194000	-2.373510
1.195000	-0.830150
1.196000	0.198056
1.197000	-4.430980
1.198000	-5.974340
1.199000	-10.089300
1.200000	-14.719400
1.201000	-15.747600
1.202000	-20.377701
1.203000	-22.435101
1.204000	-20.377701
1.205000	-16.776800
1.206000	-15.747600
1.207000	-13.176000
1.208000	-7.517700
1.209000	-6.488440
1.210000	-5.460240
1.211000	-5.460240
1.212000	-1.859410
1.213000	-3.402770
1.214000	0.713213
1.215000	-2.887620
1.216000	-3.916880
1.217000	-2.887620
1.218000	-8.031810
1.219000	-7.517700
1.220000	-4.430980
1.221000	-4.946140
1.222000	-11.118500
1.223000	-8.031810
1.224000	-8.031810
1.225000	-8.031810
1.226000	-4.946140
1.227000	-0.316047
1.228000	-2.373510
1.229000	3.284780
1.230000	4.828140
1.231000	4.314040
1.232000	3.798880
1.233000	9.972340
1.234000	4.828140
1.235000	1.741420
1.236000	4.314040
1.237000	2.255520
1.238000	1.741420
1.239000	-0.316047
1.240000	-3.402770
1.241000	-6.488440
1.242000	-5.460240
1.243000	-7.003600
1.244000	-6.488440
1.245000	-5.460240
1.246000	-2.887620
1.247000	-5.974340
1.248000	-4.430980
1.249000	-5.974340
1.250000	-6.488440
1.251000	-6.488440
1.252000	-3.916880
1.253000	-3.916880
1.254000	-5.460240
1.255000	-4.430980
1.256000	-6.488440
1.257000	-5.974340
1.258000	-7.517700
1.259000	-9.061070
1.260000	-11.632600
1.261000	-12.661900
1.262000	-12.146700
1.263000	-11.632600
1.264000	-11.118500
1.265000	-11.118500
1.266000	-8.546960
1.267000	-9.061070
1.268000	-8.031810
1.269000	-6.488440
1.270000	-6.488440
1.271000	-7.003600
1.272000	-6.488440
1.273000	-6.488440
1.274000	-5.974340
1.275000	-5.460240
1.276000	-4.430980
1.277000	-3.916880
1.278000	-3.916880
1.279000	-5.460240
1.280000	-7.517700
1.281000	-8.031810
1.282000	-10.089300
1.283000	-10.604400
1.284000	-10.089300
1.285000	-8.031810
1.286000	-7.003600
1.287000	-5.460240
1.288000	-5.460240
1.289000	-2.887620
1.290000	-1.345310
1.291000	0.198056
1.292000	1.227320
1.293000	0.198056
1.294000	0.198056
1.295000	-1.345310
1.296000	-1.345310
1.297000	-1.345310
1.298000	0.713213
1.299000	0.713213
1.300000	1.227320
1.301000	-1.859410
1.302000	-3.402770
1.303000	-5.460240
1.304000	-7.517700
1.305000	-7.003600
1.306000	-6.488440
1.307000	-6.488440
1.308000	-3.916880
1.309000	-4.430980
1.310000	-4.430980
1.311000	-6.488440
1.312000	-5.974340
1.313000	-7.517700
1.314000	-7.517700
1.315000	-6.488440
1.316000	-7.517700
1.317000	-7.517700
1.318000	-7.517700
1.319000	-9.575170
1.320000	-10.089300
1.321000	-9.061070
1.322000	-8.546960
1.323000	-9.575170
1.324000	-8.031810
1.325000	-9.575170
1.326000	-8.546960
1.327000	-8.546960
1.328000	-8.546960
1.329000	-8.546960
1.330000	-7.003600
1.331000	-5.460240
1.332000	-3.916880
1.333000	-4.430980
1.334000	-2.887620
1.335000	-3.402770
1.336000	-2.373510
1.337000	-3.916880
1.338000	-3.916880
1.339000	-3.916880
1.340000	-3.916880
1.341000	-3.402770
1.342000	-4.430980
1.343000	-4.430980
1.344000	-4.430980
1.345000	-5.974340
1.346000	-4.430980
1.347000	-5.460240
1.348000	-4.946140
1.349000	-5.460240
1.350000	-2.373510
1.351000	-3.402770
1.352000	-0.830150
1.353000	-1.345310
1.354000	0.713213
1.355000	-0.830150
1.356000	0.198056
1.357000	-2.887620
1.358000	-2.887620
1.359000	-5.460240
1.360000	-4.430980
1.361000	-6.488440
1.362000	-3.402770
1.363000	-4.430980
1.364000	-3.916880
1.365000	-3.916880
1.366000	-4.430980
1.367000	-4.430980
1.368000	-5.974340
1.369000	-4.430980
1.370000	-2.887620
1.371000	-3.916880
1.372000	-4.430980
1.373000	-3.916880
1.374000	-4.946140
1.375000	-3.916880
1.376000	-3.916880
1.377000	-5.460240
1.378000	-4.430980
1.379000	-7.003600
1.380000	-9.061070
1.381000	-9.061070
1.382000	-10.089300
1.383000	-11.118500
1.384000	-10.089300
1.385000	-9.061070
1.386000	-9.061070
1.387000	-7.517700
1.388000	-8.031810
1.389000	-6.488440
1.390000	-7.517700
1.391000	-8.546960
1.392000	-8.031810
1.393000	-7.517700
1.394000	-5.460240
1.395000	-4.430980
1.396000	-1.345310
1.397000	-1.345310
1.398000	-0.316047
1.399000	-0.830150
1.400000	-2.373510
1.401000	-3.402770
1.402000	-5.460240
1.403000	-5.460240
1.404000	-5.974340
1.405000	-6.488440
1.406000	-7.003600
1.407000	-5.460240
1.408000	-6.488440
1.409000	-6.488440
1.410000	-7.003600
1.411000	-5.460240
1.412000	-7.517700
1.413000	-5.974340
1.414000	-5.974340
1.415000	-5.460240
1.416000	-5.460240
1.417000	-3.916880
1.418000	-4.430980
1.419000	-3.402770
1.420000	-3.402770
1.421000	-3.916880
1.422000	-4.946140
1.423000	-6.488440
1.424000	-7.003600
1.425000	-7.003600
1.426000	-5.974340
1.427000	-5.460240
1.428000	-5.974340
1.429000	-3.916880
1.430000	-4.430980
1.431000	-3.916880
1.432000	-4.946140
1.433000	-5.460240
1.434000	-7.003600
1.435000	-7.003600
1.436000	-7.003600
1.437000	-6.488440
1.438000	-5.460240
1.439000	-4.430980
1.440000	-3.916880
1.441000	-3.916880
1.442000	-3.916880
1.443000	-4.430980
1.444000	-5.974340
1.445000	-7.003600
1.446000	-7.517700
1.447000	-6.488440
1.448000	-6.488440
1.449000	-4.946140
1.450000	-4.946140
1.451000	-4.430980
1.452000	-4.946140
1.453000	-4.430980
1.454000	-5.460240
1.455000	-5.974340
1.456000	-7.003600
1.457000	-5.460240
1.458000	-4.946140
1.459000	-3.402770
1.460000	-2.887620
1.461000	-2.373510
1.462000	-1.345310
1.463000	-1.859410
1.464000	-0.830150
1.465000	-2.373510
1.466000	-2.887620
1.467000	-4.430980
1.468000	-5.460240
1.469000	-4.430980
1.470000	-5.974340
1.471000	-3.916880
1.472000	-3.916880
1.473000	-1.859410
1.474000	-2.887620
1.475000	-4.430980
1.476000	-8.031810
1.477000	-14.205300
1.478000	-15.233500
1.479000	-14.205300
1.480000	-12.661900
1.481000	-10.604400
1.482000	-7.003600
1.483000	-9.061070
1.484000	-4.946140
1.485000	1.741420
1.486000	1.741420
1.487000	2.255520
1.488000	-2.887620
1.489000	-1.345310
1.490000	-2.887620
1.491000	-3.916880
1.492000	-5.974340
1.493000	-8.546960
1.494000	-10.604400
1.495000	-10.089300
1.496000	-9.061070
1.497000	-12.146700
1.498000	-13.176000
1.499000	-10.604400
1.500000	-8.546960
1.501000	-4.946140
1.502000	-3.402770
1.503000	0.198056
1.504000	4.314040
1.505000	4.314040
1.506000	4.828140
1.507000	2.770680
1.508000	2.255520
1.509000	-3.402770
1.510000	-4.946140
1.511000	-7.003600
1.512000	-11.632600
1.513000	-10.604400
1.514000	-11.118500
1.515000	-10.089300
1.516000	-8.031810
1.517000	-6.488440
1.518000	-7.517700
1.519000	-4.946140
1.520000	-3.402770
1.521000	-0.830150
1.522000	-0.830150
1.523000	0.713213
1.524000	-0.830150
1.525000	-0.316047
1.526000	-0.830150
1.527000	0.198056
1.528000	-2.373510
1.529000	-8.031810
1.530000	-2.373510
1.531000	-11.632600
1.532000	-8.031810
1.533000	-14.205300
1.534000	-19.348400
1.535000	-14.205300
1.536000	-0.316047
1.537000	-6.488440
1.538000	0.198056
1.539000	-3.916880
1.540000	-0.830150
1.541000	-10.604400
1.542000	5.342250
1.543000	-6.488440
1.544000	0.198056
1.545000	-3.402770
1.546000	-2.887620
1.547000	-2.887620
1.548000	-11.118500
1.549000	-0.830150
1.550000	-16.776800
1.551000	2.255520
1.552000	-8.546960
1.553000	-3.916880
1.554000	11.000500
1.555000	-11.632600
1.556000	0.713213
1.557000	-12.661900
1.558000	-20.891800
1.559000	-37.867699
1.560000	-12.146700
1.561000	-14.719400
1.562000	-8.546960
1.563000	1.227320
1.564000	5.342250
1.565000	-2.373510
1.566000	9.972340
1.567000	3.798880
1.568000	2.770680
1.569000	11.000500
1.570000	8.428970
1.571000	-3.402770
1.572000	-9.061070
1.573000	-3.402770
1.574000	-21.921000
1.575000	-16.262699
1.576000	-15.747600
1.577000	-18.320200
1.578000	-22.435101
1.579000	-13.176000
1.580000	-18.320200
1.581000	-8.546960
1.582000	-1.345310
1.583000	8.943080
1.584000	5.856350
1.585000	15.630600
1.586000	17.174000
1.587000	13.058000
1.588000	9.457180
1.589000	2.770680
1.590000	-8.031810
1.591000	-11.632600
1.592000	-14.205300
1.593000	-17.290899
1.594000	-20.891800
1.595000	-15.233500
1.596000	-18.834299
1.597000	-18.320200
1.598000	-15.747600
1.599000	-18.320200
1.600000	-11.118500
1.601000	-7.003600
1.602000	2.255520
1.603000	5.342250
1.604000	10.486400
1.605000	10.486400
1.606000	8.428970
1.607000	7.914870
1.608000	3.284780
1.609000	-0.830150
1.610000	-6.488440
1.611000	-11.118500
1.612000	-17.290899
1.613000	-18.320200
1.614000	-20.377701
1.615000	-17.290899
1.616000	-16.262699
1.617000	-13.176000
1.618000	-9.575170
1.619000	-4.430980
1.620000	-2.373510
1.621000	1.227320
1.622000	5.342250
1.623000	5.856350
1.624000	5.856350
1.625000	4.828140
1.626000	1.227320
1.627000	1.227320
1.628000	1.227320
1.629000	0.198056
1.630000	-3.402770
1.631000	-4.430980
1.632000	-8.546960
1.633000	-12.146700
1.634000	-14.205300
1.635000	-12.661900
1.636000	-15.747600
1.637000	-12.661900
1.638000	-10.089300
1.639000	-8.546960
1.640000	-10.089300
1.641000	-2.887620
1.642000	-1.345310
1.643000	1.741420
1.644000	1.741420
1.645000	3.798880
1.646000	0.713213
1.647000	0.198056
1.648000	-1.859410
1.649000	-3.402770
1.650000	-3.916880
1.651000	-5.974340
1.652000	-7.517700
1.653000	-8.031810
1.654000	-9.575170
1.655000	-10.604400
1.656000	-11.632600
1.657000	-11.118500
1.658000	-10.604400
1.659000	-10.604400
1.660000	-7.003600
1.661000	-5.460240
1.662000	-1.345310
1.663000	0.198056
1.664000	0.198056
1.665000	-0.830150
1.666000	-1.859410
1.667000	-1.345310
1.668000	-1.859410
1.669000	-2.373510
1.670000	-5.460240
1.671000	-8.546960
1.672000	-12.146700
1.673000	-14.205300
1.674000	-14.719400
1.675000	-12.146700
1.676000	-9.575170
1.677000	-8.031810
1.678000	-5.974340
1.679000	-4.430980
1.680000	-4.430980
1.681000	-4.430980
1.682000	-2.373510
1.683000	-1.345310
1.684000	1.227320
1.685000	0.713213
1.686000	1.227320
1.687000	0.713213
1.688000	0.198056
1.689000	-1.345310
1.690000	-2.373510
1.691000	-4.946140
1.692000	-8.031810
1.693000	-10.089300
1.694000	-10.089300
1.695000	-11.118500
1.696000	-9.575170
1.697000	-8.031810
1.698000	-7.517700
1.699000	-6.488440
1.700000	-4.946140
1.701000	-4.430980
1.702000	-3.402770
1.703000	-3.916880
1.704000	-4.946140
1.705000	-4.946140
1.706000	-4.946140
1.707000	-5.460240
1.708000	-4.946140
1.709000	-2.373510
1.710000	-2.887620
1.711000	-4.430980
1.712000	-4.946140
1.713000	-7.003600
1.714000	-8.031810
1.715000	-8.546960
1.716000	-9.575170
1.717000	-8.546960
1.718000	-7.517700
1.719000	-7.003600
1.720000	-5.460240
1.721000	-4.430980
1.722000	-2.887620
1.723000	-3.402770
1.724000	-2.887620
1.725000	-4.430980
1.726000	-4.946140
1.727000	-5.974340
1.728000	-7.517700
1.729000	-7.003600
1.730000	-6.488440
1.731000	-5.460240
1.732000	-6.488440
1.733000	-6.488440
1.734000	-6.488440
1.735000	-7.003600
1.736000	-8.031810
1.737000	-8.546960
1.738000	-8.031810
1.739000	-8.031810
1.740000	-6.488440
1.741000	-4.946140
1.742000	-3.402770
1.743000	-1.345310
1.744000	-0.316047
1.745000	-1.345310
1.746000	-0.830150
1.747000	-1.345310
1.748000	-2.373510
1.749000	-3.402770
1.750000	-4.430980
1.751000	-5.460240
1.752000	-4.430980
1.753000	-3.916880
1.754000	-3.916880
1.755000	-4.946140
1.756000	-4.946140
1.757000	-5.974340
1.758000	-7.003600
1.759000	-5.974340
1.760000	-6.488440
1.761000	-6.488440
1.762000	-5.460240
1.763000	-5.460240
1.764000	-4.430980
1.765000	-3.916880
1.766000	-4.430980
1.767000	-3.916880
1.768000	-4.946140
1.769000	-4.946140
1.770000	-5.974340
1.771000	-5.974340
1.772000	-6.488440
1.773000	-5.974340
1.774000	-7.003600
1.775000	-5.974340
1.776000	-6.488440
1.777000	-5.460240
1.778000	-5.460240
1.779000	-5.460240
1.780000	-5.974340
1.781000	-5.460240
1.782000	-5.974340
1.783000	-5.460240
1.784000	-5.460240
1.785000	-4.946140
1.786000	-4.430980
1.787000	-2.887620
1.788000	-3.916880
1.789000	-3.402770
1.790000	-5.460240
1.791000	-4.946140
1.792000	-5.974340
1.793000	-6.488440
1.794000	-5.974340
1.795000	-5.974340
1.796000	-7.003600
1.797000	-6.488440
1.798000	-7.003600
1.799000	-6.488440
1.800000	-5.460240
1.801000	-5.460240
1.802000	-5.460240
1.803000	-5.460240
1.804000	-5.460240
1.805000	-5.460240
1.806000	-4.946140
1.807000	-3.916880
1.808000	-3.402770
1.809000	-2.887620
1.810000	-3.402770
1.811000	-3.916880
1.812000	-4.430980
1.813000	-4.430980
1.814000	-5.460240
1.815000	-4.946140
1.816000	-5.460240
1.817000	-5.974340
1.818000	-6.488440
1.819000	-5.974340
1.820000	-5.974340
1.821000	-5.974340
1.822000	-5.974340
1.823000	-5.460240
1.824000	-4.946140
1.825000	-4.430980
1.826000	-3.916880
1.827000	-3.916880
1.828000	-5.460240
1.829000	-4.430980
1.830000	-5.974340
1.831000	-5.460240
1.832000	-5.974340
1.833000	-5.974340
1.834000	-5.974340
1.835000	-4.946140
1.836000	-4.946140
1.837000	-5.974340
1.838000	-5.460240
1.839000	-6.488440
1.840000	-7.517700
1.841000	-7.517700
1.842000	-7.003600
1.843000	-6.488440
1.844000	-6.488440
1.845000	-4.430980
1.846000	-4.946140
1.847000	-4.430980
1.848000	-3.916880
1.849000	-4.946140
1.850000	-5.974340
1.851000	-5.460240
1.852000	-5.974340
1.853000	-6.488440
1.854000	-5.974340
1.855000	-6.488440
1.856000	-5.460240
1.857000	-5.974340
1.858000	-5.460240
1.859000	-5.974340
1.860000	-7.003600
1.861000	-7.517700
1.862000	-8.546960
1.863000	-8.031810
1.864000	-7.517700
1.865000	-6.488440
1.866000	-3.916880
1.867000	-3.916880
1.868000	-2.887620
1.869000	-3.402770
1.870000	-2.373510
1.871000	-3.916880
1.872000	-4.430980
1.873000	-4.946140
1.874000	-4.946140
1.875000	-4.946140
1.876000	-5.460240
1.877000	-5.460240
1.878000	-4.430980
1.879000	-4.430980
1.880000	-3.916880
1.881000	-4.430980
1.882000	-4.430980
1.883000	-4.946140
1.884000	-5.460240
1.885000	-6.488440
1.886000	-5.460240
1.887000	-4.946140
1.888000	-4.430980
1.889000	-2.887620
1.890000	-2.887620
1.891000	-3.402770
1.892000	-3.402770
1.893000	-4.946140
1.894000	-5.974340
1.895000	-7.003600
1.896000	-7.517700
1.897000	-7.517700
1.898000	-6.488440
1.899000	-5.460240
1.900000	-5.460240
1.901000	-4.430980
1.902000	-3.916880
1.903000	-4.946140
1.904000	-5.460240
1.905000	-6.488440
1.906000	-7.517700
1.907000	-7.003600
1.908000	-5.974340
1.909000	-4.430980
1.910000	-2.887620
1.911000	-2.887620
1.912000	-3.916880
1.913000	-3.916880
1.914000	-4.430980
1.915000	-5.460240
1.916000	-5.974340
1.917000	-5.974340
1.918000	-5.974340
1.919000	-5.460240
1.920000	-5.460240
1.921000	-4.946140
1.922000	-5.460240
1.923000	-5.974340
1.924000	-7.003600
1.925000	-6.488440
1.926000	-7.003600
1.927000	-6.488440
1.928000	-6.488440
1.929000	-4.946140
1.930000	-3.916880
1.931000	-3.402770
1.932000	-3.402770
1.933000	-2.887620
1.934000	-3.916880
1.935000	-4.430980
1.936000	-4.430980
1.937000	-4.430980
1.938000	-5.974340
1.939000	-5.460240
1.940000	-5.460240
1.941000	-4.946140
1.942000	-4.430980
1.943000	-4.946140
1.944000	-3.402770
1.945000	-4.430980
1.946000	-4.430980
1.947000	-5.460240
1.948000	-5.460240
1.949000	-5.460240
1.950000	-5.460240
1.951000	-4.946140
1.952000	-4.430980
1.953000	-4.946140
1.954000	-3.916880
1.955000	-4.430980
1.956000	-5.974340
1.957000	-5.974340
1.958000	-5.974340
1.959000	-7.003600
1.960000	-7.517700
1.961000	-7.003600
1.962000	-5.974340
1.963000	-5.460240
1.964000	-5.974340
1.965000	-3.916880
1.966000	-5.460240
1.967000	-5.460240
1.968000	-6.488440
1.969000	-6.488440
1.970000	-6.488440
1.971000	-4.430980
1.972000	-4.946140
1.973000	-3.402770
1.974000	-2.887620
1.975000	-4.430980
1.976000	-3.402770
1.977000	-3.916880
1.978000	-5.974340
1.979000	-7.003600
1.980000	-7.003600
1.981000	-8.031810
1.982000	-7.003600
1.983000	-7.003600
1.984000	-5.460240
1.985000	-4.430980
1.986000	-4.946140
1.987000	-5.460240
1.988000	-5.460240
1.989000	-5.974340
1.990000	-7.003600
1.991000	-5.974340
1.992000	-5.460240
1.993000	-3.916880
1.994000	-3.402770
1.995000	-4.430980
1.996000	-3.402770
1.997000	-3.916880
1.998000	-4.430980
1.999000	-4.430980
2.000000	-4.946140
2.001000	-5.974340
2.002000	-5.974340
2.003000	-5.974340
2.004000	-4.946140
2.005000	-5.460240
2.006000	-4.430980
2.007000	-4.430980
2.008000	-3.916880
2.009000	-4.430980
2.010000	-4.430980
2.011000	-5.460240
2.012000	-5.460240
2.013000	-5.974340
2.014000	-5.460240
2.015000	-4.946140
2.016000	-4.430980
2.017000	-4.430980
2.018000	-4.430980
2.019000	-4.430980
2.020000	-4.946140
2.021000	-6.488440
2.022000	-6.488440
2.023000	-8.031810
2.024000	-7.003600
2.025000	-7.517700
2.026000	-6.488440
2.027000	-5.974340
2.028000	-5.460240
2.029000	-3.916880
2.030000	-4.430980
2.031000	-3.916880
2.032000	-4.946140
2.033000	-4.946140
2.034000	-5.974340
2.035000	-5.460240
2.036000	-5.460240
2.037000	-4.430980
2.038000	-4.430980
2.039000	-3.402770
2.040000	-3.916880
2.041000	-4.430980
2.042000	-5.460240
2.043000	-6.488440
2.044000	-7.517700
2.045000	-8.546960
2.046000	-7.517700
2.047000	-7.517700
2.048000	-5.460240
2.049000	-3.916880
2.050000	-4.430980
2.051000	-3.916880
2.052000	-3.916880
2.053000	-5.460240
2.054000	-5.460240
2.055000	-5.974340
2.056000	-5.460240
2.057000	-5.460240
2.058000	-4.430980
2.059000	-3.402770
2.060000	-3.402770
2.061000	-3.916880
2.062000	-3.402770
2.063000	-4.946140
2.064000	-5.460240
2.065000	-5.974340
2.066000	-5.974340
2.067000	-5.460240
2.068000	-5.974340
2.069000	-4.946140
2.070000	-4.430980
2.071000	-4.946140
2.072000	-4.430980
2.073000	-4.430980
2.074000	-4.430980
2.075000	-4.430980
2.076000	-4.430980
2.077000	-4.946140
2.078000	-4.946140
2.079000	-5.460240
2.080000	-5.974340
2.081000	-5.460240
2.082000	-4.946140
2.083000	-4.430980
2.084000	-5.460240
2.085000	-5.460240
2.086000	-5.974340
2.087000	-5.974340
2.088000	-6.488440
2.089000	-6.488440
2.090000	-5.974340
2.091000	-5.460240
2.092000	-4.946140
2.093000	-4.430980
2.094000	-3.916880
2.095000	-3.402770
2.096000	-5.460240
2.097000	-4.430980
2.098000	-5.974340
2.099000	-5.460240
2.100000	-5.460240
2.101000	-5.974340
2.102000	-4.946140
2.103000	-5.460240
2.104000	-5.460240
2.105000	-5.460240
2.106000	-6.488440
2.107000	-5.974340
2.108000	-6.488440
2.109000	-7.003600
2.110000	-6.488440
2.111000	-7.003600
2.112000	-5.460240
2.113000	-5.460240
2.114000	-5.460240
2.115000	-4.430980
2.116000	-4.430980
2.117000	-4.430980
2.118000	-5.460240
2.119000	-4.946140
2.120000	-4.946140
2.121000	-4.430980
2.122000	-4.946140
2.123000	-4.430980
2.124000	-4.430980
2.125000	-4.946140
2.126000	-5.460240
2.127000	-5.460240
2.128000	-5.974340
2.129000	-6.488440
2.130000	-5.460240
2.131000	-5.460240
2.132000	-4.946140
2.133000	-4.946140
2.134000	-3.402770
2.135000	-4.430980
2.136000	-4.430980
2.137000	-4.430980
2.138000	-4.946140
2.139000	-4.946140
2.140000	-4.946140
2.141000	-4.946140
2.142000	-5.460240
2.143000	-4.946140
2.144000	-5.460240
2.145000	-5.974340
2.146000	-5.460240
2.147000	-5.974340
2.148000	-5.460240
2.149000	-5.974340
2.150000	-5.460240
2.151000	-5.974340
2.152000	-6.488440
2.153000	-5.974340
2.154000	-5.460240
2.155000	-5.460240
2.156000	-4.430980
2.157000	-4.430980
2.158000	-4.430980
2.159000	-4.430980
2.160000	-4.946140
2.161000	-5.460240
2.162000	-5.460240
2.163000	-6.488440
2.164000	-5.460240
2.165000	-5.460240
2.166000	-4.946140
2.167000	-5.460240
2.168000	-5.460240
2.169000	-5.460240
2.170000	-5.974340
2.171000	-6.488440
2.172000	-6.488440
2.173000	-5.974340
2.174000	-5.974340
2.175000	-5.974340
2.176000	-4.430980
2.177000	-4.430980
2.178000	-4.430980
2.179000	-4.430980
2.180000	-4.430980
2.181000	-4.946140
2.182000	-4.430980
2.183000	-4.946140
2.184000	-4.430980
2.185000	-4.430980
2.186000	-3.916880
2.187000	-3.402770
2.188000	-4.430980
2.189000	-4.430980
2.190000	-4.946140
2.191000	-5.460240
2.192000	-5.974340
2.193000	-6.488440
2.194000	-5.974340
2.195000	-4.946140
2.196000	-4.946140
2.197000	-4.430980
2.198000	-4.430980
2.199000	-3.402770
2.200000	-3.916880
2.201000	-4.946140
2.202000	-4.946140
2.203000	-5.974340
2.204000	-5.460240
2.205000	-5.460240
2.206000	-5.460240
2.207000	-5.974340
2.208000	-5.460240
2.209000	-5.460240
2.210000	-5.460240
2.211000	-5.974340
2.212000	-5.974340
2.213000	-6.488440
2.214000	-5.974340
2.215000	-6.488440
2.216000	-6.488440
2.217000	-5.974340
2.218000	-5.974340
2.219000	-4.946140
2.220000	-4.430980
2.221000	-4.430980
2.222000	-5.460240
2.223000	-5.460240
2.224000	-4.946140
2.225000	-5.974340
2.226000	-6.488440
2.227000	-5.974340
2.228000	-5.460240
2.229000	-6.488440
2.230000	-5.460240
2.231000	-4.946140
2.232000	-5.460240
2.233000	-4.946140
2.234000	-5.974340
2.235000	-5.460240
2.236000	-6.488440
2.237000	-5.974340
2.238000	-6.488440
2.239000	-6.488440
2.240000	-5.460240
2.241000	-4.430980
2.242000	-4.430980
2.243000	-4.430980
2.244000	-3.916880
2.245000	-4.946140
2.246000	-4.946140
2.247000	-5.460240
2.248000	-5.974340
2.249000	-5.974340
2.250000	-5.460240
2.251000	-4.946140
2.252000	-4.430980
2.253000	-4.430980
2.254000	-4.946140
2.255000	-4.946140
2.256000	-5.460240
2.257000	-5.974340
2.258000	-5.974340
2.259000	-5.974340
2.260000	-5.460240
2.261000	-4.946140
2.262000	-4.430980
2.263000	-4.430980
2.264000	-4.430980
2.265000	-4.430980
2.266000	-4.946140
2.267000	-4.946140
2.268000	-5.460240
2.269000	-5.460240
2.270000	-5.460240
2.271000	-4.946140
2.272000	-5.974340
2.273000	-5.460240
2.274000	-4.946140
2.275000	-4.946140
2.276000	-5.460240
2.277000	-4.946140
2.278000	-5.974340
2.279000	-5.974340
2.280000	-6.488440
2.281000	-5.974340
2.282000	-5.460240
2.283000	-4.946140
2.284000	-5.460240
2.285000	-4.430980
2.286000	-3.916880
2.287000	-3.916880
2.288000	-4.946140
2.289000	-5.460240
2.290000	-5.460240
2.291000	-5.974340
2.292000	-5.974340
2.293000	-5.974340
2.294000	-5.460240
2.295000	-4.946140
2.296000	-5.460240
2.297000	-4.946140
2.298000	-4.946140
2.299000	-5.460240
2.300000	-5.974340
2.301000	-5.974340
2.302000	-5.460240
2.303000	-5.974340
2.304000	-5.460240
2.305000	-4.946140
2.306000	-4.946140
2.307000	-3.916880
2.308000	-3.402770
2.309000	-4.430980
2.310000	-4.946140
2.311000	-5.974340
2.312000	-5.460240
2.313000	-5.460240
2.314000	-5.460240
2.315000	-4.946140
2.316000	-4.430980
2.317000	-4.430980
2.318000	-4.430980
2.319000	-4.430980
2.320000	-5.460240
2.321000	-5.460240
2.322000	-5.460240
2.323000	-5.460240
2.324000	-5.974340
2.325000	-4.946140
2.326000	-4.946140
2.327000	-4.430980
2.328000	-4.430980
2.329000	-4.946140
2.330000	-5.460240
2.331000	-5.460240
2.332000	-5.460240
2.333000	-5.974340
2.334000	-5.460240
2.335000	-5.974340
2.336000	-5.460240
2.337000	-5.460240
2.338000	-5.460240
2.339000	-5.974340
2.340000	-5.460240
2.341000	-5.460240
2.342000	-5.460240
2.343000	-5.974340
2.344000	-5.974340
2.345000	-6.488440
2.346000	-6.488440
2.347000	-5.974340
2.348000	-4.946140
2.349000	-5.460240
2.350000	-5.460240
2.351000	-5.460240
2.352000	-4.946140
2.353000	-4.946140
2.354000	-5.460240
2.355000	-5.974340
2.356000	-5.974340
2.357000	-6.488440
2.358000	-5.974340
2.359000	-5.460240
2.360000	-4.946140
2.361000	-5.974340
2.362000	-5.460240
2.363000	-5.460240
2.364000	-5.460240
2.365000	-5.974340
2.366000	-5.460240
2.367000	-5.974340
2.368000	-5.460240
2.369000	-4.946140
2.370000	-4.946140
2.371000	-4.430980
2.372000	-4.946140
2.373000	-4.946140
2.374000	-4.946140
2.375000	-5.460240
2.376000	-5.460240
2.377000	-5.460240
2.378000	-5.460240
2.379000	-4.946140
2.380000	-4.430980
2.381000	-4.430980
2.382000	-4.946140
2.383000	-4.946140
2.384000	-5.460240
2.385000	-5.460240
2.386000	-5.460240
2.387000	-6.488440
2.388000	-4.946140
2.389000	-5.974340
2.390000	-4.946140
2.391000	-4.946140
2.392000	-5.460240
2.393000	-5.460240
2.394000	-6.488440
2.395000	-5.460240
2.396000	-5.974340
2.397000	-5.460240
2.398000	-5.460240
2.399000	-5.460240
2.400000	-4.946140
2.401000	-5.460240
2.402000	-4.946140
2.403000	-4.430980
2.404000	-5.460240
2.405000	-5.460240
2.406000	-5.460240
2.407000	-5.460240
2.408000	-5.460240
2.409000	-5.460240
2.410000	-4.946140
2.411000	-4.946140
2.412000	-4.430980
2.413000	-4.430980
2.414000	-5.460240
2.415000	-5.460240
2.416000	-4.946140
2.417000	-4.946140
2.418000	-5.460240
2.419000	-5.460240
2.420000	-5.460240
2.421000	-5.460240
2.422000	-4.946140
2.423000	-4.946140
2.424000	-3.916880
2.425000	-4.946140
2.426000	-4.946140
2.427000	-4.946140
2.428000	-5.974340
2.429000	-4.946140
2.430000	-4.946140
2.431000	-5.460240
2.432000	-5.460240
2.433000	-4.430980
2.434000	-4.430980
2.435000	-4.430980
2.436000	-3.916880
2.437000	-3.916880
2.438000	-4.946140
2.439000	-4.946140
2.440000	-5.974340
2.441000	-4.946140
2.442000	-4.946140
2.443000	-4.946140
2.444000	-4.430980
2.445000	-3.916880
2.446000	-4.430980
2.447000	-3.916880
2.448000	-5.460240
2.449000	-4.946140
2.450000	-5.460240
2.451000	-6.488440
2.452000	-5.460240
2.453000	-5.460240
2.454000	-5.974340
2.455000	-4.946140
2.456000	-4.946140
2.457000	-5.460240
2.458000	-5.460240
2.459000	-5.460240
2.460000	-5.460240
2.461000	-5.460240
2.462000	-5.974340
2.463000	-5.460240
2.464000	-5.974340
2.465000	-5.460240
2.466000	-4.946140
2.467000	-4.946140
2.468000	-4.946140
2.469000	-5.460240
2.470000	-5.460240
2.471000	-5.460240
2.472000	-5.974340
2.473000	-5.974340
2.474000	-6.488440
2.475000	-4.946140
2.476000	-4.946140
2.477000	-4.946140
2.478000	-5.460240
2.479000	-5.460240
2.480000	-4.946140
2.481000	-4.946140
2.482000	-5.460240
2.483000	-4.946140
2.484000	-5.460240
2.485000	-4.946140
2.486000	-5.460240
2.487000	-4.946140
2.488000	-4.946140
2.489000	-5.460240
2.490000	-4.946140
2.491000	-5.460240
2.492000	-5.460240
2.493000	-6.488440
2.494000	-6.488440
2.495000	-5.460240
2.496000	-4.946140
2.497000	-5.460240
2.498000	-4.946140
2.499000	-4.946140
2.500000	-3.916880
2.501000	-4.430980
2.502000	-4.946140
2.503000	-5.460240
2.504000	-4.946140
2.505000	-5.460240
2.506000	-5.460240
2.507000	-4.430980
2.508000	-4.430980
2.509000	-3.916880
2.510000	-4.430980
2.511000	-4.430980
2.512000	-4.946140
2.513000	-5.460240
2.514000	-5.974340
2.515000	-5.460240
2.516000	-5.974340
2.517000	-5.974340
2.518000	-5.460240
2.519000	-5.460240
2.520000	-5.460240
2.521000	-5.460240
2.522000	-5.460240
2.523000	-5.460240
2.524000	-5.974340
2.525000	-5.460240
2.526000	-5.460240
2.527000	-5.974340
2.528000	-5.974340
2.529000	-4.946140
2.530000	-4.946140
2.531000	-4.946140
2.532000	-4.946140
2.533000	-5.460240
2.534000	-5.460240
2.535000	-5.974340
2.536000	-5.974340
2.537000	-5.974340
2.538000	-5.460240
2.539000	-5.460240
2.540000	-4.946140
2.541000	-4.430980
2.542000	-4.946140
2.543000	-5.460240
2.544000	-4.946140
2.545000	-5.460240
2.546000	-5.460240
2.547000	-5.460240
2.548000	-5.460240
2.549000	-4.946140
2.550000	-5.460240
2.551000	-3.916880
2.552000	-3.916880
2.553000	-4.430980
2.554000	-4.946140
2.555000	-5.460240
2.556000	-5.974340
2.557000	-5.974340
2.558000	-5.974340
2.559000	-4.946140
2.560000	-5.460240
2.561000	-5.460240
2.562000	-5.460240
2.563000	-4.430980
2.564000	-4.946140
2.565000	-4.430980
2.566000	-4.946140
2.567000	-4.946140
2.568000	-5.974340
2.569000	-4.946140
2.570000	-5.460240
2.571000	-5.460240
2.572000	-4.430980
2.573000	-4.430980
2.574000	-4.946140
2.575000	-4.946140
2.576000	-5.460240
2.577000	-5.974340
2.578000	-5.974340
2.579000	-6.488440
2.580000	-6.488440
2.581000	-4.946140
2.582000	-4.946140
2.583000	-4.946140
2.584000	-3.916880
2.585000	-5.460240
2.586000	-5.460240
2.587000	-4.430980
2.588000	-5.460240
2.589000	-5.460240
2.590000	-5.460240
2.591000	-5.460240
2.592000	-4.946140
2.593000	-5.460240
2.594000	-4.430980
2.595000	-4.430980
2.596000	-4.430980
2.597000	-4.946140
2.598000	-4.946140
2.599000	-5.460240
2.600000	-5.460240
2.601000	-5.974340
2.602000	-5.974340
2.603000	-4.430980
2.604000	-3.916880
2.605000	-3.916880
2.606000	-3.402770
2.607000	-4.946140
2.608000	-4.946140
2.609000	-5.974340
2.610000	-5.460240
2.611000	-5.974340
2.612000	-5.460240
2.613000	-4.946140
2.614000	-4.946140
2.615000	-4.430980
2.616000	-4.430980
2.617000	-4.946140
2.618000	-4.946140
2.619000	-5.460240
2.620000	-5.460240
2.621000	-5.460240
2.622000	-5.974340
2.623000	-4.946140
2.624000	-4.946140
2.625000	-4.946140
2.626000	-4.430980
2.627000	-4.946140
2.628000	-4.946140
2.629000	-4.946140
2.630000	-5.460240
2.631000	-5.460240
2.632000	-5.460240
2.633000	-5.460240
2.634000	-4.946140
2.635000	-4.946140
2.636000	-4.946140
2.637000	-5.460240
2.638000	-4.946140
2.639000	-5.460240
2.640000	-5.460240
2.641000	-5.460240
2.642000	-5.974340
2.643000	-5.460240
2.644000	-5.460240
2.645000	-5.460240
2.646000	-5.460240
2.647000	-4.946140
2.648000	-5.460240
2.649000	-4.946140
2.650000	-5.460240
2.651000	-5.974340
2.652000	-5.974340
2.653000	-5.460240
2.654000	-5.460240
2.655000	-5.460240
2.656000	-5.460240
2.657000	-4.946140
2.658000	-4.946140
2.659000	-4.430980
2.660000	-3.916880
2.661000	-5.460240
2.662000	-5.974340
2.663000	-5.974340
2.664000	-5.460240
2.665000	-6.488440
2.666000	-4.946140
2.667000	-5.460240
2.668000	-4.946140
2.669000	-4.946140
2.670000	-4.430980
2.671000	-4.946140
2.672000	-5.460240
2.673000	-4.946140
2.674000	-6.488440
2.675000	-5.460240
2.676000	-5.460240
2.677000	-4.946140
2.678000	-4.430980
2.679000	-4.430980
2.680000	-4.946140
2.681000	-3.916880
2.682000	-4.430980
2.683000	-5.460240
2.684000	-5.460240
2.685000	-5.974340
2.686000	-5.974340
2.687000	-5.460240
2.688000	-4.946140
2.689000	-4.946140
2.690000	-4.430980
2.691000	-4.430980
2.692000	-5.460240
2.693000	-5.460240
2.694000	-5.460240
2.695000	-5.974340
2.696000	-5.974340
2.697000	-5.974340
2.698000	-5.460240
2.699000	-4.946140
2.700000	-4.946140
2.701000	-4.430980
2.702000	-4.430980
2.703000	-4.430980
2.704000	-4.430980
2.705000	-5.460240
2.706000	-5.460240
2.707000	-5.974340
2.708000	-4.946140
2.709000	-5.460240
2.710000	-4.946140
2.711000	-5.460240
2.712000	-5.460240
2.713000	-4.430980
2.714000	-4.430980
2.715000	-4.946140
2.716000	-5.460240
2.717000	-5.974340
2.718000	-4.946140
2.719000	-5.460240
2.720000	-5.460240
2.721000	-5.460240
2.722000	-5.460240
2.723000	-4.430980
2.724000	-4.946140
2.725000	-4.946140
2.726000	-5.460240
2.727000	-5.460240
2.728000	-5.460240
2.729000	-5.974340
2.730000	-5.460240
2.731000	-5.460240
2.732000	-5.460240
2.733000	-4.946140
2.734000	-4.946140
2.735000	-4.946140
2.736000	-4.946140
2.737000	-5.974340
2.738000	-5.974340
2.739000	-5.974340
2.740000	-5.974340
2.741000	-5.460240
2.742000	-4.946140
2.743000	-4.946140
2.744000	-4.946140
2.745000	-4.430980
2.746000	-4.946140
2.747000	-5.460240
2.748000	-5.460240
2.749000	-5.974340
2.750000	-5.974340
2.751000	-5.460240
2.752000	-5.974340
2.753000	-4.946140
2.754000	-4.430980
2.755000	-4.946140
2.756000	-5.460240
2.757000	-5.974340
2.758000	-5.974340
2.759000	-5.974340
2.760000	-5.974340
2.761000	-5.974340
2.762000	-5.974340
2.763000	-5.460240
2.764000	-4.946140
2.765000	-4.430980
2.766000	-4.430980
2.767000	-4.430980
2.768000	-4.946140
2.769000	-5.460240
2.770000	-5.460240
2.771000	-5.974340
2.772000	-5.460240
2.773000	-5.460240
2.774000	-5.460240
2.775000	-4.430980
2.776000	-4.946140
2.777000	-5.460240
2.778000	-5.460240
2.779000	-5.460240
2.780000	-5.974340
2.781000	-5.460240
2.782000	-5.974340
2.783000	-5.974340
2.784000	-5.460240
2.785000	-4.946140
2.786000	-4.946140
2.787000	-4.430980
2.788000	-4.946140
2.789000	-4.946140
2.790000	-5.974340
2.791000	-5.974340
2.792000	-5.974340
2.793000	-5.460240
2.794000	-5.460240
2.795000	-4.946140
2.796000	-4.946140
2.797000	-4.946140
2.798000	-4.430980
2.799000	-4.430980
2.800000	-5.460240
2.801000	-5.460240
2.802000	-5.460240
2.803000	-4.946140
2.804000	-4.946140
2.805000	-5.460240
2.806000	-5.460240
2.807000	-4.430980
2.808000	-4.946140
2.809000	-4.946140
2.810000	-4.946140
2.811000	-5.460240
2.812000	-4.946140
2.813000	-5.460240
2.814000	-5.974340
2.815000	-4.946140
2.816000	-4.946140
2.817000	-4.946140
2.818000	-3.916880
2.819000	-4.430980
2.820000	-4.430980
2.821000	-4.430980
2.822000	-5.460240
2.823000	-5.974340
2.824000	-5.974340
2.825000	-5.974340
2.826000	-5.460240
2.827000	-4.430980
2.828000	-4.430980
2.829000	-4.946140
2.830000	-4.430980
2.831000	-4.430980
2.832000	-4.946140
2.833000	-4.946140
2.834000	-4.946140
2.835000	-5.460240
2.836000	-5.460240
2.837000	-4.946140
2.838000	-4.946140
2.839000	-4.946140
2.840000	-4.946140
2.841000	-4.946140
2.842000	-4.430980
2.843000	-5.460240
2.844000	-5.460240
2.845000	-5.974340
2.846000	-5.460240
2.847000	-5.460240
2.848000	-5.460240
2.849000	-4.946140
2.850000	-4.430980
2.851000	-5.460240
2.852000	-5.460240
2.853000	-5.460240
2.854000	-5.974340
2.855000	-5.460240
2.856000	-5.974340
2.857000	-5.460240
2.858000	-5.460240
2.859000	-5.460240
2.860000	-4.946140
2.861000	-4.946140
2.862000	-5.460240
2.863000	-4.946140
2.864000	-5.974340
2.865000	-5.460240
2.866000	-5.974340
2.867000	-5.974340
2.868000	-5.974340
2.869000	-5.460240
2.870000	-4.946140
2.871000	-4.946140
2.872000	-4.430980
2.873000	-5.460240
2.874000	-5.460240
2.875000	-4.430980
2.876000	-5.460240
2.877000	-5.460240
2.878000	-5.460240
2.879000	-5.460240
2.880000	-4.946140
2.881000	-4.946140
2.882000	-4.946140
2.883000	-4.946140
2.884000	-4.430980
2.885000	-4.946140
2.886000	-4.946140
2.887000	-4.946140
2.888000	-5.974340
2.889000	-5.974340
2.890000	-5.460240
2.891000	-4.946140
2.892000	-4.946140
2.893000	-4.430980
2.894000	-5.460240
2.895000	-5.460240
2.896000	-4.946140
2.897000	-5.460240
2.898000	-5.974340
2.899000	-5.460240
2.900000	-6.488440
2.901000	-5.460240
2.902000	-4.430980
2.903000	-4.430980
2.904000	-4.430980
2.905000	-4.430980
2.906000	-5.460240
2.907000	-5.974340
2.908000	-5.974340
2.909000	-5.460240
2.910000	-5.974340
2.911000	-5.460240
2.912000	-5.974340
2.913000	-4.946140
2.914000	-4.430980
2.915000	-4.946140
2.916000	-4.430980
2.917000	-4.946140
2.918000	-5.974340
2.919000	-5.460240
2.920000	-5.974340
2.921000	-5.974340
2.922000	-5.460240
2.923000	-5.460240
2.924000	-4.946140
2.925000	-4.430980
2.926000	-5.460240
2.927000	-5.460240
2.928000	-5.460240
2.929000	-5.460240
2.930000	-5.460240
2.931000	-5.974340
2.932000	-5.974340
2.933000	-5.974340
2.934000	-5.460240
2.935000	-4.946140
2.936000	-4.430980
2.937000	-4.430980
2.938000	-4.946140
2.939000	-4.946140
2.940000	-4.946140
2.941000	-5.460240
2.942000	-5.974340
2.943000	-5.460240
2.944000	-5.460240
2.945000	-4.430980
2.946000	-4.946140
2.947000	-4.946140
2.948000	-4.430980
2.949000	-4.946140
2.950000	-5.974340
2.951000	-5.460240
2.952000	-4.946140
2.953000	-5.460240
2.954000	-5.460240
2.955000	-5.460240
2.956000	-4.946140
2.957000	-3.916880
2.958000	-5.460240
2.959000	-4.430980
2.960000	-5.460240
2.961000	-5.974340
2.962000	-6.488440
2.963000	-5.460240
2.964000	-5.974340
2.965000	-5.460240
2.966000	-4.946140
2.967000	-4.430980
2.968000	-4.430980
2.969000	-5.460240
2.970000	-5.460240
2.971000	-5.460240
2.972000	-5.974340
2.973000	-5.974340
2.974000	-5.974340
2.975000	-5.974340
2.976000	-5.460240
2.977000	-4.946140
2.978000	-4.946140
2.979000	-4.430980
2.980000	-4.946140
2.981000	-5.460240
2.982000	-5.460240
2.983000	-5.460240
2.984000	-5.974340
2.985000	-5.974340
2.986000	-5.460240
2.987000	-4.946140
2.988000	-4.946140
2.989000	-4.946140
2.990000	-4.946140
2.991000	-4.946140
2.992000	-5.460240
2.993000	-5.460240
2.994000	-5.974340
2.995000	-5.974340
2.996000	-4.946140
2.997000	-4.946140
2.998000	-4.430980
2.999000	-4.430980
