0.000000	0.468410
0.001000	0.468410
0.002000	0.425730
0.003000	0.468410
0.004000	0.468410
0.005000	0.468410
0.006000	0.468410
0.007000	0.425730
0.008000	0.425730
0.009000	0.425730
0.010000	0.383060
0.011000	0.340380
0.012000	0.297710
0.013000	0.255030
0.014000	0.169680
0.015000	0.084330
0.016000	-0.043700
0.017000	-0.086380
0.018000	-0.214400
0.019000	-0.257080
0.020000	-0.299750
0.021000	-0.299750
0.022000	-0.257080
0.023000	-0.299750
0.024000	-0.214400
0.025000	-0.214400
0.026000	-0.171730
0.027000	-0.171730
0.028000	-0.086380
0.029000	-0.043700
0.030000	0.041650
0.031000	0.169680
0.032000	0.340380
0.033000	0.468410
0.034000	0.639110
0.035000	0.767140
0.036000	0.852490
0.037000	1.023190
0.038000	1.108550
0.039000	1.193900
0.040000	1.236570
0.041000	1.321930
0.042000	1.321930
0.043000	1.407280
0.044000	1.492630
0.045000	1.663330
0.046000	1.791360
0.047000	2.004740
0.048000	2.175440
0.049000	2.388820
0.050000	2.559520
0.051000	2.772900
0.052000	2.986280
0.053000	3.199660
0.054000	3.413040
0.055000	3.711770
0.056000	3.925150
0.057000	4.095850
0.058000	4.309230
0.059000	4.522610
0.060000	4.607960
0.061000	4.693310
0.062000	4.735990
0.063000	4.735990
0.064000	4.821340
0.065000	4.949370
0.066000	4.949370
0.067000	5.077390
0.068000	5.248100
0.069000	5.376120
0.070000	5.546830
0.071000	5.888230
0.072000	6.101610
0.073000	6.400340
0.074000	6.699070
0.075000	6.869780
0.076000	7.083160
0.077000	7.253860
0.078000	7.253860
0.079000	7.253860
0.080000	7.211180
0.081000	7.296530
0.082000	7.296530
0.083000	7.296530
0.084000	7.381890
0.085000	7.467240
0.086000	7.552590
0.087000	7.637940
0.088000	7.808640
0.089000	8.022020
0.090000	8.235400
0.091000	8.448780
0.092000	8.619480
0.093000	8.790190
0.094000	8.875540
0.095000	8.918210
0.096000	9.003570
0.097000	8.960890
0.098000	8.960890
0.099000	8.918210
0.100000	8.790190
0.101000	8.662160
0.102000	8.576810
0.103000	8.534130
0.104000	8.534130
0.105000	8.320750
0.106000	8.150050
0.107000	7.637940
0.108000	6.784430
0.109000	6.485690
0.110000	6.571050
0.111000	6.571050
0.112000	6.869780
0.113000	7.253860
0.114000	7.637940
0.115000	8.022020
0.116000	7.894000
0.117000	7.808640
0.118000	7.637940
0.119000	7.680620
0.120000	7.680620
0.121000	8.107370
0.122000	8.406100
0.123000	8.534130
0.124000	8.491460
0.125000	8.150050
0.126000	7.808640
0.127000	7.381890
0.128000	6.869780
0.129000	6.571050
0.130000	6.400340
0.131000	6.528370
0.132000	6.741750
0.133000	6.997800
0.134000	7.125830
0.135000	7.339210
0.136000	7.552590
0.137000	7.595260
0.138000	7.509910
0.139000	7.467240
0.140000	7.509910
0.141000	7.424560
0.142000	7.381890
0.143000	7.552590
0.144000	7.680620
0.145000	7.808640
0.146000	7.894000
0.147000	8.107370
0.148000	8.235400
0.149000	8.278080
0.150000	8.278080
0.151000	8.491460
0.152000	8.662160
0.153000	8.662160
0.154000	8.747510
0.155000	8.747510
0.156000	8.662160
0.157000	8.576810
0.158000	8.235400
0.159000	8.278080
0.160000	8.363430
0.161000	8.406100
0.162000	8.448780
0.163000	8.534130
0.164000	8.576810
0.165000	8.662160
0.166000	8.662160
0.167000	8.704840
0.168000	8.747510
0.169000	8.704840
0.170000	8.662160
0.171000	8.534130
0.172000	8.448780
0.173000	8.491460
0.174000	8.448780
0.175000	8.491460
0.176000	8.662160
0.177000	8.406100
0.178000	8.491460
0.179000	8.448780
0.180000	7.979350
0.181000	7.894000
0.182000	7.894000
0.183000	7.851320
0.184000	7.723290
0.185000	7.552590
0.186000	7.467240
0.187000	7.381890
0.188000	7.168510
0.189000	6.955130
0.190000	7.040480
0.191000	6.912450
0.192000	7.040480
0.193000	7.125830
0.194000	7.467240
0.195000	7.595260
0.196000	7.680620
0.197000	7.637940
0.198000	7.467240
0.199000	7.339210
0.200000	7.125830
0.201000	7.125830
0.202000	7.125830
0.203000	7.168510
0.204000	7.253860
0.205000	7.211180
0.206000	7.168510
0.207000	7.168510
0.208000	7.211180
0.209000	7.211180
0.210000	7.339210
0.211000	7.552590
0.212000	7.723290
0.213000	7.808640
0.214000	7.894000
0.215000	7.851320
0.216000	7.765970
0.217000	7.723290
0.218000	7.723290
0.219000	7.723290
0.220000	7.851320
0.221000	7.894000
0.222000	7.979350
0.223000	8.022020
0.224000	7.979350
0.225000	8.064700
0.226000	8.064700
0.227000	8.022020
0.228000	8.064700
0.229000	8.150050
0.230000	8.107370
0.231000	8.064700
0.232000	8.022020
0.233000	7.894000
0.234000	7.808640
0.235000	7.637940
0.236000	7.552590
0.237000	7.467240
0.238000	7.467240
0.239000	7.424560
0.240000	7.424560
0.241000	7.381890
0.242000	7.381890
0.243000	7.381890
0.244000	7.381890
0.245000	7.339210
0.246000	7.381890
0.247000	7.339210
0.248000	7.253860
0.249000	7.296530
0.250000	7.296530
0.251000	5.632180
0.252000	5.248100
0.253000	5.461480
0.254000	4.992040
0.255000	4.992040
0.256000	5.973590
0.257000	6.144290
0.258000	6.528370
0.259000	6.528370
0.260000	5.674850
0.261000	5.504150
0.262000	5.077390
0.263000	4.607960
0.264000	4.479930
0.265000	5.333450
0.266000	5.504150
0.267000	5.802880
0.268000	6.229640
0.269000	6.314990
0.270000	6.229640
0.271000	5.930910
0.272000	5.930910
0.273000	5.973590
0.274000	6.186960
0.275000	6.186960
0.276000	6.058940
0.277000	5.930910
0.278000	5.589500
0.279000	5.418800
0.280000	5.290770
0.281000	5.418800
0.282000	5.589500
0.283000	5.802880
0.284000	5.888230
0.285000	5.888230
0.286000	5.888230
0.287000	5.589500
0.288000	6.357670
0.289000	10.966700
0.290000	11.478800
0.291000	13.740600
0.292000	16.727900
0.293000	17.794800
0.294000	17.240000
0.295000	17.325300
0.296000	16.258499
0.297000	15.106200
0.298000	14.807500
0.299000	14.466100
0.300000	13.783300
0.301000	13.441900
0.302000	13.015100
0.303000	12.332300
0.304000	11.649500
0.305000	11.393400
0.306000	11.094700
0.307000	11.265400
0.308000	11.436100
0.309000	11.777500
0.310000	12.161600
0.311000	12.417600
0.312000	12.759000
0.313000	12.972400
0.314000	13.185800
0.315000	13.356500
0.316000	13.527200
0.317000	13.697900
0.318000	13.740600
0.319000	13.868600
0.320000	14.124700
0.321000	14.338000
0.322000	14.508700
0.323000	14.807500
0.324000	15.191500
0.325000	15.575600
0.326000	15.746300
0.327000	16.002399
0.328000	16.215799
0.329000	16.471800
0.330000	16.685200
0.331000	16.770599
0.332000	16.898600
0.333000	17.197300
0.334000	17.538700
0.335000	17.709400
0.336000	17.837500
0.337000	18.136200
0.338000	18.349600
0.339000	18.434900
0.340000	18.434900
0.341000	18.434900
0.342000	18.434900
0.343000	18.349600
0.344000	18.306900
0.345000	18.306900
0.346000	18.392200
0.347000	18.477600
0.348000	18.562901
0.349000	18.648300
0.350000	18.904400
0.351000	19.245800
0.352000	19.416500
0.353000	19.587200
0.354000	19.885900
0.355000	20.227301
0.356000	20.355301
0.357000	20.568701
0.358000	20.867399
0.359000	21.166201
0.360000	21.336901
0.361000	21.336901
0.362000	21.379499
0.363000	21.507601
0.364000	21.592899
0.365000	21.678301
0.366000	21.720900
0.367000	21.763599
0.368000	21.763599
0.369000	21.464899
0.370000	21.464899
0.371000	21.678301
0.372000	21.720900
0.373000	21.720900
0.374000	21.934299
0.375000	22.190399
0.376000	22.361099
0.377000	22.574499
0.378000	22.745199
0.379000	22.958500
0.380000	23.043900
0.381000	23.171900
0.382000	23.257299
0.383000	23.385300
0.384000	23.427999
0.385000	23.470699
0.386000	23.470699
0.387000	23.470699
0.388000	23.641399
0.389000	23.684000
0.390000	23.726700
0.391000	23.854700
0.392000	24.025400
0.393000	24.153500
0.394000	24.238800
0.395000	24.238800
0.396000	24.238800
0.397000	24.324200
0.398000	24.537600
0.399000	24.580200
0.400000	24.708300
0.401000	24.793600
0.402000	24.879000
0.403000	25.092300
0.404000	25.177700
0.405000	25.220400
0.406000	25.263000
0.407000	25.433701
0.408000	25.561800
0.409000	25.561800
0.410000	25.689800
0.411000	25.860500
0.412000	25.903200
0.413000	25.988501
0.414000	26.073900
0.415000	26.116600
0.416000	26.201900
0.417000	26.458000
0.418000	26.458000
0.419000	26.458000
0.420000	26.458000
0.421000	26.628700
0.422000	26.714001
0.423000	26.586000
0.424000	26.586000
0.425000	26.500601
0.426000	26.500601
0.427000	26.628700
0.428000	26.586000
0.429000	26.586000
0.430000	26.714001
0.431000	26.884701
0.432000	26.841999
0.433000	26.884701
0.434000	27.055401
0.435000	27.098101
0.436000	27.098101
0.437000	27.183500
0.438000	27.354200
0.439000	27.268801
0.440000	27.311501
0.441000	27.439501
0.442000	27.439501
0.443000	27.396799
0.444000	27.439501
0.445000	27.396799
0.446000	27.268801
0.447000	27.354200
0.448000	27.439501
0.449000	27.354200
0.450000	27.439501
0.451000	27.524900
0.452000	27.652901
0.453000	27.652901
0.454000	27.823601
0.455000	27.866301
0.456000	28.037001
0.457000	28.165001
0.458000	28.292999
0.459000	28.378401
0.460000	28.549101
0.461000	28.719801
0.462000	28.805099
0.463000	28.805099
0.464000	28.719801
0.465000	28.762501
0.466000	28.933201
0.467000	28.933201
0.468000	28.719801
0.469000	28.762501
0.470000	28.933201
0.471000	28.975800
0.472000	28.847799
0.473000	28.890499
0.474000	28.933201
0.475000	28.933201
0.476000	28.975800
0.477000	28.975800
0.478000	28.805099
0.479000	28.719801
0.480000	28.677099
0.481000	28.421101
0.482000	28.292999
0.483000	28.207701
0.484000	28.122299
0.485000	28.079599
0.486000	28.037001
0.487000	27.994301
0.488000	27.780899
0.489000	27.780899
0.490000	27.823601
0.491000	27.780899
0.492000	27.652901
0.493000	27.695601
0.494000	27.695601
0.495000	27.354200
0.496000	26.884701
0.497000	26.543301
0.498000	26.372601
0.499000	26.159201
0.500000	25.647100
0.501000	25.220400
0.502000	25.049700
0.503000	25.007000
0.504000	24.708300
0.505000	24.324200
0.506000	24.281500
0.507000	24.366800
0.508000	24.366800
