9.500000	0.468410
9.500000	0.425730
9.500000	-0.043700
9.500000	-0.214400
10.000000	0.340380
10.500000	1.236570
11.000000	2.175440
12.000000	3.925150
13.000000	4.821340
13.500000	6.101610
15.000000	7.211180
16.000000	7.808640
16.500000	9.003570
17.000000	8.534130
18.000000	6.869780
18.500000	7.680620
19.000000	6.869780
20.000000	7.552590
20.500000	7.680620
22.000000	8.662160
23.500000	8.363430
24.500000	8.747510
25.000000	8.662160
26.000000	7.723290
27.000000	7.040480
28.000000	7.125830
29.000000	7.211180
30.000000	7.765970
31.000000	7.979350
32.000000	8.022020
32.500000	7.424560
33.500000	7.253860
34.500000	5.973590
35.000000	4.479930
36.000000	5.930910
37.000000	5.290770
38.000000	6.357670
38.500000	16.258400
39.000000	11.649500
39.000000	12.759000
39.500000	14.124700
39.500000	16.215799
40.000000	17.837500
