0.000000	9.444530
0.001000	11.324400
0.002000	11.324400
0.003000	11.324400
0.004000	13.204300
0.005000	9.444530
0.006000	11.324400
0.007000	11.324400
0.008000	9.444530
0.009000	9.444530
0.010000	11.324400
0.011000	11.324400
0.012000	11.324400
0.013000	16.964100
0.014000	13.204300
0.015000	16.964100
0.016000	16.964100
0.017000	18.843901
0.018000	20.723801
0.019000	18.843901
0.020000	18.843901
0.021000	15.084200
0.022000	15.084200
0.023000	15.084200
0.024000	13.204300
0.025000	15.084200
0.026000	15.084200
0.027000	15.084200
0.028000	16.964100
0.029000	13.204300
0.030000	15.084200
0.031000	13.204300
0.032000	15.084200
0.033000	15.084200
0.034000	13.204300
0.035000	16.964100
0.036000	13.204300
0.037000	15.084200
0.038000	15.084200
0.039000	15.084200
0.040000	15.084200
0.041000	18.843901
0.042000	15.084200
0.043000	15.084200
0.044000	13.204300
0.045000	15.084200
0.046000	15.084200
0.047000	15.084200
0.048000	15.084200
0.049000	16.964100
0.050000	16.964100
0.051000	16.964100
0.052000	16.964100
0.053000	18.843901
0.054000	18.843901
0.055000	20.723801
0.056000	20.723801
0.057000	16.964100
0.058000	16.964100
0.059000	16.964100
0.060000	11.324400
0.061000	13.204300
0.062000	11.324400
0.063000	9.444530
0.064000	11.324400
0.065000	11.324400
0.066000	11.324400
0.067000	13.204300
0.068000	15.084200
0.069000	15.084200
0.070000	16.964100
0.071000	18.843901
0.072000	18.843901
0.073000	16.964100
0.074000	15.084200
0.075000	15.084200
0.076000	13.204300
0.077000	15.084200
0.078000	13.204300
0.079000	15.084200
0.080000	15.084200
0.081000	13.204300
0.082000	16.964100
0.083000	16.964100
0.084000	18.843901
0.085000	18.843901
0.086000	18.843901
0.087000	20.723801
0.088000	18.843901
0.089000	15.084200
0.090000	16.964100
0.091000	16.964100
0.092000	15.084200
0.093000	15.084200
0.094000	18.843901
0.095000	11.324400
0.096000	16.964100
0.097000	20.723801
0.098000	18.843901
0.099000	18.843901
0.100000	22.603701
0.101000	16.964100
0.102000	15.084200
0.103000	16.964100
0.104000	16.964100
0.105000	24.483601
0.106000	13.204300
0.107000	33.882999
0.108000	3.804880
0.109000	-13.114100
0.110000	11.324400
0.111000	18.843901
0.112000	7.564650
0.113000	5.684760
0.114000	7.564650
0.115000	7.564650
0.116000	13.204300
0.117000	16.964100
0.118000	13.204300
0.119000	7.564650
0.120000	15.084200
0.121000	18.843901
0.122000	20.723801
0.123000	15.084200
0.124000	16.964100
0.125000	18.843901
0.126000	16.964100
0.127000	15.084200
0.128000	16.964100
0.129000	13.204300
0.130000	11.324400
0.131000	1.925000
0.132000	11.324400
0.133000	11.324400
0.134000	9.444530
0.135000	7.564650
0.136000	7.564650
0.137000	9.444530
0.138000	9.444530
0.139000	11.324400
0.140000	11.324400
0.141000	11.324400
0.142000	9.444530
0.143000	11.324400
0.144000	13.204300
0.145000	9.444530
0.146000	9.444530
0.147000	7.564650
0.148000	11.324400
0.149000	13.204300
0.150000	5.684760
0.151000	1.925000
0.152000	13.204300
0.153000	7.564650
0.154000	7.564650
0.155000	13.204300
0.156000	9.444530
0.157000	13.204300
0.158000	7.564650
0.159000	3.804880
0.160000	9.444530
0.161000	9.444530
0.162000	15.084200
0.163000	3.804880
0.164000	5.684760
0.165000	1.925000
0.166000	11.324400
0.167000	7.564650
0.168000	5.684760
0.169000	5.684760
0.170000	11.324400
0.171000	13.204300
0.172000	1.925000
0.173000	5.684760
0.174000	7.564650
0.175000	1.925000
0.176000	22.603701
0.177000	-7.474410
0.178000	0.045120
0.179000	16.964100
0.180000	3.804880
0.181000	-5.594530
0.182000	5.684760
0.183000	7.564650
0.184000	1.925000
0.185000	1.925000
0.186000	3.804880
0.187000	1.925000
0.188000	5.684760
0.189000	0.045120
0.190000	3.804880
0.191000	3.804880
0.192000	0.045120
0.193000	0.045120
0.194000	11.324400
0.195000	-1.834760
0.196000	-3.714650
0.197000	1.925000
0.198000	0.045120
0.199000	3.804880
0.200000	-1.834760
0.201000	1.925000
0.202000	-1.834760
0.203000	-3.714650
0.204000	0.045120
0.205000	-5.594530
0.206000	0.045120
0.207000	-1.834760
0.208000	1.925000
0.209000	1.925000
0.210000	1.925000
0.211000	1.925000
0.212000	0.045120
0.213000	0.045120
0.214000	-1.834760
0.215000	0.045120
0.216000	-1.834760
0.217000	-1.834760
0.218000	-1.834760
0.219000	-3.714650
0.220000	0.045120
0.221000	-1.834760
0.222000	-3.714650
0.223000	-1.834760
0.224000	-1.834760
0.225000	0.045120
0.226000	-1.834760
0.227000	0.045120
0.228000	0.045120
0.229000	-1.834760
0.230000	0.045120
0.231000	-1.834760
0.232000	-1.834760
0.233000	-1.834760
0.234000	0.045120
0.235000	-1.834760
0.236000	-1.834760
0.237000	-1.834760
0.238000	-3.714650
0.239000	-1.834760
0.240000	-1.834760
0.241000	0.045120
0.242000	-1.834760
0.243000	0.045120
0.244000	-3.714650
0.245000	-3.714650
0.246000	0.045120
0.247000	-3.714650
0.248000	-3.714650
0.249000	-3.714650
0.250000	0.045120
0.251000	67.720901
0.252000	-58.231300
0.253000	-28.153099
0.254000	15.084200
0.255000	-5.594530
0.256000	15.084200
0.257000	-3.714650
0.258000	-24.393400
0.259000	-26.273199
0.260000	-24.393400
0.261000	-1.834760
0.262000	1.925000
0.263000	-9.354290
0.264000	-5.594530
0.265000	0.045120
0.266000	-1.834760
0.267000	-9.354290
0.268000	-9.354290
0.269000	-5.594530
0.270000	-7.474410
0.271000	-13.114100
0.272000	-13.114100
0.273000	-5.594530
0.274000	-5.594530
0.275000	-11.234200
0.276000	-13.114100
0.277000	-9.354290
0.278000	-5.594530
0.279000	-5.594530
0.280000	-7.474410
0.281000	-9.354290
0.282000	-7.474410
0.283000	-9.354290
0.284000	-7.474410
0.285000	-13.114100
0.286000	-13.114100
0.287000	-5.594530
0.288000	16.964100
0.289000	37.642799
0.290000	-11.234200
0.291000	18.843901
0.292000	13.204300
0.293000	18.843901
0.294000	20.723801
0.295000	11.324400
0.296000	5.684760
0.297000	11.324400
0.298000	5.684760
0.299000	3.804880
0.300000	1.925000
0.301000	0.045120
0.302000	3.804880
0.303000	13.204300
0.304000	11.324400
0.305000	9.444530
0.306000	11.324400
0.307000	7.564650
0.308000	9.444530
0.309000	13.204300
0.310000	9.444530
0.311000	7.564650
0.312000	9.444530
0.313000	7.564650
0.314000	13.204300
0.315000	15.084200
0.316000	13.204300
0.317000	18.843901
0.318000	11.324400
0.319000	15.084200
0.320000	16.964100
0.321000	15.084200
0.322000	13.204300
0.323000	11.324400
0.324000	9.444530
0.325000	16.964100
0.326000	15.084200
0.327000	16.964100
0.328000	16.964100
0.329000	16.964100
0.330000	20.723801
0.331000	18.843901
0.332000	18.843901
0.333000	16.964100
0.334000	20.723801
0.335000	22.603701
0.336000	18.843901
0.337000	18.843901
0.338000	22.603701
0.339000	18.843901
0.340000	20.723801
0.341000	18.843901
0.342000	20.723801
0.343000	20.723801
0.344000	20.723801
0.345000	22.603701
0.346000	20.723801
0.347000	22.603701
0.348000	24.483601
0.349000	24.483601
0.350000	22.603701
0.351000	24.483601
0.352000	28.243401
0.353000	28.243401
0.354000	26.363501
0.355000	32.003101
0.356000	32.003101
0.357000	30.123199
0.358000	30.123199
0.359000	30.123199
0.360000	33.882999
0.361000	32.003101
0.362000	28.243401
0.363000	28.243401
0.364000	30.123199
0.365000	30.123199
0.366000	30.123199
0.367000	32.003101
0.368000	32.003101
0.369000	26.363501
0.370000	28.243401
0.371000	30.123199
0.372000	30.123199
0.373000	30.123199
0.374000	33.882999
0.375000	33.882999
0.376000	32.003101
0.377000	33.882999
0.378000	33.882999
0.379000	33.882999
0.380000	33.882999
0.381000	32.003101
0.382000	33.882999
0.383000	35.762901
0.384000	37.642799
0.385000	33.882999
0.386000	33.882999
0.387000	30.123199
0.388000	28.243401
0.389000	30.123199
0.390000	30.123199
0.391000	33.882999
0.392000	32.003101
0.393000	32.003101
0.394000	32.003101
0.395000	33.882999
0.396000	32.003101
0.397000	32.003101
0.398000	32.003101
0.399000	32.003101
0.400000	35.762901
0.401000	35.762901
0.402000	33.882999
0.403000	33.882999
0.404000	33.882999
0.405000	33.882999
0.406000	33.882999
0.407000	37.642799
0.408000	33.882999
0.409000	35.762901
0.410000	37.642799
0.411000	39.522701
0.412000	37.642799
0.413000	39.522701
0.414000	35.762901
0.415000	35.762901
0.416000	37.642799
0.417000	37.642799
0.418000	39.522701
0.419000	37.642799
0.420000	37.642799
0.421000	37.642799
0.422000	41.402500
0.423000	39.522701
0.424000	37.642799
0.425000	37.642799
0.426000	35.762901
0.427000	37.642799
0.428000	35.762901
0.429000	37.642799
0.430000	37.642799
0.431000	35.762901
0.432000	37.642799
0.433000	35.762901
0.434000	39.522701
0.435000	35.762901
0.436000	35.762901
0.437000	35.762901
0.438000	35.762901
0.439000	35.762901
0.440000	35.762901
0.441000	35.762901
0.442000	32.003101
0.443000	35.762901
0.444000	37.642799
0.445000	33.882999
0.446000	33.882999
0.447000	33.882999
0.448000	35.762901
0.449000	33.882999
0.450000	37.642799
0.451000	33.882999
0.452000	39.522701
0.453000	33.882999
0.454000	35.762901
0.455000	35.762901
0.456000	35.762901
0.457000	37.642799
0.458000	39.522701
0.459000	37.642799
0.460000	35.762901
0.461000	39.522701
0.462000	37.642799
0.463000	41.402500
0.464000	35.762901
0.465000	35.762901
0.466000	39.522701
0.467000	35.762901
0.468000	37.642799
0.469000	39.522701
0.470000	39.522701
0.471000	35.762901
0.472000	37.642799
0.473000	35.762901
0.474000	37.642799
0.475000	35.762901
0.476000	37.642799
0.477000	37.642799
0.478000	37.642799
0.479000	37.642799
0.480000	37.642799
0.481000	37.642799
0.482000	35.762901
0.483000	35.762901
0.484000	33.882999
0.485000	37.642799
0.486000	35.762901
0.487000	37.642799
0.488000	35.762901
0.489000	33.882999
0.490000	32.003101
0.491000	35.762901
0.492000	32.003101
0.493000	30.123199
0.494000	32.003101
0.495000	35.762901
0.496000	30.123199
0.497000	26.363501
0.498000	26.363501
0.499000	24.483601
0.500000	26.363501
0.501000	24.483601
0.502000	24.483601
0.503000	22.603701
0.504000	24.483601
0.505000	18.843901
0.506000	20.723801
0.507000	22.603701
0.508000	22.603701
