-0.500000	19.561199
-0.499000	17.384701
-0.498000	17.384701
-0.497000	15.212800
-0.496000	15.212800
-0.495000	19.561199
-0.494000	15.212800
-0.493000	15.212800
-0.492000	17.384701
-0.491000	15.212800
-0.490000	21.733101
-0.489000	15.212800
-0.488000	15.212800
-0.487000	17.384701
-0.486000	17.384701
-0.485000	19.561199
-0.484000	15.212800
-0.483000	17.384701
-0.482000	17.384701
-0.481000	19.561199
-0.480000	17.384701
-0.479000	13.040800
-0.478000	19.561199
-0.477000	15.212800
-0.476000	15.212800
-0.475000	17.384701
-0.474000	17.384701
-0.473000	17.384701
-0.472000	17.384701
-0.471000	15.212800
-0.470000	15.212800
-0.469000	17.384701
-0.468000	15.212800
-0.467000	17.384701
-0.466000	17.384701
-0.465000	17.384701
-0.464000	17.384701
-0.463000	15.212800
-0.462000	17.384701
-0.461000	19.561199
-0.460000	17.384701
-0.459000	17.384701
-0.458000	17.384701
-0.457000	17.384701
-0.456000	19.561199
-0.455000	17.384701
-0.454000	19.561199
-0.453000	17.384701
-0.452000	15.212800
-0.451000	15.212800
-0.450000	17.384701
-0.449000	15.212800
-0.448000	17.384701
-0.447000	17.384701
-0.446000	13.040800
-0.445000	15.212800
-0.444000	19.561199
-0.443000	17.384701
-0.442000	17.384701
-0.441000	17.384701
-0.440000	17.384701
-0.439000	17.384701
-0.438000	17.384701
-0.437000	15.212800
-0.436000	15.212800
-0.435000	17.384701
-0.434000	15.212800
-0.433000	15.212800
-0.432000	17.384701
-0.431000	19.561199
-0.430000	17.384701
-0.429000	15.212800
-0.428000	19.561199
-0.427000	17.384701
-0.426000	17.384701
-0.425000	17.384701
-0.424000	19.561199
-0.423000	15.212800
-0.422000	17.384701
-0.421000	17.384701
-0.420000	15.212800
-0.419000	17.384701
-0.418000	17.384701
-0.417000	21.733101
-0.416000	17.384701
-0.415000	17.384701
-0.414000	17.384701
-0.413000	15.212800
-0.412000	15.212800
-0.411000	15.212800
-0.410000	17.384701
-0.409000	15.212800
-0.408000	19.561199
-0.407000	15.212800
-0.406000	17.384701
-0.405000	15.212800
-0.404000	15.212800
-0.403000	17.384701
-0.402000	17.384701
-0.401000	19.561199
-0.400000	19.561199
-0.399000	17.384701
-0.398000	17.384701
-0.397000	17.384701
-0.396000	17.384701
-0.395000	17.384701
-0.394000	15.212800
-0.393000	15.212800
-0.392000	13.040800
-0.391000	15.212800
-0.390000	17.384701
-0.389000	17.384701
-0.388000	17.384701
-0.387000	19.561199
-0.386000	15.212800
-0.385000	17.384701
-0.384000	15.212800
-0.383000	15.212800
-0.382000	17.384701
-0.381000	17.384701
-0.380000	13.040800
-0.379000	17.384701
-0.378000	15.212800
-0.377000	19.561199
-0.376000	17.384701
-0.375000	19.561199
-0.374000	17.384701
-0.373000	15.212800
-0.372000	17.384701
-0.371000	13.040800
-0.370000	15.212800
-0.369000	17.384701
-0.368000	19.561199
-0.367000	19.561199
-0.366000	17.384701
-0.365000	19.561199
-0.364000	17.384701
-0.363000	17.384701
-0.362000	17.384701
-0.361000	15.212800
-0.360000	17.384701
-0.359000	15.212800
-0.358000	19.561199
-0.357000	17.384701
-0.356000	15.212800
-0.355000	19.561199
-0.354000	17.384701
-0.353000	15.212800
-0.352000	15.212800
-0.351000	19.561199
-0.350000	17.384701
-0.349000	17.384701
-0.348000	17.384701
-0.347000	17.384701
-0.346000	15.212800
-0.345000	17.384701
-0.344000	15.212800
-0.343000	15.212800
-0.342000	15.212800
-0.341000	15.212800
-0.340000	19.561199
-0.339000	17.384701
-0.338000	19.561199
-0.337000	19.561199
-0.336000	17.384701
-0.335000	19.561199
-0.334000	15.212800
-0.333000	15.212800
-0.332000	17.384701
-0.331000	17.384701
-0.330000	17.384701
-0.329000	15.212800
-0.328000	13.040800
-0.327000	17.384701
-0.326000	15.212800
-0.325000	17.384701
-0.324000	17.384701
-0.323000	17.384701
-0.322000	19.561199
-0.321000	17.384701
-0.320000	15.212800
-0.319000	15.212800
-0.318000	17.384701
-0.317000	17.384701
-0.316000	15.212800
-0.315000	19.561199
-0.314000	17.384701
-0.313000	19.561199
-0.312000	15.212800
-0.311000	17.384701
-0.310000	15.212800
-0.309000	17.384701
-0.308000	19.561199
-0.307000	19.561199
-0.306000	15.212800
-0.305000	15.212800
-0.304000	15.212800
-0.303000	19.561199
-0.302000	19.561199
-0.301000	17.384701
-0.300000	19.561199
-0.299000	15.212800
-0.298000	19.561199
-0.297000	15.212800
-0.296000	19.561199
-0.295000	19.561199
-0.294000	17.384701
-0.293000	15.212800
-0.292000	15.212800
-0.291000	19.561199
-0.290000	19.561199
-0.289000	19.561199
-0.288000	17.384701
-0.287000	15.212800
-0.286000	17.384701
-0.285000	17.384701
-0.284000	17.384701
-0.283000	17.384701
-0.282000	15.212800
-0.281000	19.561199
-0.280000	19.561199
-0.279000	17.384701
-0.278000	15.212800
-0.277000	15.212800
-0.276000	15.212800
-0.275000	17.384701
-0.274000	17.384701
-0.273000	17.384701
-0.272000	17.384701
-0.271000	17.384701
-0.270000	15.212800
-0.269000	17.384701
-0.268000	15.212800
-0.267000	17.384701
-0.266000	17.384701
-0.265000	17.384701
-0.264000	15.212800
-0.263000	15.212800
-0.262000	17.384701
-0.261000	17.384701
-0.260000	17.384701
-0.259000	15.212800
-0.258000	17.384701
-0.257000	17.384701
-0.256000	17.384701
-0.255000	17.384701
-0.254000	15.212800
-0.253000	15.212800
-0.252000	19.561199
-0.251000	19.561199
-0.250000	15.212800
-0.249000	15.212800
-0.248000	17.384701
-0.247000	19.561199
-0.246000	17.384701
-0.245000	17.384701
-0.244000	17.384701
-0.243000	15.212800
-0.242000	15.212800
-0.241000	15.212800
-0.240000	15.212800
-0.239000	17.384701
-0.238000	19.561199
-0.237000	17.384701
-0.236000	17.384701
-0.235000	15.212800
-0.234000	19.561199
-0.233000	19.561199
-0.232000	17.384701
-0.231000	19.561199
-0.230000	13.040800
-0.229000	17.384701
-0.228000	17.384701
-0.227000	17.384701
-0.226000	17.384701
-0.225000	17.384701
-0.224000	17.384701
-0.223000	15.212800
-0.222000	17.384701
-0.221000	17.384701
-0.220000	17.384701
-0.219000	17.384701
-0.218000	17.384701
-0.217000	17.384701
-0.216000	17.384701
-0.215000	17.384701
-0.214000	19.561199
-0.213000	15.212800
-0.212000	17.384701
-0.211000	17.384701
-0.210000	15.212800
-0.209000	15.212800
-0.208000	19.561199
-0.207000	17.384701
-0.206000	15.212800
-0.205000	13.040800
-0.204000	15.212800
-0.203000	17.384701
-0.202000	17.384701
-0.201000	17.384701
-0.200000	17.384701
-0.199000	17.384701
-0.198000	21.733101
-0.197000	17.384701
-0.196000	17.384701
-0.195000	17.384701
-0.194000	15.212800
-0.193000	19.561199
-0.192000	17.384701
-0.191000	19.561199
-0.190000	15.212800
-0.189000	19.561199
-0.188000	17.384701
-0.187000	17.384701
-0.186000	17.384701
-0.185000	15.212800
-0.184000	17.384701
-0.183000	17.384701
-0.182000	17.384701
-0.181000	15.212800
-0.180000	17.384701
-0.179000	19.561199
-0.178000	15.212800
-0.177000	19.561199
-0.176000	15.212800
-0.175000	15.212800
-0.174000	17.384701
-0.173000	17.384701
-0.172000	15.212800
-0.171000	15.212800
-0.170000	17.384701
-0.169000	15.212800
-0.168000	17.384701
-0.167000	15.212800
-0.166000	17.384701
-0.165000	17.384701
-0.164000	15.212800
-0.163000	17.384701
-0.162000	17.384701
-0.161000	15.212800
-0.160000	15.212800
-0.159000	17.384701
-0.158000	15.212800
-0.157000	17.384701
-0.156000	19.561199
-0.155000	19.561199
-0.154000	15.212800
-0.153000	17.384701
-0.152000	17.384701
-0.151000	17.384701
-0.150000	15.212800
-0.149000	17.384701
-0.148000	17.384701
-0.147000	17.384701
-0.146000	17.384701
-0.145000	15.212800
-0.144000	15.212800
-0.143000	17.384701
-0.142000	17.384701
-0.141000	19.561199
-0.140000	17.384701
-0.139000	19.561199
-0.138000	17.384701
-0.137000	17.384701
-0.136000	13.040800
-0.135000	15.212800
-0.134000	17.384701
-0.133000	15.212800
-0.132000	15.212800
-0.131000	17.384701
-0.130000	17.384701
-0.129000	19.561199
-0.128000	17.384701
-0.127000	15.212800
-0.126000	17.384701
-0.125000	17.384701
-0.124000	15.212800
-0.123000	15.212800
-0.122000	19.561199
-0.121000	17.384701
-0.120000	15.212800
-0.119000	17.384701
-0.118000	17.384701
-0.117000	17.384701
-0.116000	17.384701
-0.115000	17.384701
-0.114000	17.384701
-0.113000	17.384701
-0.112000	19.561199
-0.111000	17.384701
-0.110000	17.384701
-0.109000	17.384701
-0.108000	15.212800
-0.107000	17.384701
-0.106000	15.212800
-0.105000	19.561199
-0.104000	17.384701
-0.103000	15.212800
-0.102000	15.212800
-0.101000	17.384701
-0.100000	17.384701
-0.099000	15.212800
-0.098000	17.384701
-0.097000	17.384701
-0.096000	17.384701
-0.095000	17.384701
-0.094000	15.212800
-0.093000	15.212800
-0.092000	17.384701
-0.091000	19.561199
-0.090000	17.384701
-0.089000	17.384701
-0.088000	17.384701
-0.087000	17.384701
-0.086000	17.384701
-0.085000	17.384701
-0.084000	19.561199
-0.083000	15.212800
-0.082000	15.212800
-0.081000	17.384701
-0.080000	17.384701
-0.079000	17.384701
-0.078000	17.384701
-0.077000	17.384701
-0.076000	15.212800
-0.075000	19.561199
-0.074000	17.384701
-0.073000	17.384701
-0.072000	15.212800
-0.071000	17.384701
-0.070000	17.384701
-0.069000	15.212800
-0.068000	17.384701
-0.067000	17.384701
-0.066000	17.384701
-0.065000	15.212800
-0.064000	17.384701
-0.063000	17.384701
-0.062000	15.212800
-0.061000	13.040800
-0.060000	17.384701
-0.059000	19.561199
-0.058000	17.384701
-0.057000	17.384701
-0.056000	19.561199
-0.055000	17.384701
-0.054000	17.384701
-0.053000	17.384701
-0.052000	15.212800
-0.051000	15.212800
-0.050000	17.384701
-0.049000	17.384701
-0.048000	17.384701
-0.047000	19.561199
-0.046000	17.384701
-0.045000	19.561199
-0.044000	15.212800
-0.043000	17.384701
-0.042000	13.040800
-0.041000	17.384701
-0.040000	15.212800
-0.039000	17.384701
-0.038000	15.212800
-0.037000	17.384701
-0.036000	17.384701
-0.035000	17.384701
-0.034000	17.384701
-0.033000	15.212800
-0.032000	19.561199
-0.031000	17.384701
-0.030000	17.384701
-0.029000	17.384701
-0.028000	17.384701
-0.027000	17.384701
-0.026000	15.212800
-0.025000	17.384701
-0.024000	13.040800
-0.023000	10.864300
-0.022000	13.040800
-0.021000	13.040800
-0.020000	17.384701
-0.019000	19.561199
-0.018000	15.212800
-0.017000	17.384701
-0.016000	21.733101
-0.015000	21.733101
-0.014000	21.733101
-0.013000	26.077101
-0.012000	26.077101
-0.011000	26.077101
-0.010000	21.733101
-0.009000	23.905100
-0.008000	21.733101
-0.007000	23.905100
-0.006000	28.253500
-0.005000	28.253500
-0.004000	26.077101
-0.003000	28.253500
-0.002000	30.425501
-0.001000	30.425501
0.000000	28.253500
0.001000	32.597500
0.002000	32.597500
0.003000	39.117901
0.004000	36.945900
0.005000	43.466301
0.006000	47.810200
0.007000	49.982201
0.008000	52.158600
0.009000	56.502602
0.010000	54.330601
0.011000	52.158600
0.012000	56.502602
0.013000	52.158600
0.014000	52.158600
0.015000	49.982201
0.016000	52.158600
0.017000	54.330601
0.018000	54.330601
0.019000	56.502602
0.020000	56.502602
0.021000	56.502602
0.022000	60.851002
0.023000	60.851002
0.024000	58.679001
0.025000	60.851002
0.026000	60.851002
0.027000	56.502602
0.028000	58.679001
0.029000	60.851002
0.030000	60.851002
0.031000	60.851002
0.032000	58.679001
0.033000	63.022999
0.034000	60.851002
0.035000	63.022999
0.036000	58.679001
0.037000	60.851002
0.038000	56.502602
0.039000	60.851002
0.040000	60.851002
0.041000	60.851002
0.042000	63.022999
0.043000	63.022999
0.044000	63.022999
0.045000	60.851002
0.046000	60.851002
0.047000	58.679001
0.048000	58.679001
0.049000	60.851002
0.050000	58.679001
0.051000	58.679001
0.052000	60.851002
0.053000	58.679001
0.054000	58.679001
0.055000	54.330601
0.056000	52.158600
0.057000	52.158600
0.058000	43.466301
0.059000	39.117901
0.060000	32.597500
0.061000	28.253500
0.062000	28.253500
0.063000	30.425501
0.064000	30.425501
0.065000	34.773899
0.066000	26.077101
0.067000	30.425501
0.068000	30.425501
0.069000	32.597500
0.070000	41.289902
0.071000	39.117901
0.072000	47.810200
0.073000	47.810200
0.074000	54.330601
0.075000	56.502602
0.076000	54.330601
0.077000	54.330601
0.078000	52.158600
0.079000	49.982201
0.080000	52.158600
0.081000	52.158600
0.082000	45.638302
0.083000	43.466301
0.084000	41.289902
0.085000	41.289902
0.086000	41.289902
0.087000	39.117901
0.088000	41.289902
0.089000	43.466301
0.090000	43.466301
0.091000	43.466301
0.092000	43.466301
0.093000	43.466301
0.094000	45.638302
0.095000	43.466301
0.096000	43.466301
0.097000	45.638302
0.098000	43.466301
0.099000	45.638302
0.100000	45.638302
0.101000	43.466301
0.102000	43.466301
0.103000	43.466301
0.104000	43.466301
0.105000	41.289902
0.106000	41.289902
0.107000	39.117901
0.108000	41.289902
0.109000	39.117901
0.110000	39.117901
0.111000	41.289902
0.112000	43.466301
0.113000	34.773899
0.114000	36.945900
0.115000	36.945900
0.116000	34.773899
0.117000	32.597500
0.118000	36.945900
0.119000	36.945900
0.120000	36.945900
0.121000	32.597500
0.122000	36.945900
0.123000	34.773899
0.124000	32.597500
0.125000	32.597500
0.126000	34.773899
0.127000	34.773899
0.128000	34.773899
0.129000	32.597500
0.130000	36.945900
0.131000	36.945900
0.132000	34.773899
0.133000	32.597500
0.134000	32.597500
0.135000	32.597500
0.136000	34.773899
0.137000	34.773899
0.138000	32.597500
0.139000	34.773899
0.140000	36.945900
0.141000	36.945900
0.142000	39.117901
0.143000	39.117901
0.144000	39.117901
0.145000	39.117901
0.146000	41.289902
0.147000	36.945900
0.148000	41.289902
0.149000	39.117901
0.150000	43.466301
0.151000	39.117901
0.152000	39.117901
0.153000	41.289902
0.154000	39.117901
0.155000	41.289902
0.156000	34.773899
0.157000	39.117901
0.158000	39.117901
0.159000	41.289902
0.160000	39.117901
0.161000	39.117901
0.162000	41.289902
0.163000	36.945900
0.164000	39.117901
0.165000	41.289902
0.166000	36.945900
0.167000	39.117901
0.168000	41.289902
0.169000	36.945900
0.170000	36.945900
0.171000	41.289902
0.172000	36.945900
0.173000	34.773899
0.174000	36.945900
0.175000	34.773899
0.176000	36.945900
0.177000	32.597500
0.178000	36.945900
0.179000	34.773899
0.180000	34.773899
0.181000	30.425501
0.182000	34.773899
0.183000	34.773899
0.184000	32.597500
0.185000	36.945900
0.186000	32.597500
0.187000	30.425501
0.188000	30.425501
0.189000	32.597500
0.190000	34.773899
0.191000	32.597500
0.192000	30.425501
0.193000	32.597500
0.194000	34.773899
0.195000	34.773899
0.196000	34.773899
0.197000	32.597500
0.198000	32.597500
0.199000	32.597500
0.200000	34.773899
0.201000	34.773899
0.202000	36.945900
0.203000	34.773899
0.204000	36.945900
0.205000	34.773899
0.206000	34.773899
0.207000	32.597500
0.208000	34.773899
0.209000	32.597500
0.210000	34.773899
0.211000	34.773899
0.212000	34.773899
0.213000	34.773899
0.214000	34.773899
0.215000	34.773899
0.216000	34.773899
0.217000	36.945900
0.218000	32.597500
0.219000	34.773899
0.220000	34.773899
0.221000	34.773899
0.222000	34.773899
0.223000	34.773899
0.224000	32.597500
0.225000	36.945900
0.226000	36.945900
0.227000	34.773899
0.228000	34.773899
0.229000	30.425501
0.230000	34.773899
0.231000	34.773899
0.232000	34.773899
0.233000	32.597500
0.234000	32.597500
0.235000	32.597500
0.236000	34.773899
0.237000	32.597500
0.238000	32.597500
0.239000	32.597500
0.240000	32.597500
0.241000	30.425501
0.242000	32.597500
0.243000	32.597500
0.244000	32.597500
0.245000	30.425501
0.246000	32.597500
0.247000	30.425501
0.248000	30.425501
0.249000	30.425501
0.250000	30.425501
0.251000	32.597500
0.252000	30.425501
0.253000	30.425501
0.254000	30.425501
0.255000	32.597500
0.256000	30.425501
0.257000	32.597500
0.258000	30.425501
0.259000	30.425501
0.260000	30.425501
0.261000	34.773899
0.262000	32.597500
0.263000	30.425501
0.264000	30.425501
0.265000	30.425501
0.266000	32.597500
0.267000	30.425501
0.268000	30.425501
0.269000	28.253500
0.270000	28.253500
0.271000	28.253500
0.272000	26.077101
0.273000	30.425501
0.274000	28.253500
0.275000	26.077101
0.276000	30.425501
0.277000	28.253500
0.278000	30.425501
0.279000	28.253500
0.280000	30.425501
0.281000	30.425501
0.282000	26.077101
0.283000	28.253500
0.284000	26.077101
0.285000	28.253500
0.286000	26.077101
0.287000	28.253500
0.288000	28.253500
0.289000	28.253500
0.290000	26.077101
0.291000	34.773899
0.292000	32.597500
0.293000	36.945900
0.294000	26.077101
0.295000	28.253500
0.296000	26.077101
0.297000	21.733101
0.298000	26.077101
0.299000	19.561199
0.300000	21.733101
0.301000	21.733101
0.302000	23.905100
0.303000	26.077101
0.304000	30.425501
0.305000	30.425501
0.306000	28.253500
0.307000	26.077101
0.308000	26.077101
0.309000	26.077101
0.310000	26.077101
0.311000	26.077101
0.312000	26.077101
0.313000	21.733101
0.314000	23.905100
0.315000	26.077101
0.316000	26.077101
0.317000	26.077101
0.318000	23.905100
0.319000	23.905100
0.320000	23.905100
0.321000	21.733101
0.322000	23.905100
0.323000	21.733101
0.324000	21.733101
0.325000	21.733101
0.326000	23.905100
0.327000	23.905100
0.328000	26.077101
0.329000	26.077101
0.330000	21.733101
0.331000	23.905100
0.332000	23.905100
0.333000	23.905100
0.334000	23.905100
0.335000	23.905100
0.336000	23.905100
0.337000	23.905100
0.338000	23.905100
0.339000	26.077101
0.340000	21.733101
0.341000	23.905100
0.342000	21.733101
0.343000	21.733101
0.344000	19.561199
0.345000	21.733101
0.346000	21.733101
0.347000	23.905100
0.348000	21.733101
0.349000	23.905100
0.350000	19.561199
0.351000	19.561199
0.352000	21.733101
0.353000	21.733101
0.354000	21.733101
0.355000	21.733101
0.356000	23.905100
0.357000	23.905100
0.358000	23.905100
0.359000	23.905100
0.360000	26.077101
0.361000	28.253500
0.362000	26.077101
0.363000	26.077101
0.364000	21.733101
0.365000	26.077101
0.366000	26.077101
0.367000	23.905100
0.368000	26.077101
0.369000	26.077101
0.370000	23.905100
0.371000	26.077101
0.372000	26.077101
0.373000	26.077101
0.374000	26.077101
0.375000	23.905100
0.376000	21.733101
0.377000	21.733101
0.378000	23.905100
0.379000	19.561199
0.380000	21.733101
0.381000	21.733101
0.382000	19.561199
0.383000	21.733101
0.384000	21.733101
0.385000	19.561199
0.386000	21.733101
0.387000	21.733101
0.388000	21.733101
0.389000	19.561199
0.390000	23.905100
0.391000	19.561199
0.392000	21.733101
0.393000	23.905100
0.394000	21.733101
0.395000	26.077101
0.396000	23.905100
0.397000	23.905100
0.398000	23.905100
0.399000	19.561199
0.400000	21.733101
0.401000	23.905100
0.402000	26.077101
0.403000	23.905100
0.404000	23.905100
0.405000	21.733101
0.406000	21.733101
0.407000	23.905100
0.408000	19.561199
0.409000	19.561199
0.410000	23.905100
0.411000	21.733101
0.412000	21.733101
0.413000	19.561199
0.414000	21.733101
0.415000	21.733101
0.416000	21.733101
0.417000	21.733101
0.418000	23.905100
0.419000	26.077101
0.420000	26.077101
0.421000	21.733101
0.422000	21.733101
0.423000	21.733101
0.424000	23.905100
0.425000	28.253500
0.426000	26.077101
0.427000	23.905100
0.428000	23.905100
0.429000	21.733101
0.430000	23.905100
0.431000	23.905100
0.432000	23.905100
0.433000	26.077101
0.434000	23.905100
0.435000	26.077101
0.436000	26.077101
0.437000	23.905100
0.438000	23.905100
0.439000	23.905100
0.440000	21.733101
0.441000	21.733101
0.442000	21.733101
0.443000	21.733101
0.444000	26.077101
0.445000	19.561199
0.446000	26.077101
0.447000	21.733101
0.448000	23.905100
0.449000	21.733101
0.450000	21.733101
0.451000	21.733101
0.452000	23.905100
0.453000	26.077101
0.454000	21.733101
0.455000	26.077101
0.456000	23.905100
0.457000	21.733101
0.458000	21.733101
0.459000	21.733101
0.460000	19.561199
0.461000	23.905100
0.462000	19.561199
0.463000	19.561199
0.464000	19.561199
0.465000	19.561199
0.466000	23.905100
0.467000	19.561199
0.468000	19.561199
0.469000	23.905100
0.470000	26.077101
0.471000	26.077101
0.472000	26.077101
0.473000	26.077101
0.474000	23.905100
0.475000	23.905100
0.476000	21.733101
0.477000	23.905100
0.478000	26.077101
0.479000	23.905100
0.480000	26.077101
0.481000	26.077101
0.482000	26.077101
0.483000	26.077101
0.484000	26.077101
0.485000	23.905100
0.486000	23.905100
0.487000	21.733101
0.488000	23.905100
0.489000	23.905100
0.490000	23.905100
0.491000	26.077101
0.492000	26.077101
0.493000	26.077101
0.494000	23.905100
0.495000	26.077101
0.496000	23.905100
0.497000	26.077101
0.498000	23.905100
0.499000	26.077101
0.500000	23.905100
0.501000	19.561199
0.502000	23.905100
0.503000	23.905100
0.504000	21.733101
0.505000	21.733101
0.506000	21.733101
0.507000	21.733101
0.508000	23.905100
0.509000	21.733101
0.510000	21.733101
0.511000	26.077101
0.512000	21.733101
0.513000	21.733101
0.514000	23.905100
0.515000	21.733101
0.516000	23.905100
0.517000	21.733101
0.518000	21.733101
0.519000	19.561199
0.520000	21.733101
0.521000	21.733101
0.522000	23.905100
0.523000	23.905100
0.524000	23.905100
0.525000	26.077101
0.526000	26.077101
0.527000	23.905100
0.528000	23.905100
0.529000	21.733101
0.530000	23.905100
0.531000	23.905100
0.532000	26.077101
0.533000	23.905100
0.534000	26.077101
0.535000	26.077101
0.536000	26.077101
0.537000	26.077101
0.538000	23.905100
0.539000	23.905100
0.540000	26.077101
0.541000	26.077101
0.542000	28.253500
0.543000	26.077101
0.544000	23.905100
0.545000	28.253500
0.546000	23.905100
0.547000	26.077101
0.548000	26.077101
0.549000	23.905100
0.550000	23.905100
0.551000	23.905100
0.552000	21.733101
0.553000	26.077101
0.554000	23.905100
0.555000	26.077101
0.556000	21.733101
0.557000	26.077101
0.558000	26.077101
0.559000	21.733101
0.560000	19.561199
0.561000	21.733101
0.562000	21.733101
0.563000	23.905100
0.564000	23.905100
0.565000	19.561199
0.566000	23.905100
0.567000	19.561199
0.568000	19.561199
0.569000	21.733101
0.570000	26.077101
0.571000	21.733101
0.572000	19.561199
0.573000	19.561199
0.574000	17.384701
0.575000	19.561199
0.576000	21.733101
0.577000	21.733101
0.578000	17.384701
0.579000	17.384701
0.580000	17.384701
0.581000	19.561199
0.582000	19.561199
0.583000	21.733101
0.584000	21.733101
0.585000	21.733101
0.586000	21.733101
0.587000	21.733101
0.588000	21.733101
0.589000	21.733101
0.590000	23.905100
0.591000	23.905100
0.592000	21.733101
0.593000	23.905100
0.594000	23.905100
0.595000	19.561199
0.596000	23.905100
0.597000	23.905100
0.598000	26.077101
0.599000	23.905100
0.600000	26.077101
0.601000	21.733101
0.602000	26.077101
0.603000	26.077101
0.604000	26.077101
0.605000	26.077101
0.606000	21.733101
0.607000	23.905100
0.608000	26.077101
0.609000	26.077101
0.610000	23.905100
0.611000	21.733101
0.612000	26.077101
0.613000	23.905100
0.614000	21.733101
0.615000	21.733101
0.616000	21.733101
0.617000	23.905100
0.618000	23.905100
0.619000	21.733101
0.620000	23.905100
0.621000	26.077101
0.622000	23.905100
0.623000	23.905100
0.624000	26.077101
0.625000	19.561199
0.626000	23.905100
0.627000	21.733101
0.628000	23.905100
0.629000	21.733101
0.630000	23.905100
0.631000	21.733101
0.632000	23.905100
0.633000	21.733101
0.634000	19.561199
0.635000	23.905100
0.636000	23.905100
0.637000	21.733101
0.638000	23.905100
0.639000	21.733101
0.640000	23.905100
0.641000	23.905100
0.642000	21.733101
0.643000	23.905100
0.644000	21.733101
0.645000	21.733101
0.646000	23.905100
0.647000	21.733101
0.648000	21.733101
0.649000	26.077101
0.650000	23.905100
0.651000	26.077101
0.652000	23.905100
0.653000	26.077101
0.654000	23.905100
0.655000	26.077101
0.656000	23.905100
0.657000	26.077101
0.658000	23.905100
0.659000	26.077101
0.660000	26.077101
0.661000	26.077101
0.662000	26.077101
0.663000	26.077101
0.664000	26.077101
0.665000	26.077101
0.666000	26.077101
0.667000	23.905100
0.668000	26.077101
0.669000	23.905100
0.670000	26.077101
0.671000	23.905100
0.672000	26.077101
0.673000	26.077101
0.674000	23.905100
0.675000	26.077101
0.676000	26.077101
0.677000	23.905100
0.678000	26.077101
0.679000	23.905100
0.680000	21.733101
0.681000	23.905100
0.682000	26.077101
0.683000	23.905100
0.684000	21.733101
0.685000	39.117901
0.686000	23.905100
0.687000	32.597500
0.688000	30.425501
0.689000	23.905100
0.690000	32.597500
0.691000	15.212800
0.692000	17.384701
0.693000	13.040800
0.694000	8.692370
0.695000	17.384701
0.696000	32.597500
0.697000	43.466301
0.698000	36.945900
0.699000	28.253500
0.700000	17.384701
0.701000	15.212800
0.702000	0.000000
0.703000	6.520390
0.704000	-2.171980
0.705000	-13.040800
0.706000	-15.212800
0.707000	-6.520390
0.708000	8.692370
0.709000	13.040800
0.710000	8.692370
0.711000	-2.171980
0.712000	6.520390
0.713000	17.384701
0.714000	30.425501
0.715000	30.425501
0.716000	28.253500
0.717000	19.561199
0.718000	6.520390
0.719000	19.561199
0.720000	21.733101
0.721000	71.715401
0.722000	30.425501
0.723000	23.905100
0.724000	43.466301
0.725000	-21.733101
0.726000	36.945900
0.727000	-6.520390
0.728000	26.077101
0.729000	-21.733101
0.730000	-17.384701
0.731000	-6.520390
0.732000	-30.425501
0.733000	17.384701
0.734000	8.692370
0.735000	15.212800
0.736000	6.520390
0.737000	10.864300
0.738000	19.561199
0.739000	8.692370
0.740000	54.330601
0.741000	26.077101
0.742000	21.733101
0.743000	13.040800
0.744000	10.864300
0.745000	21.733101
0.746000	15.212800
0.747000	28.253500
0.748000	13.040800
0.749000	32.597500
0.750000	15.212800
0.751000	17.384701
0.752000	17.384701
0.753000	-4.348410
0.754000	0.000000
0.755000	-23.905100
0.756000	-19.561199
0.757000	-17.384701
0.758000	-21.733101
0.759000	-13.040800
0.760000	-17.384701
0.761000	-8.692370
0.762000	-13.040800
0.763000	10.864300
0.764000	73.891800
0.765000	45.638302
0.766000	39.117901
0.767000	80.407700
0.768000	23.905100
0.769000	30.425501
0.770000	4.348410
0.771000	-26.077101
0.772000	-78.235703
0.773000	-102.140999
0.774000	-82.584198
0.775000	-104.317001
0.776000	-80.407700
0.777000	-45.638302
0.778000	-15.212800
0.779000	-23.905100
0.780000	2.171980
0.781000	-4.348410
0.782000	-15.212800
0.783000	26.077101
0.784000	17.384701
0.785000	23.905100
0.786000	10.864300
0.787000	10.864300
0.788000	4.348410
0.789000	13.040800
0.790000	15.212800
0.791000	-8.692370
0.792000	13.040800
0.793000	0.000000
0.794000	4.348410
0.795000	2.171980
0.796000	-6.520390
0.797000	-10.864300
0.798000	-17.384701
0.799000	-8.692370
0.800000	-6.520390
0.801000	-2.171980
0.802000	13.040800
0.803000	8.692370
0.804000	4.348410
0.805000	-6.520390
0.806000	-15.212800
0.807000	-19.561199
0.808000	-17.384701
0.809000	-2.171980
0.810000	2.171980
0.811000	0.000000
0.812000	4.348410
0.813000	-4.348410
0.814000	-4.348410
0.815000	10.864300
0.816000	6.520390
0.817000	30.425501
0.818000	4.348410
0.819000	6.520390
0.820000	0.000000
0.821000	-26.077101
0.822000	-2.171980
0.823000	-8.692370
0.824000	0.000000
0.825000	13.040800
0.826000	-26.077101
0.827000	-34.773899
0.828000	-56.502602
0.829000	-58.679001
0.830000	-52.158600
0.831000	-52.158600
0.832000	-30.425501
0.833000	-47.810200
0.834000	-43.466301
0.835000	-34.773899
0.836000	-23.905100
0.837000	-19.561199
0.838000	-23.905100
0.839000	-30.425501
0.840000	-36.945900
0.841000	-41.289902
0.842000	-52.158600
0.843000	-52.158600
0.844000	-10.864300
0.845000	-15.212800
0.846000	36.945900
0.847000	49.982201
0.848000	13.040800
0.849000	21.733101
0.850000	-73.891800
0.851000	-123.874001
0.852000	-160.820007
0.853000	-195.589005
0.854000	-132.565994
0.855000	-102.140999
0.856000	-56.502602
0.857000	-23.905100
0.858000	2.171980
0.859000	4.348410
0.860000	-41.289902
0.861000	-52.158600
0.862000	-102.140999
0.863000	-136.914993
0.864000	-158.647995
0.865000	-184.725006
0.866000	-176.033005
0.867000	-169.511993
0.868000	-158.647995
0.869000	-136.914993
0.870000	-117.353996
0.871000	-97.796898
0.872000	-84.756104
0.873000	-76.063797
0.874000	-78.235703
0.875000	-82.584198
0.876000	-84.756104
0.877000	-78.235703
0.878000	-80.407700
0.879000	-76.063797
0.880000	-82.584198
0.881000	-86.928101
0.882000	-99.968903
0.883000	-134.738007
0.884000	-126.045998
0.885000	-93.448502
0.886000	-162.992004
0.887000	-108.661003
0.888000	-115.181999
0.889000	-52.158600
0.890000	-89.104500
0.891000	-49.982201
0.892000	-91.276497
0.893000	-76.063797
0.894000	-71.715401
0.895000	-63.022999
0.896000	-58.679001
0.897000	-63.022999
0.898000	-65.195000
0.899000	-56.502602
0.900000	-69.543404
0.901000	-65.195000
0.902000	-65.195000
0.903000	-60.851002
0.904000	-82.584198
0.905000	-86.928101
0.906000	-99.968903
0.907000	-108.661003
0.908000	-93.448502
0.909000	-89.104500
0.910000	-93.448502
0.911000	-84.756104
0.912000	-99.968903
0.913000	-106.488998
0.914000	-104.317001
0.915000	-106.488998
0.916000	-110.833000
0.917000	-123.874001
0.918000	-128.222000
0.919000	-123.874001
0.920000	-123.874001
0.921000	-117.353996
0.922000	-108.661003
0.923000	-108.661003
0.924000	-104.317001
0.925000	-102.140999
0.926000	-97.796898
0.927000	-102.140999
0.928000	-99.968903
0.929000	-95.620499
0.930000	-95.620499
0.931000	-95.620499
0.932000	-91.276497
0.933000	-93.448502
0.934000	-93.448502
0.935000	-91.276497
0.936000	-97.796898
0.937000	-99.968903
0.938000	-104.317001
0.939000	-113.010002
0.940000	-104.317001
0.941000	-99.968903
0.942000	-91.276497
0.943000	-91.276497
0.944000	-86.928101
0.945000	-84.756104
0.946000	-84.756104
0.947000	-86.928101
0.948000	-93.448502
0.949000	-95.620499
0.950000	-99.968903
0.951000	-95.620499
0.952000	-104.317001
0.953000	-108.661003
0.954000	-104.317001
0.955000	-99.968903
0.956000	-99.968903
0.957000	-99.968903
0.958000	-104.317001
0.959000	-102.140999
0.960000	-102.140999
0.961000	-106.488998
0.962000	-99.968903
0.963000	-108.661003
0.964000	-104.317001
0.965000	-104.317001
0.966000	-106.488998
0.967000	-117.353996
0.968000	-119.526001
0.969000	-110.833000
0.970000	-115.181999
0.971000	-115.181999
0.972000	-108.661003
0.973000	-108.661003
0.974000	-113.010002
0.975000	-108.661003
0.976000	-110.833000
0.977000	-115.181999
0.978000	-115.181999
0.979000	-115.181999
0.980000	-119.526001
0.981000	-119.526001
0.982000	-126.045998
0.983000	-119.526001
0.984000	-115.181999
0.985000	-108.661003
0.986000	-99.968903
0.987000	-104.317001
0.988000	-97.796898
0.989000	-104.317001
0.990000	-117.353996
0.991000	-126.045998
0.992000	-139.087006
0.993000	-139.087006
0.994000	-139.087006
0.995000	-132.565994
0.996000	-130.393997
0.997000	-128.222000
0.998000	-119.526001
0.999000	-117.353996
1.000000	-115.181999
1.001000	-115.181999
1.002000	-121.702003
1.003000	-119.526001
1.004000	-119.526001
1.005000	-117.353996
1.006000	-128.222000
1.007000	-132.565994
1.008000	-130.393997
1.009000	-130.393997
1.010000	-132.565994
1.011000	-128.222000
1.012000	-126.045998
1.013000	-126.045998
1.014000	-134.738007
1.015000	-132.565994
1.016000	-143.434998
1.017000	-162.992004
1.018000	-165.164001
1.019000	-169.511993
1.020000	-167.339996
1.021000	-156.470993
1.022000	-167.339996
1.023000	-169.511993
1.024000	-167.339996
1.025000	-173.860992
1.026000	-167.339996
1.027000	-162.992004
1.028000	-156.470993
1.029000	-160.820007
1.030000	-165.164001
1.031000	-160.820007
1.032000	-173.860992
1.033000	-178.205002
1.034000	-178.205002
1.035000	-186.897003
1.036000	-178.205002
1.037000	-178.205002
1.038000	-180.376999
1.039000	-210.802002
1.040000	-186.897003
1.041000	-143.434998
1.042000	-195.589005
1.043000	-178.205002
1.044000	-162.992004
1.045000	-197.766006
1.046000	-193.417007
1.047000	-176.033005
1.048000	-171.684006
1.049000	-171.684006
1.050000	-152.128006
1.051000	-147.779007
1.052000	-176.033005
1.053000	-169.511993
1.054000	-180.376999
1.055000	-182.552994
1.056000	-178.205002
1.057000	-165.164001
1.058000	-152.128006
1.059000	-160.820007
1.060000	-158.647995
1.061000	-165.164001
1.062000	-171.684006
1.063000	-173.860992
1.064000	-165.164001
1.065000	-156.470993
1.066000	-158.647995
1.067000	-158.647995
1.068000	-162.992004
1.069000	-167.339996
1.070000	-162.992004
1.071000	-167.339996
1.072000	-169.511993
1.073000	-165.164001
1.074000	-162.992004
1.075000	-160.820007
1.076000	-156.470993
1.077000	-158.647995
1.078000	-160.820007
1.079000	-158.647995
1.080000	-160.820007
1.081000	-154.300003
1.082000	-156.470993
1.083000	-152.128006
1.084000	-149.951004
1.085000	-152.128006
1.086000	-147.779007
1.087000	-149.951004
1.088000	-143.434998
1.089000	-145.606995
1.090000	-143.434998
1.091000	-141.259003
1.092000	-143.434998
1.093000	-139.087006
1.094000	-136.914993
1.095000	-134.738007
1.096000	-134.738007
1.097000	-130.393997
1.098000	-128.222000
1.099000	-123.874001
1.100000	-126.045998
1.101000	-121.702003
1.102000	-119.526001
1.103000	-113.010002
1.104000	-115.181999
1.105000	-117.353996
1.106000	-121.702003
1.107000	-121.702003
1.108000	-123.874001
1.109000	-121.702003
1.110000	-117.353996
1.111000	-119.526001
1.112000	-121.702003
1.113000	-119.526001
1.114000	-119.526001
1.115000	-115.181999
1.116000	-113.010002
1.117000	-110.833000
1.118000	-108.661003
1.119000	-104.317001
1.120000	-99.968903
1.121000	-97.796898
1.122000	-99.968903
1.123000	-99.968903
1.124000	-104.317001
1.125000	-99.968903
1.126000	-102.140999
1.127000	-99.968903
1.128000	-99.968903
1.129000	-99.968903
1.130000	-102.140999
1.131000	-99.968903
1.132000	-99.968903
1.133000	-102.140999
1.134000	-104.317001
1.135000	-102.140999
1.136000	-97.796898
1.137000	-104.317001
1.138000	-99.968903
1.139000	-99.968903
1.140000	-104.317001
1.141000	-108.661003
1.142000	-108.661003
1.143000	-108.661003
1.144000	-110.833000
1.145000	-108.661003
1.146000	-110.833000
1.147000	-106.488998
1.148000	-110.833000
1.149000	-108.661003
1.150000	-106.488998
1.151000	-106.488998
1.152000	-102.140999
1.153000	-102.140999
1.154000	-97.796898
1.155000	-97.796898
1.156000	-93.448502
1.157000	-95.620499
1.158000	-95.620499
1.159000	-95.620499
1.160000	-93.448502
1.161000	-91.276497
1.162000	-89.104500
1.163000	-89.104500
1.164000	-93.448502
1.165000	-93.448502
1.166000	-93.448502
1.167000	-93.448502
1.168000	-93.448502
1.169000	-84.756104
1.170000	-95.620499
1.171000	-89.104500
1.172000	-89.104500
1.173000	-113.010002
1.174000	-76.063797
1.175000	-91.276497
1.176000	-97.796898
1.177000	-76.063797
1.178000	-73.891800
1.179000	-99.968903
1.180000	-95.620499
1.181000	-102.140999
1.182000	-99.968903
1.183000	-95.620499
1.184000	-86.928101
1.185000	-91.276497
1.186000	-86.928101
1.187000	-91.276497
1.188000	-84.756104
1.189000	-78.235703
1.190000	-86.928101
1.191000	-82.584198
1.192000	-76.063797
1.193000	-78.235703
1.194000	-86.928101
1.195000	-82.584198
1.196000	-82.584198
1.197000	-84.756104
1.198000	-80.407700
1.199000	-82.584198
1.200000	-76.063797
1.201000	-73.891800
1.202000	-82.584198
1.203000	-73.891800
1.204000	-73.891800
1.205000	-76.063797
1.206000	-76.063797
1.207000	-76.063797
1.208000	-76.063797
1.209000	-76.063797
1.210000	-78.235703
1.211000	-69.543404
1.212000	-71.715401
1.213000	-76.063797
1.214000	-73.891800
1.215000	-71.715401
1.216000	-69.543404
1.217000	-69.543404
1.218000	-69.543404
1.219000	-69.543404
1.220000	-67.371399
1.221000	-65.195000
1.222000	-60.851002
1.223000	-54.330601
1.224000	-56.502602
1.225000	-58.679001
1.226000	-58.679001
1.227000	-60.851002
1.228000	-56.502602
1.229000	-58.679001
1.230000	-60.851002
1.231000	-58.679001
1.232000	-69.543404
1.233000	-69.543404
1.234000	-69.543404
1.235000	-69.543404
1.236000	-65.195000
1.237000	-65.195000
1.238000	-63.022999
1.239000	-63.022999
1.240000	-63.022999
1.241000	-58.679001
1.242000	-56.502602
1.243000	-60.851002
1.244000	-60.851002
1.245000	-56.502602
1.246000	-65.195000
1.247000	-63.022999
1.248000	-58.679001
1.249000	-63.022999
1.250000	-67.371399
1.251000	-71.715401
1.252000	-69.543404
1.253000	-69.543404
1.254000	-67.371399
1.255000	-65.195000
1.256000	-67.371399
1.257000	-69.543404
1.258000	-69.543404
1.259000	-65.195000
1.260000	-67.371399
1.261000	-65.195000
1.262000	-65.195000
1.263000	-65.195000
1.264000	-63.022999
1.265000	-60.851002
1.266000	-58.679001
1.267000	-60.851002
1.268000	-63.022999
1.269000	-58.679001
1.270000	-60.851002
1.271000	-63.022999
1.272000	-67.371399
1.273000	-69.543404
1.274000	-71.715401
1.275000	-69.543404
1.276000	-71.715401
1.277000	-69.543404
1.278000	-69.543404
1.279000	-71.715401
1.280000	-67.371399
1.281000	-67.371399
1.282000	-67.371399
1.283000	-67.371399
1.284000	-69.543404
1.285000	-71.715401
1.286000	-69.543404
1.287000	-69.543404
1.288000	-67.371399
1.289000	-69.543404
1.290000	-69.543404
1.291000	-67.371399
1.292000	-73.891800
1.293000	-71.715401
1.294000	-69.543404
1.295000	-71.715401
1.296000	-73.891800
1.297000	-76.063797
1.298000	-71.715401
1.299000	-71.715401
1.300000	-71.715401
1.301000	-76.063797
1.302000	-71.715401
1.303000	-76.063797
1.304000	-76.063797
1.305000	-78.235703
1.306000	-80.407700
1.307000	-78.235703
1.308000	-78.235703
1.309000	-82.584198
1.310000	-86.928101
1.311000	-84.756104
1.312000	-86.928101
1.313000	-89.104500
1.314000	-91.276497
1.315000	-93.448502
1.316000	-89.104500
1.317000	-89.104500
1.318000	-89.104500
1.319000	-89.104500
1.320000	-91.276497
1.321000	-95.620499
1.322000	-93.448502
1.323000	-97.796898
1.324000	-99.968903
1.325000	-99.968903
1.326000	-99.968903
1.327000	-97.796898
1.328000	-97.796898
1.329000	-86.928101
1.330000	-97.796898
1.331000	-93.448502
1.332000	-86.928101
1.333000	-93.448502
1.334000	-97.796898
1.335000	-102.140999
1.336000	-113.010002
1.337000	-119.526001
1.338000	-113.010002
1.339000	-108.661003
1.340000	-104.317001
1.341000	-102.140999
1.342000	-106.488998
1.343000	-108.661003
1.344000	-108.661003
1.345000	-106.488998
1.346000	-110.833000
1.347000	-113.010002
1.348000	-113.010002
1.349000	-110.833000
1.350000	-115.181999
1.351000	-117.353996
1.352000	-119.526001
1.353000	-119.526001
1.354000	-117.353996
1.355000	-119.526001
1.356000	-126.045998
1.357000	-132.565994
1.358000	-130.393997
1.359000	-128.222000
1.360000	-128.222000
1.361000	-128.222000
1.362000	-132.565994
1.363000	-134.738007
1.364000	-130.393997
1.365000	-132.565994
1.366000	-132.565994
1.367000	-134.738007
1.368000	-141.259003
1.369000	-141.259003
1.370000	-139.087006
1.371000	-139.087006
1.372000	-139.087006
1.373000	-136.914993
1.374000	-134.738007
1.375000	-136.914993
1.376000	-139.087006
1.377000	-143.434998
1.378000	-139.087006
1.379000	-139.087006
1.380000	-143.434998
1.381000	-141.259003
1.382000	-145.606995
1.383000	-147.779007
1.384000	-145.606995
1.385000	-145.606995
1.386000	-147.779007
1.387000	-147.779007
1.388000	-147.779007
1.389000	-145.606995
1.390000	-145.606995
1.391000	-141.259003
1.392000	-141.259003
1.393000	-141.259003
1.394000	-143.434998
1.395000	-143.434998
1.396000	-141.259003
1.397000	-139.087006
1.398000	-139.087006
1.399000	-136.914993
1.400000	-136.914993
1.401000	-136.914993
1.402000	-132.565994
1.403000	-132.565994
1.404000	-132.565994
1.405000	-132.565994
1.406000	-132.565994
1.407000	-130.393997
1.408000	-130.393997
1.409000	-134.738007
1.410000	-132.565994
1.411000	-130.393997
1.412000	-130.393997
1.413000	-130.393997
1.414000	-128.222000
1.415000	-128.222000
1.416000	-132.565994
1.417000	-132.565994
1.418000	-132.565994
1.419000	-136.914993
1.420000	-141.259003
1.421000	-139.087006
1.422000	-139.087006
1.423000	-139.087006
1.424000	-143.434998
1.425000	-136.914993
1.426000	-136.914993
1.427000	-136.914993
1.428000	-136.914993
1.429000	-134.738007
1.430000	-136.914993
1.431000	-134.738007
1.432000	-134.738007
1.433000	-134.738007
1.434000	-134.738007
1.435000	-132.565994
1.436000	-132.565994
1.437000	-132.565994
1.438000	-130.393997
1.439000	-130.393997
1.440000	-130.393997
1.441000	-126.045998
1.442000	-128.222000
1.443000	-128.222000
1.444000	-128.222000
1.445000	-126.045998
1.446000	-128.222000
1.447000	-128.222000
1.448000	-121.702003
1.449000	-126.045998
1.450000	-123.874001
1.451000	-126.045998
1.452000	-128.222000
1.453000	-128.222000
1.454000	-128.222000
1.455000	-128.222000
1.456000	-128.222000
1.457000	-123.874001
1.458000	-123.874001
1.459000	-121.702003
1.460000	-119.526001
1.461000	-119.526001
1.462000	-115.181999
1.463000	-115.181999
1.464000	-117.353996
1.465000	-119.526001
1.466000	-115.181999
1.467000	-117.353996
1.468000	-117.353996
1.469000	-115.181999
1.470000	-119.526001
1.471000	-117.353996
1.472000	-117.353996
1.473000	-119.526001
1.474000	-117.353996
1.475000	-117.353996
1.476000	-115.181999
1.477000	-115.181999
1.478000	-115.181999
1.479000	-117.353996
1.480000	-113.010002
1.481000	-113.010002
1.482000	-110.833000
1.483000	-110.833000
1.484000	-106.488998
1.485000	-108.661003
1.486000	-106.488998
1.487000	-108.661003
1.488000	-104.317001
1.489000	-106.488998
1.490000	-106.488998
1.491000	-104.317001
1.492000	-108.661003
1.493000	-108.661003
1.494000	-108.661003
1.495000	-108.661003
1.496000	-104.317001
1.497000	-104.317001
1.498000	-102.140999
1.499000	-102.140999
1.500000	-102.140999
1.501000	-99.968903
1.502000	-102.140999
1.503000	-104.317001
1.504000	-95.620499
1.505000	-97.796898
1.506000	-95.620499
1.507000	-102.140999
1.508000	-99.968903
1.509000	-99.968903
1.510000	-99.968903
1.511000	-95.620499
1.512000	-95.620499
1.513000	-95.620499
1.514000	-93.448502
1.515000	-97.796898
1.516000	-99.968903
1.517000	-102.140999
1.518000	-102.140999
1.519000	-99.968903
1.520000	-99.968903
1.521000	-104.317001
1.522000	-99.968903
1.523000	-102.140999
1.524000	-99.968903
1.525000	-102.140999
1.526000	-104.317001
1.527000	-102.140999
1.528000	-102.140999
1.529000	-99.968903
1.530000	-102.140999
1.531000	-99.968903
1.532000	-97.796898
1.533000	-99.968903
1.534000	-102.140999
1.535000	-97.796898
1.536000	-97.796898
1.537000	-97.796898
1.538000	-102.140999
1.539000	-104.317001
1.540000	-104.317001
1.541000	-102.140999
1.542000	-102.140999
1.543000	-99.968903
1.544000	-99.968903
1.545000	-104.317001
1.546000	-102.140999
1.547000	-104.317001
1.548000	-104.317001
1.549000	-102.140999
1.550000	-106.488998
1.551000	-104.317001
1.552000	-102.140999
1.553000	-104.317001
1.554000	-106.488998
1.555000	-104.317001
1.556000	-106.488998
1.557000	-106.488998
1.558000	-108.661003
1.559000	-108.661003
1.560000	-108.661003
1.561000	-110.833000
1.562000	-108.661003
1.563000	-108.661003
1.564000	-108.661003
1.565000	-108.661003
1.566000	-113.010002
1.567000	-108.661003
1.568000	-110.833000
1.569000	-110.833000
1.570000	-115.181999
1.571000	-113.010002
1.572000	-115.181999
1.573000	-113.010002
1.574000	-115.181999
1.575000	-113.010002
1.576000	-117.353996
1.577000	-115.181999
1.578000	-117.353996
1.579000	-119.526001
1.580000	-119.526001
1.581000	-121.702003
1.582000	-119.526001
1.583000	-121.702003
1.584000	-121.702003
1.585000	-119.526001
1.586000	-123.874001
1.587000	-126.045998
1.588000	-126.045998
1.589000	-128.222000
1.590000	-126.045998
1.591000	-126.045998
1.592000	-128.222000
1.593000	-128.222000
1.594000	-128.222000
1.595000	-128.222000
1.596000	-130.393997
1.597000	-130.393997
1.598000	-128.222000
1.599000	-123.874001
1.600000	-128.222000
1.601000	-128.222000
1.602000	-126.045998
1.603000	-126.045998
1.604000	-126.045998
1.605000	-126.045998
1.606000	-128.222000
1.607000	-130.393997
1.608000	-128.222000
1.609000	-128.222000
1.610000	-130.393997
1.611000	-134.738007
1.612000	-134.738007
1.613000	-134.738007
1.614000	-132.565994
1.615000	-136.914993
1.616000	-134.738007
1.617000	-136.914993
1.618000	-136.914993
1.619000	-141.259003
1.620000	-139.087006
1.621000	-136.914993
1.622000	-134.738007
1.623000	-139.087006
1.624000	-139.087006
1.625000	-141.259003
1.626000	-139.087006
1.627000	-139.087006
1.628000	-139.087006
1.629000	-139.087006
1.630000	-141.259003
1.631000	-139.087006
1.632000	-139.087006
1.633000	-141.259003
1.634000	-139.087006
1.635000	-143.434998
1.636000	-143.434998
1.637000	-145.606995
1.638000	-143.434998
1.639000	-143.434998
1.640000	-145.606995
1.641000	-143.434998
1.642000	-145.606995
1.643000	-147.779007
1.644000	-149.951004
1.645000	-143.434998
1.646000	-147.779007
1.647000	-145.606995
1.648000	-143.434998
1.649000	-141.259003
1.650000	-143.434998
1.651000	-141.259003
1.652000	-139.087006
1.653000	-141.259003
1.654000	-143.434998
1.655000	-145.606995
1.656000	-147.779007
1.657000	-147.779007
1.658000	-145.606995
1.659000	-143.434998
1.660000	-145.606995
1.661000	-145.606995
1.662000	-143.434998
1.663000	-147.779007
1.664000	-143.434998
1.665000	-143.434998
1.666000	-143.434998
1.667000	-141.259003
1.668000	-143.434998
1.669000	-143.434998
1.670000	-141.259003
1.671000	-141.259003
1.672000	-141.259003
1.673000	-139.087006
1.674000	-141.259003
1.675000	-143.434998
1.676000	-139.087006
1.677000	-143.434998
1.678000	-141.259003
1.679000	-141.259003
1.680000	-139.087006
1.681000	-141.259003
1.682000	-139.087006
1.683000	-143.434998
1.684000	-143.434998
1.685000	-139.087006
1.686000	-136.914993
1.687000	-141.259003
1.688000	-141.259003
1.689000	-141.259003
1.690000	-141.259003
1.691000	-141.259003
1.692000	-136.914993
1.693000	-141.259003
1.694000	-141.259003
1.695000	-143.434998
1.696000	-143.434998
1.697000	-143.434998
1.698000	-141.259003
1.699000	-136.914993
1.700000	-141.259003
1.701000	-136.914993
1.702000	-143.434998
1.703000	-143.434998
1.704000	-141.259003
1.705000	-139.087006
1.706000	-143.434998
1.707000	-141.259003
1.708000	-143.434998
1.709000	-143.434998
1.710000	-139.087006
1.711000	-143.434998
1.712000	-141.259003
1.713000	-143.434998
1.714000	-139.087006
1.715000	-139.087006
1.716000	-143.434998
1.717000	-139.087006
1.718000	-136.914993
1.719000	-134.738007
1.720000	-134.738007
1.721000	-136.914993
1.722000	-136.914993
1.723000	-139.087006
1.724000	-141.259003
1.725000	-136.914993
1.726000	-139.087006
1.727000	-139.087006
1.728000	-139.087006
1.729000	-139.087006
1.730000	-139.087006
1.731000	-139.087006
1.732000	-139.087006
1.733000	-139.087006
1.734000	-136.914993
1.735000	-139.087006
1.736000	-139.087006
1.737000	-143.434998
1.738000	-143.434998
1.739000	-145.606995
1.740000	-141.259003
1.741000	-141.259003
1.742000	-141.259003
1.743000	-143.434998
1.744000	-143.434998
1.745000	-143.434998
1.746000	-143.434998
1.747000	-143.434998
1.748000	-143.434998
1.749000	-141.259003
1.750000	-143.434998
1.751000	-145.606995
1.752000	-147.779007
1.753000	-147.779007
1.754000	-145.606995
1.755000	-147.779007
1.756000	-147.779007
1.757000	-147.779007
1.758000	-147.779007
1.759000	-147.779007
1.760000	-147.779007
1.761000	-145.606995
1.762000	-147.779007
1.763000	-147.779007
1.764000	-145.606995
1.765000	-147.779007
1.766000	-149.951004
1.767000	-147.779007
1.768000	-149.951004
1.769000	-149.951004
1.770000	-143.434998
1.771000	-145.606995
1.772000	-147.779007
1.773000	-147.779007
1.774000	-145.606995
1.775000	-145.606995
1.776000	-145.606995
1.777000	-147.779007
1.778000	-145.606995
1.779000	-145.606995
1.780000	-143.434998
1.781000	-145.606995
1.782000	-147.779007
1.783000	-147.779007
1.784000	-149.951004
1.785000	-147.779007
1.786000	-147.779007
1.787000	-145.606995
1.788000	-143.434998
1.789000	-145.606995
1.790000	-145.606995
1.791000	-143.434998
1.792000	-143.434998
1.793000	-145.606995
1.794000	-147.779007
1.795000	-147.779007
1.796000	-145.606995
1.797000	-145.606995
1.798000	-145.606995
1.799000	-145.606995
1.800000	-147.779007
1.801000	-145.606995
1.802000	-147.779007
1.803000	-149.951004
1.804000	-149.951004
1.805000	-149.951004
1.806000	-147.779007
1.807000	-149.951004
1.808000	-147.779007
1.809000	-147.779007
1.810000	-149.951004
1.811000	-152.128006
1.812000	-152.128006
1.813000	-154.300003
1.814000	-152.128006
1.815000	-152.128006
1.816000	-154.300003
1.817000	-152.128006
1.818000	-154.300003
1.819000	-149.951004
1.820000	-149.951004
1.821000	-152.128006
1.822000	-147.779007
1.823000	-149.951004
1.824000	-152.128006
1.825000	-154.300003
1.826000	-152.128006
1.827000	-149.951004
1.828000	-152.128006
1.829000	-152.128006
1.830000	-156.470993
1.831000	-152.128006
1.832000	-152.128006
1.833000	-154.300003
1.834000	-152.128006
1.835000	-154.300003
1.836000	-154.300003
1.837000	-152.128006
1.838000	-149.951004
1.839000	-152.128006
1.840000	-149.951004
1.841000	-147.779007
1.842000	-149.951004
1.843000	-145.606995
1.844000	-149.951004
1.845000	-149.951004
1.846000	-149.951004
1.847000	-147.779007
1.848000	-149.951004
1.849000	-149.951004
1.850000	-149.951004
1.851000	-149.951004
1.852000	-149.951004
1.853000	-147.779007
1.854000	-147.779007
1.855000	-149.951004
1.856000	-152.128006
1.857000	-152.128006
1.858000	-152.128006
1.859000	-152.128006
1.860000	-154.300003
1.861000	-152.128006
1.862000	-152.128006
1.863000	-149.951004
1.864000	-152.128006
1.865000	-149.951004
1.866000	-154.300003
1.867000	-149.951004
1.868000	-154.300003
1.869000	-152.128006
1.870000	-152.128006
1.871000	-154.300003
1.872000	-152.128006
1.873000	-152.128006
1.874000	-156.470993
1.875000	-149.951004
1.876000	-154.300003
1.877000	-154.300003
1.878000	-154.300003
1.879000	-154.300003
1.880000	-156.470993
1.881000	-154.300003
1.882000	-154.300003
1.883000	-152.128006
1.884000	-152.128006
1.885000	-154.300003
1.886000	-149.951004
1.887000	-152.128006
1.888000	-154.300003
1.889000	-154.300003
1.890000	-149.951004
1.891000	-154.300003
1.892000	-154.300003
1.893000	-154.300003
1.894000	-154.300003
1.895000	-152.128006
1.896000	-152.128006
1.897000	-154.300003
1.898000	-152.128006
1.899000	-149.951004
1.900000	-152.128006
1.901000	-152.128006
1.902000	-147.779007
1.903000	-149.951004
1.904000	-149.951004
1.905000	-149.951004
1.906000	-152.128006
1.907000	-152.128006
1.908000	-154.300003
1.909000	-152.128006
1.910000	-149.951004
1.911000	-149.951004
1.912000	-152.128006
1.913000	-152.128006
1.914000	-154.300003
1.915000	-152.128006
1.916000	-154.300003
1.917000	-154.300003
1.918000	-152.128006
1.919000	-154.300003
1.920000	-154.300003
1.921000	-154.300003
1.922000	-152.128006
1.923000	-156.470993
1.924000	-154.300003
1.925000	-154.300003
1.926000	-154.300003
1.927000	-154.300003
1.928000	-156.470993
1.929000	-154.300003
1.930000	-156.470993
1.931000	-158.647995
1.932000	-154.300003
1.933000	-156.470993
1.934000	-156.470993
1.935000	-156.470993
1.936000	-154.300003
1.937000	-152.128006
1.938000	-154.300003
1.939000	-154.300003
1.940000	-156.470993
1.941000	-156.470993
1.942000	-154.300003
1.943000	-154.300003
1.944000	-156.470993
1.945000	-156.470993
1.946000	-156.470993
1.947000	-156.470993
1.948000	-156.470993
1.949000	-154.300003
1.950000	-156.470993
1.951000	-158.647995
1.952000	-160.820007
1.953000	-158.647995
1.954000	-156.470993
1.955000	-156.470993
1.956000	-156.470993
1.957000	-156.470993
1.958000	-158.647995
1.959000	-156.470993
1.960000	-156.470993
1.961000	-156.470993
1.962000	-156.470993
1.963000	-154.300003
1.964000	-156.470993
1.965000	-152.128006
1.966000	-156.470993
1.967000	-154.300003
1.968000	-158.647995
1.969000	-158.647995
1.970000	-156.470993
1.971000	-158.647995
1.972000	-156.470993
1.973000	-158.647995
1.974000	-158.647995
1.975000	-156.470993
1.976000	-158.647995
1.977000	-154.300003
1.978000	-160.820007
1.979000	-158.647995
1.980000	-160.820007
1.981000	-158.647995
1.982000	-156.470993
1.983000	-158.647995
1.984000	-156.470993
1.985000	-158.647995
1.986000	-160.820007
1.987000	-158.647995
1.988000	-158.647995
1.989000	-160.820007
1.990000	-162.992004
1.991000	-158.647995
1.992000	-160.820007
1.993000	-160.820007
1.994000	-160.820007
1.995000	-162.992004
1.996000	-160.820007
1.997000	-160.820007
1.998000	-158.647995
1.999000	-158.647995
2.000000	-160.820007
2.001000	-160.820007
2.002000	-158.647995
2.003000	-160.820007
2.004000	-156.470993
2.005000	-158.647995
2.006000	-156.470993
2.007000	-160.820007
2.008000	-160.820007
2.009000	-160.820007
2.010000	-160.820007
2.011000	-158.647995
2.012000	-158.647995
2.013000	-160.820007
2.014000	-158.647995
2.015000	-160.820007
2.016000	-160.820007
2.017000	-158.647995
2.018000	-160.820007
2.019000	-158.647995
2.020000	-156.470993
2.021000	-160.820007
2.022000	-160.820007
2.023000	-160.820007
2.024000	-160.820007
2.025000	-160.820007
2.026000	-158.647995
2.027000	-158.647995
2.028000	-158.647995
2.029000	-160.820007
2.030000	-160.820007
2.031000	-160.820007
2.032000	-160.820007
2.033000	-160.820007
2.034000	-160.820007
2.035000	-160.820007
2.036000	-160.820007
2.037000	-158.647995
2.038000	-160.820007
2.039000	-158.647995
2.040000	-156.470993
2.041000	-160.820007
2.042000	-158.647995
2.043000	-162.992004
2.044000	-160.820007
2.045000	-162.992004
2.046000	-162.992004
2.047000	-162.992004
2.048000	-162.992004
2.049000	-162.992004
2.050000	-160.820007
2.051000	-165.164001
2.052000	-160.820007
2.053000	-160.820007
2.054000	-162.992004
2.055000	-162.992004
2.056000	-160.820007
2.057000	-160.820007
2.058000	-158.647995
2.059000	-160.820007
2.060000	-162.992004
2.061000	-162.992004
2.062000	-162.992004
2.063000	-165.164001
2.064000	-162.992004
2.065000	-160.820007
2.066000	-162.992004
2.067000	-165.164001
2.068000	-162.992004
2.069000	-162.992004
2.070000	-162.992004
2.071000	-160.820007
2.072000	-162.992004
2.073000	-162.992004
2.074000	-160.820007
2.075000	-160.820007
2.076000	-160.820007
2.077000	-160.820007
2.078000	-160.820007
2.079000	-165.164001
2.080000	-167.339996
2.081000	-165.164001
2.082000	-160.820007
2.083000	-160.820007
2.084000	-162.992004
2.085000	-165.164001
2.086000	-165.164001
2.087000	-165.164001
2.088000	-160.820007
2.089000	-162.992004
2.090000	-165.164001
2.091000	-162.992004
2.092000	-165.164001
2.093000	-165.164001
2.094000	-162.992004
2.095000	-165.164001
2.096000	-165.164001
2.097000	-165.164001
2.098000	-162.992004
2.099000	-162.992004
2.100000	-165.164001
2.101000	-162.992004
2.102000	-162.992004
2.103000	-162.992004
2.104000	-162.992004
2.105000	-165.164001
2.106000	-165.164001
2.107000	-165.164001
2.108000	-162.992004
2.109000	-165.164001
2.110000	-165.164001
2.111000	-165.164001
2.112000	-167.339996
2.113000	-162.992004
2.114000	-162.992004
2.115000	-162.992004
2.116000	-165.164001
2.117000	-165.164001
2.118000	-167.339996
2.119000	-162.992004
2.120000	-165.164001
2.121000	-165.164001
2.122000	-165.164001
2.123000	-165.164001
2.124000	-165.164001
2.125000	-165.164001
2.126000	-165.164001
2.127000	-165.164001
2.128000	-162.992004
2.129000	-165.164001
2.130000	-167.339996
2.131000	-165.164001
2.132000	-165.164001
2.133000	-167.339996
2.134000	-165.164001
2.135000	-167.339996
2.136000	-167.339996
2.137000	-167.339996
2.138000	-165.164001
2.139000	-162.992004
2.140000	-162.992004
2.141000	-165.164001
2.142000	-165.164001
2.143000	-165.164001
2.144000	-162.992004
2.145000	-167.339996
2.146000	-165.164001
2.147000	-167.339996
2.148000	-167.339996
2.149000	-169.511993
2.150000	-165.164001
2.151000	-169.511993
2.152000	-169.511993
2.153000	-167.339996
2.154000	-167.339996
2.155000	-169.511993
2.156000	-171.684006
2.157000	-169.511993
2.158000	-169.511993
2.159000	-167.339996
2.160000	-165.164001
2.161000	-167.339996
2.162000	-167.339996
2.163000	-167.339996
2.164000	-167.339996
2.165000	-167.339996
2.166000	-165.164001
2.167000	-165.164001
2.168000	-165.164001
2.169000	-167.339996
2.170000	-169.511993
2.171000	-165.164001
2.172000	-167.339996
2.173000	-167.339996
2.174000	-167.339996
2.175000	-165.164001
2.176000	-165.164001
2.177000	-169.511993
2.178000	-165.164001
2.179000	-169.511993
2.180000	-167.339996
2.181000	-169.511993
2.182000	-165.164001
2.183000	-169.511993
2.184000	-167.339996
2.185000	-167.339996
2.186000	-169.511993
2.187000	-167.339996
2.188000	-165.164001
2.189000	-167.339996
2.190000	-165.164001
2.191000	-165.164001
2.192000	-167.339996
2.193000	-167.339996
2.194000	-167.339996
2.195000	-165.164001
2.196000	-169.511993
2.197000	-169.511993
2.198000	-165.164001
2.199000	-167.339996
2.200000	-169.511993
2.201000	-171.684006
2.202000	-165.164001
2.203000	-169.511993
2.204000	-169.511993
2.205000	-169.511993
2.206000	-167.339996
2.207000	-169.511993
2.208000	-169.511993
2.209000	-169.511993
2.210000	-167.339996
2.211000	-167.339996
2.212000	-167.339996
2.213000	-169.511993
2.214000	-171.684006
2.215000	-167.339996
2.216000	-169.511993
2.217000	-167.339996
2.218000	-171.684006
2.219000	-169.511993
2.220000	-169.511993
2.221000	-169.511993
2.222000	-167.339996
2.223000	-169.511993
2.224000	-167.339996
2.225000	-167.339996
2.226000	-171.684006
2.227000	-167.339996
2.228000	-169.511993
2.229000	-169.511993
2.230000	-169.511993
2.231000	-167.339996
2.232000	-167.339996
2.233000	-169.511993
2.234000	-167.339996
2.235000	-167.339996
2.236000	-165.164001
2.237000	-169.511993
2.238000	-169.511993
2.239000	-169.511993
2.240000	-165.164001
2.241000	-169.511993
2.242000	-167.339996
2.243000	-169.511993
2.244000	-169.511993
2.245000	-167.339996
2.246000	-167.339996
2.247000	-165.164001
2.248000	-167.339996
2.249000	-171.684006
2.250000	-171.684006
2.251000	-167.339996
2.252000	-169.511993
2.253000	-169.511993
2.254000	-169.511993
2.255000	-171.684006
2.256000	-169.511993
2.257000	-169.511993
2.258000	-169.511993
2.259000	-167.339996
2.260000	-169.511993
2.261000	-169.511993
2.262000	-171.684006
2.263000	-167.339996
2.264000	-165.164001
2.265000	-171.684006
2.266000	-169.511993
2.267000	-171.684006
2.268000	-169.511993
2.269000	-171.684006
2.270000	-169.511993
2.271000	-167.339996
2.272000	-171.684006
2.273000	-167.339996
2.274000	-167.339996
2.275000	-169.511993
2.276000	-169.511993
2.277000	-169.511993
2.278000	-169.511993
2.279000	-169.511993
2.280000	-171.684006
2.281000	-171.684006
2.282000	-169.511993
2.283000	-169.511993
2.284000	-169.511993
2.285000	-171.684006
2.286000	-167.339996
2.287000	-169.511993
2.288000	-171.684006
2.289000	-169.511993
2.290000	-169.511993
2.291000	-171.684006
2.292000	-169.511993
2.293000	-173.860992
2.294000	-171.684006
2.295000	-167.339996
2.296000	-169.511993
2.297000	-167.339996
2.298000	-171.684006
2.299000	-171.684006
2.300000	-169.511993
2.301000	-171.684006
2.302000	-169.511993
2.303000	-171.684006
2.304000	-171.684006
2.305000	-171.684006
2.306000	-173.860992
2.307000	-171.684006
2.308000	-169.511993
2.309000	-167.339996
2.310000	-169.511993
2.311000	-171.684006
2.312000	-171.684006
2.313000	-173.860992
2.314000	-169.511993
2.315000	-169.511993
2.316000	-171.684006
2.317000	-169.511993
2.318000	-169.511993
2.319000	-171.684006
2.320000	-173.860992
2.321000	-173.860992
2.322000	-171.684006
2.323000	-171.684006
2.324000	-169.511993
2.325000	-171.684006
2.326000	-171.684006
2.327000	-169.511993
2.328000	-171.684006
2.329000	-171.684006
2.330000	-171.684006
2.331000	-173.860992
2.332000	-171.684006
2.333000	-171.684006
2.334000	-171.684006
2.335000	-173.860992
2.336000	-171.684006
2.337000	-173.860992
2.338000	-171.684006
2.339000	-173.860992
2.340000	-171.684006
2.341000	-171.684006
2.342000	-173.860992
2.343000	-171.684006
2.344000	-173.860992
2.345000	-169.511993
2.346000	-171.684006
2.347000	-173.860992
2.348000	-173.860992
2.349000	-173.860992
2.350000	-171.684006
2.351000	-173.860992
2.352000	-173.860992
2.353000	-171.684006
2.354000	-173.860992
2.355000	-176.033005
2.356000	-171.684006
2.357000	-173.860992
2.358000	-173.860992
2.359000	-171.684006
2.360000	-173.860992
2.361000	-173.860992
2.362000	-173.860992
2.363000	-173.860992
2.364000	-173.860992
2.365000	-171.684006
2.366000	-171.684006
2.367000	-173.860992
2.368000	-173.860992
2.369000	-173.860992
2.370000	-171.684006
2.371000	-173.860992
2.372000	-173.860992
2.373000	-173.860992
2.374000	-171.684006
2.375000	-173.860992
2.376000	-173.860992
2.377000	-173.860992
2.378000	-173.860992
2.379000	-173.860992
2.380000	-171.684006
2.381000	-171.684006
2.382000	-171.684006
2.383000	-173.860992
2.384000	-173.860992
2.385000	-176.033005
2.386000	-171.684006
2.387000	-171.684006
2.388000	-173.860992
2.389000	-176.033005
2.390000	-173.860992
2.391000	-171.684006
2.392000	-171.684006
2.393000	-176.033005
2.394000	-173.860992
2.395000	-173.860992
2.396000	-173.860992
2.397000	-173.860992
2.398000	-173.860992
2.399000	-178.205002
2.400000	-176.033005
2.401000	-173.860992
2.402000	-173.860992
2.403000	-171.684006
2.404000	-176.033005
2.405000	-173.860992
2.406000	-173.860992
2.407000	-173.860992
2.408000	-173.860992
2.409000	-171.684006
2.410000	-171.684006
2.411000	-171.684006
2.412000	-173.860992
2.413000	-173.860992
2.414000	-169.511993
2.415000	-171.684006
2.416000	-171.684006
2.417000	-173.860992
2.418000	-173.860992
2.419000	-171.684006
2.420000	-171.684006
2.421000	-173.860992
2.422000	-173.860992
2.423000	-173.860992
2.424000	-171.684006
2.425000	-171.684006
2.426000	-173.860992
2.427000	-171.684006
2.428000	-173.860992
2.429000	-171.684006
2.430000	-171.684006
2.431000	-169.511993
2.432000	-173.860992
2.433000	-171.684006
2.434000	-173.860992
2.435000	-173.860992
2.436000	-173.860992
2.437000	-171.684006
2.438000	-171.684006
2.439000	-171.684006
2.440000	-173.860992
2.441000	-176.033005
2.442000	-173.860992
2.443000	-176.033005
2.444000	-171.684006
2.445000	-171.684006
2.446000	-173.860992
2.447000	-171.684006
2.448000	-171.684006
2.449000	-173.860992
2.450000	-176.033005
2.451000	-173.860992
2.452000	-173.860992
2.453000	-173.860992
2.454000	-173.860992
2.455000	-171.684006
2.456000	-171.684006
2.457000	-176.033005
2.458000	-176.033005
2.459000	-173.860992
2.460000	-173.860992
2.461000	-176.033005
2.462000	-173.860992
2.463000	-171.684006
2.464000	-173.860992
2.465000	-176.033005
2.466000	-176.033005
2.467000	-178.205002
2.468000	-178.205002
2.469000	-173.860992
2.470000	-173.860992
2.471000	-173.860992
2.472000	-173.860992
2.473000	-176.033005
2.474000	-173.860992
2.475000	-173.860992
2.476000	-173.860992
2.477000	-171.684006
2.478000	-173.860992
2.479000	-176.033005
2.480000	-178.205002
2.481000	-173.860992
2.482000	-173.860992
2.483000	-173.860992
2.484000	-176.033005
2.485000	-176.033005
2.486000	-173.860992
2.487000	-173.860992
2.488000	-178.205002
2.489000	-171.684006
2.490000	-178.205002
2.491000	-173.860992
2.492000	-176.033005
2.493000	-173.860992
2.494000	-173.860992
2.495000	-176.033005
2.496000	-176.033005
2.497000	-173.860992
2.498000	-176.033005
2.499000	-178.205002
