-0.500000	1.825690
-0.499000	-1.144100
-0.498000	1.825690
-0.497000	-1.144100
-0.496000	-1.144100
-0.495000	-1.144100
-0.494000	-1.144100
-0.493000	1.825690
-0.492000	1.825690
-0.491000	1.825690
-0.490000	-1.144100
-0.489000	-1.144100
-0.488000	-1.144100
-0.487000	-4.119960
-0.486000	-1.144100
-0.485000	4.795470
-0.484000	-1.144100
-0.483000	1.825690
-0.482000	-4.119960
-0.481000	-1.144100
-0.480000	-1.144100
-0.479000	-1.144100
-0.478000	-4.119960
-0.477000	-1.144100
-0.476000	-1.144100
-0.475000	-4.119960
-0.474000	-7.089750
-0.473000	-4.119960
-0.472000	-4.119960
-0.471000	-4.119960
-0.470000	-1.144100
-0.469000	-1.144100
-0.468000	-4.119960
-0.467000	-1.144100
-0.466000	1.825690
-0.465000	1.825690
-0.464000	1.825690
-0.463000	-1.144100
-0.462000	-1.144100
-0.461000	-4.119960
-0.460000	-4.119960
-0.459000	-1.144100
-0.458000	-4.119960
-0.457000	-1.144100
-0.456000	-1.144100
-0.455000	-1.144100
-0.454000	1.825690
-0.453000	-4.119960
-0.452000	1.825690
-0.451000	-1.144100
-0.450000	-1.144100
-0.449000	-1.144100
-0.448000	1.825690
-0.447000	1.825690
-0.446000	-1.144100
-0.445000	-1.144100
-0.444000	1.825690
-0.443000	-4.119960
-0.442000	-7.089750
-0.441000	-1.144100
-0.440000	-4.119960
-0.439000	-1.144100
-0.438000	-4.119960
-0.437000	1.825690
-0.436000	-1.144100
-0.435000	-1.144100
-0.434000	-1.144100
-0.433000	1.825690
-0.432000	4.795470
-0.431000	-1.144100
-0.430000	1.825690
-0.429000	-1.144100
-0.428000	-1.144100
-0.427000	1.825690
-0.426000	-4.119960
-0.425000	-1.144100
-0.424000	-4.119960
-0.423000	-1.144100
-0.422000	-1.144100
-0.421000	1.825690
-0.420000	-1.144100
-0.419000	-1.144100
-0.418000	-4.119960
-0.417000	-1.144100
-0.416000	-1.144100
-0.415000	-1.144100
-0.414000	-1.144100
-0.413000	-1.144100
-0.412000	-1.144100
-0.411000	1.825690
-0.410000	-1.144100
-0.409000	-4.119960
-0.408000	-1.144100
-0.407000	-1.144100
-0.406000	-1.144100
-0.405000	-4.119960
-0.404000	1.825690
-0.403000	1.825690
-0.402000	-1.144100
-0.401000	-1.144100
-0.400000	-1.144100
-0.399000	-1.144100
-0.398000	-1.144100
-0.397000	1.825690
-0.396000	-1.144100
-0.395000	-4.119960
-0.394000	-4.119960
-0.393000	-1.144100
-0.392000	-1.144100
-0.391000	-4.119960
-0.390000	-4.119960
-0.389000	-1.144100
-0.388000	-1.144100
-0.387000	1.825690
-0.386000	-1.144100
-0.385000	-1.144100
-0.384000	-1.144100
-0.383000	-1.144100
-0.382000	-1.144100
-0.381000	-1.144100
-0.380000	-4.119960
-0.379000	-1.144100
-0.378000	1.825690
-0.377000	-1.144100
-0.376000	1.825690
-0.375000	1.825690
-0.374000	-4.119960
-0.373000	-1.144100
-0.372000	-4.119960
-0.371000	-1.144100
-0.370000	-4.119960
-0.369000	-1.144100
-0.368000	1.825690
-0.367000	-4.119960
-0.366000	1.825690
-0.365000	-1.144100
-0.364000	1.825690
-0.363000	-1.144100
-0.362000	-1.144100
-0.361000	1.825690
-0.360000	-1.144100
-0.359000	-1.144100
-0.358000	-1.144100
-0.357000	-4.119960
-0.356000	-1.144100
-0.355000	-4.119960
-0.354000	-4.119960
-0.353000	-1.144100
-0.352000	1.825690
-0.351000	-1.144100
-0.350000	-4.119960
-0.349000	-1.144100
-0.348000	-1.144100
-0.347000	-4.119960
-0.346000	-4.119960
-0.345000	-4.119960
-0.344000	-4.119960
-0.343000	-4.119960
-0.342000	-4.119960
-0.341000	1.825690
-0.340000	-1.144100
-0.339000	-4.119960
-0.338000	-1.144100
-0.337000	-4.119960
-0.336000	-1.144100
-0.335000	-4.119960
-0.334000	-1.144100
-0.333000	-1.144100
-0.332000	-4.119960
-0.331000	-1.144100
-0.330000	-4.119960
-0.329000	-4.119960
-0.328000	-4.119960
-0.327000	-1.144100
-0.326000	-4.119960
-0.325000	-1.144100
-0.324000	-1.144100
-0.323000	-4.119960
-0.322000	1.825690
-0.321000	-1.144100
-0.320000	1.825690
-0.319000	-4.119960
-0.318000	1.825690
-0.317000	-1.144100
-0.316000	-1.144100
-0.315000	1.825690
-0.314000	-1.144100
-0.313000	-1.144100
-0.312000	-4.119960
-0.311000	-1.144100
-0.310000	-4.119960
-0.309000	-1.144100
-0.308000	-1.144100
-0.307000	-1.144100
-0.306000	-1.144100
-0.305000	-4.119960
-0.304000	1.825690
-0.303000	-1.144100
-0.302000	-1.144100
-0.301000	-1.144100
-0.300000	-4.119960
-0.299000	-1.144100
-0.298000	-1.144100
-0.297000	-1.144100
-0.296000	-4.119960
-0.295000	-1.144100
-0.294000	-1.144100
-0.293000	-4.119960
-0.292000	-1.144100
-0.291000	-4.119960
-0.290000	-1.144100
-0.289000	-4.119960
-0.288000	-1.144100
-0.287000	-1.144100
-0.286000	-1.144100
-0.285000	-1.144100
-0.284000	-4.119960
-0.283000	-1.144100
-0.282000	1.825690
-0.281000	1.825690
-0.280000	-4.119960
-0.279000	-1.144100
-0.278000	-1.144100
-0.277000	-1.144100
-0.276000	-1.144100
-0.275000	-4.119960
-0.274000	-1.144100
-0.273000	-1.144100
-0.272000	-1.144100
-0.271000	-1.144100
-0.270000	-1.144100
-0.269000	-1.144100
-0.268000	-1.144100
-0.267000	-1.144100
-0.266000	-1.144100
-0.265000	-1.144100
-0.264000	-1.144100
-0.263000	1.825690
-0.262000	-4.119960
-0.261000	-1.144100
-0.260000	-1.144100
-0.259000	-1.144100
-0.258000	-4.119960
-0.257000	-4.119960
-0.256000	-1.144100
-0.255000	-1.144100
-0.254000	-1.144100
-0.253000	1.825690
-0.252000	-1.144100
-0.251000	1.825690
-0.250000	-1.144100
-0.249000	1.825690
-0.248000	-1.144100
-0.247000	1.825690
-0.246000	1.825690
-0.245000	1.825690
-0.244000	1.825690
-0.243000	1.825690
-0.242000	-1.144100
-0.241000	-4.119960
-0.240000	-4.119960
-0.239000	-1.144100
-0.238000	-4.119960
-0.237000	1.825690
-0.236000	-4.119960
-0.235000	4.795470
-0.234000	1.825690
-0.233000	1.825690
-0.232000	-1.144100
-0.231000	1.825690
-0.230000	-1.144100
-0.229000	1.825690
-0.228000	-4.119960
-0.227000	-1.144100
-0.226000	-1.144100
-0.225000	-4.119960
-0.224000	-1.144100
-0.223000	-1.144100
-0.222000	-4.119960
-0.221000	-4.119960
-0.220000	1.825690
-0.219000	-4.119960
-0.218000	1.825690
-0.217000	-4.119960
-0.216000	-1.144100
-0.215000	1.825690
-0.214000	1.825690
-0.213000	-1.144100
-0.212000	-4.119960
-0.211000	-1.144100
-0.210000	1.825690
-0.209000	-1.144100
-0.208000	-1.144100
-0.207000	-1.144100
-0.206000	-4.119960
-0.205000	-1.144100
-0.204000	1.825690
-0.203000	-1.144100
-0.202000	-4.119960
-0.201000	-1.144100
-0.200000	-1.144100
-0.199000	-1.144100
-0.198000	-1.144100
-0.197000	-1.144100
-0.196000	-1.144100
-0.195000	-1.144100
-0.194000	-4.119960
-0.193000	-1.144100
-0.192000	-1.144100
-0.191000	-1.144100
-0.190000	-4.119960
-0.189000	-1.144100
-0.188000	-1.144100
-0.187000	1.825690
-0.186000	1.825690
-0.185000	1.825690
-0.184000	1.825690
-0.183000	-1.144100
-0.182000	1.825690
-0.181000	-1.144100
-0.180000	1.825690
-0.179000	-4.119960
-0.178000	-1.144100
-0.177000	-1.144100
-0.176000	-1.144100
-0.175000	-4.119960
-0.174000	-4.119960
-0.173000	-4.119960
-0.172000	-4.119960
-0.171000	1.825690
-0.170000	1.825690
-0.169000	-1.144100
-0.168000	-1.144100
-0.167000	1.825690
-0.166000	-4.119960
-0.165000	1.825690
-0.164000	1.825690
-0.163000	-4.119960
-0.162000	1.825690
-0.161000	-4.119960
-0.160000	-4.119960
-0.159000	-4.119960
-0.158000	1.825690
-0.157000	-1.144100
-0.156000	-1.144100
-0.155000	-1.144100
-0.154000	-1.144100
-0.153000	-4.119960
-0.152000	-1.144100
-0.151000	1.825690
-0.150000	-1.144100
-0.149000	-4.119960
-0.148000	1.825690
-0.147000	1.825690
-0.146000	1.825690
-0.145000	-1.144100
-0.144000	-1.144100
-0.143000	-4.119960
-0.142000	-4.119960
-0.141000	1.825690
-0.140000	-1.144100
-0.139000	-4.119960
-0.138000	-4.119960
-0.137000	-1.144100
-0.136000	-1.144100
-0.135000	1.825690
-0.134000	-1.144100
-0.133000	-1.144100
-0.132000	-1.144100
-0.131000	-1.144100
-0.130000	1.825690
-0.129000	-1.144100
-0.128000	-1.144100
-0.127000	-1.144100
-0.126000	1.825690
-0.125000	-1.144100
-0.124000	1.825690
-0.123000	1.825690
-0.122000	-1.144100
-0.121000	1.825690
-0.120000	-1.144100
-0.119000	1.825690
-0.118000	1.825690
-0.117000	1.825690
-0.116000	-1.144100
-0.115000	1.825690
-0.114000	4.795470
-0.113000	-1.144100
-0.112000	-1.144100
-0.111000	-4.119960
-0.110000	1.825690
-0.109000	-1.144100
-0.108000	-1.144100
-0.107000	-1.144100
-0.106000	-1.144100
-0.105000	-4.119960
-0.104000	-1.144100
-0.103000	-1.144100
-0.102000	1.825690
-0.101000	-1.144100
-0.100000	-1.144100
-0.099000	-1.144100
-0.098000	-4.119960
-0.097000	-1.144100
-0.096000	1.825690
-0.095000	-1.144100
-0.094000	-1.144100
-0.093000	-1.144100
-0.092000	-4.119960
-0.091000	-4.119960
-0.090000	1.825690
-0.089000	1.825690
-0.088000	-4.119960
-0.087000	-1.144100
-0.086000	-1.144100
-0.085000	-4.119960
-0.084000	1.825690
-0.083000	-1.144100
-0.082000	-1.144100
-0.081000	-1.144100
-0.080000	-1.144100
-0.079000	-1.144100
-0.078000	-1.144100
-0.077000	-1.144100
-0.076000	1.825690
-0.075000	1.825690
-0.074000	-4.119960
-0.073000	-1.144100
-0.072000	-4.119960
-0.071000	-1.144100
-0.070000	-4.119960
-0.069000	-1.144100
-0.068000	-1.144100
-0.067000	-4.119960
-0.066000	-1.144100
-0.065000	1.825690
-0.064000	-1.144100
-0.063000	4.795470
-0.062000	1.825690
-0.061000	-4.119960
-0.060000	-1.144100
-0.059000	-1.144100
-0.058000	-4.119960
-0.057000	-1.144100
-0.056000	-1.144100
-0.055000	-1.144100
-0.054000	-1.144100
-0.053000	-1.144100
-0.052000	-1.144100
-0.051000	-1.144100
-0.050000	-1.144100
-0.049000	-1.144100
-0.048000	-1.144100
-0.047000	1.825690
-0.046000	-4.119960
-0.045000	-4.119960
-0.044000	1.825690
-0.043000	-1.144100
-0.042000	1.825690
-0.041000	-4.119960
-0.040000	-1.144100
-0.039000	-1.144100
-0.038000	-1.144100
-0.037000	-4.119960
-0.036000	-1.144100
-0.035000	-4.119960
-0.034000	1.825690
-0.033000	-4.119960
-0.032000	-1.144100
-0.031000	-1.144100
-0.030000	-1.144100
-0.029000	-1.144100
-0.028000	1.825690
-0.027000	1.825690
-0.026000	-1.144100
-0.025000	-1.144100
-0.024000	-1.144100
-0.023000	-4.119960
-0.022000	-4.119960
-0.021000	-7.089750
-0.020000	-4.119960
-0.019000	-7.089750
-0.018000	-10.059500
-0.017000	-10.059500
-0.016000	-16.005199
-0.015000	-16.005199
-0.014000	-16.005199
-0.013000	-16.005199
-0.012000	-21.944700
-0.011000	-18.975000
-0.010000	-21.944700
-0.009000	-21.944700
-0.008000	-24.920601
-0.007000	-21.944700
-0.006000	-18.975000
-0.005000	-21.944700
-0.004000	-21.944700
-0.003000	-13.029300
-0.002000	-16.005199
-0.001000	-18.975000
0.000000	-16.005199
0.001000	-16.005199
0.002000	-21.944700
0.003000	-16.005199
0.004000	-18.975000
0.005000	-16.005199
0.006000	-18.975000
0.007000	-16.005199
0.008000	-13.029300
0.009000	-16.005199
0.010000	-16.005199
0.011000	-18.975000
0.012000	-13.029300
0.013000	-10.059500
0.014000	-10.059500
0.015000	-7.089750
0.016000	-4.119960
0.017000	-7.089750
0.018000	-4.119960
0.019000	-1.144100
0.020000	1.825690
0.021000	1.825690
0.022000	1.825690
0.023000	1.825690
0.024000	-1.144100
0.025000	1.825690
0.026000	4.795470
0.027000	1.825690
0.028000	1.825690
0.029000	4.795470
0.030000	-1.144100
0.031000	-1.144100
0.032000	-4.119960
0.033000	-10.059500
0.034000	-7.089750
0.035000	-10.059500
0.036000	-13.029300
0.037000	-13.029300
0.038000	-16.005199
0.039000	-21.944700
0.040000	-24.920601
0.041000	-24.920601
0.042000	-24.920601
0.043000	-30.860201
0.044000	-30.860201
0.045000	-30.860201
0.046000	-33.830002
0.047000	-33.830002
0.048000	-33.830002
0.049000	-33.830002
0.050000	-36.805801
0.051000	-39.775600
0.052000	-36.805801
0.053000	-39.775600
0.054000	-36.805801
0.055000	-36.805801
0.056000	-36.805801
0.057000	-39.775600
0.058000	-36.805801
0.059000	-36.805801
0.060000	-33.830002
0.061000	-27.890400
0.062000	-27.890400
0.063000	-33.830002
0.064000	-39.775600
0.065000	-30.860201
0.066000	-24.920601
0.067000	-21.944700
0.068000	-24.920601
0.069000	-30.860201
0.070000	-30.860201
0.071000	-21.944700
0.072000	-24.920601
0.073000	-21.944700
0.074000	-27.890400
0.075000	-27.890400
0.076000	-21.944700
0.077000	-16.005199
0.078000	-16.005199
0.079000	-16.005199
0.080000	-21.944700
0.081000	-21.944700
0.082000	-16.005199
0.083000	-18.975000
0.084000	-21.944700
0.085000	-18.975000
0.086000	-21.944700
0.087000	-18.975000
0.088000	-24.920601
0.089000	-21.944700
0.090000	-27.890400
0.091000	-27.890400
0.092000	-36.805801
0.093000	-33.830002
0.094000	-33.830002
0.095000	-36.805801
0.096000	-39.775600
0.097000	-42.745399
0.098000	-39.775600
0.099000	-36.805801
0.100000	-39.775600
0.101000	-42.745399
0.102000	-45.721298
0.103000	-45.721298
0.104000	-45.721298
0.105000	-45.721298
0.106000	-42.745399
0.107000	-39.775600
0.108000	-45.721298
0.109000	-48.691002
0.110000	-48.691002
0.111000	-45.721298
0.112000	-42.745399
0.113000	-42.745399
0.114000	-42.745399
0.115000	-45.721298
0.116000	-45.721298
0.117000	-42.745399
0.118000	-45.721298
0.119000	-42.745399
0.120000	-42.745399
0.121000	-39.775600
0.122000	-45.721298
0.123000	-42.745399
0.124000	-36.805801
0.125000	-42.745399
0.126000	-39.775600
0.127000	-39.775600
0.128000	-42.745399
0.129000	-36.805801
0.130000	-39.775600
0.131000	-39.775600
0.132000	-36.805801
0.133000	-42.745399
0.134000	-39.775600
0.135000	-39.775600
0.136000	-42.745399
0.137000	-39.775600
0.138000	-39.775600
0.139000	-42.745399
0.140000	-39.775600
0.141000	-42.745399
0.142000	-39.775600
0.143000	-42.745399
0.144000	-48.691002
0.145000	-45.721298
0.146000	-48.691002
0.147000	-48.691002
0.148000	-51.660801
0.149000	-48.691002
0.150000	-51.660801
0.151000	-48.691002
0.152000	-51.660801
0.153000	-48.691002
0.154000	-51.660801
0.155000	-51.660801
0.156000	-51.660801
0.157000	-54.630600
0.158000	-51.660801
0.159000	-57.606499
0.160000	-51.660801
0.161000	-54.630600
0.162000	-51.660801
0.163000	-54.630600
0.164000	-51.660801
0.165000	-54.630600
0.166000	-54.630600
0.167000	-51.660801
0.168000	-48.691002
0.169000	-51.660801
0.170000	-51.660801
0.171000	-54.630600
0.172000	-54.630600
0.173000	-51.660801
0.174000	-51.660801
0.175000	-54.630600
0.176000	-51.660801
0.177000	-54.630600
0.178000	-54.630600
0.179000	-51.660801
0.180000	-54.630600
0.181000	-57.606499
0.182000	-54.630600
0.183000	-54.630600
0.184000	-57.606499
0.185000	-54.630600
0.186000	-54.630600
0.187000	-57.606499
0.188000	-57.606499
0.189000	-57.606499
0.190000	-57.606499
0.191000	-60.576302
0.192000	-63.546001
0.193000	-63.546001
0.194000	-60.576302
0.195000	-63.546001
0.196000	-63.546001
0.197000	-60.576302
0.198000	-57.606499
0.199000	-60.576302
0.200000	-60.576302
0.201000	-63.546001
0.202000	-60.576302
0.203000	-60.576302
0.204000	-60.576302
0.205000	-57.606499
0.206000	-60.576302
0.207000	-60.576302
0.208000	-60.576302
0.209000	-60.576302
0.210000	-60.576302
0.211000	-63.546001
0.212000	-57.606499
0.213000	-63.546001
0.214000	-60.576302
0.215000	-57.606499
0.216000	-63.546001
0.217000	-63.546001
0.218000	-60.576302
0.219000	-60.576302
0.220000	-63.546001
0.221000	-60.576302
0.222000	-63.546001
0.223000	-60.576302
0.224000	-66.515800
0.225000	-63.546001
0.226000	-60.576302
0.227000	-63.546001
0.228000	-63.546001
0.229000	-63.546001
0.230000	-66.515800
0.231000	-63.546001
0.232000	-63.546001
0.233000	-63.546001
0.234000	-63.546001
0.235000	-63.546001
0.236000	-63.546001
0.237000	-63.546001
0.238000	-69.491699
0.239000	-63.546001
0.240000	-63.546001
0.241000	-69.491699
0.242000	-66.515800
0.243000	-69.491699
0.244000	-60.576302
0.245000	-63.546001
0.246000	-69.491699
0.247000	-69.491699
0.248000	-63.546001
0.249000	-63.546001
0.250000	-69.491699
0.251000	-66.515800
0.252000	-63.546001
0.253000	-69.491699
0.254000	-63.546001
0.255000	-69.491699
0.256000	-66.515800
0.257000	-66.515800
0.258000	-69.491699
0.259000	-66.515800
0.260000	-66.515800
0.261000	-69.491699
0.262000	-69.491699
0.263000	-66.515800
0.264000	-66.515800
0.265000	-69.491699
0.266000	-66.515800
0.267000	-66.515800
0.268000	-72.461502
0.269000	-69.491699
0.270000	-69.491699
0.271000	-66.515800
0.272000	-69.491699
0.273000	-66.515800
0.274000	-69.491699
0.275000	-66.515800
0.276000	-69.491699
0.277000	-72.461502
0.278000	-69.491699
0.279000	-69.491699
0.280000	-69.491699
0.281000	-69.491699
0.282000	-66.515800
0.283000	-72.461502
0.284000	-69.491699
0.285000	-66.515800
0.286000	-69.491699
0.287000	-69.491699
0.288000	-72.461502
0.289000	-69.491699
0.290000	-66.515800
0.291000	-66.515800
0.292000	-72.461502
0.293000	-72.461502
0.294000	-78.407097
0.295000	-72.461502
0.296000	-69.491699
0.297000	-69.491699
0.298000	-69.491699
0.299000	-69.491699
0.300000	-69.491699
0.301000	-69.491699
0.302000	-72.461502
0.303000	-72.461502
0.304000	-75.431297
0.305000	-75.431297
0.306000	-69.491699
0.307000	-75.431297
0.308000	-72.461502
0.309000	-75.431297
0.310000	-72.461502
0.311000	-75.431297
0.312000	-72.461502
0.313000	-72.461502
0.314000	-72.461502
0.315000	-75.431297
0.316000	-72.461502
0.317000	-69.491699
0.318000	-72.461502
0.319000	-72.461502
0.320000	-72.461502
0.321000	-72.461502
0.322000	-72.461502
0.323000	-72.461502
0.324000	-72.461502
0.325000	-72.461502
0.326000	-72.461502
0.327000	-75.431297
0.328000	-72.461502
0.329000	-69.491699
0.330000	-75.431297
0.331000	-75.431297
0.332000	-75.431297
0.333000	-75.431297
0.334000	-69.491699
0.335000	-72.461502
0.336000	-72.461502
0.337000	-72.461502
0.338000	-69.491699
0.339000	-72.461502
0.340000	-75.431297
0.341000	-72.461502
0.342000	-75.431297
0.343000	-72.461502
0.344000	-75.431297
0.345000	-75.431297
0.346000	-72.461502
0.347000	-72.461502
0.348000	-75.431297
0.349000	-69.491699
0.350000	-75.431297
0.351000	-72.461502
0.352000	-75.431297
0.353000	-72.461502
0.354000	-75.431297
0.355000	-75.431297
0.356000	-75.431297
0.357000	-75.431297
0.358000	-78.407097
0.359000	-78.407097
0.360000	-78.407097
0.361000	-78.407097
0.362000	-75.431297
0.363000	-75.431297
0.364000	-75.431297
0.365000	-75.431297
0.366000	-75.431297
0.367000	-78.407097
0.368000	-75.431297
0.369000	-75.431297
0.370000	-75.431297
0.371000	-75.431297
0.372000	-78.407097
0.373000	-75.431297
0.374000	-75.431297
0.375000	-75.431297
0.376000	-75.431297
0.377000	-75.431297
0.378000	-78.407097
0.379000	-72.461502
0.380000	-75.431297
0.381000	-75.431297
0.382000	-75.431297
0.383000	-72.461502
0.384000	-78.407097
0.385000	-78.407097
0.386000	-75.431297
0.387000	-75.431297
0.388000	-75.431297
0.389000	-78.407097
0.390000	-78.407097
0.391000	-75.431297
0.392000	-81.376900
0.393000	-78.407097
0.394000	-81.376900
0.395000	-81.376900
0.396000	-78.407097
0.397000	-81.376900
0.398000	-81.376900
0.399000	-78.407097
0.400000	-81.376900
0.401000	-81.376900
0.402000	-78.407097
0.403000	-81.376900
0.404000	-81.376900
0.405000	-75.431297
0.406000	-78.407097
0.407000	-78.407097
0.408000	-81.376900
0.409000	-81.376900
0.410000	-78.407097
0.411000	-81.376900
0.412000	-81.376900
0.413000	-81.376900
0.414000	-81.376900
0.415000	-75.431297
0.416000	-78.407097
0.417000	-81.376900
0.418000	-81.376900
0.419000	-78.407097
0.420000	-81.376900
0.421000	-81.376900
0.422000	-84.346703
0.423000	-81.376900
0.424000	-81.376900
0.425000	-87.316498
0.426000	-84.346703
0.427000	-84.346703
0.428000	-84.346703
0.429000	-78.407097
0.430000	-81.376900
0.431000	-81.376900
0.432000	-84.346703
0.433000	-84.346703
0.434000	-81.376900
0.435000	-84.346703
0.436000	-84.346703
0.437000	-90.292297
0.438000	-87.316498
0.439000	-87.316498
0.440000	-84.346703
0.441000	-84.346703
0.442000	-87.316498
0.443000	-90.292297
0.444000	-87.316498
0.445000	-84.346703
0.446000	-90.292297
0.447000	-90.292297
0.448000	-87.316498
0.449000	-87.316498
0.450000	-90.292297
0.451000	-90.292297
0.452000	-90.292297
0.453000	-93.262100
0.454000	-90.292297
0.455000	-93.262100
0.456000	-93.262100
0.457000	-93.262100
0.458000	-93.262100
0.459000	-90.292297
0.460000	-90.292297
0.461000	-93.262100
0.462000	-93.262100
0.463000	-90.292297
0.464000	-90.292297
0.465000	-93.262100
0.466000	-93.262100
0.467000	-87.316498
0.468000	-96.231903
0.469000	-93.262100
0.470000	-96.231903
0.471000	-93.262100
0.472000	-93.262100
0.473000	-93.262100
0.474000	-93.262100
0.475000	-90.292297
0.476000	-99.207802
0.477000	-93.262100
0.478000	-93.262100
0.479000	-93.262100
0.480000	-93.262100
0.481000	-96.231903
0.482000	-96.231903
0.483000	-93.262100
0.484000	-93.262100
0.485000	-93.262100
0.486000	-99.207802
0.487000	-99.207802
0.488000	-96.231903
0.489000	-99.207802
0.490000	-99.207802
0.491000	-99.207802
0.492000	-99.207802
0.493000	-99.207802
0.494000	-99.207802
0.495000	-99.207802
0.496000	-99.207802
0.497000	-99.207802
0.498000	-102.178001
0.499000	-99.207802
0.500000	-102.178001
0.501000	-102.178001
0.502000	-99.207802
0.503000	-102.178001
0.504000	-99.207802
0.505000	-105.147003
0.506000	-108.116997
0.507000	-108.116997
0.508000	-105.147003
0.509000	-102.178001
0.510000	-105.147003
0.511000	-102.178001
0.512000	-108.116997
0.513000	-105.147003
0.514000	-105.147003
0.515000	-105.147003
0.516000	-102.178001
0.517000	-102.178001
0.518000	-105.147003
0.519000	-102.178001
0.520000	-105.147003
0.521000	-105.147003
0.522000	-105.147003
0.523000	-105.147003
0.524000	-108.116997
0.525000	-108.116997
0.526000	-111.093002
0.527000	-108.116997
0.528000	-111.093002
0.529000	-108.116997
0.530000	-108.116997
0.531000	-108.116997
0.532000	-108.116997
0.533000	-108.116997
0.534000	-108.116997
0.535000	-108.116997
0.536000	-105.147003
0.537000	-105.147003
0.538000	-108.116997
0.539000	-108.116997
0.540000	-105.147003
0.541000	-114.063004
0.542000	-108.116997
0.543000	-108.116997
0.544000	-108.116997
0.545000	-108.116997
0.546000	-108.116997
0.547000	-111.093002
0.548000	-114.063004
0.549000	-114.063004
0.550000	-111.093002
0.551000	-111.093002
0.552000	-105.147003
0.553000	-111.093002
0.554000	-114.063004
0.555000	-114.063004
0.556000	-111.093002
0.557000	-114.063004
0.558000	-111.093002
0.559000	-117.032997
0.560000	-117.032997
0.561000	-117.032997
0.562000	-111.093002
0.563000	-111.093002
0.564000	-111.093002
0.565000	-111.093002
0.566000	-117.032997
0.567000	-111.093002
0.568000	-108.116997
0.569000	-111.093002
0.570000	-108.116997
0.571000	-111.093002
0.572000	-114.063004
0.573000	-117.032997
0.574000	-111.093002
0.575000	-114.063004
0.576000	-117.032997
0.577000	-114.063004
0.578000	-117.032997
0.579000	-114.063004
0.580000	-117.032997
0.581000	-117.032997
0.582000	-117.032997
0.583000	-120.008003
0.584000	-114.063004
0.585000	-117.032997
0.586000	-108.116997
0.587000	-117.032997
0.588000	-120.008003
0.589000	-111.093002
0.590000	-117.032997
0.591000	-117.032997
0.592000	-120.008003
0.593000	-117.032997
0.594000	-114.063004
0.595000	-117.032997
0.596000	-120.008003
0.597000	-117.032997
0.598000	-120.008003
0.599000	-114.063004
0.600000	-117.032997
0.601000	-117.032997
0.602000	-114.063004
0.603000	-111.093002
0.604000	-117.032997
0.605000	-117.032997
0.606000	-117.032997
0.607000	-114.063004
0.608000	-114.063004
0.609000	-117.032997
0.610000	-117.032997
0.611000	-117.032997
0.612000	-117.032997
0.613000	-117.032997
0.614000	-114.063004
0.615000	-117.032997
0.616000	-117.032997
0.617000	-120.008003
0.618000	-114.063004
0.619000	-117.032997
0.620000	-117.032997
0.621000	-120.008003
0.622000	-120.008003
0.623000	-120.008003
0.624000	-122.977997
0.625000	-125.947998
0.626000	-122.977997
0.627000	-122.977997
0.628000	-120.008003
0.629000	-122.977997
0.630000	-120.008003
0.631000	-122.977997
0.632000	-122.977997
0.633000	-122.977997
0.634000	-125.947998
0.635000	-122.977997
0.636000	-122.977997
0.637000	-128.917999
0.638000	-125.947998
0.639000	-125.947998
0.640000	-122.977997
0.641000	-122.977997
0.642000	-128.917999
0.643000	-125.947998
0.644000	-125.947998
0.645000	-125.947998
0.646000	-122.977997
0.647000	-122.977997
0.648000	-122.977997
0.649000	-125.947998
0.650000	-122.977997
0.651000	-125.947998
0.652000	-122.977997
0.653000	-122.977997
0.654000	-120.008003
0.655000	-122.977997
0.656000	-122.977997
0.657000	-122.977997
0.658000	-125.947998
0.659000	-122.977997
0.660000	-125.947998
0.661000	-122.977997
0.662000	-122.977997
0.663000	-122.977997
0.664000	-125.947998
0.665000	-125.947998
0.666000	-122.977997
0.667000	-125.947998
0.668000	-125.947998
0.669000	-125.947998
0.670000	-125.947998
0.671000	-128.917999
0.672000	-122.977997
0.673000	-131.893997
0.674000	-128.917999
0.675000	-128.917999
0.676000	-125.947998
0.677000	-128.917999
0.678000	-128.917999
0.679000	-128.917999
0.680000	-128.917999
0.681000	-128.917999
0.682000	-131.893997
0.683000	-131.893997
0.684000	-125.947998
0.685000	-120.008003
0.686000	-131.893997
0.687000	-143.779007
0.688000	-131.893997
0.689000	-120.008003
0.690000	-111.093002
0.691000	-122.977997
0.692000	-131.893997
0.693000	-143.779007
0.694000	-131.893997
0.695000	-117.032997
0.696000	-117.032997
0.697000	-134.863007
0.698000	-140.809006
0.699000	-128.917999
0.700000	-102.178001
0.701000	-75.431297
0.702000	-84.346703
0.703000	-125.947998
0.704000	-164.580002
0.705000	-155.664001
0.706000	-128.917999
0.707000	-114.063004
0.708000	-122.977997
0.709000	-120.008003
0.710000	-125.947998
0.711000	-134.863007
0.712000	-140.809006
0.713000	-137.832993
0.714000	-140.809006
0.715000	-137.832993
0.716000	-140.809006
0.717000	-134.863007
0.718000	-131.893997
0.719000	-134.863007
0.720000	-125.947998
0.721000	-90.292297
0.722000	-117.032997
0.723000	-170.518997
0.724000	-143.779007
0.725000	-131.893997
0.726000	-78.407097
0.727000	-108.116997
0.728000	-96.231903
0.729000	-122.977997
0.730000	-155.664001
0.731000	-120.008003
0.732000	-111.093002
0.733000	-117.032997
0.734000	-125.947998
0.735000	-108.116997
0.736000	-117.032997
0.737000	-149.718002
0.738000	-137.832993
0.739000	-111.093002
0.740000	-108.116997
0.741000	-128.917999
0.742000	-146.748993
0.743000	-134.863007
0.744000	-128.917999
0.745000	-108.116997
0.746000	-108.116997
0.747000	-108.116997
0.748000	-134.863007
0.749000	-143.779007
0.750000	-128.917999
0.751000	-111.093002
0.752000	-87.316498
0.753000	-78.407097
0.754000	-84.346703
0.755000	-108.116997
0.756000	-128.917999
0.757000	-125.947998
0.758000	-131.893997
0.759000	-120.008003
0.760000	-117.032997
0.761000	-122.977997
0.762000	-134.863007
0.763000	-128.917999
0.764000	-93.262100
0.765000	-93.262100
0.766000	-128.917999
0.767000	-155.664001
0.768000	-122.977997
0.769000	-51.660801
0.770000	-54.630600
0.771000	-72.461502
0.772000	-84.346703
0.773000	-140.809006
0.774000	-137.832993
0.775000	-96.231903
0.776000	-105.147003
0.777000	-120.008003
0.778000	-87.316498
0.779000	-87.316498
0.780000	-131.893997
0.781000	-149.718002
0.782000	-125.947998
0.783000	-108.116997
0.784000	-122.977997
0.785000	-122.977997
0.786000	-161.604004
0.787000	-152.694000
0.788000	-122.977997
0.789000	-111.093002
0.790000	-87.316498
0.791000	-96.231903
0.792000	-122.977997
0.793000	-134.863007
0.794000	-117.032997
0.795000	-90.292297
0.796000	-72.461502
0.797000	-66.515800
0.798000	-78.407097
0.799000	-96.231903
0.800000	-90.292297
0.801000	-72.461502
0.802000	-69.491699
0.803000	-69.491699
0.804000	-78.407097
0.805000	-84.346703
0.806000	-90.292297
0.807000	-87.316498
0.808000	-84.346703
0.809000	-81.376900
0.810000	-93.262100
0.811000	-93.262100
0.812000	-102.178001
0.813000	-96.231903
0.814000	-96.231903
0.815000	-90.292297
0.816000	-99.207802
0.817000	-96.231903
0.818000	-122.977997
0.819000	-137.832993
0.820000	-114.063004
0.821000	-84.346703
0.822000	-72.461502
0.823000	-72.461502
0.824000	-93.262100
0.825000	-105.147003
0.826000	-117.032997
0.827000	-102.178001
0.828000	-72.461502
0.829000	-69.491699
0.830000	-66.515800
0.831000	-93.262100
0.832000	-96.231903
0.833000	-90.292297
0.834000	-90.292297
0.835000	-84.346703
0.836000	-81.376900
0.837000	-84.346703
0.838000	-87.316498
0.839000	-87.316498
0.840000	-81.376900
0.841000	-84.346703
0.842000	-90.292297
0.843000	-87.316498
0.844000	-51.660801
0.845000	-60.576302
0.846000	-60.576302
0.847000	-51.660801
0.848000	-96.231903
0.849000	-111.093002
0.850000	-99.207802
0.851000	-69.491699
0.852000	-27.890400
0.853000	-10.059500
0.854000	-1.144100
0.855000	-24.920601
0.856000	-24.920601
0.857000	-33.830002
0.858000	-33.830002
0.859000	-4.119960
0.860000	10.741100
0.861000	13.710900
0.862000	10.741100
0.863000	7.771340
0.864000	-4.119960
0.865000	-16.005199
0.866000	-36.805801
0.867000	-45.721298
0.868000	-48.691002
0.869000	-39.775600
0.870000	-39.775600
0.871000	-36.805801
0.872000	-39.775600
0.873000	-36.805801
0.874000	-48.691002
0.875000	-51.660801
0.876000	-51.660801
0.877000	-54.630600
0.878000	-60.576302
0.879000	-66.515800
0.880000	-66.515800
0.881000	-72.461502
0.882000	-63.546001
0.883000	-66.515800
0.884000	-45.721298
0.885000	-48.691002
0.886000	-27.890400
0.887000	-39.775600
0.888000	-57.606499
0.889000	-54.630600
0.890000	-75.431297
0.891000	-54.630600
0.892000	-66.515800
0.893000	-33.830002
0.894000	-54.630600
0.895000	-63.546001
0.896000	-60.576302
0.897000	-51.660801
0.898000	-54.630600
0.899000	-84.346703
0.900000	-84.346703
0.901000	-60.576302
0.902000	-42.745399
0.903000	-33.830002
0.904000	-33.830002
0.905000	-33.830002
0.906000	-21.944700
0.907000	-10.059500
0.908000	-10.059500
0.909000	-13.029300
0.910000	-7.089750
0.911000	4.795470
0.912000	10.741100
0.913000	13.710900
0.914000	13.710900
0.915000	13.710900
0.916000	22.626301
0.917000	28.572001
0.918000	22.626301
0.919000	16.680700
0.920000	19.656601
0.921000	22.626301
0.922000	22.626301
0.923000	19.656601
0.924000	16.680700
0.925000	16.680700
0.926000	13.710900
0.927000	16.680700
0.928000	10.741100
0.929000	4.795470
0.930000	-1.144100
0.931000	1.825690
0.932000	-7.089750
0.933000	-7.089750
0.934000	1.825690
0.935000	-1.144100
0.936000	-4.119960
0.937000	-10.059500
0.938000	-4.119960
0.939000	-7.089750
0.940000	-7.089750
0.941000	-7.089750
0.942000	-4.119960
0.943000	-4.119960
0.944000	1.825690
0.945000	-7.089750
0.946000	-4.119960
0.947000	1.825690
0.948000	4.795470
0.949000	4.795470
0.950000	-1.144100
0.951000	-1.144100
0.952000	1.825690
0.953000	7.771340
0.954000	10.741100
0.955000	1.825690
0.956000	1.825690
0.957000	4.795470
0.958000	7.771340
0.959000	16.680700
0.960000	13.710900
0.961000	13.710900
0.962000	7.771340
0.963000	7.771340
0.964000	13.710900
0.965000	13.710900
0.966000	16.680700
0.967000	16.680700
0.968000	13.710900
0.969000	10.741100
0.970000	19.656601
0.971000	19.656601
0.972000	22.626301
0.973000	16.680700
0.974000	22.626301
0.975000	22.626301
0.976000	22.626301
0.977000	25.596100
0.978000	22.626301
0.979000	19.656601
0.980000	22.626301
0.981000	16.680700
0.982000	22.626301
0.983000	31.541800
0.984000	22.626301
0.985000	16.680700
0.986000	13.710900
0.987000	22.626301
0.988000	34.511600
0.989000	31.541800
0.990000	37.481300
0.991000	43.426998
0.992000	55.312199
0.993000	64.227600
0.994000	52.342400
0.995000	55.312199
0.996000	52.342400
0.997000	55.312199
0.998000	58.282001
0.999000	49.372601
1.000000	46.396801
1.001000	49.372601
1.002000	46.396801
1.003000	46.396801
1.004000	40.457199
1.005000	31.541800
1.006000	28.572001
1.007000	31.541800
1.008000	34.511600
1.009000	31.541800
1.010000	28.572001
1.011000	25.596100
1.012000	22.626301
1.013000	16.680700
1.014000	13.710900
1.015000	10.741100
1.016000	19.656601
1.017000	22.626301
1.018000	28.572001
1.019000	28.572001
1.020000	28.572001
1.021000	34.511600
1.022000	34.511600
1.023000	43.426998
1.024000	49.372601
1.025000	46.396801
1.026000	49.372601
1.027000	49.372601
1.028000	55.312199
1.029000	55.312199
1.030000	52.342400
1.031000	58.282001
1.032000	64.227600
1.033000	64.227600
1.034000	61.257900
1.035000	61.257900
1.036000	64.227600
1.037000	61.257900
1.038000	73.143097
1.039000	99.883301
1.040000	49.372601
1.041000	16.680700
1.042000	52.342400
1.043000	49.372601
1.044000	25.596100
1.045000	49.372601
1.046000	58.282001
1.047000	28.572001
1.048000	43.426998
1.049000	49.372601
1.050000	19.656601
1.051000	10.741100
1.052000	46.396801
1.053000	61.257900
1.054000	58.282001
1.055000	46.396801
1.056000	31.541800
1.057000	25.596100
1.058000	43.426998
1.059000	37.481300
1.060000	19.656601
1.061000	19.656601
1.062000	40.457199
1.063000	55.312199
1.064000	37.481300
1.065000	37.481300
1.066000	34.511600
1.067000	31.541800
1.068000	37.481300
1.069000	43.426998
1.070000	40.457199
1.071000	43.426998
1.072000	49.372601
1.073000	52.342400
1.074000	49.372601
1.075000	43.426998
1.076000	43.426998
1.077000	43.426998
1.078000	49.372601
1.079000	49.372601
1.080000	46.396801
1.081000	34.511600
1.082000	34.511600
1.083000	37.481300
1.084000	37.481300
1.085000	34.511600
1.086000	28.572001
1.087000	25.596100
1.088000	19.656601
1.089000	22.626301
1.090000	22.626301
1.091000	13.710900
1.092000	7.771340
1.093000	4.795470
1.094000	7.771340
1.095000	7.771340
1.096000	7.771340
1.097000	-1.144100
1.098000	1.825690
1.099000	1.825690
1.100000	-1.144100
1.101000	1.825690
1.102000	-1.144100
1.103000	-1.144100
1.104000	-1.144100
1.105000	-1.144100
1.106000	-1.144100
1.107000	-1.144100
1.108000	-4.119960
1.109000	-7.089750
1.110000	-7.089750
1.111000	-10.059500
1.112000	-10.059500
1.113000	-7.089750
1.114000	-7.089750
1.115000	-7.089750
1.116000	-7.089750
1.117000	-4.119960
1.118000	-7.089750
1.119000	-4.119960
1.120000	-7.089750
1.121000	-10.059500
1.122000	-4.119960
1.123000	-10.059500
1.124000	-10.059500
1.125000	-13.029300
1.126000	-16.005199
1.127000	-13.029300
1.128000	-13.029300
1.129000	-16.005199
1.130000	-16.005199
1.131000	-21.944700
1.132000	-16.005199
1.133000	-13.029300
1.134000	-18.975000
1.135000	-21.944700
1.136000	-21.944700
1.137000	-18.975000
1.138000	-24.920601
1.139000	-24.920601
1.140000	-27.890400
1.141000	-27.890400
1.142000	-27.890400
1.143000	-30.860201
1.144000	-27.890400
1.145000	-33.830002
1.146000	-33.830002
1.147000	-33.830002
1.148000	-33.830002
1.149000	-33.830002
1.150000	-33.830002
1.151000	-36.805801
1.152000	-36.805801
1.153000	-36.805801
1.154000	-36.805801
1.155000	-45.721298
1.156000	-42.745399
1.157000	-48.691002
1.158000	-48.691002
1.159000	-51.660801
1.160000	-54.630600
1.161000	-63.546001
1.162000	-63.546001
1.163000	-60.576302
1.164000	-63.546001
1.165000	-60.576302
1.166000	-57.606499
1.167000	-57.606499
1.168000	-51.660801
1.169000	-54.630600
1.170000	-51.660801
1.171000	-51.660801
1.172000	-45.721298
1.173000	-39.775600
1.174000	-60.576302
1.175000	-54.630600
1.176000	-48.691002
1.177000	-45.721298
1.178000	-48.691002
1.179000	-21.944700
1.180000	-27.890400
1.181000	-51.660801
1.182000	-60.576302
1.183000	-60.576302
1.184000	-75.431297
1.185000	-69.491699
1.186000	-72.461502
1.187000	-75.431297
1.188000	-78.407097
1.189000	-75.431297
1.190000	-75.431297
1.191000	-72.461502
1.192000	-78.407097
1.193000	-81.376900
1.194000	-75.431297
1.195000	-72.461502
1.196000	-69.491699
1.197000	-72.461502
1.198000	-72.461502
1.199000	-69.491699
1.200000	-66.515800
1.201000	-69.491699
1.202000	-69.491699
1.203000	-69.491699
1.204000	-60.576302
1.205000	-66.515800
1.206000	-57.606499
1.207000	-57.606499
1.208000	-60.576302
1.209000	-60.576302
1.210000	-57.606499
1.211000	-51.660801
1.212000	-54.630600
1.213000	-51.660801
1.214000	-51.660801
1.215000	-51.660801
1.216000	-54.630600
1.217000	-48.691002
1.218000	-48.691002
1.219000	-51.660801
1.220000	-54.630600
1.221000	-51.660801
1.222000	-57.606499
1.223000	-57.606499
1.224000	-57.606499
1.225000	-57.606499
1.226000	-57.606499
1.227000	-60.576302
1.228000	-57.606499
1.229000	-57.606499
1.230000	-54.630600
1.231000	-60.576302
1.232000	-54.630600
1.233000	-51.660801
1.234000	-57.606499
1.235000	-57.606499
1.236000	-54.630600
1.237000	-54.630600
1.238000	-57.606499
1.239000	-63.546001
1.240000	-66.515800
1.241000	-60.576302
1.242000	-54.630600
1.243000	-51.660801
1.244000	-54.630600
1.245000	-54.630600
1.246000	-54.630600
1.247000	-48.691002
1.248000	-48.691002
1.249000	-51.660801
1.250000	-48.691002
1.251000	-42.745399
1.252000	-45.721298
1.253000	-42.745399
1.254000	-45.721298
1.255000	-42.745399
1.256000	-39.775600
1.257000	-39.775600
1.258000	-39.775600
1.259000	-45.721298
1.260000	-42.745399
1.261000	-42.745399
1.262000	-39.775600
1.263000	-36.805801
1.264000	-39.775600
1.265000	-39.775600
1.266000	-39.775600
1.267000	-42.745399
1.268000	-42.745399
1.269000	-36.805801
1.270000	-33.830002
1.271000	-27.890400
1.272000	-27.890400
1.273000	-24.920601
1.274000	-21.944700
1.275000	-21.944700
1.276000	-16.005199
1.277000	-21.944700
1.278000	-21.944700
1.279000	-18.975000
1.280000	-13.029300
1.281000	-13.029300
1.282000	-16.005199
1.283000	-13.029300
1.284000	-16.005199
1.285000	-10.059500
1.286000	-10.059500
1.287000	-10.059500
1.288000	-13.029300
1.289000	-13.029300
1.290000	-10.059500
1.291000	-7.089750
1.292000	-7.089750
1.293000	-10.059500
1.294000	-10.059500
1.295000	-7.089750
1.296000	-13.029300
1.297000	-10.059500
1.298000	-10.059500
1.299000	-10.059500
1.300000	-10.059500
1.301000	-10.059500
1.302000	-10.059500
1.303000	-7.089750
1.304000	-7.089750
1.305000	-7.089750
1.306000	-7.089750
1.307000	-4.119960
1.308000	-4.119960
1.309000	-4.119960
1.310000	-1.144100
1.311000	1.825690
1.312000	4.795470
1.313000	7.771340
1.314000	4.795470
1.315000	10.741100
1.316000	7.771340
1.317000	7.771340
1.318000	10.741100
1.319000	10.741100
1.320000	10.741100
1.321000	4.795470
1.322000	7.771340
1.323000	7.771340
1.324000	7.771340
1.325000	7.771340
1.326000	7.771340
1.327000	10.741100
1.328000	16.680700
1.329000	4.795470
1.330000	4.795470
1.331000	10.741100
1.332000	13.710900
1.333000	22.626301
1.334000	22.626301
1.335000	31.541800
1.336000	43.426998
1.337000	49.372601
1.338000	49.372601
1.339000	46.396801
1.340000	49.372601
1.341000	55.312199
1.342000	49.372601
1.343000	49.372601
1.344000	46.396801
1.345000	46.396801
1.346000	52.342400
1.347000	49.372601
1.348000	55.312199
1.349000	46.396801
1.350000	43.426998
1.351000	40.457199
1.352000	40.457199
1.353000	37.481300
1.354000	28.572001
1.355000	25.596100
1.356000	25.596100
1.357000	28.572001
1.358000	28.572001
1.359000	22.626301
1.360000	19.656601
1.361000	22.626301
1.362000	22.626301
1.363000	22.626301
1.364000	19.656601
1.365000	16.680700
1.366000	19.656601
1.367000	19.656601
1.368000	25.596100
1.369000	28.572001
1.370000	25.596100
1.371000	28.572001
1.372000	31.541800
1.373000	28.572001
1.374000	34.511600
1.375000	28.572001
1.376000	31.541800
1.377000	34.511600
1.378000	37.481300
1.379000	40.457199
1.380000	43.426998
1.381000	46.396801
1.382000	49.372601
1.383000	52.342400
1.384000	52.342400
1.385000	49.372601
1.386000	52.342400
1.387000	52.342400
1.388000	52.342400
1.389000	49.372601
1.390000	52.342400
1.391000	55.312199
1.392000	49.372601
1.393000	52.342400
1.394000	52.342400
1.395000	49.372601
1.396000	46.396801
1.397000	46.396801
1.398000	43.426998
1.399000	43.426998
1.400000	40.457199
1.401000	37.481300
1.402000	34.511600
1.403000	28.572001
1.404000	25.596100
1.405000	25.596100
1.406000	25.596100
1.407000	22.626301
1.408000	19.656601
1.409000	16.680700
1.410000	19.656601
1.411000	16.680700
1.412000	13.710900
1.413000	16.680700
1.414000	13.710900
1.415000	13.710900
1.416000	16.680700
1.417000	13.710900
1.418000	16.680700
1.419000	16.680700
1.420000	19.656601
1.421000	19.656601
1.422000	19.656601
1.423000	19.656601
1.424000	22.626301
1.425000	25.596100
1.426000	25.596100
1.427000	25.596100
1.428000	22.626301
1.429000	22.626301
1.430000	25.596100
1.431000	25.596100
1.432000	25.596100
1.433000	25.596100
1.434000	25.596100
1.435000	25.596100
1.436000	28.572001
1.437000	22.626301
1.438000	19.656601
1.439000	22.626301
1.440000	22.626301
1.441000	19.656601
1.442000	13.710900
1.443000	16.680700
1.444000	16.680700
1.445000	16.680700
1.446000	16.680700
1.447000	10.741100
1.448000	10.741100
1.449000	10.741100
1.450000	10.741100
1.451000	4.795470
1.452000	4.795470
1.453000	-1.144100
1.454000	-1.144100
1.455000	-1.144100
1.456000	1.825690
1.457000	-4.119960
1.458000	-1.144100
1.459000	-7.089750
1.460000	-4.119960
1.461000	-4.119960
1.462000	-7.089750
1.463000	-7.089750
1.464000	-4.119960
1.465000	-7.089750
1.466000	-7.089750
1.467000	-7.089750
1.468000	-7.089750
1.469000	-10.059500
1.470000	-7.089750
1.471000	-7.089750
1.472000	-7.089750
1.473000	-7.089750
1.474000	-7.089750
1.475000	-13.029300
1.476000	-10.059500
1.477000	-10.059500
1.478000	-7.089750
1.479000	-7.089750
1.480000	-10.059500
1.481000	-10.059500
1.482000	-13.029300
1.483000	-10.059500
1.484000	-13.029300
1.485000	-10.059500
1.486000	-13.029300
1.487000	-13.029300
1.488000	-16.005199
1.489000	-10.059500
1.490000	-13.029300
1.491000	-16.005199
1.492000	-16.005199
1.493000	-16.005199
1.494000	-13.029300
1.495000	-18.975000
1.496000	-16.005199
1.497000	-21.944700
1.498000	-18.975000
1.499000	-18.975000
1.500000	-16.005199
1.501000	-21.944700
1.502000	-24.920601
1.503000	-24.920601
1.504000	-33.830002
1.505000	-30.860201
1.506000	-36.805801
1.507000	-33.830002
1.508000	-30.860201
1.509000	-33.830002
1.510000	-36.805801
1.511000	-36.805801
1.512000	-33.830002
1.513000	-36.805801
1.514000	-33.830002
1.515000	-33.830002
1.516000	-30.860201
1.517000	-30.860201
1.518000	-27.890400
1.519000	-33.830002
1.520000	-27.890400
1.521000	-27.890400
1.522000	-27.890400
1.523000	-24.920601
1.524000	-24.920601
1.525000	-27.890400
1.526000	-30.860201
1.527000	-24.920601
1.528000	-30.860201
1.529000	-30.860201
1.530000	-27.890400
1.531000	-30.860201
1.532000	-30.860201
1.533000	-27.890400
1.534000	-30.860201
1.535000	-30.860201
1.536000	-30.860201
1.537000	-27.890400
1.538000	-27.890400
1.539000	-24.920601
1.540000	-24.920601
1.541000	-24.920601
1.542000	-21.944700
1.543000	-27.890400
1.544000	-27.890400
1.545000	-21.944700
1.546000	-24.920601
1.547000	-24.920601
1.548000	-24.920601
1.549000	-21.944700
1.550000	-21.944700
1.551000	-24.920601
1.552000	-21.944700
1.553000	-21.944700
1.554000	-21.944700
1.555000	-24.920601
1.556000	-21.944700
1.557000	-24.920601
1.558000	-24.920601
1.559000	-24.920601
1.560000	-21.944700
1.561000	-21.944700
1.562000	-21.944700
1.563000	-18.975000
1.564000	-18.975000
1.565000	-18.975000
1.566000	-16.005199
1.567000	-16.005199
1.568000	-16.005199
1.569000	-18.975000
1.570000	-16.005199
1.571000	-18.975000
1.572000	-18.975000
1.573000	-16.005199
1.574000	-18.975000
1.575000	-18.975000
1.576000	-18.975000
1.577000	-18.975000
1.578000	-18.975000
1.579000	-13.029300
1.580000	-16.005199
1.581000	-18.975000
1.582000	-16.005199
1.583000	-16.005199
1.584000	-16.005199
1.585000	-10.059500
1.586000	-10.059500
1.587000	-10.059500
1.588000	-10.059500
1.589000	-7.089750
1.590000	-16.005199
1.591000	-13.029300
1.592000	-13.029300
1.593000	-10.059500
1.594000	-10.059500
1.595000	-10.059500
1.596000	-13.029300
1.597000	-10.059500
1.598000	-10.059500
1.599000	-7.089750
1.600000	-10.059500
1.601000	-10.059500
1.602000	-7.089750
1.603000	-10.059500
1.604000	-7.089750
1.605000	-7.089750
1.606000	-10.059500
1.607000	-10.059500
1.608000	-10.059500
1.609000	-10.059500
1.610000	-13.029300
1.611000	-7.089750
1.612000	-4.119960
1.613000	-7.089750
1.614000	-7.089750
1.615000	-10.059500
1.616000	-7.089750
1.617000	-4.119960
1.618000	-4.119960
1.619000	-1.144100
1.620000	-7.089750
1.621000	-4.119960
1.622000	-7.089750
1.623000	-4.119960
1.624000	-7.089750
1.625000	-4.119960
1.626000	-10.059500
1.627000	-4.119960
1.628000	-7.089750
1.629000	-4.119960
1.630000	-1.144100
1.631000	-1.144100
1.632000	-4.119960
1.633000	4.795470
1.634000	1.825690
1.635000	7.771340
1.636000	1.825690
1.637000	4.795470
1.638000	1.825690
1.639000	4.795470
1.640000	1.825690
1.641000	4.795470
1.642000	7.771340
1.643000	7.771340
1.644000	7.771340
1.645000	7.771340
1.646000	4.795470
1.647000	4.795470
1.648000	4.795470
1.649000	1.825690
1.650000	7.771340
1.651000	7.771340
1.652000	7.771340
1.653000	4.795470
1.654000	4.795470
1.655000	10.741100
1.656000	4.795470
1.657000	4.795470
1.658000	4.795470
1.659000	7.771340
1.660000	7.771340
1.661000	7.771340
1.662000	7.771340
1.663000	4.795470
1.664000	7.771340
1.665000	-1.144100
1.666000	1.825690
1.667000	-4.119960
1.668000	1.825690
1.669000	-1.144100
1.670000	-4.119960
1.671000	-1.144100
1.672000	-4.119960
1.673000	-4.119960
1.674000	-4.119960
1.675000	-1.144100
1.676000	-4.119960
1.677000	-4.119960
1.678000	-4.119960
1.679000	-4.119960
1.680000	-4.119960
1.681000	-1.144100
1.682000	-4.119960
1.683000	-1.144100
1.684000	-1.144100
1.685000	-4.119960
1.686000	-7.089750
1.687000	-1.144100
1.688000	-4.119960
1.689000	-4.119960
1.690000	-4.119960
1.691000	-4.119960
1.692000	-7.089750
1.693000	-4.119960
1.694000	-7.089750
1.695000	-4.119960
1.696000	-4.119960
1.697000	-4.119960
1.698000	-4.119960
1.699000	-4.119960
1.700000	-4.119960
1.701000	-4.119960
1.702000	-7.089750
1.703000	-1.144100
1.704000	-1.144100
1.705000	-4.119960
1.706000	-1.144100
1.707000	-4.119960
1.708000	-4.119960
1.709000	1.825690
1.710000	-1.144100
1.711000	-4.119960
1.712000	-4.119960
1.713000	-1.144100
1.714000	-4.119960
1.715000	-1.144100
1.716000	-1.144100
1.717000	-1.144100
1.718000	-7.089750
1.719000	-7.089750
1.720000	-10.059500
1.721000	-7.089750
1.722000	-4.119960
1.723000	-13.029300
1.724000	-10.059500
1.725000	-13.029300
1.726000	-7.089750
1.727000	-13.029300
1.728000	-10.059500
1.729000	-7.089750
1.730000	-10.059500
1.731000	-7.089750
1.732000	-10.059500
1.733000	-10.059500
1.734000	-10.059500
1.735000	-10.059500
1.736000	-10.059500
1.737000	-10.059500
1.738000	-10.059500
1.739000	-10.059500
1.740000	-10.059500
1.741000	-7.089750
1.742000	-13.029300
1.743000	-7.089750
1.744000	-10.059500
1.745000	-10.059500
1.746000	-10.059500
1.747000	-10.059500
1.748000	-10.059500
1.749000	-7.089750
1.750000	-7.089750
1.751000	-7.089750
1.752000	-1.144100
1.753000	-4.119960
1.754000	-4.119960
1.755000	-4.119960
1.756000	-1.144100
1.757000	-1.144100
1.758000	-4.119960
1.759000	-4.119960
1.760000	1.825690
1.761000	1.825690
1.762000	1.825690
1.763000	1.825690
1.764000	1.825690
1.765000	-1.144100
1.766000	1.825690
1.767000	-1.144100
1.768000	-1.144100
1.769000	-1.144100
1.770000	1.825690
1.771000	-1.144100
1.772000	-1.144100
1.773000	-4.119960
1.774000	-1.144100
1.775000	-4.119960
1.776000	-1.144100
1.777000	-4.119960
1.778000	-4.119960
1.779000	-4.119960
1.780000	-1.144100
1.781000	-1.144100
1.782000	-1.144100
1.783000	-7.089750
1.784000	-4.119960
1.785000	-1.144100
1.786000	-7.089750
1.787000	-4.119960
1.788000	-7.089750
1.789000	-7.089750
1.790000	-4.119960
1.791000	-7.089750
1.792000	-7.089750
1.793000	-7.089750
1.794000	-10.059500
1.795000	-7.089750
1.796000	-7.089750
1.797000	-7.089750
1.798000	-7.089750
1.799000	-7.089750
1.800000	-7.089750
1.801000	-7.089750
1.802000	-4.119960
1.803000	-7.089750
1.804000	-4.119960
1.805000	-4.119960
1.806000	-7.089750
1.807000	-1.144100
1.808000	-4.119960
1.809000	-1.144100
1.810000	-4.119960
1.811000	1.825690
1.812000	-1.144100
1.813000	-1.144100
1.814000	-1.144100
1.815000	-1.144100
1.816000	1.825690
1.817000	4.795470
1.818000	1.825690
1.819000	4.795470
1.820000	4.795470
1.821000	4.795470
1.822000	4.795470
1.823000	4.795470
1.824000	1.825690
1.825000	1.825690
1.826000	1.825690
1.827000	-1.144100
1.828000	1.825690
1.829000	1.825690
1.830000	-1.144100
1.831000	-1.144100
1.832000	-1.144100
1.833000	1.825690
1.834000	-1.144100
1.835000	1.825690
1.836000	1.825690
1.837000	-1.144100
1.838000	-4.119960
1.839000	-1.144100
1.840000	-1.144100
1.841000	-4.119960
1.842000	-4.119960
1.843000	-7.089750
1.844000	-4.119960
1.845000	-1.144100
1.846000	-1.144100
1.847000	-4.119960
1.848000	-4.119960
1.849000	-1.144100
1.850000	-4.119960
1.851000	-1.144100
1.852000	-4.119960
1.853000	-4.119960
1.854000	-4.119960
1.855000	-4.119960
1.856000	-4.119960
1.857000	-1.144100
1.858000	-4.119960
1.859000	-4.119960
1.860000	-4.119960
1.861000	-4.119960
1.862000	-1.144100
1.863000	-1.144100
1.864000	-1.144100
1.865000	-1.144100
1.866000	-1.144100
1.867000	-1.144100
1.868000	-4.119960
1.869000	-1.144100
1.870000	-1.144100
1.871000	-1.144100
1.872000	-4.119960
1.873000	-1.144100
1.874000	-1.144100
1.875000	-4.119960
1.876000	-7.089750
1.877000	-1.144100
1.878000	-7.089750
1.879000	-4.119960
1.880000	-1.144100
1.881000	-4.119960
1.882000	-4.119960
1.883000	-4.119960
1.884000	-4.119960
1.885000	-4.119960
1.886000	-4.119960
1.887000	-4.119960
1.888000	-7.089750
1.889000	-7.089750
1.890000	-4.119960
1.891000	-7.089750
1.892000	-4.119960
1.893000	-7.089750
1.894000	-7.089750
1.895000	-4.119960
1.896000	-4.119960
1.897000	-7.089750
1.898000	-4.119960
1.899000	-4.119960
1.900000	-7.089750
1.901000	-1.144100
1.902000	-4.119960
1.903000	-7.089750
1.904000	-7.089750
1.905000	-7.089750
1.906000	-7.089750
1.907000	-10.059500
1.908000	-13.029300
1.909000	-10.059500
1.910000	-10.059500
1.911000	-7.089750
1.912000	-7.089750
1.913000	-7.089750
1.914000	-7.089750
1.915000	-4.119960
1.916000	-7.089750
1.917000	-4.119960
1.918000	-7.089750
1.919000	-7.089750
1.920000	-7.089750
1.921000	-4.119960
1.922000	-4.119960
1.923000	-4.119960
1.924000	-4.119960
1.925000	-4.119960
1.926000	-7.089750
1.927000	-4.119960
1.928000	-4.119960
1.929000	-4.119960
1.930000	-4.119960
1.931000	-4.119960
1.932000	-4.119960
1.933000	-1.144100
1.934000	-4.119960
1.935000	-1.144100
1.936000	-4.119960
1.937000	-4.119960
1.938000	-7.089750
1.939000	-4.119960
1.940000	-4.119960
1.941000	-4.119960
1.942000	-4.119960
1.943000	-4.119960
1.944000	-1.144100
1.945000	-1.144100
1.946000	-1.144100
1.947000	-4.119960
1.948000	-1.144100
1.949000	-7.089750
1.950000	-4.119960
1.951000	-4.119960
1.952000	-4.119960
1.953000	-4.119960
1.954000	-4.119960
1.955000	-7.089750
1.956000	-4.119960
1.957000	-4.119960
1.958000	-7.089750
1.959000	-4.119960
1.960000	-4.119960
1.961000	-7.089750
1.962000	-4.119960
1.963000	-4.119960
1.964000	-4.119960
1.965000	-7.089750
1.966000	-4.119960
1.967000	-4.119960
1.968000	-4.119960
1.969000	1.825690
1.970000	-7.089750
1.971000	-1.144100
1.972000	-4.119960
1.973000	-1.144100
1.974000	-4.119960
1.975000	-4.119960
1.976000	-4.119960
1.977000	-4.119960
1.978000	-4.119960
1.979000	-1.144100
1.980000	-1.144100
1.981000	-1.144100
1.982000	1.825690
1.983000	-1.144100
1.984000	1.825690
1.985000	1.825690
1.986000	-1.144100
1.987000	-7.089750
1.988000	1.825690
1.989000	1.825690
1.990000	-1.144100
1.991000	-1.144100
1.992000	-7.089750
1.993000	-4.119960
1.994000	-1.144100
1.995000	1.825690
1.996000	-1.144100
1.997000	-1.144100
1.998000	-1.144100
1.999000	-1.144100
2.000000	-1.144100
2.001000	1.825690
2.002000	1.825690
2.003000	-1.144100
2.004000	-1.144100
2.005000	-1.144100
2.006000	-1.144100
2.007000	-1.144100
2.008000	-4.119960
2.009000	-4.119960
2.010000	-1.144100
2.011000	-1.144100
2.012000	1.825690
2.013000	-1.144100
2.014000	-1.144100
2.015000	-1.144100
2.016000	-1.144100
2.017000	1.825690
2.018000	-4.119960
2.019000	-1.144100
2.020000	-4.119960
2.021000	-1.144100
2.022000	-4.119960
2.023000	-4.119960
2.024000	-4.119960
2.025000	-4.119960
2.026000	-7.089750
2.027000	-1.144100
2.028000	-4.119960
2.029000	-1.144100
2.030000	-4.119960
2.031000	-7.089750
2.032000	-1.144100
2.033000	1.825690
2.034000	-1.144100
2.035000	-4.119960
2.036000	-4.119960
2.037000	-4.119960
2.038000	-1.144100
2.039000	-4.119960
2.040000	-4.119960
2.041000	-1.144100
2.042000	-4.119960
2.043000	-4.119960
2.044000	-1.144100
2.045000	-4.119960
2.046000	-7.089750
2.047000	-1.144100
2.048000	-4.119960
2.049000	-1.144100
2.050000	1.825690
2.051000	-1.144100
2.052000	-4.119960
2.053000	-4.119960
2.054000	-1.144100
2.055000	-1.144100
2.056000	-1.144100
2.057000	-4.119960
2.058000	-4.119960
2.059000	-4.119960
2.060000	-4.119960
2.061000	-4.119960
2.062000	-4.119960
2.063000	-4.119960
2.064000	-4.119960
2.065000	-4.119960
2.066000	-1.144100
2.067000	-1.144100
2.068000	-1.144100
2.069000	-4.119960
2.070000	-4.119960
2.071000	-1.144100
2.072000	-4.119960
2.073000	-4.119960
2.074000	-4.119960
2.075000	-4.119960
2.076000	-7.089750
2.077000	-4.119960
2.078000	-7.089750
2.079000	-4.119960
2.080000	-4.119960
2.081000	-4.119960
2.082000	-4.119960
2.083000	-4.119960
2.084000	-4.119960
2.085000	-7.089750
2.086000	-4.119960
2.087000	-4.119960
2.088000	-4.119960
2.089000	-4.119960
2.090000	-7.089750
2.091000	-4.119960
2.092000	-4.119960
2.093000	-4.119960
2.094000	-4.119960
2.095000	-4.119960
2.096000	-4.119960
2.097000	-4.119960
2.098000	-4.119960
2.099000	-1.144100
2.100000	-4.119960
2.101000	-1.144100
2.102000	-4.119960
2.103000	-4.119960
2.104000	-7.089750
2.105000	-4.119960
2.106000	-4.119960
2.107000	-4.119960
2.108000	-4.119960
2.109000	-4.119960
2.110000	-4.119960
2.111000	-4.119960
2.112000	-4.119960
2.113000	-4.119960
2.114000	-4.119960
2.115000	-4.119960
2.116000	-4.119960
2.117000	1.825690
2.118000	-4.119960
2.119000	-4.119960
2.120000	-1.144100
2.121000	-4.119960
2.122000	-4.119960
2.123000	-4.119960
2.124000	-1.144100
2.125000	-7.089750
2.126000	-4.119960
2.127000	-4.119960
2.128000	-1.144100
2.129000	-4.119960
2.130000	-4.119960
2.131000	-4.119960
2.132000	-4.119960
2.133000	-4.119960
2.134000	-4.119960
2.135000	-1.144100
2.136000	-1.144100
2.137000	-1.144100
2.138000	-4.119960
2.139000	-4.119960
2.140000	-7.089750
2.141000	-4.119960
2.142000	-4.119960
2.143000	-4.119960
2.144000	-7.089750
2.145000	-4.119960
2.146000	-4.119960
2.147000	-1.144100
2.148000	1.825690
2.149000	-1.144100
2.150000	1.825690
2.151000	-1.144100
2.152000	1.825690
2.153000	-1.144100
2.154000	1.825690
2.155000	-1.144100
2.156000	-1.144100
2.157000	-1.144100
2.158000	-1.144100
2.159000	-1.144100
2.160000	-1.144100
2.161000	-1.144100
2.162000	-1.144100
2.163000	4.795470
2.164000	-1.144100
2.165000	-1.144100
2.166000	1.825690
2.167000	-1.144100
2.168000	-1.144100
2.169000	-1.144100
2.170000	1.825690
2.171000	1.825690
2.172000	-4.119960
2.173000	-4.119960
2.174000	-4.119960
2.175000	-4.119960
2.176000	-1.144100
2.177000	-1.144100
2.178000	-4.119960
2.179000	-1.144100
2.180000	1.825690
2.181000	-1.144100
2.182000	-1.144100
2.183000	-1.144100
2.184000	1.825690
2.185000	1.825690
2.186000	-1.144100
2.187000	1.825690
2.188000	1.825690
2.189000	1.825690
2.190000	-1.144100
2.191000	-4.119960
2.192000	1.825690
2.193000	-1.144100
2.194000	-1.144100
2.195000	-1.144100
2.196000	1.825690
2.197000	-4.119960
2.198000	-1.144100
2.199000	-1.144100
2.200000	-1.144100
2.201000	-1.144100
2.202000	-4.119960
2.203000	-4.119960
2.204000	-1.144100
2.205000	-4.119960
2.206000	-1.144100
2.207000	-4.119960
2.208000	-4.119960
2.209000	-4.119960
2.210000	-4.119960
2.211000	-4.119960
2.212000	1.825690
2.213000	-4.119960
2.214000	-4.119960
2.215000	1.825690
2.216000	-4.119960
2.217000	-1.144100
2.218000	-4.119960
2.219000	-4.119960
2.220000	-4.119960
2.221000	-7.089750
2.222000	-1.144100
2.223000	-4.119960
2.224000	-10.059500
2.225000	-4.119960
2.226000	-4.119960
2.227000	-7.089750
2.228000	-10.059500
2.229000	-1.144100
2.230000	-1.144100
2.231000	-4.119960
2.232000	-4.119960
2.233000	-1.144100
2.234000	-1.144100
2.235000	-1.144100
2.236000	-1.144100
2.237000	-4.119960
2.238000	-4.119960
2.239000	-4.119960
2.240000	-4.119960
2.241000	-7.089750
2.242000	-1.144100
2.243000	-4.119960
2.244000	-4.119960
2.245000	-4.119960
2.246000	-4.119960
2.247000	-7.089750
2.248000	-1.144100
2.249000	-4.119960
2.250000	-4.119960
2.251000	-1.144100
2.252000	-1.144100
2.253000	-4.119960
2.254000	-4.119960
2.255000	-4.119960
2.256000	-7.089750
2.257000	-4.119960
2.258000	-7.089750
2.259000	-7.089750
2.260000	-7.089750
2.261000	-7.089750
2.262000	-4.119960
2.263000	-1.144100
2.264000	-7.089750
2.265000	-7.089750
2.266000	-4.119960
2.267000	-4.119960
2.268000	-1.144100
2.269000	-1.144100
2.270000	-4.119960
2.271000	-4.119960
2.272000	-7.089750
2.273000	-1.144100
2.274000	-7.089750
2.275000	-7.089750
2.276000	-7.089750
2.277000	-10.059500
2.278000	-4.119960
2.279000	-4.119960
2.280000	-4.119960
2.281000	-1.144100
2.282000	-1.144100
2.283000	-7.089750
2.284000	-1.144100
2.285000	-4.119960
2.286000	-4.119960
2.287000	-4.119960
2.288000	-1.144100
2.289000	-4.119960
2.290000	-4.119960
2.291000	-7.089750
2.292000	-4.119960
2.293000	-4.119960
2.294000	-4.119960
2.295000	-4.119960
2.296000	-4.119960
2.297000	-4.119960
2.298000	-1.144100
2.299000	-4.119960
2.300000	-4.119960
2.301000	-1.144100
2.302000	-1.144100
2.303000	-4.119960
2.304000	-4.119960
2.305000	-1.144100
2.306000	-1.144100
2.307000	-4.119960
2.308000	-1.144100
2.309000	-4.119960
2.310000	-4.119960
2.311000	-4.119960
2.312000	-7.089750
2.313000	-1.144100
2.314000	-1.144100
2.315000	-1.144100
2.316000	-1.144100
2.317000	-1.144100
2.318000	-1.144100
2.319000	-1.144100
2.320000	-1.144100
2.321000	-1.144100
2.322000	1.825690
2.323000	1.825690
2.324000	-7.089750
2.325000	-7.089750
2.326000	-1.144100
2.327000	-1.144100
2.328000	-1.144100
2.329000	-4.119960
2.330000	-4.119960
2.331000	-1.144100
2.332000	1.825690
2.333000	-4.119960
2.334000	-1.144100
2.335000	1.825690
2.336000	-4.119960
2.337000	1.825690
2.338000	-1.144100
2.339000	-1.144100
2.340000	-4.119960
2.341000	-1.144100
2.342000	-1.144100
2.343000	-4.119960
2.344000	-1.144100
2.345000	-1.144100
2.346000	-4.119960
2.347000	-1.144100
2.348000	-1.144100
2.349000	-1.144100
2.350000	1.825690
2.351000	-1.144100
2.352000	-1.144100
2.353000	-4.119960
2.354000	-4.119960
2.355000	-1.144100
2.356000	-1.144100
2.357000	-4.119960
2.358000	-1.144100
2.359000	-1.144100
2.360000	-1.144100
2.361000	-1.144100
2.362000	-1.144100
2.363000	-1.144100
2.364000	-1.144100
2.365000	-4.119960
2.366000	-1.144100
2.367000	1.825690
2.368000	1.825690
2.369000	1.825690
2.370000	-1.144100
2.371000	-1.144100
2.372000	-4.119960
2.373000	1.825690
2.374000	1.825690
2.375000	-4.119960
2.376000	-1.144100
2.377000	-1.144100
2.378000	-1.144100
2.379000	-1.144100
2.380000	-4.119960
2.381000	-4.119960
2.382000	1.825690
2.383000	1.825690
2.384000	-1.144100
2.385000	1.825690
2.386000	1.825690
2.387000	-1.144100
2.388000	-1.144100
2.389000	-1.144100
2.390000	-4.119960
2.391000	-4.119960
2.392000	-4.119960
2.393000	-4.119960
2.394000	-7.089750
2.395000	-1.144100
2.396000	-1.144100
2.397000	-1.144100
2.398000	-4.119960
2.399000	-4.119960
2.400000	-4.119960
2.401000	-1.144100
2.402000	-4.119960
2.403000	-4.119960
2.404000	-4.119960
2.405000	-4.119960
2.406000	-4.119960
2.407000	-4.119960
2.408000	-4.119960
2.409000	-4.119960
2.410000	-1.144100
2.411000	-4.119960
2.412000	-4.119960
2.413000	-1.144100
2.414000	-1.144100
2.415000	-4.119960
2.416000	-4.119960
2.417000	-7.089750
2.418000	-4.119960
2.419000	-1.144100
2.420000	-1.144100
2.421000	-4.119960
2.422000	-4.119960
2.423000	-1.144100
2.424000	-10.059500
2.425000	-4.119960
2.426000	-4.119960
2.427000	-4.119960
2.428000	-1.144100
2.429000	-4.119960
2.430000	-1.144100
2.431000	-4.119960
2.432000	-4.119960
2.433000	-4.119960
2.434000	-7.089750
2.435000	-4.119960
2.436000	-7.089750
2.437000	-4.119960
2.438000	-4.119960
2.439000	-10.059500
2.440000	-4.119960
2.441000	-7.089750
2.442000	-4.119960
2.443000	-7.089750
2.444000	-4.119960
2.445000	-4.119960
2.446000	-1.144100
2.447000	-4.119960
2.448000	-1.144100
2.449000	-1.144100
2.450000	-4.119960
2.451000	-4.119960
2.452000	-1.144100
2.453000	-7.089750
2.454000	-4.119960
2.455000	-4.119960
2.456000	-4.119960
2.457000	-1.144100
2.458000	-7.089750
2.459000	-4.119960
2.460000	-7.089750
2.461000	-4.119960
2.462000	-4.119960
2.463000	-4.119960
2.464000	-1.144100
2.465000	-4.119960
2.466000	-1.144100
2.467000	-4.119960
2.468000	-4.119960
2.469000	-4.119960
2.470000	-1.144100
2.471000	-4.119960
2.472000	-4.119960
2.473000	-4.119960
2.474000	-4.119960
2.475000	-4.119960
2.476000	-4.119960
2.477000	-4.119960
2.478000	-1.144100
2.479000	-1.144100
2.480000	-1.144100
2.481000	-4.119960
2.482000	-4.119960
2.483000	-1.144100
2.484000	-4.119960
2.485000	-4.119960
2.486000	-1.144100
2.487000	-1.144100
2.488000	-7.089750
2.489000	-4.119960
2.490000	-4.119960
2.491000	-4.119960
2.492000	-4.119960
2.493000	-7.089750
2.494000	-7.089750
2.495000	-4.119960
2.496000	-1.144100
2.497000	1.825690
2.498000	-4.119960
2.499000	-1.144100
