-0.500000	-1.507880
-0.499000	-1.570670
-0.498000	-1.570670
-0.497000	-1.570670
-0.496000	-1.570670
-0.495000	-1.570670
-0.494000	-1.633470
-0.493000	-1.633470
-0.492000	-1.570670
-0.491000	-1.570670
-0.490000	-1.570670
-0.489000	-1.570670
-0.488000	-1.570670
-0.487000	-1.696390
-0.486000	-1.633470
-0.485000	-1.633470
-0.484000	-1.570670
-0.483000	-1.633470
-0.482000	-1.570670
-0.481000	-1.633470
-0.480000	-1.633470
-0.479000	-1.570670
-0.478000	-1.570670
-0.477000	-1.570670
-0.476000	-1.570670
-0.475000	-1.633470
-0.474000	-1.633470
-0.473000	-1.570670
-0.472000	-1.507880
-0.471000	-1.570670
-0.470000	-1.570670
-0.469000	-1.633470
-0.468000	-1.633470
-0.467000	-1.570670
-0.466000	-1.507880
-0.465000	-1.633470
-0.464000	-1.570670
-0.463000	-1.633470
-0.462000	-1.570670
-0.461000	-1.633470
-0.460000	-1.633470
-0.459000	-1.507880
-0.458000	-1.570670
-0.457000	-1.570670
-0.456000	-1.633470
-0.455000	-1.570670
-0.454000	-1.507880
-0.453000	-1.633470
-0.452000	-1.633470
-0.451000	-1.507880
-0.450000	-1.507880
-0.449000	-1.633470
-0.448000	-1.696390
-0.447000	-1.570670
-0.446000	-1.570670
-0.445000	-1.633470
-0.444000	-1.633470
-0.443000	-1.633470
-0.442000	-1.570670
-0.441000	-1.570670
-0.440000	-1.633470
-0.439000	-1.633470
-0.438000	-1.507880
-0.437000	-1.570670
-0.436000	-1.633470
-0.435000	-1.633470
-0.434000	-1.633470
-0.433000	-1.570670
-0.432000	-1.633470
-0.431000	-1.570670
-0.430000	-1.570670
-0.429000	-1.570670
-0.428000	-1.507880
-0.427000	-1.507880
-0.426000	-1.633470
-0.425000	-1.633470
-0.424000	-1.507880
-0.423000	-1.570670
-0.422000	-1.570670
-0.421000	-1.633470
-0.420000	-1.507880
-0.419000	-1.633470
-0.418000	-1.570670
-0.417000	-1.507880
-0.416000	-1.570670
-0.415000	-1.570670
-0.414000	-1.570670
-0.413000	-1.570670
-0.412000	-1.507880
-0.411000	-1.570670
-0.410000	-1.570670
-0.409000	-1.570670
-0.408000	-1.633470
-0.407000	-1.507880
-0.406000	-1.570670
-0.405000	-1.570670
-0.404000	-1.633470
-0.403000	-1.570670
-0.402000	-1.570670
-0.401000	-1.633470
-0.400000	-1.570670
-0.399000	-1.570670
-0.398000	-1.633470
-0.397000	-1.570670
-0.396000	-1.570670
-0.395000	-1.570670
-0.394000	-1.570670
-0.393000	-1.570670
-0.392000	-1.570670
-0.391000	-1.570670
-0.390000	-1.570670
-0.389000	-1.633470
-0.388000	-1.633470
-0.387000	-1.633470
-0.386000	-1.633470
-0.385000	-1.633470
-0.384000	-1.696390
-0.383000	-1.570670
-0.382000	-1.570670
-0.381000	-1.570670
-0.380000	-1.570670
-0.379000	-1.570670
-0.378000	-1.570670
-0.377000	-1.570670
-0.376000	-1.444960
-0.375000	-1.507880
-0.374000	-1.570670
-0.373000	-1.507880
-0.372000	-1.570670
-0.371000	-1.633470
-0.370000	-1.507880
-0.369000	-1.633470
-0.368000	-1.570670
-0.367000	-1.507880
-0.366000	-1.633470
-0.365000	-1.570670
-0.364000	-1.633470
-0.363000	-1.633470
-0.362000	-1.570670
-0.361000	-1.570670
-0.360000	-1.570670
-0.359000	-1.507880
-0.358000	-1.570670
-0.357000	-1.570670
-0.356000	-1.507880
-0.355000	-1.633470
-0.354000	-1.570670
-0.353000	-1.633470
-0.352000	-1.570670
-0.351000	-1.633470
-0.350000	-1.570670
-0.349000	-1.633470
-0.348000	-1.633470
-0.347000	-1.570670
-0.346000	-1.570670
-0.345000	-1.633470
-0.344000	-1.570670
-0.343000	-1.633470
-0.342000	-1.633470
-0.341000	-1.633470
-0.340000	-1.507880
-0.339000	-1.570670
-0.338000	-1.633470
-0.337000	-1.507880
-0.336000	-1.633470
-0.335000	-1.570670
-0.334000	-1.570670
-0.333000	-1.570670
-0.332000	-1.570670
-0.331000	-1.570670
-0.330000	-1.570670
-0.329000	-1.633470
-0.328000	-1.570670
-0.327000	-1.570670
-0.326000	-1.570670
-0.325000	-1.570670
-0.324000	-1.570670
-0.323000	-1.570670
-0.322000	-1.633470
-0.321000	-1.633470
-0.320000	-1.507880
-0.319000	-1.633470
-0.318000	-1.570670
-0.317000	-1.507880
-0.316000	-1.570670
-0.315000	-1.633470
-0.314000	-1.570670
-0.313000	-1.570670
-0.312000	-1.633470
-0.311000	-1.570670
-0.310000	-1.507880
-0.309000	-1.570670
-0.308000	-1.570670
-0.307000	-1.570670
-0.306000	-1.507880
-0.305000	-1.507880
-0.304000	-1.570670
-0.303000	-1.633470
-0.302000	-1.570670
-0.301000	-1.507880
-0.300000	-1.507880
-0.299000	-1.570670
-0.298000	-1.570670
-0.297000	-1.633470
-0.296000	-1.507880
-0.295000	-1.507880
-0.294000	-1.633470
-0.293000	-1.570670
-0.292000	-1.570670
-0.291000	-1.570670
-0.290000	-1.570670
-0.289000	-1.570670
-0.288000	-1.570670
-0.287000	-1.570670
-0.286000	-1.570670
-0.285000	-1.570670
-0.284000	-1.507880
-0.283000	-1.570670
-0.282000	-1.633470
-0.281000	-1.570670
-0.280000	-1.570670
-0.279000	-1.507880
-0.278000	-1.570670
-0.277000	-1.633470
-0.276000	-1.633470
-0.275000	-1.633470
-0.274000	-1.507880
-0.273000	-1.570670
-0.272000	-1.570670
-0.271000	-1.633470
-0.270000	-1.570670
-0.269000	-1.570670
-0.268000	-1.633470
-0.267000	-1.696390
-0.266000	-1.696390
-0.265000	-1.633470
-0.264000	-1.633470
-0.263000	-1.570670
-0.262000	-1.633470
-0.261000	-1.570670
-0.260000	-1.570670
-0.259000	-1.570670
-0.258000	-1.633470
-0.257000	-1.507880
-0.256000	-1.507880
-0.255000	-1.570670
-0.254000	-1.570670
-0.253000	-1.507880
-0.252000	-1.570670
-0.251000	-1.507880
-0.250000	-1.507880
-0.249000	-1.570670
-0.248000	-1.570670
-0.247000	-1.570670
-0.246000	-1.507880
-0.245000	-1.633470
-0.244000	-1.507880
-0.243000	-1.570670
-0.242000	-1.570670
-0.241000	-1.507880
-0.240000	-1.570670
-0.239000	-1.633470
-0.238000	-1.570670
-0.237000	-1.570670
-0.236000	-1.570670
-0.235000	-1.633470
-0.234000	-1.507880
-0.233000	-1.570670
-0.232000	-1.570670
-0.231000	-1.633470
-0.230000	-1.507880
-0.229000	-1.570670
-0.228000	-1.570670
-0.227000	-1.633470
-0.226000	-1.570670
-0.225000	-1.570670
-0.224000	-1.570670
-0.223000	-1.507880
-0.222000	-1.507880
-0.221000	-1.570670
-0.220000	-1.507880
-0.219000	-1.633470
-0.218000	-1.633470
-0.217000	-1.633470
-0.216000	-1.570670
-0.215000	-1.633470
-0.214000	-1.570670
-0.213000	-1.570670
-0.212000	-1.570670
-0.211000	-1.633470
-0.210000	-1.633470
-0.209000	-1.570670
-0.208000	-1.696390
-0.207000	-1.507880
-0.206000	-1.507880
-0.205000	-1.696390
-0.204000	-1.633470
-0.203000	-1.633470
-0.202000	-1.570670
-0.201000	-1.570670
-0.200000	-1.507880
-0.199000	-1.633470
-0.198000	-1.570670
-0.197000	-1.507880
-0.196000	-1.570670
-0.195000	-1.633470
-0.194000	-1.444960
-0.193000	-1.570670
-0.192000	-1.570670
-0.191000	-1.570670
-0.190000	-1.570670
-0.189000	-1.633470
-0.188000	-1.507880
-0.187000	-1.633470
-0.186000	-1.570670
-0.185000	-1.633470
-0.184000	-1.633470
-0.183000	-1.570670
-0.182000	-1.570670
-0.181000	-1.570670
-0.180000	-1.570670
-0.179000	-1.570670
-0.178000	-1.570670
-0.177000	-1.633470
-0.176000	-1.570670
-0.175000	-1.570670
-0.174000	-1.507880
-0.173000	-1.507880
-0.172000	-1.570670
-0.171000	-1.633470
-0.170000	-1.507880
-0.169000	-1.507880
-0.168000	-1.633470
-0.167000	-1.570670
-0.166000	-1.633470
-0.165000	-1.633470
-0.164000	-1.570670
-0.163000	-1.570670
-0.162000	-1.570670
-0.161000	-1.570670
-0.160000	-1.507880
-0.159000	-1.633470
-0.158000	-1.570670
-0.157000	-1.570670
-0.156000	-1.570670
-0.155000	-1.507880
-0.154000	-1.633470
-0.153000	-1.696390
-0.152000	-1.633470
-0.151000	-1.633470
-0.150000	-1.507880
-0.149000	-1.633470
-0.148000	-1.570670
-0.147000	-1.570670
-0.146000	-1.570670
-0.145000	-1.507880
-0.144000	-1.507880
-0.143000	-1.570670
-0.142000	-1.570670
-0.141000	-1.570670
-0.140000	-1.444960
-0.139000	-1.633470
-0.138000	-1.570670
-0.137000	-1.633470
-0.136000	-1.633470
-0.135000	-1.570670
-0.134000	-1.570670
-0.133000	-1.570670
-0.132000	-1.570670
-0.131000	-1.633470
-0.130000	-1.507880
-0.129000	-1.633470
-0.128000	-1.570670
-0.127000	-1.570670
-0.126000	-1.633470
-0.125000	-1.633470
-0.124000	-1.633470
-0.123000	-1.507880
-0.122000	-1.570670
-0.121000	-1.570670
-0.120000	-1.570670
-0.119000	-1.633470
-0.118000	-1.633470
-0.117000	-1.570670
-0.116000	-1.633470
-0.115000	-1.570670
-0.114000	-1.570670
-0.113000	-1.570670
-0.112000	-1.507880
-0.111000	-1.570670
-0.110000	-1.633470
-0.109000	-1.570670
-0.108000	-1.570670
-0.107000	-1.570670
-0.106000	-1.507880
-0.105000	-1.633470
-0.104000	-1.570670
-0.103000	-1.570670
-0.102000	-1.507880
-0.101000	-1.507880
-0.100000	-1.570670
-0.099000	-1.633470
-0.098000	-1.570670
-0.097000	-1.570670
-0.096000	-1.507880
-0.095000	-1.633470
-0.094000	-1.507880
-0.093000	-1.570670
-0.092000	-1.633470
-0.091000	-1.570670
-0.090000	-1.507880
-0.089000	-1.570670
-0.088000	-1.507880
-0.087000	-1.570670
-0.086000	-1.633470
-0.085000	-1.570670
-0.084000	-1.570670
-0.083000	-1.633470
-0.082000	-1.570670
-0.081000	-1.633470
-0.080000	-1.633470
-0.079000	-1.570670
-0.078000	-1.633470
-0.077000	-1.633470
-0.076000	-1.633470
-0.075000	-1.633470
-0.074000	-1.633470
-0.073000	-1.633470
-0.072000	-1.633470
-0.071000	-1.696390
-0.070000	-1.507880
-0.069000	-1.633470
-0.068000	-1.633470
-0.067000	-1.507880
-0.066000	-1.633470
-0.065000	-1.633470
-0.064000	-1.633470
-0.063000	-1.570670
-0.062000	-1.633470
-0.061000	-1.633470
-0.060000	-1.633470
-0.059000	-1.570670
-0.058000	-1.633470
-0.057000	-1.570670
-0.056000	-1.633470
-0.055000	-1.633470
-0.054000	-1.633470
-0.053000	-1.633470
-0.052000	-1.633470
-0.051000	-1.633470
-0.050000	-1.633470
-0.049000	-1.570670
-0.048000	-1.570670
-0.047000	-1.570670
-0.046000	-1.633470
-0.045000	-1.507880
-0.044000	-1.507880
-0.043000	-1.507880
-0.042000	-1.633470
-0.041000	-1.507880
-0.040000	-1.570670
-0.039000	-1.444960
-0.038000	-1.570670
-0.037000	-1.507880
-0.036000	-1.444960
-0.035000	-1.444960
-0.034000	-1.382170
-0.033000	-1.382170
-0.032000	-1.444960
-0.031000	-1.507880
-0.030000	-1.444960
-0.029000	-1.382170
-0.028000	-1.319380
-0.027000	-1.256590
-0.026000	-1.068090
-0.025000	-0.942379
-0.024000	-0.628296
-0.023000	-0.439794
-0.022000	-0.188502
-0.021000	0.188502
-0.020000	0.502585
-0.019000	0.691087
-0.018000	0.942379
-0.017000	1.193670
-0.016000	1.256590
-0.015000	1.444960
-0.014000	1.696390
-0.013000	1.821970
-0.012000	1.696390
-0.011000	1.507880
-0.010000	1.507880
-0.009000	1.382170
-0.008000	1.068090
-0.007000	0.816797
-0.006000	0.314083
-0.005000	0.062791
-0.004000	-0.502585
-0.003000	-1.130880
-0.002000	-1.633470
-0.001000	-2.387470
0.000000	-2.952850
0.001000	-3.769640
0.002000	-4.523520
0.003000	-5.214610
0.004000	-5.842900
0.005000	-6.408410
0.006000	-6.973790
0.007000	-7.602080
0.008000	-8.104670
0.009000	-8.607380
0.010000	-9.172760
0.011000	-9.738260
0.012000	-10.429300
0.013000	-11.183200
0.014000	-12.062800
0.015000	-12.816700
0.016000	-13.822000
0.017000	-14.827200
0.018000	-15.644000
0.019000	-16.523500
0.020000	-17.277399
0.021000	-17.968500
0.022000	-18.471201
0.023000	-18.973801
0.024000	-19.413601
0.025000	-19.664900
0.026000	-19.664900
0.027000	-19.602100
0.028000	-19.602100
0.029000	-19.350800
0.030000	-19.036600
0.031000	-18.534000
0.032000	-17.905701
0.033000	-17.340300
0.034000	-16.523500
0.035000	-15.832500
0.036000	-15.015700
0.037000	-14.261800
0.038000	-13.507800
0.039000	-12.691100
0.040000	-11.874300
0.041000	-11.246000
0.042000	-10.617800
0.043000	-9.989550
0.044000	-9.486840
0.045000	-9.047170
0.046000	-8.732960
0.047000	-8.293170
0.048000	-8.167590
0.049000	-7.853370
0.050000	-7.727790
0.051000	-7.790580
0.052000	-7.790580
0.053000	-7.916160
0.054000	-8.104670
0.055000	-8.293170
0.056000	-8.544460
0.057000	-8.858670
0.058000	-9.361260
0.059000	-9.675340
0.060000	-9.989550
0.061000	-10.240800
0.062000	-10.617800
0.063000	-10.994700
0.064000	-11.748700
0.065000	-12.314100
0.066000	-12.565400
0.067000	-13.068100
0.068000	-13.696300
0.069000	-14.324600
0.070000	-14.952900
0.071000	-15.329900
0.072000	-15.895200
0.073000	-16.523500
0.074000	-17.214600
0.075000	-17.842899
0.076000	-18.345501
0.077000	-18.848101
0.078000	-19.350800
0.079000	-19.979000
0.080000	-20.293200
0.081000	-20.607300
0.082000	-20.795799
0.083000	-20.984301
0.084000	-21.110001
0.085000	-21.110001
0.086000	-21.047100
0.087000	-20.733000
0.088000	-20.481701
0.089000	-20.167500
0.090000	-19.727699
0.091000	-19.350800
0.092000	-18.848101
0.093000	-18.471201
0.094000	-18.094200
0.095000	-17.780100
0.096000	-17.591600
0.097000	-17.277399
0.098000	-17.089001
0.099000	-16.712000
0.100000	-16.586300
0.101000	-16.523500
0.102000	-16.334999
0.103000	-16.397800
0.104000	-16.397800
0.105000	-16.460800
0.106000	-16.649300
0.107000	-16.774799
0.108000	-16.963301
0.109000	-17.089001
0.110000	-17.277399
0.111000	-17.465900
0.112000	-17.717199
0.113000	-17.905701
0.114000	-18.219900
0.115000	-18.345501
0.116000	-18.534000
0.117000	-18.722500
0.118000	-19.036600
0.119000	-19.287901
0.120000	-19.539200
0.121000	-19.853399
0.122000	-20.041901
0.123000	-20.293200
0.124000	-20.481701
0.125000	-20.795799
0.126000	-21.047100
0.127000	-21.298401
0.128000	-21.486900
0.129000	-21.612600
0.130000	-21.801100
0.131000	-21.926701
0.132000	-22.115200
0.133000	-22.240900
0.134000	-22.366400
0.135000	-22.555000
0.136000	-22.617701
0.137000	-22.617701
0.138000	-22.617701
0.139000	-22.743500
0.140000	-22.868999
0.141000	-22.617701
0.142000	-22.806200
0.143000	-22.743500
0.144000	-22.617701
0.145000	-22.555000
0.146000	-22.555000
0.147000	-22.429199
0.148000	-22.492201
0.149000	-22.429199
0.150000	-22.366400
0.151000	-22.429199
0.152000	-22.429199
0.153000	-22.429199
0.154000	-22.555000
0.155000	-22.680700
0.156000	-22.806200
0.157000	-22.931999
0.158000	-23.057501
0.159000	-23.246000
0.160000	-23.434500
0.161000	-23.560101
0.162000	-23.811501
0.163000	-24.062799
0.164000	-24.125601
0.165000	-24.376900
0.166000	-24.628201
0.167000	-24.816700
0.168000	-25.005199
0.169000	-25.256500
0.170000	-25.319300
0.171000	-25.507799
0.172000	-25.633499
0.173000	-25.759100
0.174000	-25.884800
0.175000	-25.947599
0.176000	-26.073299
0.177000	-26.198900
0.178000	-26.261801
0.179000	-26.387400
0.180000	-26.450199
0.181000	-26.575899
0.182000	-26.638700
0.183000	-26.575899
0.184000	-26.701599
0.185000	-26.701599
0.186000	-26.764400
0.187000	-26.827200
0.188000	-26.764400
0.189000	-26.764400
0.190000	-26.764400
0.191000	-26.827200
0.192000	-26.827200
0.193000	-26.764400
0.194000	-26.701599
0.195000	-26.827200
0.196000	-26.889999
0.197000	-26.827200
0.198000	-26.952900
0.199000	-26.952900
0.200000	-26.952900
0.201000	-27.078501
0.202000	-27.267000
0.203000	-27.392700
0.204000	-27.643999
0.205000	-27.706800
0.206000	-27.895300
0.207000	-28.020901
0.208000	-28.397900
0.209000	-28.523600
0.210000	-28.774900
0.211000	-28.900400
0.212000	-29.151899
0.213000	-29.403200
0.214000	-29.591499
0.215000	-29.780001
0.216000	-29.842899
0.217000	-30.031300
0.218000	-30.219801
0.219000	-30.408300
0.220000	-30.408300
0.221000	-30.659599
0.222000	-30.848101
0.223000	-30.973801
0.224000	-31.099400
0.225000	-31.225100
0.226000	-31.287901
0.227000	-31.664900
0.228000	-31.790501
0.229000	-31.916201
0.230000	-32.167500
0.231000	-32.293201
0.232000	-32.418800
0.233000	-32.607300
0.234000	-32.858601
0.235000	-32.984299
0.236000	-33.298401
0.237000	-33.298401
0.238000	-33.424099
0.239000	-33.612499
0.240000	-33.800999
0.241000	-33.926701
0.242000	-33.989498
0.243000	-33.926701
0.244000	-34.052299
0.245000	-34.052299
0.246000	-34.115200
0.247000	-34.178001
0.248000	-34.178001
0.249000	-34.240799
0.250000	-34.303699
0.251000	-34.429298
0.252000	-34.492100
0.253000	-34.555000
0.254000	-34.617802
0.255000	-34.680599
0.256000	-34.806301
0.257000	-34.869099
0.258000	-34.994801
0.259000	-35.057598
0.260000	-35.057598
0.261000	-35.308800
0.262000	-35.434601
0.263000	-35.685902
0.264000	-35.748600
0.265000	-35.874401
0.266000	-36.062698
0.267000	-36.251202
0.268000	-36.439701
0.269000	-36.565399
0.270000	-36.753899
0.271000	-36.942299
0.272000	-37.068001
0.273000	-37.256500
0.274000	-37.445000
0.275000	-37.696301
0.276000	-37.759102
0.277000	-38.010399
0.278000	-38.198898
0.279000	-38.387402
0.280000	-38.575901
0.281000	-38.764400
0.282000	-38.952801
0.283000	-39.078499
0.284000	-39.204201
0.285000	-39.455502
0.286000	-39.581100
0.287000	-39.706799
0.288000	-39.832401
0.289000	-39.832401
0.290000	-40.020901
0.291000	-40.020901
0.292000	-40.335098
0.293000	-40.460701
0.294000	-40.649200
0.295000	-40.712002
0.296000	-40.963299
0.297000	-41.151798
0.298000	-41.214699
0.299000	-41.340302
0.300000	-41.403000
0.301000	-41.528801
0.302000	-41.717300
0.303000	-41.779999
0.304000	-41.905800
0.305000	-42.157101
0.306000	-42.157101
0.307000	-42.408298
0.308000	-42.596802
0.309000	-42.659599
0.310000	-42.848099
0.311000	-42.973701
0.312000	-43.099400
0.313000	-43.225101
0.314000	-43.476398
0.315000	-43.602001
0.316000	-43.727699
0.317000	-43.916199
0.318000	-44.104599
0.319000	-44.293098
0.320000	-44.481602
0.321000	-44.481602
0.322000	-44.795799
0.323000	-44.921398
0.324000	-45.172699
0.325000	-45.361198
0.326000	-45.424000
0.327000	-45.675301
0.328000	-45.675301
0.329000	-45.800999
0.330000	-45.926701
0.331000	-46.178001
0.332000	-46.303600
0.333000	-46.429298
0.334000	-46.743401
0.335000	-46.931900
0.336000	-47.057598
0.337000	-47.183201
0.338000	-47.497398
0.339000	-47.685699
0.340000	-47.937199
0.341000	-48.125500
0.342000	-48.188499
0.343000	-48.376999
0.344000	-48.439800
0.345000	-48.691002
0.346000	-48.879501
0.347000	-49.068001
0.348000	-49.256500
0.349000	-49.382099
0.350000	-49.444901
0.351000	-49.633400
0.352000	-49.696201
0.353000	-49.759102
0.354000	-49.759102
0.355000	-49.821899
0.356000	-49.884701
0.357000	-50.010399
0.358000	-50.073200
0.359000	-50.136002
0.360000	-50.324501
0.361000	-50.324501
0.362000	-50.450199
0.363000	-50.638699
0.364000	-50.764301
0.365000	-50.952801
0.366000	-51.015598
0.367000	-51.266998
0.368000	-51.455399
0.369000	-51.643902
0.370000	-51.895199
0.371000	-52.146500
0.372000	-52.272202
0.373000	-52.586300
0.374000	-52.900501
0.375000	-53.026100
0.376000	-53.277500
0.377000	-53.403099
0.378000	-53.591599
0.379000	-53.905701
0.380000	-53.968601
0.381000	-54.156898
0.382000	-54.282700
0.383000	-54.219898
0.384000	-54.345402
0.385000	-54.408401
0.386000	-54.471199
0.387000	-54.345402
0.388000	-54.471199
0.389000	-54.471199
0.390000	-54.533901
0.391000	-54.596699
0.392000	-54.722500
0.393000	-54.659698
0.394000	-54.722500
0.395000	-54.848202
0.396000	-54.910999
0.397000	-55.036499
0.398000	-55.224998
0.399000	-55.224998
0.400000	-55.476299
0.401000	-55.539200
0.402000	-55.602001
0.403000	-55.853298
0.404000	-56.041801
0.405000	-56.167400
0.406000	-56.230301
0.407000	-56.418800
0.408000	-56.607201
0.409000	-56.670101
0.410000	-56.607201
0.411000	-56.670101
0.412000	-56.858601
0.413000	-56.858601
0.414000	-56.921398
0.415000	-56.984200
0.416000	-56.984200
0.417000	-57.235500
0.418000	-57.298401
0.419000	-57.298401
0.420000	-57.486801
0.421000	-57.675301
0.422000	-57.800999
0.423000	-57.926601
0.424000	-58.052299
0.425000	-58.240799
0.426000	-58.303600
0.427000	-58.429298
0.428000	-58.492100
0.429000	-58.680599
0.430000	-58.743401
0.431000	-58.806198
0.432000	-58.806198
0.433000	-58.931900
0.434000	-59.183201
0.435000	-59.057499
0.436000	-59.183201
0.437000	-59.245998
0.438000	-59.183201
0.439000	-59.183201
0.440000	-59.183201
0.441000	-59.245998
0.442000	-59.183201
0.443000	-59.308899
0.444000	-59.308899
0.445000	-59.308899
0.446000	-59.434502
0.447000	-59.371700
0.448000	-59.371700
0.449000	-59.434502
0.450000	-59.434502
0.451000	-59.560200
0.452000	-59.497299
0.453000	-59.434502
0.454000	-59.497299
0.455000	-59.497299
0.456000	-59.497299
0.457000	-59.434502
0.458000	-59.497299
0.459000	-59.434502
0.460000	-59.497299
0.461000	-59.497299
0.462000	-59.560200
0.463000	-59.623001
0.464000	-59.748600
0.465000	-59.811501
0.466000	-59.874298
0.467000	-59.937099
0.468000	-60.000000
0.469000	-60.188400
0.470000	-60.251301
0.471000	-60.439800
0.472000	-60.439800
0.473000	-60.502602
0.474000	-60.628101
0.475000	-60.753899
0.476000	-60.879601
0.477000	-61.005100
0.478000	-60.942402
0.479000	-61.005100
0.480000	-61.130901
0.481000	-61.193699
0.482000	-61.256401
0.483000	-61.256401
0.484000	-61.256401
0.485000	-61.382198
0.486000	-61.319401
0.487000	-61.382198
0.488000	-61.507702
0.489000	-61.570702
0.490000	-61.507702
0.491000	-61.633400
0.492000	-61.633400
0.493000	-61.696201
0.494000	-61.633400
0.495000	-61.758999
0.496000	-61.821899
0.497000	-61.758999
0.498000	-61.821899
0.499000	-61.758999
0.500000	-61.821899
0.501000	-61.821899
0.502000	-61.758999
0.503000	-61.884701
0.504000	-61.821899
0.505000	-61.884701
0.506000	-61.884701
0.507000	-61.947498
0.508000	-62.073200
0.509000	-62.010399
0.510000	-62.010399
0.511000	-62.073200
0.512000	-62.010399
0.513000	-62.136002
0.514000	-62.073200
0.515000	-62.010399
0.516000	-62.073200
0.517000	-62.198799
0.518000	-62.136002
0.519000	-62.261700
0.520000	-62.324501
0.521000	-62.387299
0.522000	-62.324501
0.523000	-62.387299
0.524000	-62.513000
0.525000	-62.638599
0.526000	-62.638599
0.527000	-62.701500
0.528000	-62.889999
0.529000	-62.952801
0.530000	-63.078400
0.531000	-63.141300
0.532000	-63.329800
0.533000	-63.329800
0.534000	-63.518200
0.535000	-63.581100
0.536000	-63.706699
0.537000	-63.769501
0.538000	-63.769501
0.539000	-63.832401
0.540000	-63.958000
0.541000	-64.083702
0.542000	-64.083702
0.543000	-64.083702
0.544000	-64.146500
0.545000	-64.146500
0.546000	-64.209297
0.547000	-64.209297
0.548000	-64.209297
0.549000	-64.209297
0.550000	-64.146500
0.551000	-64.209297
0.552000	-64.334999
0.553000	-64.209297
0.554000	-64.272202
0.555000	-64.209297
0.556000	-64.334999
0.557000	-64.334999
0.558000	-64.334999
0.559000	-64.334999
0.560000	-64.397797
0.561000	-64.523499
0.562000	-64.586304
0.563000	-64.649101
0.564000	-64.649101
0.565000	-64.774803
0.566000	-64.837601
0.567000	-64.837601
0.568000	-64.900497
0.569000	-64.837601
0.570000	-64.837601
0.571000	-64.774803
0.572000	-64.711998
0.573000	-64.774803
0.574000	-64.774803
0.575000	-64.586304
0.576000	-64.523499
0.577000	-64.649101
0.578000	-64.523499
0.579000	-64.523499
0.580000	-64.397797
0.581000	-64.523499
0.582000	-64.460701
0.583000	-64.460701
0.584000	-64.586304
0.585000	-64.586304
0.586000	-64.711998
0.587000	-64.711998
0.588000	-64.837601
0.589000	-64.963303
0.590000	-65.026100
0.591000	-65.277397
0.592000	-65.465897
0.593000	-65.528702
0.594000	-65.779999
0.595000	-65.842903
0.596000	-66.094200
0.597000	-66.282700
0.598000	-66.408302
0.599000	-66.471199
0.600000	-66.596802
0.601000	-66.848099
0.602000	-67.036598
0.603000	-67.036598
0.604000	-67.162300
0.605000	-67.225098
0.606000	-67.350800
0.607000	-67.476303
0.608000	-67.602097
0.609000	-67.539101
0.610000	-67.602097
0.611000	-67.727600
0.612000	-67.790398
0.613000	-67.727600
0.614000	-67.853401
0.615000	-67.853401
0.616000	-67.790398
0.617000	-67.853401
0.618000	-67.790398
0.619000	-67.790398
0.620000	-67.790398
0.621000	-67.853401
0.622000	-67.790398
0.623000	-67.727600
0.624000	-67.790398
0.625000	-67.727600
0.626000	-67.790398
0.627000	-67.727600
0.628000	-67.727600
0.629000	-67.790398
0.630000	-67.727600
0.631000	-67.664902
0.632000	-67.727600
0.633000	-67.727600
0.634000	-67.853401
0.635000	-67.916100
0.636000	-67.916100
0.637000	-68.104599
0.638000	-68.167397
0.639000	-68.230202
0.640000	-68.355904
0.641000	-68.481598
0.642000	-68.544403
0.643000	-68.669998
0.644000	-68.795700
0.645000	-68.858498
0.646000	-69.109802
0.647000	-69.172699
0.648000	-69.298302
0.649000	-69.486801
0.650000	-69.549599
0.651000	-69.675301
0.652000	-69.800903
0.653000	-69.926598
0.654000	-70.052299
0.655000	-70.115097
0.656000	-70.115097
0.657000	-70.240700
0.658000	-70.366402
0.659000	-70.366402
0.660000	-70.366402
0.661000	-70.492104
0.662000	-70.554901
0.663000	-70.617699
0.664000	-70.617699
0.665000	-70.617699
0.666000	-70.617699
0.667000	-70.743401
0.668000	-70.743401
0.669000	-70.743401
0.670000	-70.680496
0.671000	-70.680496
0.672000	-70.680496
0.673000	-70.743401
0.674000	-70.869003
0.675000	-70.931900
0.676000	-70.994698
0.677000	-71.057503
0.678000	-71.183197
0.679000	-71.246002
0.680000	-71.308800
0.681000	-71.308800
0.682000	-71.434502
0.683000	-71.497299
0.684000	-71.560097
0.685000	-71.246002
0.686000	-71.183197
0.687000	-71.308800
0.688000	-71.308800
0.689000	-71.560097
0.690000	-71.434502
0.691000	-71.308800
0.692000	-71.371696
0.693000	-71.434502
0.694000	-71.371696
0.695000	-71.120300
0.696000	-70.743401
0.697000	-70.554901
0.698000	-70.303596
0.699000	-70.617699
0.700000	-71.183197
0.701000	-70.680496
0.702000	-69.549599
0.703000	-68.795700
0.704000	-68.921402
0.705000	-68.481598
0.706000	-68.041901
0.707000	-67.664902
0.708000	-67.916100
0.709000	-67.727600
0.710000	-67.036598
0.711000	-66.533997
0.712000	-66.973801
0.713000	-67.287804
0.714000	-67.099297
0.715000	-66.785301
0.716000	-67.287804
0.717000	-68.041901
0.718000	-68.293098
0.719000	-68.795700
0.720000	-69.486801
0.721000	-68.418701
0.722000	-68.104599
0.723000	-69.612503
0.724000	-70.115097
0.725000	-70.492104
0.726000	-69.926598
0.727000	-70.303596
0.728000	-70.931900
0.729000	-70.366402
0.730000	-70.554901
0.731000	-70.366402
0.732000	-70.617699
0.733000	-70.554901
0.734000	-69.612503
0.735000	-69.424004
0.736000	-69.486801
0.737000	-70.052299
0.738000	-69.926598
0.739000	-69.549599
0.740000	-69.298302
0.741000	-68.858498
0.742000	-69.738098
0.743000	-70.240700
0.744000	-70.429199
0.745000	-69.989403
0.746000	-70.177902
0.747000	-70.052299
0.748000	-70.617699
0.749000	-69.800903
0.750000	-69.109802
0.751000	-69.235497
0.752000	-69.046997
0.753000	-68.669998
0.754000	-68.167397
0.755000	-67.225098
0.756000	-66.596802
0.757000	-65.717201
0.758000	-64.774803
0.759000	-63.958000
0.760000	-63.329800
0.761000	-63.204102
0.762000	-62.952801
0.763000	-62.198799
0.764000	-59.371700
0.765000	-58.429298
0.766000	-60.125599
0.767000	-60.628101
0.768000	-60.188400
0.769000	-59.057499
0.770000	-58.806198
0.771000	-60.188400
0.772000	-59.057499
0.773000	-57.235500
0.774000	-56.795700
0.775000	-57.109901
0.776000	-57.298401
0.777000	-55.727600
0.778000	-53.654400
0.779000	-53.089001
0.780000	-53.277500
0.781000	-53.277500
0.782000	-52.586300
0.783000	-52.020901
0.784000	-51.958099
0.785000	-52.083698
0.786000	-52.586300
0.787000	-53.591599
0.788000	-54.722500
0.789000	-56.418800
0.790000	-57.235500
0.791000	-58.994701
0.792000	-60.251301
0.793000	-61.067902
0.794000	-61.947498
0.795000	-62.513000
0.796000	-63.518200
0.797000	-64.272202
0.798000	-64.649101
0.799000	-64.711998
0.800000	-64.963303
0.801000	-64.586304
0.802000	-64.083702
0.803000	-63.581100
0.804000	-63.643902
0.805000	-63.958000
0.806000	-63.518200
0.807000	-62.701500
0.808000	-61.884701
0.809000	-61.193699
0.810000	-60.879601
0.811000	-60.691101
0.812000	-60.691101
0.813000	-59.937099
0.814000	-58.743401
0.815000	-57.486801
0.816000	-57.109901
0.817000	-56.670101
0.818000	-56.104599
0.819000	-55.099499
0.820000	-54.345402
0.821000	-54.094200
0.822000	-54.219898
0.823000	-52.963299
0.824000	-51.832401
0.825000	-49.696201
0.826000	-49.005100
0.827000	-49.570599
0.828000	-49.005100
0.829000	-49.005100
0.830000	-48.000000
0.831000	-47.434502
0.832000	-46.052299
0.833000	-44.670101
0.834000	-43.790501
0.835000	-43.539200
0.836000	-43.162201
0.837000	-42.471100
0.838000	-41.277500
0.839000	-40.963299
0.840000	-40.900501
0.841000	-40.963299
0.842000	-41.591499
0.843000	-41.905800
0.844000	-40.209400
0.845000	-37.696301
0.846000	-35.057598
0.847000	-31.916201
0.848000	-30.157000
0.849000	-28.837601
0.850000	-28.020901
0.851000	-29.528700
0.852000	-30.910900
0.853000	-31.916201
0.854000	-31.539200
0.855000	-30.596800
0.856000	-29.088900
0.857000	-27.706800
0.858000	-26.324600
0.859000	-24.691099
0.860000	-22.680700
0.861000	-19.853399
0.862000	-16.963301
0.863000	-14.073300
0.864000	-11.120400
0.865000	-7.790580
0.866000	-5.026240
0.867000	-2.198970
0.868000	-0.502585
0.869000	0.565505
0.870000	1.256590
0.871000	2.324550
0.872000	3.204140
0.873000	3.895230
0.874000	4.397940
0.875000	5.277530
0.876000	6.157120
0.877000	7.225080
0.878000	8.104670
0.879000	8.921460
0.880000	9.298470
0.881000	8.984250
0.882000	9.109960
0.883000	9.361260
0.884000	9.486840
0.885000	11.811500
0.886000	12.376900
0.887000	12.628300
0.888000	14.324600
0.889000	13.822000
0.890000	13.570700
0.891000	15.581200
0.892000	14.324600
0.893000	15.644000
0.894000	14.513100
0.895000	14.827200
0.896000	14.513100
0.897000	13.193700
0.898000	12.502600
0.899000	10.178100
0.900000	8.355960
0.901000	7.162290
0.902000	5.780110
0.903000	3.643930
0.904000	1.507880
0.905000	-1.005300
0.906000	-2.513050
0.907000	-3.769640
0.908000	-4.774820
0.909000	-5.654400
0.910000	-6.848200
0.911000	-7.350790
0.912000	-8.041880
0.913000	-9.424050
0.914000	-10.429300
0.915000	-11.434500
0.916000	-12.125600
0.917000	-12.691100
0.918000	-13.319400
0.919000	-13.633500
0.920000	-13.696300
0.921000	-13.759200
0.922000	-14.073300
0.923000	-14.073300
0.924000	-14.010500
0.925000	-13.696300
0.926000	-13.193700
0.927000	-12.502600
0.928000	-11.685800
0.929000	-11.057600
0.930000	-10.492100
0.931000	-9.989550
0.932000	-9.361260
0.933000	-8.670170
0.934000	-8.167590
0.935000	-7.916160
0.936000	-7.225080
0.937000	-6.848200
0.938000	-6.345490
0.939000	-5.968620
0.940000	-5.780110
0.941000	-5.654400
0.942000	-5.654400
0.943000	-5.591610
0.944000	-5.465900
0.945000	-5.717320
0.946000	-5.717320
0.947000	-5.905700
0.948000	-5.905700
0.949000	-6.031410
0.950000	-6.471200
0.951000	-6.659700
0.952000	-6.848200
0.953000	-6.659700
0.954000	-6.533990
0.955000	-7.288000
0.956000	-7.602080
0.957000	-7.853370
0.958000	-7.790580
0.959000	-7.664870
0.960000	-8.041880
0.961000	-8.104670
0.962000	-8.481670
0.963000	-8.481670
0.964000	-8.481670
0.965000	-8.795750
0.966000	-8.984250
0.967000	-9.361260
0.968000	-9.675340
0.969000	-9.926630
0.970000	-10.052300
0.971000	-10.052300
0.972000	-10.115100
0.973000	-10.743400
0.974000	-10.931900
0.975000	-11.183200
0.976000	-11.308900
0.977000	-11.434500
0.978000	-11.748700
0.979000	-12.125600
0.980000	-12.314100
0.981000	-12.628300
0.982000	-12.628300
0.983000	-13.005200
0.984000	-13.633500
0.985000	-14.450300
0.986000	-15.329900
0.987000	-15.769700
0.988000	-16.523500
0.989000	-17.654400
0.990000	-18.848101
0.991000	-20.230400
0.992000	-20.795799
0.993000	-21.298401
0.994000	-21.801100
0.995000	-21.989401
0.996000	-21.926701
0.997000	-21.612600
0.998000	-21.235600
0.999000	-21.047100
1.000000	-20.481701
1.001000	-20.104700
1.002000	-19.036600
1.003000	-17.905701
1.004000	-17.214600
1.005000	-16.397800
1.006000	-15.895200
1.007000	-15.078600
1.008000	-14.450300
1.009000	-13.947600
1.010000	-12.942400
1.011000	-12.628300
1.012000	-12.000000
1.013000	-11.811500
1.014000	-11.874300
1.015000	-12.125600
1.016000	-12.691100
1.017000	-13.445000
1.018000	-13.822000
1.019000	-14.324600
1.020000	-15.078600
1.021000	-15.769700
1.022000	-16.712000
1.023000	-17.528700
1.024000	-18.722500
1.025000	-19.539200
1.026000	-19.979000
1.027000	-20.293200
1.028000	-20.607300
1.029000	-20.984301
1.030000	-21.612600
1.031000	-21.801100
1.032000	-22.555000
1.033000	-22.806200
1.034000	-23.246000
1.035000	-23.246000
1.036000	-23.308800
1.037000	-23.622999
1.038000	-23.748600
1.039000	-21.361300
1.040000	-21.361300
1.041000	-22.303699
1.042000	-20.230400
1.043000	-19.853399
1.044000	-20.230400
1.045000	-20.104700
1.046000	-20.795799
1.047000	-21.172800
1.048000	-20.356001
1.049000	-20.356001
1.050000	-20.921499
1.051000	-21.047100
1.052000	-20.670200
1.053000	-21.110001
1.054000	-21.486900
1.055000	-21.738199
1.056000	-21.738199
1.057000	-21.486900
1.058000	-21.235600
1.059000	-21.424101
1.060000	-21.486900
1.061000	-21.863899
1.062000	-22.115200
1.063000	-21.989401
1.064000	-21.989401
1.065000	-22.052401
1.066000	-22.366400
1.067000	-22.555000
1.068000	-22.617701
1.069000	-23.057501
1.070000	-23.622999
1.071000	-23.999901
1.072000	-24.251301
1.073000	-24.502600
1.074000	-24.628201
1.075000	-24.816700
1.076000	-24.816700
1.077000	-24.691099
1.078000	-24.565399
1.079000	-24.188400
1.080000	-23.560101
1.081000	-23.057501
1.082000	-22.492201
1.083000	-21.549700
1.084000	-20.795799
1.085000	-20.104700
1.086000	-19.225100
1.087000	-18.219900
1.088000	-16.963301
1.089000	-15.895200
1.090000	-14.890100
1.091000	-13.884800
1.092000	-12.879600
1.093000	-11.937100
1.094000	-11.057600
1.095000	-10.052300
1.096000	-9.549760
1.097000	-9.047170
1.098000	-8.544460
1.099000	-8.104670
1.100000	-7.727790
1.101000	-7.413580
1.102000	-7.225080
1.103000	-6.910990
1.104000	-6.722490
1.105000	-6.596910
1.106000	-6.471200
1.107000	-6.157120
1.108000	-5.968620
1.109000	-5.905700
1.110000	-5.654400
1.111000	-5.654400
1.112000	-5.654400
1.113000	-5.654400
1.114000	-5.780110
1.115000	-5.780110
1.116000	-5.842900
1.117000	-5.654400
1.118000	-5.717320
1.119000	-5.654400
1.120000	-5.465900
1.121000	-5.277530
1.122000	-4.900530
1.123000	-4.712020
1.124000	-4.460730
1.125000	-4.020940
1.126000	-3.581140
1.127000	-3.141350
1.128000	-2.952850
1.129000	-2.513050
1.130000	-2.073260
1.131000	-1.696390
1.132000	-1.256590
1.133000	-0.691087
1.134000	-0.188502
1.135000	0.314083
1.136000	0.942379
1.137000	1.696390
1.138000	2.324550
1.139000	3.015770
1.140000	3.392640
1.141000	4.209440
1.142000	4.900530
1.143000	5.340320
1.144000	6.031410
1.145000	6.471200
1.146000	7.099500
1.147000	7.727790
1.148000	8.355960
1.149000	8.858670
1.150000	9.361260
1.151000	9.801050
1.152000	10.303600
1.153000	10.680600
1.154000	11.057600
1.155000	11.497300
1.156000	12.188500
1.157000	12.753900
1.158000	13.445000
1.159000	14.073300
1.160000	14.575900
1.161000	14.827200
1.162000	15.078600
1.163000	15.392700
1.164000	15.581200
1.165000	15.832500
1.166000	16.083799
1.167000	16.083799
1.168000	16.272301
1.169000	16.272301
1.170000	16.272301
1.171000	15.958000
1.172000	16.021000
1.173000	17.591600
1.174000	17.403099
1.175000	17.151800
1.176000	17.591600
1.177000	18.596800
1.178000	17.968500
1.179000	19.790600
1.180000	20.858601
1.181000	21.424101
1.182000	22.177900
1.183000	23.497299
1.184000	24.251301
1.185000	25.130899
1.186000	25.319300
1.187000	25.256500
1.188000	25.633499
1.189000	26.324600
1.190000	26.513100
1.191000	26.575899
1.192000	26.638700
1.193000	26.764400
1.194000	27.015699
1.195000	26.889999
1.196000	26.952900
1.197000	26.701599
1.198000	26.638700
1.199000	26.261801
1.200000	26.010401
1.201000	25.822001
1.202000	25.319300
1.203000	24.628201
1.204000	24.376900
1.205000	23.937099
1.206000	23.811501
1.207000	23.183201
1.208000	22.680700
1.209000	22.240900
1.210000	21.738199
1.211000	21.675400
1.212000	21.172800
1.213000	20.921499
1.214000	20.607300
1.215000	20.418800
1.216000	20.481701
1.217000	20.481701
1.218000	20.167500
1.219000	20.356001
1.220000	20.418800
1.221000	20.607300
1.222000	20.921499
1.223000	21.047100
1.224000	21.235600
1.225000	21.549700
1.226000	21.675400
1.227000	21.801100
1.228000	21.863899
1.229000	22.052401
1.230000	22.366400
1.231000	22.240900
1.232000	22.806200
1.233000	22.806200
1.234000	22.743500
1.235000	22.868999
1.236000	23.120501
1.237000	23.308800
1.238000	23.434500
1.239000	23.308800
1.240000	22.931999
1.241000	22.743500
1.242000	22.366400
1.243000	21.989401
1.244000	21.549700
1.245000	21.110001
1.246000	20.607300
1.247000	20.293200
1.248000	19.790600
1.249000	19.350800
1.250000	18.910999
1.251000	18.408300
1.252000	18.094200
1.253000	17.780100
1.254000	17.403099
1.255000	17.089001
1.256000	16.712000
1.257000	16.209499
1.258000	15.832500
1.259000	15.455500
1.260000	15.267000
1.261000	14.952900
1.262000	14.575900
1.263000	14.387400
1.264000	13.884800
1.265000	13.445000
1.266000	12.942400
1.267000	12.314100
1.268000	11.748700
1.269000	11.183200
1.270000	10.680600
1.271000	10.178100
1.272000	9.424050
1.273000	8.732960
1.274000	8.293170
1.275000	7.979080
1.276000	7.664870
1.277000	7.225080
1.278000	6.722490
1.279000	6.219910
1.280000	5.905700
1.281000	5.528820
1.282000	5.089030
1.283000	4.712020
1.284000	4.272230
1.285000	4.146650
1.286000	3.895230
1.287000	3.643930
1.288000	3.455430
1.289000	3.204140
1.290000	3.015770
1.291000	3.015770
1.292000	2.890060
1.293000	2.638760
1.294000	2.513050
1.295000	2.324550
1.296000	2.324550
1.297000	2.136180
1.298000	2.010470
1.299000	1.821970
1.300000	1.633470
1.301000	1.507880
1.302000	1.256590
1.303000	1.005300
1.304000	0.628296
1.305000	0.188502
1.306000	-0.377003
1.307000	-0.942379
1.308000	-1.319380
1.309000	-1.759180
1.310000	-2.073260
1.311000	-2.450260
1.312000	-2.764350
1.313000	-2.952850
1.314000	-3.141350
1.315000	-3.392640
1.316000	-3.581140
1.317000	-3.958150
1.318000	-4.146650
1.319000	-4.335020
1.320000	-4.649230
1.321000	-4.712020
1.322000	-5.026240
1.323000	-5.277530
1.324000	-5.528820
1.325000	-5.780110
1.326000	-6.157120
1.327000	-6.471200
1.328000	-6.973790
1.329000	-8.041880
1.330000	-9.109960
1.331000	-10.178100
1.332000	-11.308900
1.333000	-12.942400
1.334000	-14.827200
1.335000	-16.523500
1.336000	-18.094200
1.337000	-19.225100
1.338000	-20.104700
1.339000	-20.795799
1.340000	-21.612600
1.341000	-22.052401
1.342000	-22.115200
1.343000	-22.115200
1.344000	-22.240900
1.345000	-22.303699
1.346000	-21.926701
1.347000	-21.424101
1.348000	-20.984301
1.349000	-20.418800
1.350000	-19.790600
1.351000	-18.848101
1.352000	-18.157000
1.353000	-17.465900
1.354000	-16.649300
1.355000	-16.083799
1.356000	-15.769700
1.357000	-15.267000
1.358000	-14.827200
1.359000	-14.513100
1.360000	-14.324600
1.361000	-14.199000
1.362000	-14.199000
1.363000	-13.884800
1.364000	-13.822000
1.365000	-13.696300
1.366000	-13.696300
1.367000	-13.696300
1.368000	-14.073300
1.369000	-14.324600
1.370000	-14.638800
1.371000	-14.952900
1.372000	-15.267000
1.373000	-15.769700
1.374000	-16.460800
1.375000	-16.963301
1.376000	-17.591600
1.377000	-18.094200
1.378000	-18.785299
1.379000	-19.413601
1.380000	-20.041901
1.381000	-20.670200
1.382000	-21.298401
1.383000	-21.801100
1.384000	-22.492201
1.385000	-22.994699
1.386000	-23.371700
1.387000	-23.560101
1.388000	-23.874300
1.389000	-24.062799
1.390000	-24.125601
1.391000	-23.999901
1.392000	-23.811501
1.393000	-23.497299
1.394000	-23.120501
1.395000	-22.617701
1.396000	-22.052401
1.397000	-21.486900
1.398000	-20.733000
1.399000	-20.104700
1.400000	-19.350800
1.401000	-18.596800
1.402000	-17.842899
1.403000	-17.089001
1.404000	-16.334999
1.405000	-15.644000
1.406000	-15.015700
1.407000	-14.450300
1.408000	-13.822000
1.409000	-13.319400
1.410000	-12.879600
1.411000	-12.565400
1.412000	-12.251300
1.413000	-12.062800
1.414000	-11.811500
1.415000	-11.811500
1.416000	-11.685800
1.417000	-11.685800
1.418000	-11.748700
1.419000	-11.685800
1.420000	-11.748700
1.421000	-11.937100
1.422000	-11.937100
1.423000	-12.251300
1.424000	-12.314100
1.425000	-12.565400
1.426000	-12.691100
1.427000	-12.942400
1.428000	-13.068100
1.429000	-13.193700
1.430000	-13.193700
1.431000	-13.193700
1.432000	-13.256500
1.433000	-13.256500
1.434000	-13.193700
1.435000	-12.942400
1.436000	-12.816700
1.437000	-12.565400
1.438000	-12.251300
1.439000	-11.874300
1.440000	-11.497300
1.441000	-11.120400
1.442000	-10.554900
1.443000	-10.052300
1.444000	-9.424050
1.445000	-8.858670
1.446000	-8.293170
1.447000	-7.664870
1.448000	-7.099500
1.449000	-6.533990
1.450000	-5.968620
1.451000	-5.403110
1.452000	-4.963320
1.453000	-4.586440
1.454000	-4.020940
1.455000	-3.581140
1.456000	-3.267060
1.457000	-2.952850
1.458000	-2.701560
1.459000	-2.387470
1.460000	-2.136180
1.461000	-2.010470
1.462000	-1.759180
1.463000	-1.570670
1.464000	-1.256590
1.465000	-1.130880
1.466000	-0.879588
1.467000	-0.816797
1.468000	-0.691087
1.469000	-0.502585
1.470000	-0.377003
1.471000	-0.188502
1.472000	-0.125711
1.473000	-0.062791
1.474000	-0.125711
1.475000	-0.062791
1.476000	0.000000
1.477000	0.125711
1.478000	0.251293
1.479000	0.377003
1.480000	0.439794
1.481000	0.628296
1.482000	0.816797
1.483000	0.879588
1.484000	1.130880
1.485000	1.256590
1.486000	1.382170
1.487000	1.570670
1.488000	1.696390
1.489000	1.821970
1.490000	2.010470
1.491000	2.136180
1.492000	2.261760
1.493000	2.450260
1.494000	2.764350
1.495000	3.015770
1.496000	3.329850
1.497000	3.518350
1.498000	3.769640
1.499000	4.146650
1.500000	4.397940
1.501000	4.900530
1.502000	5.340320
1.503000	5.780110
1.504000	6.094200
1.505000	6.471200
1.506000	6.533990
1.507000	7.036700
1.508000	7.539290
1.509000	7.727790
1.510000	8.104670
1.511000	8.230380
1.512000	8.418880
1.513000	8.607380
1.514000	8.607380
1.515000	8.670170
1.516000	8.607380
1.517000	8.544460
1.518000	8.293170
1.519000	8.167590
1.520000	7.853370
1.521000	7.790580
1.522000	7.539290
1.523000	7.539290
1.524000	7.476370
1.525000	7.539290
1.526000	7.476370
1.527000	7.413580
1.528000	7.413580
1.529000	7.413580
1.530000	7.350790
1.531000	7.288000
1.532000	7.288000
1.533000	7.225080
1.534000	7.099500
1.535000	7.162290
1.536000	7.099500
1.537000	6.973790
1.538000	6.785280
1.539000	6.785280
1.540000	6.659700
1.541000	6.596910
1.542000	6.471200
1.543000	6.282700
1.544000	6.031410
1.545000	5.968620
1.546000	5.842900
1.547000	5.842900
1.548000	5.654400
1.549000	5.654400
1.550000	5.528820
1.551000	5.528820
1.552000	5.403110
1.553000	5.403110
1.554000	5.214610
1.555000	5.214610
1.556000	5.214610
1.557000	4.963320
1.558000	4.837730
1.559000	4.774820
1.560000	4.712020
1.561000	4.649230
1.562000	4.586440
1.563000	4.460730
1.564000	4.523520
1.565000	4.335020
1.566000	4.460730
1.567000	4.397940
1.568000	4.335020
1.569000	4.272230
1.570000	4.272230
1.571000	4.272230
1.572000	4.146650
1.573000	4.146650
1.574000	4.020940
1.575000	3.895230
1.576000	3.832440
1.577000	3.832440
1.578000	3.643930
1.579000	3.581140
1.580000	3.455430
1.581000	3.392640
1.582000	3.204140
1.583000	3.015770
1.584000	2.952850
1.585000	2.701560
1.586000	2.513050
1.587000	2.387470
1.588000	2.136180
1.589000	2.010470
1.590000	1.759180
1.591000	1.633470
1.592000	1.633470
1.593000	1.570670
1.594000	1.444960
1.595000	1.382170
1.596000	1.319380
1.597000	1.256590
1.598000	1.256590
1.599000	1.130880
1.600000	1.068090
1.601000	1.005300
1.602000	0.816797
1.603000	0.879588
1.604000	0.691087
1.605000	0.628296
1.606000	0.502585
1.607000	0.251293
1.608000	0.251293
1.609000	0.062791
1.610000	-0.062791
1.611000	-0.125711
1.612000	-0.251293
1.613000	-0.314083
1.614000	-0.377003
1.615000	-0.377003
1.616000	-0.439794
1.617000	-0.439794
1.618000	-0.439794
1.619000	-0.439794
1.620000	-0.502585
1.621000	-0.439794
1.622000	-0.439794
1.623000	-0.439794
1.624000	-0.439794
1.625000	-0.439794
1.626000	-0.565505
1.627000	-0.753878
1.628000	-0.879588
1.629000	-1.068090
1.630000	-1.193670
1.631000	-1.382170
1.632000	-1.570670
1.633000	-1.696390
1.634000	-1.947680
1.635000	-2.261760
1.636000	-2.450260
1.637000	-2.764350
1.638000	-3.015770
1.639000	-3.267060
1.640000	-3.518350
1.641000	-3.769640
1.642000	-3.832440
1.643000	-3.958150
1.644000	-4.146650
1.645000	-4.146650
1.646000	-4.272230
1.647000	-4.649230
1.648000	-4.649230
1.649000	-4.523520
1.650000	-4.586440
1.651000	-4.712020
1.652000	-4.900530
1.653000	-5.026240
1.654000	-5.089030
1.655000	-5.151820
1.656000	-5.089030
1.657000	-5.089030
1.658000	-5.089030
1.659000	-4.837730
1.660000	-4.649230
1.661000	-4.523520
1.662000	-4.397940
1.663000	-4.209440
1.664000	-3.895230
1.665000	-3.769640
1.666000	-3.455430
1.667000	-3.329850
1.668000	-3.204140
1.669000	-3.015770
1.670000	-2.827270
1.671000	-2.701560
1.672000	-2.638760
1.673000	-2.575970
1.674000	-2.387470
1.675000	-2.513050
1.676000	-2.198970
1.677000	-2.198970
1.678000	-2.136180
1.679000	-2.136180
1.680000	-2.010470
1.681000	-2.010470
1.682000	-1.947680
1.683000	-1.884760
1.684000	-1.884760
1.685000	-1.821970
1.686000	-1.759180
1.687000	-1.759180
1.688000	-1.821970
1.689000	-1.759180
1.690000	-1.759180
1.691000	-1.759180
1.692000	-1.696390
1.693000	-1.696390
1.694000	-1.759180
1.695000	-1.759180
1.696000	-1.633470
1.697000	-1.759180
1.698000	-1.759180
1.699000	-1.821970
1.700000	-1.821970
1.701000	-1.884760
1.702000	-1.884760
1.703000	-1.884760
1.704000	-1.884760
1.705000	-1.884760
1.706000	-1.821970
1.707000	-1.884760
1.708000	-1.821970
1.709000	-1.696390
1.710000	-1.696390
1.711000	-1.633470
1.712000	-1.696390
1.713000	-1.633470
1.714000	-1.570670
1.715000	-1.444960
1.716000	-1.319380
1.717000	-1.319380
1.718000	-1.256590
1.719000	-1.193670
1.720000	-1.068090
1.721000	-1.005300
1.722000	-0.816797
1.723000	-0.816797
1.724000	-0.879588
1.725000	-0.691087
1.726000	-0.565505
1.727000	-0.565505
1.728000	-0.565505
1.729000	-0.502585
1.730000	-0.439794
1.731000	-0.439794
1.732000	-0.377003
1.733000	-0.377003
1.734000	-0.439794
1.735000	-0.314083
1.736000	-0.377003
1.737000	-0.314083
1.738000	-0.251293
1.739000	-0.314083
1.740000	-0.314083
1.741000	-0.377003
1.742000	-0.314083
1.743000	-0.502585
1.744000	-0.439794
1.745000	-0.502585
1.746000	-0.565505
1.747000	-0.691087
1.748000	-0.691087
1.749000	-0.816797
1.750000	-0.942379
1.751000	-1.130880
1.752000	-1.256590
1.753000	-1.444960
1.754000	-1.570670
1.755000	-1.696390
1.756000	-1.884760
1.757000	-2.010470
1.758000	-2.136180
1.759000	-2.261760
1.760000	-2.324550
1.761000	-2.575970
1.762000	-2.701560
1.763000	-2.701560
1.764000	-2.764350
1.765000	-2.827270
1.766000	-2.827270
1.767000	-2.827270
1.768000	-2.764350
1.769000	-2.638760
1.770000	-2.575970
1.771000	-2.575970
1.772000	-2.387470
1.773000	-2.387470
1.774000	-2.261760
1.775000	-2.261760
1.776000	-2.136180
1.777000	-2.073260
1.778000	-2.010470
1.779000	-1.884760
1.780000	-1.821970
1.781000	-1.759180
1.782000	-1.633470
1.783000	-1.570670
1.784000	-1.507880
1.785000	-1.507880
1.786000	-1.382170
1.787000	-1.319380
1.788000	-1.256590
1.789000	-1.256590
1.790000	-1.193670
1.791000	-1.256590
1.792000	-1.130880
1.793000	-1.130880
1.794000	-1.130880
1.795000	-1.130880
1.796000	-1.193670
1.797000	-1.193670
1.798000	-1.256590
1.799000	-1.193670
1.800000	-1.319380
1.801000	-1.444960
1.802000	-1.444960
1.803000	-1.507880
1.804000	-1.633470
1.805000	-1.759180
1.806000	-1.821970
1.807000	-2.010470
1.808000	-2.136180
1.809000	-2.198970
1.810000	-2.387470
1.811000	-2.575970
1.812000	-2.701560
1.813000	-2.764350
1.814000	-2.827270
1.815000	-2.952850
1.816000	-2.952850
1.817000	-3.141350
1.818000	-3.204140
1.819000	-3.329850
1.820000	-3.329850
1.821000	-3.392640
1.822000	-3.329850
1.823000	-3.518350
1.824000	-3.518350
1.825000	-3.455430
1.826000	-3.392640
1.827000	-3.455430
1.828000	-3.267060
1.829000	-3.141350
1.830000	-3.204140
1.831000	-3.078560
1.832000	-3.015770
1.833000	-2.890060
1.834000	-2.952850
1.835000	-2.764350
1.836000	-2.701560
1.837000	-2.638760
1.838000	-2.575970
1.839000	-2.450260
1.840000	-2.387470
1.841000	-2.324550
1.842000	-2.198970
1.843000	-2.136180
1.844000	-2.073260
1.845000	-2.073260
1.846000	-2.010470
1.847000	-1.947680
1.848000	-1.947680
1.849000	-1.821970
1.850000	-1.884760
1.851000	-1.759180
1.852000	-1.821970
1.853000	-1.759180
1.854000	-1.759180
1.855000	-1.759180
1.856000	-1.696390
1.857000	-1.821970
1.858000	-1.759180
1.859000	-1.821970
1.860000	-1.821970
1.861000	-1.821970
1.862000	-1.821970
1.863000	-1.947680
1.864000	-1.947680
1.865000	-1.947680
1.866000	-2.010470
1.867000	-2.073260
1.868000	-2.136180
1.869000	-2.073260
1.870000	-2.136180
1.871000	-2.198970
1.872000	-2.136180
1.873000	-2.136180
1.874000	-2.198970
1.875000	-2.136180
1.876000	-2.136180
1.877000	-2.136180
1.878000	-2.136180
1.879000	-2.010470
1.880000	-1.947680
1.881000	-1.884760
1.882000	-1.947680
1.883000	-1.884760
1.884000	-1.947680
1.885000	-1.821970
1.886000	-1.696390
1.887000	-1.696390
1.888000	-1.696390
1.889000	-1.696390
1.890000	-1.633470
1.891000	-1.696390
1.892000	-1.570670
1.893000	-1.444960
1.894000	-1.507880
1.895000	-1.444960
1.896000	-1.444960
1.897000	-1.382170
1.898000	-1.319380
1.899000	-1.256590
1.900000	-1.256590
1.901000	-1.256590
1.902000	-1.130880
1.903000	-1.068090
1.904000	-1.130880
1.905000	-1.068090
1.906000	-1.005300
1.907000	-1.068090
1.908000	-1.068090
1.909000	-0.942379
1.910000	-0.942379
1.911000	-1.005300
1.912000	-1.130880
1.913000	-1.068090
1.914000	-1.130880
1.915000	-1.130880
1.916000	-1.130880
1.917000	-1.193670
1.918000	-1.256590
1.919000	-1.193670
1.920000	-1.256590
1.921000	-1.256590
1.922000	-1.319380
1.923000	-1.256590
1.924000	-1.444960
1.925000	-1.444960
1.926000	-1.444960
1.927000	-1.444960
1.928000	-1.570670
1.929000	-1.570670
1.930000	-1.633470
1.931000	-1.696390
1.932000	-1.821970
1.933000	-1.759180
1.934000	-1.884760
1.935000	-1.884760
1.936000	-1.884760
1.937000	-1.884760
1.938000	-1.884760
1.939000	-1.947680
1.940000	-2.010470
1.941000	-2.010470
1.942000	-1.947680
1.943000	-2.010470
1.944000	-1.947680
1.945000	-2.010470
1.946000	-2.010470
1.947000	-1.947680
1.948000	-1.884760
1.949000	-1.884760
1.950000	-1.821970
1.951000	-1.884760
1.952000	-1.884760
1.953000	-1.759180
1.954000	-1.821970
1.955000	-1.759180
1.956000	-1.759180
1.957000	-1.759180
1.958000	-1.759180
1.959000	-1.759180
1.960000	-1.759180
1.961000	-1.759180
1.962000	-1.696390
1.963000	-1.759180
1.964000	-1.696390
1.965000	-1.759180
1.966000	-1.759180
1.967000	-1.821970
1.968000	-1.821970
1.969000	-1.821970
1.970000	-1.884760
1.971000	-1.884760
1.972000	-1.947680
1.973000	-2.010470
1.974000	-2.136180
1.975000	-2.073260
1.976000	-2.261760
1.977000	-2.324550
1.978000	-2.387470
1.979000	-2.450260
1.980000	-2.513050
1.981000	-2.450260
1.982000	-2.513050
1.983000	-2.575970
1.984000	-2.638760
1.985000	-2.513050
1.986000	-2.638760
1.987000	-2.701560
1.988000	-2.764350
1.989000	-2.638760
1.990000	-2.827270
1.991000	-2.827270
1.992000	-2.827270
1.993000	-2.764350
1.994000	-2.890060
1.995000	-2.952850
1.996000	-2.764350
1.997000	-2.952850
1.998000	-2.575970
1.999000	-2.764350
2.000000	-2.827270
2.001000	-2.764350
2.002000	-2.764350
2.003000	-2.638760
2.004000	-2.764350
2.005000	-2.701560
2.006000	-2.638760
2.007000	-2.701560
2.008000	-2.638760
2.009000	-2.575970
2.010000	-2.513050
2.011000	-2.513050
2.012000	-2.513050
2.013000	-2.450260
2.014000	-2.450260
2.015000	-2.387470
2.016000	-2.387470
2.017000	-2.387470
2.018000	-2.324550
2.019000	-2.387470
2.020000	-2.261760
2.021000	-2.324550
2.022000	-2.198970
2.023000	-2.261760
2.024000	-2.324550
2.025000	-2.198970
2.026000	-2.324550
2.027000	-2.136180
2.028000	-2.198970
2.029000	-2.198970
2.030000	-2.198970
2.031000	-2.198970
2.032000	-2.136180
2.033000	-2.136180
2.034000	-2.136180
2.035000	-2.136180
2.036000	-2.136180
2.037000	-2.010470
2.038000	-2.073260
2.039000	-2.010470
2.040000	-2.010470
2.041000	-2.073260
2.042000	-2.010470
2.043000	-2.010470
2.044000	-1.947680
2.045000	-2.010470
2.046000	-2.010470
2.047000	-2.010470
2.048000	-2.010470
2.049000	-2.010470
2.050000	-2.073260
2.051000	-2.073260
2.052000	-1.947680
2.053000	-1.947680
2.054000	-1.947680
2.055000	-1.947680
2.056000	-1.884760
2.057000	-1.884760
2.058000	-1.947680
2.059000	-1.884760
2.060000	-1.884760
2.061000	-1.884760
2.062000	-1.884760
2.063000	-1.947680
2.064000	-1.821970
2.065000	-1.759180
2.066000	-1.696390
2.067000	-1.759180
2.068000	-1.759180
2.069000	-1.696390
2.070000	-1.759180
2.071000	-1.696390
2.072000	-1.633470
2.073000	-1.696390
2.074000	-1.696390
2.075000	-1.633470
2.076000	-1.570670
2.077000	-1.570670
2.078000	-1.633470
2.079000	-1.570670
2.080000	-1.570670
2.081000	-1.570670
2.082000	-1.507880
2.083000	-1.570670
2.084000	-1.507880
2.085000	-1.444960
2.086000	-1.507880
2.087000	-1.507880
2.088000	-1.444960
2.089000	-1.633470
2.090000	-1.570670
2.091000	-1.507880
2.092000	-1.570670
2.093000	-1.570670
2.094000	-1.759180
2.095000	-1.696390
2.096000	-1.759180
2.097000	-1.759180
2.098000	-1.759180
2.099000	-1.759180
2.100000	-1.884760
2.101000	-1.821970
2.102000	-1.947680
2.103000	-1.884760
2.104000	-1.947680
2.105000	-1.884760
2.106000	-2.010470
2.107000	-2.010470
2.108000	-2.010470
2.109000	-2.136180
2.110000	-2.073260
2.111000	-2.010470
2.112000	-2.136180
2.113000	-2.136180
2.114000	-2.136180
2.115000	-2.073260
2.116000	-2.073260
2.117000	-2.136180
2.118000	-2.198970
2.119000	-2.136180
2.120000	-2.073260
2.121000	-2.136180
2.122000	-2.073260
2.123000	-2.010470
2.124000	-2.136180
2.125000	-2.136180
2.126000	-2.073260
2.127000	-2.136180
2.128000	-2.010470
2.129000	-2.010470
2.130000	-2.010470
2.131000	-2.073260
2.132000	-2.073260
2.133000	-2.010470
2.134000	-2.010470
2.135000	-2.136180
2.136000	-2.010470
2.137000	-2.010470
2.138000	-2.010470
2.139000	-2.010470
2.140000	-2.136180
2.141000	-2.010470
2.142000	-2.136180
2.143000	-2.198970
2.144000	-2.198970
2.145000	-2.261760
2.146000	-2.198970
2.147000	-2.324550
2.148000	-2.324550
2.149000	-2.324550
2.150000	-2.387470
2.151000	-2.450260
2.152000	-2.513050
2.153000	-2.513050
2.154000	-2.513050
2.155000	-2.575970
2.156000	-2.638760
2.157000	-2.638760
2.158000	-2.638760
2.159000	-2.638760
2.160000	-2.701560
2.161000	-2.701560
2.162000	-2.764350
2.163000	-2.701560
2.164000	-2.701560
2.165000	-2.701560
2.166000	-2.701560
2.167000	-2.701560
2.168000	-2.701560
2.169000	-2.638760
2.170000	-2.638760
2.171000	-2.513050
2.172000	-2.638760
2.173000	-2.638760
2.174000	-2.575970
2.175000	-2.575970
2.176000	-2.638760
2.177000	-2.638760
2.178000	-2.638760
2.179000	-2.764350
2.180000	-2.638760
2.181000	-2.764350
2.182000	-2.638760
2.183000	-2.701560
2.184000	-2.701560
2.185000	-2.701560
2.186000	-2.764350
2.187000	-2.701560
2.188000	-2.764350
2.189000	-2.701560
2.190000	-2.764350
2.191000	-2.764350
2.192000	-2.764350
2.193000	-2.701560
2.194000	-2.764350
2.195000	-2.701560
2.196000	-2.701560
2.197000	-2.638760
2.198000	-2.638760
2.199000	-2.638760
2.200000	-2.638760
2.201000	-2.638760
2.202000	-2.513050
2.203000	-2.575970
2.204000	-2.450260
2.205000	-2.450260
2.206000	-2.513050
2.207000	-2.387470
2.208000	-2.450260
2.209000	-2.450260
2.210000	-2.450260
2.211000	-2.387470
2.212000	-2.450260
2.213000	-2.387470
2.214000	-2.387470
2.215000	-2.387470
2.216000	-2.324550
2.217000	-2.324550
2.218000	-2.324550
2.219000	-2.324550
2.220000	-2.261760
2.221000	-2.261760
2.222000	-2.261760
2.223000	-2.198970
2.224000	-2.261760
2.225000	-2.136180
2.226000	-2.198970
2.227000	-2.198970
2.228000	-2.136180
2.229000	-2.198970
2.230000	-2.010470
2.231000	-2.136180
2.232000	-2.136180
2.233000	-2.136180
2.234000	-2.136180
2.235000	-2.136180
2.236000	-2.136180
2.237000	-2.136180
2.238000	-2.010470
2.239000	-2.073260
2.240000	-2.136180
2.241000	-2.136180
2.242000	-2.010470
2.243000	-2.010470
2.244000	-2.073260
2.245000	-2.136180
2.246000	-2.136180
2.247000	-2.136180
2.248000	-2.073260
2.249000	-2.010470
2.250000	-2.010470
2.251000	-2.073260
2.252000	-2.010470
2.253000	-1.947680
2.254000	-1.947680
2.255000	-2.010470
2.256000	-2.010470
2.257000	-1.947680
2.258000	-2.010470
2.259000	-1.947680
2.260000	-2.010470
2.261000	-2.010470
2.262000	-2.010470
2.263000	-2.010470
2.264000	-2.010470
2.265000	-1.884760
2.266000	-1.947680
2.267000	-1.947680
2.268000	-1.947680
2.269000	-1.884760
2.270000	-1.884760
2.271000	-2.010470
2.272000	-1.884760
2.273000	-1.821970
2.274000	-1.884760
2.275000	-1.884760
2.276000	-1.884760
2.277000	-1.884760
2.278000	-1.884760
2.279000	-1.947680
2.280000	-1.947680
2.281000	-2.010470
2.282000	-1.821970
2.283000	-2.010470
2.284000	-1.947680
2.285000	-1.947680
2.286000	-1.884760
2.287000	-1.884760
2.288000	-1.947680
2.289000	-1.821970
2.290000	-1.947680
2.291000	-1.947680
2.292000	-2.010470
2.293000	-1.884760
2.294000	-1.884760
2.295000	-1.947680
2.296000	-1.947680
2.297000	-1.947680
2.298000	-2.010470
2.299000	-1.947680
2.300000	-1.947680
2.301000	-1.947680
2.302000	-1.947680
2.303000	-1.947680
2.304000	-2.010470
2.305000	-2.010470
2.306000	-1.947680
2.307000	-2.136180
2.308000	-2.073260
2.309000	-2.073260
2.310000	-2.010470
2.311000	-2.136180
2.312000	-2.198970
2.313000	-2.198970
2.314000	-2.261760
2.315000	-2.198970
2.316000	-2.261760
2.317000	-2.324550
2.318000	-2.387470
2.319000	-2.324550
2.320000	-2.324550
2.321000	-2.387470
2.322000	-2.324550
2.323000	-2.387470
2.324000	-2.450260
2.325000	-2.387470
2.326000	-2.450260
2.327000	-2.387470
2.328000	-2.450260
2.329000	-2.387470
2.330000	-2.450260
2.331000	-2.450260
2.332000	-2.450260
2.333000	-2.450260
2.334000	-2.387470
2.335000	-2.450260
2.336000	-2.450260
2.337000	-2.387470
2.338000	-2.387470
2.339000	-2.450260
2.340000	-2.513050
2.341000	-2.450260
2.342000	-2.387470
2.343000	-2.513050
2.344000	-2.513050
2.345000	-2.575970
2.346000	-2.638760
2.347000	-2.575970
2.348000	-2.575970
2.349000	-2.513050
2.350000	-2.638760
2.351000	-2.575970
2.352000	-2.701560
2.353000	-2.638760
2.354000	-2.638760
2.355000	-2.638760
2.356000	-2.701560
2.357000	-2.701560
2.358000	-2.764350
2.359000	-2.764350
2.360000	-2.764350
2.361000	-2.764350
2.362000	-2.764350
2.363000	-2.827270
2.364000	-2.764350
2.365000	-2.764350
2.366000	-2.764350
2.367000	-2.764350
2.368000	-2.827270
2.369000	-2.764350
2.370000	-2.701560
2.371000	-2.764350
2.372000	-2.701560
2.373000	-2.701560
2.374000	-2.764350
2.375000	-2.701560
2.376000	-2.701560
2.377000	-2.764350
2.378000	-2.701560
2.379000	-2.638760
2.380000	-2.638760
2.381000	-2.764350
2.382000	-2.575970
2.383000	-2.638760
2.384000	-2.638760
2.385000	-2.575970
2.386000	-2.450260
2.387000	-2.513050
2.388000	-2.513050
2.389000	-2.450260
2.390000	-2.450260
2.391000	-2.450260
2.392000	-2.387470
2.393000	-2.387470
2.394000	-2.387470
2.395000	-2.387470
2.396000	-2.324550
2.397000	-2.261760
2.398000	-2.261760
2.399000	-2.261760
2.400000	-2.261760
2.401000	-2.261760
2.402000	-2.261760
2.403000	-2.198970
2.404000	-2.261760
2.405000	-2.198970
2.406000	-2.136180
2.407000	-2.261760
2.408000	-2.136180
2.409000	-2.136180
2.410000	-2.198970
2.411000	-2.198970
2.412000	-2.198970
2.413000	-2.198970
2.414000	-2.136180
2.415000	-2.136180
2.416000	-2.073260
2.417000	-2.073260
2.418000	-2.010470
2.419000	-2.073260
2.420000	-2.010470
2.421000	-1.947680
2.422000	-2.010470
2.423000	-1.947680
2.424000	-2.010470
2.425000	-1.947680
2.426000	-1.821970
2.427000	-1.947680
2.428000	-1.947680
2.429000	-1.884760
2.430000	-1.947680
2.431000	-1.821970
2.432000	-1.947680
2.433000	-1.884760
2.434000	-1.821970
2.435000	-1.821970
2.436000	-1.821970
2.437000	-1.821970
2.438000	-1.821970
2.439000	-1.821970
2.440000	-1.759180
2.441000	-1.821970
2.442000	-1.821970
2.443000	-1.884760
2.444000	-1.884760
2.445000	-1.884760
2.446000	-1.821970
2.447000	-1.884760
2.448000	-1.884760
2.449000	-1.821970
2.450000	-1.821970
2.451000	-1.947680
2.452000	-1.884760
2.453000	-1.947680
2.454000	-1.884760
2.455000	-1.884760
2.456000	-1.884760
2.457000	-1.884760
2.458000	-1.884760
2.459000	-1.821970
2.460000	-1.884760
2.461000	-1.884760
2.462000	-1.947680
2.463000	-1.947680
2.464000	-1.947680
2.465000	-1.884760
2.466000	-1.884760
2.467000	-1.947680
2.468000	-1.947680
2.469000	-1.884760
2.470000	-1.947680
2.471000	-1.947680
2.472000	-1.947680
2.473000	-1.947680
2.474000	-2.010470
2.475000	-1.947680
2.476000	-1.947680
2.477000	-2.010470
2.478000	-2.073260
2.479000	-2.010470
2.480000	-2.010470
2.481000	-2.010470
2.482000	-2.010470
2.483000	-2.010470
2.484000	-2.010470
2.485000	-2.136180
2.486000	-2.073260
2.487000	-2.136180
2.488000	-2.198970
2.489000	-2.136180
2.490000	-2.198970
2.491000	-2.198970
2.492000	-2.261760
2.493000	-2.198970
2.494000	-2.198970
2.495000	-2.261760
2.496000	-2.324550
2.497000	-2.324550
2.498000	-2.387470
2.499000	-2.387470
