-1.630000	-37.000000
-1.570000	-37.000000
-1.630000	-37.000000
-1.630000	-37.000000
-1.630000	-37.000000
-1.630000	-37.000000
-1.510000	-37.000000
-1.440000	-37.000000
-1.320000	-37.099998
0.503000	-37.299999
1.700000	-37.900002
-0.503000	-38.599998
-5.840000	-40.099998
-10.400000	-40.500000
-17.299999	-40.799999
-19.600000	-41.000000
-15.000000	-41.200001
-9.490000	-41.299999
-7.790000	-41.299999
-9.990000	-41.900002
-13.700000	-42.099998
-18.299999	-42.400002
-21.100000	-42.799999
-18.799999	-43.000000
-16.600000	-43.200001
-17.000000	-43.400002
-18.500000	-43.599998
-20.500000	-43.799999
-22.100000	-44.000000
-22.900000	-44.299999
-22.500000	-44.500000
-22.799999	-44.799999
-24.100000	-45.000000
-25.600000	-45.200001
-26.500000	-45.299999
-26.799999	-45.599998
-26.900000	-45.799999
-27.600000	-46.000000
-29.200001	-46.200001
-30.400000	-46.599998
-31.799999	-46.799999
-33.299999	-46.900002
-34.099998	-47.200001
-34.500000	-47.400002
-35.099998	-47.500000
-36.400002	-47.799999
-37.799999	-48.099998
-39.200001	-48.299999
-40.299999	-48.500000
-41.400002	-48.700001
-42.599998	-48.900002
-43.700001	-49.099998
-45.200001	-49.299999
-46.299999	-49.599998
-47.900002	-49.799999
-49.299999	-50.000000
-49.900002	-50.200001
-50.799999	-50.299999
-52.299999	-50.599998
-54.000000	-50.799999
-54.500000	-51.000000
-54.900002	-51.200001
-56.000000	-51.400002
-56.900002	-51.500000
-57.500000	-51.700001
-58.500000	-52.000000
-59.200001	-52.200001
-59.299999	-52.400002
-59.500000	-52.599998
-59.500000	-52.700001
-60.000000	-52.900002
-60.900002	-53.099998
-61.299999	-53.299999
-61.599998	-53.400002
-61.799999	-53.599998
-62.099998	-53.700001
-62.099998	-53.900002
-62.500000	-54.099998
-63.299999	-54.200001
-64.000000	-54.400002
-64.199997	-54.500000
-64.300003	-54.700001
-64.599998	-54.900002
-64.699997	-55.099998
-64.400002	-55.299999
-64.800003	-55.500000
-66.099998	-55.500000
-67.199997	-55.799999
-67.800003	-55.900002
-67.800003	-56.099998
-67.699997	-56.299999
-67.900002	-56.500000
-68.800003	-56.599998
-69.800003	-56.700001
-70.400002	-56.900002
-70.699997	-57.099998
-71.000000	-57.299999
-71.599998	-57.500000
-71.400002	-57.799999
-71.199997	-58.299999
-67.900002	-58.599998
-67.300003	-59.099998
-70.099998	-59.500000
-70.599998	-59.799999
-69.300003	-60.000000
-70.599998	-60.799999
-66.599998	-61.400002
-59.400002	-62.400002
-59.099998	-63.500000
-53.299999	-64.199997
-54.700001	-64.800003
-63.500000	-65.400002
-63.599998	-65.699997
-60.700001	-66.300003
-54.299999	-66.300003
-49.000000	-68.599998
-43.200001	-70.000000
-40.200001	-72.400002
-30.900000	-76.099998
-22.700001	-80.300003
