44.400002	2.390000
44.400002	2.260000
44.400002	2.320000
44.400002	2.320000
44.400002	2.320000
44.400002	2.320000
44.400002	2.320000
44.400002	2.260000
44.400002	2.070000
44.400002	-1.010000
44.599998	-1.440000
45.299999	1.570000
46.599998	5.030000
47.299999	8.800000
48.099998	10.800000
48.799999	10.400000
49.299999	6.470000
49.799999	6.790000
50.200001	7.230000
50.599998	6.790000
50.799999	8.920000
51.200001	7.540000
51.500000	7.730000
52.000000	7.660000
52.400002	7.850000
52.799999	7.730000
53.099998	8.100000
53.500000	8.730000
54.000000	8.670000
54.299999	8.230000
54.700001	8.860000
55.099998	9.110000
55.599998	8.860000
55.900002	9.240000
56.299999	9.930000
56.700001	10.200000
57.299999	11.400000
57.599998	12.300000
58.200001	12.300000
58.599998	12.800000
59.000000	13.600000
59.500000	14.600000
59.900002	15.800000
60.400002	16.900000
60.799999	17.700001
60.799999	18.299999
61.599998	19.500000
62.000000	20.500000
62.299999	21.500000
62.900002	22.200001
63.299999	23.299999
63.799999	24.100000
64.199997	24.400000
64.500000	25.200001
65.000000	25.900000
65.199997	26.100000
65.699997	26.100000
66.099998	26.500000
66.400002	27.000000
66.800003	27.000000
67.099998	27.200001
67.500000	27.000000
67.800003	27.000000
68.099998	26.799999
68.400002	26.799999
68.699997	26.600000
69.000000	26.299999
69.199997	25.799999
69.500000	25.299999
69.900002	24.900000
70.099998	24.700001
70.300003	24.100000
70.599998	23.900000
71.000000	23.600000
71.199997	23.400000
71.400002	23.200001
71.800003	23.000000
72.099998	22.000000
72.300003	22.600000
72.599998	23.100000
72.900002	23.500000
73.199997	23.700001
73.400002	23.900000
73.699997	24.100000
73.900002	24.799999
74.199997	26.200001
74.500000	27.100000
74.699997	27.500000
75.099998	27.900000
75.400002	28.799999
75.699997	29.400000
75.900002	30.200001
76.199997	31.100000
76.500000	31.500000
76.800003	31.700001
77.000000	31.900000
77.400002	32.299999
77.599998	32.500000
77.800003	32.900002
78.199997	33.000000
78.400002	32.599998
78.699997	32.400002
78.900002	32.200001
79.099998	31.900000
79.400002	31.500000
79.400002	30.700001
79.800003	30.000000
80.000000	29.600000
80.300003	29.400000
80.500000	29.200001
80.699997	28.600000
80.900002	28.000000
81.199997	27.600000
81.199997	27.200001
81.400002	27.600000
81.699997	28.000000
81.900002	27.600000
82.000000	27.400000
82.099998	27.900000
82.400002	28.299999
82.500000	28.600000
82.599998	28.799999
82.800003	29.200001
83.000000	29.799999
83.199997	30.299999
83.400002	30.900000
83.599998	31.600000
83.699997	31.900000
83.800003	32.299999
84.000000	32.900002
84.199997	33.500000
84.400002	34.200001
84.500000	34.400002
84.599998	34.400002
84.699997	34.700001
84.900002	35.200001
85.000000	35.200001
85.199997	35.099998
85.199997	35.099998
85.400002	35.200001
85.400002	35.000000
85.500000	34.599998
85.699997	34.400002
85.699997	34.400002
85.800003	34.500000
85.900002	34.500000
86.000000	35.599998
86.199997	33.500000
86.300003	31.200001
86.400002	31.700001
86.500000	32.900002
86.599998	33.900002
86.699997	33.599998
86.900002	32.500000
87.000000	31.500000
87.099998	31.799999
87.199997	32.799999
87.300003	33.400002
87.400002	33.099998
87.500000	32.599998
87.599998	32.400002
87.699997	33.099998
87.800003	34.200001
88.000000	34.200001
88.099998	33.500000
88.199997	33.599998
88.300003	33.900002
88.300003	34.099998
88.400002	34.599998
88.500000	35.099998
88.699997	35.000000
88.800003	34.599998
88.900002	34.700001
89.000000	35.000000
89.000000	35.099998
89.099998	34.900002
89.199997	34.799999
89.300003	34.799999
89.400002	34.900002
89.400002	35.299999
89.500000	35.299999
89.500000	35.000000
89.500000	34.700001
89.599998	34.599998
89.599998	34.700001
89.699997	34.799999
