0.000000	-0.230860
0.001000	-0.230860
0.002000	-0.188180
0.003000	-0.188180
0.004000	-0.230860
0.005000	-0.188180
0.006000	-0.188180
0.007000	-0.188180
0.008000	-0.145510
0.009000	-0.188180
0.010000	-0.145510
0.011000	-0.102830
0.012000	-0.060160
0.013000	0.110550
0.014000	0.281250
0.015000	0.451950
0.016000	0.579980
0.017000	0.665330
0.018000	0.622660
0.019000	0.494630
0.020000	0.323930
0.021000	0.153220
0.022000	0.067870
0.023000	-0.060160
0.024000	-0.017480
0.025000	-0.017480
0.026000	0.067870
0.027000	0.110550
0.028000	0.110550
0.029000	0.195900
0.030000	0.195900
0.031000	0.153220
0.032000	0.025200
0.033000	-0.230860
0.034000	-0.444240
0.035000	-0.742970
0.036000	-1.041700
0.037000	-1.297750
0.038000	-1.425780
0.039000	-1.468460
0.040000	-1.425780
0.041000	-1.383110
0.042000	-1.340430
0.043000	-1.383110
0.044000	-1.468460
0.045000	-1.596480
0.046000	-1.809860
0.047000	-2.023240
0.048000	-2.364650
0.049000	-2.620700
0.050000	-2.962110
0.051000	-3.175490
0.052000	-3.303520
0.053000	-3.474220
0.054000	-3.559570
0.055000	-3.687600
0.056000	-3.900980
0.057000	-4.071680
0.058000	-4.370410
0.059000	-4.626460
0.060000	-4.882520
0.061000	-5.053220
0.062000	-5.223930
0.063000	-5.394630
0.064000	-5.565330
0.065000	-5.736030
0.066000	-5.949410
0.067000	-6.120120
0.068000	-6.248140
0.069000	-6.333500
0.070000	-6.376170
0.071000	-6.418850
0.072000	-6.504200
0.073000	-6.589550
0.074000	-6.802930
0.075000	-7.016310
0.076000	-7.315040
0.077000	-7.571090
0.078000	-7.699120
0.079000	-7.784470
0.080000	-7.699120
0.081000	-7.613770
0.082000	-7.528420
0.083000	-7.357710
0.084000	-7.357710
0.085000	-7.357710
0.086000	-7.443070
0.087000	-7.656440
0.088000	-7.699120
0.089000	-7.699120
0.090000	-7.784470
0.091000	-7.784470
0.092000	-7.997850
0.093000	-8.211230
0.094000	-8.253910
0.095000	-8.467280
0.096000	-8.467280
0.097000	-8.424610
0.098000	-8.467280
0.099000	-8.467280
0.100000	-8.680660
0.101000	-8.808690
0.102000	-8.851370
0.103000	-9.022070
0.104000	-9.022070
0.105000	-9.064750
0.106000	-9.235450
0.107000	-9.320800
0.108000	-9.448830
0.109000	-9.619530
0.110000	-9.704880
0.111000	-9.832910
0.112000	-9.875590
0.113000	-9.918260
0.114000	-10.003600
0.115000	-10.089000
0.116000	-10.089000
0.117000	-10.174300
0.118000	-10.302300
0.119000	-10.345000
0.120000	-10.558400
0.121000	-10.601100
0.122000	-10.601100
0.123000	-10.601100
0.124000	-10.558400
0.125000	-10.515700
0.126000	-10.601100
0.127000	-10.771800
0.128000	-11.027800
0.129000	-11.283900
0.130000	-11.454600
0.131000	-11.539900
0.132000	-11.668000
0.133000	-11.710600
0.134000	-11.753300
0.135000	-11.796000
0.136000	-11.838700
0.137000	-11.966700
0.138000	-12.009400
0.139000	-12.052100
0.140000	-12.052100
0.141000	-12.137400
0.142000	-12.180100
0.143000	-12.265400
0.144000	-12.308100
0.145000	-12.308100
0.146000	-12.350800
0.147000	-12.308100
0.148000	-12.350800
0.149000	-12.052100
0.150000	-11.582600
0.151000	-11.838700
0.152000	-11.582600
0.153000	-11.539900
0.154000	-12.094700
0.155000	-11.369200
0.156000	-4.882520
0.157000	-7.400390
0.158000	-2.706050
0.159000	-3.388870
0.160000	-5.266600
0.161000	-3.900980
0.162000	-8.723340
0.163000	-7.016310
0.164000	-5.949410
0.165000	-5.650680
0.166000	-3.388870
0.167000	-3.644920
0.168000	-4.071680
0.169000	-3.602250
0.170000	-6.120120
0.171000	-5.010550
0.172000	-4.114350
0.173000	-4.626460
0.174000	-2.791410
0.175000	-4.754490
0.176000	-5.095900
0.177000	-6.205470
0.178000	-7.955180
0.179000	-7.187010
0.180000	-6.973630
0.181000	-6.674900
0.182000	-5.266600
0.183000	-6.205470
0.184000	-5.864060
