0.000000	10.554400
0.001000	12.434300
0.002000	10.554400
0.003000	12.434300
0.004000	14.314200
0.005000	12.434300
0.006000	12.434300
0.007000	12.434300
0.008000	10.554400
0.009000	10.554400
0.010000	12.434300
0.011000	12.434300
0.012000	14.314200
0.013000	12.434300
0.014000	14.314200
0.015000	16.194099
0.016000	16.194099
0.017000	14.314200
0.018000	14.314200
0.019000	14.314200
0.020000	12.434300
0.021000	8.674530
0.022000	8.674530
0.023000	8.674530
0.024000	10.554400
0.025000	8.674530
0.026000	8.674530
0.027000	12.434300
0.028000	12.434300
0.029000	8.674530
0.030000	12.434300
0.031000	12.434300
0.032000	10.554400
0.033000	10.554400
0.034000	8.674530
0.035000	6.794650
0.036000	3.034880
0.037000	3.034880
0.038000	3.034880
0.039000	4.914760
0.040000	3.034880
0.041000	3.034880
0.042000	8.674530
0.043000	8.674530
0.044000	8.674530
0.045000	10.554400
0.046000	8.674530
0.047000	10.554400
0.048000	10.554400
0.049000	8.674530
0.050000	6.794650
0.051000	6.794650
0.052000	3.034880
0.053000	3.034880
0.054000	3.034880
0.055000	1.155000
0.056000	1.155000
0.057000	3.034880
0.058000	3.034880
0.059000	3.034880
0.060000	3.034880
0.061000	3.034880
0.062000	3.034880
0.063000	3.034880
0.064000	3.034880
0.065000	3.034880
0.066000	3.034880
0.067000	1.155000
0.068000	3.034880
0.069000	4.914760
0.070000	4.914760
0.071000	4.914760
0.072000	4.914760
0.073000	4.914760
0.074000	4.914760
0.075000	4.914760
0.076000	4.914760
0.077000	1.155000
0.078000	3.034880
0.079000	3.034880
0.080000	6.794650
0.081000	6.794650
0.082000	4.914760
0.083000	6.794650
0.084000	6.794650
0.085000	4.914760
0.086000	4.914760
0.087000	3.034880
0.088000	4.914760
0.089000	3.034880
0.090000	-0.724880
0.091000	3.034880
0.092000	1.155000
0.093000	3.034880
0.094000	3.034880
0.095000	3.034880
0.096000	3.034880
0.097000	4.914760
0.098000	4.914760
0.099000	4.914760
0.100000	3.034880
0.101000	1.155000
0.102000	3.034880
0.103000	3.034880
0.104000	3.034880
0.105000	1.155000
0.106000	1.155000
0.107000	-2.604760
0.108000	1.155000
0.109000	3.034880
0.110000	1.155000
0.111000	3.034880
0.112000	4.914760
0.113000	1.155000
0.114000	3.034880
0.115000	3.034880
0.116000	-0.724880
0.117000	-0.724880
0.118000	1.155000
0.119000	-0.724880
0.120000	-0.724880
0.121000	1.155000
0.122000	1.155000
0.123000	-2.604760
0.124000	-4.484650
0.125000	-4.484650
0.126000	-4.484650
0.127000	-6.364530
0.128000	-4.484650
0.129000	-0.724880
0.130000	-0.724880
0.131000	1.155000
0.132000	-0.724880
0.133000	-0.724880
0.134000	1.155000
0.135000	-2.604760
0.136000	-0.724880
0.137000	-0.724880
0.138000	-2.604760
0.139000	-4.484650
0.140000	-4.484650
0.141000	-4.484650
0.142000	-4.484650
0.143000	-4.484650
0.144000	-4.484650
0.145000	-2.604760
0.146000	-0.724880
0.147000	-2.604760
0.148000	-2.604760
0.149000	8.674530
0.150000	3.034880
0.151000	-6.364530
0.152000	1.155000
0.153000	3.034880
0.154000	-0.724880
0.155000	50.032001
0.156000	29.353201
0.157000	-19.523701
0.158000	16.194099
0.159000	-19.523701
0.160000	50.032001
0.161000	18.073900
0.162000	-21.403601
0.163000	-4.484650
0.164000	4.914760
0.165000	-8.244410
0.166000	1.155000
0.167000	-0.724880
0.168000	-12.004200
0.169000	4.914760
0.170000	3.034880
0.171000	10.554400
0.172000	16.194099
0.173000	10.554400
0.174000	10.554400
0.175000	3.034880
0.176000	-2.604760
0.177000	14.314200
0.178000	-6.364530
0.179000	6.794650
0.180000	-0.724880
0.181000	-4.484650
0.182000	3.034880
0.183000	-8.244410
0.184000	1.155000
