0.000000	4.931640
0.001000	5.917970
0.002000	3.945310
0.003000	2.958980
0.004000	3.945310
0.005000	3.945310
0.006000	3.945310
0.007000	3.945310
0.008000	3.945310
0.009000	4.931640
0.010000	3.945310
0.011000	3.945310
0.012000	3.945310
0.013000	4.931640
0.014000	3.945310
0.015000	2.958980
0.016000	3.945310
0.017000	3.945310
0.018000	3.945310
0.019000	2.958980
0.020000	4.931640
0.021000	4.931640
0.022000	4.931640
0.023000	3.945310
0.024000	3.945310
0.025000	2.958980
0.026000	3.945310
0.027000	3.945310
0.028000	2.958980
0.029000	3.945310
0.030000	1.972660
0.031000	2.958980
0.032000	2.958980
0.033000	1.972660
0.034000	3.945310
0.035000	2.958980
0.036000	3.945310
0.037000	4.931640
0.038000	5.917970
0.039000	4.931640
0.040000	4.931640
0.041000	2.958980
0.042000	3.945310
0.043000	3.945310
0.044000	4.931640
0.045000	6.904300
0.046000	6.904300
0.047000	5.917970
0.048000	6.904300
0.049000	5.917970
0.050000	7.890630
0.051000	7.890630
0.052000	7.890630
0.053000	7.890630
0.054000	7.890630
0.055000	8.876950
0.056000	9.863280
0.057000	7.890630
0.058000	9.863280
0.059000	11.835900
0.060000	8.876950
0.061000	8.876950
0.062000	9.863280
0.063000	8.876950
0.064000	9.863280
0.065000	10.849600
0.066000	11.835900
0.067000	10.849600
0.068000	9.863280
0.069000	7.890630
0.070000	7.890630
0.071000	8.876950
0.072000	8.876950
0.073000	7.890630
0.074000	6.904300
0.075000	5.917970
0.076000	5.917970
0.077000	5.917970
0.078000	5.917970
0.079000	4.931640
0.080000	3.945310
0.081000	3.945310
0.082000	3.945310
0.083000	2.958980
0.084000	0.986330
0.085000	0.000000
0.086000	0.000000
0.087000	0.000000
0.088000	0.000000
0.089000	-0.986330
0.090000	0.000000
0.091000	-1.972660
0.092000	-1.972660
0.093000	-0.986330
0.094000	-0.986330
0.095000	0.986330
0.096000	0.986330
0.097000	0.986330
0.098000	0.000000
0.099000	3.945310
0.100000	2.958980
0.101000	3.945310
0.102000	3.945310
0.103000	4.931640
0.104000	4.931640
0.105000	4.931640
0.106000	6.904300
0.107000	5.917970
0.108000	4.931640
0.109000	7.890630
0.110000	8.876950
0.111000	8.876950
0.112000	9.863280
0.113000	9.863280
0.114000	10.849600
0.115000	11.835900
0.116000	10.849600
0.117000	11.835900
0.118000	12.822300
0.119000	13.808600
0.120000	12.822300
0.121000	13.808600
0.122000	12.822300
0.123000	13.808600
0.124000	13.808600
0.125000	11.835900
0.126000	11.835900
0.127000	9.863280
0.128000	11.835900
0.129000	12.822300
0.130000	12.822300
0.131000	13.808600
0.132000	12.822300
0.133000	10.849600
0.134000	9.863280
0.135000	8.876950
0.136000	8.876950
0.137000	8.876950
0.138000	10.849600
0.139000	8.876950
0.140000	9.863280
0.141000	7.890630
0.142000	5.917970
0.143000	5.917970
0.144000	4.931640
0.145000	4.931640
0.146000	6.904300
0.147000	7.890630
0.148000	5.917970
0.149000	2.958980
0.150000	5.917970
0.151000	4.931640
0.152000	3.945310
0.153000	2.958980
0.154000	2.958980
0.155000	8.876950
0.156000	-1.972660
0.157000	12.822300
0.158000	-1.972660
0.159000	-13.808600
0.160000	-29.589800
0.161000	20.712900
0.162000	-3.945310
0.163000	21.699200
0.164000	-10.849600
0.165000	-10.849600
0.166000	0.000000
0.167000	-7.890630
0.168000	13.808600
0.169000	-13.808600
0.170000	20.712900
0.171000	-1.972660
0.172000	19.726601
0.173000	0.000000
0.174000	8.876950
0.175000	0.986330
0.176000	-0.986330
0.177000	14.794900
0.178000	2.958980
0.179000	25.644501
0.180000	7.890630
0.181000	14.794900
0.182000	3.945310
0.183000	-0.986330
0.184000	14.794900
