0.000000	2.232660
0.001000	2.232660
0.002000	3.843980
0.003000	3.038320
0.004000	3.038320
0.005000	3.843980
0.006000	3.038320
0.007000	3.038320
0.008000	3.038320
0.009000	3.038320
0.010000	3.038320
0.011000	3.038320
0.012000	3.843980
0.013000	4.649650
0.014000	6.260980
0.015000	7.872310
0.016000	10.289300
0.017000	10.289300
0.018000	11.095000
0.019000	10.289300
0.020000	8.677970
0.021000	7.066640
0.022000	6.260980
0.023000	7.066640
0.024000	7.066640
0.025000	7.066640
0.026000	9.483630
0.027000	8.677970
0.028000	10.289300
0.029000	11.900600
0.030000	11.900600
0.031000	10.289300
0.032000	11.095000
0.033000	10.289300
0.034000	7.872310
0.035000	6.260980
0.036000	3.843980
0.037000	1.426990
0.038000	1.426990
0.039000	2.232660
0.040000	2.232660
0.041000	4.649650
0.042000	5.455310
0.043000	5.455310
0.044000	5.455310
0.045000	6.260980
0.046000	6.260980
0.047000	4.649650
0.048000	3.843980
0.049000	3.038320
0.050000	0.621330
0.051000	-0.184340
0.052000	-0.990000
0.053000	1.426990
0.054000	1.426990
0.055000	3.038320
0.056000	2.232660
0.057000	2.232660
0.058000	0.621330
0.059000	0.621330
0.060000	-0.990000
0.061000	-0.184340
0.062000	0.621330
0.063000	0.621330
0.064000	1.426990
0.065000	1.426990
0.066000	1.426990
0.067000	1.426990
0.068000	0.621330
0.069000	2.232660
0.070000	2.232660
0.071000	3.843980
0.072000	4.649650
0.073000	4.649650
0.074000	4.649650
0.075000	2.232660
0.076000	2.232660
0.077000	0.621330
0.078000	-0.990000
0.079000	0.621330
0.080000	0.621330
0.081000	2.232660
0.082000	4.649650
0.083000	6.260980
0.084000	7.872310
0.085000	7.872310
0.086000	6.260980
0.087000	3.843980
0.088000	3.038320
0.089000	3.038320
0.090000	5.455310
0.091000	6.260980
0.092000	5.455310
0.093000	3.843980
0.094000	0.621330
0.095000	1.426990
0.096000	3.038320
0.097000	5.455310
0.098000	5.455310
0.099000	4.649650
0.100000	3.843980
0.101000	5.455310
0.102000	4.649650
0.103000	5.455310
0.104000	4.649650
0.105000	6.260980
0.106000	6.260980
0.107000	7.066640
0.108000	4.649650
0.109000	5.455310
0.110000	4.649650
0.111000	3.843980
0.112000	5.455310
0.113000	6.260980
0.114000	6.260980
0.115000	5.455310
0.116000	6.260980
0.117000	7.066640
0.118000	7.066640
0.119000	6.260980
0.120000	5.455310
0.121000	4.649650
0.122000	4.649650
0.123000	7.066640
0.124000	7.872310
0.125000	9.483630
0.126000	9.483630
0.127000	8.677970
0.128000	6.260980
0.129000	5.455310
0.130000	4.649650
0.131000	5.455310
0.132000	5.455310
0.133000	7.066640
0.134000	7.066640
0.135000	6.260980
0.136000	7.066640
0.137000	6.260980
0.138000	7.066640
0.139000	7.066640
0.140000	7.872310
0.141000	7.066640
0.142000	7.066640
0.143000	7.872310
0.144000	7.066640
0.145000	7.872310
0.146000	7.872310
0.147000	8.677970
0.148000	9.483630
0.149000	6.260980
0.150000	6.260980
0.151000	14.317600
0.152000	15.123300
0.153000	11.900600
0.154000	9.483630
0.155000	-5.823980
0.156000	-22.742901
0.157000	40.904499
0.158000	51.378201
0.159000	61.851799
0.160000	36.876202
0.161000	-17.908899
0.162000	-9.046640
0.163000	-28.382601
0.164000	-16.297600
0.165000	12.706300
0.166000	25.596901
0.167000	32.042198
0.168000	22.374300
0.169000	-0.184340
0.170000	2.232660
0.171000	2.232660
0.172000	10.289300
0.173000	33.653599
0.174000	30.430901
0.175000	32.847900
0.176000	12.706300
0.177000	-5.823980
0.178000	-6.629650
0.179000	-13.075000
0.180000	-3.406990
0.181000	10.289300
0.182000	11.095000
0.183000	17.540300
0.184000	7.066640
