-0.300000	0.130776
-0.299000	0.139804
-0.298000	0.130776
-0.297000	0.139804
-0.296000	0.130776
-0.295000	0.139804
-0.294000	0.139804
-0.293000	0.130776
-0.292000	0.139804
-0.291000	0.121730
-0.290000	0.130776
-0.289000	0.139804
-0.288000	0.139804
-0.287000	0.139804
-0.286000	0.139804
-0.285000	0.139804
-0.284000	0.139804
-0.283000	0.130776
-0.282000	0.130776
-0.281000	0.139804
-0.280000	0.139804
-0.279000	0.130776
-0.278000	0.148832
-0.277000	0.139804
-0.276000	0.139804
-0.275000	0.139804
-0.274000	0.139804
-0.273000	0.130776
-0.272000	0.139804
-0.271000	0.130776
-0.270000	0.130776
-0.269000	0.139804
-0.268000	0.139804
-0.267000	0.139804
-0.266000	0.130776
-0.265000	0.130776
-0.264000	0.130776
-0.263000	0.139804
-0.262000	0.139804
-0.261000	0.139804
-0.260000	0.139804
-0.259000	0.139804
-0.258000	0.139804
-0.257000	0.148832
-0.256000	0.130776
-0.255000	0.139804
-0.254000	0.148832
-0.253000	0.139804
-0.252000	0.130776
-0.251000	0.139804
-0.250000	0.121730
-0.249000	0.130776
-0.248000	0.121730
-0.247000	0.130776
-0.246000	0.130776
-0.245000	0.121730
-0.244000	0.139804
-0.243000	0.139804
-0.242000	0.130776
-0.241000	0.139804
-0.240000	0.139804
-0.239000	0.139804
-0.238000	0.139804
-0.237000	0.139804
-0.236000	0.121730
-0.235000	0.130776
-0.234000	0.139804
-0.233000	0.139804
-0.232000	0.139804
-0.231000	0.130776
-0.230000	0.139804
-0.229000	0.130776
-0.228000	0.130776
-0.227000	0.121730
-0.226000	0.139804
-0.225000	0.139804
-0.224000	0.130776
-0.223000	0.130776
-0.222000	0.139804
-0.221000	0.139804
-0.220000	0.139804
-0.219000	0.139804
-0.218000	0.130776
-0.217000	0.130776
-0.216000	0.121730
-0.215000	0.130776
-0.214000	0.130776
-0.213000	0.139804
-0.212000	0.130776
-0.211000	0.139804
-0.210000	0.148832
-0.209000	0.139804
-0.208000	0.139804
-0.207000	0.139804
-0.206000	0.139804
-0.205000	0.139804
-0.204000	0.130776
-0.203000	0.121730
-0.202000	0.130776
-0.201000	0.130776
-0.200000	0.139804
-0.199000	0.130776
-0.198000	0.130776
-0.197000	0.139804
-0.196000	0.130776
-0.195000	0.139804
-0.194000	0.121730
-0.193000	0.139804
-0.192000	0.130776
-0.191000	0.139804
-0.190000	0.139804
-0.189000	0.139804
-0.188000	0.139804
-0.187000	0.130776
-0.186000	0.139804
-0.185000	0.130776
-0.184000	0.130776
-0.183000	0.130776
-0.182000	0.130776
-0.181000	0.130776
-0.180000	0.130776
-0.179000	0.130776
-0.178000	0.139804
-0.177000	0.130776
-0.176000	0.139804
-0.175000	0.139804
-0.174000	0.139804
-0.173000	0.130776
-0.172000	0.130776
-0.171000	0.139804
-0.170000	0.139804
-0.169000	0.130776
-0.168000	0.130776
-0.167000	0.130776
-0.166000	0.130776
-0.165000	0.130776
-0.164000	0.130776
-0.163000	0.121730
-0.162000	0.130776
-0.161000	0.121730
-0.160000	0.130776
-0.159000	0.139804
-0.158000	0.130776
-0.157000	0.139804
-0.156000	0.139804
-0.155000	0.139804
-0.154000	0.139804
-0.153000	0.121730
-0.152000	0.130776
-0.151000	0.139804
-0.150000	0.130776
-0.149000	0.130776
-0.148000	0.130776
-0.147000	0.130776
-0.146000	0.139804
-0.145000	0.130776
-0.144000	0.139804
-0.143000	0.130776
-0.142000	0.130776
-0.141000	0.121730
-0.140000	0.130776
-0.139000	0.139804
-0.138000	0.157879
-0.137000	0.130776
-0.136000	0.130776
-0.135000	0.139804
-0.134000	0.130776
-0.133000	0.130776
-0.132000	0.139804
-0.131000	0.139804
-0.130000	0.130776
-0.129000	0.139804
-0.128000	0.130776
-0.127000	0.130776
-0.126000	0.121730
-0.125000	0.130776
-0.124000	0.130776
-0.123000	0.121730
-0.122000	0.139804
-0.121000	0.130776
-0.120000	0.139804
-0.119000	0.130776
-0.118000	0.139804
-0.117000	0.139804
-0.116000	0.130776
-0.115000	0.130776
-0.114000	0.130776
-0.113000	0.139804
-0.112000	0.130776
-0.111000	0.139804
-0.110000	0.139804
-0.109000	0.139804
-0.108000	0.130776
-0.107000	0.139804
-0.106000	0.139804
-0.105000	0.130776
-0.104000	0.139804
-0.103000	0.139804
-0.102000	0.121730
-0.101000	0.130776
-0.100000	0.130776
-0.099000	0.139804
-0.098000	0.130776
-0.097000	0.112702
-0.096000	0.139804
-0.095000	0.139804
-0.094000	0.130776
-0.093000	0.139804
-0.092000	0.139804
-0.091000	0.130776
-0.090000	0.139804
-0.089000	0.130776
-0.088000	0.139804
-0.087000	0.139804
-0.086000	0.130776
-0.085000	0.130776
-0.084000	0.130776
-0.083000	0.139804
-0.082000	0.148832
-0.081000	0.148832
-0.080000	0.130776
-0.079000	0.148832
-0.078000	0.139804
-0.077000	0.139804
-0.076000	0.139804
-0.075000	0.139804
-0.074000	0.139804
-0.073000	0.148832
-0.072000	0.130776
-0.071000	0.139804
-0.070000	0.139804
-0.069000	0.139804
-0.068000	0.139804
-0.067000	0.139804
-0.066000	0.130776
-0.065000	0.130776
-0.064000	0.130776
-0.063000	0.139804
-0.062000	0.148832
-0.061000	0.139804
-0.060000	0.139804
-0.059000	0.139804
-0.058000	0.148832
-0.057000	0.148832
-0.056000	0.148832
-0.055000	0.139804
-0.054000	0.139804
-0.053000	0.148832
-0.052000	0.139804
-0.051000	0.130776
-0.050000	0.139804
-0.049000	0.139804
-0.048000	0.130776
-0.047000	0.130776
-0.046000	0.148832
-0.045000	0.139804
-0.044000	0.130776
-0.043000	0.148832
-0.042000	0.148832
-0.041000	0.139804
-0.040000	0.130776
-0.039000	0.139804
-0.038000	0.148832
-0.037000	0.139804
-0.036000	0.139804
-0.035000	0.139804
-0.034000	0.139804
-0.033000	0.139804
-0.032000	0.139804
-0.031000	0.121730
-0.030000	0.103674
-0.029000	0.112702
-0.028000	0.103674
-0.027000	0.139804
-0.026000	0.148832
-0.025000	0.148832
-0.024000	0.157879
-0.023000	0.157879
-0.022000	0.157879
-0.021000	0.157879
-0.020000	0.157879
-0.019000	0.166907
-0.018000	0.130776
-0.017000	0.076572
-0.016000	0.103674
-0.015000	0.130776
-0.014000	0.166907
-0.013000	0.194010
-0.012000	0.221112
-0.011000	0.184963
-0.010000	0.203038
-0.009000	0.275299
-0.008000	0.103674
-0.007000	-0.040867
-0.006000	-0.004717
-0.005000	0.221112
-0.004000	0.528231
-0.003000	0.790191
-0.002000	0.862470
-0.001000	0.754060
0.000000	0.699855
0.001000	0.699855
0.002000	0.763088
0.003000	1.034090
0.004000	1.350260
0.005000	1.296050
0.006000	1.052150
0.007000	0.880526
0.008000	0.925685
0.009000	1.169590
0.010000	1.485750
0.011000	1.594140
0.012000	1.350260
0.013000	1.088300
0.014000	0.916657
0.015000	0.862470
0.016000	0.988917
0.017000	0.961833
0.018000	0.808265
0.019000	0.636622
0.020000	0.519203
0.021000	0.474025
0.022000	0.392736
0.023000	0.203038
0.024000	0.022366
0.025000	-0.221519
0.026000	-0.402190
0.027000	-0.438321
0.028000	-0.420246
0.029000	-0.456395
0.030000	-0.618992
0.031000	-0.781588
0.032000	-0.853849
0.033000	-0.862877
0.034000	-0.835774
0.035000	-0.790616
0.036000	-0.745457
0.037000	-0.709308
0.038000	-0.655122
0.039000	-0.618992
0.040000	-0.501554
0.041000	-0.329929
0.042000	-0.221519
0.043000	-0.122155
0.044000	0.022366
0.045000	0.121730
0.046000	0.085599
0.047000	0.139804
0.048000	0.275299
0.049000	0.419839
0.050000	0.564361
0.051000	0.772135
0.052000	0.880526
0.053000	0.988917
0.054000	1.160560
0.055000	1.305080
0.056000	1.395420
0.057000	1.485750
0.058000	1.675450
0.059000	1.494780
0.060000	0.880526
0.061000	1.323160
0.062000	1.847080
0.063000	1.666420
0.064000	1.395420
0.065000	1.774820
0.066000	1.973540
0.067000	1.801920
0.068000	1.819970
0.069000	2.199370
0.070000	2.163240
0.071000	1.937410
0.072000	2.163240
0.073000	2.307780
0.074000	2.072910
0.075000	1.901280
0.076000	1.955490
0.077000	1.955490
0.078000	1.928380
0.079000	1.810950
0.080000	1.702560
0.081000	1.648350
0.082000	1.612220
0.083000	1.503810
0.084000	1.368320
0.085000	1.332190
0.086000	1.485750
0.087000	1.774820
0.088000	1.548990
0.089000	1.034090
0.090000	1.187660
0.091000	1.196690
0.092000	0.835368
0.093000	0.880526
0.094000	1.160560
0.095000	0.934731
0.096000	0.636622
0.097000	0.826321
0.098000	1.043120
0.099000	0.826321
0.100000	0.708901
0.101000	0.844396
0.102000	0.952787
0.103000	1.006990
0.104000	1.196690
0.105000	2.172270
0.106000	2.172270
0.107000	2.903960
0.108000	1.847080
0.109000	1.919340
0.110000	2.795570
0.111000	2.398100
0.112000	1.964520
0.113000	2.605870
0.114000	2.949120
0.115000	2.298740
0.116000	2.063880
0.117000	2.732340
0.118000	2.967200
0.119000	2.958170
0.120000	3.834380
0.121000	4.349280
0.122000	2.605870
0.123000	3.129790
0.124000	3.500160
0.125000	2.750400
0.126000	2.587800
0.127000	3.554350
0.128000	2.985270
0.129000	2.452300
0.130000	2.587800
0.131000	2.931070
0.132000	2.289710
0.133000	2.154210
0.134000	2.569740
0.135000	2.605870
0.136000	1.982570
0.137000	1.621250
0.138000	-1.477130
0.139000	-8.252040
0.140000	-3.464440
0.141000	1.603190
0.142000	-1.260350
0.143000	-5.533050
0.144000	0.022366
0.145000	6.643720
0.146000	-1.513260
0.147000	0.320476
0.148000	10.130500
0.149000	5.451320
0.150000	1.865150
0.151000	6.291420
0.152000	7.944490
0.153000	4.737700
0.154000	5.613920
0.155000	5.893950
0.156000	6.887610
0.157000	7.456700
0.158000	6.725010
0.159000	6.273350
0.160000	6.905680
0.161000	5.704250
0.162000	4.593180
0.163000	3.364650
0.164000	3.283360
0.165000	2.931070
0.166000	2.063880
0.167000	1.268950
0.168000	1.991620
0.169000	1.901280
0.170000	-0.239593
0.171000	-0.483479
0.172000	0.428867
0.173000	-0.013764
0.174000	-1.441000
0.175000	-0.700280
0.176000	-0.402190
0.177000	-0.754485
0.178000	-0.492526
0.179000	-0.293780
0.180000	-0.519628
0.181000	-0.067951
0.182000	-0.402190
0.183000	0.175935
0.184000	1.178620
0.185000	0.772135
0.186000	-0.031820
0.187000	0.835368
0.188000	2.181320
0.189000	2.741370
0.190000	2.361970
0.191000	2.208400
0.192000	2.831700
0.193000	3.373700
0.194000	3.202050
0.195000	3.382730
0.196000	3.409830
0.197000	2.831700
0.198000	3.012350
0.199000	3.698890
0.200000	3.454990
0.201000	3.012350
0.202000	3.084630
0.203000	3.319490
0.204000	3.274330
0.205000	2.777500
0.206000	2.777500
0.207000	3.129790
0.208000	2.804600
0.209000	2.497460
0.210000	2.994300
0.211000	3.138820
0.212000	2.795570
0.213000	3.003330
0.214000	3.445960
0.215000	2.931070
0.216000	2.994300
0.217000	2.994300
0.218000	3.084630
0.219000	3.536290
0.220000	3.897620
0.221000	4.051190
0.222000	4.150550
0.223000	3.987950
0.224000	4.024080
0.225000	4.286040
0.226000	4.078290
0.227000	4.060210
0.228000	4.168610
0.229000	4.150550
0.230000	3.951820
0.231000	3.608550
0.232000	3.464030
0.233000	3.436930
0.234000	3.319490
0.235000	3.084630
0.236000	2.912990
0.237000	2.849760
0.238000	2.497460
0.239000	2.235500
0.240000	2.316810
0.241000	2.461330
0.242000	2.072910
0.243000	1.494780
0.244000	0.925685
0.245000	0.537259
0.246000	0.763088
0.247000	1.006990
0.248000	1.034090
0.249000	0.961833
0.250000	0.961833
0.251000	1.043120
0.252000	1.106360
0.253000	1.052150
0.254000	1.296050
0.255000	1.585120
0.256000	1.720610
0.257000	1.801920
0.258000	2.072910
0.259000	2.343910
0.260000	2.822670
0.261000	2.416170
0.262000	1.756740
0.263000	1.901280
0.264000	2.127110
0.265000	1.314130
0.266000	1.747710
0.267000	1.305080
0.268000	-0.067951
0.269000	0.772135
0.270000	1.720610
0.271000	1.621250
0.272000	1.287030
0.273000	0.790191
0.274000	0.275299
0.275000	0.790191
0.276000	1.594140
0.277000	1.196690
0.278000	0.835368
0.279000	0.817293
0.280000	0.437895
0.281000	0.564361
0.282000	1.305080
0.283000	1.684480
0.284000	0.853424
0.285000	0.501128
0.286000	0.889554
0.287000	1.485750
0.288000	1.567040
0.289000	0.121730
0.290000	0.636622
0.291000	2.081930
0.292000	2.912990
0.293000	2.443280
0.294000	1.169590
0.295000	0.591464
0.296000	0.248196
0.297000	0.166907
0.298000	1.919340
0.299000	2.090980
0.300000	0.564361
0.301000	1.458650
0.302000	2.416170
0.303000	1.693510
0.304000	0.817293
0.305000	-0.067951
0.306000	0.013338
0.307000	2.678130
0.308000	4.819010
0.309000	3.292390
0.310000	0.943759
0.311000	0.952787
0.312000	3.247230
0.313000	4.529950
0.314000	2.190340
0.315000	2.660060
0.316000	4.222810
0.317000	1.079250
0.318000	1.458650
0.319000	3.292390
0.320000	3.445960
0.321000	3.003330
0.322000	0.329504
0.323000	1.449620
0.324000	3.662760
0.325000	4.150550
0.326000	0.889554
0.327000	0.374662
0.328000	1.160560
0.329000	0.880526
0.330000	0.609538
0.331000	0.374662
0.332000	0.347560
0.333000	1.006990
0.334000	2.461330
0.335000	0.790191
0.336000	-1.215170
0.337000	-1.413900
0.338000	-1.224200
0.339000	-0.862877
0.340000	0.528231
0.341000	0.148832
0.342000	-1.404870
0.343000	-1.558440
0.344000	-1.061600
0.345000	-0.935138
0.346000	-0.664150
0.347000	-1.025470
0.348000	-2.010100
0.349000	-1.775240
0.350000	-0.926110
0.351000	-1.251300
0.352000	-1.702960
0.353000	-1.215170
0.354000	-1.666830
0.355000	-1.115810
0.356000	0.067543
0.357000	0.067543
0.358000	-1.142910
0.359000	0.419839
0.360000	2.343910
0.361000	3.184000
0.362000	2.669110
0.363000	1.702560
0.364000	0.410792
0.365000	-0.131183
0.366000	0.645668
0.367000	0.609538
0.368000	-0.609945
0.369000	-0.673178
0.370000	1.332190
0.371000	0.455969
0.372000	-0.600917
0.373000	-0.302826
0.374000	-0.230565
0.375000	-0.736411
0.376000	0.212066
0.377000	1.277980
0.378000	-0.329929
0.379000	-0.230565
0.380000	1.214750
0.381000	0.284345
0.382000	-0.158286
0.383000	1.196690
0.384000	-0.221519
0.385000	-1.079680
0.386000	-0.465423
0.387000	0.112702
0.388000	-0.438321
0.389000	-0.384115
0.390000	-1.224200
0.391000	-2.263030
0.392000	-1.197120
0.393000	1.034090
0.394000	1.006990
0.395000	0.076572
0.396000	-0.257649
0.397000	-0.420246
0.398000	-0.835774
0.399000	-0.700280
0.400000	0.013338
0.401000	-0.591889
0.402000	-0.899007
0.403000	0.419839
0.404000	0.049469
0.405000	-1.296480
0.406000	-1.359710
0.407000	-0.763513
0.408000	-0.131183
0.409000	0.392736
0.410000	0.239168
0.411000	-0.474451
0.412000	-0.718355
0.413000	-0.320882
0.414000	-0.131183
0.415000	-0.528656
0.416000	-0.591889
0.417000	-0.320882
0.418000	-0.149258
0.419000	-0.131183
0.420000	-0.347985
0.421000	-0.944184
0.422000	-0.853849
0.423000	-0.384115
0.424000	-0.375088
0.425000	0.112702
0.426000	0.564361
0.427000	0.284345
0.428000	-0.013764
0.429000	-0.022792
0.430000	-0.320882
0.431000	-0.899007
0.432000	-0.185388
0.433000	0.401764
0.434000	0.347560
0.435000	0.112702
0.436000	-0.474451
0.437000	-0.889979
0.438000	-1.061600
0.439000	-1.233250
0.440000	-1.269380
0.441000	-1.097750
0.442000	-0.917082
0.443000	-0.347985
0.444000	-0.221519
0.445000	-0.745457
0.446000	-0.591889
0.447000	-0.691252
0.448000	-0.917082
0.449000	-0.104099
0.450000	0.492100
0.451000	0.284345
0.452000	0.347560
0.453000	0.076572
0.454000	-0.826746
0.455000	-0.844821
0.456000	-0.429293
0.457000	-0.167332
0.458000	0.329504
0.459000	0.817293
0.460000	0.645668
0.461000	0.555333
0.462000	0.492100
0.463000	0.474025
0.464000	0.519203
0.465000	0.880526
0.466000	1.178620
0.467000	1.124430
0.468000	0.934731
0.469000	0.889554
0.470000	0.419839
0.471000	0.076572
0.472000	0.564361
0.473000	0.690827
0.474000	0.627594
0.475000	0.708901
0.476000	0.474025
0.477000	0.374662
0.478000	0.582436
0.479000	0.510175
0.480000	0.455969
0.481000	0.618566
0.482000	0.681799
0.483000	0.663724
0.484000	0.546305
0.485000	0.194010
0.486000	0.257243
0.487000	0.221112
0.488000	0.203038
0.489000	0.275299
0.490000	0.428867
0.491000	0.076572
0.492000	0.194010
0.493000	0.266271
0.494000	0.230140
0.495000	0.166907
0.496000	0.203038
0.497000	0.329504
0.498000	0.609538
0.499000	0.745032
0.500000	0.645668
0.501000	0.383708
0.502000	0.320476
0.503000	0.474025
0.504000	0.708901
0.505000	0.988917
0.506000	0.817293
0.507000	0.690827
0.508000	0.817293
0.509000	1.016020
0.510000	0.898601
0.511000	1.070230
0.512000	1.512860
0.513000	1.801920
0.514000	1.585120
0.515000	1.548990
0.516000	1.774820
0.517000	1.946440
0.518000	2.000650
0.519000	1.774820
0.520000	1.594140
0.521000	1.639320
0.522000	1.729660
0.523000	1.964520
0.524000	1.612220
0.525000	1.395420
0.526000	1.810950
0.527000	1.901280
0.528000	1.413490
0.529000	1.467680
0.530000	1.458650
0.531000	1.350260
0.532000	1.720610
0.533000	1.738690
0.534000	1.115380
0.535000	1.241850
0.536000	1.395420
0.537000	1.241850
0.538000	1.250900
0.539000	1.205720
0.540000	1.025070
0.541000	0.997964
0.542000	1.287030
0.543000	1.016020
0.544000	0.934731
0.545000	0.916657
0.546000	1.061200
0.547000	1.034090
0.548000	1.160560
0.549000	1.043120
0.550000	0.898601
0.551000	1.006990
0.552000	1.196690
0.553000	1.169590
0.554000	1.097330
0.555000	1.160560
0.556000	1.043120
0.557000	1.025070
0.558000	1.277980
0.559000	1.368320
0.560000	1.232820
0.561000	1.296050
0.562000	1.214750
0.563000	1.196690
0.564000	1.449620
0.565000	1.413490
0.566000	1.332190
0.567000	1.413490
0.568000	1.512860
0.569000	1.639320
0.570000	1.585120
0.571000	1.512860
0.572000	1.485750
0.573000	1.666420
0.574000	1.648350
0.575000	1.738690
0.576000	1.729660
0.577000	1.467680
0.578000	1.314130
0.579000	1.576090
0.580000	1.368320
0.581000	1.196690
0.582000	1.277980
0.583000	1.323160
0.584000	1.034090
0.585000	1.169590
0.586000	1.666420
0.587000	1.395420
0.588000	1.386390
0.589000	1.539960
0.590000	1.250900
0.591000	1.287030
0.592000	1.485750
0.593000	1.539960
0.594000	1.585120
0.595000	1.639320
0.596000	1.612220
0.597000	1.594140
0.598000	1.711580
0.599000	1.973540
0.600000	2.054850
0.601000	1.810950
0.602000	1.955490
0.603000	2.181320
0.604000	1.937410
0.605000	1.792870
0.606000	1.801920
0.607000	1.476730
0.608000	1.025070
0.609000	0.997964
0.610000	0.564361
0.611000	0.347560
0.612000	0.708901
0.613000	0.979889
0.614000	0.708901
0.615000	0.419839
0.616000	0.636622
0.617000	0.717929
0.618000	0.564361
0.619000	0.600492
0.620000	0.537259
0.621000	0.293373
0.622000	0.329504
0.623000	0.609538
0.624000	0.519203
0.625000	0.166907
0.626000	0.347560
0.627000	0.455969
0.628000	0.130776
0.629000	0.121730
0.630000	0.157879
0.631000	0.049469
0.632000	0.040441
0.633000	-0.049895
0.634000	-0.221519
0.635000	-0.212491
0.636000	-0.067951
0.637000	-0.095053
0.638000	-0.221519
0.639000	-0.284752
0.640000	-0.230565
0.641000	-0.095053
0.642000	-0.122155
0.643000	-0.095053
0.644000	-0.212491
0.645000	-0.158286
0.646000	2.940090
0.647000	10.898400
0.648000	2.705240
0.649000	-9.146330
0.650000	0.085599
0.651000	4.024080
0.652000	-2.904390
0.653000	0.934731
0.654000	5.487470
0.655000	-2.985680
0.656000	-4.702000
0.657000	3.698890
0.658000	4.150550
0.659000	-3.247640
0.660000	-1.603600
0.661000	2.705240
0.662000	-0.555759
0.663000	-0.302826
0.664000	3.220130
0.665000	0.031413
0.666000	-2.940520
0.667000	1.142490
0.668000	2.253580
0.669000	-0.709308
0.670000	0.121730
0.671000	1.458650
0.672000	-1.133880
0.673000	-0.944184
0.674000	2.931070
0.675000	0.654696
0.676000	-2.850180
0.677000	-0.185388
0.678000	2.334870
0.679000	-0.618992
0.680000	-0.871905
0.681000	1.232820
0.682000	-0.591889
0.683000	-1.540370
0.684000	1.521880
0.685000	0.853424
0.686000	-2.046230
0.687000	-0.393162
0.688000	1.503810
0.689000	-0.411218
0.690000	-0.564787
0.691000	0.239168
0.692000	-0.826746
0.693000	-1.016450
0.694000	1.232820
0.695000	0.419839
0.696000	-1.603600
0.697000	0.085599
0.698000	1.187660
0.699000	-0.058922
0.700000	0.139804
0.701000	0.311429
0.702000	-0.483479
0.703000	0.076572
0.704000	0.772135
0.705000	-0.284752
0.706000	-0.411218
0.707000	0.112702
0.708000	0.139804
0.709000	0.166907
0.710000	1.034090
0.711000	0.040441
0.712000	-0.284752
0.713000	0.058497
0.714000	0.997964
0.715000	0.492100
0.716000	0.040441
0.717000	-0.420246
0.718000	-1.043550
0.719000	0.275299
0.720000	1.666420
0.721000	0.212066
0.722000	-1.070650
0.723000	-0.266696
0.724000	0.546305
0.725000	1.648350
0.726000	0.022366
0.727000	-1.179040
0.728000	-0.320882
0.729000	1.052150
0.730000	-0.420246
0.731000	-0.266696
0.732000	0.284345
0.733000	-1.025470
0.734000	-0.095053
0.735000	1.847080
0.736000	0.067543
0.737000	-2.028160
0.738000	0.898601
0.739000	1.341210
0.740000	-0.528656
0.741000	-1.269380
0.742000	0.934731
0.743000	-0.013764
0.744000	-0.510582
0.745000	0.645668
0.746000	0.157879
0.747000	-1.594570
0.748000	0.221112
0.749000	1.521880
0.750000	-0.230565
0.751000	-0.790616
0.752000	0.112702
0.753000	0.148832
0.754000	-0.149258
0.755000	0.600492
0.756000	-0.013764
0.757000	-0.329929
0.758000	0.094646
0.759000	0.591464
0.760000	0.699855
0.761000	-0.049895
0.762000	-0.745457
0.763000	0.112702
0.764000	0.826321
0.765000	0.383708
0.766000	0.004310
0.767000	0.157879
0.768000	-0.185388
0.769000	0.022366
0.770000	0.320476
0.771000	-0.095053
0.772000	-0.664150
0.773000	-0.248621
0.774000	1.052150
0.775000	1.160560
0.776000	-0.031820
0.777000	-0.555759
0.778000	0.510175
0.779000	0.347560
0.780000	0.248196
0.781000	-0.194416
0.782000	-0.799644
0.783000	-0.673178
0.784000	0.763088
0.785000	0.645668
0.786000	0.076572
0.787000	-0.682224
0.788000	-0.167332
0.789000	0.907629
0.790000	1.043120
0.791000	-0.501554
0.792000	-1.332610
0.793000	-0.483479
0.794000	0.374662
0.795000	0.717929
0.796000	0.184963
0.797000	-0.609945
0.798000	-0.320882
0.799000	0.528231
0.800000	0.600492
0.801000	0.067543
0.802000	-0.591889
0.803000	-0.618992
0.804000	0.221112
0.805000	0.591464
0.806000	0.338532
0.807000	-0.131183
0.808000	-0.537684
0.809000	-0.483479
0.810000	0.510175
0.811000	0.636622
0.812000	-0.031820
0.813000	-0.248621
0.814000	0.049469
0.815000	0.573408
0.816000	0.618566
0.817000	0.212066
0.818000	-0.456395
0.819000	-0.284752
0.820000	-0.095053
0.821000	0.383708
0.822000	0.437895
0.823000	-0.248621
0.824000	-0.429293
0.825000	0.528231
0.826000	0.708901
0.827000	0.248196
0.828000	-0.375088
0.829000	-0.357013
0.830000	-0.176360
0.831000	0.239168
0.832000	0.157879
0.833000	-0.140230
0.834000	-0.113127
0.835000	0.067543
0.836000	0.266271
0.837000	0.203038
0.838000	0.148832
0.839000	-0.393162
0.840000	-0.510582
0.841000	-0.248621
0.842000	0.383708
0.843000	0.428867
0.844000	-0.266696
0.845000	-0.618992
0.846000	0.275299
0.847000	0.736004
0.848000	0.483072
0.849000	-0.131183
0.850000	-0.510582
0.851000	-0.185388
0.852000	0.311429
0.853000	0.139804
0.854000	-0.176360
0.855000	0.013338
0.856000	0.401764
0.857000	0.293373
0.858000	0.374662
0.859000	0.474025
0.860000	-0.384115
0.861000	-0.483479
0.862000	0.483072
0.863000	0.365634
0.864000	-0.302826
0.865000	0.194010
0.866000	0.582436
0.867000	0.148832
0.868000	0.175935
0.869000	0.483072
0.870000	-0.040867
0.871000	-0.185388
0.872000	0.175935
0.873000	0.194010
0.874000	-0.013764
0.875000	-0.131183
0.876000	0.049469
0.877000	0.203038
0.878000	0.184963
0.879000	0.166907
0.880000	0.130776
0.881000	-0.076997
0.882000	0.004310
0.883000	0.067543
0.884000	0.031413
0.885000	-0.067951
0.886000	-0.022792
0.887000	-0.095053
0.888000	-0.086025
0.889000	-0.013764
0.890000	0.248196
0.891000	-0.176360
0.892000	-0.302826
0.893000	0.004310
0.894000	0.293373
0.895000	-0.049895
0.896000	0.212066
0.897000	0.022366
0.898000	-0.004717
0.899000	0.374662
0.900000	0.257243
0.901000	-0.203463
0.902000	-0.257649
0.903000	0.257243
0.904000	0.103674
0.905000	-0.049895
0.906000	0.004310
0.907000	0.221112
0.908000	0.347560
0.909000	0.483072
0.910000	0.501128
0.911000	0.148832
0.912000	-0.113127
0.913000	0.103674
0.914000	0.347560
0.915000	-0.067951
0.916000	-0.113127
0.917000	0.067543
0.918000	-0.067951
0.919000	0.257243
0.920000	0.437895
0.921000	0.121730
0.922000	-0.203463
0.923000	0.085599
0.924000	0.103674
0.925000	0.139804
0.926000	-0.031820
0.927000	-0.221519
0.928000	-0.031820
0.929000	0.121730
0.930000	0.085599
0.931000	-0.040867
0.932000	-0.366059
0.933000	-0.212491
0.934000	-0.040867
0.935000	0.013338
0.936000	-0.239593
0.937000	-0.140230
0.938000	0.004310
0.939000	0.094646
0.940000	0.203038
0.941000	-0.013764
0.942000	-0.140230
0.943000	0.022366
0.944000	0.049469
0.945000	-0.149258
0.946000	0.022366
0.947000	0.040441
0.948000	-0.049895
0.949000	0.013338
0.950000	0.194010
0.951000	0.094646
0.952000	0.112702
0.953000	0.212066
0.954000	0.248196
0.955000	0.139804
0.956000	0.410792
0.957000	0.320476
0.958000	0.058497
0.959000	0.221112
0.960000	0.257243
0.961000	-0.076997
0.962000	0.175935
0.963000	0.329504
0.964000	-0.176360
0.965000	0.013338
0.966000	0.248196
0.967000	0.230140
0.968000	0.194010
0.969000	0.203038
0.970000	-0.104099
0.971000	-0.013764
0.972000	0.284345
0.973000	0.049469
0.974000	-0.248621
0.975000	-0.067951
0.976000	0.058497
0.977000	-0.049895
0.978000	-0.122155
0.979000	-0.031820
0.980000	-0.203463
0.981000	-0.149258
0.982000	0.130776
0.983000	-0.040867
0.984000	-0.086025
0.985000	-0.022792
0.986000	-0.031820
0.987000	-0.049895
0.988000	0.085599
0.989000	0.013338
0.990000	-0.122155
0.991000	-0.049895
0.992000	-0.058922
0.993000	0.085599
0.994000	0.157879
0.995000	-0.067951
0.996000	0.112702
0.997000	0.239168
0.998000	0.175935
0.999000	0.293373
1.000000	0.428867
1.001000	-0.140230
1.002000	0.130776
1.003000	0.428867
1.004000	0.184963
1.005000	-0.067951
1.006000	0.157879
1.007000	0.221112
1.008000	0.203038
1.009000	0.148832
1.010000	0.266271
1.011000	0.094646
1.012000	0.103674
1.013000	0.320476
1.014000	0.320476
1.015000	-0.140230
1.016000	-0.086025
1.017000	0.212066
1.018000	0.130776
1.019000	-0.158286
1.020000	0.175935
1.021000	0.013338
1.022000	-0.158286
1.023000	0.293373
1.024000	0.031413
1.025000	-0.429293
1.026000	-0.104099
1.027000	0.112702
1.028000	-0.230565
1.029000	-0.104099
1.030000	-0.049895
1.031000	-0.194416
1.032000	0.067543
1.033000	0.239168
1.034000	-0.122155
1.035000	-0.149258
1.036000	0.040441
1.037000	-0.013764
1.038000	0.121730
1.039000	-0.013764
1.040000	-0.248621
1.041000	0.203038
1.042000	0.203038
1.043000	-0.086025
1.044000	0.130776
1.045000	0.338532
1.046000	-0.104099
1.047000	0.058497
1.048000	0.546305
1.049000	0.058497
1.050000	-0.248621
1.051000	0.455969
1.052000	0.383708
1.053000	-0.212491
1.054000	0.184963
1.055000	0.356606
1.056000	-0.013764
1.057000	0.103674
1.058000	0.329504
1.059000	0.121730
1.060000	0.094646
1.061000	0.221112
1.062000	0.175935
1.063000	0.022366
1.064000	-0.076997
1.065000	0.302401
1.066000	0.203038
1.067000	-0.366059
1.068000	0.121730
1.069000	0.383708
1.070000	-0.257649
1.071000	-0.076997
1.072000	0.275299
1.073000	-0.176360
1.074000	-0.158286
1.075000	0.329504
1.076000	0.013338
1.077000	-0.347985
1.078000	0.022366
1.079000	0.221112
1.080000	0.031413
1.081000	-0.158286
1.082000	-0.031820
1.083000	0.049469
1.084000	-0.058922
1.085000	0.031413
1.086000	0.194010
1.087000	-0.140230
1.088000	-0.131183
1.089000	0.311429
1.090000	0.175935
1.091000	-0.113127
1.092000	0.076572
1.093000	0.184963
1.094000	0.022366
1.095000	0.194010
1.096000	0.212066
1.097000	-0.989343
1.098000	-0.104099
1.099000	2.181320
1.100000	0.203038
1.101000	-1.106780
1.102000	0.618566
1.103000	0.880526
1.104000	-0.049895
1.105000	-1.296480
1.106000	-0.040867
1.107000	-0.817718
1.108000	-0.411218
1.109000	1.910310
1.110000	1.305080
1.111000	-1.224200
1.112000	0.564361
1.113000	2.361970
1.114000	-0.420246
1.115000	-0.899007
1.116000	-1.133880
1.117000	-1.188070
1.118000	1.097330
1.119000	1.937410
1.120000	-0.700280
1.121000	-1.784270
1.122000	-0.040867
1.123000	1.829020
1.124000	0.970861
1.125000	-0.510582
1.126000	-1.413900
1.127000	-0.384115
1.128000	0.654696
1.129000	1.819970
1.130000	-0.474451
1.131000	-2.109460
1.132000	-0.212491
1.133000	1.458650
1.134000	1.377360
1.135000	-0.375088
1.136000	-1.486180
1.137000	-0.637048
1.138000	1.043120
1.139000	0.483072
1.140000	-0.266696
1.141000	-0.817718
1.142000	-0.835774
1.143000	0.790191
1.144000	1.693510
1.145000	0.058497
1.146000	-0.799644
1.147000	-0.366059
1.148000	0.311429
1.149000	0.799237
1.150000	0.248196
1.151000	-0.953212
1.152000	-0.402190
1.153000	1.079250
1.154000	0.745032
1.155000	-0.420246
1.156000	-0.393162
1.157000	0.175935
1.158000	0.528231
1.159000	0.293373
1.160000	0.031413
1.161000	-0.447349
1.162000	-0.411218
1.163000	0.239168
1.164000	0.546305
1.165000	0.094646
1.166000	-0.022792
1.167000	0.157879
1.168000	0.130776
1.169000	0.139804
1.170000	0.401764
1.171000	-0.067951
1.172000	-0.628020
1.173000	-0.158286
1.174000	0.302401
1.175000	-0.104099
1.176000	-0.086025
1.177000	0.347560
1.178000	0.175935
1.179000	0.085599
1.180000	0.374662
1.181000	0.148832
1.182000	-0.320882
1.183000	-0.076997
1.184000	0.175935
1.185000	-0.067951
1.186000	-0.149258
1.187000	0.148832
1.188000	0.130776
1.189000	-0.104099
1.190000	0.085599
1.191000	0.329504
1.192000	0.040441
1.193000	-0.095053
1.194000	0.103674
1.195000	0.085599
1.196000	-0.013764
1.197000	0.121730
1.198000	0.076572
1.199000	-0.230565
1.200000	-0.140230
1.201000	0.184963
1.202000	0.275299
1.203000	0.031413
1.204000	-0.203463
1.205000	-0.122155
1.206000	0.157879
1.207000	0.257243
1.208000	0.076572
1.209000	0.031413
1.210000	0.203038
1.211000	0.383708
1.212000	0.103674
1.213000	-0.185388
1.214000	-0.076997
1.215000	-0.122155
1.216000	-0.212491
1.217000	0.212066
1.218000	0.293373
1.219000	-0.149258
1.220000	0.022366
1.221000	0.392736
1.222000	0.203038
1.223000	0.040441
1.224000	0.175935
1.225000	0.157879
1.226000	0.166907
1.227000	0.203038
1.228000	0.058497
1.229000	-0.076997
1.230000	-0.004717
1.231000	0.194010
1.232000	0.157879
1.233000	0.103674
1.234000	0.203038
1.235000	0.157879
1.236000	0.067543
1.237000	0.094646
1.238000	-0.004717
1.239000	-0.122155
1.240000	-0.058922
1.241000	0.067543
1.242000	0.103674
1.243000	0.166907
1.244000	0.166907
1.245000	-0.049895
1.246000	-0.158286
1.247000	-0.013764
1.248000	0.076572
1.249000	0.031413
1.250000	0.076572
1.251000	0.031413
1.252000	-0.040867
1.253000	0.112702
1.254000	0.175935
1.255000	-0.004717
1.256000	-0.004717
1.257000	0.067543
1.258000	0.022366
1.259000	0.013338
1.260000	-0.022792
1.261000	-0.086025
1.262000	-0.104099
1.263000	0.049469
1.264000	0.139804
1.265000	0.085599
1.266000	0.112702
1.267000	0.221112
1.268000	0.184963
1.269000	0.166907
1.270000	0.184963
1.271000	0.121730
1.272000	0.031413
1.273000	0.076572
1.274000	0.103674
1.275000	0.022366
1.276000	0.022366
1.277000	0.013338
1.278000	0.040441
1.279000	0.148832
1.280000	0.203038
1.281000	0.076572
1.282000	0.130776
1.283000	0.221112
1.284000	0.148832
1.285000	0.058497
1.286000	0.058497
1.287000	0.049469
1.288000	0.049469
1.289000	0.058497
1.290000	0.013338
1.291000	-0.031820
1.292000	0.013338
1.293000	0.067543
1.294000	0.004310
1.295000	-0.031820
1.296000	0.112702
1.297000	0.166907
1.298000	0.121730
1.299000	0.076572
1.300000	0.031413
1.301000	-0.058922
1.302000	0.022366
1.303000	0.103674
1.304000	-0.004717
1.305000	-0.067951
1.306000	0.031413
1.307000	0.094646
1.308000	0.103674
1.309000	0.221112
1.310000	0.067543
1.311000	-0.076997
1.312000	0.121730
1.313000	0.121730
1.314000	-0.022792
1.315000	0.022366
1.316000	0.130776
1.317000	0.058497
1.318000	0.112702
1.319000	0.221112
1.320000	0.085599
1.321000	-0.004717
1.322000	-0.022792
1.323000	0.076572
1.324000	0.058497
1.325000	0.040441
1.326000	0.094646
1.327000	0.121730
1.328000	0.094646
1.329000	0.175935
1.330000	0.148832
1.331000	0.013338
1.332000	-0.022792
1.333000	0.058497
1.334000	0.022366
1.335000	-0.095053
1.336000	-0.049895
1.337000	0.040441
1.338000	0.004310
1.339000	-0.031820
1.340000	0.031413
1.341000	0.112702
1.342000	0.067543
1.343000	0.040441
1.344000	0.067543
1.345000	-0.004717
1.346000	0.022366
1.347000	0.031413
1.348000	0.022366
1.349000	0.058497
1.350000	0.076572
1.351000	-0.013764
1.352000	-0.004717
1.353000	0.058497
1.354000	-0.022792
1.355000	-0.040867
1.356000	0.031413
1.357000	0.139804
1.358000	0.058497
1.359000	-0.004717
1.360000	0.085599
1.361000	0.130776
1.362000	0.022366
1.363000	0.076572
1.364000	0.139804
1.365000	0.004310
1.366000	-0.086025
1.367000	0.049469
1.368000	0.139804
1.369000	0.121730
1.370000	0.067543
1.371000	0.040441
1.372000	0.085599
1.373000	0.094646
1.374000	0.112702
1.375000	0.076572
1.376000	-0.031820
1.377000	-0.067951
1.378000	0.031413
1.379000	0.058497
1.380000	0.076572
1.381000	0.076572
1.382000	0.013338
1.383000	0.058497
1.384000	0.148832
1.385000	0.049469
1.386000	-0.031820
1.387000	0.013338
1.388000	0.058497
1.389000	0.058497
1.390000	0.094646
1.391000	0.085599
1.392000	0.076572
1.393000	0.139804
1.394000	0.121730
1.395000	0.103674
1.396000	0.094646
1.397000	0.058497
1.398000	0.022366
1.399000	0.058497
1.400000	0.085599
1.401000	0.103674
1.402000	0.139804
1.403000	0.166907
1.404000	0.139804
1.405000	0.121730
1.406000	0.112702
1.407000	0.148832
1.408000	0.103674
1.409000	0.022366
1.410000	0.040441
1.411000	0.112702
1.412000	0.103674
1.413000	0.013338
1.414000	0.031413
1.415000	0.130776
1.416000	0.130776
1.417000	0.085599
1.418000	0.094646
1.419000	-0.013764
1.420000	-0.031820
1.421000	0.067543
1.422000	0.022366
1.423000	-0.049895
1.424000	0.022366
1.425000	0.058497
1.426000	0.067543
1.427000	0.058497
1.428000	0.031413
1.429000	-0.004717
1.430000	0.004310
1.431000	0.049469
1.432000	0.040441
1.433000	0.004310
1.434000	0.058497
1.435000	0.085599
1.436000	0.058497
1.437000	0.049469
1.438000	0.067543
1.439000	0.067543
1.440000	0.112702
1.441000	0.175935
1.442000	0.112702
1.443000	0.013338
1.444000	0.112702
1.445000	0.166907
1.446000	0.094646
1.447000	0.040441
1.448000	0.094646
1.449000	0.103674
1.450000	0.112702
1.451000	0.112702
1.452000	0.085599
1.453000	0.094646
1.454000	0.112702
1.455000	0.112702
1.456000	0.076572
1.457000	0.067543
1.458000	0.049469
1.459000	0.031413
1.460000	0.013338
1.461000	0.031413
1.462000	0.004310
1.463000	-0.004717
1.464000	0.022366
1.465000	0.049469
1.466000	0.004310
1.467000	-0.004717
1.468000	0.013338
1.469000	-0.013764
1.470000	-0.058922
1.471000	-0.013764
1.472000	0.013338
1.473000	-0.067951
1.474000	-0.058922
1.475000	0.022366
1.476000	-0.040867
1.477000	-0.067951
1.478000	0.031413
1.479000	0.058497
1.480000	0.004310
1.481000	0.058497
1.482000	0.067543
1.483000	0.004310
1.484000	0.049469
1.485000	0.103674
1.486000	0.040441
1.487000	0.013338
1.488000	0.112702
1.489000	0.148832
1.490000	0.094646
1.491000	0.112702
1.492000	0.157879
1.493000	0.103674
1.494000	0.121730
1.495000	0.175935
1.496000	0.085599
1.497000	0.058497
1.498000	0.139804
1.499000	0.130776
1.500000	0.112702
1.501000	0.112702
1.502000	0.121730
1.503000	0.112702
1.504000	0.130776
1.505000	0.112702
1.506000	0.031413
1.507000	0.013338
1.508000	0.103674
1.509000	0.112702
1.510000	0.004310
1.511000	-0.022792
1.512000	0.031413
1.513000	0.049469
1.514000	0.058497
1.515000	0.031413
1.516000	-0.040867
1.517000	0.022366
1.518000	0.076572
1.519000	-0.004717
1.520000	-0.076997
1.521000	-0.013764
1.522000	-0.004717
1.523000	0.022366
1.524000	0.022366
1.525000	-0.022792
1.526000	-0.004717
1.527000	0.112702
1.528000	0.139804
1.529000	0.049469
1.530000	0.004310
1.531000	0.076572
1.532000	0.139804
1.533000	0.121730
1.534000	0.049469
1.535000	0.004310
1.536000	0.130776
1.537000	0.203038
1.538000	0.139804
1.539000	0.121730
1.540000	0.130776
1.541000	0.130776
1.542000	0.166907
1.543000	0.212066
1.544000	0.103674
1.545000	0.094646
1.546000	0.230140
1.547000	0.194010
1.548000	0.058497
1.549000	0.076572
1.550000	0.121730
1.551000	0.094646
1.552000	0.103674
1.553000	0.103674
1.554000	0.076572
1.555000	0.049469
1.556000	0.121730
1.557000	0.103674
1.558000	-0.022792
1.559000	-0.013764
1.560000	0.022366
1.561000	0.040441
1.562000	0.022366
1.563000	0.022366
1.564000	-0.022792
1.565000	-0.058922
1.566000	0.031413
1.567000	0.040441
1.568000	-0.104099
1.569000	-0.122155
1.570000	0.004310
1.571000	-0.013764
1.572000	-0.031820
1.573000	0.031413
1.574000	0.013338
1.575000	-0.004717
1.576000	0.040441
1.577000	0.040441
1.578000	-0.013764
1.579000	-0.013764
1.580000	0.013338
1.581000	0.040441
1.582000	0.031413
1.583000	0.013338
1.584000	0.058497
1.585000	0.076572
1.586000	0.085599
1.587000	0.112702
1.588000	0.085599
1.589000	0.067543
1.590000	0.130776
1.591000	0.112702
1.592000	0.094646
1.593000	0.112702
1.594000	0.067543
1.595000	0.040441
1.596000	0.103674
1.597000	0.112702
1.598000	0.076572
1.599000	0.112702
1.600000	0.076572
1.601000	0.085599
1.602000	0.112702
1.603000	0.076572
1.604000	0.013338
1.605000	0.076572
1.606000	0.058497
1.607000	-0.004717
1.608000	0.040441
1.609000	0.022366
1.610000	0.013338
1.611000	0.058497
1.612000	0.022366
1.613000	-0.031820
1.614000	0.049469
1.615000	0.031413
1.616000	-0.013764
1.617000	0.031413
1.618000	0.031413
1.619000	-0.040867
1.620000	0.022366
1.621000	0.058497
1.622000	0.022366
1.623000	0.022366
1.624000	0.040441
1.625000	0.058497
1.626000	0.049469
1.627000	0.058497
1.628000	0.058497
1.629000	0.022366
1.630000	0.040441
1.631000	0.112702
1.632000	0.094646
1.633000	0.040441
1.634000	0.112702
1.635000	0.103674
1.636000	0.067543
1.637000	0.139804
1.638000	0.112702
1.639000	0.040441
1.640000	0.121730
1.641000	0.139804
1.642000	0.067543
1.643000	0.067543
1.644000	0.067543
1.645000	0.076572
1.646000	0.139804
1.647000	0.194010
1.648000	0.130776
1.649000	0.067543
1.650000	0.103674
1.651000	0.130776
1.652000	0.085599
1.653000	0.031413
1.654000	0.031413
1.655000	0.058497
1.656000	0.085599
1.657000	0.112702
1.658000	0.076572
1.659000	0.031413
1.660000	0.067543
1.661000	0.067543
1.662000	0.040441
1.663000	0.058497
1.664000	0.058497
1.665000	0.040441
1.666000	0.103674
1.667000	0.085599
1.668000	0.022366
1.669000	0.031413
1.670000	0.103674
1.671000	0.112702
1.672000	0.067543
1.673000	0.067543
1.674000	0.076572
1.675000	0.094646
1.676000	0.121730
1.677000	0.058497
1.678000	0.022366
1.679000	0.085599
1.680000	0.130776
1.681000	0.085599
1.682000	0.085599
1.683000	0.112702
1.684000	0.067543
1.685000	0.085599
1.686000	0.103674
1.687000	0.040441
1.688000	0.031413
1.689000	0.085599
1.690000	0.094646
1.691000	0.067543
1.692000	0.076572
1.693000	0.085599
1.694000	0.067543
1.695000	0.067543
1.696000	0.058497
1.697000	0.004310
1.698000	0.004310
1.699000	0.076572
1.700000	0.058497
1.701000	0.013338
1.702000	0.013338
1.703000	0.031413
1.704000	0.040441
1.705000	0.022366
1.706000	0.013338
1.707000	0.004310
1.708000	0.049469
1.709000	0.067543
1.710000	0.040441
1.711000	0.040441
1.712000	0.058497
1.713000	0.058497
1.714000	0.040441
1.715000	0.040441
1.716000	0.013338
1.717000	0.022366
1.718000	0.085599
1.719000	0.067543
1.720000	0.022366
1.721000	0.094646
1.722000	0.130776
1.723000	0.076572
1.724000	0.085599
1.725000	0.076572
1.726000	0.031413
1.727000	0.076572
1.728000	0.157879
1.729000	0.067543
1.730000	0.013338
1.731000	0.139804
1.732000	0.121730
1.733000	0.004310
1.734000	0.067543
1.735000	0.067543
1.736000	0.004310
1.737000	0.058497
1.738000	0.085599
1.739000	-0.004717
1.740000	0.040441
1.741000	0.094646
1.742000	0.040441
1.743000	-0.013764
1.744000	0.004310
1.745000	0.013338
1.746000	0.004310
1.747000	0.022366
1.748000	0.049469
1.749000	-0.022792
1.750000	-0.031820
1.751000	0.031413
1.752000	0.013338
1.753000	-0.049895
1.754000	0.022366
1.755000	0.049469
1.756000	0.004310
1.757000	0.031413
1.758000	0.049469
1.759000	0.004310
1.760000	0.040441
1.761000	0.076572
1.762000	0.013338
1.763000	0.031413
1.764000	0.085599
1.765000	0.103674
1.766000	0.085599
1.767000	0.058497
1.768000	0.076572
1.769000	0.103674
1.770000	0.085599
1.771000	0.094646
1.772000	0.085599
1.773000	0.094646
1.774000	0.130776
1.775000	0.130776
1.776000	0.085599
1.777000	0.085599
1.778000	0.112702
1.779000	0.076572
1.780000	0.085599
1.781000	0.103674
1.782000	0.076572
1.783000	0.076572
1.784000	0.112702
1.785000	0.112702
1.786000	0.076572
1.787000	0.067543
1.788000	0.085599
1.789000	0.067543
1.790000	0.049469
1.791000	0.040441
1.792000	0.031413
1.793000	0.058497
1.794000	0.031413
1.795000	0.058497
1.796000	0.049469
1.797000	0.022366
1.798000	-0.004717
1.799000	0.031413
1.800000	0.085599
1.801000	0.031413
1.802000	-0.004717
1.803000	0.040441
1.804000	0.067543
1.805000	0.076572
1.806000	0.058497
1.807000	-0.004717
1.808000	-0.004717
1.809000	0.085599
1.810000	0.103674
1.811000	0.022366
1.812000	0.022366
1.813000	0.085599
1.814000	0.112702
1.815000	0.085599
1.816000	0.085599
1.817000	0.022366
1.818000	0.058497
1.819000	0.148832
1.820000	0.130776
1.821000	0.040441
1.822000	0.058497
1.823000	0.121730
1.824000	0.121730
1.825000	0.112702
1.826000	0.103674
1.827000	0.058497
1.828000	0.076572
1.829000	0.139804
1.830000	0.148832
1.831000	0.067543
1.832000	0.058497
1.833000	0.112702
1.834000	0.121730
1.835000	0.094646
1.836000	0.067543
1.837000	0.040441
1.838000	0.076572
1.839000	0.121730
1.840000	0.094646
1.841000	0.049469
1.842000	0.067543
1.843000	0.094646
1.844000	0.031413
1.845000	0.040441
1.846000	0.067543
1.847000	0.040441
1.848000	0.058497
1.849000	0.067543
1.850000	0.049469
1.851000	0.040441
1.852000	0.067543
1.853000	0.040441
1.854000	-0.004717
1.855000	0.013338
1.856000	0.058497
1.857000	0.022366
1.858000	0.040441
1.859000	0.076572
1.860000	0.031413
1.861000	0.022366
1.862000	0.058497
1.863000	0.022366
1.864000	0.013338
1.865000	0.067543
1.866000	0.067543
1.867000	0.013338
1.868000	0.022366
1.869000	0.094646
1.870000	0.067543
1.871000	-0.004717
1.872000	0.013338
1.873000	0.076572
1.874000	0.049469
1.875000	0.085599
1.876000	0.103674
1.877000	0.040441
1.878000	0.085599
1.879000	0.166907
1.880000	0.094646
1.881000	0.004310
1.882000	0.058497
1.883000	0.085599
1.884000	0.076572
1.885000	0.076572
1.886000	0.076572
1.887000	0.031413
1.888000	0.121730
1.889000	0.157879
1.890000	0.067543
1.891000	0.013338
1.892000	0.058497
1.893000	0.085599
1.894000	0.103674
1.895000	0.085599
1.896000	0.049469
1.897000	0.040441
1.898000	0.094646
1.899000	0.094646
1.900000	-0.013764
1.901000	-0.040867
1.902000	0.040441
1.903000	0.085599
1.904000	0.049469
1.905000	0.031413
1.906000	0.022366
1.907000	-0.004717
1.908000	-0.004717
1.909000	0.013338
1.910000	-0.031820
1.911000	-0.031820
1.912000	0.022366
1.913000	0.031413
1.914000	0.031413
1.915000	0.040441
1.916000	0.004310
1.917000	-0.022792
1.918000	0.004310
1.919000	0.040441
1.920000	0.004310
1.921000	0.013338
1.922000	0.058497
1.923000	0.049469
1.924000	0.067543
1.925000	0.076572
1.926000	0.076572
1.927000	0.049469
1.928000	0.049469
1.929000	0.094646
1.930000	0.103674
1.931000	0.085599
1.932000	0.085599
1.933000	0.094646
1.934000	0.094646
1.935000	0.121730
1.936000	0.121730
1.937000	0.085599
1.938000	0.076572
1.939000	0.130776
1.940000	0.130776
1.941000	0.103674
1.942000	0.094646
1.943000	0.094646
1.944000	0.085599
1.945000	0.094646
1.946000	0.076572
1.947000	0.040441
1.948000	0.031413
1.949000	0.049469
1.950000	0.085599
1.951000	0.058497
1.952000	0.058497
1.953000	0.040441
1.954000	0.031413
1.955000	0.031413
1.956000	0.031413
1.957000	0.013338
1.958000	-0.004717
1.959000	0.022366
1.960000	0.013338
1.961000	0.004310
1.962000	0.031413
1.963000	0.058497
1.964000	-0.022792
1.965000	-0.040867
1.966000	0.031413
1.967000	0.049469
1.968000	0.040441
1.969000	0.040441
1.970000	0.040441
1.971000	0.040441
1.972000	0.094646
1.973000	0.058497
1.974000	0.004310
1.975000	0.040441
1.976000	0.103674
1.977000	0.112702
1.978000	0.094646
1.979000	0.103674
1.980000	0.076572
1.981000	0.112702
1.982000	0.157879
1.983000	0.139804
1.984000	0.085599
1.985000	0.094646
1.986000	0.139804
1.987000	0.148832
1.988000	0.130776
1.989000	0.112702
1.990000	0.094646
1.991000	0.112702
1.992000	0.130776
1.993000	0.112702
1.994000	0.076572
1.995000	0.103674
1.996000	0.112702
1.997000	0.094646
1.998000	0.103674
1.999000	0.085599
2.000000	0.031413
2.001000	0.031413
2.002000	0.076572
2.003000	0.058497
2.004000	0.013338
2.005000	0.013338
2.006000	0.031413
2.007000	0.058497
2.008000	0.076572
2.009000	0.022366
2.010000	-0.031820
2.011000	-0.022792
2.012000	0.040441
2.013000	0.049469
2.014000	0.013338
2.015000	-0.013764
2.016000	0.022366
2.017000	0.022366
2.018000	0.049469
2.019000	0.022366
2.020000	-0.013764
2.021000	-0.004717
2.022000	0.076572
2.023000	0.103674
2.024000	0.049469
2.025000	0.031413
2.026000	0.058497
2.027000	0.094646
2.028000	0.121730
2.029000	0.076572
2.030000	0.022366
2.031000	0.049469
2.032000	0.166907
2.033000	0.157879
2.034000	0.085599
2.035000	0.058497
2.036000	0.103674
2.037000	0.130776
2.038000	0.139804
2.039000	0.094646
2.040000	0.040441
2.041000	0.094646
2.042000	0.166907
2.043000	0.157879
2.044000	0.103674
2.045000	0.067543
2.046000	0.076572
2.047000	0.121730
2.048000	0.103674
2.049000	0.031413
2.050000	-0.013764
2.051000	0.058497
2.052000	0.139804
2.053000	0.085599
2.054000	0.013338
2.055000	-0.004717
2.056000	0.022366
2.057000	0.049469
2.058000	0.058497
2.059000	0.013338
2.060000	-0.004717
2.061000	0.040441
2.062000	0.067543
2.063000	0.040441
2.064000	0.004310
2.065000	-0.004717
2.066000	0.004310
2.067000	0.040441
2.068000	0.058497
2.069000	0.040441
2.070000	0.013338
2.071000	0.040441
2.072000	0.085599
2.073000	0.049469
2.074000	0.013338
2.075000	0.022366
2.076000	0.040441
2.077000	0.049469
2.078000	0.085599
2.079000	0.076572
2.080000	0.058497
2.081000	0.085599
2.082000	0.094646
2.083000	0.076572
2.084000	0.067543
2.085000	0.076572
2.086000	0.058497
2.087000	0.067543
2.088000	0.094646
2.089000	0.076572
2.090000	0.076572
2.091000	0.076572
2.092000	0.076572
2.093000	0.076572
2.094000	0.058497
2.095000	0.040441
2.096000	0.049469
2.097000	0.049469
2.098000	0.040441
2.099000	0.040441
2.100000	0.049469
2.101000	0.031413
2.102000	0.031413
2.103000	0.031413
2.104000	0.049469
2.105000	0.022366
2.106000	0.031413
2.107000	0.040441
2.108000	0.022366
2.109000	0.022366
2.110000	0.049469
2.111000	0.031413
2.112000	0.031413
2.113000	0.022366
2.114000	0.022366
2.115000	0.040441
2.116000	0.058497
2.117000	0.022366
2.118000	0.040441
2.119000	0.049469
2.120000	0.067543
2.121000	0.040441
2.122000	0.040441
2.123000	0.058497
2.124000	0.076572
2.125000	0.067543
2.126000	0.067543
2.127000	0.067543
2.128000	0.067543
2.129000	0.076572
2.130000	0.076572
2.131000	0.049469
2.132000	0.058497
2.133000	0.067543
2.134000	0.076572
2.135000	0.076572
2.136000	0.076572
2.137000	0.076572
2.138000	0.076572
2.139000	0.067543
2.140000	0.049469
2.141000	0.040441
2.142000	0.058497
2.143000	0.067543
2.144000	0.058497
2.145000	0.067543
2.146000	0.049469
2.147000	0.058497
2.148000	0.076572
2.149000	0.067543
2.150000	0.040441
2.151000	0.049469
2.152000	0.058497
2.153000	0.067543
2.154000	0.058497
2.155000	0.058497
2.156000	0.049469
2.157000	0.067543
2.158000	0.076572
2.159000	0.058497
2.160000	0.067543
2.161000	0.076572
2.162000	0.094646
2.163000	0.094646
2.164000	0.085599
2.165000	0.094646
2.166000	0.076572
2.167000	0.076572
2.168000	0.085599
2.169000	0.076572
2.170000	0.085599
2.171000	0.085599
2.172000	0.103674
2.173000	0.094646
2.174000	0.094646
2.175000	0.085599
2.176000	0.076572
2.177000	0.076572
2.178000	0.094646
2.179000	0.067543
2.180000	0.085599
2.181000	0.085599
2.182000	0.058497
2.183000	0.058497
2.184000	0.076572
2.185000	0.049469
2.186000	0.031413
2.187000	0.058497
2.188000	0.085599
2.189000	0.058497
2.190000	0.049469
2.191000	0.058497
2.192000	0.049469
2.193000	0.049469
2.194000	0.058497
2.195000	0.031413
2.196000	0.031413
2.197000	0.067543
2.198000	0.085599
2.199000	0.040441
