-0.300000	-14.310600
-0.299000	-14.310600
-0.298000	-13.281300
-0.297000	-14.824700
-0.296000	-14.824700
-0.295000	-14.310600
-0.294000	-14.310600
-0.293000	-14.824700
-0.292000	-14.310600
-0.291000	-14.310600
-0.290000	-14.310600
-0.289000	-14.310600
-0.288000	-13.795500
-0.287000	-14.310600
-0.286000	-14.824700
-0.285000	-13.795500
-0.284000	-13.795500
-0.283000	-13.795500
-0.282000	-14.310600
-0.281000	-13.281300
-0.280000	-13.795500
-0.279000	-13.795500
-0.278000	-13.795500
-0.277000	-14.310600
-0.276000	-14.310600
-0.275000	-14.310600
-0.274000	-14.310600
-0.273000	-14.310600
-0.272000	-13.281300
-0.271000	-13.795500
-0.270000	-13.795500
-0.269000	-13.795500
-0.268000	-14.310600
-0.267000	-13.795500
-0.266000	-13.281300
-0.265000	-14.824700
-0.264000	-14.310600
-0.263000	-14.310600
-0.262000	-13.795500
-0.261000	-14.310600
-0.260000	-13.795500
-0.259000	-14.310600
-0.258000	-14.310600
-0.257000	-14.310600
-0.256000	-14.310600
-0.255000	-14.310600
-0.254000	-13.795500
-0.253000	-13.795500
-0.252000	-13.795500
-0.251000	-14.310600
-0.250000	-14.310600
-0.249000	-13.795500
-0.248000	-14.310600
-0.247000	-14.310600
-0.246000	-13.795500
-0.245000	-14.310600
-0.244000	-14.310600
-0.243000	-14.310600
-0.242000	-14.824700
-0.241000	-13.795500
-0.240000	-13.795500
-0.239000	-13.795500
-0.238000	-13.795500
-0.237000	-14.310600
-0.236000	-13.795500
-0.235000	-14.310600
-0.234000	-13.795500
-0.233000	-13.795500
-0.232000	-13.795500
-0.231000	-13.795500
-0.230000	-13.795500
-0.229000	-14.310600
-0.228000	-13.795500
-0.227000	-13.795500
-0.226000	-14.824700
-0.225000	-14.824700
-0.224000	-14.310600
-0.223000	-13.795500
-0.222000	-13.795500
-0.221000	-13.795500
-0.220000	-13.795500
-0.219000	-13.795500
-0.218000	-14.310600
-0.217000	-13.795500
-0.216000	-13.795500
-0.215000	-13.281300
-0.214000	-14.310600
-0.213000	-13.795500
-0.212000	-13.795500
-0.211000	-13.795500
-0.210000	-14.310600
-0.209000	-14.310600
-0.208000	-13.795500
-0.207000	-14.310600
-0.206000	-13.795500
-0.205000	-14.310600
-0.204000	-13.795500
-0.203000	-13.795500
-0.202000	-13.795500
-0.201000	-14.310600
-0.200000	-13.795500
-0.199000	-13.281300
-0.198000	-14.310600
-0.197000	-14.824700
-0.196000	-14.310600
-0.195000	-13.795500
-0.194000	-13.795500
-0.193000	-14.310600
-0.192000	-14.310600
-0.191000	-13.795500
-0.190000	-13.795500
-0.189000	-13.795500
-0.188000	-13.281300
-0.187000	-13.795500
-0.186000	-13.795500
-0.185000	-13.795500
-0.184000	-14.310600
-0.183000	-14.310600
-0.182000	-13.795500
-0.181000	-13.795500
-0.180000	-13.795500
-0.179000	-13.795500
-0.178000	-14.310600
-0.177000	-13.795500
-0.176000	-13.795500
-0.175000	-13.795500
-0.174000	-14.310600
-0.173000	-13.795500
-0.172000	-13.795500
-0.171000	-14.310600
-0.170000	-13.795500
-0.169000	-13.795500
-0.168000	-13.795500
-0.167000	-13.795500
-0.166000	-14.824700
-0.165000	-14.310600
-0.164000	-13.795500
-0.163000	-13.795500
-0.162000	-13.795500
-0.161000	-14.310600
-0.160000	-13.795500
-0.159000	-14.310600
-0.158000	-14.310600
-0.157000	-14.310600
-0.156000	-14.310600
-0.155000	-14.310600
-0.154000	-13.795500
-0.153000	-14.310600
-0.152000	-13.795500
-0.151000	-13.795500
-0.150000	-13.795500
-0.149000	-13.795500
-0.148000	-13.795500
-0.147000	-15.338800
-0.146000	-13.795500
-0.145000	-14.824700
-0.144000	-14.310600
-0.143000	-13.795500
-0.142000	-13.795500
-0.141000	-14.310600
-0.140000	-13.795500
-0.139000	-13.795500
-0.138000	-14.310600
-0.137000	-13.795500
-0.136000	-14.310600
-0.135000	-13.795500
-0.134000	-14.310600
-0.133000	-13.281300
-0.132000	-13.795500
-0.131000	-13.795500
-0.130000	-13.795500
-0.129000	-14.310600
-0.128000	-13.795500
-0.127000	-13.795500
-0.126000	-14.310600
-0.125000	-14.824700
-0.124000	-14.310600
-0.123000	-14.310600
-0.122000	-14.310600
-0.121000	-14.310600
-0.120000	-14.310600
-0.119000	-13.795500
-0.118000	-13.795500
-0.117000	-13.795500
-0.116000	-13.795500
-0.115000	-14.824700
-0.114000	-14.310600
-0.113000	-13.795500
-0.112000	-13.795500
-0.111000	-14.824700
-0.110000	-14.824700
-0.109000	-14.310600
-0.108000	-13.795500
-0.107000	-14.310600
-0.106000	-14.310600
-0.105000	-13.281300
-0.104000	-14.310600
-0.103000	-14.310600
-0.102000	-13.795500
-0.101000	-14.310600
-0.100000	-13.795500
-0.099000	-13.795500
-0.098000	-14.310600
-0.097000	-14.310600
-0.096000	-14.310600
-0.095000	-14.310600
-0.094000	-13.795500
-0.093000	-13.795500
-0.092000	-14.824700
-0.091000	-14.310600
-0.090000	-13.795500
-0.089000	-14.310600
-0.088000	-13.281300
-0.087000	-13.795500
-0.086000	-14.310600
-0.085000	-13.795500
-0.084000	-14.310600
-0.083000	-13.795500
-0.082000	-13.795500
-0.081000	-14.310600
-0.080000	-13.795500
-0.079000	-14.310600
-0.078000	-14.310600
-0.077000	-13.795500
-0.076000	-12.767200
-0.075000	-14.310600
-0.074000	-14.824700
-0.073000	-14.310600
-0.072000	-14.310600
-0.071000	-13.795500
-0.070000	-13.795500
-0.069000	-13.795500
-0.068000	-13.795500
-0.067000	-13.795500
-0.066000	-13.795500
-0.065000	-14.310600
-0.064000	-14.310600
-0.063000	-14.310600
-0.062000	-14.310600
-0.061000	-13.795500
-0.060000	-13.795500
-0.059000	-14.824700
-0.058000	-14.310600
-0.057000	-14.310600
-0.056000	-14.310600
-0.055000	-13.795500
-0.054000	-13.795500
-0.053000	-14.310600
-0.052000	-14.310600
-0.051000	-14.310600
-0.050000	-14.310600
-0.049000	-13.795500
-0.048000	-13.795500
-0.047000	-13.795500
-0.046000	-13.795500
-0.045000	-14.310600
-0.044000	-14.310600
-0.043000	-13.795500
-0.042000	-14.310600
-0.041000	-13.795500
-0.040000	-14.310600
-0.039000	-13.795500
-0.038000	-13.795500
-0.037000	-13.795500
-0.036000	-13.795500
-0.035000	-14.310600
-0.034000	-13.795500
-0.033000	-13.795500
-0.032000	-14.310600
-0.031000	-14.310600
-0.030000	-14.824700
-0.029000	-17.396299
-0.028000	-18.425501
-0.027000	-18.939600
-0.026000	-19.968901
-0.025000	-22.026400
-0.024000	-23.054600
-0.023000	-23.569700
-0.022000	-24.083799
-0.021000	-23.569700
-0.020000	-23.569700
-0.019000	-23.054600
-0.018000	-24.597900
-0.017000	-24.083799
-0.016000	-23.569700
-0.015000	-24.597900
-0.014000	-26.141300
-0.013000	-27.170601
-0.012000	-27.170601
-0.011000	-27.170601
-0.010000	-26.655399
-0.009000	-24.083799
-0.008000	-15.852900
-0.007000	-11.738000
-0.006000	-13.795500
-0.005000	-23.054600
-0.004000	-27.170601
-0.003000	-28.198799
-0.002000	-28.712900
-0.001000	-27.170601
0.000000	-25.627199
0.001000	-24.083799
0.002000	-22.540501
0.003000	-22.540501
0.004000	-22.540501
0.005000	-23.054600
0.006000	-25.113100
0.007000	-27.170601
0.008000	-28.712900
0.009000	-29.228001
0.010000	-30.256201
0.011000	-30.771400
0.012000	-32.313702
0.013000	-31.799601
0.014000	-32.313702
0.015000	-29.742100
0.016000	-28.712900
0.017000	-28.198799
0.018000	-30.256201
0.019000	-32.313702
0.020000	-34.372200
0.021000	-34.886299
0.022000	-33.342999
0.023000	-31.799601
0.024000	-30.256201
0.025000	-29.742100
0.026000	-29.742100
0.027000	-30.256201
0.028000	-31.799601
0.029000	-32.313702
0.030000	-32.313702
0.031000	-31.799601
0.032000	-30.771400
0.033000	-29.228001
0.034000	-27.684700
0.035000	-26.141300
0.036000	-25.113100
0.037000	-25.113100
0.038000	-24.597900
0.039000	-26.141300
0.040000	-26.655399
0.041000	-28.198799
0.042000	-29.228001
0.043000	-29.228001
0.044000	-28.198799
0.045000	-27.170601
0.046000	-24.083799
0.047000	-24.597900
0.048000	-24.597900
0.049000	-26.141300
0.050000	-26.655399
0.051000	-27.170601
0.052000	-25.113100
0.053000	-25.113100
0.054000	-24.597900
0.055000	-24.597900
0.056000	-24.597900
0.057000	-24.597900
0.058000	-28.198799
0.059000	-25.113100
0.060000	-20.483000
0.061000	-27.170601
0.062000	-22.540501
0.063000	-23.569700
0.064000	-24.083799
0.065000	-26.655399
0.066000	-26.141300
0.067000	-25.113100
0.068000	-24.597900
0.069000	-25.113100
0.070000	-25.627199
0.071000	-27.170601
0.072000	-27.170601
0.073000	-26.141300
0.074000	-29.228001
0.075000	-27.170601
0.076000	-26.141300
0.077000	-25.113100
0.078000	-25.627199
0.079000	-24.083799
0.080000	-26.141300
0.081000	-27.170601
0.082000	-27.170601
0.083000	-26.141300
0.084000	-24.597900
0.085000	-11.738000
0.086000	-22.540501
0.087000	-19.453699
0.088000	-18.939600
0.089000	-26.141300
0.090000	-26.655399
0.091000	-22.540501
0.092000	-25.627199
0.093000	-24.083799
0.094000	-23.569700
0.095000	-23.569700
0.096000	-25.113100
0.097000	-22.026400
0.098000	-22.540501
0.099000	-23.569700
0.100000	-22.540501
0.101000	-23.569700
0.102000	-25.113100
0.103000	-24.083799
0.104000	-24.597900
0.105000	-29.228001
0.106000	-39.515400
0.107000	-17.396299
0.108000	-32.828899
0.109000	-27.170601
0.110000	-23.569700
0.111000	-18.939600
0.112000	-23.054600
0.113000	-16.882200
0.114000	-18.425501
0.115000	-22.026400
0.116000	-14.824700
0.117000	-19.453699
0.118000	16.039400
0.119000	-25.113100
0.120000	-10.709800
0.121000	-8.652310
0.122000	-24.597900
0.123000	-24.083799
0.124000	-7.108950
0.125000	-23.569700
0.126000	-18.939600
0.127000	-19.453699
0.128000	-16.882200
0.129000	-27.170601
0.130000	-11.223900
0.131000	-19.453699
0.132000	-19.968901
0.133000	-25.627199
0.134000	-17.396299
0.135000	-25.113100
0.136000	-39.515400
0.137000	23.240999
0.138000	133.322006
0.139000	-29.228001
0.140000	6.780260
0.141000	14.496000
0.142000	66.965103
0.143000	-25.113100
0.144000	2.665330
0.145000	7.294360
0.146000	-53.404598
0.147000	-37.457901
0.148000	-24.083799
0.149000	-36.429699
0.150000	-19.453699
0.151000	14.496000
0.152000	-29.228001
0.153000	-11.223900
0.154000	-17.911400
0.155000	-15.338800
0.156000	-29.742100
0.157000	-33.342999
0.158000	-28.198799
0.159000	-28.712900
0.160000	-47.232201
0.161000	-14.824700
0.162000	-15.338800
0.163000	-12.767200
0.164000	-20.483000
0.165000	-8.652310
0.166000	-20.997101
0.167000	-35.914501
0.168000	-24.083799
0.169000	-28.198799
0.170000	-29.742100
0.171000	-22.540501
0.172000	-12.252100
0.173000	-20.483000
0.174000	-10.709800
0.175000	-18.939600
0.176000	-11.738000
0.177000	-28.198799
0.178000	-22.540501
0.179000	-20.483000
0.180000	-23.054600
0.181000	-29.228001
0.182000	-19.453699
0.183000	-16.882200
0.184000	-3.508120
0.185000	-7.108950
0.186000	-10.709800
0.187000	-11.738000
0.188000	-23.054600
0.189000	-25.113100
0.190000	-20.483000
0.191000	-22.026400
0.192000	-13.281300
0.193000	-7.108950
0.194000	-2.478860
0.195000	-1.450660
0.196000	-9.680520
0.197000	-8.137160
0.198000	-8.652310
0.199000	-15.852900
0.200000	-13.281300
0.201000	-12.767200
0.202000	-13.795500
0.203000	-10.709800
0.204000	-8.137160
0.205000	-3.508120
0.206000	-7.623050
0.207000	-8.652310
0.208000	-8.652310
0.209000	-13.795500
0.210000	-10.709800
0.211000	-15.338800
0.212000	-15.852900
0.213000	-12.252100
0.214000	-8.137160
0.215000	-10.709800
0.216000	-7.623050
0.217000	-4.536330
0.218000	-14.310600
0.219000	-11.738000
0.220000	-14.310600
0.221000	-16.368099
0.222000	-13.281300
0.223000	-7.623050
0.224000	-7.108950
0.225000	-6.079690
0.226000	-5.565590
0.227000	-9.166420
0.228000	-13.281300
0.229000	-16.368099
0.230000	-15.338800
0.231000	-13.795500
0.232000	-10.709800
0.233000	-9.166420
0.234000	-6.079690
0.235000	-7.108950
0.236000	-5.565590
0.237000	-7.623050
0.238000	-8.137160
0.239000	-11.223900
0.240000	-12.767200
0.241000	-15.338800
0.242000	-17.911400
0.243000	-18.939600
0.244000	-15.852900
0.245000	-1.450660
0.246000	0.092707
0.247000	3.693540
0.248000	2.665330
0.249000	-0.421396
0.250000	-3.508120
0.251000	-4.536330
0.252000	-3.508120
0.253000	-1.964760
0.254000	-2.478860
0.255000	3.179430
0.256000	3.179430
0.257000	5.751000
0.258000	3.179430
0.259000	4.208690
0.260000	3.693540
0.261000	6.266160
0.262000	11.409300
0.263000	12.438600
0.264000	1.636070
0.265000	5.751000
0.266000	16.039400
0.267000	13.981900
0.268000	24.270300
0.269000	20.669500
0.270000	21.183599
0.271000	13.467800
0.272000	10.895200
0.273000	12.952700
0.274000	7.809520
0.275000	16.039400
0.276000	25.298500
0.277000	28.899300
0.278000	26.841900
0.279000	27.356001
0.280000	35.586899
0.281000	38.672600
0.282000	38.672600
0.283000	38.672600
0.284000	33.014301
0.285000	31.470900
0.286000	20.669500
0.287000	26.327801
0.288000	35.071701
0.289000	34.557598
0.290000	33.014301
0.291000	12.438600
0.292000	-17.396299
0.293000	37.130299
0.294000	72.109299
0.295000	99.886703
0.296000	94.228401
0.297000	56.162601
0.298000	16.553499
0.299000	1.121970
0.300000	13.467800
0.301000	16.039400
0.302000	18.611000
0.303000	28.899300
0.304000	54.105099
0.305000	55.648499
0.306000	44.846001
0.307000	35.586899
0.308000	40.215900
0.309000	52.047699
0.310000	55.648499
0.311000	23.755100
0.312000	22.211800
0.313000	62.334999
0.314000	45.360100
0.315000	40.215900
0.316000	23.755100
0.317000	31.986099
0.318000	58.220100
0.319000	47.931702
0.320000	37.130299
0.321000	37.644402
0.322000	56.162601
0.323000	15.525300
0.324000	39.187698
0.325000	14.496000
0.326000	40.215900
0.327000	47.417599
0.328000	57.706001
0.329000	45.874199
0.330000	16.039400
0.331000	1.121970
0.332000	-15.852900
0.333000	0.092707
0.334000	3.693540
0.335000	14.496000
0.336000	15.525300
0.337000	28.385201
0.338000	22.726900
0.339000	25.298500
0.340000	30.442699
0.341000	34.557598
0.342000	39.701801
0.343000	24.270300
0.344000	34.557598
0.345000	37.644402
0.346000	42.788502
0.347000	47.417599
0.348000	56.162601
0.349000	63.364300
0.350000	67.993301
0.351000	63.364300
0.352000	61.306801
0.353000	51.532501
0.354000	64.392502
0.355000	69.536697
0.356000	77.767601
0.357000	60.277500
0.358000	78.281700
0.359000	84.454102
0.360000	91.655701
0.361000	83.425903
0.362000	91.655701
0.363000	87.540802
0.364000	86.512604
0.365000	84.454102
0.366000	74.166702
0.367000	67.993301
0.368000	60.791599
0.369000	91.655701
0.370000	79.824997
0.371000	87.026703
0.372000	77.252403
0.373000	83.940002
0.374000	74.166702
0.375000	63.878399
0.376000	61.820900
0.377000	64.392502
0.378000	63.878399
0.379000	47.931702
0.380000	59.763401
0.381000	43.302700
0.382000	43.816799
0.383000	31.470900
0.384000	46.903500
0.385000	35.586899
0.386000	51.532501
0.387000	54.619202
0.388000	76.224197
0.389000	69.536697
0.390000	66.965103
0.391000	54.619202
0.392000	59.763401
0.393000	58.734200
0.394000	64.907600
0.395000	53.075901
0.396000	52.047699
0.397000	46.389400
0.398000	50.504299
0.399000	55.648499
0.400000	64.907600
0.401000	63.364300
0.402000	66.965103
0.403000	63.364300
0.404000	67.479202
0.405000	61.306801
0.406000	63.364300
0.407000	62.334999
0.408000	69.536697
0.409000	75.195000
0.410000	76.738297
0.411000	73.137497
0.412000	69.536697
0.413000	72.623398
0.414000	73.652603
0.415000	75.195000
0.416000	75.710098
0.417000	80.339104
0.418000	72.109299
0.419000	79.824997
0.420000	77.252403
0.421000	79.310898
0.422000	82.911797
0.423000	87.540802
0.424000	89.084198
0.425000	90.627502
0.426000	91.141602
0.427000	90.627502
0.428000	84.969200
0.429000	93.199097
0.430000	84.454102
0.431000	84.969200
0.432000	85.997398
0.433000	93.199097
0.434000	92.170898
0.435000	87.026703
0.436000	82.396599
0.437000	83.940002
0.438000	79.824997
0.439000	81.368401
0.440000	83.425903
0.441000	87.540802
0.442000	99.886703
0.443000	100.401001
0.444000	96.799896
0.445000	90.113403
0.446000	84.969200
0.447000	84.969200
0.448000	80.853302
0.449000	83.425903
0.450000	85.997398
0.451000	89.084198
0.452000	90.113403
0.453000	91.655701
0.454000	92.684998
0.455000	91.141602
0.456000	94.228401
0.457000	88.570099
0.458000	89.598297
0.459000	87.540802
0.460000	88.054901
0.461000	80.853302
0.462000	84.454102
0.463000	81.882500
0.464000	86.512604
0.465000	87.540802
0.466000	91.141602
0.467000	89.084198
0.468000	90.627502
0.469000	89.084198
0.470000	90.113403
0.471000	92.684998
0.472000	93.199097
0.473000	97.829201
0.474000	96.285797
0.475000	95.771698
0.476000	90.627502
0.477000	90.627502
0.478000	88.570099
0.479000	90.627502
0.480000	84.969200
0.481000	94.228401
0.482000	94.742500
0.483000	95.771698
0.484000	95.256599
0.485000	98.857399
0.486000	91.655701
0.487000	92.170898
0.488000	92.170898
0.489000	95.771698
0.490000	93.199097
0.491000	101.944000
0.492000	95.256599
0.493000	101.944000
0.494000	96.285797
0.495000	94.742500
0.496000	89.598297
0.497000	95.256599
0.498000	90.113403
0.499000	99.372597
0.500000	97.314003
0.501000	96.285797
0.502000	99.886703
0.503000	93.713203
0.504000	92.684998
0.505000	92.684998
0.506000	88.054901
0.507000	91.655701
0.508000	97.829201
0.509000	93.199097
0.510000	96.799896
0.511000	95.771698
0.512000	98.857399
0.513000	97.314003
0.514000	95.771698
0.515000	92.684998
0.516000	99.372597
0.517000	100.401001
0.518000	101.430000
0.519000	101.430000
0.520000	103.487000
0.521000	96.285797
0.522000	104.001999
0.523000	99.886703
0.524000	101.430000
0.525000	98.857399
0.526000	105.544998
0.527000	104.001999
0.528000	111.203003
0.529000	109.146004
0.530000	113.261002
0.531000	110.689003
0.532000	116.347000
0.533000	113.775002
0.534000	114.804001
0.535000	113.261002
0.536000	113.775002
0.537000	112.233002
0.538000	112.747002
0.539000	114.290001
0.540000	111.717003
0.541000	117.375999
0.542000	113.261002
0.543000	118.404999
0.544000	115.833000
0.545000	123.549004
0.546000	115.833000
0.547000	123.549004
0.548000	117.375999
0.549000	122.005997
0.550000	119.947998
0.551000	122.519997
0.552000	121.491997
0.553000	122.005997
0.554000	123.035004
0.555000	124.063004
0.556000	123.549004
0.557000	123.035004
0.558000	120.975998
0.559000	125.607002
0.560000	125.607002
0.561000	129.207001
0.562000	127.150002
0.563000	128.692993
0.564000	128.692993
0.565000	129.207001
0.566000	128.177994
0.567000	127.664001
0.568000	129.207001
0.569000	127.664001
0.570000	131.779007
0.571000	128.692993
0.572000	132.294006
0.573000	123.035004
0.574000	128.177994
0.575000	127.150002
0.576000	129.207001
0.577000	127.150002
0.578000	133.835999
0.579000	133.322006
0.580000	137.951996
0.581000	134.865997
0.582000	137.436996
0.583000	133.835999
0.584000	128.177994
0.585000	130.235992
0.586000	126.121002
0.587000	113.775002
0.588000	105.544998
0.589000	94.228401
0.590000	93.199097
0.591000	88.570099
0.592000	91.655701
0.593000	92.684998
0.594000	95.771698
0.595000	96.799896
0.596000	100.915001
0.597000	102.973000
0.598000	102.973000
0.599000	101.944000
0.600000	99.372597
0.601000	94.742500
0.602000	89.598297
0.603000	91.655701
0.604000	92.170898
0.605000	87.540802
0.606000	93.199097
0.607000	89.084198
0.608000	92.170898
0.609000	90.113403
0.610000	90.627502
0.611000	82.396599
0.612000	67.993301
0.613000	63.878399
0.614000	58.220100
0.615000	52.047699
0.616000	52.047699
0.617000	51.532501
0.618000	50.504299
0.619000	48.446800
0.620000	49.990200
0.621000	49.990200
0.622000	42.788502
0.623000	41.245201
0.624000	33.014301
0.625000	28.899300
0.626000	24.270300
0.627000	19.126101
0.628000	16.039400
0.629000	14.496000
0.630000	13.467800
0.631000	11.409300
0.632000	7.809520
0.633000	0.607864
0.634000	-4.536330
0.635000	-7.108950
0.636000	-10.709800
0.637000	-7.108950
0.638000	-5.565590
0.639000	-4.536330
0.640000	-1.964760
0.641000	-4.022220
0.642000	-2.478860
0.643000	-4.536330
0.644000	-4.022220
0.645000	-6.593790
0.646000	64.907600
0.647000	60.791599
0.648000	28.385201
0.649000	49.990200
0.650000	1.121970
0.651000	21.183599
0.652000	-19.453699
0.653000	-2.992970
0.654000	-13.281300
0.655000	-18.939600
0.656000	-15.852900
0.657000	12.952700
0.658000	11.924500
0.659000	15.525300
0.660000	3.693540
0.661000	-5.051480
0.662000	-17.911400
0.663000	-12.767200
0.664000	-13.795500
0.665000	-11.223900
0.666000	-13.281300
0.667000	0.092707
0.668000	9.866990
0.669000	13.981900
0.670000	-2.992970
0.671000	-2.992970
0.672000	-20.483000
0.673000	-8.137160
0.674000	-14.310600
0.675000	1.121970
0.676000	-11.223900
0.677000	0.607864
0.678000	-6.593790
0.679000	-6.593790
0.680000	-12.252100
0.681000	-2.992970
0.682000	-1.964760
0.683000	-3.508120
0.684000	-4.022220
0.685000	-0.421396
0.686000	-6.593790
0.687000	-16.368099
0.688000	-19.968901
0.689000	-15.852900
0.690000	-3.508120
0.691000	1.636070
0.692000	-18.425501
0.693000	20.154301
0.694000	12.438600
0.695000	-1.450660
0.696000	-4.022220
0.697000	-12.767200
0.698000	-0.421396
0.699000	-7.108950
0.700000	-4.536330
0.701000	-5.051480
0.702000	-16.368099
0.703000	-4.536330
0.704000	-3.508120
0.705000	-1.450660
0.706000	0.607864
0.707000	20.669500
0.708000	10.381100
0.709000	26.327801
0.710000	-7.623050
0.711000	3.693540
0.712000	-13.795500
0.713000	-4.022220
0.714000	-23.569700
0.715000	-7.623050
0.716000	-6.079690
0.717000	-12.252100
0.718000	-0.421396
0.719000	0.092707
0.720000	12.952700
0.721000	-15.338800
0.722000	-27.684700
0.723000	-9.680520
0.724000	-26.141300
0.725000	-41.573898
0.726000	-13.281300
0.727000	-17.396299
0.728000	-13.795500
0.729000	-10.194600
0.730000	-2.478860
0.731000	-4.536330
0.732000	-12.767200
0.733000	-8.652310
0.734000	-20.483000
0.735000	13.981900
0.736000	-6.079690
0.737000	10.895200
0.738000	-14.310600
0.739000	23.755100
0.740000	-15.852900
0.741000	2.665330
0.742000	-18.939600
0.743000	2.150170
0.744000	0.092707
0.745000	3.693540
0.746000	-2.992970
0.747000	2.150170
0.748000	4.722800
0.749000	1.636070
0.750000	3.693540
0.751000	-4.536330
0.752000	-2.478860
0.753000	-20.997101
0.754000	-6.593790
0.755000	-5.565590
0.756000	-8.137160
0.757000	-5.565590
0.758000	-4.536330
0.759000	-6.593790
0.760000	-2.992970
0.761000	-4.022220
0.762000	-1.450660
0.763000	0.092707
0.764000	5.751000
0.765000	3.693540
0.766000	7.294360
0.767000	7.294360
0.768000	12.438600
0.769000	10.895200
0.770000	12.438600
0.771000	-1.964760
0.772000	-8.652310
0.773000	-12.767200
0.774000	-22.026400
0.775000	-20.483000
0.776000	-27.684700
0.777000	-18.939600
0.778000	-22.026400
0.779000	-8.137160
0.780000	-16.368099
0.781000	3.693540
0.782000	-20.483000
0.783000	10.381100
0.784000	-5.565590
0.785000	-1.964760
0.786000	-11.223900
0.787000	0.092707
0.788000	-6.593790
0.789000	0.092707
0.790000	-1.450660
0.791000	5.236900
0.792000	0.092707
0.793000	-4.022220
0.794000	-1.450660
0.795000	-0.935499
0.796000	-10.709800
0.797000	-5.565590
0.798000	-4.536330
0.799000	0.092707
0.800000	0.607864
0.801000	-1.964760
0.802000	-7.623050
0.803000	-10.709800
0.804000	-10.194600
0.805000	-4.536330
0.806000	-7.623050
0.807000	-3.508120
0.808000	-12.767200
0.809000	-0.421396
0.810000	-5.565590
0.811000	-8.652310
0.812000	-10.709800
0.813000	-16.882200
0.814000	-14.824700
0.815000	-11.738000
0.816000	-4.022220
0.817000	-2.992970
0.818000	3.179430
0.819000	1.121970
0.820000	9.351830
0.821000	3.179430
0.822000	2.665330
0.823000	-13.795500
0.824000	-13.281300
0.825000	-7.108950
0.826000	-14.310600
0.827000	-8.137160
0.828000	-10.709800
0.829000	-4.536330
0.830000	-13.281300
0.831000	-10.709800
0.832000	-16.368099
0.833000	-20.997101
0.834000	-19.968901
0.835000	-17.911400
0.836000	-19.453699
0.837000	-15.852900
0.838000	-10.194600
0.839000	-10.194600
0.840000	-14.310600
0.841000	-1.964760
0.842000	4.722800
0.843000	2.665330
0.844000	-6.593790
0.845000	-4.536330
0.846000	-8.137160
0.847000	-0.935499
0.848000	-1.450660
0.849000	1.636070
0.850000	7.294360
0.851000	2.665330
0.852000	9.351830
0.853000	6.780260
0.854000	0.092707
0.855000	-4.022220
0.856000	-3.508120
0.857000	-1.964760
0.858000	1.636070
0.859000	4.208690
0.860000	4.208690
0.861000	3.693540
0.862000	0.092707
0.863000	-4.536330
0.864000	-10.194600
0.865000	-17.911400
0.866000	-15.338800
0.867000	-16.368099
0.868000	-9.166420
0.869000	-7.108950
0.870000	-5.565590
0.871000	-4.536330
0.872000	-4.536330
0.873000	-2.478860
0.874000	-2.478860
0.875000	-0.421396
0.876000	-4.536330
0.877000	-1.450660
0.878000	-5.051480
0.879000	-4.022220
0.880000	-3.508120
0.881000	-2.478860
0.882000	-3.508120
0.883000	-1.964760
0.884000	-6.593790
0.885000	-9.166420
0.886000	-8.137160
0.887000	-8.137160
0.888000	-9.680520
0.889000	-2.478860
0.890000	-9.680520
0.891000	-5.565590
0.892000	-14.824700
0.893000	-6.079690
0.894000	-15.338800
0.895000	-6.079690
0.896000	-15.338800
0.897000	-10.194600
0.898000	-10.194600
0.899000	-11.223900
0.900000	-6.079690
0.901000	-8.137160
0.902000	-2.478860
0.903000	-2.478860
0.904000	0.607864
0.905000	0.607864
0.906000	2.150170
0.907000	-0.935499
0.908000	-0.935499
0.909000	0.092707
0.910000	-3.508120
0.911000	0.092707
0.912000	-4.536330
0.913000	-1.964760
0.914000	-3.508120
0.915000	-5.565590
0.916000	-7.108950
0.917000	-7.623050
0.918000	-8.137160
0.919000	-10.709800
0.920000	-6.593790
0.921000	-7.108950
0.922000	-0.935499
0.923000	-8.652310
0.924000	-2.992970
0.925000	-6.593790
0.926000	-4.536330
0.927000	-9.166420
0.928000	-5.565590
0.929000	-8.652310
0.930000	-8.137160
0.931000	-7.623050
0.932000	-3.508120
0.933000	-5.051480
0.934000	1.636070
0.935000	-1.964760
0.936000	-0.421396
0.937000	-5.051480
0.938000	-4.022220
0.939000	-6.593790
0.940000	-2.992970
0.941000	-1.964760
0.942000	-1.450660
0.943000	-2.478860
0.944000	-7.623050
0.945000	-9.166420
0.946000	-11.738000
0.947000	-10.194600
0.948000	-10.709800
0.949000	-9.166420
0.950000	-9.166420
0.951000	-5.565590
0.952000	-9.166420
0.953000	-4.022220
0.954000	-8.137160
0.955000	-2.992970
0.956000	-7.108950
0.957000	-4.022220
0.958000	-6.079690
0.959000	-5.051480
0.960000	-5.051480
0.961000	-4.536330
0.962000	-2.992970
0.963000	-0.421396
0.964000	2.665330
0.965000	-0.421396
0.966000	5.236900
0.967000	-2.478860
0.968000	0.092707
0.969000	-5.565590
0.970000	-4.536330
0.971000	-3.508120
0.972000	0.092707
0.973000	-5.565590
0.974000	-1.450660
0.975000	-10.709800
0.976000	-9.680520
0.977000	-13.795500
0.978000	-9.680520
0.979000	-11.223900
0.980000	-9.680520
0.981000	-7.623050
0.982000	-8.137160
0.983000	-6.593790
0.984000	-5.051480
0.985000	-2.478860
0.986000	-1.964760
0.987000	1.636070
0.988000	-1.450660
0.989000	-2.992970
0.990000	-3.508120
0.991000	-3.508120
0.992000	-5.051480
0.993000	-5.051480
0.994000	-4.022220
0.995000	-4.022220
0.996000	-6.079690
0.997000	-1.450660
0.998000	-6.593790
0.999000	-0.935499
1.000000	-7.108950
1.001000	0.092707
1.002000	-6.593790
1.003000	-1.964760
1.004000	-8.137160
1.005000	-5.051480
1.006000	-9.680520
1.007000	-4.536330
1.008000	-9.166420
1.009000	-4.536330
1.010000	-6.079690
1.011000	-3.508120
1.012000	-7.108950
1.013000	-5.565590
1.014000	-6.593790
1.015000	-5.051480
1.016000	-7.623050
1.017000	-4.022220
1.018000	-8.137160
1.019000	-8.137160
1.020000	-9.680520
1.021000	-3.508120
1.022000	-2.992970
1.023000	1.636070
1.024000	4.208690
1.025000	2.150170
1.026000	-0.421396
1.027000	-3.508120
1.028000	-4.536330
1.029000	-5.051480
1.030000	-4.536330
1.031000	-6.593790
1.032000	-2.992970
1.033000	-5.565590
1.034000	-6.079690
1.035000	-10.194600
1.036000	-10.194600
1.037000	-11.223900
1.038000	-8.137160
1.039000	-9.166420
1.040000	-8.137160
1.041000	-5.565590
1.042000	-1.964760
1.043000	-6.079690
1.044000	-4.022220
1.045000	-3.508120
1.046000	-4.022220
1.047000	-7.108950
1.048000	-1.964760
1.049000	-7.623050
1.050000	-7.108950
1.051000	-5.051480
1.052000	-4.022220
1.053000	-3.508120
1.054000	0.607864
1.055000	-1.450660
1.056000	-1.450660
1.057000	0.092707
1.058000	-5.051480
1.059000	-6.593790
1.060000	-6.079690
1.061000	-6.079690
1.062000	-4.022220
1.063000	-3.508120
1.064000	-5.565590
1.065000	-3.508120
1.066000	-0.935499
1.067000	-1.450660
1.068000	-1.450660
1.069000	-0.421396
1.070000	-4.022220
1.071000	-6.593790
1.072000	-5.051480
1.073000	-8.652310
1.074000	-5.565590
1.075000	-6.593790
1.076000	-4.022220
1.077000	-2.992970
1.078000	-4.536330
1.079000	-6.593790
1.080000	-5.565590
1.081000	-5.565590
1.082000	-11.223900
1.083000	-7.623050
1.084000	-9.166420
1.085000	-6.593790
1.086000	-7.623050
1.087000	-8.137160
1.088000	-6.079690
1.089000	-2.992970
1.090000	-5.051480
1.091000	-4.022220
1.092000	-6.593790
1.093000	-8.137160
1.094000	-5.565590
1.095000	-3.508120
1.096000	-30.771400
1.097000	-45.173698
1.098000	-50.317799
1.099000	-29.228001
1.100000	-22.026400
1.101000	2.665330
1.102000	-14.310600
1.103000	-1.964760
1.104000	-13.795500
1.105000	2.665330
1.106000	-19.968901
1.107000	-16.882200
1.108000	-20.997101
1.109000	-13.281300
1.110000	-18.939600
1.111000	-19.968901
1.112000	-4.536330
1.113000	-5.565590
1.114000	13.981900
1.115000	10.381100
1.116000	5.236900
1.117000	-11.223900
1.118000	0.092707
1.119000	-9.166420
1.120000	-13.795500
1.121000	-15.338800
1.122000	9.351830
1.123000	7.809520
1.124000	19.640200
1.125000	-0.935499
1.126000	-2.478860
1.127000	-13.795500
1.128000	-6.593790
1.129000	-12.767200
1.130000	-1.450660
1.131000	-4.536330
1.132000	-1.450660
1.133000	3.693540
1.134000	0.092707
1.135000	-3.508120
1.136000	-15.852900
1.137000	-9.166420
1.138000	-11.223900
1.139000	-4.536330
1.140000	-10.709800
1.141000	-8.137160
1.142000	-15.852900
1.143000	-9.166420
1.144000	-6.593790
1.145000	-4.536330
1.146000	-9.680520
1.147000	-9.166420
1.148000	-10.709800
1.149000	-10.709800
1.150000	-15.338800
1.151000	-9.680520
1.152000	-10.709800
1.153000	-1.450660
1.154000	-0.421396
1.155000	3.179430
1.156000	-0.935499
1.157000	-2.478860
1.158000	-5.565590
1.159000	-5.051480
1.160000	-7.623050
1.161000	-5.051480
1.162000	-4.536330
1.163000	2.150170
1.164000	-0.935499
1.165000	-5.565590
1.166000	-14.310600
1.167000	-13.795500
1.168000	-18.939600
1.169000	-14.310600
1.170000	-9.680520
1.171000	0.607864
1.172000	0.607864
1.173000	4.722800
1.174000	6.780260
1.175000	5.236900
1.176000	4.208690
1.177000	0.092707
1.178000	-1.450660
1.179000	-6.079690
1.180000	-4.022220
1.181000	-4.536330
1.182000	-1.450660
1.183000	-0.935499
1.184000	0.092707
1.185000	-3.508120
1.186000	-10.194600
1.187000	-14.310600
1.188000	-16.368099
1.189000	-15.338800
1.190000	-10.709800
1.191000	-6.079690
1.192000	-1.964760
1.193000	0.092707
1.194000	0.607864
1.195000	2.150170
1.196000	0.092707
1.197000	-0.935499
1.198000	-4.022220
1.199000	-7.108950
1.200000	-9.680520
1.201000	-11.223900
1.202000	-11.223900
1.203000	-8.652310
1.204000	-5.565590
1.205000	-4.536330
1.206000	-3.508120
1.207000	-5.051480
1.208000	-7.623050
1.209000	-12.252100
1.210000	-12.767200
1.211000	-12.767200
1.212000	-9.166420
1.213000	-5.565590
1.214000	-2.478860
1.215000	-0.935499
1.216000	-0.935499
1.217000	-1.450660
1.218000	-2.478860
1.219000	-4.022220
1.220000	-4.536330
1.221000	-6.079690
1.222000	-6.593790
1.223000	-8.137160
1.224000	-8.652310
1.225000	-7.108950
1.226000	-5.565590
1.227000	-4.536330
1.228000	-4.536330
1.229000	-6.079690
1.230000	-7.108950
1.231000	-9.680520
1.232000	-10.194600
1.233000	-10.194600
1.234000	-8.137160
1.235000	-2.478860
1.236000	2.150170
1.237000	6.266160
1.238000	7.809520
1.239000	5.751000
1.240000	1.636070
1.241000	-3.508120
1.242000	-7.623050
1.243000	-8.137160
1.244000	-8.652310
1.245000	-6.079690
1.246000	-5.565590
1.247000	-3.508120
1.248000	-3.508120
1.249000	-3.508120
1.250000	-6.079690
1.251000	-7.108950
1.252000	-8.137160
1.253000	-6.079690
1.254000	-4.022220
1.255000	-1.964760
1.256000	-1.964760
1.257000	-2.478860
1.258000	-2.992970
1.259000	-5.051480
1.260000	-4.536330
1.261000	-6.593790
1.262000	-5.565590
1.263000	-8.137160
1.264000	-7.108950
1.265000	-8.652310
1.266000	-7.623050
1.267000	-7.623050
1.268000	-6.593790
1.269000	-6.593790
1.270000	-5.051480
1.271000	-4.022220
1.272000	-3.508120
1.273000	-3.508120
1.274000	-3.508120
1.275000	-4.536330
1.276000	-6.079690
1.277000	-7.623050
1.278000	-9.166420
1.279000	-8.652310
1.280000	-8.652310
1.281000	-5.565590
1.282000	-4.022220
1.283000	-1.964760
1.284000	-2.992970
1.285000	-6.079690
1.286000	-8.137160
1.287000	-10.709800
1.288000	-11.223900
1.289000	-10.709800
1.290000	-7.108950
1.291000	-4.022220
1.292000	-1.964760
1.293000	-1.450660
1.294000	-0.935499
1.295000	-1.964760
1.296000	-4.536330
1.297000	-4.022220
1.298000	-6.079690
1.299000	-4.022220
1.300000	-5.565590
1.301000	-3.508120
1.302000	-2.478860
1.303000	-4.022220
1.304000	-5.051480
1.305000	-8.137160
1.306000	-8.652310
1.307000	-9.680520
1.308000	-9.680520
1.309000	-8.137160
1.310000	-6.079690
1.311000	-4.022220
1.312000	-1.450660
1.313000	0.092707
1.314000	-0.935499
1.315000	-4.022220
1.316000	-5.565590
1.317000	-7.623050
1.318000	-5.565590
1.319000	-8.652310
1.320000	-5.051480
1.321000	-6.593790
1.322000	-3.508120
1.323000	-6.593790
1.324000	-4.536330
1.325000	-6.593790
1.326000	-7.108950
1.327000	-9.166420
1.328000	-6.593790
1.329000	-6.079690
1.330000	-3.508120
1.331000	-4.536330
1.332000	-3.508120
1.333000	-4.022220
1.334000	-4.536330
1.335000	-6.593790
1.336000	-6.079690
1.337000	-5.565590
1.338000	-6.079690
1.339000	-6.593790
1.340000	-6.079690
1.341000	-6.079690
1.342000	-6.593790
1.343000	-5.565590
1.344000	-5.565590
1.345000	-3.508120
1.346000	-4.536330
1.347000	-4.536330
1.348000	-5.565590
1.349000	-5.051480
1.350000	-7.108950
1.351000	-6.593790
1.352000	-6.079690
1.353000	-2.992970
1.354000	-1.964760
1.355000	-1.450660
1.356000	-0.421396
1.357000	-1.450660
1.358000	-4.022220
1.359000	-6.079690
1.360000	-6.593790
1.361000	-7.623050
1.362000	-6.593790
1.363000	-7.623050
1.364000	-6.593790
1.365000	-5.051480
1.366000	-4.536330
1.367000	-2.992970
1.368000	-4.022220
1.369000	-5.051480
1.370000	-6.593790
1.371000	-8.137160
1.372000	-6.079690
1.373000	-4.536330
1.374000	-2.478860
1.375000	-0.421396
1.376000	-1.450660
1.377000	-1.964760
1.378000	-4.536330
1.379000	-5.051480
1.380000	-7.108950
1.381000	-7.623050
1.382000	-8.652310
1.383000	-6.079690
1.384000	-5.051480
1.385000	-4.536330
1.386000	-5.565590
1.387000	-6.079690
1.388000	-5.565590
1.389000	-6.593790
1.390000	-7.108950
1.391000	-6.593790
1.392000	-5.565590
1.393000	-4.536330
1.394000	-2.992970
1.395000	-1.964760
1.396000	-2.478860
1.397000	-4.536330
1.398000	-5.565590
1.399000	-6.079690
1.400000	-6.593790
1.401000	-7.108950
1.402000	-6.079690
1.403000	-5.565590
1.404000	-5.051480
1.405000	-5.565590
1.406000	-5.565590
1.407000	-6.079690
1.408000	-6.593790
1.409000	-7.623050
1.410000	-6.593790
1.411000	-5.051480
1.412000	-5.565590
1.413000	-5.051480
1.414000	-5.565590
1.415000	-4.536330
1.416000	-5.051480
1.417000	-5.051480
1.418000	-5.565590
1.419000	-4.536330
1.420000	-4.022220
1.421000	-4.022220
1.422000	-4.022220
1.423000	-5.565590
1.424000	-7.623050
1.425000	-8.137160
1.426000	-8.652310
1.427000	-7.623050
1.428000	-6.593790
1.429000	-4.536330
1.430000	-4.536330
1.431000	-4.022220
1.432000	-5.565590
1.433000	-5.051480
1.434000	-7.108950
1.435000	-6.593790
1.436000	-6.079690
1.437000	-4.536330
1.438000	-3.508120
1.439000	-2.478860
1.440000	-2.992970
1.441000	-4.022220
1.442000	-5.565590
1.443000	-5.565590
1.444000	-7.623050
1.445000	-6.593790
1.446000	-7.108950
1.447000	-6.593790
1.448000	-6.079690
1.449000	-4.536330
1.450000	-4.536330
1.451000	-4.536330
1.452000	-6.079690
1.453000	-6.593790
1.454000	-6.593790
1.455000	-6.593790
1.456000	-5.565590
1.457000	-3.508120
1.458000	-3.508120
1.459000	-3.508120
1.460000	-3.508120
1.461000	-4.022220
1.462000	-4.536330
1.463000	-6.593790
1.464000	-6.593790
1.465000	-5.565590
1.466000	-5.051480
1.467000	-3.508120
1.468000	-3.508120
1.469000	-3.508120
1.470000	-5.051480
1.471000	-5.565590
1.472000	-6.593790
1.473000	-6.593790
1.474000	-6.079690
1.475000	-5.051480
1.476000	-4.022220
1.477000	-4.022220
1.478000	-4.022220
1.479000	-4.536330
1.480000	-4.022220
1.481000	-5.565590
1.482000	-5.051480
1.483000	-5.565590
1.484000	-5.051480
1.485000	-5.565590
1.486000	-5.565590
1.487000	-5.565590
1.488000	-6.079690
1.489000	-6.593790
1.490000	-6.593790
1.491000	-6.593790
1.492000	-6.593790
1.493000	-6.079690
1.494000	-5.565590
1.495000	-4.536330
1.496000	-5.565590
1.497000	-6.079690
1.498000	-6.079690
1.499000	-7.108950
1.500000	-6.079690
1.501000	-6.079690
1.502000	-6.079690
1.503000	-4.536330
1.504000	-4.536330
1.505000	-4.536330
1.506000	-5.051480
1.507000	-5.565590
1.508000	-6.079690
1.509000	-5.565590
1.510000	-5.051480
1.511000	-4.022220
1.512000	-2.478860
1.513000	-1.964760
1.514000	-3.508120
1.515000	-2.992970
1.516000	-3.508120
1.517000	-5.051480
1.518000	-5.565590
1.519000	-5.565590
1.520000	-5.051480
1.521000	-5.051480
1.522000	-4.536330
1.523000	-3.508120
1.524000	-4.022220
1.525000	-5.051480
1.526000	-6.079690
1.527000	-6.079690
1.528000	-5.565590
1.529000	-5.565590
1.530000	-4.022220
1.531000	-4.536330
1.532000	-3.508120
1.533000	-3.508120
1.534000	-5.051480
1.535000	-6.079690
1.536000	-6.079690
1.537000	-7.108950
1.538000	-6.079690
1.539000	-6.079690
1.540000	-4.536330
1.541000	-4.022220
1.542000	-4.536330
1.543000	-6.079690
1.544000	-6.593790
1.545000	-7.108950
1.546000	-7.623050
1.547000	-7.623050
1.548000	-7.108950
1.549000	-6.079690
1.550000	-5.565590
1.551000	-5.565590
1.552000	-6.593790
1.553000	-7.623050
1.554000	-8.137160
1.555000	-7.108950
1.556000	-7.108950
1.557000	-5.051480
1.558000	-4.536330
1.559000	-4.022220
1.560000	-3.508120
1.561000	-4.022220
1.562000	-4.536330
1.563000	-5.565590
1.564000	-6.079690
1.565000	-6.593790
1.566000	-5.565590
1.567000	-3.508120
1.568000	-2.478860
1.569000	-3.508120
1.570000	-2.478860
1.571000	-3.508120
1.572000	-5.051480
1.573000	-5.565590
1.574000	-5.565590
1.575000	-4.536330
1.576000	-4.022220
1.577000	-4.022220
1.578000	-3.508120
1.579000	-4.022220
1.580000	-4.022220
1.581000	-5.565590
1.582000	-6.079690
1.583000	-6.079690
1.584000	-5.565590
1.585000	-4.536330
1.586000	-4.022220
1.587000	-4.022220
1.588000	-4.022220
1.589000	-5.051480
1.590000	-5.565590
1.591000	-5.565590
1.592000	-5.565590
1.593000	-6.079690
1.594000	-5.051480
1.595000	-5.051480
1.596000	-4.536330
1.597000	-5.565590
1.598000	-5.051480
1.599000	-6.079690
1.600000	-6.079690
1.601000	-6.079690
1.602000	-6.079690
1.603000	-6.079690
1.604000	-5.565590
1.605000	-5.051480
1.606000	-5.565590
1.607000	-6.079690
1.608000	-6.593790
1.609000	-7.108950
1.610000	-7.623050
1.611000	-6.593790
1.612000	-6.593790
1.613000	-5.565590
1.614000	-5.565590
1.615000	-5.051480
1.616000	-5.565590
1.617000	-6.593790
1.618000	-6.593790
1.619000	-6.593790
1.620000	-5.565590
1.621000	-4.536330
1.622000	-4.536330
1.623000	-4.022220
1.624000	-2.992970
1.625000	-4.022220
1.626000	-4.022220
1.627000	-4.536330
1.628000	-5.565590
1.629000	-5.565590
1.630000	-4.536330
1.631000	-3.508120
1.632000	-3.508120
1.633000	-3.508120
1.634000	-4.022220
1.635000	-4.022220
1.636000	-5.051480
1.637000	-6.079690
1.638000	-6.593790
1.639000	-6.079690
1.640000	-5.051480
1.641000	-4.022220
1.642000	-3.508120
1.643000	-4.022220
1.644000	-4.536330
1.645000	-5.565590
1.646000	-5.565590
1.647000	-6.079690
1.648000	-6.079690
1.649000	-5.565590
1.650000	-5.565590
1.651000	-4.536330
1.652000	-4.536330
1.653000	-4.536330
1.654000	-5.051480
1.655000	-6.079690
1.656000	-6.079690
1.657000	-6.593790
1.658000	-6.593790
1.659000	-6.079690
1.660000	-5.051480
1.661000	-4.536330
1.662000	-5.051480
1.663000	-5.051480
1.664000	-5.565590
1.665000	-6.593790
1.666000	-6.593790
1.667000	-6.593790
1.668000	-6.593790
1.669000	-5.565590
1.670000	-5.565590
1.671000	-5.565590
1.672000	-6.593790
1.673000	-6.079690
1.674000	-6.593790
1.675000	-6.079690
1.676000	-4.536330
1.677000	-4.022220
1.678000	-2.992970
1.679000	-4.022220
1.680000	-4.022220
1.681000	-5.051480
1.682000	-5.051480
1.683000	-5.565590
1.684000	-5.051480
1.685000	-4.536330
1.686000	-4.022220
1.687000	-3.508120
1.688000	-3.508120
1.689000	-4.022220
1.690000	-4.022220
1.691000	-5.565590
1.692000	-6.079690
1.693000	-5.565590
1.694000	-4.536330
1.695000	-3.508120
1.696000	-2.992970
1.697000	-2.478860
1.698000	-3.508120
1.699000	-4.022220
1.700000	-4.536330
1.701000	-5.565590
1.702000	-5.565590
1.703000	-5.565590
1.704000	-5.565590
1.705000	-4.022220
1.706000	-4.022220
1.707000	-4.022220
1.708000	-5.051480
1.709000	-6.079690
1.710000	-6.079690
1.711000	-6.079690
1.712000	-6.079690
1.713000	-5.051480
1.714000	-4.536330
1.715000	-4.022220
1.716000	-4.022220
1.717000	-4.022220
1.718000	-4.536330
1.719000	-5.565590
1.720000	-6.593790
1.721000	-6.593790
1.722000	-6.079690
1.723000	-6.079690
1.724000	-6.079690
1.725000	-5.565590
1.726000	-5.565590
1.727000	-6.079690
1.728000	-6.593790
1.729000	-7.623050
1.730000	-7.623050
1.731000	-7.108950
1.732000	-6.079690
1.733000	-4.536330
1.734000	-4.536330
1.735000	-5.051480
1.736000	-6.079690
1.737000	-6.593790
1.738000	-6.593790
1.739000	-6.079690
1.740000	-6.079690
1.741000	-4.536330
1.742000	-5.051480
1.743000	-4.536330
1.744000	-4.536330
1.745000	-4.536330
1.746000	-5.565590
1.747000	-6.593790
1.748000	-7.108950
1.749000	-5.565590
1.750000	-5.565590
1.751000	-4.022220
1.752000	-4.022220
1.753000	-3.508120
1.754000	-4.536330
1.755000	-5.565590
1.756000	-5.565590
1.757000	-6.079690
1.758000	-5.565590
1.759000	-5.051480
1.760000	-5.565590
1.761000	-4.022220
1.762000	-4.022220
1.763000	-4.536330
1.764000	-6.079690
1.765000	-6.593790
1.766000	-7.108950
1.767000	-6.593790
1.768000	-6.079690
1.769000	-4.022220
1.770000	-4.536330
1.771000	-4.022220
1.772000	-4.536330
1.773000	-4.536330
1.774000	-6.079690
1.775000	-6.079690
1.776000	-6.079690
1.777000	-5.565590
1.778000	-4.022220
1.779000	-4.536330
1.780000	-4.536330
1.781000	-6.079690
1.782000	-5.565590
1.783000	-6.593790
1.784000	-6.593790
1.785000	-6.593790
1.786000	-6.079690
1.787000	-5.565590
1.788000	-4.536330
1.789000	-5.051480
1.790000	-5.051480
1.791000	-4.536330
1.792000	-5.051480
1.793000	-4.536330
1.794000	-4.536330
1.795000	-5.051480
1.796000	-4.022220
1.797000	-3.508120
1.798000	-4.022220
1.799000	-4.022220
1.800000	-4.536330
1.801000	-5.051480
1.802000	-6.079690
1.803000	-6.079690
1.804000	-6.079690
1.805000	-6.079690
1.806000	-5.051480
1.807000	-4.536330
1.808000	-4.022220
1.809000	-5.051480
1.810000	-5.051480
1.811000	-5.051480
1.812000	-5.051480
1.813000	-5.565590
1.814000	-5.051480
1.815000	-4.022220
1.816000	-4.022220
1.817000	-4.536330
1.818000	-4.536330
1.819000	-5.565590
1.820000	-6.593790
1.821000	-7.108950
1.822000	-6.593790
1.823000	-6.079690
1.824000	-5.051480
1.825000	-4.536330
1.826000	-5.051480
1.827000	-4.536330
1.828000	-6.079690
1.829000	-5.565590
1.830000	-5.565590
1.831000	-5.051480
1.832000	-5.051480
1.833000	-4.022220
1.834000	-2.992970
1.835000	-3.508120
1.836000	-4.022220
1.837000	-5.051480
1.838000	-5.565590
1.839000	-6.593790
1.840000	-5.565590
1.841000	-6.593790
1.842000	-5.565590
1.843000	-5.051480
1.844000	-4.022220
1.845000	-3.508120
1.846000	-5.051480
1.847000	-5.051480
1.848000	-6.079690
1.849000	-6.079690
1.850000	-6.593790
1.851000	-5.051480
1.852000	-4.536330
1.853000	-4.022220
1.854000	-4.536330
1.855000	-4.536330
1.856000	-5.565590
1.857000	-6.593790
1.858000	-7.108950
1.859000	-7.623050
1.860000	-6.079690
1.861000	-5.051480
1.862000	-5.051480
1.863000	-4.536330
1.864000	-5.051480
1.865000	-6.079690
1.866000	-6.593790
1.867000	-6.079690
1.868000	-6.593790
1.869000	-6.593790
1.870000	-5.565590
1.871000	-4.022220
1.872000	-4.536330
1.873000	-4.022220
1.874000	-5.051480
1.875000	-5.565590
1.876000	-7.108950
1.877000	-7.108950
1.878000	-6.593790
1.879000	-5.565590
1.880000	-5.051480
1.881000	-4.022220
1.882000	-4.022220
1.883000	-4.022220
1.884000	-5.051480
1.885000	-6.079690
1.886000	-6.079690
1.887000	-6.593790
1.888000	-5.565590
1.889000	-4.022220
1.890000	-4.022220
1.891000	-4.022220
1.892000	-5.051480
1.893000	-5.565590
1.894000	-6.079690
1.895000	-6.593790
1.896000	-6.079690
1.897000	-5.051480
1.898000	-4.536330
1.899000	-4.022220
1.900000	-4.022220
1.901000	-3.508120
1.902000	-5.565590
1.903000	-5.565590
1.904000	-5.565590
1.905000	-5.565590
1.906000	-5.565590
1.907000	-4.536330
1.908000	-3.508120
1.909000	-2.992970
1.910000	-3.508120
1.911000	-4.022220
1.912000	-5.565590
1.913000	-6.593790
1.914000	-7.108950
1.915000	-6.593790
1.916000	-5.565590
1.917000	-5.051480
1.918000	-4.022220
1.919000	-4.536330
1.920000	-5.051480
1.921000	-6.079690
1.922000	-6.593790
1.923000	-6.593790
1.924000	-6.593790
1.925000	-5.051480
1.926000	-5.051480
1.927000	-2.992970
1.928000	-3.508120
1.929000	-4.022220
1.930000	-5.565590
1.931000	-6.079690
1.932000	-6.079690
1.933000	-6.079690
1.934000	-5.565590
1.935000	-5.051480
1.936000	-4.536330
1.937000	-5.565590
1.938000	-5.565590
1.939000	-6.593790
1.940000	-6.593790
1.941000	-6.593790
1.942000	-6.079690
1.943000	-5.565590
1.944000	-4.022220
1.945000	-4.022220
1.946000	-4.536330
1.947000	-4.022220
1.948000	-4.536330
1.949000	-5.051480
1.950000	-5.565590
1.951000	-5.051480
1.952000	-4.536330
1.953000	-4.536330
1.954000	-4.536330
1.955000	-4.022220
1.956000	-4.536330
1.957000	-5.565590
1.958000	-6.079690
1.959000	-6.079690
1.960000	-5.565590
1.961000	-6.079690
1.962000	-4.022220
1.963000	-3.508120
1.964000	-4.022220
1.965000	-4.022220
1.966000	-4.022220
1.967000	-5.565590
1.968000	-6.079690
1.969000	-6.079690
1.970000	-5.565590
1.971000	-4.536330
1.972000	-4.022220
1.973000	-5.051480
1.974000	-4.536330
1.975000	-6.079690
1.976000	-7.108950
1.977000	-7.108950
1.978000	-7.108950
1.979000	-6.593790
1.980000	-6.079690
1.981000	-5.565590
1.982000	-4.536330
1.983000	-4.536330
1.984000	-5.051480
1.985000	-6.079690
1.986000	-6.079690
1.987000	-6.593790
1.988000	-5.565590
1.989000	-6.079690
1.990000	-4.536330
1.991000	-4.022220
1.992000	-5.051480
1.993000	-5.565590
1.994000	-5.565590
1.995000	-6.593790
1.996000	-6.593790
1.997000	-6.079690
1.998000	-6.079690
1.999000	-5.051480
2.000000	-5.051480
2.001000	-5.051480
2.002000	-4.536330
2.003000	-5.565590
2.004000	-6.079690
2.005000	-6.079690
2.006000	-5.565590
2.007000	-4.536330
2.008000	-4.536330
2.009000	-4.022220
2.010000	-3.508120
2.011000	-3.508120
2.012000	-4.536330
2.013000	-5.051480
2.014000	-6.593790
2.015000	-6.079690
2.016000	-6.079690
2.017000	-5.051480
2.018000	-3.508120
2.019000	-4.536330
2.020000	-5.051480
2.021000	-5.565590
2.022000	-6.079690
2.023000	-6.593790
2.024000	-6.079690
2.025000	-6.079690
2.026000	-4.536330
2.027000	-3.508120
2.028000	-4.022220
2.029000	-3.508120
2.030000	-4.536330
2.031000	-5.565590
2.032000	-5.565590
2.033000	-6.079690
2.034000	-6.079690
2.035000	-5.051480
2.036000	-5.051480
2.037000	-4.022220
2.038000	-4.022220
2.039000	-5.051480
2.040000	-5.565590
2.041000	-7.623050
2.042000	-7.108950
2.043000	-7.623050
2.044000	-6.593790
2.045000	-6.079690
2.046000	-5.051480
2.047000	-4.536330
2.048000	-4.536330
2.049000	-5.565590
2.050000	-5.565590
2.051000	-6.079690
2.052000	-6.593790
2.053000	-6.079690
2.054000	-4.536330
2.055000	-4.022220
2.056000	-4.022220
2.057000	-3.508120
2.058000	-4.536330
2.059000	-5.565590
2.060000	-6.079690
2.061000	-6.593790
2.062000	-6.079690
2.063000	-6.079690
2.064000	-4.536330
2.065000	-4.022220
2.066000	-3.508120
2.067000	-4.536330
2.068000	-5.051480
2.069000	-5.565590
2.070000	-5.565590
2.071000	-5.051480
2.072000	-5.565590
2.073000	-3.508120
2.074000	-3.508120
2.075000	-3.508120
2.076000	-4.536330
2.077000	-4.022220
2.078000	-4.536330
2.079000	-5.565590
2.080000	-6.079690
2.081000	-6.079690
2.082000	-6.079690
2.083000	-4.536330
2.084000	-5.051480
2.085000	-5.051480
2.086000	-5.565590
2.087000	-6.079690
2.088000	-6.079690
2.089000	-6.079690
2.090000	-5.051480
2.091000	-4.536330
2.092000	-4.536330
2.093000	-4.536330
2.094000	-4.536330
2.095000	-5.565590
2.096000	-5.565590
2.097000	-6.079690
2.098000	-6.079690
2.099000	-5.565590
2.100000	-4.536330
2.101000	-4.536330
2.102000	-5.051480
2.103000	-5.565590
2.104000	-6.079690
2.105000	-6.593790
2.106000	-6.593790
2.107000	-6.079690
2.108000	-5.051480
2.109000	-5.565590
2.110000	-4.022220
2.111000	-4.022220
2.112000	-4.022220
2.113000	-5.051480
2.114000	-5.565590
2.115000	-5.565590
2.116000	-5.565590
2.117000	-5.051480
2.118000	-4.022220
2.119000	-4.536330
2.120000	-4.536330
2.121000	-4.536330
2.122000	-4.536330
2.123000	-5.565590
2.124000	-5.565590
2.125000	-6.079690
2.126000	-6.079690
2.127000	-5.565590
2.128000	-5.051480
2.129000	-4.536330
2.130000	-4.536330
2.131000	-4.536330
2.132000	-5.051480
2.133000	-5.565590
2.134000	-5.565590
2.135000	-6.593790
2.136000	-5.565590
2.137000	-5.051480
2.138000	-4.022220
2.139000	-3.508120
2.140000	-4.536330
2.141000	-5.051480
2.142000	-5.565590
2.143000	-5.565590
2.144000	-6.593790
2.145000	-6.079690
2.146000	-4.536330
2.147000	-4.022220
2.148000	-5.051480
2.149000	-4.536330
2.150000	-4.536330
2.151000	-6.079690
2.152000	-5.565590
2.153000	-6.079690
2.154000	-5.565590
2.155000	-5.051480
2.156000	-5.051480
2.157000	-4.536330
2.158000	-4.536330
2.159000	-5.565590
2.160000	-6.079690
2.161000	-6.593790
2.162000	-6.593790
2.163000	-6.079690
2.164000	-5.565590
2.165000	-5.051480
2.166000	-4.536330
2.167000	-4.536330
2.168000	-5.565590
2.169000	-5.565590
2.170000	-6.079690
2.171000	-6.079690
2.172000	-6.079690
2.173000	-5.565590
2.174000	-4.536330
2.175000	-4.022220
2.176000	-4.536330
2.177000	-5.051480
2.178000	-5.051480
2.179000	-5.565590
2.180000	-5.565590
2.181000	-5.565590
2.182000	-5.565590
2.183000	-4.536330
2.184000	-5.051480
2.185000	-5.565590
2.186000	-5.051480
2.187000	-6.079690
2.188000	-6.593790
2.189000	-6.593790
2.190000	-6.593790
2.191000	-6.079690
2.192000	-5.565590
2.193000	-4.536330
2.194000	-4.022220
2.195000	-4.536330
2.196000	-4.536330
2.197000	-5.565590
2.198000	-6.079690
2.199000	-6.079690
