-0.300000	-0.055380
-0.299000	0.034705
-0.298000	0.034705
-0.297000	-0.145465
-0.296000	0.034705
-0.295000	0.034705
-0.294000	0.124974
-0.293000	0.034705
-0.292000	0.034705
-0.291000	-0.055380
-0.290000	0.124974
-0.289000	0.034705
-0.288000	0.124974
-0.287000	0.034705
-0.286000	-0.055380
-0.285000	0.124974
-0.284000	0.034705
-0.283000	0.034705
-0.282000	0.034705
-0.281000	0.034705
-0.280000	0.034705
-0.279000	-0.055380
-0.278000	-0.055380
-0.277000	0.034705
-0.276000	0.034705
-0.275000	0.034705
-0.274000	0.124974
-0.273000	0.034705
-0.272000	0.124974
-0.271000	0.034705
-0.270000	0.034705
-0.269000	-0.055380
-0.268000	-0.055380
-0.267000	-0.055380
-0.266000	0.124974
-0.265000	0.034705
-0.264000	0.034705
-0.263000	-0.145465
-0.262000	0.034705
-0.261000	0.034705
-0.260000	0.034705
-0.259000	-0.055380
-0.258000	0.034705
-0.257000	0.034705
-0.256000	0.034705
-0.255000	0.034705
-0.254000	0.124974
-0.253000	0.124974
-0.252000	0.034705
-0.251000	-0.055380
-0.250000	0.034705
-0.249000	-0.145465
-0.248000	0.034705
-0.247000	0.034705
-0.246000	-0.055380
-0.245000	-0.055380
-0.244000	-0.055380
-0.243000	-0.055380
-0.242000	0.034705
-0.241000	-0.055380
-0.240000	0.034705
-0.239000	0.124974
-0.238000	-0.055380
-0.237000	0.034705
-0.236000	-0.055380
-0.235000	-0.055380
-0.234000	-0.055380
-0.233000	0.034705
-0.232000	-0.055380
-0.231000	-0.055380
-0.230000	0.034705
-0.229000	-0.055380
-0.228000	0.034705
-0.227000	0.034705
-0.226000	0.034705
-0.225000	0.124974
-0.224000	0.034705
-0.223000	0.124974
-0.222000	0.124974
-0.221000	0.124974
-0.220000	0.034705
-0.219000	0.034705
-0.218000	0.034705
-0.217000	0.034705
-0.216000	-0.055380
-0.215000	0.124974
-0.214000	0.034705
-0.213000	0.034705
-0.212000	0.034705
-0.211000	0.034705
-0.210000	0.034705
-0.209000	0.124974
-0.208000	0.034705
-0.207000	0.034705
-0.206000	0.034705
-0.205000	0.034705
-0.204000	0.034705
-0.203000	-0.055380
-0.202000	0.124974
-0.201000	0.034705
-0.200000	-0.055380
-0.199000	0.034705
-0.198000	-0.055380
-0.197000	-0.055380
-0.196000	-0.055380
-0.195000	0.034705
-0.194000	-0.055380
-0.193000	-0.055380
-0.192000	-0.055380
-0.191000	0.034705
-0.190000	0.034705
-0.189000	-0.055380
-0.188000	0.034705
-0.187000	-0.055380
-0.186000	0.034705
-0.185000	0.034705
-0.184000	-0.055380
-0.183000	0.034705
-0.182000	-0.055380
-0.181000	-0.055380
-0.180000	-0.055380
-0.179000	-0.055380
-0.178000	0.034705
-0.177000	0.034705
-0.176000	0.034705
-0.175000	-0.055380
-0.174000	0.034705
-0.173000	0.034705
-0.172000	0.124974
-0.171000	0.034705
-0.170000	0.034705
-0.169000	0.034705
-0.168000	-0.055380
-0.167000	0.034705
-0.166000	-0.055380
-0.165000	-0.055380
-0.164000	0.034705
-0.163000	-0.055380
-0.162000	-0.055380
-0.161000	-0.055380
-0.160000	0.034705
-0.159000	0.034705
-0.158000	0.034705
-0.157000	-0.055380
-0.156000	0.034705
-0.155000	0.215059
-0.154000	0.034705
-0.153000	-0.055380
-0.152000	0.034705
-0.151000	-0.055380
-0.150000	-0.055380
-0.149000	0.034705
-0.148000	-0.055380
-0.147000	-0.055380
-0.146000	-0.055380
-0.145000	-0.145465
-0.144000	-0.055380
-0.143000	-0.055380
-0.142000	-0.055380
-0.141000	-0.055380
-0.140000	0.034705
-0.139000	0.034705
-0.138000	0.034705
-0.137000	-0.055380
-0.136000	0.034705
-0.135000	0.124974
-0.134000	-0.055380
-0.133000	0.124974
-0.132000	0.034705
-0.131000	0.034705
-0.130000	-0.055380
-0.129000	0.034705
-0.128000	0.034705
-0.127000	0.034705
-0.126000	0.034705
-0.125000	0.034705
-0.124000	0.034705
-0.123000	0.034705
-0.122000	0.034705
-0.121000	0.034705
-0.120000	0.034705
-0.119000	0.034705
-0.118000	-0.055380
-0.117000	0.034705
-0.116000	-0.055380
-0.115000	0.034705
-0.114000	-0.145465
-0.113000	-0.055380
-0.112000	-0.055380
-0.111000	0.034705
-0.110000	0.034705
-0.109000	0.034705
-0.108000	0.034705
-0.107000	0.034705
-0.106000	0.034705
-0.105000	0.124974
-0.104000	0.034705
-0.103000	0.034705
-0.102000	-0.055380
-0.101000	0.034705
-0.100000	0.034705
-0.099000	0.034705
-0.098000	0.034705
-0.097000	-0.145465
-0.096000	-0.055380
-0.095000	0.034705
-0.094000	0.124974
-0.093000	0.034705
-0.092000	0.034705
-0.091000	0.034705
-0.090000	0.034705
-0.089000	0.124974
-0.088000	0.124974
-0.087000	0.034705
-0.086000	0.124974
-0.085000	0.124974
-0.084000	-0.055380
-0.083000	-0.145465
-0.082000	0.034705
-0.081000	-0.055380
-0.080000	-0.055380
-0.079000	-0.145465
-0.078000	-0.055380
-0.077000	-0.055380
-0.076000	0.034705
-0.075000	-0.145465
-0.074000	0.034705
-0.073000	0.034705
-0.072000	0.034705
-0.071000	0.124974
-0.070000	0.124974
-0.069000	0.124974
-0.068000	0.034705
-0.067000	-0.055380
-0.066000	0.034705
-0.065000	-0.055380
-0.064000	-0.145465
-0.063000	-0.145465
-0.062000	0.034705
-0.061000	-0.055380
-0.060000	-0.055380
-0.059000	-0.055380
-0.058000	-0.055380
-0.057000	0.034705
-0.056000	-0.055380
-0.055000	0.034705
-0.054000	0.124974
-0.053000	0.124974
-0.052000	0.034705
-0.051000	0.124974
-0.050000	0.034705
-0.049000	0.034705
-0.048000	0.034705
-0.047000	0.034705
-0.046000	0.034705
-0.045000	0.034705
-0.044000	-0.055380
-0.043000	0.034705
-0.042000	0.034705
-0.041000	0.034705
-0.040000	0.034705
-0.039000	-0.055380
-0.038000	0.124974
-0.037000	0.124974
-0.036000	0.124974
-0.035000	0.034705
-0.034000	0.124974
-0.033000	0.124974
-0.032000	0.124974
-0.031000	0.034705
-0.030000	0.034705
-0.029000	0.485498
-0.028000	1.386900
-0.027000	2.288120
-0.026000	3.099430
-0.025000	2.919080
-0.024000	2.468470
-0.023000	2.198030
-0.022000	2.288120
-0.021000	2.558560
-0.020000	3.189520
-0.019000	3.820480
-0.018000	4.361360
-0.017000	5.442930
-0.016000	6.254250
-0.015000	6.704860
-0.014000	7.335820
-0.013000	8.056870
-0.012000	7.606260
-0.011000	6.885210
-0.010000	6.704860
-0.009000	6.704860
-0.008000	8.507660
-0.007000	12.113100
-0.006000	15.358000
-0.005000	16.800301
-0.004000	17.160801
-0.003000	15.988900
-0.002000	11.752600
-0.001000	6.254250
0.000000	2.919080
0.001000	3.640310
0.002000	6.794940
0.003000	10.670800
0.004000	12.293400
0.005000	11.662500
0.006000	8.868180
0.007000	6.344330
0.008000	3.640310
0.009000	2.017680
0.010000	0.665668
0.011000	0.124974
0.012000	-0.596258
0.013000	-0.415904
0.014000	-0.415904
0.015000	0.215059
0.016000	-0.325819
0.017000	-1.677830
0.018000	-4.201680
0.019000	-6.455090
0.020000	-8.347980
0.021000	-9.699990
0.022000	-10.781600
0.023000	-11.232400
0.024000	-11.502800
0.025000	-10.961900
0.026000	-10.240900
0.027000	-9.249380
0.028000	-8.528150
0.029000	-8.347980
0.030000	-8.618420
0.031000	-9.159110
0.032000	-9.699990
0.033000	-9.699990
0.034000	-8.978940
0.035000	-7.897190
0.036000	-6.545180
0.037000	-4.742560
0.038000	-2.038350
0.039000	-0.415904
0.040000	1.386900
0.041000	2.468470
0.042000	3.730400
0.043000	4.811970
0.044000	5.172490
0.045000	5.172490
0.046000	7.425900
0.047000	7.966780
0.048000	9.679320
0.049000	10.400500
0.050000	10.490600
0.051000	10.130100
0.052000	10.670800
0.053000	10.130100
0.054000	8.687830
0.055000	7.425900
0.056000	6.794940
0.057000	7.245730
0.058000	7.876700
0.059000	4.631800
0.060000	10.040000
0.061000	6.073890
0.062000	5.082410
0.063000	5.172490
0.064000	5.623290
0.065000	7.335820
0.066000	5.983810
0.067000	3.550040
0.068000	1.476980
0.069000	-0.415904
0.070000	0.936107
0.071000	1.116460
0.072000	1.476980
0.073000	1.476980
0.074000	2.378390
0.075000	3.279600
0.076000	3.189520
0.077000	1.837510
0.078000	0.936107
0.079000	0.305144
0.080000	-0.325819
0.081000	0.485498
0.082000	1.026190
0.083000	1.747420
0.084000	2.919080
0.085000	-0.415904
0.086000	2.198030
0.087000	3.550040
0.088000	3.279600
0.089000	4.361360
0.090000	2.107950
0.091000	4.541530
0.092000	3.189520
0.093000	3.730400
0.094000	4.811970
0.095000	5.442930
0.096000	6.073890
0.097000	6.073890
0.098000	5.533020
0.099000	6.163980
0.100000	6.254250
0.101000	5.803450
0.102000	7.065380
0.103000	6.254250
0.104000	7.696340
0.105000	9.859670
0.106000	10.220200
0.107000	20.315599
0.108000	13.645400
0.109000	11.932700
0.110000	14.096100
0.111000	6.614770
0.112000	7.786430
0.113000	6.163980
0.114000	5.893720
0.115000	8.327310
0.116000	6.614770
0.117000	4.992320
0.118000	-2.489150
0.119000	1.476980
0.120000	9.228710
0.121000	5.623290
0.122000	14.546800
0.123000	7.696340
0.124000	11.752600
0.125000	3.189520
0.126000	-0.596258
0.127000	1.296630
0.128000	2.468470
0.129000	3.099430
0.130000	3.369870
0.131000	2.107950
0.132000	5.803450
0.133000	8.056870
0.134000	7.966780
0.135000	7.516170
0.136000	4.451440
0.137000	-137.242996
0.138000	91.343201
0.139000	-18.353100
0.140000	61.598099
0.141000	79.535301
0.142000	127.667999
0.143000	154.259003
0.144000	113.696999
0.145000	35.458500
0.146000	-25.924700
0.147000	-84.423302
0.148000	-49.270100
0.149000	-22.499399
0.150000	9.679320
0.151000	55.919601
0.152000	47.626999
0.153000	87.467400
0.154000	72.054001
0.155000	55.108299
0.156000	-8.798590
0.157000	-43.230900
0.158000	-67.297401
0.159000	-53.957100
0.160000	-56.841499
0.161000	-36.290298
0.162000	-34.217300
0.163000	2.558560
0.164000	13.735500
0.165000	25.363100
0.166000	7.516170
0.167000	-11.592900
0.168000	-36.290298
0.169000	-38.363602
0.170000	-49.360199
0.171000	-27.727301
0.172000	-19.434700
0.173000	11.031500
0.174000	27.706800
0.175000	41.227299
0.176000	43.300301
0.177000	30.951700
0.178000	20.045200
0.179000	8.507660
0.180000	-0.686343
0.181000	4.721880
0.182000	7.786430
0.183000	18.332399
0.184000	26.985600
0.185000	34.196602
0.186000	38.703400
0.187000	36.269699
0.188000	25.543501
0.189000	14.276400
0.190000	7.606260
0.191000	-3.029840
0.192000	-1.587740
0.193000	-6.995970
0.194000	3.099430
0.195000	8.958270
0.196000	13.555200
0.197000	19.774700
0.198000	16.529800
0.199000	20.676100
0.200000	14.366500
0.201000	11.301800
0.202000	9.679320
0.203000	0.215059
0.204000	12.113100
0.205000	11.662500
0.206000	23.019600
0.207000	30.230600
0.208000	33.024799
0.209000	37.531601
0.210000	29.869900
0.211000	26.264500
0.212000	23.109699
0.213000	18.693100
0.214000	20.856300
0.215000	10.670800
0.216000	19.143801
0.217000	14.636900
0.218000	22.208300
0.219000	28.157400
0.220000	24.461901
0.221000	20.405701
0.222000	13.284900
0.223000	5.352850
0.224000	2.828990
0.225000	-1.136950
0.226000	0.846022
0.227000	6.704860
0.228000	11.482100
0.229000	18.512800
0.230000	21.938000
0.231000	20.676100
0.232000	23.740700
0.233000	18.062201
0.234000	16.169300
0.235000	12.383500
0.236000	11.932700
0.237000	15.538300
0.238000	18.332399
0.239000	25.453400
0.240000	28.788401
0.241000	29.689800
0.242000	29.689800
0.243000	24.642099
0.244000	26.354601
0.245000	26.084299
0.246000	28.878500
0.247000	30.591200
0.248000	26.895500
0.249000	31.582701
0.250000	32.393799
0.251000	30.050301
0.252000	27.886999
0.253000	24.642099
0.254000	22.118200
0.255000	24.461901
0.256000	27.706800
0.257000	31.672701
0.258000	36.630199
0.259000	38.793499
0.260000	44.922798
0.261000	38.432999
0.262000	48.348000
0.263000	39.965302
0.264000	38.072498
0.265000	36.720402
0.266000	34.557098
0.267000	39.965302
0.268000	40.055401
0.269000	52.223900
0.270000	50.150799
0.271000	42.669399
0.272000	42.218800
0.273000	39.965302
0.274000	50.240898
0.275000	47.086102
0.276000	40.866699
0.277000	33.205101
0.278000	24.461901
0.279000	26.895500
0.280000	28.427799
0.281000	30.410801
0.282000	29.058800
0.283000	26.174400
0.284000	36.990898
0.285000	42.398899
0.286000	36.179600
0.287000	33.115002
0.288000	24.732201
0.289000	10.941200
0.290000	15.808800
0.291000	22.388700
0.292000	24.371599
0.293000	-2.038350
0.294000	9.318790
0.295000	0.665668
0.296000	-4.111600
0.297000	25.002600
0.298000	59.975601
0.299000	102.250000
0.300000	99.275299
0.301000	36.990898
0.302000	-27.096300
0.303000	-56.841499
0.304000	-31.062500
0.305000	-10.511300
0.306000	-1.227220
0.307000	15.267900
0.308000	23.830900
0.309000	35.458500
0.310000	32.574100
0.311000	19.954901
0.312000	37.261101
0.313000	4.090920
0.314000	-10.871800
0.315000	-32.053902
0.316000	-40.256302
0.317000	-25.834400
0.318000	-17.181299
0.319000	3.459960
0.320000	20.676100
0.321000	26.535000
0.322000	36.810501
0.323000	42.398899
0.324000	31.402300
0.325000	23.560499
0.326000	-0.235734
0.327000	1.026190
0.328000	4.631800
0.329000	13.645400
0.330000	25.002600
0.331000	19.774700
0.332000	10.490600
0.333000	12.563700
0.334000	11.842600
0.335000	24.191500
0.336000	27.075800
0.337000	21.397200
0.338000	15.448100
0.339000	3.459960
0.340000	2.558560
0.341000	3.459960
0.342000	11.392000
0.343000	16.079000
0.344000	16.169300
0.345000	10.400500
0.346000	2.288120
0.347000	-4.291770
0.348000	-0.776428
0.349000	5.803450
0.350000	12.203200
0.351000	13.735500
0.352000	12.834100
0.353000	8.147140
0.354000	7.516170
0.355000	5.533020
0.356000	10.310300
0.357000	58.713699
0.358000	101.889000
0.359000	118.834999
0.360000	128.750000
0.361000	134.337997
0.362000	114.057999
0.363000	113.607002
0.364000	110.272003
0.365000	85.123901
0.366000	49.970501
0.367000	47.626999
0.368000	53.125301
0.369000	46.545200
0.370000	46.995998
0.371000	36.990898
0.372000	26.715300
0.373000	16.349501
0.374000	7.876700
0.375000	6.975300
0.376000	13.104600
0.377000	15.808800
0.378000	17.701500
0.379000	15.087500
0.380000	8.327310
0.381000	1.026190
0.382000	0.124974
0.383000	-3.300280
0.384000	-6.455090
0.385000	-16.820801
0.386000	-23.580999
0.387000	-27.817600
0.388000	-19.885500
0.389000	-6.815620
0.390000	7.516170
0.391000	18.602900
0.392000	22.028099
0.393000	23.290100
0.394000	22.208300
0.395000	29.148899
0.396000	42.489201
0.397000	51.682999
0.398000	56.370201
0.399000	45.734100
0.400000	27.526400
0.401000	17.881800
0.402000	15.538300
0.403000	23.470200
0.404000	27.886999
0.405000	27.796900
0.406000	22.478701
0.407000	14.366500
0.408000	9.409060
0.409000	7.786430
0.410000	9.859670
0.411000	15.538300
0.412000	15.808800
0.413000	12.383500
0.414000	3.730400
0.415000	-4.562200
0.416000	-8.798590
0.417000	-6.815620
0.418000	0.665668
0.419000	7.335820
0.420000	14.006000
0.421000	13.555200
0.422000	11.572200
0.423000	13.014500
0.424000	14.546800
0.425000	24.642099
0.426000	31.131901
0.427000	37.531601
0.428000	42.398899
0.429000	39.334400
0.430000	46.635502
0.431000	51.502800
0.432000	51.322498
0.433000	43.931301
0.434000	27.346300
0.435000	14.907400
0.436000	1.206550
0.437000	0.395229
0.438000	6.073890
0.439000	11.301800
0.440000	15.087500
0.441000	10.851200
0.442000	3.640310
0.443000	-1.136950
0.444000	-1.497660
0.445000	4.271270
0.446000	12.293400
0.447000	16.169300
0.448000	15.898900
0.449000	12.023000
0.450000	4.451440
0.451000	-0.235734
0.452000	-2.398880
0.453000	2.558560
0.454000	9.499150
0.455000	17.160801
0.456000	17.341000
0.457000	17.431200
0.458000	11.211700
0.459000	7.876700
0.460000	11.932700
0.461000	16.079000
0.462000	25.273001
0.463000	28.157400
0.464000	25.903999
0.465000	19.684601
0.466000	9.949760
0.467000	7.335820
0.468000	4.451440
0.469000	6.885210
0.470000	8.597740
0.471000	6.254250
0.472000	4.181010
0.473000	-1.858180
0.474000	-4.652290
0.475000	-6.274740
0.476000	-6.184650
0.477000	0.124974
0.478000	1.837510
0.479000	5.352850
0.480000	4.902050
0.481000	2.468470
0.482000	1.837510
0.483000	-0.145465
0.484000	3.640310
0.485000	4.541530
0.486000	7.516170
0.487000	7.425900
0.488000	7.966780
0.489000	3.550040
0.490000	1.476980
0.491000	1.386900
0.492000	1.837510
0.493000	5.172490
0.494000	3.009350
0.495000	4.271270
0.496000	3.189520
0.497000	0.755937
0.498000	0.034705
0.499000	-2.218710
0.500000	-2.398880
0.501000	-3.751070
0.502000	-4.472120
0.503000	-4.562200
0.504000	-4.652290
0.505000	-6.815620
0.506000	-8.077540
0.507000	-11.142300
0.508000	-11.773200
0.509000	-9.699990
0.510000	-7.897190
0.511000	-3.841160
0.512000	-4.291770
0.513000	-3.660800
0.514000	-2.308790
0.515000	-4.382030
0.516000	-0.235734
0.517000	-3.390360
0.518000	-0.776428
0.519000	-0.325819
0.520000	-2.579230
0.521000	-0.956782
0.522000	-6.815620
0.523000	-7.987460
0.524000	-10.781600
0.525000	-12.404200
0.526000	-10.601400
0.527000	-11.592900
0.528000	-8.708510
0.529000	-9.609910
0.530000	-8.708510
0.531000	-10.781600
0.532000	-10.871800
0.533000	-11.592900
0.534000	-10.961900
0.535000	-10.421000
0.536000	-9.159110
0.537000	-9.519820
0.538000	-10.331000
0.539000	-9.790080
0.540000	-11.683000
0.541000	-11.773200
0.542000	-10.691500
0.543000	-11.142300
0.544000	-7.807100
0.545000	-8.257900
0.546000	-6.545180
0.547000	-7.266410
0.548000	-7.987460
0.549000	-6.725530
0.550000	-9.159110
0.551000	-7.086060
0.552000	-10.331000
0.553000	-8.798590
0.554000	-9.970430
0.555000	-12.944900
0.556000	-12.404200
0.557000	-15.198300
0.558000	-15.739200
0.559000	-17.091200
0.560000	-18.803900
0.561000	-17.722200
0.562000	-18.443199
0.563000	-17.722200
0.564000	-16.640600
0.565000	-18.082701
0.566000	-15.198300
0.567000	-17.902500
0.568000	-16.910999
0.569000	-16.730700
0.570000	-17.361601
0.571000	-15.378700
0.572000	-13.485800
0.573000	-14.296900
0.574000	-11.322400
0.575000	-13.125200
0.576000	-13.125200
0.577000	-15.468700
0.578000	-17.091200
0.579000	-16.730700
0.580000	-17.902500
0.581000	-14.477300
0.582000	-16.910999
0.583000	-17.812201
0.584000	-20.426399
0.585000	-22.589500
0.586000	-22.950001
0.587000	-25.473900
0.588000	-20.426399
0.589000	-20.336100
0.590000	-21.057301
0.591000	-24.752800
0.592000	-25.564100
0.593000	-26.195101
0.594000	-26.104799
0.595000	-22.859900
0.596000	-18.713600
0.597000	-14.116700
0.598000	-10.240900
0.599000	-9.790080
0.600000	-13.125200
0.601000	-16.910999
0.602000	-20.065701
0.603000	-20.516399
0.604000	-7.987460
0.605000	2.828990
0.606000	10.490600
0.607000	18.062201
0.608000	11.842600
0.609000	6.344330
0.610000	2.378390
0.611000	2.558560
0.612000	12.744000
0.613000	14.546800
0.614000	20.225300
0.615000	17.070499
0.616000	13.915900
0.617000	8.056870
0.618000	3.369870
0.619000	4.811970
0.620000	6.975300
0.621000	10.941200
0.622000	13.104600
0.623000	10.670800
0.624000	6.614770
0.625000	-0.866697
0.626000	-5.373520
0.627000	-6.365010
0.628000	-2.849670
0.629000	2.017680
0.630000	6.794940
0.631000	7.696340
0.632000	4.181010
0.633000	-0.686343
0.634000	-6.365010
0.635000	-6.635450
0.636000	-4.111600
0.637000	1.747420
0.638000	6.073890
0.639000	9.679320
0.640000	6.794940
0.641000	2.288120
0.642000	-2.579230
0.643000	-4.742560
0.644000	-2.939760
0.645000	1.386900
0.646000	5.352850
0.647000	66.104897
0.648000	176.973007
0.649000	145.425003
0.650000	36.630199
0.651000	-48.368698
0.652000	-168.791000
0.653000	-126.516998
0.654000	-43.320999
0.655000	59.434898
0.656000	152.996994
0.657000	124.874001
0.658000	73.315903
0.659000	-36.740898
0.660000	-119.847000
0.661000	-132.917007
0.662000	-76.040604
0.663000	22.298599
0.664000	98.554199
0.665000	112.074997
0.666000	69.620201
0.667000	-5.734050
0.668000	-90.732903
0.669000	-116.060997
0.670000	-92.175003
0.671000	-9.970430
0.672000	70.070999
0.673000	98.013397
0.674000	80.526802
0.675000	11.572200
0.676000	-54.678200
0.677000	-88.659698
0.678000	-82.800903
0.679000	-15.649100
0.680000	45.103100
0.681000	93.686897
0.682000	85.934998
0.683000	31.222099
0.684000	-31.603201
0.685000	-75.409698
0.686000	-73.426697
0.687000	-34.307400
0.688000	23.921000
0.689000	66.465599
0.690000	73.315903
0.691000	37.441502
0.692000	-16.460199
0.693000	-68.108498
0.694000	-74.688599
0.695000	-41.067600
0.696000	4.541530
0.697000	54.206902
0.698000	63.851501
0.699000	45.644001
0.700000	4.090920
0.701000	-45.213902
0.702000	-63.962200
0.703000	-46.385700
0.704000	0.124974
0.705000	50.511398
0.706000	63.581200
0.707000	52.313999
0.708000	8.507660
0.709000	-36.470699
0.710000	-57.833000
0.711000	-54.047199
0.712000	-3.480630
0.713000	39.965302
0.714000	63.851501
0.715000	44.382099
0.716000	6.704860
0.717000	-33.045399
0.718000	-43.230900
0.719000	-51.613602
0.720000	-14.747700
0.721000	19.864799
0.722000	53.125301
0.723000	46.455101
0.724000	10.761100
0.725000	-21.507900
0.726000	-45.844898
0.727000	-42.599998
0.728000	-11.232400
0.729000	10.941200
0.730000	44.021599
0.731000	35.007702
0.732000	21.036600
0.733000	-6.545180
0.734000	-30.701900
0.735000	-33.946800
0.736000	-11.592900
0.737000	15.177800
0.738000	36.359901
0.739000	32.934700
0.740000	29.419300
0.741000	-0.686343
0.742000	-25.473900
0.743000	-41.788601
0.744000	-29.530100
0.745000	-0.505989
0.746000	31.041800
0.747000	34.196602
0.748000	26.174400
0.749000	-5.373520
0.750000	-31.783501
0.751000	-42.870399
0.752000	-33.856602
0.753000	-4.382030
0.754000	21.667601
0.755000	33.475498
0.756000	21.847799
0.757000	-1.227220
0.758000	-21.688299
0.759000	-29.440001
0.760000	-19.615000
0.761000	-0.055380
0.762000	23.109699
0.763000	36.450001
0.764000	33.655701
0.765000	13.194700
0.766000	-9.609910
0.767000	-26.645700
0.768000	-24.842899
0.769000	-14.477300
0.770000	8.056870
0.771000	23.019600
0.772000	29.239000
0.773000	16.709999
0.774000	-8.618420
0.775000	-24.662701
0.776000	-32.504601
0.777000	-17.271500
0.778000	0.485498
0.779000	14.546800
0.780000	20.946600
0.781000	10.580700
0.782000	-7.897190
0.783000	-20.696600
0.784000	-31.423000
0.785000	-17.451700
0.786000	-1.948270
0.787000	20.135201
0.788000	28.517900
0.789000	22.118200
0.790000	6.434420
0.791000	-11.142300
0.792000	-23.220501
0.793000	-15.649100
0.794000	-0.415904
0.795000	23.019600
0.796000	26.715300
0.797000	16.259399
0.798000	-3.120110
0.799000	-18.263000
0.800000	-22.769899
0.801000	-14.747700
0.802000	-3.660800
0.803000	14.546800
0.804000	17.341000
0.805000	13.194700
0.806000	-2.849670
0.807000	-15.739200
0.808000	-20.246000
0.809000	-14.927900
0.810000	-3.751070
0.811000	8.237220
0.812000	15.988900
0.813000	14.997500
0.814000	5.172490
0.815000	-2.038350
0.816000	-9.519820
0.817000	-3.660800
0.818000	7.786430
0.819000	16.349501
0.820000	25.633600
0.821000	13.284900
0.822000	5.172490
0.823000	-2.579230
0.824000	-10.961900
0.825000	-9.880350
0.826000	-2.398880
0.827000	6.434420
0.828000	9.409060
0.829000	5.082410
0.830000	-0.145465
0.831000	-10.691500
0.832000	-15.829300
0.833000	-15.919500
0.834000	-9.880350
0.835000	4.361360
0.836000	8.687830
0.837000	12.023000
0.838000	3.369870
0.839000	-3.029840
0.840000	-10.871800
0.841000	-10.781600
0.842000	-1.407390
0.843000	8.417390
0.844000	19.594400
0.845000	17.791700
0.846000	14.817100
0.847000	2.288120
0.848000	-5.553690
0.849000	-7.266410
0.850000	-2.579230
0.851000	4.451440
0.852000	9.679320
0.853000	5.803450
0.854000	4.811970
0.855000	-6.184650
0.856000	-13.305400
0.857000	-15.198300
0.858000	-12.494300
0.859000	-2.669320
0.860000	2.017680
0.861000	3.099430
0.862000	1.386900
0.863000	-6.815620
0.864000	-9.159110
0.865000	-12.313900
0.866000	-9.429550
0.867000	-0.325819
0.868000	5.442930
0.869000	10.220200
0.870000	9.318790
0.871000	4.451440
0.872000	3.189520
0.873000	1.657150
0.874000	1.657150
0.875000	6.704860
0.876000	7.065380
0.877000	12.293400
0.878000	9.499150
0.879000	6.975300
0.880000	0.755937
0.881000	-3.210190
0.882000	-4.562200
0.883000	-6.905700
0.884000	-3.300280
0.885000	-2.308790
0.886000	0.395229
0.887000	-2.669320
0.888000	-6.905700
0.889000	-10.331000
0.890000	-13.756200
0.891000	-7.536660
0.892000	-7.987460
0.893000	-3.210190
0.894000	-0.505989
0.895000	-1.948270
0.896000	0.936107
0.897000	-0.776428
0.898000	1.116460
0.899000	1.206550
0.900000	4.000840
0.901000	6.073890
0.902000	6.704860
0.903000	10.130100
0.904000	9.949760
0.905000	9.228710
0.906000	7.696340
0.907000	2.198030
0.908000	3.640310
0.909000	3.009350
0.910000	2.828990
0.911000	1.206550
0.912000	-1.136950
0.913000	-4.472120
0.914000	-6.184650
0.915000	-8.438070
0.916000	-8.167630
0.917000	-7.446580
0.918000	-4.742560
0.919000	-5.643780
0.920000	-7.176140
0.921000	-6.365010
0.922000	-6.004480
0.923000	-3.480630
0.924000	-0.596258
0.925000	-0.866697
0.926000	1.927590
0.927000	4.902050
0.928000	8.958270
0.929000	7.966780
0.930000	7.155650
0.931000	9.409060
0.932000	9.228710
0.933000	12.293400
0.934000	10.761100
0.935000	10.580700
0.936000	9.409060
0.937000	4.271270
0.938000	0.034705
0.939000	-1.677830
0.940000	-1.677830
0.941000	-1.858180
0.942000	-1.767910
0.943000	-3.120110
0.944000	-6.094570
0.945000	-8.708510
0.946000	-10.601400
0.947000	-10.961900
0.948000	-10.150800
0.949000	-7.626930
0.950000	-6.365010
0.951000	-4.291770
0.952000	-4.201680
0.953000	-4.021330
0.954000	-1.046870
0.955000	0.124974
0.956000	3.820480
0.957000	6.434420
0.958000	9.318790
0.959000	9.409060
0.960000	8.327310
0.961000	7.606260
0.962000	6.434420
0.963000	8.507660
0.964000	8.507660
0.965000	9.228710
0.966000	5.623290
0.967000	3.640310
0.968000	0.575583
0.969000	-2.939760
0.970000	-2.308790
0.971000	-4.922730
0.972000	-2.489150
0.973000	-5.193170
0.974000	-6.455090
0.975000	-7.987460
0.976000	-9.609910
0.977000	-7.807100
0.978000	-8.257900
0.979000	-6.365010
0.980000	-6.274740
0.981000	-5.643780
0.982000	-2.759400
0.983000	-0.596258
0.984000	1.386900
0.985000	4.271270
0.986000	6.704860
0.987000	8.687830
0.988000	9.138620
0.989000	10.220200
0.990000	9.679320
0.991000	10.130100
0.992000	8.687830
0.993000	7.425900
0.994000	4.721880
0.995000	4.451440
0.996000	1.837510
0.997000	0.124974
0.998000	-0.686343
0.999000	-1.497660
1.000000	-2.849670
1.001000	-4.562200
1.002000	-6.815620
1.003000	-7.446580
1.004000	-8.528150
1.005000	-6.905700
1.006000	-6.455090
1.007000	-4.832640
1.008000	-3.931240
1.009000	-5.193170
1.010000	-3.660800
1.011000	-3.120110
1.012000	-0.866697
1.013000	2.648640
1.014000	5.442930
1.015000	8.868180
1.016000	8.507660
1.017000	7.606260
1.018000	8.507660
1.019000	7.516170
1.020000	6.794940
1.021000	7.335820
1.022000	8.147140
1.023000	7.155650
1.024000	4.271270
1.025000	0.034705
1.026000	-0.776428
1.027000	-3.841160
1.028000	-3.480630
1.029000	-4.291770
1.030000	-3.300280
1.031000	-3.841160
1.032000	-6.274740
1.033000	-7.626930
1.034000	-8.888860
1.035000	-8.888860
1.036000	-5.643780
1.037000	-5.012810
1.038000	-1.858180
1.039000	-2.128440
1.040000	0.305144
1.041000	-0.686343
1.042000	-0.055380
1.043000	2.017680
1.044000	4.541530
1.045000	7.516170
1.046000	10.490600
1.047000	10.220200
1.048000	9.228710
1.049000	7.606260
1.050000	5.262760
1.051000	4.000840
1.052000	2.107950
1.053000	3.730400
1.054000	3.640310
1.055000	1.476980
1.056000	-0.686343
1.057000	-2.939760
1.058000	-5.012810
1.059000	-6.455090
1.060000	-7.446580
1.061000	-7.086060
1.062000	-6.905700
1.063000	-6.545180
1.064000	-6.004480
1.065000	-7.086060
1.066000	-6.004480
1.067000	-6.004480
1.068000	-3.660800
1.069000	-1.858180
1.070000	-0.415904
1.071000	3.189520
1.072000	3.189520
1.073000	6.704860
1.074000	5.893720
1.075000	7.065380
1.076000	7.966780
1.077000	8.868180
1.078000	9.138620
1.079000	9.499150
1.080000	7.876700
1.081000	5.713370
1.082000	2.919080
1.083000	1.206550
1.084000	1.026190
1.085000	0.485498
1.086000	-1.317310
1.087000	-0.866697
1.088000	-4.832640
1.089000	-7.086060
1.090000	-8.347980
1.091000	-8.528150
1.092000	-6.635450
1.093000	-6.094570
1.094000	-3.480630
1.095000	0.755937
1.096000	-7.717020
1.097000	3.820480
1.098000	-24.212000
1.099000	15.177800
1.100000	-17.361601
1.101000	0.395229
1.102000	11.572200
1.103000	7.606260
1.104000	24.011101
1.105000	31.222099
1.106000	28.157400
1.107000	21.757700
1.108000	19.864799
1.109000	9.409060
1.110000	1.567070
1.111000	7.606260
1.112000	10.400500
1.113000	19.143801
1.114000	15.267900
1.115000	9.048350
1.116000	-3.210190
1.117000	-8.167630
1.118000	-6.455090
1.119000	-15.919500
1.120000	-0.145465
1.121000	-13.305400
1.122000	-7.086060
1.123000	-17.722200
1.124000	-24.842899
1.125000	-29.349701
1.126000	-24.482401
1.127000	-14.296900
1.128000	-12.854800
1.129000	-2.038350
1.130000	-3.841160
1.131000	-2.849670
1.132000	-0.055380
1.133000	-5.283250
1.134000	10.761100
1.135000	13.375000
1.136000	27.346300
1.137000	30.410801
1.138000	20.315599
1.139000	18.332399
1.140000	4.090920
1.141000	10.310300
1.142000	11.572200
1.143000	20.225300
1.144000	19.864799
1.145000	13.555200
1.146000	-0.325819
1.147000	-18.263000
1.148000	-30.611700
1.149000	-27.186600
1.150000	-24.482401
1.151000	-12.674500
1.152000	-11.683000
1.153000	-7.897190
1.154000	-19.434700
1.155000	-24.031799
1.156000	-28.358299
1.157000	-24.212000
1.158000	-11.773200
1.159000	1.386900
1.160000	9.409060
1.161000	10.220200
1.162000	4.451440
1.163000	-3.210190
1.164000	-7.086060
1.165000	-5.012810
1.166000	3.820480
1.167000	15.267900
1.168000	19.504299
1.169000	16.619900
1.170000	6.254250
1.171000	-3.120110
1.172000	-7.626930
1.173000	-6.995970
1.174000	0.936107
1.175000	3.910570
1.176000	8.778100
1.177000	4.181010
1.178000	-2.579230
1.179000	-9.609910
1.180000	-13.125200
1.181000	-10.781600
1.182000	-4.742560
1.183000	-0.145465
1.184000	3.459960
1.185000	4.721880
1.186000	0.485498
1.187000	-6.365010
1.188000	-9.880350
1.189000	-9.249380
1.190000	-3.931240
1.191000	2.558560
1.192000	6.885210
1.193000	6.704860
1.194000	3.279600
1.195000	-2.128440
1.196000	-5.012810
1.197000	-5.734050
1.198000	-0.686343
1.199000	4.721880
1.200000	10.941200
1.201000	11.392000
1.202000	9.138620
1.203000	4.541530
1.204000	-0.325819
1.205000	-3.120110
1.206000	-2.939760
1.207000	1.116460
1.208000	6.163980
1.209000	8.056870
1.210000	6.163980
1.211000	1.927590
1.212000	-1.587740
1.213000	-3.390360
1.214000	-2.038350
1.215000	0.395229
1.216000	4.000840
1.217000	4.902050
1.218000	1.927590
1.219000	-2.939760
1.220000	-7.626930
1.221000	-8.167630
1.222000	-5.463610
1.223000	-1.136950
1.224000	3.009350
1.225000	5.262760
1.226000	4.992320
1.227000	1.837510
1.228000	-0.505989
1.229000	-0.235734
1.230000	3.189520
1.231000	9.048350
1.232000	13.735500
1.233000	14.997500
1.234000	13.194700
1.235000	8.327310
1.236000	4.090920
1.237000	1.386900
1.238000	1.747420
1.239000	4.631800
1.240000	6.614770
1.241000	6.163980
1.242000	2.468470
1.243000	-2.128440
1.244000	-6.455090
1.245000	-7.897190
1.246000	-6.455090
1.247000	-2.759400
1.248000	0.575583
1.249000	2.107950
1.250000	0.485498
1.251000	-2.398880
1.252000	-5.012810
1.253000	-4.832640
1.254000	-0.866697
1.255000	3.369870
1.256000	9.409060
1.257000	12.563700
1.258000	12.203200
1.259000	8.868180
1.260000	4.271270
1.261000	2.558560
1.262000	2.828990
1.263000	5.893720
1.264000	9.228710
1.265000	9.769590
1.266000	8.056870
1.267000	2.919080
1.268000	-2.579230
1.269000	-7.266410
1.270000	-7.897190
1.271000	-6.004480
1.272000	-1.948270
1.273000	-0.235734
1.274000	0.305144
1.275000	-1.407390
1.276000	-3.751070
1.277000	-4.922730
1.278000	-4.021330
1.279000	-0.686343
1.280000	2.648640
1.281000	5.803450
1.282000	5.262760
1.283000	3.369870
1.284000	1.657150
1.285000	0.936107
1.286000	2.017680
1.287000	3.459960
1.288000	5.623290
1.289000	6.614770
1.290000	6.434420
1.291000	4.181010
1.292000	1.206550
1.293000	-1.317310
1.294000	-2.398880
1.295000	-2.398880
1.296000	-0.866697
1.297000	0.215059
1.298000	0.215059
1.299000	-1.587740
1.300000	-4.742560
1.301000	-6.725530
1.302000	-5.734050
1.303000	-3.751070
1.304000	-0.055380
1.305000	0.575583
1.306000	1.026190
1.307000	-1.046870
1.308000	-2.939760
1.309000	-4.201680
1.310000	-4.111600
1.311000	-1.587740
1.312000	1.476980
1.313000	2.648640
1.314000	5.082410
1.315000	3.099430
1.316000	2.468470
1.317000	-0.505989
1.318000	-2.398880
1.319000	-1.948270
1.320000	-0.956782
1.321000	2.198030
1.322000	3.730400
1.323000	2.288120
1.324000	-0.505989
1.325000	-5.012810
1.326000	-7.266410
1.327000	-7.176140
1.328000	-4.832640
1.329000	-1.136950
1.330000	0.755937
1.331000	-0.055380
1.332000	-2.038350
1.333000	-5.914210
1.334000	-7.356490
1.335000	-6.815620
1.336000	-4.562200
1.337000	-1.497660
1.338000	0.485498
1.339000	1.386900
1.340000	-0.325819
1.341000	-2.579230
1.342000	-5.012810
1.343000	-5.103080
1.344000	-2.398880
1.345000	0.305144
1.346000	2.738910
1.347000	3.189520
1.348000	1.116460
1.349000	-1.136950
1.350000	-3.480630
1.351000	-3.120110
1.352000	-1.858180
1.353000	0.575583
1.354000	1.116460
1.355000	0.485498
1.356000	-1.227220
1.357000	-3.120110
1.358000	-4.021330
1.359000	-4.111600
1.360000	-2.759400
1.361000	-1.136950
1.362000	0.124974
1.363000	0.395229
1.364000	-0.686343
1.365000	-1.948270
1.366000	-3.841160
1.367000	-3.751070
1.368000	-2.579230
1.369000	-0.596258
1.370000	1.657150
1.371000	2.738910
1.372000	2.919080
1.373000	1.567070
1.374000	1.026190
1.375000	1.747420
1.376000	3.550040
1.377000	5.803450
1.378000	6.885210
1.379000	6.794940
1.380000	5.172490
1.381000	3.099430
1.382000	1.567070
1.383000	1.206550
1.384000	1.747420
1.385000	2.558560
1.386000	3.099430
1.387000	2.378390
1.388000	0.936107
1.389000	-1.046870
1.390000	-2.489150
1.391000	-3.390360
1.392000	-2.489150
1.393000	-0.956782
1.394000	0.395229
1.395000	0.936107
1.396000	0.395229
1.397000	-0.325819
1.398000	-0.776428
1.399000	-0.415904
1.400000	1.026190
1.401000	2.648640
1.402000	5.262760
1.403000	6.254250
1.404000	6.704860
1.405000	6.254250
1.406000	5.352850
1.407000	4.992320
1.408000	4.451440
1.409000	4.361360
1.410000	4.451440
1.411000	4.271270
1.412000	3.910570
1.413000	2.558560
1.414000	1.026190
1.415000	-0.505989
1.416000	-1.227220
1.417000	-1.767910
1.418000	-1.587740
1.419000	-1.317310
1.420000	-0.686343
1.421000	-0.776428
1.422000	-1.136950
1.423000	-1.948270
1.424000	-2.398880
1.425000	-2.038350
1.426000	-1.136950
1.427000	-0.145465
1.428000	0.755937
1.429000	1.657150
1.430000	1.747420
1.431000	1.747420
1.432000	1.296630
1.433000	1.386900
1.434000	1.927590
1.435000	2.828990
1.436000	3.189520
1.437000	3.279600
1.438000	2.648640
1.439000	1.567070
1.440000	0.575583
1.441000	0.034705
1.442000	0.124974
1.443000	0.485498
1.444000	0.755937
1.445000	0.485498
1.446000	0.034705
1.447000	-0.596258
1.448000	-0.776428
1.449000	-0.776428
1.450000	-0.776428
1.451000	-0.235734
1.452000	0.034705
1.453000	0.034705
1.454000	-0.505989
1.455000	-1.136950
1.456000	-1.497660
1.457000	-1.317310
1.458000	-0.686343
1.459000	0.215059
1.460000	1.116460
1.461000	1.657150
1.462000	1.476980
1.463000	0.755937
1.464000	0.124974
1.465000	0.215059
1.466000	0.846022
1.467000	1.567070
1.468000	2.288120
1.469000	2.558560
1.470000	2.107950
1.471000	1.747420
1.472000	0.936107
1.473000	0.665668
1.474000	0.846022
1.475000	0.755937
1.476000	0.846022
1.477000	0.755937
1.478000	0.395229
1.479000	0.124974
1.480000	-0.145465
1.481000	-0.505989
1.482000	-0.956782
1.483000	-0.866697
1.484000	-0.686343
1.485000	-1.046870
1.486000	-1.227220
1.487000	-1.407390
1.488000	-1.317310
1.489000	-1.046870
1.490000	-1.046870
1.491000	-0.596258
1.492000	-0.505989
1.493000	-0.235734
1.494000	0.215059
1.495000	0.215059
1.496000	0.755937
1.497000	0.936107
1.498000	1.026190
1.499000	1.026190
1.500000	0.665668
1.501000	0.395229
1.502000	0.305144
1.503000	0.215059
1.504000	0.575583
1.505000	0.936107
1.506000	0.936107
1.507000	0.755937
1.508000	-0.055380
1.509000	-0.866697
1.510000	-1.407390
1.511000	-1.227220
1.512000	-1.046870
1.513000	-0.866697
1.514000	-0.686343
1.515000	-1.046870
1.516000	-1.767910
1.517000	-2.398880
1.518000	-2.849670
1.519000	-1.858180
1.520000	-1.677830
1.521000	-0.776428
1.522000	-0.415904
1.523000	-0.235734
1.524000	0.034705
1.525000	-0.055380
1.526000	-0.055380
1.527000	-0.055380
1.528000	0.215059
1.529000	0.575583
1.530000	0.846022
1.531000	0.305144
1.532000	0.124974
1.533000	-0.235734
1.534000	-0.055380
1.535000	0.034705
1.536000	-0.235734
1.537000	-0.145465
1.538000	-0.415904
1.539000	-0.325819
1.540000	-0.866697
1.541000	-0.866697
1.542000	-0.686343
1.543000	-1.046870
1.544000	-0.415904
1.545000	-0.776428
1.546000	-0.596258
1.547000	-0.505989
1.548000	-0.596258
1.549000	-0.415904
1.550000	-0.145465
1.551000	0.395229
1.552000	0.755937
1.553000	0.936107
1.554000	1.026190
1.555000	0.575583
1.556000	0.395229
1.557000	0.215059
1.558000	0.485498
1.559000	0.846022
1.560000	1.386900
1.561000	1.747420
1.562000	1.657150
1.563000	1.206550
1.564000	1.206550
1.565000	1.296630
1.566000	1.567070
1.567000	2.107950
1.568000	2.198030
1.569000	2.468470
1.570000	2.288120
1.571000	2.107950
1.572000	1.747420
1.573000	1.296630
1.574000	1.296630
1.575000	1.296630
1.576000	1.206550
1.577000	1.567070
1.578000	1.657150
1.579000	1.927590
1.580000	1.747420
1.581000	1.296630
1.582000	0.936107
1.583000	0.575583
1.584000	0.846022
1.585000	1.026190
1.586000	1.476980
1.587000	1.837510
1.588000	1.747420
1.589000	1.476980
1.590000	0.936107
1.591000	0.485498
1.592000	0.485498
1.593000	0.755937
1.594000	1.206550
1.595000	1.026190
1.596000	0.936107
1.597000	0.755937
1.598000	0.034705
1.599000	-0.596258
1.600000	-0.686343
1.601000	-1.136950
1.602000	-0.596258
1.603000	-0.325819
1.604000	-0.055380
1.605000	-0.325819
1.606000	-0.776428
1.607000	-1.227220
1.608000	-1.317310
1.609000	-1.317310
1.610000	-0.505989
1.611000	0.034705
1.612000	0.485498
1.613000	0.124974
1.614000	-0.145465
1.615000	-0.145465
1.616000	-0.235734
1.617000	0.665668
1.618000	1.026190
1.619000	0.846022
1.620000	1.206550
1.621000	0.665668
1.622000	0.575583
1.623000	0.305144
1.624000	0.124974
1.625000	0.034705
1.626000	-0.055380
1.627000	-0.055380
1.628000	-0.235734
1.629000	-0.235734
1.630000	-0.055380
1.631000	-0.235734
1.632000	-0.145465
1.633000	0.124974
1.634000	0.395229
1.635000	1.116460
1.636000	1.296630
1.637000	1.567070
1.638000	1.567070
1.639000	1.026190
1.640000	1.026190
1.641000	1.026190
1.642000	1.657150
1.643000	2.378390
1.644000	2.738910
1.645000	2.648640
1.646000	2.198030
1.647000	1.296630
1.648000	0.755937
1.649000	0.395229
1.650000	0.665668
1.651000	0.936107
1.652000	1.296630
1.653000	1.206550
1.654000	0.665668
1.655000	-0.145465
1.656000	-0.776428
1.657000	-1.227220
1.658000	-0.956782
1.659000	-0.596258
1.660000	0.305144
1.661000	0.485498
1.662000	0.305144
1.663000	0.034705
1.664000	-0.415904
1.665000	-0.686343
1.666000	-0.505989
1.667000	0.124974
1.668000	0.124974
1.669000	0.755937
1.670000	0.846022
1.671000	0.936107
1.672000	0.665668
1.673000	0.936107
1.674000	0.846022
1.675000	1.206550
1.676000	1.206550
1.677000	1.837510
1.678000	2.017680
1.679000	1.747420
1.680000	1.296630
1.681000	0.575583
1.682000	0.034705
1.683000	-0.145465
1.684000	-0.415904
1.685000	-0.505989
1.686000	-0.505989
1.687000	-0.776428
1.688000	-0.956782
1.689000	-1.497660
1.690000	-1.767910
1.691000	-1.948270
1.692000	-1.858180
1.693000	-1.677830
1.694000	-1.407390
1.695000	-0.956782
1.696000	-0.686343
1.697000	-0.596258
1.698000	-0.505989
1.699000	-0.415904
1.700000	-0.235734
1.701000	0.034705
1.702000	0.215059
1.703000	0.575583
1.704000	1.026190
1.705000	1.296630
1.706000	1.567070
1.707000	1.296630
1.708000	1.296630
1.709000	1.026190
1.710000	1.026190
1.711000	0.755937
1.712000	0.395229
1.713000	0.215059
1.714000	-0.145465
1.715000	-0.235734
1.716000	-1.046870
1.717000	-1.227220
1.718000	-1.317310
1.719000	-1.497660
1.720000	-1.767910
1.721000	-1.858180
1.722000	-1.948270
1.723000	-2.038350
1.724000	-1.948270
1.725000	-1.767910
1.726000	-1.407390
1.727000	-0.866697
1.728000	-0.415904
1.729000	0.124974
1.730000	0.124974
1.731000	0.215059
1.732000	0.215059
1.733000	0.575583
1.734000	0.936107
1.735000	1.747420
1.736000	2.558560
1.737000	2.738910
1.738000	2.468470
1.739000	1.747420
1.740000	1.206550
1.741000	1.026190
1.742000	1.026190
1.743000	1.476980
1.744000	1.657150
1.745000	1.296630
1.746000	0.665668
1.747000	-0.505989
1.748000	-0.776428
1.749000	-1.317310
1.750000	-1.046870
1.751000	-0.325819
1.752000	0.305144
1.753000	0.395229
1.754000	0.305144
1.755000	-0.505989
1.756000	-0.956782
1.757000	-0.956782
1.758000	-0.235734
1.759000	0.846022
1.760000	2.017680
1.761000	2.648640
1.762000	2.738910
1.763000	2.107950
1.764000	1.206550
1.765000	1.296630
1.766000	1.837510
1.767000	2.648640
1.768000	3.279600
1.769000	3.279600
1.770000	2.919080
1.771000	2.198030
1.772000	1.206550
1.773000	0.755937
1.774000	0.485498
1.775000	0.575583
1.776000	0.665668
1.777000	0.395229
1.778000	0.124974
1.779000	-0.235734
1.780000	-0.686343
1.781000	-1.046870
1.782000	-0.956782
1.783000	-0.415904
1.784000	-0.325819
1.785000	-0.145465
1.786000	-0.325819
1.787000	-0.235734
1.788000	-0.235734
1.789000	-0.055380
1.790000	0.395229
1.791000	0.755937
1.792000	1.206550
1.793000	1.206550
1.794000	1.296630
1.795000	1.116460
1.796000	1.116460
1.797000	1.026190
1.798000	1.386900
1.799000	1.657150
1.800000	1.747420
1.801000	1.476980
1.802000	1.116460
1.803000	0.665668
1.804000	0.305144
1.805000	0.305144
1.806000	-0.055380
1.807000	0.034705
1.808000	-0.055380
1.809000	-0.055380
1.810000	-0.505989
1.811000	-0.866697
1.812000	-0.866697
1.813000	-0.866697
1.814000	-0.596258
1.815000	-0.235734
1.816000	0.034705
1.817000	0.215059
1.818000	0.485498
1.819000	0.485498
1.820000	0.755937
1.821000	0.936107
1.822000	1.206550
1.823000	1.296630
1.824000	1.657150
1.825000	1.837510
1.826000	2.107950
1.827000	2.288120
1.828000	2.198030
1.829000	1.927590
1.830000	1.476980
1.831000	1.116460
1.832000	0.665668
1.833000	0.575583
1.834000	0.575583
1.835000	0.846022
1.836000	0.846022
1.837000	0.395229
1.838000	-0.055380
1.839000	-0.596258
1.840000	-0.776428
1.841000	-0.776428
1.842000	-0.325819
1.843000	0.305144
1.844000	0.665668
1.845000	0.665668
1.846000	0.485498
1.847000	0.305144
1.848000	0.124974
1.849000	0.305144
1.850000	0.395229
1.851000	0.846022
1.852000	0.936107
1.853000	0.846022
1.854000	0.665668
1.855000	0.034705
1.856000	-0.325819
1.857000	-0.415904
1.858000	-0.325819
1.859000	-0.235734
1.860000	-0.235734
1.861000	-0.325819
1.862000	-0.596258
1.863000	-1.046870
1.864000	-1.317310
1.865000	-1.317310
1.866000	-1.317310
1.867000	-1.227220
1.868000	-1.227220
1.869000	-1.407390
1.870000	-1.767910
1.871000	-1.767910
1.872000	-1.497660
1.873000	-1.046870
1.874000	-0.776428
1.875000	-0.776428
1.876000	-0.776428
1.877000	-0.866697
1.878000	-0.866697
1.879000	-0.776428
1.880000	-0.776428
1.881000	-0.415904
1.882000	-0.325819
1.883000	-0.055380
1.884000	0.034705
1.885000	-0.145465
1.886000	-0.596258
1.887000	-0.866697
1.888000	-0.956782
1.889000	-0.866697
1.890000	-0.596258
1.891000	0.215059
1.892000	0.305144
1.893000	0.485498
1.894000	-0.325819
1.895000	-0.956782
1.896000	-1.227220
1.897000	-1.046870
1.898000	-0.415904
1.899000	0.395229
1.900000	0.846022
1.901000	1.026190
1.902000	0.755937
1.903000	0.034705
1.904000	-0.055380
1.905000	-0.055380
1.906000	0.665668
1.907000	1.386900
1.908000	2.107950
1.909000	2.558560
1.910000	2.288120
1.911000	1.657150
1.912000	1.026190
1.913000	0.485498
1.914000	0.755937
1.915000	1.116460
1.916000	1.747420
1.917000	2.017680
1.918000	1.837510
1.919000	1.206550
1.920000	0.755937
1.921000	0.305144
1.922000	0.305144
1.923000	0.665668
1.924000	1.116460
1.925000	1.386900
1.926000	1.567070
1.927000	1.206550
1.928000	0.936107
1.929000	0.665668
1.930000	0.665668
1.931000	1.026190
1.932000	1.476980
1.933000	1.927590
1.934000	2.288120
1.935000	2.017680
1.936000	1.837510
1.937000	1.657150
1.938000	1.837510
1.939000	1.927590
1.940000	2.107950
1.941000	2.198030
1.942000	1.747420
1.943000	1.567070
1.944000	1.206550
1.945000	1.206550
1.946000	1.386900
1.947000	1.476980
1.948000	1.386900
1.949000	1.206550
1.950000	0.846022
1.951000	0.485498
1.952000	0.305144
1.953000	0.395229
1.954000	0.665668
1.955000	0.755937
1.956000	0.665668
1.957000	0.665668
1.958000	0.305144
1.959000	0.034705
1.960000	-0.235734
1.961000	-0.055380
1.962000	0.305144
1.963000	0.936107
1.964000	1.206550
1.965000	1.026190
1.966000	0.755937
1.967000	0.124974
1.968000	-0.055380
1.969000	-0.415904
1.970000	0.034705
1.971000	0.305144
1.972000	0.575583
1.973000	0.305144
1.974000	-0.145465
1.975000	-0.596258
1.976000	-0.866697
1.977000	-0.866697
1.978000	-0.686343
1.979000	-0.776428
1.980000	-0.686343
1.981000	-0.866697
1.982000	-1.136950
1.983000	-1.407390
1.984000	-1.407390
1.985000	-1.407390
1.986000	-1.227220
1.987000	-1.317310
1.988000	-1.136950
1.989000	-1.046870
1.990000	-0.956782
1.991000	-0.776428
1.992000	-0.145465
1.993000	0.034705
1.994000	0.305144
1.995000	0.305144
1.996000	0.215059
1.997000	-0.055380
1.998000	0.034705
1.999000	0.305144
2.000000	0.846022
2.001000	1.296630
2.002000	1.296630
2.003000	1.116460
2.004000	0.395229
2.005000	-0.055380
2.006000	-0.325819
2.007000	0.034705
2.008000	0.575583
2.009000	1.206550
2.010000	1.386900
2.011000	1.026190
2.012000	0.395229
2.013000	-0.235734
2.014000	-0.325819
2.015000	-0.145465
2.016000	0.485498
2.017000	0.936107
2.018000	1.116460
2.019000	0.846022
2.020000	0.395229
2.021000	0.034705
2.022000	-0.145465
2.023000	-0.055380
2.024000	0.575583
2.025000	0.846022
2.026000	1.206550
2.027000	1.296630
2.028000	1.026190
2.029000	0.846022
2.030000	0.755937
2.031000	0.665668
2.032000	0.846022
2.033000	0.846022
2.034000	0.936107
2.035000	0.755937
2.036000	0.485498
2.037000	0.124974
2.038000	0.034705
2.039000	0.215059
2.040000	0.124974
2.041000	0.305144
2.042000	-0.055380
2.043000	-0.145465
2.044000	-0.776428
2.045000	-0.956782
2.046000	-0.956782
2.047000	-0.596258
2.048000	-0.235734
2.049000	-0.235734
2.050000	-0.325819
2.051000	-0.686343
2.052000	-1.136950
2.053000	-1.046870
2.054000	-0.596258
2.055000	0.124974
2.056000	0.755937
2.057000	1.206550
2.058000	1.026190
2.059000	0.575583
2.060000	-0.055380
2.061000	-0.325819
2.062000	-0.235734
2.063000	0.124974
2.064000	0.665668
2.065000	0.755937
2.066000	0.755937
2.067000	0.395229
2.068000	-0.055380
2.069000	-0.505989
2.070000	-0.686343
2.071000	-0.596258
2.072000	-0.235734
2.073000	0.215059
2.074000	0.485498
2.075000	0.485498
2.076000	0.215059
2.077000	0.034705
2.078000	-0.055380
2.079000	-0.325819
2.080000	0.124974
2.081000	0.485498
2.082000	0.936107
2.083000	1.386900
2.084000	1.386900
2.085000	1.116460
2.086000	0.755937
2.087000	0.485498
2.088000	0.395229
2.089000	0.485498
2.090000	0.846022
2.091000	1.206550
2.092000	1.116460
2.093000	1.026190
2.094000	0.755937
2.095000	0.305144
2.096000	0.215059
2.097000	0.215059
2.098000	0.485498
2.099000	0.846022
2.100000	1.026190
2.101000	1.116460
2.102000	0.936107
2.103000	0.755937
2.104000	0.755937
2.105000	0.846022
2.106000	0.755937
2.107000	1.116460
2.108000	1.296630
2.109000	1.476980
2.110000	1.476980
2.111000	1.567070
2.112000	1.476980
2.113000	1.296630
2.114000	1.206550
2.115000	1.206550
2.116000	1.206550
2.117000	1.386900
2.118000	1.386900
2.119000	1.296630
2.120000	1.206550
2.121000	1.206550
2.122000	1.116460
2.123000	1.116460
2.124000	0.936107
2.125000	0.936107
2.126000	0.755937
2.127000	0.846022
2.128000	0.755937
2.129000	0.755937
2.130000	0.846022
2.131000	0.846022
2.132000	0.755937
2.133000	0.575583
2.134000	0.575583
2.135000	0.215059
2.136000	0.034705
2.137000	0.305144
2.138000	0.395229
2.139000	0.395229
2.140000	0.575583
2.141000	0.575583
2.142000	0.124974
2.143000	-0.145465
2.144000	-0.505989
2.145000	-0.325819
2.146000	-0.235734
2.147000	-0.055380
2.148000	0.305144
2.149000	0.305144
2.150000	0.124974
2.151000	-0.235734
2.152000	-0.776428
2.153000	-0.956782
2.154000	-0.956782
2.155000	-0.596258
2.156000	-0.235734
2.157000	-0.055380
2.158000	0.034705
2.159000	-0.145465
2.160000	-0.415904
2.161000	-0.776428
2.162000	-0.686343
2.163000	-0.505989
2.164000	-0.145465
2.165000	0.215059
2.166000	0.575583
2.167000	0.485498
2.168000	0.124974
2.169000	-0.325819
2.170000	-0.415904
2.171000	-0.325819
2.172000	-0.145465
2.173000	0.215059
2.174000	0.575583
2.175000	0.485498
2.176000	0.395229
2.177000	0.034705
2.178000	-0.325819
2.179000	-0.415904
2.180000	-0.325819
2.181000	-0.235734
2.182000	-0.145465
2.183000	0.034705
2.184000	0.124974
2.185000	-0.145465
2.186000	-0.325819
2.187000	-0.325819
2.188000	-0.325819
2.189000	-0.145465
2.190000	0.034705
2.191000	0.305144
2.192000	0.395229
2.193000	0.485498
2.194000	0.395229
2.195000	0.485498
2.196000	0.575583
2.197000	0.755937
2.198000	0.755937
2.199000	0.755937
