0.000000	-1.210000
0.130000	-1.210000
-0.025000	-1.230000
-0.081100	-1.210000
-0.127000	-1.210000
0.056000	-1.190000
-0.056900	-1.210000
-0.083500	-1.190000
-0.097200	-0.925000
0.191000	-0.746000
-0.298000	-0.387000
-0.256000	0.223000
-1.520000	-2.000000
-2.570000	-5.570000
-3.580000	-9.000000
-4.510000	-10.900000
-4.610000	-11.200000
-4.950000	-9.860000
-5.260000	-10.100000
-5.620000	-11.800000
-6.080000	-13.700000
-6.600000	-15.400000
-6.600000	-16.700001
-7.860000	-16.900000
-8.080000	-17.500000
-8.780000	-17.100000
-8.660000	-19.400000
-9.430000	-19.700001
-10.000000	-20.900000
-10.600000	-1.320000
-12.500000	-24.200001
-14.800000	-20.600000
-16.799999	-18.200001
-17.500000	-21.299999
-18.299999	-20.000000
-18.400000	-16.900000
-18.700001	-18.200001
-19.500000	-20.700001
-19.700001	-19.700001
-20.500000	-19.200001
-21.000000	-21.299999
-22.000000	-21.500000
-23.100000	-18.600000
-24.100000	-16.299999
-26.100000	-11.700000
-28.200001	-7.800000
-32.299999	-5.430000
-37.700001	-3.740000
-37.900002	-6.560000
-50.000000	1.780000
