-0.300000	-1.212010
-0.299000	-1.212010
-0.298000	-1.229980
-0.297000	-1.212010
-0.296000	-1.212010
-0.295000	-1.212010
-0.294000	-1.212010
-0.293000	-1.212010
-0.292000	-1.212010
-0.291000	-1.212010
-0.290000	-1.212010
-0.289000	-1.194090
-0.288000	-1.212010
-0.287000	-1.212010
-0.286000	-1.212010
-0.285000	-1.229980
-0.284000	-1.229980
-0.283000	-1.229980
-0.282000	-1.212010
-0.281000	-1.212010
-0.280000	-1.194090
-0.279000	-1.212010
-0.278000	-1.212010
-0.277000	-1.212010
-0.276000	-1.212010
-0.275000	-1.212010
-0.274000	-1.229980
-0.273000	-1.212010
-0.272000	-1.229980
-0.271000	-1.229980
-0.270000	-1.212010
-0.269000	-1.212010
-0.268000	-1.212010
-0.267000	-1.212010
-0.266000	-1.212010
-0.265000	-1.212010
-0.264000	-1.212010
-0.263000	-1.194090
-0.262000	-1.212010
-0.261000	-1.229980
-0.260000	-1.229980
-0.259000	-1.212010
-0.258000	-1.229980
-0.257000	-1.212010
-0.256000	-1.212010
-0.255000	-1.212010
-0.254000	-1.229980
-0.253000	-1.229980
-0.252000	-1.229980
-0.251000	-1.212010
-0.250000	-1.212010
-0.249000	-1.212010
-0.248000	-1.229980
-0.247000	-1.212010
-0.246000	-1.212010
-0.245000	-1.229980
-0.244000	-1.212010
-0.243000	-1.212010
-0.242000	-1.212010
-0.241000	-1.212010
-0.240000	-1.212010
-0.239000	-1.212010
-0.238000	-1.229980
-0.237000	-1.212010
-0.236000	-1.212010
-0.235000	-1.212010
-0.234000	-1.229980
-0.233000	-1.229980
-0.232000	-1.212010
-0.231000	-1.229980
-0.230000	-1.229980
-0.229000	-1.212010
-0.228000	-1.229980
-0.227000	-1.212010
-0.226000	-1.212010
-0.225000	-1.194090
-0.224000	-1.212010
-0.223000	-1.212010
-0.222000	-1.212010
-0.221000	-1.229980
-0.220000	-1.229980
-0.219000	-1.212010
-0.218000	-1.212010
-0.217000	-1.212010
-0.216000	-1.212010
-0.215000	-1.229980
-0.214000	-1.212010
-0.213000	-1.212010
-0.212000	-1.229980
-0.211000	-1.212010
-0.210000	-1.212010
-0.209000	-1.212010
-0.208000	-1.212010
-0.207000	-1.212010
-0.206000	-1.229980
-0.205000	-1.212010
-0.204000	-1.212010
-0.203000	-1.212010
-0.202000	-1.212010
-0.201000	-1.212010
-0.200000	-1.212010
-0.199000	-1.212010
-0.198000	-1.229980
-0.197000	-1.212010
-0.196000	-1.212010
-0.195000	-1.212010
-0.194000	-1.212010
-0.193000	-1.212010
-0.192000	-1.229980
-0.191000	-1.212010
-0.190000	-1.212010
-0.189000	-1.229980
-0.188000	-1.212010
-0.187000	-1.212010
-0.186000	-1.212010
-0.185000	-1.212010
-0.184000	-1.212010
-0.183000	-1.212010
-0.182000	-1.229980
-0.181000	-1.212010
-0.180000	-1.212010
-0.179000	-1.212010
-0.178000	-1.212010
-0.177000	-1.212010
-0.176000	-1.212010
-0.175000	-1.229980
-0.174000	-1.212010
-0.173000	-1.212010
-0.172000	-1.212010
-0.171000	-1.229980
-0.170000	-1.229980
-0.169000	-1.194090
-0.168000	-1.212010
-0.167000	-1.212010
-0.166000	-1.212010
-0.165000	-1.212010
-0.164000	-1.212010
-0.163000	-1.212010
-0.162000	-1.212010
-0.161000	-1.212010
-0.160000	-1.229980
-0.159000	-1.229980
-0.158000	-1.212010
-0.157000	-1.212010
-0.156000	-1.229980
-0.155000	-1.229980
-0.154000	-1.229980
-0.153000	-1.229980
-0.152000	-1.212010
-0.151000	-1.212010
-0.150000	-1.212010
-0.149000	-1.212010
-0.148000	-1.212010
-0.147000	-1.229980
-0.146000	-1.212010
-0.145000	-1.212010
-0.144000	-1.229980
-0.143000	-1.229980
-0.142000	-1.212010
-0.141000	-1.212010
-0.140000	-1.212010
-0.139000	-1.212010
-0.138000	-1.194090
-0.137000	-1.229980
-0.136000	-1.212010
-0.135000	-1.212010
-0.134000	-1.212010
-0.133000	-1.212010
-0.132000	-1.212010
-0.131000	-1.229980
-0.130000	-1.212010
-0.129000	-1.212010
-0.128000	-1.212010
-0.127000	-1.229980
-0.126000	-1.194090
-0.125000	-1.212010
-0.124000	-1.212010
-0.123000	-1.194090
-0.122000	-1.212010
-0.121000	-1.212010
-0.120000	-1.229980
-0.119000	-1.212010
-0.118000	-1.212010
-0.117000	-1.229980
-0.116000	-1.229980
-0.115000	-1.229980
-0.114000	-1.212010
-0.113000	-1.229980
-0.112000	-1.212010
-0.111000	-1.212010
-0.110000	-1.212010
-0.109000	-1.212010
-0.108000	-1.212010
-0.107000	-1.194090
-0.106000	-1.229980
-0.105000	-1.194090
-0.104000	-1.212010
-0.103000	-1.194090
-0.102000	-1.212010
-0.101000	-1.229980
-0.100000	-1.212010
-0.099000	-1.212010
-0.098000	-1.212010
-0.097000	-1.212010
-0.096000	-1.212010
-0.095000	-1.212010
-0.094000	-1.229980
-0.093000	-1.229980
-0.092000	-1.212010
-0.091000	-1.194090
-0.090000	-1.194090
-0.089000	-1.212010
-0.088000	-1.212010
-0.087000	-1.212010
-0.086000	-1.212010
-0.085000	-1.229980
-0.084000	-1.212010
-0.083000	-1.229980
-0.082000	-1.229980
-0.081000	-1.212010
-0.080000	-1.229980
-0.079000	-1.212010
-0.078000	-1.212010
-0.077000	-1.229980
-0.076000	-1.229980
-0.075000	-1.212010
-0.074000	-1.212010
-0.073000	-1.194090
-0.072000	-1.212010
-0.071000	-1.212010
-0.070000	-1.212010
-0.069000	-1.212010
-0.068000	-1.212010
-0.067000	-1.229980
-0.066000	-1.212010
-0.065000	-1.229980
-0.064000	-1.229980
-0.063000	-1.229980
-0.062000	-1.229980
-0.061000	-1.229980
-0.060000	-1.212010
-0.059000	-1.212010
-0.058000	-1.229980
-0.057000	-1.212010
-0.056000	-1.212010
-0.055000	-1.194090
-0.054000	-1.212010
-0.053000	-1.194090
-0.052000	-1.194090
-0.051000	-1.212010
-0.050000	-1.212010
-0.049000	-1.212010
-0.048000	-1.212010
-0.047000	-1.229980
-0.046000	-1.229980
-0.045000	-1.229980
-0.044000	-1.212010
-0.043000	-1.229980
-0.042000	-1.229980
-0.041000	-1.229980
-0.040000	-1.212010
-0.039000	-1.194090
-0.038000	-1.212010
-0.037000	-1.194090
-0.036000	-1.194090
-0.035000	-1.212010
-0.034000	-1.212010
-0.033000	-1.212010
-0.032000	-1.212010
-0.031000	-1.194090
-0.030000	-1.158230
-0.029000	-1.050590
-0.028000	-0.925019
-0.027000	-0.817377
-0.026000	-0.781521
-0.025000	-0.763556
-0.024000	-0.781521
-0.023000	-0.799449
-0.022000	-0.817377
-0.021000	-0.799449
-0.020000	-0.745628
-0.019000	-0.673880
-0.018000	-0.566238
-0.017000	-0.476561
-0.016000	-0.386848
-0.015000	-0.333064
-0.014000	-0.315099
-0.013000	-0.350992
-0.012000	-0.386848
-0.011000	-0.440669
-0.010000	-0.494489
-0.009000	-0.458633
-0.008000	-0.297171
-0.007000	-0.063960
-0.006000	0.187179
-0.005000	0.348604
-0.004000	0.223035
-0.003000	-0.207495
-0.002000	-0.817377
-0.001000	-1.463150
0.000000	-1.929570
0.001000	-2.144820
0.002000	-2.073070
0.003000	-1.983390
0.004000	-2.001320
0.005000	-2.270390
0.006000	-2.700920
0.007000	-3.292870
0.008000	-3.848970
0.009000	-4.405030
0.010000	-4.853530
0.011000	-5.266090
0.012000	-5.571050
0.013000	-5.893940
0.014000	-6.163010
0.015000	-6.485890
0.016000	-6.844670
0.017000	-7.364880
0.018000	-7.903010
0.019000	-8.459110
0.020000	-8.997250
0.021000	-9.463670
0.022000	-9.840380
0.023000	-10.181200
0.024000	-10.432300
0.025000	-10.611700
0.026000	-10.719300
0.027000	-10.827000
0.028000	-10.916700
0.029000	-11.042300
0.030000	-11.185700
0.031000	-11.311300
0.032000	-11.418900
0.033000	-11.472700
0.034000	-11.454800
0.035000	-11.347200
0.036000	-11.167800
0.037000	-10.898700
0.038000	-10.647600
0.039000	-10.360600
0.040000	-10.181200
0.041000	-10.037700
0.042000	-9.947980
0.043000	-9.912130
0.044000	-9.858300
0.045000	-9.750660
0.046000	-9.750660
0.047000	-9.607170
0.048000	-9.589240
0.049000	-9.643060
0.050000	-9.750660
0.051000	-9.858300
0.052000	-10.073600
0.053000	-10.306800
0.054000	-10.629600
0.055000	-10.916700
0.056000	-11.167800
0.057000	-11.383100
0.058000	-11.616300
0.059000	-11.436900
0.060000	-11.813600
0.061000	-11.813600
0.062000	-11.975000
0.063000	-12.172300
0.064000	-12.315900
0.065000	-12.584900
0.066000	-12.871900
0.067000	-13.302500
0.068000	-13.733000
0.069000	-13.966200
0.070000	-14.289100
0.071000	-14.432600
0.072000	-14.629900
0.073000	-14.827200
0.074000	-14.988700
0.075000	-15.186000
0.076000	-15.437100
0.077000	-15.706200
0.078000	-16.011101
0.079000	-16.262300
0.080000	-16.423700
0.081000	-16.567200
0.082000	-16.621099
0.083000	-16.639000
0.084000	-16.656900
0.085000	-16.495501
0.086000	-16.603100
0.087000	-16.549299
0.088000	-16.513399
0.089000	-16.836300
0.090000	-16.728701
0.091000	-16.943899
0.092000	-16.943899
0.093000	-16.943899
0.094000	-16.997801
0.095000	-16.997801
0.096000	-17.069500
0.097000	-17.159201
0.098000	-17.195101
0.099000	-17.392401
0.100000	-17.482100
0.101000	-17.535900
0.102000	-17.751200
0.103000	-17.715300
0.104000	-17.787001
0.105000	-17.625601
0.106000	-16.943899
0.107000	-17.410299
0.108000	-17.141300
0.109000	-17.266800
0.110000	-17.984400
0.111000	-17.966400
0.112000	-18.683901
0.113000	-18.899200
0.114000	-19.006800
0.115000	-19.293900
0.116000	-19.365601
0.117000	-19.401501
0.118000	-18.791599
0.119000	-18.935101
0.120000	-18.953100
0.121000	-18.289301
0.122000	-19.275900
0.123000	-18.899200
0.124000	-19.724400
0.125000	-20.118999
0.126000	-20.424000
0.127000	-20.764799
0.128000	-20.836599
0.129000	-20.926300
0.130000	-21.105600
0.131000	-20.944201
0.132000	-20.944201
0.133000	-20.890400
0.134000	-20.872499
0.135000	-21.159401
0.136000	-21.787300
0.137000	-7.633950
0.138000	-14.468400
0.139000	-0.548310
0.140000	-1.319650
0.141000	3.433980
0.142000	4.564110
0.143000	0.330676
0.144000	-4.064220
0.145000	-11.149900
0.146000	-19.885799
0.147000	-21.661699
0.148000	-24.155100
0.149000	-20.711000
0.150000	-17.446199
0.151000	-15.365400
0.152000	-10.593800
0.153000	-11.723900
0.154000	-11.741800
0.155000	-16.172600
0.156000	-20.603300
0.157000	-25.482599
0.158000	-28.011900
0.159000	-29.393101
0.160000	-27.276400
0.161000	-26.164301
0.162000	-22.325399
0.163000	-20.764799
0.164000	-18.199600
0.165000	-18.127899
0.166000	-19.096600
0.167000	-21.374701
0.168000	-23.258200
0.169000	-25.052099
0.170000	-24.567699
0.171000	-24.280701
0.172000	-21.302900
0.173000	-19.509100
0.174000	-17.087400
0.175000	-15.993200
0.176000	-15.939400
0.177000	-16.692801
0.178000	-18.181700
0.179000	-19.509100
0.180000	-20.047300
0.181000	-20.280500
0.182000	-19.598801
0.183000	-18.558399
0.184000	-17.374500
0.185000	-16.441700
0.186000	-16.047001
0.187000	-16.298201
0.188000	-16.890100
0.189000	-18.109900
0.190000	-19.401501
0.191000	-19.814100
0.192000	-20.459801
0.193000	-19.921700
0.194000	-19.742300
0.195000	-18.791599
0.196000	-18.163700
0.197000	-18.074100
0.198000	-17.840900
0.199000	-18.558399
0.200000	-18.809500
0.201000	-19.706400
0.202000	-20.477800
0.203000	-20.262501
0.204000	-20.675100
0.205000	-19.634701
0.206000	-19.257999
0.207000	-18.468700
0.208000	-17.984400
0.209000	-18.307199
0.210000	-18.396999
0.211000	-19.114500
0.212000	-19.670601
0.213000	-19.921700
0.214000	-20.531601
0.215000	-20.029301
0.216000	-20.603300
0.217000	-19.706400
0.218000	-19.419399
0.219000	-19.383499
0.220000	-19.186199
0.221000	-19.993500
0.222000	-20.728901
0.223000	-21.428499
0.224000	-22.307501
0.225000	-22.433100
0.226000	-22.415100
0.227000	-22.020500
0.228000	-21.338800
0.229000	-20.872499
0.230000	-20.406000
0.231000	-20.065201
0.232000	-20.459801
0.233000	-20.657200
0.234000	-21.159401
0.235000	-21.410601
0.236000	-21.500299
0.237000	-21.320900
0.238000	-20.854500
0.239000	-20.370199
0.240000	-19.796101
0.241000	-19.437401
0.242000	-19.311800
0.243000	-18.773701
0.244000	-18.558399
0.245000	-17.840900
0.246000	-17.374500
0.247000	-17.141300
0.248000	-16.369900
0.249000	-16.244301
0.250000	-15.993200
0.251000	-15.885600
0.252000	-16.280199
0.253000	-16.369900
0.254000	-16.082899
0.255000	-15.652400
0.256000	-14.719600
0.257000	-13.840600
0.258000	-12.979600
0.259000	-12.028800
0.260000	-11.670100
0.261000	-10.647600
0.262000	-11.006400
0.263000	-10.306800
0.264000	-10.378500
0.265000	-10.270900
0.266000	-9.481600
0.267000	-9.122820
0.268000	-7.795410
0.269000	-7.741590
0.270000	-7.275170
0.271000	-6.844670
0.272000	-6.916420
0.273000	-5.893940
0.274000	-5.624870
0.275000	-5.266090
0.276000	-5.427550
0.277000	-6.037440
0.278000	-6.216830
0.279000	-6.324470
0.280000	-5.911870
0.281000	-5.606910
0.282000	-5.104630
0.283000	-4.100110
0.284000	-3.741330
0.285000	-3.418440
0.286000	-3.274950
0.287000	-4.243610
0.288000	-5.032880
0.289000	-5.409590
0.290000	-6.073330
0.291000	-6.001580
0.292000	-6.557640
0.293000	-5.606910
0.294000	-6.342400
0.295000	-5.301980
0.296000	-3.274950
0.297000	-1.427300
0.298000	2.303890
0.299000	3.398130
0.300000	1.783690
0.301000	-1.839860
0.302000	-6.754960
0.303000	-9.086960
0.304000	-9.947980
0.305000	-8.315620
0.306000	-5.768370
0.307000	-3.866900
0.308000	-1.445220
0.309000	-0.315099
0.310000	-0.010176
0.311000	0.115393
0.312000	-2.467710
0.313000	-2.826490
0.314000	-5.319910
0.315000	-7.418700
0.316000	-7.544270
0.317000	-7.131670
0.318000	-4.692070
0.319000	-2.252460
0.320000	-0.530382
0.321000	1.460800
0.322000	1.801620
0.323000	1.855440
0.324000	1.658120
0.325000	0.330676
0.326000	-0.333064
0.327000	-1.445220
0.328000	-1.337580
0.329000	-0.960875
0.330000	-0.907091
0.331000	-0.153674
0.332000	0.007788
0.333000	-0.171602
0.334000	0.205107
0.335000	0.671492
0.336000	0.958523
0.337000	0.976451
0.338000	0.492101
0.339000	0.456245
0.340000	0.348604
0.341000	0.223035
0.342000	0.743240
0.343000	1.299340
0.344000	1.191700
0.345000	1.030270
0.346000	0.456245
0.347000	0.438281
0.348000	0.563850
0.349000	1.155840
0.350000	1.604300
0.351000	1.765720
0.352000	1.550480
0.353000	1.747800
0.354000	1.837470
0.355000	3.182880
0.356000	6.214440
0.357000	9.873840
0.358000	13.963800
0.359000	16.690399
0.360000	17.892300
0.361000	17.067101
0.362000	17.569401
0.363000	15.811500
0.364000	13.336000
0.365000	10.734900
0.366000	8.080020
0.367000	5.963300
0.368000	4.904960
0.369000	4.671750
0.370000	3.774840
0.371000	2.842030
0.372000	1.891290
0.373000	1.191700
0.374000	0.976451
0.375000	1.173770
0.376000	1.765720
0.377000	2.465320
0.378000	2.859960
0.379000	2.931740
0.380000	2.465320
0.381000	1.909260
0.382000	1.119950
0.383000	0.814989
0.384000	-0.279243
0.385000	-0.978839
0.386000	-1.929570
0.387000	-2.162750
0.388000	-1.857830
0.389000	-0.494489
0.390000	0.904703
0.391000	1.927190
0.392000	2.411500
0.393000	2.662640
0.394000	2.967600
0.395000	3.469880
0.396000	4.259150
0.397000	5.245780
0.398000	5.102280
0.399000	4.259150
0.400000	2.949670
0.401000	1.783690
0.402000	1.604300
0.403000	2.052760
0.404000	2.716460
0.405000	2.931740
0.406000	2.662640
0.407000	2.357720
0.408000	2.250070
0.409000	2.232150
0.410000	2.465320
0.411000	2.770280
0.412000	2.967600
0.413000	2.590890
0.414000	1.765720
0.415000	0.976451
0.416000	0.402425
0.417000	0.492101
0.418000	0.868810
0.419000	1.568410
0.420000	1.909260
0.421000	2.142430
0.422000	2.052760
0.423000	1.998930
0.424000	2.644710
0.425000	3.182880
0.426000	4.133580
0.427000	4.869070
0.428000	5.191960
0.429000	5.837730
0.430000	5.981230
0.431000	6.160620
0.432000	5.891550
0.433000	4.779390
0.434000	3.398130
0.435000	1.568410
0.436000	0.743240
0.437000	0.348604
0.438000	0.653564
0.439000	1.317270
0.440000	1.568410
0.441000	1.514590
0.442000	1.102020
0.443000	0.922631
0.444000	1.173770
0.445000	1.676050
0.446000	2.214180
0.447000	2.590890
0.448000	2.519140
0.449000	1.945110
0.450000	1.281410
0.451000	0.671492
0.452000	0.420353
0.453000	0.617671
0.454000	1.137880
0.455000	1.496660
0.456000	1.801620
0.457000	1.496660
0.458000	1.281410
0.459000	1.191700
0.460000	1.245520
0.461000	1.981010
0.462000	2.447390
0.463000	2.716460
0.464000	2.555030
0.465000	1.909260
0.466000	1.389020
0.467000	0.797061
0.468000	0.725312
0.469000	0.689420
0.470000	0.635636
0.471000	0.653564
0.472000	0.205107
0.473000	-0.117781
0.474000	-0.476561
0.475000	-0.637987
0.476000	-0.368920
0.477000	-0.315099
0.478000	0.115393
0.479000	0.187179
0.480000	0.223035
0.481000	0.115393
0.482000	-0.135746
0.483000	-0.046032
0.484000	-0.063960
0.485000	0.169214
0.486000	0.169214
0.487000	0.169214
0.488000	-0.099853
0.489000	-0.225423
0.490000	-0.458633
0.491000	-0.620059
0.492000	-0.458633
0.493000	-0.584203
0.494000	-0.368920
0.495000	-0.566238
0.496000	-0.655952
0.497000	-0.709772
0.498000	-0.960875
0.499000	-0.960875
0.500000	-1.229980
0.501000	-1.319650
0.502000	-1.409370
0.503000	-1.516970
0.504000	-1.696360
0.505000	-1.947500
0.506000	-2.306280
0.507000	-2.270390
0.508000	-2.252460
0.509000	-2.198640
0.510000	-1.929570
0.511000	-1.821930
0.512000	-1.588720
0.513000	-1.427300
0.514000	-1.445220
0.515000	-1.086440
0.516000	-1.247910
0.517000	-0.889126
0.518000	-1.158230
0.519000	-1.265830
0.520000	-1.247910
0.521000	-1.660470
0.522000	-1.660470
0.523000	-2.019250
0.524000	-2.198640
0.525000	-2.216570
0.526000	-2.503600
0.527000	-2.252460
0.528000	-2.395960
0.529000	-2.234500
0.530000	-2.198640
0.531000	-1.965430
0.532000	-2.037180
0.533000	-2.037180
0.534000	-2.108930
0.535000	-2.037180
0.536000	-2.019250
0.537000	-2.144820
0.538000	-2.162750
0.539000	-2.252460
0.540000	-2.252460
0.541000	-2.378030
0.542000	-2.360070
0.543000	-2.144820
0.544000	-2.144820
0.545000	-1.965430
0.546000	-1.983390
0.547000	-1.947500
0.548000	-1.947500
0.549000	-2.019250
0.550000	-1.821930
0.551000	-2.019250
0.552000	-1.839860
0.553000	-2.037180
0.554000	-2.180710
0.555000	-2.234500
0.556000	-2.503600
0.557000	-2.485640
0.558000	-2.593280
0.559000	-2.647100
0.560000	-2.682950
0.561000	-2.844420
0.562000	-2.808520
0.563000	-2.880310
0.564000	-2.952060
0.565000	-2.736770
0.566000	-2.826490
0.567000	-2.629170
0.568000	-2.736770
0.569000	-2.736770
0.570000	-2.665030
0.571000	-2.718850
0.572000	-2.718850
0.573000	-2.575350
0.574000	-2.718850
0.575000	-2.557420
0.576000	-2.790600
0.577000	-2.772670
0.578000	-2.916170
0.579000	-2.952060
0.580000	-2.808520
0.581000	-2.969990
0.582000	-2.880310
0.583000	-3.203200
0.584000	-3.382550
0.585000	-3.508120
0.586000	-3.633690
0.587000	-3.526080
0.588000	-3.633690
0.589000	-3.454340
0.590000	-3.723400
0.591000	-3.813080
0.592000	-4.046290
0.593000	-4.028360
0.594000	-3.669580
0.595000	-3.382550
0.596000	-2.826490
0.597000	-2.324210
0.598000	-2.055140
0.599000	-2.073070
0.600000	-2.324210
0.601000	-2.665030
0.602000	-2.808520
0.603000	-1.965430
0.604000	-1.104410
0.605000	0.115393
0.606000	1.299340
0.607000	1.460800
0.608000	1.604300
0.609000	1.173770
0.610000	0.958523
0.611000	1.406980
0.612000	1.658120
0.613000	2.501210
0.614000	2.537070
0.615000	2.608850
0.616000	2.232150
0.617000	1.747800
0.618000	1.604300
0.619000	1.460800
0.620000	1.765720
0.621000	2.034830
0.622000	1.998930
0.623000	1.693980
0.624000	1.012310
0.625000	0.474173
0.626000	-0.046032
0.627000	-0.081925
0.628000	0.115393
0.629000	0.492101
0.630000	0.743240
0.631000	0.653564
0.632000	0.276855
0.633000	-0.297171
0.634000	-0.584203
0.635000	-0.763556
0.636000	-0.458633
0.637000	-0.081925
0.638000	0.348604
0.639000	0.402425
0.640000	0.312748
0.641000	-0.099853
0.642000	-0.512417
0.643000	-0.602131
0.644000	-0.476561
0.645000	-0.063960
0.646000	4.008010
0.647000	12.385200
0.648000	10.896300
0.649000	9.766240
0.650000	4.582040
0.651000	-8.566750
0.652000	-10.665500
0.653000	-11.167800
0.654000	-2.934090
0.655000	6.375900
0.656000	9.084570
0.657000	11.093700
0.658000	4.689680
0.659000	-3.131450
0.660000	-9.786560
0.661000	-10.737300
0.662000	-5.391660
0.663000	1.981010
0.664000	7.990340
0.665000	9.048680
0.666000	5.120210
0.667000	-1.481120
0.668000	-6.844670
0.669000	-9.714810
0.670000	-6.844670
0.671000	-0.494489
0.672000	5.783910
0.673000	8.438800
0.674000	5.604520
0.675000	0.438281
0.676000	-5.014950
0.677000	-7.903010
0.678000	-5.893940
0.679000	-1.893680
0.680000	4.223290
0.681000	7.218990
0.682000	6.268260
0.683000	1.998930
0.684000	-3.490190
0.685000	-6.342400
0.686000	-5.768370
0.687000	-2.647100
0.688000	2.034830
0.689000	5.245780
0.690000	5.748050
0.691000	2.877920
0.692000	-2.055140
0.693000	-5.391660
0.694000	-5.786300
0.695000	-2.969990
0.696000	1.030270
0.697000	3.308410
0.698000	4.994640
0.699000	3.111100
0.700000	-0.225423
0.701000	-3.992470
0.702000	-5.642800
0.703000	-3.741330
0.704000	0.402425
0.705000	3.649270
0.706000	5.227850
0.707000	3.380200
0.708000	0.366532
0.709000	-3.382550
0.710000	-5.445480
0.711000	-3.831010
0.712000	-0.530382
0.713000	3.577520
0.714000	4.869070
0.715000	3.272560
0.716000	-0.386848
0.717000	-2.449780
0.718000	-4.512680
0.719000	-3.382550
0.720000	-1.445220
0.721000	2.196250
0.722000	3.738940
0.723000	2.949670
0.724000	0.814989
0.725000	-2.754740
0.726000	-4.046290
0.727000	-2.880310
0.728000	-1.014700
0.729000	1.586330
0.730000	2.501210
0.731000	3.093170
0.732000	1.137880
0.733000	-1.481120
0.734000	-2.898240
0.735000	-2.342140
0.736000	-0.907091
0.737000	1.030270
0.738000	2.124500
0.739000	2.824100
0.740000	1.335230
0.741000	-0.440669
0.742000	-2.629170
0.743000	-3.436370
0.744000	-2.306280
0.745000	0.492101
0.746000	2.339750
0.747000	2.985530
0.748000	1.389020
0.749000	-0.512417
0.750000	-2.754740
0.751000	-3.759260
0.752000	-2.521530
0.753000	-0.135746
0.754000	1.998930
0.755000	2.824100
0.756000	1.693980
0.757000	-0.440669
0.758000	-2.055140
0.759000	-2.342140
0.760000	-1.696360
0.761000	-0.422741
0.762000	1.424910
0.763000	2.698530
0.764000	2.303890
0.765000	0.689420
0.766000	-1.247910
0.767000	-2.091000
0.768000	-2.324210
0.769000	-0.925019
0.770000	0.402425
0.771000	1.981010
0.772000	2.052760
0.773000	0.886775
0.774000	-0.637987
0.775000	-2.611210
0.776000	-2.449780
0.777000	-1.391400
0.778000	0.312748
0.779000	1.478730
0.780000	1.317270
0.781000	0.492101
0.782000	-0.781521
0.783000	-2.108930
0.784000	-2.108930
0.785000	-1.481120
0.786000	0.330676
0.787000	1.406980
0.788000	1.927190
0.789000	1.514590
0.790000	-0.028104
0.791000	-1.301730
0.792000	-2.108930
0.793000	-1.642540
0.794000	0.061609
0.795000	1.406980
0.796000	1.963040
0.797000	0.922631
0.798000	-0.602131
0.799000	-1.696360
0.800000	-1.821930
0.801000	-1.355550
0.802000	-0.153674
0.803000	0.779133
0.804000	1.496660
0.805000	0.671492
0.806000	-0.422741
0.807000	-1.409370
0.808000	-1.624610
0.809000	-1.176160
0.810000	-0.422741
0.811000	0.492101
0.812000	0.994379
0.813000	0.850882
0.814000	0.330676
0.815000	-0.620059
0.816000	-0.871198
0.817000	-0.691808
0.818000	0.061609
0.819000	1.209660
0.820000	1.066130
0.821000	0.958523
0.822000	-0.046032
0.823000	-0.871198
0.824000	-1.050590
0.825000	-1.212010
0.826000	-0.081925
0.827000	0.599743
0.828000	0.671492
0.829000	0.402425
0.830000	-0.386848
0.831000	-0.709772
0.832000	-1.212010
0.833000	-1.140260
0.834000	-0.512417
0.835000	0.025716
0.836000	0.904703
0.837000	0.545922
0.838000	0.366532
0.839000	-0.620059
0.840000	-0.907091
0.841000	-0.907091
0.842000	-0.458633
0.843000	0.384497
0.844000	0.850882
0.845000	1.245520
0.846000	0.671492
0.847000	-0.063960
0.848000	-0.709772
0.849000	-0.960875
0.850000	-0.386848
0.851000	0.169214
0.852000	0.294783
0.853000	0.563850
0.854000	-0.028104
0.855000	-0.189530
0.856000	-0.907091
0.857000	-1.319650
0.858000	-0.799449
0.859000	-0.440669
0.860000	0.115393
0.861000	0.205107
0.862000	-0.046032
0.863000	-0.189530
0.864000	-0.942947
0.865000	-0.978839
0.866000	-0.799449
0.867000	-0.368920
0.868000	0.348604
0.869000	0.563850
0.870000	0.438281
0.871000	0.187179
0.872000	-0.189530
0.873000	-0.207495
0.874000	-0.117781
0.875000	-0.081925
0.876000	0.366532
0.877000	0.474173
0.878000	0.689420
0.879000	0.169214
0.880000	-0.207495
0.881000	-0.422741
0.882000	-0.548310
0.883000	-0.602131
0.884000	-0.602131
0.885000	-0.189530
0.886000	-0.081925
0.887000	-0.135746
0.888000	-0.548310
0.889000	-0.871198
0.890000	-0.727700
0.891000	-0.889126
0.892000	-0.243351
0.893000	-0.279243
0.894000	-0.207495
0.895000	-0.046032
0.896000	-0.261315
0.897000	-0.099853
0.898000	-0.261315
0.899000	-0.081925
0.900000	0.043644
0.901000	0.205107
0.902000	0.223035
0.903000	0.187179
0.904000	0.527994
0.905000	0.384497
0.906000	-0.010176
0.907000	-0.099853
0.908000	-0.225423
0.909000	0.043644
0.910000	0.115393
0.911000	-0.028104
0.912000	-0.261315
0.913000	-0.350992
0.914000	-0.584203
0.915000	-0.691808
0.916000	-0.655952
0.917000	-0.440669
0.918000	-0.422741
0.919000	-0.297171
0.920000	-0.458633
0.921000	-0.620059
0.922000	-0.476561
0.923000	-0.315099
0.924000	-0.297171
0.925000	-0.153674
0.926000	-0.117781
0.927000	0.330676
0.928000	0.348604
0.929000	0.348604
0.930000	0.169214
0.931000	0.115393
0.932000	0.258927
0.933000	0.205107
0.934000	0.402425
0.935000	0.438281
0.936000	0.312748
0.937000	0.115393
0.938000	-0.153674
0.939000	-0.350992
0.940000	-0.368920
0.941000	-0.225423
0.942000	-0.261315
0.943000	-0.350992
0.944000	-0.458633
0.945000	-0.602131
0.946000	-0.691808
0.947000	-0.799449
0.948000	-0.781521
0.949000	-0.709772
0.950000	-0.404813
0.951000	-0.440669
0.952000	-0.315099
0.953000	-0.243351
0.954000	-0.261315
0.955000	-0.046032
0.956000	-0.063960
0.957000	0.133358
0.958000	0.276855
0.959000	0.420353
0.960000	0.402425
0.961000	0.240963
0.962000	0.258927
0.963000	0.205107
0.964000	0.348604
0.965000	0.187179
0.966000	0.043644
0.967000	-0.063960
0.968000	-0.207495
0.969000	-0.153674
0.970000	-0.476561
0.971000	-0.261315
0.972000	-0.422741
0.973000	-0.368920
0.974000	-0.548310
0.975000	-0.691808
0.976000	-0.584203
0.977000	-0.637987
0.978000	-0.494489
0.979000	-0.548310
0.980000	-0.548310
0.981000	-0.422741
0.982000	-0.261315
0.983000	-0.153674
0.984000	-0.046032
0.985000	-0.010176
0.986000	0.133358
0.987000	0.223035
0.988000	0.330676
0.989000	0.366532
0.990000	0.438281
0.991000	0.348604
0.992000	0.258927
0.993000	0.025716
0.994000	0.043644
0.995000	-0.099853
0.996000	-0.028104
0.997000	-0.153674
0.998000	-0.207495
0.999000	-0.225423
1.000000	-0.297171
1.001000	-0.440669
1.002000	-0.512417
1.003000	-0.637987
1.004000	-0.476561
1.005000	-0.512417
1.006000	-0.422741
1.007000	-0.440669
1.008000	-0.386848
1.009000	-0.386848
1.010000	-0.530382
1.011000	-0.422741
1.012000	-0.189530
1.013000	-0.010176
1.014000	0.240963
1.015000	0.205107
1.016000	0.276855
1.017000	0.276855
1.018000	0.151286
1.019000	0.151286
1.020000	0.187179
1.021000	0.240963
1.022000	0.240963
1.023000	0.240963
1.024000	0.061609
1.025000	-0.189530
1.026000	-0.404813
1.027000	-0.315099
1.028000	-0.404813
1.029000	-0.315099
1.030000	-0.297171
1.031000	-0.333064
1.032000	-0.422741
1.033000	-0.620059
1.034000	-0.673880
1.035000	-0.602131
1.036000	-0.602131
1.037000	-0.297171
1.038000	-0.350992
1.039000	-0.171602
1.040000	-0.261315
1.041000	-0.135746
1.042000	-0.225423
1.043000	-0.117781
1.044000	0.169214
1.045000	0.330676
1.046000	0.366532
1.047000	0.438281
1.048000	0.276855
1.049000	0.115393
1.050000	0.025716
1.051000	-0.010176
1.052000	0.061609
1.053000	0.025716
1.054000	0.043644
1.055000	-0.028104
1.056000	-0.261315
1.057000	-0.422741
1.058000	-0.494489
1.059000	-0.512417
1.060000	-0.512417
1.061000	-0.548310
1.062000	-0.476561
1.063000	-0.404813
1.064000	-0.476561
1.065000	-0.458633
1.066000	-0.602131
1.067000	-0.476561
1.068000	-0.350992
1.069000	-0.225423
1.070000	-0.046032
1.071000	-0.028104
1.072000	0.223035
1.073000	0.061609
1.074000	0.097465
1.075000	0.187179
1.076000	0.133358
1.077000	0.240963
1.078000	0.348604
1.079000	0.348604
1.080000	0.312748
1.081000	0.133358
1.082000	0.007788
1.083000	-0.171602
1.084000	-0.243351
1.085000	-0.243351
1.086000	-0.135746
1.087000	-0.315099
1.088000	-0.315099
1.089000	-0.476561
1.090000	-0.566238
1.091000	-0.620059
1.092000	-0.602131
1.093000	-0.422741
1.094000	-0.404813
1.095000	-0.315099
1.096000	-0.081925
1.097000	-1.373480
1.098000	1.012310
1.099000	-1.624610
1.100000	0.438281
1.101000	-0.960875
1.102000	-0.548310
1.103000	1.119950
1.104000	1.066130
1.105000	1.245520
1.106000	1.568410
1.107000	1.209660
1.108000	0.474173
1.109000	0.474173
1.110000	0.151286
1.111000	-0.763556
1.112000	0.527994
1.113000	0.814989
1.114000	0.474173
1.115000	0.025716
1.116000	-0.440669
1.117000	-0.745628
1.118000	-1.086440
1.119000	-0.207495
1.120000	-0.978839
1.121000	-0.028104
1.122000	-0.871198
1.123000	-0.853270
1.124000	-1.732260
1.125000	-1.786040
1.126000	-1.534900
1.127000	-1.122340
1.128000	-0.243351
1.129000	-0.261315
1.130000	0.151286
1.131000	-0.261315
1.132000	-0.673880
1.133000	0.061609
1.134000	-0.333064
1.135000	1.012310
1.136000	1.227590
1.137000	1.389020
1.138000	1.335230
1.139000	0.097465
1.140000	0.151286
1.141000	-0.350992
1.142000	0.420353
1.143000	0.922631
1.144000	1.460800
1.145000	0.958523
1.146000	-0.243351
1.147000	-1.427300
1.148000	-1.983390
1.149000	-2.073070
1.150000	-1.229980
1.151000	-0.817377
1.152000	-0.135746
1.153000	-0.530382
1.154000	-0.709772
1.155000	-1.642540
1.156000	-1.965430
1.157000	-1.660470
1.158000	-0.799449
1.159000	0.043644
1.160000	0.563850
1.161000	0.474173
1.162000	0.025716
1.163000	-0.584203
1.164000	-0.996767
1.165000	-0.691808
1.166000	0.115393
1.167000	0.904703
1.168000	1.299340
1.169000	0.904703
1.170000	0.133358
1.171000	-0.673880
1.172000	-0.907091
1.173000	-0.548310
1.174000	-0.189530
1.175000	0.510066
1.176000	0.492101
1.177000	0.312748
1.178000	-0.279243
1.179000	-0.835342
1.180000	-1.050590
1.181000	-0.817377
1.182000	-0.566238
1.183000	-0.099853
1.184000	0.240963
1.185000	0.223035
1.186000	-0.081925
1.187000	-0.548310
1.188000	-1.032660
1.189000	-0.907091
1.190000	-0.422741
1.191000	0.079537
1.192000	0.420353
1.193000	0.420353
1.194000	0.061609
1.195000	-0.368920
1.196000	-0.691808
1.197000	-0.655952
1.198000	-0.261315
1.199000	0.240963
1.200000	0.563850
1.201000	0.689420
1.202000	0.438281
1.203000	0.097465
1.204000	-0.297171
1.205000	-0.548310
1.206000	-0.476561
1.207000	-0.171602
1.208000	0.240963
1.209000	0.402425
1.210000	0.223035
1.211000	-0.135746
1.212000	-0.440669
1.213000	-0.512417
1.214000	-0.422741
1.215000	-0.081925
1.216000	0.151286
1.217000	0.240963
1.218000	-0.010176
1.219000	-0.404813
1.220000	-0.727700
1.221000	-0.745628
1.222000	-0.476561
1.223000	-0.135746
1.224000	0.133358
1.225000	0.240963
1.226000	0.187179
1.227000	-0.046032
1.228000	-0.315099
1.229000	-0.386848
1.230000	-0.081925
1.231000	0.348604
1.232000	0.635636
1.233000	0.725312
1.234000	0.545922
1.235000	0.258927
1.236000	-0.117781
1.237000	-0.297171
1.238000	-0.207495
1.239000	0.043644
1.240000	0.258927
1.241000	0.276855
1.242000	0.007788
1.243000	-0.333064
1.244000	-0.602131
1.245000	-0.691808
1.246000	-0.548310
1.247000	-0.297171
1.248000	0.007788
1.249000	0.115393
1.250000	-0.028104
1.251000	-0.333064
1.252000	-0.566238
1.253000	-0.530382
1.254000	-0.333064
1.255000	0.043644
1.256000	0.366532
1.257000	0.617671
1.258000	0.581815
1.259000	0.240963
1.260000	-0.099853
1.261000	-0.315099
1.262000	-0.153674
1.263000	0.133358
1.264000	0.366532
1.265000	0.527994
1.266000	0.366532
1.267000	0.025716
1.268000	-0.404813
1.269000	-0.709772
1.270000	-0.745628
1.271000	-0.494489
1.272000	-0.225423
1.273000	-0.010176
1.274000	-0.063960
1.275000	-0.225423
1.276000	-0.422741
1.277000	-0.548310
1.278000	-0.458633
1.279000	-0.243351
1.280000	0.079537
1.281000	0.205107
1.282000	0.169214
1.283000	-0.010176
1.284000	-0.171602
1.285000	-0.189530
1.286000	-0.153674
1.287000	-0.010176
1.288000	0.115393
1.289000	0.258927
1.290000	0.240963
1.291000	0.097465
1.292000	-0.117781
1.293000	-0.297171
1.294000	-0.368920
1.295000	-0.333064
1.296000	-0.225423
1.297000	-0.081925
1.298000	-0.063960
1.299000	-0.225423
1.300000	-0.440669
1.301000	-0.620059
1.302000	-0.584203
1.303000	-0.297171
1.304000	-0.171602
1.305000	0.007788
1.306000	-0.099853
1.307000	-0.207495
1.308000	-0.404813
1.309000	-0.512417
1.310000	-0.386848
1.311000	-0.243351
1.312000	-0.099853
1.313000	0.115393
1.314000	0.061609
1.315000	0.133358
1.316000	-0.117781
1.317000	-0.207495
1.318000	-0.333064
1.319000	-0.386848
1.320000	-0.189530
1.321000	-0.010176
1.322000	0.133358
1.323000	0.061609
1.324000	-0.261315
1.325000	-0.440669
1.326000	-0.637987
1.327000	-0.602131
1.328000	-0.368920
1.329000	-0.171602
1.330000	-0.046032
1.331000	-0.081925
1.332000	-0.333064
1.333000	-0.512417
1.334000	-0.637987
1.335000	-0.566238
1.336000	-0.386848
1.337000	-0.207495
1.338000	-0.081925
1.339000	-0.028104
1.340000	-0.099853
1.341000	-0.333064
1.342000	-0.512417
1.343000	-0.530382
1.344000	-0.350992
1.345000	-0.081925
1.346000	0.061609
1.347000	0.097465
1.348000	-0.028104
1.349000	-0.297171
1.350000	-0.422741
1.351000	-0.440669
1.352000	-0.225423
1.353000	-0.081925
1.354000	0.007788
1.355000	-0.117781
1.356000	-0.279243
1.357000	-0.386848
1.358000	-0.476561
1.359000	-0.404813
1.360000	-0.350992
1.361000	-0.189530
1.362000	-0.099853
1.363000	-0.046032
1.364000	-0.135746
1.365000	-0.315099
1.366000	-0.422741
1.367000	-0.440669
1.368000	-0.333064
1.369000	-0.171602
1.370000	-0.028104
1.371000	0.079537
1.372000	0.007788
1.373000	-0.099853
1.374000	-0.189530
1.375000	-0.135746
1.376000	0.025716
1.377000	0.151286
1.378000	0.258927
1.379000	0.205107
1.380000	0.097465
1.381000	-0.046032
1.382000	-0.153674
1.383000	-0.171602
1.384000	-0.081925
1.385000	-0.028104
1.386000	0.043644
1.387000	-0.010176
1.388000	-0.135746
1.389000	-0.243351
1.390000	-0.368920
1.391000	-0.386848
1.392000	-0.368920
1.393000	-0.225423
1.394000	-0.081925
1.395000	-0.046032
1.396000	-0.099853
1.397000	-0.207495
1.398000	-0.243351
1.399000	-0.225423
1.400000	-0.171602
1.401000	-0.010176
1.402000	0.097465
1.403000	0.205107
1.404000	0.187179
1.405000	0.115393
1.406000	0.097465
1.407000	0.025716
1.408000	0.025716
1.409000	0.025716
1.410000	0.043644
1.411000	0.079537
1.412000	0.043644
1.413000	-0.010176
1.414000	-0.153674
1.415000	-0.225423
1.416000	-0.279243
1.417000	-0.279243
1.418000	-0.261315
1.419000	-0.225423
1.420000	-0.171602
1.421000	-0.171602
1.422000	-0.225423
1.423000	-0.279243
1.424000	-0.333064
1.425000	-0.315099
1.426000	-0.243351
1.427000	-0.189530
1.428000	-0.117781
1.429000	-0.063960
1.430000	-0.046032
1.431000	-0.081925
1.432000	-0.135746
1.433000	-0.135746
1.434000	-0.081925
1.435000	-0.028104
1.436000	0.025716
1.437000	0.025716
1.438000	-0.010176
1.439000	-0.081925
1.440000	-0.153674
1.441000	-0.189530
1.442000	-0.171602
1.443000	-0.153674
1.444000	-0.117781
1.445000	-0.117781
1.446000	-0.189530
1.447000	-0.207495
1.448000	-0.225423
1.449000	-0.243351
1.450000	-0.225423
1.451000	-0.189530
1.452000	-0.153674
1.453000	-0.135746
1.454000	-0.207495
1.455000	-0.261315
1.456000	-0.297171
1.457000	-0.243351
1.458000	-0.225423
1.459000	-0.153674
1.460000	-0.081925
1.461000	-0.046032
1.462000	-0.063960
1.463000	-0.135746
1.464000	-0.207495
1.465000	-0.189530
1.466000	-0.153674
1.467000	-0.063960
1.468000	-0.010176
1.469000	-0.028104
1.470000	-0.046032
1.471000	-0.099853
1.472000	-0.135746
1.473000	-0.153674
1.474000	-0.153674
1.475000	-0.117781
1.476000	-0.099853
1.477000	-0.153674
1.478000	-0.171602
1.479000	-0.189530
1.480000	-0.189530
1.481000	-0.207495
1.482000	-0.207495
1.483000	-0.207495
1.484000	-0.207495
1.485000	-0.207495
1.486000	-0.243351
1.487000	-0.243351
1.488000	-0.225423
1.489000	-0.225423
1.490000	-0.225423
1.491000	-0.207495
1.492000	-0.189530
1.493000	-0.153674
1.494000	-0.153674
1.495000	-0.153674
1.496000	-0.135746
1.497000	-0.117781
1.498000	-0.099853
1.499000	-0.117781
1.500000	-0.153674
1.501000	-0.171602
1.502000	-0.171602
1.503000	-0.153674
1.504000	-0.135746
1.505000	-0.117781
1.506000	-0.081925
1.507000	-0.117781
1.508000	-0.153674
1.509000	-0.243351
1.510000	-0.261315
1.511000	-0.243351
1.512000	-0.207495
1.513000	-0.189530
1.514000	-0.189530
1.515000	-0.207495
1.516000	-0.243351
1.517000	-0.297171
1.518000	-0.315099
1.519000	-0.315099
1.520000	-0.261315
1.521000	-0.207495
1.522000	-0.171602
1.523000	-0.135746
1.524000	-0.153674
1.525000	-0.171602
1.526000	-0.189530
1.527000	-0.189530
1.528000	-0.171602
1.529000	-0.135746
1.530000	-0.135746
1.531000	-0.135746
1.532000	-0.189530
1.533000	-0.189530
1.534000	-0.189530
1.535000	-0.171602
1.536000	-0.171602
1.537000	-0.189530
1.538000	-0.153674
1.539000	-0.171602
1.540000	-0.189530
1.541000	-0.207495
1.542000	-0.225423
1.543000	-0.189530
1.544000	-0.225423
1.545000	-0.189530
1.546000	-0.189530
1.547000	-0.207495
1.548000	-0.189530
1.549000	-0.207495
1.550000	-0.189530
1.551000	-0.153674
1.552000	-0.117781
1.553000	-0.099853
1.554000	-0.117781
1.555000	-0.135746
1.556000	-0.171602
1.557000	-0.153674
1.558000	-0.153674
1.559000	-0.117781
1.560000	-0.081925
1.561000	-0.046032
1.562000	-0.081925
1.563000	-0.117781
1.564000	-0.135746
1.565000	-0.117781
1.566000	-0.081925
1.567000	-0.063960
1.568000	-0.046032
1.569000	-0.046032
1.570000	-0.046032
1.571000	-0.063960
1.572000	-0.117781
1.573000	-0.117781
1.574000	-0.117781
1.575000	-0.117781
1.576000	-0.117781
1.577000	-0.099853
1.578000	-0.081925
1.579000	-0.081925
1.580000	-0.081925
1.581000	-0.081925
1.582000	-0.153674
1.583000	-0.153674
1.584000	-0.153674
1.585000	-0.117781
1.586000	-0.081925
1.587000	-0.063960
1.588000	-0.063960
1.589000	-0.099853
1.590000	-0.153674
1.591000	-0.171602
1.592000	-0.153674
1.593000	-0.117781
1.594000	-0.117781
1.595000	-0.081925
1.596000	-0.099853
1.597000	-0.153674
1.598000	-0.171602
1.599000	-0.225423
1.600000	-0.261315
1.601000	-0.225423
1.602000	-0.225423
1.603000	-0.189530
1.604000	-0.135746
1.605000	-0.171602
1.606000	-0.189530
1.607000	-0.243351
1.608000	-0.297171
1.609000	-0.225423
1.610000	-0.189530
1.611000	-0.135746
1.612000	-0.099853
1.613000	-0.117781
1.614000	-0.189530
1.615000	-0.207495
1.616000	-0.189530
1.617000	-0.171602
1.618000	-0.117781
1.619000	-0.081925
1.620000	-0.135746
1.621000	-0.117781
1.622000	-0.171602
1.623000	-0.153674
1.624000	-0.153674
1.625000	-0.189530
1.626000	-0.171602
1.627000	-0.189530
1.628000	-0.171602
1.629000	-0.171602
1.630000	-0.189530
1.631000	-0.153674
1.632000	-0.189530
1.633000	-0.171602
1.634000	-0.153674
1.635000	-0.135746
1.636000	-0.063960
1.637000	-0.063960
1.638000	-0.099853
1.639000	-0.117781
1.640000	-0.153674
1.641000	-0.135746
1.642000	-0.081925
1.643000	-0.028104
1.644000	0.007788
1.645000	-0.010176
1.646000	-0.063960
1.647000	-0.117781
1.648000	-0.153674
1.649000	-0.171602
1.650000	-0.153674
1.651000	-0.099853
1.652000	-0.081925
1.653000	-0.081925
1.654000	-0.117781
1.655000	-0.189530
1.656000	-0.225423
1.657000	-0.261315
1.658000	-0.243351
1.659000	-0.189530
1.660000	-0.153674
1.661000	-0.117781
1.662000	-0.135746
1.663000	-0.207495
1.664000	-0.225423
1.665000	-0.225423
1.666000	-0.207495
1.667000	-0.153674
1.668000	-0.135746
1.669000	-0.117781
1.670000	-0.099853
1.671000	-0.117781
1.672000	-0.117781
1.673000	-0.135746
1.674000	-0.117781
1.675000	-0.117781
1.676000	-0.081925
1.677000	-0.081925
1.678000	-0.063960
1.679000	-0.046032
1.680000	-0.099853
1.681000	-0.153674
1.682000	-0.189530
1.683000	-0.207495
1.684000	-0.189530
1.685000	-0.207495
1.686000	-0.189530
1.687000	-0.189530
1.688000	-0.225423
1.689000	-0.243351
1.690000	-0.261315
1.691000	-0.297171
1.692000	-0.279243
1.693000	-0.243351
1.694000	-0.225423
1.695000	-0.225423
1.696000	-0.189530
1.697000	-0.171602
1.698000	-0.189530
1.699000	-0.171602
1.700000	-0.189530
1.701000	-0.171602
1.702000	-0.153674
1.703000	-0.135746
1.704000	-0.099853
1.705000	-0.081925
1.706000	-0.081925
1.707000	-0.081925
1.708000	-0.117781
1.709000	-0.099853
1.710000	-0.117781
1.711000	-0.135746
1.712000	-0.135746
1.713000	-0.153674
1.714000	-0.189530
1.715000	-0.207495
1.716000	-0.243351
1.717000	-0.225423
1.718000	-0.243351
1.719000	-0.243351
1.720000	-0.261315
1.721000	-0.261315
1.722000	-0.261315
1.723000	-0.279243
1.724000	-0.279243
1.725000	-0.261315
1.726000	-0.243351
1.727000	-0.225423
1.728000	-0.171602
1.729000	-0.153674
1.730000	-0.153674
1.731000	-0.171602
1.732000	-0.189530
1.733000	-0.153674
1.734000	-0.117781
1.735000	-0.063960
1.736000	-0.010176
1.737000	-0.010176
1.738000	-0.028104
1.739000	-0.081925
1.740000	-0.117781
1.741000	-0.135746
1.742000	-0.099853
1.743000	-0.081925
1.744000	-0.046032
1.745000	-0.081925
1.746000	-0.153674
1.747000	-0.207495
1.748000	-0.261315
1.749000	-0.261315
1.750000	-0.243351
1.751000	-0.171602
1.752000	-0.135746
1.753000	-0.117781
1.754000	-0.153674
1.755000	-0.189530
1.756000	-0.243351
1.757000	-0.261315
1.758000	-0.207495
1.759000	-0.117781
1.760000	-0.028104
1.761000	0.007788
1.762000	-0.010176
1.763000	-0.081925
1.764000	-0.117781
1.765000	-0.135746
1.766000	-0.099853
1.767000	-0.028104
1.768000	0.007788
1.769000	0.025716
1.770000	-0.010176
1.771000	-0.046032
1.772000	-0.135746
1.773000	-0.171602
1.774000	-0.153674
1.775000	-0.135746
1.776000	-0.117781
1.777000	-0.117781
1.778000	-0.153674
1.779000	-0.207495
1.780000	-0.225423
1.781000	-0.243351
1.782000	-0.225423
1.783000	-0.189530
1.784000	-0.189530
1.785000	-0.171602
1.786000	-0.189530
1.787000	-0.189530
1.788000	-0.189530
1.789000	-0.171602
1.790000	-0.153674
1.791000	-0.117781
1.792000	-0.081925
1.793000	-0.081925
1.794000	-0.117781
1.795000	-0.117781
1.796000	-0.117781
1.797000	-0.117781
1.798000	-0.099853
1.799000	-0.063960
1.800000	-0.081925
1.801000	-0.081925
1.802000	-0.117781
1.803000	-0.135746
1.804000	-0.153674
1.805000	-0.189530
1.806000	-0.171602
1.807000	-0.171602
1.808000	-0.171602
1.809000	-0.171602
1.810000	-0.207495
1.811000	-0.225423
1.812000	-0.243351
1.813000	-0.225423
1.814000	-0.189530
1.815000	-0.171602
1.816000	-0.153674
1.817000	-0.153674
1.818000	-0.153674
1.819000	-0.135746
1.820000	-0.135746
1.821000	-0.117781
1.822000	-0.099853
1.823000	-0.099853
1.824000	-0.081925
1.825000	-0.081925
1.826000	-0.046032
1.827000	-0.063960
1.828000	-0.063960
1.829000	-0.063960
1.830000	-0.081925
1.831000	-0.117781
1.832000	-0.117781
1.833000	-0.153674
1.834000	-0.117781
1.835000	-0.117781
1.836000	-0.099853
1.837000	-0.135746
1.838000	-0.171602
1.839000	-0.207495
1.840000	-0.243351
1.841000	-0.225423
1.842000	-0.189530
1.843000	-0.153674
1.844000	-0.135746
1.845000	-0.117781
1.846000	-0.135746
1.847000	-0.171602
1.848000	-0.189530
1.849000	-0.171602
1.850000	-0.153674
1.851000	-0.153674
1.852000	-0.117781
1.853000	-0.099853
1.854000	-0.135746
1.855000	-0.189530
1.856000	-0.225423
1.857000	-0.207495
1.858000	-0.207495
1.859000	-0.171602
1.860000	-0.171602
1.861000	-0.153674
1.862000	-0.207495
1.863000	-0.225423
1.864000	-0.261315
1.865000	-0.243351
1.866000	-0.243351
1.867000	-0.225423
1.868000	-0.225423
1.869000	-0.243351
1.870000	-0.261315
1.871000	-0.279243
1.872000	-0.225423
1.873000	-0.207495
1.874000	-0.189530
1.875000	-0.189530
1.876000	-0.207495
1.877000	-0.207495
1.878000	-0.207495
1.879000	-0.225423
1.880000	-0.207495
1.881000	-0.171602
1.882000	-0.171602
1.883000	-0.153674
1.884000	-0.171602
1.885000	-0.171602
1.886000	-0.189530
1.887000	-0.207495
1.888000	-0.243351
1.889000	-0.225423
1.890000	-0.189530
1.891000	-0.153674
1.892000	-0.099853
1.893000	-0.135746
1.894000	-0.189530
1.895000	-0.243351
1.896000	-0.261315
1.897000	-0.243351
1.898000	-0.189530
1.899000	-0.135746
1.900000	-0.081925
1.901000	-0.081925
1.902000	-0.135746
1.903000	-0.171602
1.904000	-0.207495
1.905000	-0.189530
1.906000	-0.153674
1.907000	-0.099853
1.908000	-0.028104
1.909000	-0.010176
1.910000	-0.028104
1.911000	-0.081925
1.912000	-0.153674
1.913000	-0.171602
1.914000	-0.171602
1.915000	-0.117781
1.916000	-0.081925
1.917000	-0.046032
1.918000	-0.046032
1.919000	-0.081925
1.920000	-0.135746
1.921000	-0.189530
1.922000	-0.153674
1.923000	-0.153674
1.924000	-0.117781
1.925000	-0.081925
1.926000	-0.081925
1.927000	-0.099853
1.928000	-0.135746
1.929000	-0.153674
1.930000	-0.153674
1.931000	-0.135746
1.932000	-0.099853
1.933000	-0.063960
1.934000	-0.063960
1.935000	-0.046032
1.936000	-0.081925
1.937000	-0.099853
1.938000	-0.099853
1.939000	-0.063960
1.940000	-0.063960
1.941000	-0.063960
1.942000	-0.063960
1.943000	-0.081925
1.944000	-0.099853
1.945000	-0.099853
1.946000	-0.099853
1.947000	-0.081925
1.948000	-0.081925
1.949000	-0.099853
1.950000	-0.117781
1.951000	-0.153674
1.952000	-0.171602
1.953000	-0.171602
1.954000	-0.135746
1.955000	-0.117781
1.956000	-0.117781
1.957000	-0.117781
1.958000	-0.153674
1.959000	-0.189530
1.960000	-0.189530
1.961000	-0.189530
1.962000	-0.153674
1.963000	-0.099853
1.964000	-0.081925
1.965000	-0.099853
1.966000	-0.117781
1.967000	-0.171602
1.968000	-0.189530
1.969000	-0.207495
1.970000	-0.171602
1.971000	-0.135746
1.972000	-0.117781
1.973000	-0.117781
1.974000	-0.171602
1.975000	-0.225423
1.976000	-0.225423
1.977000	-0.243351
1.978000	-0.207495
1.979000	-0.207495
1.980000	-0.189530
1.981000	-0.207495
1.982000	-0.225423
1.983000	-0.243351
1.984000	-0.243351
1.985000	-0.243351
1.986000	-0.225423
1.987000	-0.225423
1.988000	-0.207495
1.989000	-0.225423
1.990000	-0.225423
1.991000	-0.207495
1.992000	-0.171602
1.993000	-0.153674
1.994000	-0.135746
1.995000	-0.135746
1.996000	-0.171602
1.997000	-0.189530
1.998000	-0.171602
1.999000	-0.153674
2.000000	-0.135746
2.001000	-0.081925
2.002000	-0.081925
2.003000	-0.099853
2.004000	-0.153674
2.005000	-0.207495
2.006000	-0.225423
2.007000	-0.189530
2.008000	-0.117781
2.009000	-0.063960
2.010000	-0.063960
2.011000	-0.099853
2.012000	-0.171602
2.013000	-0.225423
2.014000	-0.243351
2.015000	-0.189530
2.016000	-0.153674
2.017000	-0.081925
2.018000	-0.081925
2.019000	-0.117781
2.020000	-0.153674
2.021000	-0.189530
2.022000	-0.189530
2.023000	-0.171602
2.024000	-0.135746
2.025000	-0.117781
2.026000	-0.099853
2.027000	-0.081925
2.028000	-0.117781
2.029000	-0.135746
2.030000	-0.153674
2.031000	-0.135746
2.032000	-0.117781
2.033000	-0.135746
2.034000	-0.117781
2.035000	-0.135746
2.036000	-0.153674
2.037000	-0.171602
2.038000	-0.171602
2.039000	-0.171602
2.040000	-0.135746
2.041000	-0.153674
2.042000	-0.171602
2.043000	-0.207495
2.044000	-0.225423
2.045000	-0.243351
2.046000	-0.225423
2.047000	-0.207495
2.048000	-0.171602
2.049000	-0.153674
2.050000	-0.171602
2.051000	-0.225423
2.052000	-0.243351
2.053000	-0.243351
2.054000	-0.207495
2.055000	-0.153674
2.056000	-0.099853
2.057000	-0.081925
2.058000	-0.099853
2.059000	-0.153674
2.060000	-0.207495
2.061000	-0.225423
2.062000	-0.207495
2.063000	-0.171602
2.064000	-0.117781
2.065000	-0.099853
2.066000	-0.117781
2.067000	-0.153674
2.068000	-0.189530
2.069000	-0.207495
2.070000	-0.207495
2.071000	-0.207495
2.072000	-0.171602
2.073000	-0.135746
2.074000	-0.135746
2.075000	-0.117781
2.076000	-0.153674
2.077000	-0.171602
2.078000	-0.189530
2.079000	-0.189530
2.080000	-0.189530
2.081000	-0.135746
2.082000	-0.117781
2.083000	-0.099853
2.084000	-0.081925
2.085000	-0.117781
2.086000	-0.135746
2.087000	-0.171602
2.088000	-0.171602
2.089000	-0.153674
2.090000	-0.117781
2.091000	-0.099853
2.092000	-0.081925
2.093000	-0.099853
2.094000	-0.135746
2.095000	-0.153674
2.096000	-0.189530
2.097000	-0.171602
2.098000	-0.153674
2.099000	-0.117781
2.100000	-0.117781
2.101000	-0.099853
2.102000	-0.099853
2.103000	-0.135746
2.104000	-0.135746
2.105000	-0.135746
2.106000	-0.117781
2.107000	-0.117781
2.108000	-0.117781
2.109000	-0.081925
2.110000	-0.081925
2.111000	-0.099853
2.112000	-0.099853
2.113000	-0.099853
2.114000	-0.099853
2.115000	-0.099853
2.116000	-0.117781
2.117000	-0.099853
2.118000	-0.099853
2.119000	-0.081925
2.120000	-0.081925
2.121000	-0.099853
2.122000	-0.099853
2.123000	-0.117781
2.124000	-0.117781
2.125000	-0.117781
2.126000	-0.135746
2.127000	-0.135746
2.128000	-0.135746
2.129000	-0.135746
2.130000	-0.135746
2.131000	-0.135746
2.132000	-0.117781
2.133000	-0.135746
2.134000	-0.153674
2.135000	-0.171602
2.136000	-0.171602
2.137000	-0.171602
2.138000	-0.153674
2.139000	-0.135746
2.140000	-0.135746
2.141000	-0.135746
2.142000	-0.153674
2.143000	-0.189530
2.144000	-0.207495
2.145000	-0.189530
2.146000	-0.189530
2.147000	-0.171602
2.148000	-0.135746
2.149000	-0.135746
2.150000	-0.153674
2.151000	-0.189530
2.152000	-0.225423
2.153000	-0.225423
2.154000	-0.225423
2.155000	-0.207495
2.156000	-0.171602
2.157000	-0.153674
2.158000	-0.153674
2.159000	-0.171602
2.160000	-0.207495
2.161000	-0.225423
2.162000	-0.225423
2.163000	-0.189530
2.164000	-0.171602
2.165000	-0.135746
2.166000	-0.135746
2.167000	-0.135746
2.168000	-0.153674
2.169000	-0.189530
2.170000	-0.207495
2.171000	-0.207495
2.172000	-0.171602
2.173000	-0.153674
2.174000	-0.135746
2.175000	-0.117781
2.176000	-0.135746
2.177000	-0.171602
2.178000	-0.189530
2.179000	-0.189530
2.180000	-0.207495
2.181000	-0.189530
2.182000	-0.171602
2.183000	-0.171602
2.184000	-0.153674
2.185000	-0.171602
2.186000	-0.189530
2.187000	-0.189530
2.188000	-0.189530
2.189000	-0.189530
2.190000	-0.171602
2.191000	-0.135746
2.192000	-0.153674
2.193000	-0.135746
2.194000	-0.153674
2.195000	-0.153674
2.196000	-0.153674
2.197000	-0.135746
2.198000	-0.153674
2.199000	-0.117781
