0.000000	19.802601
0.001000	20.608200
0.002000	18.996901
0.003000	19.802601
0.004000	20.608200
0.005000	21.413900
0.006000	19.802601
0.007000	19.802601
0.008000	19.802601
0.009000	20.608200
0.010000	20.608200
0.011000	20.608200
0.012000	21.413900
0.013000	23.025200
0.014000	23.025200
0.015000	27.859200
0.016000	32.693199
0.017000	34.304501
0.018000	38.332901
0.019000	39.944199
0.020000	34.304501
0.021000	34.304501
0.022000	26.247900
0.023000	19.802601
0.024000	18.996901
0.025000	13.357300
0.026000	11.745900
0.027000	14.968600
0.028000	14.162900
0.029000	16.579901
0.030000	22.219601
0.031000	24.636600
0.032000	27.053600
0.033000	30.276199
0.034000	28.664900
0.035000	27.859200
0.036000	26.247900
0.037000	23.025200
0.038000	21.413900
0.039000	20.608200
0.040000	19.802601
0.041000	19.802601
0.042000	19.802601
0.043000	19.802601
0.044000	19.802601
0.045000	18.996901
0.046000	20.608200
0.047000	18.996901
0.048000	18.191299
0.049000	18.191299
0.050000	17.385599
0.051000	18.191299
0.052000	19.802601
0.053000	20.608200
0.054000	22.219601
0.055000	21.413900
0.056000	21.413900
0.057000	19.802601
0.058000	18.996901
0.059000	18.996901
0.060000	18.191299
0.061000	17.385599
0.062000	16.579901
0.063000	16.579901
0.064000	15.774300
0.065000	14.968600
0.066000	16.579901
0.067000	18.191299
0.068000	22.219601
0.069000	30.276199
0.070000	32.693199
0.071000	32.693199
0.072000	24.636600
0.073000	13.357300
0.074000	5.300630
0.075000	-0.339024
0.076000	0.466640
0.077000	8.523280
0.078000	14.968600
0.079000	22.219601
0.080000	27.053600
0.081000	28.664900
0.082000	28.664900
0.083000	27.859200
0.084000	26.247900
0.085000	24.636600
0.086000	21.413900
0.087000	16.579901
0.088000	13.357300
0.089000	9.328940
0.090000	7.717620
0.091000	10.134600
0.092000	13.357300
0.093000	18.996901
0.094000	23.025200
0.095000	26.247900
0.096000	27.053600
0.097000	26.247900
0.098000	27.859200
0.099000	27.053600
0.100000	24.636600
0.101000	23.025200
0.102000	18.996901
0.103000	17.385599
0.104000	15.774300
0.105000	14.968600
0.106000	15.774300
0.107000	17.385599
0.108000	20.608200
0.109000	22.219601
0.110000	25.442200
0.111000	25.442200
0.112000	26.247900
0.113000	23.830900
0.114000	19.802601
0.115000	20.608200
0.116000	18.191299
0.117000	15.774300
0.118000	17.385599
0.119000	21.413900
0.120000	23.830900
0.121000	26.247900
0.122000	28.664900
0.123000	29.470501
0.124000	28.664900
0.125000	29.470501
0.126000	29.470501
0.127000	27.053600
0.128000	24.636600
0.129000	23.830900
0.130000	20.608200
0.131000	18.996901
0.132000	18.191299
0.133000	18.996901
0.134000	19.802601
0.135000	21.413900
0.136000	21.413900
0.137000	23.830900
0.138000	25.442200
0.139000	25.442200
0.140000	26.247900
0.141000	25.442200
0.142000	25.442200
0.143000	24.636600
0.144000	23.830900
0.145000	22.219601
0.146000	22.219601
0.147000	20.608200
0.148000	21.413900
0.149000	23.830900
0.150000	24.636600
0.151000	25.442200
0.152000	25.442200
0.153000	25.442200
0.154000	25.442200
0.155000	26.247900
0.156000	24.636600
0.157000	23.830900
0.158000	21.413900
0.159000	21.413900
0.160000	22.219601
0.161000	22.219601
0.162000	23.025200
0.163000	23.830900
0.164000	25.442200
0.165000	27.859200
0.166000	27.859200
0.167000	29.470501
0.168000	27.053600
0.169000	27.859200
0.170000	27.053600
0.171000	24.636600
0.172000	24.636600
0.173000	23.025200
0.174000	23.830900
0.175000	23.025200
0.176000	23.830900
0.177000	25.442200
0.178000	26.247900
0.179000	27.859200
0.180000	27.053600
0.181000	26.247900
0.182000	27.053600
0.183000	29.470501
0.184000	28.664900
0.185000	29.470501
0.186000	29.470501
0.187000	29.470501
0.188000	29.470501
0.189000	27.859200
0.190000	27.859200
0.191000	26.247900
0.192000	27.053600
0.193000	27.053600
0.194000	27.053600
0.195000	27.053600
0.196000	27.053600
0.197000	27.053600
0.198000	27.859200
0.199000	28.664900
0.200000	29.470501
0.201000	29.470501
0.202000	29.470501
0.203000	31.081900
0.204000	31.081900
0.205000	30.276199
0.206000	31.081900
0.207000	29.470501
0.208000	29.470501
0.209000	27.859200
0.210000	27.859200
0.211000	27.053600
0.212000	27.053600
0.213000	27.859200
0.214000	27.859200
0.215000	28.664900
0.216000	28.664900
0.217000	30.276199
0.218000	30.276199
0.219000	31.081900
0.220000	32.693199
0.221000	32.693199
0.222000	31.081900
0.223000	31.887501
0.224000	30.276199
0.225000	29.470501
0.226000	29.470501
0.227000	28.664900
0.228000	28.664900
0.229000	29.470501
0.230000	29.470501
0.231000	29.470501
0.232000	31.081900
0.233000	31.081900
0.234000	31.081900
0.235000	31.887501
0.236000	31.887501
0.237000	32.693199
0.238000	31.887501
0.239000	31.887501
0.240000	31.081900
0.241000	31.081900
0.242000	31.081900
0.243000	31.887501
0.244000	31.081900
0.245000	31.887501
0.246000	32.693199
0.247000	31.887501
0.248000	31.887501
0.249000	31.887501
0.250000	31.887501
0.251000	31.081900
0.252000	31.081900
0.253000	31.887501
0.254000	32.693199
0.255000	31.887501
0.256000	31.081900
0.257000	31.887501
0.258000	32.693199
0.259000	33.498901
0.260000	32.693199
0.261000	32.693199
0.262000	33.498901
0.263000	32.693199
0.264000	34.304501
0.265000	31.887501
0.266000	32.693199
0.267000	32.693199
0.268000	32.693199
0.269000	32.693199
0.270000	32.693199
0.271000	33.498901
0.272000	33.498901
0.273000	32.693199
0.274000	31.887501
0.275000	32.693199
0.276000	32.693199
0.277000	34.304501
0.278000	34.304501
0.279000	33.498901
0.280000	32.693199
0.281000	33.498901
0.282000	33.498901
0.283000	34.304501
0.284000	33.498901
0.285000	31.887501
0.286000	32.693199
0.287000	31.887501
0.288000	33.498901
0.289000	33.498901
0.290000	32.693199
0.291000	33.498901
0.292000	34.304501
0.293000	32.693199
0.294000	33.498901
0.295000	34.304501
0.296000	34.304501
0.297000	33.498901
0.298000	33.498901
0.299000	32.693199
0.300000	32.693199
0.301000	32.693199
0.302000	32.693199
0.303000	32.693199
0.304000	33.498901
0.305000	32.693199
0.306000	31.887501
0.307000	31.887501
0.308000	32.693199
0.309000	34.304501
0.310000	34.304501
0.311000	34.304501
0.312000	33.498901
0.313000	32.693199
0.314000	32.693199
0.315000	34.304501
0.316000	33.498901
0.317000	33.498901
0.318000	32.693199
0.319000	31.081900
0.320000	31.887501
0.321000	31.887501
0.322000	31.887501
0.323000	31.887501
0.324000	31.081900
0.325000	31.887501
0.326000	31.887501
0.327000	31.887501
0.328000	32.693199
0.329000	32.693199
0.330000	33.498901
0.331000	33.498901
0.332000	33.498901
0.333000	32.693199
0.334000	31.887501
0.335000	31.887501
0.336000	31.887501
0.337000	31.081900
0.338000	31.081900
0.339000	32.693199
0.340000	30.276199
0.341000	31.887501
0.342000	31.081900
0.343000	31.887501
0.344000	31.081900
0.345000	31.081900
0.346000	31.887501
0.347000	31.081900
0.348000	32.693199
0.349000	31.887501
0.350000	32.693199
0.351000	31.887501
0.352000	31.081900
0.353000	31.887501
0.354000	30.276199
0.355000	30.276199
0.356000	31.081900
0.357000	31.081900
0.358000	30.276199
0.359000	31.887501
0.360000	31.081900
0.361000	31.887501
0.362000	31.081900
0.363000	31.081900
0.364000	31.081900
0.365000	31.081900
0.366000	29.470501
0.367000	30.276199
0.368000	28.664900
0.369000	29.470501
0.370000	29.470501
0.371000	29.470501
0.372000	31.081900
0.373000	29.470501
0.374000	31.887501
0.375000	30.276199
0.376000	30.276199
0.377000	30.276199
0.378000	29.470501
0.379000	29.470501
0.380000	27.859200
0.381000	28.664900
0.382000	28.664900
0.383000	28.664900
0.384000	29.470501
0.385000	30.276199
0.386000	30.276199
0.387000	29.470501
0.388000	29.470501
0.389000	27.859200
0.390000	28.664900
0.391000	28.664900
0.392000	28.664900
0.393000	27.053600
0.394000	28.664900
0.395000	29.470501
0.396000	28.664900
0.397000	31.081900
0.398000	35.915901
0.399000	35.915901
0.400000	34.304501
0.401000	29.470501
0.402000	25.442200
0.403000	23.830900
0.404000	23.830900
0.405000	23.830900
0.406000	24.636600
0.407000	25.442200
0.408000	27.053600
0.409000	27.053600
0.410000	14.968600
0.411000	43.166801
0.412000	52.834801
0.413000	45.583801
0.414000	31.081900
0.415000	15.774300
0.416000	13.357300
0.417000	18.191299
0.418000	26.247900
0.419000	30.276199
0.420000	31.887501
0.421000	27.053600
0.422000	27.859200
0.423000	27.859200
0.424000	33.498901
0.425000	35.915901
0.426000	31.081900
0.427000	26.247900
0.428000	18.996901
0.429000	18.996901
0.430000	17.385599
0.431000	20.608200
0.432000	25.442200
0.433000	27.053600
0.434000	26.247900
0.435000	16.579901
0.436000	25.442200
0.437000	38.332901
0.438000	38.332901
0.439000	33.498901
0.440000	29.470501
0.441000	25.442200
0.442000	22.219601
0.443000	27.859200
0.444000	27.859200
0.445000	27.859200
0.446000	25.442200
0.447000	24.636600
0.448000	23.025200
0.449000	24.636600
0.450000	27.859200
0.451000	26.247900
0.452000	27.859200
0.453000	23.830900
0.454000	22.219601
0.455000	20.608200
0.456000	21.413900
0.457000	24.636600
0.458000	24.636600
0.459000	24.636600
0.460000	23.025200
0.461000	21.413900
0.462000	22.219601
0.463000	23.830900
0.464000	22.219601
0.465000	23.025200
0.466000	13.357300
0.467000	1.272310
0.468000	-10.007000
0.469000	0.466640
0.470000	23.025200
0.471000	48.000801
0.472000	64.114098
0.473000	65.725403
0.474000	49.612099
0.475000	32.693199
0.476000	22.219601
0.477000	23.025200
0.478000	22.219601
0.479000	13.357300
0.480000	7.717620
0.481000	-1.950350
0.482000	0.466640
0.483000	15.774300
0.484000	33.498901
0.485000	52.029099
0.486000	59.280102
0.487000	55.251801
0.488000	47.195202
