0.000000	45.072102
0.001000	46.952000
0.002000	46.952000
0.003000	46.952000
0.004000	46.952000
0.005000	46.952000
0.006000	46.952000
0.007000	45.072102
0.008000	46.952000
0.009000	46.952000
0.010000	46.952000
0.011000	39.432400
0.012000	35.672699
0.013000	33.792801
0.014000	31.912901
0.015000	26.273199
0.016000	28.153099
0.017000	24.393400
0.018000	28.153099
0.019000	35.672699
0.020000	31.912901
0.021000	39.432400
0.022000	43.192200
0.023000	39.432400
0.024000	43.192200
0.025000	43.192200
0.026000	41.312302
0.027000	43.192200
0.028000	39.432400
0.029000	39.432400
0.030000	39.432400
0.031000	39.432400
0.032000	37.552502
0.033000	37.552502
0.034000	31.912901
0.035000	35.672699
0.036000	33.792801
0.037000	33.792801
0.038000	37.552502
0.039000	35.672699
0.040000	35.672699
0.041000	35.672699
0.042000	35.672699
0.043000	35.672699
0.044000	37.552502
0.045000	37.552502
0.046000	37.552502
0.047000	37.552502
0.048000	35.672699
0.049000	31.912901
0.050000	31.912901
0.051000	31.912901
0.052000	31.912901
0.053000	30.033001
0.054000	31.912901
0.055000	31.912901
0.056000	30.033001
0.057000	31.912901
0.058000	30.033001
0.059000	30.033001
0.060000	28.153099
0.061000	30.033001
0.062000	28.153099
0.063000	28.153099
0.064000	28.153099
0.065000	28.153099
0.066000	30.033001
0.067000	39.432400
0.068000	41.312302
0.069000	50.711700
0.070000	52.591599
0.071000	46.952000
0.072000	45.072102
0.073000	39.432400
0.074000	31.912901
0.075000	26.273199
0.076000	20.633600
0.077000	20.633600
0.078000	22.513500
0.079000	22.513500
0.080000	24.393400
0.081000	26.273199
0.082000	30.033001
0.083000	33.792801
0.084000	35.672699
0.085000	37.552502
0.086000	35.672699
0.087000	33.792801
0.088000	35.672699
0.089000	30.033001
0.090000	28.153099
0.091000	26.273199
0.092000	24.393400
0.093000	30.033001
0.094000	24.393400
0.095000	28.153099
0.096000	22.513500
0.097000	30.033001
0.098000	30.033001
0.099000	26.273199
0.100000	28.153099
0.101000	24.393400
0.102000	22.513500
0.103000	28.153099
0.104000	26.273199
0.105000	28.153099
0.106000	26.273199
0.107000	24.393400
0.108000	28.153099
0.109000	31.912901
0.110000	31.912901
0.111000	31.912901
0.112000	33.792801
0.113000	46.952000
0.114000	35.672699
0.115000	20.633600
0.116000	26.273199
0.117000	22.513500
0.118000	28.153099
0.119000	31.912901
0.120000	30.033001
0.121000	26.273199
0.122000	20.633600
0.123000	24.393400
0.124000	20.633600
0.125000	22.513500
0.126000	24.393400
0.127000	24.393400
0.128000	22.513500
0.129000	22.513500
0.130000	28.153099
0.131000	24.393400
0.132000	28.153099
0.133000	28.153099
0.134000	26.273199
0.135000	24.393400
0.136000	30.033001
0.137000	28.153099
0.138000	24.393400
0.139000	24.393400
0.140000	24.393400
0.141000	24.393400
0.142000	22.513500
0.143000	20.633600
0.144000	18.753700
0.145000	24.393400
0.146000	22.513500
0.147000	24.393400
0.148000	24.393400
0.149000	22.513500
0.150000	18.753700
0.151000	22.513500
0.152000	20.633600
0.153000	22.513500
0.154000	22.513500
0.155000	22.513500
0.156000	24.393400
0.157000	18.753700
0.158000	16.873800
0.159000	18.753700
0.160000	20.633600
0.161000	18.753700
0.162000	18.753700
0.163000	20.633600
0.164000	14.993900
0.165000	18.753700
0.166000	18.753700
0.167000	20.633600
0.168000	20.633600
0.169000	18.753700
0.170000	16.873800
0.171000	16.873800
0.172000	20.633600
0.173000	16.873800
0.174000	16.873800
0.175000	14.993900
0.176000	16.873800
0.177000	14.993900
0.178000	16.873800
0.179000	20.633600
0.180000	22.513500
0.181000	20.633600
0.182000	18.753700
0.183000	18.753700
0.184000	20.633600
0.185000	18.753700
0.186000	16.873800
0.187000	18.753700
0.188000	16.873800
0.189000	14.993900
0.190000	14.993900
0.191000	16.873800
0.192000	14.993900
0.193000	16.873800
0.194000	18.753700
0.195000	18.753700
0.196000	18.753700
0.197000	18.753700
0.198000	18.753700
0.199000	18.753700
0.200000	20.633600
0.201000	14.993900
0.202000	18.753700
0.203000	16.873800
0.204000	16.873800
0.205000	14.993900
0.206000	16.873800
0.207000	16.873800
0.208000	16.873800
0.209000	14.993900
0.210000	16.873800
0.211000	18.753700
0.212000	16.873800
0.213000	16.873800
0.214000	14.993900
0.215000	16.873800
0.216000	18.753700
0.217000	18.753700
0.218000	16.873800
0.219000	16.873800
0.220000	16.873800
0.221000	14.993900
0.222000	16.873800
0.223000	16.873800
0.224000	16.873800
0.225000	14.993900
0.226000	14.993900
0.227000	14.993900
0.228000	13.114100
0.229000	13.114100
0.230000	14.993900
0.231000	14.993900
0.232000	14.993900
0.233000	16.873800
0.234000	16.873800
0.235000	18.753700
0.236000	13.114100
0.237000	14.993900
0.238000	16.873800
0.239000	16.873800
0.240000	14.993900
0.241000	14.993900
0.242000	16.873800
0.243000	16.873800
0.244000	14.993900
0.245000	14.993900
0.246000	14.993900
0.247000	14.993900
0.248000	13.114100
0.249000	14.993900
0.250000	14.993900
0.251000	14.993900
0.252000	16.873800
0.253000	16.873800
0.254000	16.873800
0.255000	14.993900
0.256000	13.114100
0.257000	16.873800
0.258000	16.873800
0.259000	16.873800
0.260000	13.114100
0.261000	14.993900
0.262000	16.873800
0.263000	14.993900
0.264000	14.993900
0.265000	16.873800
0.266000	14.993900
0.267000	16.873800
0.268000	14.993900
0.269000	14.993900
0.270000	14.993900
0.271000	14.993900
0.272000	14.993900
0.273000	16.873800
0.274000	13.114100
0.275000	16.873800
0.276000	16.873800
0.277000	16.873800
0.278000	16.873800
0.279000	14.993900
0.280000	14.993900
0.281000	16.873800
0.282000	16.873800
0.283000	14.993900
0.284000	14.993900
0.285000	13.114100
0.286000	16.873800
0.287000	16.873800
0.288000	14.993900
0.289000	16.873800
0.290000	14.993900
0.291000	16.873800
0.292000	18.753700
0.293000	13.114100
0.294000	16.873800
0.295000	14.993900
0.296000	16.873800
0.297000	14.993900
0.298000	14.993900
0.299000	14.993900
0.300000	14.993900
0.301000	13.114100
0.302000	16.873800
0.303000	16.873800
0.304000	16.873800
0.305000	16.873800
0.306000	14.993900
0.307000	16.873800
0.308000	14.993900
0.309000	16.873800
0.310000	16.873800
0.311000	16.873800
0.312000	18.753700
0.313000	14.993900
0.314000	13.114100
0.315000	18.753700
0.316000	16.873800
0.317000	14.993900
0.318000	14.993900
0.319000	14.993900
0.320000	14.993900
0.321000	16.873800
0.322000	16.873800
0.323000	16.873800
0.324000	14.993900
0.325000	16.873800
0.326000	14.993900
0.327000	14.993900
0.328000	16.873800
0.329000	13.114100
0.330000	16.873800
0.331000	16.873800
0.332000	13.114100
0.333000	14.993900
0.334000	16.873800
0.335000	14.993900
0.336000	14.993900
0.337000	14.993900
0.338000	14.993900
0.339000	14.993900
0.340000	13.114100
0.341000	11.234200
0.342000	13.114100
0.343000	13.114100
0.344000	16.873800
0.345000	14.993900
0.346000	14.993900
0.347000	14.993900
0.348000	16.873800
0.349000	16.873800
0.350000	16.873800
0.351000	14.993900
0.352000	14.993900
0.353000	14.993900
0.354000	14.993900
0.355000	13.114100
0.356000	14.993900
0.357000	14.993900
0.358000	14.993900
0.359000	13.114100
0.360000	14.993900
0.361000	13.114100
0.362000	14.993900
0.363000	14.993900
0.364000	16.873800
0.365000	14.993900
0.366000	14.993900
0.367000	13.114100
0.368000	13.114100
0.369000	14.993900
0.370000	14.993900
0.371000	14.993900
0.372000	14.993900
0.373000	14.993900
0.374000	14.993900
0.375000	11.234200
0.376000	13.114100
0.377000	13.114100
0.378000	13.114100
0.379000	11.234200
0.380000	11.234200
0.381000	13.114100
0.382000	14.993900
0.383000	14.993900
0.384000	11.234200
0.385000	13.114100
0.386000	13.114100
0.387000	9.354290
0.388000	13.114100
0.389000	11.234200
0.390000	11.234200
0.391000	11.234200
0.392000	7.474410
0.393000	9.354290
0.394000	9.354290
0.395000	11.234200
0.396000	13.114100
0.397000	14.993900
0.398000	18.753700
0.399000	18.753700
0.400000	16.873800
0.401000	14.993900
0.402000	13.114100
0.403000	13.114100
0.404000	14.993900
0.405000	11.234200
0.406000	13.114100
0.407000	11.234200
0.408000	9.354290
0.409000	13.114100
0.410000	26.273199
0.411000	-9.444530
0.412000	14.993900
0.413000	16.873800
0.414000	16.873800
0.415000	14.993900
0.416000	9.354290
0.417000	7.474410
0.418000	7.474410
0.419000	13.114100
0.420000	9.354290
0.421000	14.993900
0.422000	13.114100
0.423000	7.474410
0.424000	13.114100
0.425000	16.873800
0.426000	18.753700
0.427000	5.594530
0.428000	5.594530
0.429000	9.354290
0.430000	13.114100
0.431000	14.993900
0.432000	9.354290
0.433000	9.354290
0.434000	14.993900
0.435000	11.234200
0.436000	9.354290
0.437000	7.474410
0.438000	20.633600
0.439000	14.993900
0.440000	13.114100
0.441000	7.474410
0.442000	11.234200
0.443000	7.474410
0.444000	3.714650
0.445000	5.594530
0.446000	9.354290
0.447000	7.474410
0.448000	7.474410
0.449000	7.474410
0.450000	11.234200
0.451000	11.234200
0.452000	11.234200
0.453000	5.594530
0.454000	9.354290
0.455000	9.354290
0.456000	11.234200
0.457000	9.354290
0.458000	9.354290
0.459000	9.354290
0.460000	3.714650
0.461000	5.594530
0.462000	7.474410
0.463000	7.474410
0.464000	-3.804880
0.465000	-22.603701
0.466000	-33.882999
0.467000	-52.681801
0.468000	-47.042198
0.469000	-63.961102
0.470000	-24.483601
0.471000	-0.045118
0.472000	-16.964100
0.473000	-11.324400
0.474000	-1.925000
0.475000	-7.564650
0.476000	-18.843901
0.477000	-9.444530
0.478000	-15.084200
0.479000	-26.363501
0.480000	-33.882999
0.481000	-35.762901
0.482000	-33.882999
0.483000	-39.522701
0.484000	-26.363501
0.485000	-28.243401
0.486000	-26.363501
0.487000	-26.363501
0.488000	-24.483601
