0.000000	1.920000
0.002000	1.920000
0.004000	3.850000
0.006000	1.920000
0.008000	0.000000
0.010000	3.850000
0.012000	1.920000
0.014000	0.000000
0.016000	1.920000
0.018000	0.000000
0.020000	1.920000
0.022000	5.770000
0.024000	3.850000
0.026000	1.920000
0.028000	0.000000
0.030000	1.920000
0.032000	1.920000
0.034000	3.850000
0.036000	1.920000
0.038000	1.920000
0.040000	1.920000
0.042000	-1.920000
0.044000	-3.850000
0.046000	1.920000
0.048000	3.850000
0.050000	1.920000
0.052000	3.850000
0.054000	3.850000
0.056000	1.920000
0.058000	3.850000
0.060000	1.920000
0.062000	3.850000
0.064000	3.850000
0.066000	3.850000
0.068000	1.920000
0.070000	1.920000
0.072000	1.920000
0.074000	0.000000
0.076000	1.920000
0.078000	5.770000
0.080000	1.920000
0.082000	3.850000
0.084000	3.850000
0.086000	0.000000
0.088000	5.770000
0.090000	1.920000
0.092000	1.920000
0.094000	5.770000
0.096000	1.920000
0.098000	1.920000
0.100000	1.920000
0.102000	0.000000
0.104000	0.000000
0.106000	3.850000
0.108000	7.690000
0.110000	1.920000
0.112000	3.850000
0.114000	7.690000
0.116000	3.850000
0.118000	7.690000
0.120000	3.850000
0.122000	5.770000
0.124000	0.000000
0.126000	1.920000
0.128000	1.920000
0.130000	3.850000
0.132000	1.920000
0.134000	1.920000
0.136000	-3.850000
0.138000	1.920000
0.140000	1.920000
0.142000	3.850000
0.144000	1.920000
0.146000	1.920000
0.148000	3.850000
0.150000	1.920000
0.152000	3.850000
0.154000	3.850000
0.156000	1.920000
0.158000	1.920000
0.160000	0.000000
0.162000	-3.850000
0.164000	3.850000
0.166000	-1.920000
0.168000	1.920000
0.170000	3.850000
0.172000	1.920000
0.174000	1.920000
0.176000	0.000000
0.178000	7.690000
0.180000	0.000000
0.182000	1.920000
0.184000	0.000000
0.186000	1.920000
0.188000	1.920000
0.190000	1.920000
0.192000	0.000000
0.194000	0.000000
0.196000	-5.770000
0.198000	3.850000
0.200000	-3.850000
0.202000	3.850000
0.204000	1.920000
0.206000	-3.850000
0.208000	1.920000
0.210000	3.850000
0.212000	3.850000
0.214000	5.770000
0.216000	3.850000
0.218000	3.850000
0.220000	1.920000
0.222000	1.920000
0.224000	3.850000
0.226000	0.000000
0.228000	5.770000
0.230000	1.920000
0.232000	1.920000
0.234000	0.000000
0.236000	0.000000
0.238000	1.920000
0.240000	0.000000
0.242000	1.920000
0.244000	0.000000
0.246000	1.920000
0.248000	1.920000
0.250000	1.920000
0.252000	1.920000
0.254000	1.920000
0.256000	1.920000
0.258000	0.000000
0.260000	0.000000
0.262000	-3.850000
0.264000	1.920000
0.266000	0.000000
0.268000	0.000000
0.270000	1.920000
0.272000	0.000000
0.274000	0.000000
0.276000	3.850000
0.278000	1.920000
0.280000	5.770000
0.282000	1.920000
0.284000	5.770000
0.286000	1.920000
0.288000	3.850000
0.290000	5.770000
0.292000	3.850000
0.294000	5.770000
0.296000	3.850000
0.298000	1.920000
0.300000	1.920000
0.302000	1.920000
0.304000	0.000000
0.306000	3.850000
0.308000	1.920000
0.310000	0.000000
0.312000	0.000000
0.314000	3.850000
0.316000	0.000000
0.318000	0.000000
0.320000	0.000000
0.322000	1.920000
0.324000	1.920000
0.326000	0.000000
0.328000	1.920000
0.330000	5.770000
0.332000	1.920000
0.334000	5.770000
0.336000	1.920000
0.338000	0.000000
0.340000	7.690000
0.342000	1.920000
0.344000	0.000000
0.346000	0.000000
0.348000	3.850000
0.350000	1.920000
0.352000	1.920000
0.354000	3.850000
0.356000	3.850000
0.358000	-3.850000
0.360000	0.000000
0.362000	3.850000
0.364000	5.770000
0.366000	0.000000
0.368000	5.770000
0.370000	1.920000
0.372000	1.920000
0.374000	3.850000
0.376000	1.920000
0.378000	1.920000
0.380000	0.000000
0.382000	1.920000
0.384000	3.850000
0.386000	1.920000
0.388000	0.000000
0.390000	1.920000
0.392000	1.920000
0.394000	0.000000
0.396000	1.920000
0.398000	3.850000
0.400000	3.850000
0.402000	1.920000
0.404000	3.850000
0.406000	1.920000
0.408000	1.920000
0.410000	0.000000
0.412000	0.000000
0.414000	3.850000
0.416000	0.000000
0.418000	3.850000
0.420000	5.770000
0.422000	1.920000
0.424000	1.920000
0.426000	3.850000
0.428000	1.920000
0.430000	3.850000
0.432000	3.850000
0.434000	3.850000
0.436000	-3.850000
0.438000	0.000000
0.440000	1.920000
0.442000	5.770000
0.444000	1.920000
0.446000	1.920000
0.448000	5.770000
0.450000	1.920000
0.452000	1.920000
0.454000	1.920000
0.456000	5.770000
0.458000	-5.770000
0.460000	-3.850000
0.462000	1.920000
0.464000	5.770000
0.466000	0.000000
0.468000	1.920000
0.470000	7.690000
0.472000	1.920000
0.474000	3.850000
0.476000	-1.920000
0.478000	0.000000
0.480000	1.920000
0.482000	-3.850000
0.484000	1.920000
0.486000	1.920000
0.488000	1.920000
0.490000	1.920000
0.492000	7.690000
0.494000	0.000000
0.496000	3.850000
0.498000	1.920000
0.500000	0.000000
0.502000	-3.850000
0.504000	-7.690000
0.506000	-16.920000
0.508000	-20.770000
0.510000	-16.920000
0.512000	-16.920000
0.514000	-20.770000
0.516000	-18.850000
0.518000	-11.150000
0.520000	-11.150000
0.522000	-9.230000
0.524000	-9.230000
0.526000	-9.230000
0.528000	0.000000
0.530000	3.850000
0.532000	0.000000
0.534000	-5.770000
0.536000	-7.690000
0.538000	-13.080000
0.540000	-13.080000
0.542000	-16.920000
0.544000	-18.850000
0.546000	-18.850000
0.548000	-16.920000
0.550000	-15.000000
0.552000	-9.230000
0.554000	-15.000000
0.556000	-9.230000
0.558000	-18.850000
0.560000	-15.000000
0.562000	-15.000000
0.564000	-24.230000
0.566000	-20.770000
0.568000	-15.000000
0.570000	-16.920000
0.572000	-13.080000
0.574000	-16.920000
0.576000	-16.920000
0.578000	-18.850000
0.580000	-16.920000
0.582000	-20.770000
0.584000	-20.770000
0.586000	-18.850000
0.588000	-15.000000
0.590000	-16.920000
0.592000	-16.920000
0.594000	-18.850000
0.596000	-20.770000
0.598000	-22.690001
0.600000	-22.690001
0.602000	-28.080000
0.604000	-28.080000
0.606000	-28.080000
0.608000	-26.150000
0.610000	-22.690001
0.612000	-16.920000
0.614000	-16.920000
0.616000	-18.850000
0.618000	-18.850000
0.620000	-20.770000
0.622000	-28.080000
0.624000	-22.690001
0.626000	-18.850000
0.628000	-18.850000
0.630000	-20.770000
0.632000	-20.770000
0.634000	-24.230000
0.636000	-30.000000
0.638000	-28.080000
0.640000	-26.150000
0.642000	-26.150000
0.644000	-24.230000
0.646000	-26.150000
0.648000	-28.080000
0.650000	-30.000000
0.652000	-30.000000
0.654000	-24.230000
0.656000	-24.230000
0.658000	-20.770000
0.660000	-26.150000
0.662000	-26.150000
0.664000	-26.150000
0.666000	-26.150000
0.668000	-31.920000
0.670000	-26.150000
0.672000	-24.230000
0.674000	0.000000
0.676000	-20.770000
0.678000	-31.920000
0.680000	-9.230000
0.682000	-9.230000
0.684000	-15.000000
0.686000	-9.230000
0.688000	-28.080000
0.690000	-11.150000
0.692000	-24.230000
0.694000	-28.080000
0.696000	-20.770000
0.698000	-16.920000
0.700000	-30.000000
0.702000	-28.080000
0.704000	-18.850000
0.706000	-9.230000
0.708000	-28.080000
0.710000	-15.000000
0.712000	-20.770000
0.714000	-31.920000
0.716000	-48.840000
0.718000	-52.689999
0.720000	-54.610001
0.722000	-39.610001
0.724000	-43.080002
0.726000	-41.150002
0.728000	-61.919998
0.730000	-46.919998
0.732000	-50.770000
0.734000	-41.150002
0.736000	-54.610001
0.738000	-37.689999
0.740000	-46.919998
0.742000	-46.919998
0.744000	-48.840000
0.746000	-46.919998
0.748000	-45.000000
0.750000	-48.840000
0.752000	-50.770000
0.754000	-41.150002
0.756000	-39.610001
0.758000	-50.770000
0.760000	-46.919998
0.762000	-50.770000
0.764000	-48.840000
0.766000	-48.840000
0.768000	-46.919998
0.770000	-46.919998
0.772000	-43.080002
0.774000	-41.150002
0.776000	-43.080002
0.778000	-37.689999
0.780000	-46.919998
0.782000	-37.689999
0.784000	-33.840000
0.786000	-43.080002
0.788000	-39.610001
0.790000	-35.770000
0.792000	-31.920000
0.794000	-41.150002
0.796000	-35.770000
0.798000	-31.920000
0.800000	-30.000000
0.802000	-31.920000
0.804000	-35.770000
0.806000	-37.689999
0.808000	-37.689999
0.810000	-39.610001
0.812000	-33.840000
0.814000	-33.840000
0.816000	-39.610001
0.818000	-35.770000
0.820000	-39.610001
0.822000	-33.840000
0.824000	-33.840000
0.826000	-35.770000
0.828000	-31.920000
0.830000	-35.770000
0.832000	-31.920000
0.834000	-30.000000
0.836000	-31.920000
0.838000	-28.080000
0.840000	-28.080000
0.842000	-30.000000
0.844000	-31.920000
0.846000	26.150000
0.848000	-24.230000
0.850000	-54.610001
0.852000	-76.919998
0.854000	-69.610001
0.856000	-58.070000
0.858000	-46.919998
0.860000	-58.070000
0.862000	-56.150002
0.864000	-52.689999
0.866000	-50.770000
0.868000	-50.770000
0.870000	-48.840000
0.872000	-48.840000
0.874000	-46.919998
0.876000	-54.610001
0.878000	-46.919998
0.880000	-50.770000
0.882000	-50.770000
0.884000	-67.690002
0.886000	-69.610001
0.888000	-67.690002
0.890000	-65.769997
0.892000	-58.070000
0.894000	-63.840000
0.896000	-67.690002
0.898000	-67.690002
0.900000	-69.610001
0.902000	-69.610001
0.904000	-63.840000
0.906000	-63.840000
0.908000	-61.919998
0.910000	-65.769997
0.912000	-73.070000
0.914000	-71.540001
0.916000	-67.690002
0.918000	-75.000000
0.920000	-71.540001
0.922000	-67.690002
0.924000	-76.919998
0.926000	-75.000000
0.928000	-75.000000
0.930000	-76.919998
0.932000	-78.839996
0.934000	-78.839996
0.936000	-84.610001
0.938000	-80.769997
0.940000	-82.690002
0.942000	-80.769997
0.944000	-82.690002
0.946000	-75.000000
0.948000	-75.000000
0.950000	-73.070000
0.952000	-78.839996
0.954000	-76.919998
0.956000	-75.000000
0.958000	-71.540001
0.960000	-69.610001
0.962000	-67.690002
0.964000	-75.000000
0.966000	-76.919998
0.968000	-71.540001
0.970000	-71.540001
0.972000	-71.540001
0.974000	-69.610001
0.976000	-71.540001
0.978000	-76.919998
0.980000	-73.070000
0.982000	-75.000000
0.984000	-73.070000
0.986000	-78.839996
0.988000	-71.540001
0.990000	-69.610001
0.992000	-69.610001
0.994000	-67.690002
0.996000	-71.540001
0.998000	-69.610001
1.000000	-71.540001
1.002000	-45.000000
1.004000	-65.769997
1.006000	-71.540001
1.008000	-63.840000
1.010000	-43.080002
1.012000	-22.690001
1.014000	-26.150000
1.016000	-84.610001
1.018000	-58.070000
1.020000	-41.150002
1.022000	-13.080000
1.024000	-56.150002
1.026000	-60.000000
1.028000	-31.920000
1.030000	0.000000
1.032000	-35.770000
1.034000	-24.230000
1.036000	-20.770000
1.038000	-35.770000
1.040000	-22.690001
1.042000	-16.920000
1.044000	-7.690000
1.046000	-16.920000
1.048000	-18.850000
1.050000	-20.770000
1.052000	-13.080000
1.054000	-26.150000
1.056000	-7.690000
1.058000	0.000000
1.060000	-18.850000
1.062000	-18.850000
1.064000	-5.770000
1.066000	7.690000
1.068000	-3.850000
1.070000	-11.150000
1.072000	-9.230000
1.074000	-13.080000
1.076000	-28.080000
1.078000	-16.920000
1.080000	-15.000000
1.082000	-18.850000
1.084000	-13.080000
1.086000	37.689999
1.088000	-35.770000
1.090000	15.000000
1.092000	-22.690001
1.094000	-28.080000
1.096000	-3.850000
1.098000	-22.690001
1.100000	11.150000
1.102000	-37.689999
1.104000	-5.770000
1.106000	-16.920000
1.108000	-11.150000
1.110000	-22.690001
1.112000	-15.000000
1.114000	-5.770000
1.116000	-9.230000
1.118000	-20.770000
1.120000	-30.000000
1.122000	-24.230000
1.124000	-22.690001
1.126000	-9.230000
1.128000	-13.080000
1.130000	-16.920000
1.132000	-18.850000
1.134000	-15.000000
1.136000	-16.920000
1.138000	-13.080000
1.140000	-13.080000
1.142000	-7.690000
1.144000	-22.690001
1.146000	-20.770000
1.148000	-20.770000
1.150000	-16.920000
1.152000	-15.000000
1.154000	-15.000000
1.156000	-9.230000
1.158000	-15.000000
1.160000	-24.230000
1.162000	-26.150000
1.164000	-16.920000
1.166000	-16.920000
1.168000	-22.690001
1.170000	-16.920000
1.172000	-9.230000
1.174000	-9.230000
1.176000	-22.690001
1.178000	-22.690001
1.180000	-18.850000
1.182000	-13.080000
1.184000	-22.690001
1.186000	-20.770000
1.188000	-20.770000
1.190000	-13.080000
1.192000	-9.230000
1.194000	-13.080000
1.196000	-16.920000
1.198000	-20.770000
1.200000	-16.920000
1.202000	-16.920000
1.204000	-16.920000
1.206000	-18.850000
1.208000	-13.080000
1.210000	-20.770000
1.212000	-15.000000
1.214000	-20.770000
1.216000	-15.000000
1.218000	-16.920000
1.220000	-18.850000
1.222000	-26.150000
1.224000	-16.920000
1.226000	-13.080000
1.228000	-13.080000
1.230000	-18.850000
1.232000	-20.770000
1.234000	-16.920000
1.236000	9.230000
1.238000	-11.150000
1.240000	-24.230000
1.242000	-15.000000
1.244000	-18.850000
1.246000	-15.000000
1.248000	-13.080000
1.250000	-16.920000
1.252000	-15.000000
1.254000	-16.920000
1.256000	-11.150000
1.258000	-20.770000
1.260000	-15.000000
1.262000	-20.770000
1.264000	-15.000000
1.266000	-16.920000
1.268000	-16.920000
1.270000	-16.920000
1.272000	-18.850000
1.274000	-18.850000
1.276000	-16.920000
1.278000	-16.920000
1.280000	-18.850000
1.282000	-16.920000
1.284000	-13.080000
1.286000	-9.230000
1.288000	-13.080000
1.290000	-20.770000
1.292000	-16.920000
1.294000	-18.850000
1.296000	-18.850000
1.298000	-18.850000
1.300000	-13.080000
1.302000	-13.080000
1.304000	-16.920000
1.306000	-16.920000
1.308000	-16.920000
1.310000	-18.850000
1.312000	-24.230000
1.314000	-26.150000
1.316000	-26.150000
1.318000	-24.230000
1.320000	-13.080000
1.322000	-11.150000
1.324000	-15.000000
1.326000	-16.920000
1.328000	-16.920000
1.330000	-13.080000
1.332000	-18.850000
1.334000	-18.850000
1.336000	-18.850000
1.338000	-11.150000
1.340000	-7.690000
1.342000	-5.770000
1.344000	103.459999
1.346000	11.150000
1.348000	13.080000
1.350000	-31.920000
1.352000	-26.150000
1.354000	0.000000
1.356000	-22.690001
1.358000	-22.690001
1.360000	0.000000
1.362000	-7.690000
1.364000	-9.230000
1.366000	-22.690001
1.368000	-22.690001
1.370000	-13.080000
1.372000	-30.000000
1.374000	-15.000000
1.376000	5.770000
1.378000	54.610001
1.380000	-11.150000
1.382000	-18.850000
1.384000	-11.150000
1.386000	-9.230000
1.388000	-15.000000
1.390000	-22.690001
1.392000	-9.230000
1.394000	-9.230000
1.396000	-18.850000
1.398000	-26.150000
1.400000	-13.080000
1.402000	-9.230000
1.404000	-13.080000
1.406000	18.850000
1.408000	20.770000
1.410000	7.690000
1.412000	-18.850000
1.414000	-20.770000
1.416000	-13.080000
1.418000	-9.230000
1.420000	0.000000
1.422000	1.920000
1.424000	-11.150000
1.426000	-28.080000
1.428000	-28.080000
1.430000	-16.920000
1.432000	0.000000
1.434000	-16.920000
1.436000	-20.770000
1.438000	-16.920000
1.440000	-15.000000
1.442000	-16.920000
1.444000	-5.770000
1.446000	-11.150000
1.448000	-13.080000
1.450000	-11.150000
1.452000	-5.770000
1.454000	-5.770000
1.456000	-18.850000
1.458000	-11.150000
1.460000	-9.230000
1.462000	-11.150000
1.464000	-13.080000
1.466000	-9.230000
1.468000	-9.230000
1.470000	-13.080000
1.472000	-18.850000
1.474000	-13.080000
1.476000	-13.080000
1.478000	-22.690001
1.480000	-16.920000
1.482000	-9.230000
1.484000	-18.850000
1.486000	-18.850000
1.488000	-9.230000
1.490000	-13.080000
1.492000	-13.080000
1.494000	-9.230000
1.496000	-18.850000
1.498000	-13.080000
1.500000	-15.000000
1.502000	-5.770000
1.504000	-16.920000
1.506000	-13.080000
1.508000	-16.920000
1.510000	-9.230000
1.512000	-13.080000
1.514000	-16.920000
1.516000	-11.150000
1.518000	-9.230000
1.520000	-7.690000
1.522000	-18.850000
1.524000	-13.080000
1.526000	-15.000000
1.528000	-13.080000
1.530000	-13.080000
1.532000	-18.850000
1.534000	-13.080000
1.536000	-16.920000
1.538000	-18.850000
1.540000	-15.000000
1.542000	-18.850000
1.544000	0.000000
1.546000	71.540001
1.548000	18.850000
1.550000	-3.850000
1.552000	-28.080000
1.554000	-28.080000
1.556000	-22.690001
1.558000	-13.080000
1.560000	-15.000000
1.562000	-16.920000
1.564000	-9.230000
1.566000	-28.080000
1.568000	-18.850000
1.570000	-9.230000
1.572000	-15.000000
1.574000	-9.230000
1.576000	-11.150000
1.578000	-15.000000
1.580000	-18.850000
1.582000	-31.920000
1.584000	-16.920000
1.586000	-16.920000
1.588000	-16.920000
1.590000	-22.690001
1.592000	-13.080000
1.594000	-20.770000
1.596000	-15.000000
1.598000	-26.150000
1.600000	-11.150000
1.602000	-15.000000
1.604000	-15.000000
1.606000	-16.920000
1.608000	-13.080000
1.610000	-20.770000
1.612000	-16.920000
1.614000	-9.230000
1.616000	-18.850000
1.618000	-20.770000
1.620000	-18.850000
1.622000	-11.150000
1.624000	-16.920000
1.626000	-18.850000
1.628000	-11.150000
1.630000	-13.080000
1.632000	-16.920000
1.634000	-22.690001
1.636000	-22.690001
1.638000	-18.850000
1.640000	-20.770000
1.642000	-15.000000
1.644000	-20.770000
1.646000	-16.920000
1.648000	-26.150000
1.650000	-16.920000
1.652000	-22.690001
1.654000	-16.920000
1.656000	-18.850000
1.658000	-16.920000
1.660000	-22.690001
1.662000	-13.080000
1.664000	-20.770000
1.666000	-13.080000
1.668000	-18.850000
1.670000	-18.850000
1.672000	-16.920000
1.674000	-15.000000
1.676000	-18.850000
1.678000	-18.850000
1.680000	-16.920000
1.682000	-15.000000
1.684000	-20.770000
1.686000	-18.850000
1.688000	-13.080000
1.690000	-18.850000
1.692000	-16.920000
1.694000	-16.920000
1.696000	-16.920000
1.698000	-16.920000
1.700000	-16.920000
1.702000	-11.150000
1.704000	-15.000000
1.706000	-13.080000
1.708000	-15.000000
1.710000	-13.080000
1.712000	-16.920000
1.714000	-16.920000
1.716000	-9.230000
1.718000	-15.000000
1.720000	-20.770000
1.722000	-20.770000
1.724000	-15.000000
1.726000	-16.920000
1.728000	-16.920000
1.730000	-15.000000
1.732000	-16.920000
1.734000	-16.920000
1.736000	-16.920000
1.738000	-16.920000
1.740000	-16.920000
1.742000	-18.850000
1.744000	-16.920000
1.746000	-18.850000
1.748000	-13.080000
1.750000	-16.920000
1.752000	-13.080000
1.754000	-18.850000
1.756000	-15.000000
1.758000	-16.920000
1.760000	-13.080000
1.762000	-15.000000
1.764000	-9.230000
1.766000	-18.850000
1.768000	-13.080000
1.770000	-13.080000
1.772000	-13.080000
1.774000	-16.920000
1.776000	-11.150000
1.778000	-16.920000
1.780000	-11.150000
1.782000	-16.920000
1.784000	-11.150000
1.786000	-18.850000
1.788000	-11.150000
1.790000	-15.000000
1.792000	-16.920000
1.794000	-18.850000
1.796000	-18.850000
1.798000	-16.920000
1.800000	-16.920000
1.802000	-13.080000
1.804000	-18.850000
1.806000	-16.920000
1.808000	-16.920000
1.810000	-18.850000
1.812000	-20.770000
1.814000	-18.850000
1.816000	-20.770000
1.818000	-18.850000
1.820000	-13.080000
1.822000	-16.920000
1.824000	-15.000000
1.826000	-16.920000
1.828000	-16.920000
1.830000	-16.920000
1.832000	-15.000000
1.834000	-15.000000
1.836000	-18.850000
1.838000	-16.920000
1.840000	-18.850000
1.842000	-16.920000
1.844000	-20.770000
1.846000	-16.920000
1.848000	-16.920000
1.850000	-22.690001
1.852000	-18.850000
1.854000	-13.080000
1.856000	-16.920000
1.858000	-16.920000
1.860000	-16.920000
1.862000	-16.920000
1.864000	-13.080000
1.866000	-18.850000
1.868000	-16.920000
1.870000	-18.850000
1.872000	-16.920000
1.874000	-18.850000
1.876000	-18.850000
1.878000	-16.920000
1.880000	-16.920000
1.882000	-18.850000
1.884000	-15.000000
1.886000	-16.920000
1.888000	-13.080000
1.890000	-18.850000
1.892000	-13.080000
1.894000	-13.080000
1.896000	-16.920000
1.898000	-16.920000
1.900000	-18.850000
1.902000	-16.920000
1.904000	-16.920000
1.906000	-15.000000
1.908000	-24.230000
1.910000	-20.770000
1.912000	-20.770000
1.914000	-15.000000
1.916000	-18.850000
1.918000	-15.000000
1.920000	-11.150000
1.922000	-16.920000
1.924000	-15.000000
1.926000	-16.920000
1.928000	-18.850000
1.930000	-16.920000
1.932000	-16.920000
1.934000	-16.920000
1.936000	-16.920000
1.938000	-15.000000
1.940000	-15.000000
1.942000	-15.000000
1.944000	-18.850000
1.946000	-16.920000
1.948000	-15.000000
1.950000	-15.000000
1.952000	-13.080000
1.954000	-15.000000
1.956000	-13.080000
1.958000	-13.080000
1.960000	-15.000000
1.962000	-15.000000
1.964000	-16.920000
1.966000	-20.770000
1.968000	-16.920000
1.970000	-16.920000
1.972000	-16.920000
1.974000	-18.850000
1.976000	-20.770000
1.978000	-16.920000
1.980000	-16.920000
1.982000	-18.850000
1.984000	-16.920000
1.986000	-16.920000
1.988000	-16.920000
1.990000	-18.850000
1.992000	-16.920000
1.994000	-15.000000
1.996000	-18.850000
1.998000	-16.920000
2.000000	-24.230000
2.002000	-16.920000
2.004000	-13.080000
2.006000	-16.920000
2.008000	-16.920000
2.010000	-18.850000
2.012000	-9.230000
2.014000	-15.000000
2.016000	-9.230000
2.018000	-16.920000
2.020000	-15.000000
2.022000	-16.920000
2.024000	-16.920000
2.026000	-18.850000
2.028000	-18.850000
2.030000	-22.690001
2.032000	-16.920000
2.034000	-16.920000
2.036000	-20.770000
2.038000	-16.920000
2.040000	-15.000000
2.042000	-18.850000
2.044000	-18.850000
2.046000	-15.000000
2.048000	-16.920000
2.050000	-16.920000
2.052000	-16.920000
2.054000	-16.920000
2.056000	-16.920000
2.058000	-16.920000
2.060000	-18.850000
2.062000	-16.920000
2.064000	-22.690001
2.066000	-16.920000
2.068000	-15.000000
2.070000	-18.850000
2.072000	-16.920000
2.074000	-11.150000
2.076000	-15.000000
2.078000	-16.920000
2.080000	-13.080000
2.082000	-18.850000
2.084000	-11.150000
2.086000	-16.920000
2.088000	-16.920000
2.090000	-16.920000
2.092000	-16.920000
2.094000	-18.850000
2.096000	-13.080000
2.098000	-16.920000
2.100000	-16.920000
2.102000	-16.920000
2.104000	-15.000000
2.106000	-18.850000
2.108000	-18.850000
2.110000	-15.000000
2.112000	-15.000000
2.114000	-16.920000
2.116000	-13.080000
2.118000	-18.850000
2.120000	-13.080000
2.122000	-15.000000
2.124000	-16.920000
2.126000	-13.080000
2.128000	-16.920000
2.130000	-16.920000
2.132000	-16.920000
2.134000	-15.000000
2.136000	-16.920000
2.138000	-16.920000
2.140000	-18.850000
2.142000	-16.920000
2.144000	-16.920000
2.146000	-20.770000
2.148000	-16.920000
2.150000	-16.920000
2.152000	-15.000000
2.154000	-13.080000
2.156000	-16.920000
2.158000	-16.920000
2.160000	-11.150000
2.162000	-15.000000
2.164000	-13.080000
2.166000	-16.920000
2.168000	-16.920000
2.170000	-15.000000
2.172000	-18.850000
2.174000	-16.920000
2.176000	-18.850000
2.178000	-18.850000
2.180000	-20.770000
2.182000	-18.850000
2.184000	-20.770000
2.186000	-18.850000
2.188000	-13.080000
2.190000	-18.850000
2.192000	-16.920000
2.194000	-15.000000
2.196000	-18.850000
2.198000	-13.080000
2.200000	-16.920000
2.202000	-16.920000
2.204000	-16.920000
2.206000	-16.920000
2.208000	-16.920000
2.210000	-16.920000
2.212000	-13.080000
2.214000	-16.920000
2.216000	-15.000000
2.218000	-16.920000
2.220000	-18.850000
2.222000	-16.920000
2.224000	-18.850000
2.226000	-20.770000
2.228000	-16.920000
2.230000	-18.850000
2.232000	-16.920000
2.234000	-15.000000
2.236000	-16.920000
2.238000	-13.080000
2.240000	-18.850000
2.242000	-16.920000
2.244000	-13.080000
2.246000	-15.000000
2.248000	-15.000000
2.250000	-15.000000
2.252000	-18.850000
2.254000	-16.920000
2.256000	-16.920000
2.258000	-16.920000
2.260000	-16.920000
2.262000	-18.850000
2.264000	-20.770000
2.266000	-24.230000
2.268000	-15.000000
2.270000	-16.920000
2.272000	-16.920000
2.274000	-16.920000
2.276000	-13.080000
2.278000	-16.920000
2.280000	-13.080000
2.282000	-16.920000
2.284000	-16.920000
2.286000	-11.150000
2.288000	-15.000000
2.290000	-16.920000
2.292000	-16.920000
2.294000	-16.920000
2.296000	-16.920000
2.298000	-16.920000
2.300000	-16.920000
2.302000	-16.920000
2.304000	-20.770000
2.306000	-20.770000
2.308000	-18.850000
2.310000	-16.920000
2.312000	-11.150000
2.314000	-13.080000
2.316000	-16.920000
2.318000	-16.920000
2.320000	-11.150000
2.322000	-16.920000
2.324000	-9.230000
2.326000	-16.920000
2.328000	-15.000000
2.330000	-15.000000
2.332000	-15.000000
2.334000	-16.920000
2.336000	-13.080000
2.338000	-16.920000
2.340000	-15.000000
2.342000	-13.080000
2.344000	-15.000000
2.346000	-16.920000
2.348000	-16.920000
2.350000	-16.920000
2.352000	-16.920000
2.354000	-16.920000
2.356000	-16.920000
2.358000	-18.850000
2.360000	-20.770000
2.362000	-16.920000
2.364000	-18.850000
2.366000	-16.920000
2.368000	-16.920000
2.370000	-15.000000
2.372000	-13.080000
2.374000	-16.920000
2.376000	-15.000000
2.378000	-9.230000
2.380000	-16.920000
2.382000	-13.080000
2.384000	-15.000000
2.386000	-15.000000
2.388000	-15.000000
2.390000	-18.850000
2.392000	-16.920000
2.394000	-16.920000
2.396000	-15.000000
2.398000	-16.920000
2.400000	-16.920000
2.402000	-18.850000
2.404000	-18.850000
2.406000	-16.920000
2.408000	-18.850000
2.410000	-22.690001
2.412000	-18.850000
2.414000	-18.850000
2.416000	-16.920000
2.418000	-13.080000
2.420000	-16.920000
2.422000	-16.920000
2.424000	-13.080000
2.426000	-16.920000
2.428000	-13.080000
2.430000	-15.000000
2.432000	-13.080000
2.434000	-15.000000
2.436000	-13.080000
2.438000	-16.920000
2.440000	-16.920000
2.442000	-16.920000
2.444000	-15.000000
2.446000	-16.920000
2.448000	-18.850000
2.450000	-18.850000
2.452000	-16.920000
2.454000	-18.850000
2.456000	-16.920000
2.458000	-16.920000
2.460000	-16.920000
2.462000	-16.920000
2.464000	-18.850000
2.466000	-20.770000
2.468000	-18.850000
2.470000	-22.690001
2.472000	-16.920000
2.474000	-16.920000
2.476000	-20.770000
2.478000	-13.080000
2.480000	-15.000000
2.482000	-16.920000
2.484000	-13.080000
2.486000	-15.000000
2.488000	-15.000000
2.490000	-15.000000
2.492000	-15.000000
2.494000	-16.920000
2.496000	-22.690001
2.498000	-20.770000
2.500000	-16.920000
2.502000	-13.080000
2.504000	-13.080000
2.506000	-18.850000
2.508000	-15.000000
2.510000	-16.920000
2.512000	-16.920000
2.514000	-15.000000
2.516000	-18.850000
2.518000	-15.000000
2.520000	-15.000000
2.522000	-16.920000
2.524000	-16.920000
2.526000	-11.150000
2.528000	-18.850000
2.530000	-13.080000
2.532000	-16.920000
2.534000	-16.920000
2.536000	-15.000000
2.538000	-15.000000
2.540000	-16.920000
2.542000	-16.920000
2.544000	-22.690001
2.546000	-20.770000
2.548000	-16.920000
2.550000	-18.850000
2.552000	-16.920000
2.554000	-13.080000
2.556000	-16.920000
2.558000	-15.000000
2.560000	-11.150000
2.562000	-16.920000
2.564000	-16.920000
2.566000	-16.920000
2.568000	-16.920000
2.570000	-16.920000
2.572000	-16.920000
2.574000	-20.770000
2.576000	-20.770000
2.578000	-16.920000
2.580000	-13.080000
2.582000	-15.000000
2.584000	-16.920000
2.586000	-16.920000
2.588000	-16.920000
2.590000	-16.920000
2.592000	-16.920000
2.594000	-16.920000
2.596000	-15.000000
2.598000	-16.920000
2.600000	-15.000000
2.602000	-15.000000
2.604000	-16.920000
2.606000	-16.920000
2.608000	-13.080000
2.610000	-16.920000
2.612000	-18.850000
2.614000	-15.000000
2.616000	-18.850000
2.618000	-16.920000
2.620000	-16.920000
2.622000	-16.920000
2.624000	-20.770000
2.626000	-18.850000
2.628000	-16.920000
2.630000	-13.080000
2.632000	-13.080000
2.634000	-15.000000
2.636000	-18.850000
2.638000	-18.850000
2.640000	-16.920000
2.642000	-18.850000
2.644000	-16.920000
2.646000	-9.230000
2.648000	-16.920000
2.650000	-16.920000
2.652000	-16.920000
2.654000	-16.920000
2.656000	-22.690001
2.658000	-22.690001
2.660000	-18.850000
2.662000	-13.080000
2.664000	-13.080000
2.666000	-15.000000
2.668000	-16.920000
2.670000	-15.000000
2.672000	-16.920000
2.674000	-20.770000
2.676000	-18.850000
2.678000	-16.920000
2.680000	-22.690001
2.682000	-16.920000
2.684000	-15.000000
2.686000	-16.920000
2.688000	-16.920000
2.690000	-16.920000
2.692000	-18.850000
2.694000	-15.000000
2.696000	-16.920000
2.698000	-16.920000
2.700000	-22.690001
2.702000	-16.920000
2.704000	-18.850000
2.706000	-13.080000
2.708000	-18.850000
2.710000	-16.920000
2.712000	-15.000000
2.714000	-15.000000
2.716000	-16.920000
2.718000	-16.920000
2.720000	-15.000000
2.722000	-20.770000
2.724000	-18.850000
2.726000	-15.000000
2.728000	-13.080000
2.730000	-15.000000
2.732000	-11.150000
2.734000	-16.920000
2.736000	-16.920000
2.738000	-11.150000
2.740000	-16.920000
2.742000	-16.920000
2.744000	-16.920000
2.746000	-18.850000
2.748000	-20.770000
2.750000	-16.920000
2.752000	-18.850000
2.754000	-20.770000
2.756000	-16.920000
2.758000	-13.080000
2.760000	-16.920000
2.762000	-15.000000
2.764000	-13.080000
2.766000	-16.920000
2.768000	-16.920000
2.770000	-16.920000
2.772000	-16.920000
2.774000	-16.920000
2.776000	-15.000000
2.778000	-18.850000
2.780000	-18.850000
2.782000	-16.920000
2.784000	-18.850000
2.786000	-15.000000
2.788000	-18.850000
2.790000	-16.920000
2.792000	-15.000000
2.794000	-15.000000
2.796000	-18.850000
2.798000	-11.150000
2.800000	-15.000000
2.802000	-13.080000
2.804000	-15.000000
2.806000	-18.850000
2.808000	-18.850000
2.810000	-18.850000
2.812000	-20.770000
2.814000	-22.690001
2.816000	-16.920000
2.818000	-20.770000
2.820000	-16.920000
2.822000	-13.080000
2.824000	-16.920000
2.826000	-18.850000
2.828000	-11.150000
2.830000	-16.920000
2.832000	-15.000000
2.834000	-15.000000
2.836000	-15.000000
2.838000	-18.850000
2.840000	-16.920000
2.842000	-16.920000
2.844000	-16.920000
2.846000	-18.850000
2.848000	-16.920000
2.850000	-18.850000
2.852000	-16.920000
2.854000	-18.850000
2.856000	-16.920000
2.858000	-18.850000
2.860000	-22.690001
2.862000	-16.920000
2.864000	-18.850000
2.866000	-18.850000
2.868000	-18.850000
2.870000	-16.920000
2.872000	-16.920000
2.874000	-13.080000
2.876000	-18.850000
2.878000	-16.920000
2.880000	-20.770000
2.882000	-15.000000
2.884000	-15.000000
2.886000	-20.770000
2.888000	-16.920000
2.890000	-15.000000
2.892000	-13.080000
2.894000	-16.920000
2.896000	-11.150000
2.898000	-15.000000
2.900000	-13.080000
2.902000	-18.850000
2.904000	-16.920000
2.906000	-16.920000
2.908000	-16.920000
2.910000	-18.850000
2.912000	-15.000000
2.914000	-18.850000
2.916000	-15.000000
2.918000	-16.920000
2.920000	-16.920000
2.922000	-15.000000
2.924000	-16.920000
2.926000	-15.000000
2.928000	-16.920000
2.930000	-16.920000
2.932000	-24.230000
2.934000	-16.920000
2.936000	-20.770000
2.938000	-20.770000
2.940000	-15.000000
2.942000	-13.080000
2.944000	-16.920000
2.946000	-16.920000
2.948000	-11.150000
2.950000	-15.000000
2.952000	-13.080000
2.954000	-16.920000
2.956000	-16.920000
2.958000	-18.850000
2.960000	-16.920000
2.962000	-15.000000
2.964000	-13.080000
2.966000	-15.000000
2.968000	-16.920000
2.970000	-16.920000
2.972000	-16.920000
2.974000	-22.690001
2.976000	-18.850000
2.978000	-16.920000
2.980000	-22.690001
2.982000	-16.920000
2.984000	-16.920000
2.986000	-16.920000
2.988000	-15.000000
2.990000	-13.080000
2.992000	-16.920000
2.994000	-15.000000
2.996000	-16.920000
2.998000	-16.920000
3.000000	-16.920000
3.002000	-13.080000
3.004000	-18.850000
3.006000	-16.920000
3.008000	-16.920000
3.010000	-16.920000
3.012000	-18.850000
3.014000	-15.000000
3.016000	-16.920000
3.018000	-16.920000
3.020000	-13.080000
3.022000	-16.920000
3.024000	-16.920000
3.026000	-16.920000
3.028000	-15.000000
3.030000	-15.000000
3.032000	-16.920000
3.034000	-18.850000
3.036000	-15.000000
3.038000	-16.920000
3.040000	-16.920000
3.042000	-16.920000
3.044000	-16.920000
3.046000	-22.690001
3.048000	-15.000000
3.050000	-22.690001
3.052000	-16.920000
3.054000	-20.770000
3.056000	-20.770000
3.058000	-16.920000
3.060000	-15.000000
3.062000	-16.920000
3.064000	-16.920000
3.066000	-13.080000
3.068000	-16.920000
3.070000	-15.000000
3.072000	-15.000000
3.074000	-15.000000
3.076000	-18.850000
3.078000	-15.000000
3.080000	-16.920000
3.082000	-16.920000
3.084000	-18.850000
3.086000	-18.850000
3.088000	-24.230000
3.090000	-18.850000
3.092000	-13.080000
3.094000	-18.850000
3.096000	-16.920000
3.098000	-13.080000
3.100000	-15.000000
3.102000	-15.000000
3.104000	-16.920000
3.106000	-15.000000
3.108000	-11.150000
3.110000	-16.920000
3.112000	-16.920000
3.114000	-18.850000
3.116000	-16.920000
3.118000	-16.920000
3.120000	-16.920000
3.122000	-18.850000
3.124000	-16.920000
3.126000	-18.850000
3.128000	-16.920000
3.130000	-22.690001
3.132000	-16.920000
3.134000	-16.920000
3.136000	-20.770000
3.138000	-16.920000
3.140000	-15.000000
3.142000	-16.920000
3.144000	-16.920000
3.146000	-15.000000
3.148000	-15.000000
3.150000	-16.920000
3.152000	-16.920000
3.154000	-15.000000
3.156000	-16.920000
3.158000	-15.000000
3.160000	-18.850000
3.162000	-15.000000
3.164000	-16.920000
3.166000	-16.920000
3.168000	-16.920000
3.170000	-16.920000
3.172000	-13.080000
3.174000	-16.920000
3.176000	-20.770000
3.178000	-20.770000
3.180000	-16.920000
3.182000	-13.080000
3.184000	-16.920000
3.186000	-18.850000
3.188000	-11.150000
3.190000	-16.920000
3.192000	-16.920000
3.194000	-15.000000
3.196000	-16.920000
3.198000	-18.850000
3.200000	-15.000000
3.202000	-22.690001
3.204000	-18.850000
3.206000	-16.920000
3.208000	-13.080000
3.210000	-16.920000
3.212000	-18.850000
3.214000	-11.150000
3.216000	-15.000000
3.218000	-16.920000
3.220000	-16.920000
3.222000	-15.000000
3.224000	-16.920000
3.226000	-18.850000
3.228000	-20.770000
3.230000	-18.850000
3.232000	-18.850000
3.234000	-22.690001
3.236000	-13.080000
3.238000	-13.080000
3.240000	-16.920000
3.242000	-18.850000
3.244000	-11.150000
3.246000	-16.920000
3.248000	-15.000000
3.250000	-16.920000
3.252000	-16.920000
3.254000	-18.850000
3.256000	-18.850000
3.258000	-16.920000
3.260000	-16.920000
3.262000	-16.920000
3.264000	-16.920000
3.266000	-15.000000
3.268000	-16.920000
3.270000	-16.920000
3.272000	-18.850000
3.274000	-16.920000
3.276000	-16.920000
3.278000	-18.850000
3.280000	-16.920000
3.282000	-13.080000
3.284000	-16.920000
3.286000	-16.920000
3.288000	-11.150000
3.290000	-16.920000
3.292000	-18.850000
3.294000	-15.000000
3.296000	-15.000000
3.298000	-15.000000
3.300000	-16.920000
3.302000	-16.920000
3.304000	-15.000000
3.306000	-18.850000
3.308000	-18.850000
3.310000	-18.850000
3.312000	-18.850000
3.314000	-18.850000
3.316000	-18.850000
3.318000	-18.850000
3.320000	-15.000000
3.322000	-16.920000
3.324000	-16.920000
3.326000	-16.920000
3.328000	-15.000000
3.330000	-11.150000
3.332000	-16.920000
3.334000	-16.920000
3.336000	-16.920000
3.338000	-16.920000
3.340000	-16.920000
3.342000	-16.920000
3.344000	-22.690001
3.346000	-16.920000
3.348000	-20.770000
3.350000	-16.920000
3.352000	-18.850000
3.354000	-20.770000
3.356000	-16.920000
3.358000	-13.080000
3.360000	-16.920000
3.362000	-15.000000
3.364000	-11.150000
3.366000	-16.920000
3.368000	-15.000000
3.370000	-16.920000
3.372000	-16.920000
3.374000	-16.920000
3.376000	-16.920000
3.378000	-24.230000
3.380000	-15.000000
3.382000	-20.770000
3.384000	-16.920000
3.386000	-20.770000
3.388000	-18.850000
3.390000	-15.000000
3.392000	-13.080000
3.394000	-16.920000
3.396000	-13.080000
3.398000	-16.920000
3.400000	-13.080000
3.402000	-16.920000
3.404000	-13.080000
3.406000	-15.000000
3.408000	-16.920000
3.410000	-16.920000
3.412000	-16.920000
3.414000	-16.920000
3.416000	-16.920000
3.418000	-16.920000
3.420000	-18.850000
3.422000	-15.000000
3.424000	-16.920000
3.426000	-15.000000
3.428000	-22.690001
3.430000	-15.000000
3.432000	-16.920000
3.434000	-20.770000
3.436000	-16.920000
3.438000	-16.920000
3.440000	-13.080000
3.442000	-16.920000
3.444000	-16.920000
3.446000	-16.920000
3.448000	-16.920000
3.450000	-16.920000
3.452000	-16.920000
3.454000	-20.770000
3.456000	-18.850000
3.458000	-15.000000
3.460000	-16.920000
3.462000	-11.150000
3.464000	-16.920000
3.466000	-16.920000
3.468000	-16.920000
3.470000	-15.000000
3.472000	-16.920000
3.474000	-16.920000
3.476000	-16.920000
3.478000	-18.850000
3.480000	-16.920000
3.482000	-13.080000
3.484000	-18.850000
3.486000	-15.000000
3.488000	-16.920000
3.490000	-16.920000
3.492000	-16.920000
3.494000	-20.770000
3.496000	-18.850000
3.498000	-16.920000
3.500000	-16.920000
3.502000	-18.850000
3.504000	-16.920000
3.506000	-16.920000
3.508000	-16.920000
3.510000	-18.850000
3.512000	-20.770000
3.514000	-18.850000
3.516000	-16.920000
3.518000	-18.850000
3.520000	-18.850000
3.522000	-16.920000
3.524000	-13.080000
3.526000	-16.920000
3.528000	-15.000000
3.530000	-16.920000
3.532000	-15.000000
3.534000	-18.850000
3.536000	-15.000000
3.538000	-18.850000
3.540000	-18.850000
3.542000	-16.920000
3.544000	-13.080000
3.546000	-16.920000
3.548000	-16.920000
3.550000	-15.000000
3.552000	-16.920000
3.554000	-15.000000
3.556000	-16.920000
3.558000	-16.920000
3.560000	-16.920000
3.562000	-16.920000
3.564000	-18.850000
3.566000	-16.920000
3.568000	-18.850000
3.570000	-15.000000
3.572000	-18.850000
3.574000	-18.850000
3.576000	-16.920000
3.578000	-15.000000
3.580000	-16.920000
3.582000	-16.920000
3.584000	-13.080000
3.586000	-16.920000
3.588000	-15.000000
3.590000	-16.920000
3.592000	-13.080000
3.594000	-16.920000
3.596000	-16.920000
3.598000	-22.690001
3.600000	-16.920000
3.602000	-18.850000
3.604000	-20.770000
3.606000	-18.850000
3.608000	-15.000000
3.610000	-20.770000
3.612000	-13.080000
3.614000	-16.920000
3.616000	-16.920000
3.618000	-16.920000
3.620000	-16.920000
3.622000	-13.080000
3.624000	-16.920000
3.626000	-16.920000
3.628000	-16.920000
3.630000	-16.920000
3.632000	-16.920000
3.634000	-16.920000
3.636000	-15.000000
3.638000	-16.920000
3.640000	-16.920000
3.642000	-16.920000
3.644000	-20.770000
3.646000	-16.920000
3.648000	-16.920000
3.650000	-22.690001
3.652000	-16.920000
3.654000	-15.000000
3.656000	-16.920000
3.658000	-13.080000
3.660000	-13.080000
3.662000	-16.920000
3.664000	-11.150000
3.666000	-16.920000
3.668000	-18.850000
3.670000	-16.920000
3.672000	-16.920000
3.674000	-16.920000
3.676000	-15.000000
3.678000	-18.850000
3.680000	-13.080000
3.682000	-16.920000
3.684000	-13.080000
3.686000	-16.920000
3.688000	-15.000000
3.690000	-13.080000
3.692000	-16.920000
3.694000	-16.920000
3.696000	-16.920000
3.698000	-16.920000
3.700000	-22.690001
3.702000	-18.850000
3.704000	-16.920000
3.706000	-15.000000
3.708000	-16.920000
3.710000	-16.920000
3.712000	-16.920000
3.714000	-15.000000
3.716000	-16.920000
3.718000	-16.920000
3.720000	-16.920000
3.722000	-16.920000
3.724000	-13.080000
3.726000	-16.920000
3.728000	-15.000000
3.730000	-11.150000
3.732000	-18.850000
3.734000	-16.920000
3.736000	-16.920000
3.738000	-18.850000
3.740000	-22.690001
3.742000	-18.850000
3.744000	-16.920000
3.746000	-15.000000
3.748000	-16.920000
3.750000	-13.080000
3.752000	-18.850000
3.754000	-15.000000
3.756000	-15.000000
3.758000	-16.920000
3.760000	-16.920000
3.762000	-16.920000
3.764000	-16.920000
3.766000	-18.850000
3.768000	-16.920000
3.770000	-16.920000
3.772000	-15.000000
3.774000	-20.770000
3.776000	-22.690001
3.778000	-18.850000
3.780000	-13.080000
3.782000	-16.920000
3.784000	-11.150000
3.786000	-16.920000
3.788000	-16.920000
3.790000	-15.000000
3.792000	-16.920000
3.794000	-16.920000
3.796000	-18.850000
3.798000	-16.920000
3.800000	-16.920000
3.802000	-16.920000
3.804000	-20.770000
3.806000	-18.850000
3.808000	-16.920000
3.810000	-16.920000
3.812000	-16.920000
3.814000	-13.080000
3.816000	-15.000000
3.818000	-16.920000
3.820000	-16.920000
3.822000	-15.000000
3.824000	-18.850000
3.826000	-16.920000
3.828000	-15.000000
3.830000	-18.850000
3.832000	-16.920000
3.834000	-20.770000
3.836000	-20.770000
3.838000	-18.850000
3.840000	-15.000000
3.842000	-13.080000
3.844000	-16.920000
3.846000	-15.000000
3.848000	-16.920000
3.850000	-16.920000
3.852000	-15.000000
3.854000	-16.920000
3.856000	-16.920000
3.858000	-15.000000
3.860000	-16.920000
3.862000	-18.850000
3.864000	-16.920000
3.866000	-13.080000
3.868000	-16.920000
3.870000	-16.920000
3.872000	-13.080000
3.874000	-15.000000
3.876000	-16.920000
3.878000	-16.920000
3.880000	-16.920000
3.882000	-16.920000
3.884000	-16.920000
3.886000	-16.920000
3.888000	-16.920000
3.890000	-24.230000
3.892000	-20.770000
3.894000	-16.920000
3.896000	-15.000000
3.898000	-16.920000
3.900000	-13.080000
3.902000	-18.850000
3.904000	-15.000000
3.906000	-13.080000
3.908000	-16.920000
3.910000	-16.920000
3.912000	-16.920000
3.914000	-16.920000
3.916000	-16.920000
3.918000	-16.920000
3.920000	-16.920000
3.922000	-16.920000
3.924000	-15.000000
3.926000	-16.920000
3.928000	-20.770000
3.930000	-16.920000
3.932000	-24.230000
3.934000	-18.850000
3.936000	-16.920000
3.938000	-20.770000
3.940000	-16.920000
3.942000	-13.080000
3.944000	-13.080000
3.946000	-16.920000
3.948000	-11.150000
3.950000	-16.920000
3.952000	-16.920000
3.954000	-16.920000
3.956000	-16.920000
3.958000	-16.920000
3.960000	-16.920000
3.962000	-16.920000
3.964000	-15.000000
3.966000	-16.920000
3.968000	-15.000000
3.970000	-16.920000
3.972000	-15.000000
3.974000	-11.150000
3.976000	-16.920000
3.978000	-11.150000
3.980000	-16.920000
3.982000	-16.920000
3.984000	-16.920000
3.986000	-16.920000
3.988000	-15.000000
3.990000	-16.920000
3.992000	-16.920000
3.994000	-15.000000
3.996000	-22.690001
3.998000	-20.770000
