0.000000	-2.290660
0.001000	-3.096330
0.002000	-1.485000
0.003000	-3.096330
0.004000	-3.096330
0.005000	-2.290660
0.006000	-3.096330
0.007000	-3.901990
0.008000	-3.901990
0.009000	-3.901990
0.010000	-4.707660
0.011000	-5.513320
0.012000	-7.124650
0.013000	-7.930310
0.014000	-8.735980
0.015000	-9.541640
0.016000	-11.153000
0.017000	-11.958600
0.018000	-12.764300
0.019000	-11.153000
0.020000	-11.153000
0.021000	-10.347300
0.022000	-8.735980
0.023000	-7.124650
0.024000	-7.124650
0.025000	-7.930310
0.026000	-9.541640
0.027000	-9.541640
0.028000	-11.153000
0.029000	-12.764300
0.030000	-13.570000
0.031000	-11.958600
0.032000	-11.153000
0.033000	-10.347300
0.034000	-6.318980
0.035000	-4.707660
0.036000	-4.707660
0.037000	-2.290660
0.038000	-1.485000
0.039000	-3.096330
0.040000	-4.707660
0.041000	-5.513320
0.042000	-4.707660
0.043000	-5.513320
0.044000	-4.707660
0.045000	-5.513320
0.046000	-6.318980
0.047000	-5.513320
0.048000	-5.513320
0.049000	-6.318980
0.050000	-5.513320
0.051000	-4.707660
0.052000	-3.901990
0.053000	-3.096330
0.054000	-0.679336
0.055000	-0.679336
0.056000	-2.290660
0.057000	-1.485000
0.058000	-2.290660
0.059000	-3.096330
0.060000	-2.290660
0.061000	-3.901990
0.062000	-3.901990
0.063000	-4.707660
0.064000	-3.901990
0.065000	-4.707660
0.066000	-4.707660
0.067000	-3.901990
0.068000	-3.901990
0.069000	-3.096330
0.070000	-3.096330
0.071000	-1.485000
0.072000	-1.485000
0.073000	-1.485000
0.074000	-1.485000
0.075000	-1.485000
0.076000	-1.485000
0.077000	-0.679336
0.078000	-0.679336
0.079000	-1.485000
0.080000	0.126327
0.081000	0.126327
0.082000	-0.679336
0.083000	-0.679336
0.084000	-3.096330
0.085000	-4.707660
0.086000	-5.513320
0.087000	-5.513320
0.088000	-4.707660
0.089000	-3.096330
0.090000	-1.485000
0.091000	-0.679336
0.092000	0.931993
0.093000	0.931993
0.094000	1.737660
0.095000	1.737660
0.096000	2.543320
0.097000	1.737660
0.098000	0.931993
0.099000	-0.679336
0.100000	-2.290660
0.101000	-3.901990
0.102000	-6.318980
0.103000	-7.930310
0.104000	-8.735980
0.105000	-7.124650
0.106000	-7.124650
0.107000	-5.513320
0.108000	-3.901990
0.109000	-3.096330
0.110000	-3.901990
0.111000	-3.901990
0.112000	-3.901990
0.113000	-3.096330
0.114000	-3.901990
0.115000	-3.901990
0.116000	-5.513320
0.117000	-6.318980
0.118000	-7.124650
0.119000	-7.930310
0.120000	-9.541640
0.121000	-9.541640
0.122000	-8.735980
0.123000	-8.735980
0.124000	-7.930310
0.125000	-7.124650
0.126000	-7.124650
0.127000	-7.124650
0.128000	-6.318980
0.129000	-6.318980
0.130000	-4.707660
0.131000	-5.513320
0.132000	-6.318980
0.133000	-6.318980
0.134000	-6.318980
0.135000	-7.124650
0.136000	-7.930310
0.137000	-9.541640
0.138000	-11.153000
0.139000	-9.541640
0.140000	-10.347300
0.141000	-10.347300
0.142000	-9.541640
0.143000	-7.930310
0.144000	-4.707660
0.145000	-6.318980
0.146000	-5.513320
0.147000	-3.901990
0.148000	-7.124650
0.149000	-10.347300
0.150000	-10.347300
0.151000	-9.541640
0.152000	-12.764300
0.153000	-11.958600
0.154000	-9.541640
0.155000	-11.153000
0.156000	-11.153000
0.157000	-10.347300
0.158000	-11.153000
0.159000	-11.153000
0.160000	-9.541640
0.161000	-8.735980
0.162000	-7.930310
0.163000	-8.735980
0.164000	-7.930310
0.165000	-6.318980
0.166000	-6.318980
0.167000	-14.375600
0.168000	-17.598301
0.169000	-15.987000
0.170000	-15.181300
0.171000	-15.987000
0.172000	-15.987000
0.173000	-15.181300
0.174000	-15.181300
0.175000	-13.570000
0.176000	-10.347300
0.177000	-9.541640
0.178000	-5.513320
0.179000	-3.901990
0.180000	-4.707660
0.181000	-6.318980
0.182000	-10.347300
0.183000	-14.375600
0.184000	-14.375600
0.185000	-14.375600
0.186000	-15.987000
0.187000	-14.375600
0.188000	-7.124650
0.189000	-3.901990
0.190000	-9.541640
0.191000	-16.792601
0.192000	-14.375600
0.193000	-14.375600
0.194000	-16.792601
0.195000	-13.570000
0.196000	-11.958600
0.197000	-15.987000
0.198000	-20.820900
0.199000	-22.432301
0.200000	-21.626600
0.201000	-19.209600
0.202000	-13.570000
0.203000	-7.124650
0.204000	-4.707660
0.205000	-3.096330
0.206000	-3.901990
0.207000	-6.318980
0.208000	-9.541640
0.209000	-11.958600
0.210000	-11.153000
0.211000	-12.764300
0.212000	-11.153000
