0.000000	0.000000
1.780000	0.295658
1.813000	0.167630
1.856000	-0.685885
2.085000	-0.259127
2.074000	-0.301803
3.326000	0.509037
4.488000	0.381009
4.479000	1.149170
6.676000	1.106500
7.799000	2.002690
9.038000	2.984230
10.113000	3.795070
11.091000	5.758160
11.944000	6.014210
12.888000	7.550540
13.410000	8.019970
14.298000	9.129540
14.848000	9.684330
15.427000	10.196400
16.159000	10.623200
16.712999	11.050000
17.283001	10.708500
17.934000	11.732800
18.547001	11.476700
19.372999	9.812360
20.270000	9.769680
