0.000000	27.473400
0.001000	27.473400
0.002000	25.593500
0.003000	25.593500
0.004000	25.593500
0.005000	21.833700
0.006000	23.713600
0.007000	23.713600
0.008000	23.713600
0.009000	25.593500
0.010000	23.713600
0.011000	21.833700
0.012000	19.953800
0.013000	18.073900
0.014000	18.073900
0.015000	18.073900
0.016000	16.194099
0.017000	18.073900
0.018000	16.194099
0.019000	18.073900
0.020000	19.953800
0.021000	21.833700
0.022000	18.073900
0.023000	23.713600
0.024000	25.593500
0.025000	27.473400
0.026000	31.233101
0.027000	33.112999
0.028000	38.752701
0.029000	42.512402
0.030000	36.872799
0.031000	36.872799
0.032000	33.112999
0.033000	27.473400
0.034000	27.473400
0.035000	25.593500
0.036000	21.833700
0.037000	23.713600
0.038000	25.593500
0.039000	27.473400
0.040000	29.353201
0.041000	33.112999
0.042000	33.112999
0.043000	34.992901
0.044000	34.992901
0.045000	34.992901
0.046000	31.233101
0.047000	31.233101
0.048000	29.353201
0.049000	27.473400
0.050000	27.473400
0.051000	27.473400
0.052000	29.353201
0.053000	29.353201
0.054000	31.233101
0.055000	33.112999
0.056000	34.992901
0.057000	34.992901
0.058000	34.992901
0.059000	34.992901
0.060000	33.112999
0.061000	33.112999
0.062000	29.353201
0.063000	31.233101
0.064000	29.353201
0.065000	27.473400
0.066000	31.233101
0.067000	31.233101
0.068000	33.112999
0.069000	34.992901
0.070000	34.992901
0.071000	34.992901
0.072000	34.992901
0.073000	33.112999
0.074000	34.992901
0.075000	33.112999
0.076000	33.112999
0.077000	31.233101
0.078000	31.233101
0.079000	33.112999
0.080000	33.112999
0.081000	34.992901
0.082000	36.872799
0.083000	34.992901
0.084000	34.992901
0.085000	34.992901
0.086000	36.872799
0.087000	34.992901
0.088000	34.992901
0.089000	34.992901
0.090000	33.112999
0.091000	34.992901
0.092000	34.992901
0.093000	34.992901
0.094000	38.752701
0.095000	36.872799
0.096000	36.872799
0.097000	36.872799
0.098000	34.992901
0.099000	33.112999
0.100000	31.233101
0.101000	31.233101
0.102000	31.233101
0.103000	31.233101
0.104000	33.112999
0.105000	33.112999
0.106000	34.992901
0.107000	34.992901
0.108000	36.872799
0.109000	34.992901
0.110000	34.992901
0.111000	34.992901
0.112000	33.112999
0.113000	33.112999
0.114000	33.112999
0.115000	31.233101
0.116000	33.112999
0.117000	31.233101
0.118000	31.233101
0.119000	33.112999
0.120000	33.112999
0.121000	31.233101
0.122000	31.233101
0.123000	33.112999
0.124000	33.112999
0.125000	31.233101
0.126000	33.112999
0.127000	33.112999
0.128000	34.992901
0.129000	33.112999
0.130000	33.112999
0.131000	33.112999
0.132000	29.353201
0.133000	33.112999
0.134000	33.112999
0.135000	31.233101
0.136000	31.233101
0.137000	31.233101
0.138000	27.473400
0.139000	29.353201
0.140000	27.473400
0.141000	29.353201
0.142000	27.473400
0.143000	36.872799
0.144000	21.833700
0.145000	25.593500
0.146000	36.872799
0.147000	33.112999
0.148000	25.593500
0.149000	25.593500
0.150000	29.353201
0.151000	27.473400
0.152000	23.713600
0.153000	25.593500
0.154000	29.353201
0.155000	25.593500
0.156000	27.473400
0.157000	27.473400
0.158000	27.473400
0.159000	25.593500
0.160000	21.833700
0.161000	23.713600
0.162000	19.953800
0.163000	23.713600
0.164000	23.713600
0.165000	27.473400
0.166000	16.194099
0.167000	21.833700
0.168000	27.473400
0.169000	25.593500
0.170000	36.872799
0.171000	40.632500
0.172000	44.392300
0.173000	42.512402
0.174000	33.112999
0.175000	29.353201
0.176000	23.713600
0.177000	18.073900
0.178000	10.554400
0.179000	10.554400
0.180000	12.434300
0.181000	14.314200
0.182000	21.833700
0.183000	23.713600
0.184000	31.233101
0.185000	29.353201
0.186000	33.112999
0.187000	38.752701
0.188000	46.272202
0.189000	16.194099
0.190000	12.434300
0.191000	21.833700
0.192000	23.713600
0.193000	14.314200
0.194000	8.674530
0.195000	18.073900
0.196000	23.713600
0.197000	19.953800
0.198000	16.194099
0.199000	25.593500
0.200000	27.473400
0.201000	29.353201
0.202000	23.713600
0.203000	25.593500
0.204000	29.353201
0.205000	29.353201
0.206000	23.713600
0.207000	21.833700
0.208000	25.593500
0.209000	23.713600
0.210000	23.713600
0.211000	23.713600
0.212000	23.713600
