-0.500000	0.068617
-0.499000	0.059588
-0.498000	0.059588
-0.497000	0.050561
-0.496000	0.050561
-0.495000	0.068617
-0.494000	0.059588
-0.493000	0.059588
-0.492000	0.068617
-0.491000	0.059588
-0.490000	0.050561
-0.489000	0.059588
-0.488000	0.059588
-0.487000	0.068617
-0.486000	0.068617
-0.485000	0.068617
-0.484000	0.068617
-0.483000	0.059588
-0.482000	0.059588
-0.481000	0.059588
-0.480000	0.050561
-0.479000	0.050561
-0.478000	0.059588
-0.477000	0.068617
-0.476000	0.068617
-0.475000	0.059588
-0.474000	0.068617
-0.473000	0.059588
-0.472000	0.068617
-0.471000	0.059588
-0.470000	0.059588
-0.469000	0.059588
-0.468000	0.059588
-0.467000	0.059588
-0.466000	0.059588
-0.465000	0.059588
-0.464000	0.059588
-0.463000	0.059588
-0.462000	0.059588
-0.461000	0.059588
-0.460000	0.068617
-0.459000	0.059588
-0.458000	0.068617
-0.457000	0.050561
-0.456000	0.059588
-0.455000	0.068617
-0.454000	0.068617
-0.453000	0.068617
-0.452000	0.068617
-0.451000	0.068617
-0.450000	0.041533
-0.449000	0.059588
-0.448000	0.059588
-0.447000	0.050561
-0.446000	0.059588
-0.445000	0.059588
-0.444000	0.059588
-0.443000	0.050561
-0.442000	0.059588
-0.441000	0.059588
-0.440000	0.059588
-0.439000	0.059588
-0.438000	0.068617
-0.437000	0.059588
-0.436000	0.059588
-0.435000	0.059588
-0.434000	0.059588
-0.433000	0.068617
-0.432000	0.059588
-0.431000	0.059588
-0.430000	0.059588
-0.429000	0.050561
-0.428000	0.050561
-0.427000	0.050561
-0.426000	0.068617
-0.425000	0.059588
-0.424000	0.068617
-0.423000	0.059588
-0.422000	0.059588
-0.421000	0.059588
-0.420000	0.059588
-0.419000	0.068617
-0.418000	0.059588
-0.417000	0.059588
-0.416000	0.059588
-0.415000	0.059588
-0.414000	0.059588
-0.413000	0.059588
-0.412000	0.068617
-0.411000	0.059588
-0.410000	0.059588
-0.409000	0.059588
-0.408000	0.068617
-0.407000	0.059588
-0.406000	0.059588
-0.405000	0.059588
-0.404000	0.059588
-0.403000	0.059588
-0.402000	0.077663
-0.401000	0.068617
-0.400000	0.059588
-0.399000	0.050561
-0.398000	0.068617
-0.397000	0.068617
-0.396000	0.059588
-0.395000	0.059588
-0.394000	0.068617
-0.393000	0.050561
-0.392000	0.050561
-0.391000	0.068617
-0.390000	0.059588
-0.389000	0.059588
-0.388000	0.068617
-0.387000	0.059588
-0.386000	0.059588
-0.385000	0.068617
-0.384000	0.059588
-0.383000	0.068617
-0.382000	0.059588
-0.381000	0.050561
-0.380000	0.050561
-0.379000	0.068617
-0.378000	0.059588
-0.377000	0.059588
-0.376000	0.059588
-0.375000	0.068617
-0.374000	0.059588
-0.373000	0.059588
-0.372000	0.059588
-0.371000	0.059588
-0.370000	0.059588
-0.369000	0.068617
-0.368000	0.068617
-0.367000	0.059588
-0.366000	0.059588
-0.365000	0.059588
-0.364000	0.068617
-0.363000	0.059588
-0.362000	0.050561
-0.361000	0.059588
-0.360000	0.050561
-0.359000	0.059588
-0.358000	0.068617
-0.357000	0.068617
-0.356000	0.059588
-0.355000	0.059588
-0.354000	0.059588
-0.353000	0.068617
-0.352000	0.068617
-0.351000	0.068617
-0.350000	0.050561
-0.349000	0.059588
-0.348000	0.068617
-0.347000	0.059588
-0.346000	0.059588
-0.345000	0.068617
-0.344000	0.077663
-0.343000	0.050561
-0.342000	0.068617
-0.341000	0.068617
-0.340000	0.059588
-0.339000	0.068617
-0.338000	0.059588
-0.337000	0.059588
-0.336000	0.068617
-0.335000	0.059588
-0.334000	0.068617
-0.333000	0.050561
-0.332000	0.050561
-0.331000	0.059588
-0.330000	0.059588
-0.329000	0.059588
-0.328000	0.059588
-0.327000	0.041533
-0.326000	0.059588
-0.325000	0.059588
-0.324000	0.068617
-0.323000	0.059588
-0.322000	0.059588
-0.321000	0.059588
-0.320000	0.059588
-0.319000	0.059588
-0.318000	0.068617
-0.317000	0.068617
-0.316000	0.050561
-0.315000	0.068617
-0.314000	0.059588
-0.313000	0.059588
-0.312000	0.059588
-0.311000	0.059588
-0.310000	0.059588
-0.309000	0.059588
-0.308000	0.050561
-0.307000	0.077663
-0.306000	0.059588
-0.305000	0.059588
-0.304000	0.059588
-0.303000	0.068617
-0.302000	0.068617
-0.301000	0.059588
-0.300000	0.068617
-0.299000	0.068617
-0.298000	0.050561
-0.297000	0.059588
-0.296000	0.050561
-0.295000	0.059588
-0.294000	0.068617
-0.293000	0.059588
-0.292000	0.068617
-0.291000	0.059588
-0.290000	0.059588
-0.289000	0.059588
-0.288000	0.059588
-0.287000	0.068617
-0.286000	0.059588
-0.285000	0.068617
-0.284000	0.068617
-0.283000	0.068617
-0.282000	0.059588
-0.281000	0.059588
-0.280000	0.059588
-0.279000	0.059588
-0.278000	0.059588
-0.277000	0.050561
-0.276000	0.059588
-0.275000	0.059588
-0.274000	0.050561
-0.273000	0.059588
-0.272000	0.059588
-0.271000	0.059588
-0.270000	0.068617
-0.269000	0.068617
-0.268000	0.059588
-0.267000	0.068617
-0.266000	0.059588
-0.265000	0.068617
-0.264000	0.059588
-0.263000	0.050561
-0.262000	0.059588
-0.261000	0.059588
-0.260000	0.068617
-0.259000	0.068617
-0.258000	0.059588
-0.257000	0.068617
-0.256000	0.068617
-0.255000	0.050561
-0.254000	0.059588
-0.253000	0.068617
-0.252000	0.059588
-0.251000	0.068617
-0.250000	0.068617
-0.249000	0.059588
-0.248000	0.059588
-0.247000	0.068617
-0.246000	0.059588
-0.245000	0.068617
-0.244000	0.059588
-0.243000	0.059588
-0.242000	0.059588
-0.241000	0.059588
-0.240000	0.050561
-0.239000	0.050561
-0.238000	0.068617
-0.237000	0.068617
-0.236000	0.059588
-0.235000	0.068617
-0.234000	0.068617
-0.233000	0.068617
-0.232000	0.059588
-0.231000	0.059588
-0.230000	0.077663
-0.229000	0.077663
-0.228000	0.059588
-0.227000	0.068617
-0.226000	0.059588
-0.225000	0.068617
-0.224000	0.059588
-0.223000	0.068617
-0.222000	0.059588
-0.221000	0.068617
-0.220000	0.059588
-0.219000	0.059588
-0.218000	0.050561
-0.217000	0.068617
-0.216000	0.050561
-0.215000	0.050561
-0.214000	0.059588
-0.213000	0.050561
-0.212000	0.068617
-0.211000	0.059588
-0.210000	0.068617
-0.209000	0.068617
-0.208000	0.059588
-0.207000	0.059588
-0.206000	0.059588
-0.205000	0.068617
-0.204000	0.059588
-0.203000	0.068617
-0.202000	0.068617
-0.201000	0.059588
-0.200000	0.059588
-0.199000	0.068617
-0.198000	0.068617
-0.197000	0.059588
-0.196000	0.059588
-0.195000	0.068617
-0.194000	0.059588
-0.193000	0.050561
-0.192000	0.059588
-0.191000	0.068617
-0.190000	0.059588
-0.189000	0.059588
-0.188000	0.059588
-0.187000	0.059588
-0.186000	0.059588
-0.185000	0.059588
-0.184000	0.059588
-0.183000	0.068617
-0.182000	0.059588
-0.181000	0.059588
-0.180000	0.041533
-0.179000	0.059588
-0.178000	0.059588
-0.177000	0.059588
-0.176000	0.068617
-0.175000	0.059588
-0.174000	0.068617
-0.173000	0.059588
-0.172000	0.050561
-0.171000	0.059588
-0.170000	0.068617
-0.169000	0.068617
-0.168000	0.068617
-0.167000	0.050561
-0.166000	0.068617
-0.165000	0.059588
-0.164000	0.059588
-0.163000	0.059588
-0.162000	0.068617
-0.161000	0.059588
-0.160000	0.059588
-0.159000	0.068617
-0.158000	0.059588
-0.157000	0.077663
-0.156000	0.068617
-0.155000	0.068617
-0.154000	0.059588
-0.153000	0.050561
-0.152000	0.059588
-0.151000	0.059588
-0.150000	0.059588
-0.149000	0.068617
-0.148000	0.059588
-0.147000	0.050561
-0.146000	0.059588
-0.145000	0.041533
-0.144000	0.059588
-0.143000	0.068617
-0.142000	0.050561
-0.141000	0.068617
-0.140000	0.068617
-0.139000	0.059588
-0.138000	0.059588
-0.137000	0.059588
-0.136000	0.068617
-0.135000	0.068617
-0.134000	0.077663
-0.133000	0.059588
-0.132000	0.059588
-0.131000	0.059588
-0.130000	0.050561
-0.129000	0.059588
-0.128000	0.068617
-0.127000	0.059588
-0.126000	0.068617
-0.125000	0.059588
-0.124000	0.050561
-0.123000	0.059588
-0.122000	0.059588
-0.121000	0.059588
-0.120000	0.068617
-0.119000	0.059588
-0.118000	0.050561
-0.117000	0.068617
-0.116000	0.068617
-0.115000	0.050561
-0.114000	0.059588
-0.113000	0.059588
-0.112000	0.050561
-0.111000	0.050561
-0.110000	0.059588
-0.109000	0.068617
-0.108000	0.059588
-0.107000	0.068617
-0.106000	0.059588
-0.105000	0.059588
-0.104000	0.068617
-0.103000	0.050561
-0.102000	0.068617
-0.101000	0.050561
-0.100000	0.059588
-0.099000	0.059588
-0.098000	0.059588
-0.097000	0.059588
-0.096000	0.050561
-0.095000	0.059588
-0.094000	0.059588
-0.093000	0.059588
-0.092000	0.059588
-0.091000	0.068617
-0.090000	0.059588
-0.089000	0.050561
-0.088000	0.059588
-0.087000	0.059588
-0.086000	0.059588
-0.085000	0.068617
-0.084000	0.059588
-0.083000	0.059588
-0.082000	0.059588
-0.081000	0.068617
-0.080000	0.059588
-0.079000	0.077663
-0.078000	0.059588
-0.077000	0.059588
-0.076000	0.059588
-0.075000	0.059588
-0.074000	0.068617
-0.073000	0.059588
-0.072000	0.050561
-0.071000	0.059588
-0.070000	0.059588
-0.069000	0.059588
-0.068000	0.059588
-0.067000	0.059588
-0.066000	0.050561
-0.065000	0.068617
-0.064000	0.050561
-0.063000	0.050561
-0.062000	0.050561
-0.061000	0.059588
-0.060000	0.068617
-0.059000	0.059588
-0.058000	0.059588
-0.057000	0.059588
-0.056000	0.050561
-0.055000	0.059588
-0.054000	0.068617
-0.053000	0.059588
-0.052000	0.059588
-0.051000	0.059588
-0.050000	0.041533
-0.049000	0.059588
-0.048000	0.068617
-0.047000	0.068617
-0.046000	0.068617
-0.045000	0.059588
-0.044000	0.059588
-0.043000	0.068617
-0.042000	0.059588
-0.041000	0.068617
-0.040000	0.068617
-0.039000	0.068617
-0.038000	0.059588
-0.037000	0.059588
-0.036000	0.068617
-0.035000	0.068617
-0.034000	0.068617
-0.033000	0.059588
-0.032000	0.050561
-0.031000	0.032486
-0.030000	0.041533
-0.029000	0.050561
-0.028000	0.068617
-0.027000	0.077663
-0.026000	0.068617
-0.025000	0.050561
-0.024000	0.041533
-0.023000	0.023458
-0.022000	0.005383
-0.021000	0.005383
-0.020000	-0.003644
-0.019000	-0.003644
-0.018000	0.014430
-0.017000	0.005383
-0.016000	-0.039775
-0.015000	-0.075906
-0.014000	-0.075906
-0.013000	-0.066877
-0.012000	-0.084933
-0.011000	-0.084933
-0.010000	-0.121082
-0.009000	-0.148166
-0.008000	-0.175269
-0.007000	-0.193343
-0.006000	-0.211399
-0.005000	-0.256576
-0.004000	-0.274632
-0.003000	-0.310763
-0.002000	-0.319809
-0.001000	-0.410145
0.000000	-0.491434
0.001000	-0.473378
0.002000	-0.482406
0.003000	-0.527564
0.004000	-0.581770
0.005000	-0.663058
0.006000	-0.626928
0.007000	-0.608872
0.008000	-0.617900
0.009000	-0.672105
0.010000	-0.852757
0.011000	-0.997298
0.012000	-0.970195
0.013000	-0.843729
0.014000	-0.726291
0.015000	-0.654030
0.016000	-0.708235
0.017000	-0.897934
0.018000	-1.015350
0.019000	-0.961167
0.020000	-0.798571
0.021000	-0.726291
0.022000	-0.798571
0.023000	-0.762440
0.024000	-0.681133
0.025000	-0.717263
0.026000	-0.717263
0.027000	-0.599825
0.028000	-0.500462
0.029000	-0.500462
0.030000	-0.410145
0.031000	-0.392070
0.032000	-0.373996
0.033000	-0.364968
0.034000	-0.265604
0.035000	-0.148166
0.036000	-0.084933
0.037000	-0.112036
0.038000	-0.112036
0.039000	-0.057850
0.040000	0.050561
0.041000	0.213157
0.042000	0.267362
0.043000	0.167980
0.044000	0.149924
0.045000	0.195083
0.046000	0.276390
0.047000	0.402856
0.048000	0.420912
0.049000	0.330595
0.050000	0.258316
0.051000	0.294446
0.052000	0.375754
0.053000	0.348651
0.054000	0.285418
0.055000	0.276390
0.056000	0.213157
0.057000	0.167980
0.058000	0.240260
0.059000	0.213157
0.060000	0.113794
0.061000	0.023458
0.062000	-0.030747
0.063000	-0.075906
0.064000	-0.112036
0.065000	-0.184315
0.066000	-0.292707
0.067000	-0.364968
0.068000	-0.437229
0.069000	-0.500462
0.070000	-0.554667
0.071000	-0.617900
0.072000	-0.654030
0.073000	-0.726291
0.074000	-0.816627
0.075000	-0.870832
0.076000	-0.888888
0.077000	-0.915990
0.078000	-0.934065
0.079000	-0.997298
0.080000	-1.015350
0.081000	-1.024400
0.082000	-1.024400
0.083000	-1.015350
0.084000	-0.988270
0.085000	-0.952121
0.086000	-0.915990
0.087000	-0.861804
0.088000	-0.825655
0.089000	-0.726291
0.090000	-0.663058
0.091000	-0.608872
0.092000	-0.554667
0.093000	-0.518536
0.094000	-0.410145
0.095000	-0.310763
0.096000	-0.256576
0.097000	-0.184315
0.098000	-0.103008
0.099000	-0.039775
0.100000	0.122822
0.101000	0.231213
0.102000	0.249288
0.103000	0.294446
0.104000	0.366726
0.105000	0.466089
0.106000	0.502220
0.107000	0.583509
0.108000	0.691919
0.109000	0.628686
0.110000	0.673844
0.111000	0.782254
0.112000	0.746105
0.113000	0.709975
0.114000	0.773208
0.115000	0.917748
0.116000	0.818385
0.117000	0.719021
0.118000	1.143580
0.119000	0.728049
0.120000	0.529322
0.121000	0.980981
0.122000	0.863543
0.123000	0.655788
0.124000	0.375754
0.125000	0.800310
0.126000	0.827413
0.127000	0.276390
0.128000	1.152610
0.129000	0.953879
0.130000	-0.608872
0.131000	-0.491434
0.132000	0.375754
0.133000	0.466089
0.134000	0.177027
0.135000	0.294446
0.136000	0.411884
0.137000	0.059588
0.138000	-0.030747
0.139000	0.375754
0.140000	0.384782
0.141000	-0.283679
0.142000	0.565453
0.143000	0.791282
0.144000	0.393810
0.145000	1.026140
0.146000	0.917748
0.147000	0.574481
0.148000	0.926776
0.149000	1.071320
0.150000	1.306170
0.151000	1.893330
0.152000	1.730730
0.153000	1.541030
0.154000	1.351330
0.155000	1.405540
0.156000	1.613290
0.157000	1.405540
0.158000	1.775910
0.159000	2.372090
0.160000	2.055920
0.161000	1.550060
0.162000	1.857200
0.163000	2.055920
0.164000	2.227570
0.165000	2.344990
0.166000	2.254650
0.167000	2.046900
0.168000	1.929460
0.169000	2.010770
0.170000	2.344990
0.171000	2.128180
0.172000	1.938500
0.173000	2.037870
0.174000	2.137230
0.175000	2.344990
0.176000	2.471450
0.177000	2.561790
0.178000	2.354030
0.179000	2.209490
0.180000	2.191420
0.181000	2.119160
0.182000	2.037870
0.183000	2.354030
0.184000	2.290800
0.185000	2.092050
0.186000	3.410900
0.187000	5.208510
0.188000	5.316920
0.189000	4.377470
0.190000	3.880630
0.191000	2.543710
0.192000	2.615990
0.193000	3.239280
0.194000	4.783950
0.195000	6.825460
0.196000	7.042250
0.197000	4.160670
0.198000	1.721700
0.199000	1.595240
0.200000	2.308860
0.201000	2.381120
0.202000	2.859880
0.203000	1.441670
0.204000	-1.051500
0.205000	-1.990950
0.206000	-1.728990
0.207000	-0.301735
0.208000	0.646742
0.209000	-0.428201
0.210000	-2.767800
0.211000	-3.896950
0.212000	-3.156230
0.213000	-2.054180
0.214000	-1.801250
0.215000	-1.259260
0.216000	-2.722640
0.217000	-4.872530
0.218000	-3.571760
0.219000	-1.114720
0.220000	-2.243880
0.221000	-4.989970
0.222000	-5.640350
0.223000	-5.017070
0.224000	-3.933080
0.225000	-2.487770
0.226000	-0.473378
0.227000	-0.617900
0.228000	-2.252910
0.229000	-2.496820
0.230000	-1.331520
0.231000	1.179710
0.232000	5.172380
0.233000	5.994410
0.234000	3.943870
0.235000	1.577160
0.236000	0.402856
0.237000	0.592555
0.238000	2.543710
0.239000	4.503920
0.240000	4.829130
0.241000	3.167020
0.242000	1.495870
0.243000	1.550060
0.244000	2.344990
0.245000	2.778590
0.246000	2.796650
0.247000	2.661150
0.248000	2.706310
0.249000	2.037870
0.250000	1.215840
0.251000	1.495870
0.252000	2.453400
0.253000	2.435320
0.254000	1.947530
0.255000	1.477800
0.256000	1.676530
0.257000	1.595240
0.258000	1.242940
0.259000	1.351330
0.260000	1.026140
0.261000	0.664816
0.262000	0.746105
0.263000	0.953879
0.264000	0.375754
0.265000	-0.635974
0.266000	-1.196020
0.267000	-1.295390
0.268000	-1.304420
0.269000	-1.141820
0.270000	-1.268290
0.271000	-1.747050
0.272000	-2.343250
0.273000	-2.596180
0.274000	-2.478740
0.275000	-2.054180
0.276000	-1.945770
0.277000	-2.514870
0.278000	-3.201390
0.279000	-3.499500
0.280000	-3.264620
0.281000	-2.993630
0.282000	-3.020740
0.283000	-3.273670
0.284000	-3.011710
0.285000	-2.406480
0.286000	-2.117420
0.287000	-2.189680
0.288000	-2.325170
0.289000	-2.135470
0.290000	-2.162580
0.291000	-2.153550
0.292000	-1.783180
0.293000	-1.205050
0.294000	-1.322490
0.295000	-1.096660
0.296000	-0.590798
0.297000	-0.500462
0.298000	-0.672105
0.299000	-0.364968
0.300000	-0.112036
0.301000	-0.428201
0.302000	-0.148166
0.303000	0.429959
0.304000	0.429959
0.305000	0.502220
0.306000	0.764180
0.307000	0.845487
0.308000	1.297150
0.309000	1.676530
0.310000	1.432640
0.311000	0.999037
0.312000	0.863543
0.313000	0.971935
0.314000	1.080340
0.315000	1.008080
0.316000	0.737077
0.317000	0.746105
0.318000	1.071320
0.319000	0.881618
0.320000	0.746105
0.321000	1.098400
0.322000	1.026140
0.323000	1.017110
0.324000	1.071320
0.325000	0.990009
0.326000	0.818385
0.327000	0.908720
0.328000	0.646742
0.329000	0.375754
0.330000	0.845487
0.331000	0.980981
0.332000	0.484145
0.333000	0.050561
0.334000	0.014430
0.335000	-0.075906
0.336000	0.050561
0.337000	-0.012672
0.338000	-0.238502
0.339000	-0.807599
0.340000	-0.645002
0.341000	-0.292707
0.342000	-0.536592
0.343000	-0.879860
0.344000	-0.870832
0.345000	-0.762440
0.346000	-0.816627
0.347000	-0.617900
0.348000	-0.654030
0.349000	-0.843729
0.350000	-0.943093
0.351000	-0.744366
0.352000	-0.816627
0.353000	-0.952121
0.354000	-0.970195
0.355000	-0.952121
0.356000	-0.943093
0.357000	-0.726291
0.358000	-0.446275
0.359000	-0.572742
0.360000	-0.663058
0.361000	-0.617900
0.362000	-0.536592
0.363000	-0.464331
0.364000	-0.247530
0.365000	-0.039775
0.366000	0.077663
0.367000	0.041533
0.368000	0.222185
0.369000	0.140896
0.370000	0.068617
0.371000	0.267362
0.372000	0.502220
0.373000	0.610611
0.374000	0.709975
0.375000	0.773208
0.376000	0.782254
0.377000	0.917748
0.378000	0.872571
0.379000	0.737077
0.380000	0.682872
0.381000	0.746105
0.382000	0.791282
0.383000	0.845487
0.384000	0.971935
0.385000	1.035170
0.386000	0.935804
0.387000	0.881618
0.388000	0.953879
0.389000	0.809338
0.390000	0.746105
0.391000	1.026140
0.392000	1.161630
0.393000	0.980981
0.394000	0.827413
0.395000	0.619658
0.396000	0.556425
0.397000	0.773208
0.398000	0.944851
0.399000	0.755152
0.400000	0.610611
0.401000	0.691919
0.402000	0.737077
0.403000	0.746105
0.404000	0.610611
0.405000	0.258316
0.406000	0.104747
0.407000	0.556425
0.408000	0.511248
0.409000	0.520276
0.410000	0.556425
0.411000	0.565453
0.412000	0.149924
0.413000	0.032486
0.414000	0.195083
0.415000	0.294446
0.416000	0.348651
0.417000	0.475117
0.418000	0.276390
0.419000	0.213157
0.420000	0.077663
0.421000	0.276390
0.422000	0.484145
0.423000	0.529322
0.424000	0.321549
0.425000	0.222185
0.426000	0.267362
0.427000	0.610611
0.428000	0.556425
0.429000	0.267362
0.430000	0.149924
0.431000	0.303493
0.432000	0.673844
0.433000	0.619658
0.434000	0.466089
0.435000	0.285418
0.436000	0.493192
0.437000	0.502220
0.438000	0.628686
0.439000	0.538350
0.440000	0.592555
0.441000	0.484145
0.442000	0.538350
0.443000	0.610611
0.444000	0.628686
0.445000	0.755152
0.446000	0.845487
0.447000	0.773208
0.448000	0.719021
0.449000	0.664816
0.450000	0.845487
0.451000	0.881618
0.452000	1.008080
0.453000	0.953879
0.454000	0.881618
0.455000	0.881618
0.456000	1.107450
0.457000	1.179710
0.458000	1.161630
0.459000	1.170680
0.460000	1.224870
0.461000	1.134550
0.462000	1.080340
0.463000	1.261000
0.464000	1.297150
0.465000	1.423610
0.466000	1.261000
0.467000	1.242940
0.468000	1.071320
0.469000	1.116480
0.470000	1.288100
0.471000	1.351330
0.472000	1.089370
0.473000	1.035170
0.474000	0.999037
0.475000	0.962907
0.476000	1.008080
0.477000	0.999037
0.478000	1.035170
0.479000	0.935804
0.480000	0.863543
0.481000	1.008080
0.482000	0.845487
0.483000	0.339623
0.484000	0.186055
0.485000	0.592555
0.486000	0.583509
0.487000	-0.238502
0.488000	-0.166241
0.489000	0.556425
0.490000	0.466089
0.491000	-0.175269
0.492000	-0.274632
0.493000	-0.229474
0.494000	-0.247530
0.495000	-0.274632
0.496000	0.068617
0.497000	0.059588
0.498000	-0.130110
0.499000	-0.428201
0.500000	-0.346912
0.501000	-0.039775
0.502000	-0.093980
0.503000	0.068617
0.504000	0.258316
0.505000	0.538350
0.506000	0.393810
0.507000	0.023458
0.508000	0.050561
0.509000	0.601583
0.510000	0.809338
0.511000	0.547378
0.512000	0.348651
0.513000	0.520276
0.514000	0.429959
0.515000	0.448015
0.516000	0.547378
0.517000	0.384782
0.518000	0.249288
0.519000	0.276390
0.520000	0.348651
0.521000	0.411884
0.522000	0.438987
0.523000	0.204129
0.524000	-0.012672
0.525000	0.023458
0.526000	0.086691
0.527000	-0.112036
0.528000	-0.310763
0.529000	-0.075906
0.530000	-0.057850
0.531000	-0.328837
0.532000	-0.735338
0.533000	-0.780496
0.534000	-0.663058
0.535000	-0.645002
0.536000	-0.464331
0.537000	-0.419173
0.538000	-0.626928
0.539000	-0.807599
0.540000	-0.581770
0.541000	-0.554667
0.542000	-0.581770
0.543000	-0.753394
0.544000	-0.635974
0.545000	-0.635974
0.546000	-0.410145
0.547000	-0.274632
0.548000	-0.500462
0.549000	-0.608872
0.550000	-0.355940
0.551000	-0.383042
0.552000	-0.148166
0.553000	-0.021700
0.554000	-0.003644
0.555000	0.086691
0.556000	-0.139138
0.557000	-0.003644
0.558000	-0.039775
0.559000	-0.247530
0.560000	-0.103008
0.561000	0.095719
0.562000	-0.130110
0.563000	-0.184315
0.564000	-0.003644
0.565000	-0.121082
0.566000	-0.283679
0.567000	-0.509508
0.568000	-0.563695
0.569000	-0.500462
0.570000	-0.220446
0.571000	-0.482406
0.572000	-0.744366
0.573000	-1.024400
0.574000	-1.159890
0.575000	-1.123760
0.576000	-1.069560
0.577000	-1.114720
0.578000	-1.205050
0.579000	-1.439930
0.580000	-1.394750
0.581000	-1.259260
0.582000	-1.656710
0.583000	-2.045140
0.584000	-1.792220
0.585000	-1.548320
0.586000	-1.485090
0.587000	-1.710920
0.588000	-1.963850
0.589000	-2.072240
0.590000	-2.171600
0.591000	-2.063210
0.592000	-1.638660
0.593000	-1.611550
0.594000	-1.981910
0.595000	-2.144520
0.596000	-2.225810
0.597000	-2.153550
0.598000	-1.719940
0.599000	-1.467010
0.600000	-1.521220
0.601000	-1.710920
0.602000	-1.855460
0.603000	-1.882540
0.604000	-1.719940
0.605000	-1.557350
0.606000	-1.457990
0.607000	-1.756080
0.608000	-1.981910
0.609000	-1.792220
0.610000	-1.512190
0.611000	-1.394750
0.612000	-1.476060
0.613000	-1.548320
0.614000	-1.548320
0.615000	-1.530250
0.616000	-1.620580
0.617000	-1.376700
0.618000	-1.232160
0.619000	-1.439930
0.620000	-1.539290
0.621000	-1.575420
0.622000	-1.719940
0.623000	-1.792220
0.624000	-1.792220
0.625000	-1.792220
0.626000	-1.656710
0.627000	-1.719940
0.628000	-1.855460
0.629000	-1.837380
0.630000	-1.774150
0.631000	-1.783180
0.632000	-1.891590
0.633000	-1.981910
0.634000	-1.972880
0.635000	-1.972880
0.636000	-1.882540
0.637000	-1.719940
0.638000	-1.837380
0.639000	-1.909640
0.640000	-1.954820
0.641000	-1.963850
0.642000	-1.756080
0.643000	-1.548320
0.644000	-1.701890
0.645000	-1.765120
0.646000	-1.765120
0.647000	-1.792220
0.648000	-1.656710
0.649000	-1.548320
0.650000	-1.512190
0.651000	-1.512190
0.652000	-1.503160
0.653000	-1.485090
0.654000	-1.322490
0.655000	-1.268290
0.656000	-1.295390
0.657000	-1.232160
0.658000	-1.168920
0.659000	-1.087630
0.660000	-1.150870
0.661000	-1.196020
0.662000	-1.232160
0.663000	-1.241180
0.664000	-1.241180
0.665000	-1.150870
0.666000	-1.051500
0.667000	-1.006330
0.668000	-0.997298
0.669000	-1.205050
0.670000	-1.358620
0.671000	-1.448960
0.672000	-1.548320
0.673000	-1.575420
0.674000	-1.575420
0.675000	-1.683810
0.676000	-1.774150
0.677000	-1.810280
0.678000	-1.873510
0.679000	-1.954820
0.680000	-2.045140
0.681000	-2.135470
0.682000	-2.225810
0.683000	-2.289040
0.684000	-2.343250
0.685000	-2.388410
0.686000	-2.451640
0.687000	-2.560030
0.688000	-2.695540
0.689000	-2.767800
0.690000	-2.740700
0.691000	-2.695540
0.692000	-2.641340
0.693000	-2.623260
0.694000	-2.650370
0.695000	-2.677470
0.696000	-2.677470
0.697000	-2.641340
0.698000	-2.623260
0.699000	-2.569080
0.700000	-2.532950
0.701000	-2.514870
0.702000	-2.406480
0.703000	-2.388410
0.704000	-2.469710
0.705000	-2.406480
0.706000	-2.261940
0.707000	-2.126450
0.708000	-2.054180
0.709000	-2.153550
0.710000	-2.144520
0.711000	-2.045140
0.712000	-2.126450
0.713000	-2.126450
0.714000	-2.045140
0.715000	-2.099340
0.716000	-2.126450
0.717000	-1.990950
0.718000	-1.918690
0.719000	-2.054180
0.720000	-2.162580
0.721000	-2.117420
0.722000	-2.108370
0.723000	-2.081290
0.724000	-1.999980
0.725000	-2.063210
0.726000	-2.153550
0.727000	-2.090310
0.728000	-2.072240
0.729000	-2.144520
0.730000	-2.198710
0.731000	-2.180650
0.732000	-2.198710
0.733000	-2.171600
0.734000	-2.090310
0.735000	-2.126450
0.736000	-2.153550
0.737000	-2.117420
0.738000	-2.054180
0.739000	-2.081290
0.740000	-2.153550
0.741000	-2.090310
0.742000	-1.918690
0.743000	-1.972880
0.744000	-1.954820
0.745000	-1.882540
0.746000	-1.963850
0.747000	-1.918690
0.748000	-1.828350
0.749000	-1.765120
0.750000	-1.728990
0.751000	-1.765120
0.752000	-1.792220
0.753000	-1.638660
0.754000	-1.557350
0.755000	-1.701890
0.756000	-1.629630
0.757000	-1.403780
0.758000	-1.385720
0.759000	-1.439930
0.760000	-1.394750
0.761000	-1.367650
0.762000	-1.358620
0.763000	-1.313460
0.764000	-1.394750
0.765000	-1.394750
0.766000	-1.367650
0.767000	-1.367650
0.768000	-1.385720
0.769000	-1.322490
0.770000	-1.349590
0.771000	-1.448960
0.772000	-1.575420
0.773000	-1.512190
0.774000	-1.340570
0.775000	-1.539290
0.776000	-1.647680
0.777000	-1.512190
0.778000	-1.575420
0.779000	-1.873510
0.780000	-2.009010
0.781000	-1.747050
0.782000	-1.611550
0.783000	-1.756080
0.784000	-1.936750
0.785000	-1.927720
0.786000	-2.018050
0.787000	-2.180650
0.788000	-2.198710
0.789000	-1.828350
0.790000	-1.918690
0.791000	-2.478740
0.792000	-2.343250
0.793000	-1.828350
0.794000	-1.990950
0.795000	-2.325170
0.796000	-2.081290
0.797000	-1.999980
0.798000	-2.252910
0.799000	-2.298070
0.800000	-2.162580
0.801000	-2.207750
0.802000	-2.216780
0.803000	-2.018050
0.804000	-1.882540
0.805000	-2.135470
0.806000	-2.289040
0.807000	-2.018050
0.808000	-1.756080
0.809000	-1.891590
0.810000	-2.036110
0.811000	-1.882540
0.812000	-1.810280
0.813000	-1.954820
0.814000	-1.945770
0.815000	-1.828350
0.816000	-1.972880
0.817000	-1.972880
0.818000	-1.747050
0.819000	-1.701890
0.820000	-1.792220
0.821000	-1.792220
0.822000	-1.801250
0.823000	-1.801250
0.824000	-1.747050
0.825000	-1.656710
0.826000	-1.710920
0.827000	-1.846410
0.828000	-1.909640
0.829000	-1.819310
0.830000	-1.674790
0.831000	-1.710920
0.832000	-1.846410
0.833000	-1.873510
0.834000	-1.765120
0.835000	-1.792220
0.836000	-1.801250
0.837000	-1.701890
0.838000	-1.710920
0.839000	-1.774150
0.840000	-1.747050
0.841000	-1.593480
0.842000	-1.674790
0.843000	-1.801250
0.844000	-1.710920
0.845000	-1.584450
0.846000	-1.728990
0.847000	-1.683810
0.848000	-1.620580
0.849000	-1.674790
0.850000	-1.819310
0.851000	-1.548320
0.852000	-1.078590
0.853000	-1.412830
0.854000	-1.774150
0.855000	-1.476060
0.856000	-1.512190
0.857000	-1.864490
0.858000	-1.882540
0.859000	-1.268290
0.860000	-1.132790
0.861000	-1.476060
0.862000	-1.548320
0.863000	-1.250230
0.864000	-1.232160
0.865000	-1.259260
0.866000	-0.843729
0.867000	-0.364968
0.868000	-0.626928
0.869000	-0.807599
0.870000	-0.997298
0.871000	-1.512190
0.872000	-1.719940
0.873000	-1.412830
0.874000	-1.177950
0.875000	-1.467010
0.876000	-1.286360
0.877000	-1.033430
0.878000	-1.448960
0.879000	-1.981910
0.880000	-1.810280
0.881000	-1.747050
0.882000	-2.036110
0.883000	-2.063210
0.884000	-1.503160
0.885000	-0.825655
0.886000	-1.286360
0.887000	-2.189680
0.888000	-2.442610
0.889000	-2.162580
0.890000	-2.063210
0.891000	-1.819310
0.892000	-1.629630
0.893000	-1.683810
0.894000	-1.936750
0.895000	-1.756080
0.896000	-1.683810
0.897000	-1.936750
0.898000	-2.144520
0.899000	-2.243880
0.900000	-2.126450
0.901000	-2.261940
0.902000	-2.207750
0.903000	-1.900620
0.904000	-1.241180
0.905000	-0.934065
0.906000	-1.177950
0.907000	-1.792220
0.908000	-2.252910
0.909000	-2.316140
0.910000	-1.918690
0.911000	-1.304420
0.912000	-0.970195
0.913000	-1.286360
0.914000	-1.683810
0.915000	-1.728990
0.916000	-1.656710
0.917000	-1.819310
0.918000	-1.774150
0.919000	-1.512190
0.920000	-1.367650
0.921000	-1.430880
0.922000	-1.476060
0.923000	-1.593480
0.924000	-1.909640
0.925000	-1.819310
0.926000	-1.530250
0.927000	-1.439930
0.928000	-1.683810
0.929000	-1.900620
0.930000	-1.945770
0.931000	-1.629630
0.932000	-1.512190
0.933000	-1.620580
0.934000	-1.692840
0.935000	-1.719940
0.936000	-1.882540
0.937000	-1.738020
0.938000	-1.421850
0.939000	-1.457990
0.940000	-1.810280
0.941000	-1.909640
0.942000	-1.620580
0.943000	-1.448960
0.944000	-1.683810
0.945000	-1.846410
0.946000	-1.557350
0.947000	-1.322490
0.948000	-1.304420
0.949000	-1.304420
0.950000	-1.349590
0.951000	-1.620580
0.952000	-1.819310
0.953000	-1.774150
0.954000	-1.593480
0.955000	-1.439930
0.956000	-1.277330
0.957000	-1.150870
0.958000	-1.159890
0.959000	-1.196020
0.960000	-1.313460
0.961000	-1.403780
0.962000	-1.485090
0.963000	-1.485090
0.964000	-1.304420
0.965000	-0.961167
0.966000	-0.879860
0.967000	-1.223130
0.968000	-1.412830
0.969000	-1.421850
0.970000	-1.358620
0.971000	-1.313460
0.972000	-1.196020
0.973000	-1.196020
0.974000	-1.250230
0.975000	-1.196020
0.976000	-1.051500
0.977000	-1.051500
0.978000	-1.322490
0.979000	-1.485090
0.980000	-1.476060
0.981000	-1.439930
0.982000	-1.367650
0.983000	-1.259260
0.984000	-1.295390
0.985000	-1.476060
0.986000	-1.439930
0.987000	-1.349590
0.988000	-1.430880
0.989000	-1.629630
0.990000	-1.620580
0.991000	-1.485090
0.992000	-1.448960
0.993000	-1.385720
0.994000	-1.367650
0.995000	-1.512190
0.996000	-1.611550
0.997000	-1.575420
0.998000	-1.548320
0.999000	-1.602530
1.000000	-1.575420
1.001000	-1.593480
1.002000	-1.557350
1.003000	-1.457990
1.004000	-1.448960
1.005000	-1.467010
1.006000	-1.494120
1.007000	-1.457990
1.008000	-1.394750
1.009000	-1.277330
1.010000	-1.358620
1.011000	-1.503160
1.012000	-1.593480
1.013000	-1.494120
1.014000	-1.358620
1.015000	-1.403780
1.016000	-1.503160
1.017000	-1.476060
1.018000	-1.196020
1.019000	-1.223130
1.020000	-1.439930
1.021000	-1.539290
1.022000	-1.430880
1.023000	-1.259260
1.024000	-1.322490
1.025000	-1.430880
1.026000	-1.548320
1.027000	-1.467010
1.028000	-1.304420
1.029000	-1.268290
1.030000	-1.430880
1.031000	-1.521220
1.032000	-1.494120
1.033000	-1.448960
1.034000	-1.467010
1.035000	-1.503160
1.036000	-1.602530
1.037000	-1.629630
1.038000	-1.430880
1.039000	-1.286360
1.040000	-1.494120
1.041000	-1.774150
1.042000	-1.738020
1.043000	-1.521220
1.044000	-1.421850
1.045000	-1.557350
1.046000	-1.539290
1.047000	-1.403780
1.048000	-1.376700
1.049000	-1.385720
1.050000	-1.412830
1.051000	-1.557350
1.052000	-1.629630
1.053000	-1.439930
1.054000	-1.232160
1.055000	-1.322490
1.056000	-1.503160
1.057000	-1.394750
1.058000	-1.223130
1.059000	-1.196020
1.060000	-1.286360
1.061000	-1.349590
1.062000	-1.349590
1.063000	-1.286360
1.064000	-1.141820
1.065000	-1.141820
1.066000	-1.232160
1.067000	-1.250230
1.068000	-1.141820
1.069000	-1.150870
1.070000	-1.295390
1.071000	-1.421850
1.072000	-1.412830
1.073000	-1.322490
1.074000	-1.259260
1.075000	-1.241180
1.076000	-1.295390
1.077000	-1.358620
1.078000	-1.403780
1.079000	-1.457990
1.080000	-1.584450
1.081000	-1.674790
1.082000	-1.566390
1.083000	-1.602530
1.084000	-1.620580
1.085000	-1.665760
1.086000	-1.738020
1.087000	-1.792220
1.088000	-1.846410
1.089000	-1.801250
1.090000	-1.864490
1.091000	-1.927720
1.092000	-1.945770
1.093000	-1.864490
1.094000	-1.963850
1.095000	-2.099340
1.096000	-2.063210
1.097000	-2.027080
1.098000	-2.144520
1.099000	-2.135470
1.100000	-2.018050
1.101000	-2.135470
1.102000	-2.234840
1.103000	-2.135470
1.104000	-2.063210
1.105000	-2.162580
1.106000	-2.234840
1.107000	-2.180650
1.108000	-2.135470
1.109000	-2.207750
1.110000	-2.261940
1.111000	-2.189680
1.112000	-2.198710
1.113000	-2.270970
1.114000	-2.252910
1.115000	-2.135470
1.116000	-2.162580
1.117000	-2.415510
1.118000	-2.370350
1.119000	-2.135470
1.120000	-2.216780
1.121000	-2.415510
1.122000	-2.343250
1.123000	-2.307120
1.124000	-2.352270
1.125000	-2.424540
1.126000	-2.415510
1.127000	-2.415510
1.128000	-2.415510
1.129000	-2.496820
1.130000	-2.442610
1.131000	-2.397430
1.132000	-2.469710
1.133000	-2.496820
1.134000	-2.460670
1.135000	-2.451640
1.136000	-2.541970
1.137000	-2.560030
1.138000	-2.569080
1.139000	-2.587130
1.140000	-2.605210
1.141000	-2.587130
1.142000	-2.496820
1.143000	-2.460670
1.144000	-2.532950
1.145000	-2.650370
1.146000	-2.605210
1.147000	-2.596180
1.148000	-2.587130
1.149000	-2.541970
1.150000	-2.424540
1.151000	-2.496820
1.152000	-2.614240
1.153000	-2.523900
1.154000	-2.469710
1.155000	-2.569080
1.156000	-2.650370
1.157000	-2.460670
1.158000	-2.289040
1.159000	-2.415510
1.160000	-2.587130
1.161000	-2.478740
1.162000	-2.388410
1.163000	-2.424540
1.164000	-2.397430
1.165000	-2.379380
1.166000	-2.379380
1.167000	-2.343250
1.168000	-2.370350
1.169000	-2.343250
1.170000	-2.424540
1.171000	-2.532950
1.172000	-2.478740
1.173000	-2.316140
1.174000	-2.334200
1.175000	-2.478740
1.176000	-2.551000
1.177000	-2.433580
1.178000	-2.451640
1.179000	-2.514870
1.180000	-2.551000
1.181000	-2.532950
1.182000	-2.578100
1.183000	-2.731670
1.184000	-2.605210
1.185000	-2.514870
1.186000	-2.686500
1.187000	-2.858140
1.188000	-2.776830
1.189000	-2.695540
1.190000	-2.713600
1.191000	-2.812960
1.192000	-2.885240
1.193000	-2.849090
1.194000	-2.722640
1.195000	-2.713600
1.196000	-2.993630
1.197000	-3.111070
1.198000	-2.894270
1.199000	-2.767800
1.200000	-2.921370
1.201000	-2.948470
1.202000	-2.840060
1.203000	-2.930400
1.204000	-2.993630
1.205000	-2.822010
1.206000	-2.740700
1.207000	-2.939430
1.208000	-3.002660
1.209000	-2.858140
1.210000	-2.840060
1.211000	-2.966530
1.212000	-3.038790
1.213000	-2.984600
1.214000	-2.930400
1.215000	-2.894270
1.216000	-2.930400
1.217000	-2.903300
1.218000	-2.858140
1.219000	-2.858140
1.220000	-2.921370
1.221000	-2.939430
1.222000	-2.921370
1.223000	-3.002660
1.224000	-3.102020
1.225000	-3.038790
1.226000	-2.930400
1.227000	-2.948470
1.228000	-3.020740
1.229000	-3.020740
1.230000	-3.002660
1.231000	-2.939430
1.232000	-2.523900
1.233000	-2.487770
1.234000	-3.065890
1.235000	-3.526600
1.236000	-3.427220
1.237000	-3.192360
1.238000	-2.975560
1.239000	-2.794910
1.240000	-2.822010
1.241000	-3.111070
1.242000	-3.183330
1.243000	-3.102020
1.244000	-3.192360
1.245000	-3.282700
1.246000	-3.228490
1.247000	-2.966530
1.248000	-2.831040
1.249000	-2.722640
1.250000	-2.776830
1.251000	-2.894270
1.252000	-3.047840
1.253000	-3.111070
1.254000	-3.102020
1.255000	-3.038790
1.256000	-2.849090
1.257000	-2.668440
1.258000	-2.668440
1.259000	-2.713600
1.260000	-2.650370
1.261000	-2.677470
1.262000	-2.822010
1.263000	-2.812960
1.264000	-2.722640
1.265000	-2.668440
1.266000	-2.496820
1.267000	-2.261940
1.268000	-2.225810
1.269000	-2.496820
1.270000	-2.677470
1.271000	-2.541970
1.272000	-2.415510
1.273000	-2.451640
1.274000	-2.442610
1.275000	-2.325170
1.276000	-2.316140
1.277000	-2.334200
1.278000	-2.370350
1.279000	-2.469710
1.280000	-2.578100
1.281000	-2.605210
1.282000	-2.478740
1.283000	-2.379380
1.284000	-2.352270
1.285000	-2.334200
1.286000	-2.361300
1.287000	-2.523900
1.288000	-2.614240
1.289000	-2.596180
1.290000	-2.605210
1.291000	-2.641340
1.292000	-2.650370
1.293000	-2.514870
1.294000	-2.451640
1.295000	-2.478740
1.296000	-2.587130
1.297000	-2.668440
1.298000	-2.650370
1.299000	-2.596180
1.300000	-2.514870
1.301000	-2.514870
1.302000	-2.469710
1.303000	-2.424540
1.304000	-2.451640
1.305000	-2.541970
1.306000	-2.496820
1.307000	-2.478740
1.308000	-2.541970
1.309000	-2.505840
1.310000	-2.334200
1.311000	-2.216780
1.312000	-2.298070
1.313000	-2.316140
1.314000	-2.298070
1.315000	-2.270970
1.316000	-2.352270
1.317000	-2.325170
1.318000	-2.225810
1.319000	-2.216780
1.320000	-2.261940
1.321000	-2.234840
1.322000	-2.171600
1.323000	-2.207750
1.324000	-2.234840
1.325000	-2.243880
1.326000	-2.234840
1.327000	-2.207750
1.328000	-2.180650
1.329000	-2.162580
1.330000	-2.171600
1.331000	-2.216780
1.332000	-2.234840
1.333000	-2.234840
1.334000	-2.298070
1.335000	-2.361300
1.336000	-2.352270
1.337000	-2.243880
1.338000	-2.252910
1.339000	-2.316140
1.340000	-2.325170
1.341000	-2.298070
1.342000	-2.334200
1.343000	-2.415510
1.344000	-2.388410
1.345000	-2.334200
1.346000	-2.352270
1.347000	-2.370350
1.348000	-2.352270
1.349000	-2.379380
1.350000	-2.442610
1.351000	-2.397430
1.352000	-2.388410
1.353000	-2.379380
1.354000	-2.325170
1.355000	-2.289040
1.356000	-2.325170
1.357000	-2.334200
1.358000	-2.261940
1.359000	-2.270970
1.360000	-2.325170
1.361000	-2.334200
1.362000	-2.270970
1.363000	-2.225810
1.364000	-2.198710
1.365000	-2.216780
1.366000	-2.144520
1.367000	-2.054180
1.368000	-2.117420
1.369000	-2.207750
1.370000	-2.153550
1.371000	-2.081290
1.372000	-2.126450
1.373000	-2.135470
1.374000	-2.054180
1.375000	-2.009010
1.376000	-2.036110
1.377000	-2.054180
1.378000	-2.081290
1.379000	-2.072240
1.380000	-2.036110
1.381000	-2.027080
1.382000	-1.981910
1.383000	-1.954820
1.384000	-1.963850
1.385000	-1.990950
1.386000	-1.972880
1.387000	-1.999980
1.388000	-1.981910
1.389000	-1.954820
1.390000	-1.936750
1.391000	-1.954820
1.392000	-1.864490
1.393000	-1.882540
1.394000	-1.900620
1.395000	-1.846410
1.396000	-1.837380
1.397000	-1.864490
1.398000	-1.855460
1.399000	-1.801250
1.400000	-1.756080
1.401000	-1.810280
1.402000	-1.810280
1.403000	-1.674790
1.404000	-1.620580
1.405000	-1.710920
1.406000	-1.719940
1.407000	-1.611550
1.408000	-1.629630
1.409000	-1.674790
1.410000	-1.521220
1.411000	-1.485090
1.412000	-1.530250
1.413000	-1.566390
1.414000	-1.457990
1.415000	-1.421850
1.416000	-1.467010
1.417000	-1.512190
1.418000	-1.476060
1.419000	-1.394750
1.420000	-1.358620
1.421000	-1.421850
1.422000	-1.476060
1.423000	-1.394750
1.424000	-1.385720
1.425000	-1.403780
1.426000	-1.403780
1.427000	-1.340570
1.428000	-1.277330
1.429000	-1.358620
1.430000	-1.349590
1.431000	-1.322490
1.432000	-1.313460
1.433000	-1.421850
1.434000	-1.467010
1.435000	-1.412830
1.436000	-1.376700
1.437000	-1.457990
1.438000	-1.439930
1.439000	-1.385720
1.440000	-1.448960
1.441000	-1.747050
1.442000	-2.018050
1.443000	-2.180650
1.444000	-2.243880
1.445000	-2.144520
1.446000	-1.801250
1.447000	-1.376700
1.448000	-1.250230
1.449000	-1.412830
1.450000	-1.647680
1.451000	-1.801250
1.452000	-1.900620
1.453000	-1.873510
1.454000	-1.747050
1.455000	-1.512190
1.456000	-1.241180
1.457000	-1.078590
1.458000	-1.087630
1.459000	-1.448960
1.460000	-2.036110
1.461000	-2.361300
1.462000	-2.280010
1.463000	-1.792220
1.464000	-1.358620
1.465000	-1.232160
1.466000	-1.376700
1.467000	-1.485090
1.468000	-1.620580
1.469000	-1.828350
1.470000	-1.936750
1.471000	-1.846410
1.472000	-1.539290
1.473000	-1.232160
1.474000	-0.979223
1.475000	-1.087630
1.476000	-1.467010
1.477000	-1.972880
1.478000	-2.189680
1.479000	-2.126450
1.480000	-2.072240
1.481000	-2.108370
1.482000	-2.081290
1.483000	-2.054180
1.484000	-2.090310
1.485000	-2.225810
1.486000	-2.261940
1.487000	-2.171600
1.488000	-2.063210
1.489000	-1.900620
1.490000	-1.674790
1.491000	-1.494120
1.492000	-1.503160
1.493000	-1.593480
1.494000	-1.557350
1.495000	-1.557350
1.496000	-1.756080
1.497000	-1.828350
1.498000	-1.683810
1.499000	-1.638660
1.500000	-1.692840
1.501000	-1.665760
1.502000	-1.566390
1.503000	-1.602530
1.504000	-1.665760
1.505000	-1.783180
1.506000	-1.710920
1.507000	-1.575420
1.508000	-1.467010
1.509000	-1.448960
1.510000	-1.376700
1.511000	-1.331520
1.512000	-1.340570
1.513000	-1.340570
1.514000	-1.295390
1.515000	-1.232160
1.516000	-1.241180
1.517000	-1.232160
1.518000	-1.177950
1.519000	-1.159890
1.520000	-1.187000
1.521000	-1.232160
1.522000	-1.295390
1.523000	-1.259260
1.524000	-1.268290
1.525000	-1.358620
1.526000	-1.358620
1.527000	-1.304420
1.528000	-1.313460
1.529000	-1.295390
1.530000	-1.214100
1.531000	-1.205050
1.532000	-1.241180
1.533000	-1.277330
1.534000	-1.268290
1.535000	-1.268290
1.536000	-1.322490
1.537000	-1.322490
1.538000	-1.286360
1.539000	-1.214100
1.540000	-1.177950
1.541000	-1.232160
1.542000	-1.304420
1.543000	-1.322490
1.544000	-1.358620
1.545000	-1.349590
1.546000	-1.259260
1.547000	-1.159890
1.548000	-1.205050
1.549000	-1.268290
1.550000	-1.250230
1.551000	-1.168920
1.552000	-1.214100
1.553000	-1.304420
1.554000	-1.322490
1.555000	-1.259260
1.556000	-1.250230
1.557000	-1.259260
1.558000	-1.241180
1.559000	-1.223130
1.560000	-1.214100
1.561000	-1.187000
1.562000	-1.114720
1.563000	-1.078590
1.564000	-1.105690
1.565000	-1.141820
1.566000	-1.150870
1.567000	-1.141820
1.568000	-1.105690
1.569000	-1.105690
1.570000	-1.087630
1.571000	-1.069560
1.572000	-1.078590
1.573000	-1.069560
1.574000	-1.078590
1.575000	-1.123760
1.576000	-1.177950
1.577000	-1.187000
1.578000	-1.159890
1.579000	-1.150870
1.580000	-1.196020
1.581000	-1.232160
1.582000	-1.223130
1.583000	-1.250230
1.584000	-1.286360
1.585000	-1.277330
1.586000	-1.250230
1.587000	-1.232160
1.588000	-1.177950
1.589000	-1.096660
1.590000	-1.042460
1.591000	-1.087630
1.592000	-1.096660
1.593000	-1.123760
1.594000	-1.150870
1.595000	-1.177950
1.596000	-1.187000
1.597000	-1.159890
1.598000	-1.159890
1.599000	-1.168920
1.600000	-1.159890
1.601000	-1.168920
1.602000	-1.177950
1.603000	-1.187000
1.604000	-1.187000
1.605000	-1.159890
1.606000	-1.132790
1.607000	-1.105690
1.608000	-1.069560
1.609000	-1.078590
1.610000	-1.051500
1.611000	-1.033430
1.612000	-0.997298
1.613000	-0.979223
1.614000	-0.979223
1.615000	-0.997298
1.616000	-0.934065
1.617000	-0.925037
1.618000	-0.925037
1.619000	-0.888888
1.620000	-0.861804
1.621000	-0.870832
1.622000	-0.906962
1.623000	-0.888888
1.624000	-0.888888
1.625000	-0.906962
1.626000	-0.906962
1.627000	-0.879860
1.628000	-0.843729
1.629000	-0.816627
1.630000	-0.807599
1.631000	-0.816627
1.632000	-0.825655
1.633000	-0.870832
1.634000	-0.879860
1.635000	-0.897934
1.636000	-0.915990
1.637000	-0.943093
1.638000	-0.934065
1.639000	-0.879860
1.640000	-0.906962
1.641000	-0.925037
1.642000	-0.915990
1.643000	-0.934065
1.644000	-0.915990
1.645000	-0.906962
1.646000	-0.925037
1.647000	-0.925037
1.648000	-0.934065
1.649000	-0.979223
1.650000	-0.970195
1.651000	-0.943093
1.652000	-0.970195
1.653000	-1.015350
1.654000	-1.006330
1.655000	-0.970195
1.656000	-0.970195
1.657000	-0.970195
1.658000	-0.970195
1.659000	-0.934065
1.660000	-0.897934
1.661000	-0.888888
1.662000	-0.888888
1.663000	-0.861804
1.664000	-0.861804
1.665000	-0.888888
1.666000	-0.870832
1.667000	-0.843729
1.668000	-0.834701
1.669000	-0.834701
1.670000	-0.771468
1.671000	-0.753394
1.672000	-0.726291
1.673000	-0.735338
1.674000	-0.744366
1.675000	-0.744366
1.676000	-0.708235
1.677000	-0.726291
1.678000	-0.780496
1.679000	-0.726291
1.680000	-0.717263
1.681000	-0.753394
1.682000	-0.753394
1.683000	-0.726291
1.684000	-0.762440
1.685000	-0.771468
1.686000	-0.771468
1.687000	-0.771468
1.688000	-0.798571
1.689000	-0.825655
1.690000	-0.816627
1.691000	-0.816627
1.692000	-0.834701
1.693000	-0.897934
1.694000	-0.906962
1.695000	-0.915990
1.696000	-0.979223
1.697000	-1.024400
1.698000	-1.015350
1.699000	-1.015350
1.700000	-1.051500
1.701000	-1.096660
1.702000	-1.078590
1.703000	-1.051500
1.704000	-1.114720
1.705000	-1.187000
1.706000	-1.177950
1.707000	-1.150870
1.708000	-1.150870
1.709000	-1.159890
1.710000	-1.177950
1.711000	-1.168920
1.712000	-1.177950
1.713000	-1.187000
1.714000	-1.168920
1.715000	-1.187000
1.716000	-1.223130
1.717000	-1.159890
1.718000	-1.105690
1.719000	-1.123760
1.720000	-1.196020
1.721000	-1.241180
1.722000	-1.232160
1.723000	-1.187000
1.724000	-1.196020
1.725000	-1.250230
1.726000	-1.259260
1.727000	-1.187000
1.728000	-1.159890
1.729000	-1.232160
1.730000	-1.241180
1.731000	-1.214100
1.732000	-1.196020
1.733000	-1.232160
1.734000	-1.241180
1.735000	-1.268290
1.736000	-1.286360
1.737000	-1.304420
1.738000	-1.286360
1.739000	-1.331520
1.740000	-1.331520
1.741000	-1.349590
1.742000	-1.349590
1.743000	-1.385720
1.744000	-1.385720
1.745000	-1.394750
1.746000	-1.412830
1.747000	-1.430880
1.748000	-1.385720
1.749000	-1.385720
1.750000	-1.448960
1.751000	-1.448960
1.752000	-1.430880
1.753000	-1.439930
1.754000	-1.457990
1.755000	-1.412830
1.756000	-1.358620
1.757000	-1.412830
1.758000	-1.412830
1.759000	-1.358620
1.760000	-1.358620
1.761000	-1.367650
1.762000	-1.331520
1.763000	-1.295390
1.764000	-1.286360
1.765000	-1.286360
1.766000	-1.223130
1.767000	-1.177950
1.768000	-1.223130
1.769000	-1.196020
1.770000	-1.150870
1.771000	-1.132790
1.772000	-1.123760
1.773000	-1.060530
1.774000	-1.042460
1.775000	-1.069560
1.776000	-1.015350
1.777000	-0.970195
1.778000	-0.979223
1.779000	-0.997298
1.780000	-0.997298
1.781000	-0.979223
1.782000	-0.970195
1.783000	-0.952121
1.784000	-0.970195
1.785000	-0.961167
1.786000	-0.934065
1.787000	-0.897934
1.788000	-0.915990
1.789000	-0.915990
1.790000	-0.915990
1.791000	-0.906962
1.792000	-0.888888
1.793000	-0.897934
1.794000	-0.925037
1.795000	-0.906962
1.796000	-0.888888
1.797000	-0.897934
1.798000	-0.943093
1.799000	-0.915990
1.800000	-0.879860
1.801000	-0.915990
1.802000	-0.934065
1.803000	-0.915990
1.804000	-0.906962
1.805000	-0.943093
1.806000	-0.934065
1.807000	-0.906962
1.808000	-0.906962
1.809000	-0.897934
1.810000	-0.897934
1.811000	-0.897934
1.812000	-0.925037
1.813000	-0.906962
1.814000	-0.915990
1.815000	-0.906962
1.816000	-0.906962
1.817000	-0.906962
1.818000	-0.897934
1.819000	-0.888888
1.820000	-0.852757
1.821000	-0.870832
1.822000	-0.906962
1.823000	-0.906962
1.824000	-0.843729
1.825000	-0.870832
1.826000	-0.925037
1.827000	-0.888888
1.828000	-0.834701
1.829000	-0.870832
1.830000	-0.906962
1.831000	-0.852757
1.832000	-0.807599
1.833000	-0.888888
1.834000	-0.952121
1.835000	-0.906962
1.836000	-0.915990
1.837000	-0.979223
1.838000	-1.006330
1.839000	-0.961167
1.840000	-0.979223
1.841000	-1.051500
1.842000	-1.042460
1.843000	-1.006330
1.844000	-1.069560
1.845000	-1.114720
1.846000	-1.096660
1.847000	-1.069560
1.848000	-1.132790
1.849000	-1.187000
1.850000	-1.159890
1.851000	-1.187000
1.852000	-1.250230
1.853000	-1.223130
1.854000	-1.223130
1.855000	-1.259260
1.856000	-1.250230
1.857000	-1.214100
1.858000	-1.232160
1.859000	-1.286360
1.860000	-1.268290
1.861000	-1.214100
1.862000	-1.232160
1.863000	-1.277330
1.864000	-1.286360
1.865000	-1.241180
1.866000	-1.214100
1.867000	-1.286360
1.868000	-1.286360
1.869000	-1.259260
1.870000	-1.205050
1.871000	-1.232160
1.872000	-1.250230
1.873000	-1.232160
1.874000	-1.232160
1.875000	-1.250230
1.876000	-1.232160
1.877000	-1.214100
1.878000	-1.232160
1.879000	-1.205050
1.880000	-1.205050
1.881000	-1.223130
1.882000	-1.196020
1.883000	-1.196020
1.884000	-1.196020
1.885000	-1.187000
1.886000	-1.187000
1.887000	-1.187000
1.888000	-1.177950
1.889000	-1.187000
1.890000	-1.196020
1.891000	-1.196020
1.892000	-1.187000
1.893000	-1.187000
1.894000	-1.168920
1.895000	-1.177950
1.896000	-1.177950
1.897000	-1.150870
1.898000	-1.132790
1.899000	-1.159890
1.900000	-1.159890
1.901000	-1.150870
1.902000	-1.159890
1.903000	-1.123760
1.904000	-1.141820
1.905000	-1.168920
1.906000	-1.141820
1.907000	-1.132790
1.908000	-1.141820
1.909000	-1.141820
1.910000	-1.114720
1.911000	-1.105690
1.912000	-1.087630
1.913000	-1.060530
1.914000	-1.051500
1.915000	-1.051500
1.916000	-1.033430
1.917000	-1.024400
1.918000	-1.006330
1.919000	-1.015350
1.920000	-1.006330
1.921000	-1.006330
1.922000	-0.988270
1.923000	-0.961167
1.924000	-0.952121
1.925000	-0.970195
1.926000	-0.934065
1.927000	-0.888888
1.928000	-0.888888
1.929000	-0.897934
1.930000	-0.879860
1.931000	-0.861804
1.932000	-0.852757
1.933000	-0.888888
1.934000	-0.888888
1.935000	-0.834701
1.936000	-0.852757
1.937000	-0.879860
1.938000	-0.843729
1.939000	-0.816627
1.940000	-0.843729
1.941000	-0.843729
1.942000	-0.843729
1.943000	-0.843729
1.944000	-0.843729
1.945000	-0.843729
1.946000	-0.843729
1.947000	-0.861804
1.948000	-0.843729
1.949000	-0.852757
1.950000	-0.852757
1.951000	-0.852757
1.952000	-0.852757
1.953000	-0.861804
1.954000	-0.843729
1.955000	-0.861804
1.956000	-0.861804
1.957000	-0.870832
1.958000	-0.861804
1.959000	-0.879860
1.960000	-0.879860
1.961000	-0.870832
1.962000	-0.879860
1.963000	-0.879860
1.964000	-0.897934
1.965000	-0.888888
1.966000	-0.897934
1.967000	-0.879860
1.968000	-0.897934
1.969000	-0.906962
1.970000	-0.897934
1.971000	-0.906962
1.972000	-0.915990
1.973000	-0.934065
1.974000	-0.943093
1.975000	-0.952121
1.976000	-0.925037
1.977000	-0.934065
1.978000	-0.925037
1.979000	-0.934065
1.980000	-0.952121
1.981000	-0.961167
1.982000	-0.934065
1.983000	-0.943093
1.984000	-0.970195
1.985000	-0.979223
1.986000	-0.961167
1.987000	-0.943093
1.988000	-0.979223
1.989000	-0.988270
1.990000	-0.961167
1.991000	-0.961167
1.992000	-0.979223
1.993000	-0.961167
1.994000	-0.961167
1.995000	-0.988270
1.996000	-0.979223
1.997000	-0.925037
1.998000	-0.952121
1.999000	-0.997298
2.000000	-0.988270
2.001000	-0.943093
2.002000	-0.943093
2.003000	-0.997298
2.004000	-0.997298
2.005000	-0.952121
2.006000	-0.952121
2.007000	-0.979223
2.008000	-0.970195
2.009000	-0.934065
2.010000	-0.943093
2.011000	-0.961167
2.012000	-0.934065
2.013000	-0.906962
2.014000	-0.934065
2.015000	-0.943093
2.016000	-0.934065
2.017000	-0.915990
2.018000	-0.934065
2.019000	-0.943093
2.020000	-0.934065
2.021000	-0.934065
2.022000	-0.906962
2.023000	-0.915990
2.024000	-0.897934
2.025000	-0.915990
2.026000	-0.906962
2.027000	-0.897934
2.028000	-0.888888
2.029000	-0.906962
2.030000	-0.888888
2.031000	-0.870832
2.032000	-0.861804
2.033000	-0.870832
2.034000	-0.879860
2.035000	-0.861804
2.036000	-0.843729
2.037000	-0.834701
2.038000	-0.861804
2.039000	-0.861804
2.040000	-0.843729
2.041000	-0.834701
2.042000	-0.834701
2.043000	-0.843729
2.044000	-0.834701
2.045000	-0.825655
2.046000	-0.816627
2.047000	-0.807599
2.048000	-0.807599
2.049000	-0.807599
2.050000	-0.816627
2.051000	-0.789524
2.052000	-0.762440
2.053000	-0.762440
2.054000	-0.771468
2.055000	-0.762440
2.056000	-0.753394
2.057000	-0.735338
2.058000	-0.735338
2.059000	-0.744366
2.060000	-0.735338
2.061000	-0.726291
2.062000	-0.699207
2.063000	-0.681133
2.064000	-0.699207
2.065000	-0.708235
2.066000	-0.663058
2.067000	-0.635974
2.068000	-0.663058
2.069000	-0.672105
2.070000	-0.654030
2.071000	-0.635974
2.072000	-0.654030
2.073000	-0.681133
2.074000	-0.663058
2.075000	-0.635974
2.076000	-0.635974
2.077000	-0.663058
2.078000	-0.645002
2.079000	-0.626928
2.080000	-0.645002
2.081000	-0.654030
2.082000	-0.663058
2.083000	-0.645002
2.084000	-0.663058
2.085000	-0.672105
2.086000	-0.663058
2.087000	-0.663058
2.088000	-0.663058
2.089000	-0.681133
2.090000	-0.681133
2.091000	-0.681133
2.092000	-0.681133
2.093000	-0.681133
2.094000	-0.681133
2.095000	-0.681133
2.096000	-0.672105
2.097000	-0.690161
2.098000	-0.690161
2.099000	-0.690161
2.100000	-0.681133
2.101000	-0.681133
2.102000	-0.699207
2.103000	-0.708235
2.104000	-0.708235
2.105000	-0.708235
2.106000	-0.690161
2.107000	-0.708235
2.108000	-0.699207
2.109000	-0.663058
2.110000	-0.681133
2.111000	-0.690161
2.112000	-0.699207
2.113000	-0.690161
2.114000	-0.690161
2.115000	-0.699207
2.116000	-0.708235
2.117000	-0.708235
2.118000	-0.708235
2.119000	-0.708235
2.120000	-0.681133
2.121000	-0.699207
2.122000	-0.708235
2.123000	-0.699207
2.124000	-0.690161
2.125000	-0.699207
2.126000	-0.690161
2.127000	-0.690161
2.128000	-0.708235
2.129000	-0.726291
2.130000	-0.708235
2.131000	-0.717263
2.132000	-0.735338
2.133000	-0.744366
2.134000	-0.744366
2.135000	-0.735338
2.136000	-0.744366
2.137000	-0.762440
2.138000	-0.753394
2.139000	-0.744366
2.140000	-0.753394
2.141000	-0.762440
2.142000	-0.771468
2.143000	-0.762440
2.144000	-0.771468
2.145000	-0.771468
2.146000	-0.762440
2.147000	-0.771468
2.148000	-0.789524
2.149000	-0.762440
2.150000	-0.762440
2.151000	-0.753394
2.152000	-0.762440
2.153000	-0.753394
2.154000	-0.744366
2.155000	-0.744366
2.156000	-0.744366
2.157000	-0.744366
2.158000	-0.753394
2.159000	-0.726291
2.160000	-0.708235
2.161000	-0.708235
2.162000	-0.717263
2.163000	-0.717263
2.164000	-0.672105
2.165000	-0.645002
2.166000	-0.672105
2.167000	-0.663058
2.168000	-0.654030
2.169000	-0.654030
2.170000	-0.654030
2.171000	-0.645002
2.172000	-0.617900
2.173000	-0.635974
2.174000	-0.645002
2.175000	-0.626928
2.176000	-0.608872
2.177000	-0.608872
2.178000	-0.608872
2.179000	-0.608872
2.180000	-0.599825
2.181000	-0.599825
2.182000	-0.590798
2.183000	-0.572742
2.184000	-0.590798
2.185000	-0.590798
2.186000	-0.590798
2.187000	-0.581770
2.188000	-0.590798
2.189000	-0.599825
2.190000	-0.581770
2.191000	-0.572742
2.192000	-0.563695
2.193000	-0.581770
2.194000	-0.572742
2.195000	-0.554667
2.196000	-0.563695
2.197000	-0.572742
2.198000	-0.563695
2.199000	-0.554667
2.200000	-0.554667
2.201000	-0.581770
2.202000	-0.563695
2.203000	-0.554667
2.204000	-0.572742
2.205000	-0.581770
2.206000	-0.563695
2.207000	-0.554667
2.208000	-0.563695
2.209000	-0.572742
2.210000	-0.563695
2.211000	-0.554667
2.212000	-0.563695
2.213000	-0.563695
2.214000	-0.554667
2.215000	-0.536592
2.216000	-0.527564
2.217000	-0.527564
2.218000	-0.536592
2.219000	-0.536592
2.220000	-0.527564
2.221000	-0.527564
2.222000	-0.527564
2.223000	-0.509508
2.224000	-0.527564
2.225000	-0.509508
2.226000	-0.500462
2.227000	-0.500462
2.228000	-0.500462
2.229000	-0.491434
2.230000	-0.491434
2.231000	-0.482406
2.232000	-0.500462
2.233000	-0.500462
2.234000	-0.500462
2.235000	-0.491434
2.236000	-0.500462
2.237000	-0.509508
2.238000	-0.500462
2.239000	-0.500462
2.240000	-0.500462
2.241000	-0.500462
2.242000	-0.491434
2.243000	-0.491434
2.244000	-0.509508
2.245000	-0.500462
2.246000	-0.518536
2.247000	-0.509508
2.248000	-0.518536
2.249000	-0.518536
2.250000	-0.527564
2.251000	-0.527564
2.252000	-0.509508
2.253000	-0.500462
2.254000	-0.518536
2.255000	-0.518536
2.256000	-0.518536
2.257000	-0.518536
2.258000	-0.518536
2.259000	-0.527564
2.260000	-0.527564
2.261000	-0.518536
2.262000	-0.527564
2.263000	-0.536592
2.264000	-0.509508
2.265000	-0.509508
2.266000	-0.518536
2.267000	-0.518536
2.268000	-0.527564
2.269000	-0.518536
2.270000	-0.518536
2.271000	-0.536592
2.272000	-0.545639
2.273000	-0.554667
2.274000	-0.545639
2.275000	-0.554667
2.276000	-0.536592
2.277000	-0.536592
2.278000	-0.554667
2.279000	-0.554667
2.280000	-0.563695
2.281000	-0.536592
2.282000	-0.554667
2.283000	-0.545639
2.284000	-0.554667
2.285000	-0.545639
2.286000	-0.554667
2.287000	-0.554667
2.288000	-0.563695
2.289000	-0.572742
2.290000	-0.581770
2.291000	-0.572742
2.292000	-0.572742
2.293000	-0.572742
2.294000	-0.563695
2.295000	-0.563695
2.296000	-0.563695
2.297000	-0.563695
2.298000	-0.563695
2.299000	-0.554667
2.300000	-0.563695
2.301000	-0.572742
2.302000	-0.563695
2.303000	-0.563695
2.304000	-0.572742
2.305000	-0.581770
2.306000	-0.563695
2.307000	-0.554667
2.308000	-0.563695
2.309000	-0.554667
2.310000	-0.563695
2.311000	-0.554667
2.312000	-0.545639
2.313000	-0.545639
2.314000	-0.527564
2.315000	-0.536592
2.316000	-0.536592
2.317000	-0.536592
2.318000	-0.536592
2.319000	-0.536592
2.320000	-0.545639
2.321000	-0.545639
2.322000	-0.536592
2.323000	-0.536592
2.324000	-0.527564
2.325000	-0.536592
2.326000	-0.527564
2.327000	-0.527564
2.328000	-0.536592
2.329000	-0.536592
2.330000	-0.527564
2.331000	-0.527564
2.332000	-0.527564
2.333000	-0.536592
2.334000	-0.545639
2.335000	-0.536592
2.336000	-0.545639
2.337000	-0.554667
2.338000	-0.554667
2.339000	-0.545639
2.340000	-0.545639
2.341000	-0.554667
2.342000	-0.545639
2.343000	-0.554667
2.344000	-0.536592
2.345000	-0.545639
2.346000	-0.545639
2.347000	-0.554667
2.348000	-0.545639
2.349000	-0.545639
2.350000	-0.536592
2.351000	-0.545639
2.352000	-0.527564
2.353000	-0.536592
2.354000	-0.527564
2.355000	-0.536592
2.356000	-0.518536
2.357000	-0.527564
2.358000	-0.518536
2.359000	-0.509508
2.360000	-0.500462
2.361000	-0.500462
2.362000	-0.491434
2.363000	-0.491434
2.364000	-0.491434
2.365000	-0.482406
2.366000	-0.482406
2.367000	-0.482406
2.368000	-0.464331
2.369000	-0.464331
2.370000	-0.446275
2.371000	-0.473378
2.372000	-0.455303
2.373000	-0.464331
2.374000	-0.455303
2.375000	-0.455303
2.376000	-0.455303
2.377000	-0.455303
2.378000	-0.437229
2.379000	-0.446275
2.380000	-0.455303
2.381000	-0.455303
2.382000	-0.437229
2.383000	-0.437229
2.384000	-0.455303
2.385000	-0.455303
2.386000	-0.446275
2.387000	-0.446275
2.388000	-0.446275
2.389000	-0.446275
2.390000	-0.455303
2.391000	-0.464331
2.392000	-0.455303
2.393000	-0.455303
2.394000	-0.455303
2.395000	-0.446275
2.396000	-0.446275
2.397000	-0.446275
2.398000	-0.455303
2.399000	-0.446275
2.400000	-0.446275
2.401000	-0.437229
2.402000	-0.446275
2.403000	-0.446275
2.404000	-0.437229
2.405000	-0.428201
2.406000	-0.428201
2.407000	-0.428201
2.408000	-0.428201
2.409000	-0.437229
2.410000	-0.428201
2.411000	-0.428201
2.412000	-0.428201
2.413000	-0.419173
2.414000	-0.419173
2.415000	-0.419173
2.416000	-0.410145
2.417000	-0.419173
2.418000	-0.419173
2.419000	-0.419173
2.420000	-0.419173
2.421000	-0.419173
2.422000	-0.419173
2.423000	-0.410145
2.424000	-0.401098
2.425000	-0.410145
2.426000	-0.410145
2.427000	-0.419173
2.428000	-0.419173
2.429000	-0.410145
2.430000	-0.428201
2.431000	-0.419173
2.432000	-0.419173
2.433000	-0.419173
2.434000	-0.419173
2.435000	-0.419173
2.436000	-0.419173
2.437000	-0.419173
2.438000	-0.437229
2.439000	-0.437229
2.440000	-0.437229
2.441000	-0.428201
2.442000	-0.437229
2.443000	-0.437229
2.444000	-0.419173
2.445000	-0.428201
2.446000	-0.437229
2.447000	-0.446275
2.448000	-0.446275
2.449000	-0.437229
2.450000	-0.419173
2.451000	-0.437229
2.452000	-0.428201
2.453000	-0.437229
2.454000	-0.437229
2.455000	-0.437229
2.456000	-0.437229
2.457000	-0.437229
2.458000	-0.437229
2.459000	-0.428201
2.460000	-0.428201
2.461000	-0.419173
2.462000	-0.428201
2.463000	-0.419173
2.464000	-0.419173
2.465000	-0.410145
2.466000	-0.419173
2.467000	-0.401098
2.468000	-0.419173
2.469000	-0.419173
2.470000	-0.410145
2.471000	-0.419173
2.472000	-0.410145
2.473000	-0.419173
2.474000	-0.419173
2.475000	-0.419173
2.476000	-0.428201
2.477000	-0.419173
2.478000	-0.419173
2.479000	-0.419173
2.480000	-0.419173
2.481000	-0.419173
2.482000	-0.419173
2.483000	-0.428201
2.484000	-0.437229
2.485000	-0.437229
2.486000	-0.428201
2.487000	-0.437229
2.488000	-0.428201
2.489000	-0.437229
2.490000	-0.437229
2.491000	-0.437229
2.492000	-0.446275
2.493000	-0.455303
2.494000	-0.446275
2.495000	-0.446275
2.496000	-0.446275
2.497000	-0.437229
2.498000	-0.437229
2.499000	-0.437229
2.500000	-0.455303
2.501000	-0.437229
2.502000	-0.455303
2.503000	-0.446275
2.504000	-0.446275
2.505000	-0.455303
2.506000	-0.437229
2.507000	-0.437229
2.508000	-0.446275
2.509000	-0.446275
2.510000	-0.446275
2.511000	-0.446275
2.512000	-0.437229
2.513000	-0.428201
2.514000	-0.410145
2.515000	-0.428201
2.516000	-0.419173
2.517000	-0.419173
2.518000	-0.419173
2.519000	-0.419173
2.520000	-0.419173
2.521000	-0.410145
2.522000	-0.428201
2.523000	-0.419173
2.524000	-0.419173
2.525000	-0.401098
2.526000	-0.410145
2.527000	-0.401098
2.528000	-0.401098
2.529000	-0.410145
2.530000	-0.401098
2.531000	-0.401098
2.532000	-0.410145
2.533000	-0.410145
2.534000	-0.401098
2.535000	-0.401098
2.536000	-0.401098
2.537000	-0.410145
2.538000	-0.410145
2.539000	-0.410145
2.540000	-0.419173
2.541000	-0.410145
2.542000	-0.419173
2.543000	-0.419173
2.544000	-0.410145
2.545000	-0.410145
2.546000	-0.401098
2.547000	-0.410145
2.548000	-0.419173
2.549000	-0.410145
2.550000	-0.401098
2.551000	-0.401098
2.552000	-0.419173
2.553000	-0.410145
2.554000	-0.392070
2.555000	-0.410145
2.556000	-0.401098
2.557000	-0.392070
2.558000	-0.392070
2.559000	-0.392070
2.560000	-0.392070
2.561000	-0.383042
2.562000	-0.373996
2.563000	-0.383042
2.564000	-0.364968
2.565000	-0.373996
2.566000	-0.364968
2.567000	-0.355940
2.568000	-0.355940
2.569000	-0.364968
2.570000	-0.364968
2.571000	-0.364968
2.572000	-0.355940
2.573000	-0.346912
2.574000	-0.355940
2.575000	-0.346912
2.576000	-0.346912
2.577000	-0.355940
2.578000	-0.346912
2.579000	-0.346912
2.580000	-0.346912
2.581000	-0.337865
2.582000	-0.346912
2.583000	-0.319809
2.584000	-0.328837
2.585000	-0.337865
2.586000	-0.337865
2.587000	-0.337865
2.588000	-0.346912
2.589000	-0.337865
2.590000	-0.328837
2.591000	-0.346912
2.592000	-0.328837
2.593000	-0.337865
2.594000	-0.346912
2.595000	-0.346912
2.596000	-0.337865
2.597000	-0.337865
2.598000	-0.337865
2.599000	-0.337865
2.600000	-0.337865
2.601000	-0.328837
2.602000	-0.319809
2.603000	-0.328837
2.604000	-0.337865
2.605000	-0.337865
2.606000	-0.346912
2.607000	-0.346912
2.608000	-0.328837
2.609000	-0.328837
2.610000	-0.319809
2.611000	-0.328837
2.612000	-0.319809
2.613000	-0.310763
2.614000	-0.319809
2.615000	-0.319809
2.616000	-0.310763
2.617000	-0.301735
2.618000	-0.301735
2.619000	-0.310763
2.620000	-0.301735
2.621000	-0.292707
2.622000	-0.310763
2.623000	-0.292707
2.624000	-0.292707
2.625000	-0.310763
2.626000	-0.292707
2.627000	-0.292707
2.628000	-0.283679
2.629000	-0.283679
2.630000	-0.283679
2.631000	-0.292707
2.632000	-0.283679
2.633000	-0.292707
2.634000	-0.292707
2.635000	-0.301735
2.636000	-0.301735
2.637000	-0.301735
2.638000	-0.283679
2.639000	-0.292707
2.640000	-0.310763
2.641000	-0.310763
2.642000	-0.310763
2.643000	-0.301735
2.644000	-0.301735
2.645000	-0.310763
2.646000	-0.310763
2.647000	-0.310763
2.648000	-0.310763
2.649000	-0.301735
2.650000	-0.319809
2.651000	-0.328837
2.652000	-0.328837
2.653000	-0.319809
2.654000	-0.319809
2.655000	-0.310763
2.656000	-0.319809
2.657000	-0.319809
2.658000	-0.319809
2.659000	-0.310763
2.660000	-0.310763
2.661000	-0.310763
2.662000	-0.319809
2.663000	-0.310763
2.664000	-0.310763
2.665000	-0.301735
2.666000	-0.301735
2.667000	-0.301735
2.668000	-0.310763
2.669000	-0.310763
2.670000	-0.310763
2.671000	-0.301735
2.672000	-0.310763
2.673000	-0.310763
2.674000	-0.301735
2.675000	-0.301735
2.676000	-0.292707
2.677000	-0.283679
2.678000	-0.301735
2.679000	-0.301735
2.680000	-0.301735
2.681000	-0.301735
2.682000	-0.301735
2.683000	-0.292707
2.684000	-0.292707
2.685000	-0.301735
2.686000	-0.301735
2.687000	-0.292707
2.688000	-0.310763
2.689000	-0.301735
2.690000	-0.301735
2.691000	-0.310763
2.692000	-0.301735
2.693000	-0.301735
2.694000	-0.301735
2.695000	-0.301735
2.696000	-0.310763
2.697000	-0.310763
2.698000	-0.310763
2.699000	-0.319809
2.700000	-0.310763
2.701000	-0.319809
2.702000	-0.319809
2.703000	-0.328837
2.704000	-0.319809
2.705000	-0.328837
2.706000	-0.328837
2.707000	-0.328837
2.708000	-0.328837
2.709000	-0.328837
2.710000	-0.328837
2.711000	-0.328837
2.712000	-0.319809
2.713000	-0.328837
2.714000	-0.310763
2.715000	-0.319809
2.716000	-0.328837
2.717000	-0.328837
2.718000	-0.319809
2.719000	-0.328837
2.720000	-0.319809
2.721000	-0.319809
2.722000	-0.319809
2.723000	-0.319809
2.724000	-0.301735
2.725000	-0.319809
2.726000	-0.310763
2.727000	-0.319809
2.728000	-0.328837
2.729000	-0.328837
2.730000	-0.301735
2.731000	-0.310763
2.732000	-0.310763
2.733000	-0.319809
2.734000	-0.310763
2.735000	-0.310763
2.736000	-0.301735
2.737000	-0.310763
2.738000	-0.310763
2.739000	-0.310763
2.740000	-0.310763
2.741000	-0.310763
2.742000	-0.310763
2.743000	-0.319809
2.744000	-0.319809
2.745000	-0.319809
2.746000	-0.328837
2.747000	-0.319809
2.748000	-0.310763
2.749000	-0.319809
2.750000	-0.310763
2.751000	-0.301735
2.752000	-0.310763
2.753000	-0.319809
2.754000	-0.328837
2.755000	-0.328837
2.756000	-0.328837
2.757000	-0.310763
2.758000	-0.310763
2.759000	-0.310763
2.760000	-0.301735
2.761000	-0.310763
2.762000	-0.310763
2.763000	-0.310763
2.764000	-0.310763
2.765000	-0.292707
2.766000	-0.310763
2.767000	-0.301735
2.768000	-0.301735
2.769000	-0.283679
2.770000	-0.301735
2.771000	-0.301735
2.772000	-0.301735
2.773000	-0.301735
2.774000	-0.292707
2.775000	-0.274632
2.776000	-0.292707
2.777000	-0.283679
2.778000	-0.283679
2.779000	-0.265604
2.780000	-0.283679
2.781000	-0.283679
2.782000	-0.283679
2.783000	-0.283679
2.784000	-0.283679
2.785000	-0.274632
2.786000	-0.265604
2.787000	-0.274632
2.788000	-0.265604
2.789000	-0.274632
2.790000	-0.265604
2.791000	-0.274632
2.792000	-0.274632
2.793000	-0.265604
2.794000	-0.265604
2.795000	-0.265604
2.796000	-0.265604
2.797000	-0.256576
2.798000	-0.274632
2.799000	-0.274632
2.800000	-0.274632
2.801000	-0.265604
2.802000	-0.274632
2.803000	-0.274632
2.804000	-0.274632
2.805000	-0.265604
2.806000	-0.274632
2.807000	-0.274632
2.808000	-0.283679
2.809000	-0.283679
2.810000	-0.265604
2.811000	-0.283679
2.812000	-0.274632
2.813000	-0.265604
2.814000	-0.274632
2.815000	-0.265604
2.816000	-0.274632
2.817000	-0.265604
2.818000	-0.274632
2.819000	-0.265604
2.820000	-0.274632
2.821000	-0.274632
2.822000	-0.274632
2.823000	-0.265604
2.824000	-0.265604
2.825000	-0.256576
2.826000	-0.265604
2.827000	-0.265604
2.828000	-0.274632
2.829000	-0.256576
2.830000	-0.274632
2.831000	-0.247530
2.832000	-0.265604
2.833000	-0.265604
2.834000	-0.265604
2.835000	-0.256576
2.836000	-0.247530
2.837000	-0.256576
2.838000	-0.265604
2.839000	-0.274632
2.840000	-0.265604
2.841000	-0.274632
2.842000	-0.265604
2.843000	-0.256576
2.844000	-0.265604
2.845000	-0.274632
2.846000	-0.274632
2.847000	-0.265604
2.848000	-0.256576
2.849000	-0.256576
2.850000	-0.256576
2.851000	-0.265604
2.852000	-0.265604
2.853000	-0.256576
2.854000	-0.274632
2.855000	-0.283679
2.856000	-0.274632
2.857000	-0.265604
2.858000	-0.283679
2.859000	-0.283679
2.860000	-0.265604
2.861000	-0.265604
2.862000	-0.283679
2.863000	-0.265604
2.864000	-0.274632
2.865000	-0.274632
2.866000	-0.283679
2.867000	-0.274632
2.868000	-0.265604
2.869000	-0.274632
2.870000	-0.292707
2.871000	-0.292707
2.872000	-0.283679
2.873000	-0.292707
2.874000	-0.292707
2.875000	-0.292707
2.876000	-0.283679
2.877000	-0.283679
2.878000	-0.283679
2.879000	-0.283679
2.880000	-0.283679
2.881000	-0.292707
2.882000	-0.283679
2.883000	-0.301735
2.884000	-0.301735
2.885000	-0.301735
2.886000	-0.310763
2.887000	-0.283679
2.888000	-0.292707
2.889000	-0.301735
2.890000	-0.310763
2.891000	-0.292707
2.892000	-0.301735
2.893000	-0.301735
2.894000	-0.310763
2.895000	-0.292707
2.896000	-0.301735
2.897000	-0.283679
2.898000	-0.301735
2.899000	-0.292707
2.900000	-0.292707
2.901000	-0.301735
2.902000	-0.301735
2.903000	-0.292707
2.904000	-0.292707
2.905000	-0.283679
2.906000	-0.283679
2.907000	-0.283679
2.908000	-0.292707
2.909000	-0.283679
2.910000	-0.283679
2.911000	-0.292707
2.912000	-0.283679
2.913000	-0.274632
2.914000	-0.274632
2.915000	-0.283679
2.916000	-0.274632
2.917000	-0.283679
2.918000	-0.274632
2.919000	-0.274632
2.920000	-0.274632
2.921000	-0.265604
2.922000	-0.265604
2.923000	-0.274632
2.924000	-0.265604
2.925000	-0.265604
2.926000	-0.265604
2.927000	-0.256576
2.928000	-0.265604
2.929000	-0.265604
2.930000	-0.265604
2.931000	-0.256576
2.932000	-0.265604
2.933000	-0.265604
2.934000	-0.256576
2.935000	-0.256576
2.936000	-0.256576
2.937000	-0.256576
2.938000	-0.265604
2.939000	-0.247530
2.940000	-0.265604
2.941000	-0.247530
2.942000	-0.256576
2.943000	-0.256576
2.944000	-0.247530
2.945000	-0.238502
2.946000	-0.247530
2.947000	-0.247530
2.948000	-0.247530
2.949000	-0.238502
2.950000	-0.238502
2.951000	-0.238502
2.952000	-0.229474
2.953000	-0.238502
2.954000	-0.238502
2.955000	-0.229474
2.956000	-0.229474
2.957000	-0.247530
2.958000	-0.238502
2.959000	-0.229474
2.960000	-0.229474
2.961000	-0.238502
2.962000	-0.220446
2.963000	-0.229474
2.964000	-0.229474
2.965000	-0.220446
2.966000	-0.220446
2.967000	-0.220446
2.968000	-0.229474
2.969000	-0.220446
2.970000	-0.229474
2.971000	-0.220446
2.972000	-0.220446
2.973000	-0.220446
2.974000	-0.229474
2.975000	-0.229474
2.976000	-0.238502
2.977000	-0.229474
2.978000	-0.220446
2.979000	-0.211399
2.980000	-0.211399
2.981000	-0.211399
2.982000	-0.220446
2.983000	-0.211399
2.984000	-0.211399
2.985000	-0.220446
2.986000	-0.220446
2.987000	-0.220446
2.988000	-0.202371
2.989000	-0.211399
2.990000	-0.211399
2.991000	-0.211399
2.992000	-0.220446
2.993000	-0.220446
2.994000	-0.211399
2.995000	-0.211399
2.996000	-0.211399
2.997000	-0.211399
2.998000	-0.202371
2.999000	-0.211399
