-0.500000	-16.566099
-0.499000	-15.536900
-0.498000	-16.052000
-0.497000	-15.536900
-0.496000	-16.052000
-0.495000	-16.566099
-0.494000	-16.052000
-0.493000	-16.052000
-0.492000	-16.052000
-0.491000	-16.052000
-0.490000	-16.566099
-0.489000	-16.052000
-0.488000	-16.052000
-0.487000	-16.052000
-0.486000	-16.566099
-0.485000	-16.052000
-0.484000	-16.052000
-0.483000	-16.052000
-0.482000	-16.052000
-0.481000	-15.536900
-0.480000	-16.052000
-0.479000	-16.052000
-0.478000	-16.052000
-0.477000	-16.052000
-0.476000	-16.566099
-0.475000	-16.566099
-0.474000	-15.536900
-0.473000	-16.052000
-0.472000	-15.536900
-0.471000	-16.052000
-0.470000	-16.052000
-0.469000	-15.536900
-0.468000	-15.536900
-0.467000	-16.052000
-0.466000	-16.052000
-0.465000	-15.536900
-0.464000	-16.052000
-0.463000	-15.536900
-0.462000	-16.052000
-0.461000	-16.566099
-0.460000	-15.536900
-0.459000	-15.536900
-0.458000	-16.052000
-0.457000	-15.536900
-0.456000	-16.566099
-0.455000	-16.052000
-0.454000	-16.052000
-0.453000	-16.566099
-0.452000	-16.052000
-0.451000	-15.536900
-0.450000	-16.566099
-0.449000	-16.052000
-0.448000	-15.022800
-0.447000	-15.536900
-0.446000	-16.052000
-0.445000	-15.536900
-0.444000	-16.052000
-0.443000	-15.536900
-0.442000	-16.052000
-0.441000	-16.052000
-0.440000	-16.052000
-0.439000	-16.052000
-0.438000	-16.052000
-0.437000	-16.052000
-0.436000	-16.052000
-0.435000	-16.052000
-0.434000	-16.052000
-0.433000	-16.052000
-0.432000	-16.052000
-0.431000	-16.052000
-0.430000	-16.052000
-0.429000	-15.536900
-0.428000	-16.052000
-0.427000	-16.052000
-0.426000	-16.052000
-0.425000	-16.566099
-0.424000	-16.052000
-0.423000	-15.536900
-0.422000	-16.566099
-0.421000	-16.052000
-0.420000	-16.566099
-0.419000	-16.052000
-0.418000	-16.052000
-0.417000	-16.052000
-0.416000	-16.052000
-0.415000	-16.052000
-0.414000	-16.052000
-0.413000	-15.536900
-0.412000	-16.566099
-0.411000	-16.052000
-0.410000	-16.052000
-0.409000	-17.080200
-0.408000	-15.536900
-0.407000	-16.052000
-0.406000	-16.052000
-0.405000	-16.052000
-0.404000	-16.052000
-0.403000	-16.566099
-0.402000	-15.536900
-0.401000	-15.536900
-0.400000	-16.052000
-0.399000	-15.536900
-0.398000	-15.536900
-0.397000	-16.052000
-0.396000	-16.052000
-0.395000	-16.052000
-0.394000	-15.536900
-0.393000	-15.536900
-0.392000	-16.566099
-0.391000	-16.566099
-0.390000	-16.566099
-0.389000	-16.566099
-0.388000	-16.052000
-0.387000	-16.566099
-0.386000	-16.052000
-0.385000	-16.566099
-0.384000	-15.536900
-0.383000	-16.052000
-0.382000	-15.536900
-0.381000	-16.052000
-0.380000	-16.052000
-0.379000	-15.536900
-0.378000	-16.052000
-0.377000	-15.536900
-0.376000	-15.536900
-0.375000	-15.536900
-0.374000	-16.052000
-0.373000	-16.052000
-0.372000	-16.566099
-0.371000	-16.052000
-0.370000	-16.566099
-0.369000	-16.052000
-0.368000	-16.052000
-0.367000	-16.052000
-0.366000	-15.536900
-0.365000	-16.052000
-0.364000	-16.052000
-0.363000	-15.536900
-0.362000	-16.052000
-0.361000	-16.052000
-0.360000	-16.566099
-0.359000	-16.566099
-0.358000	-16.052000
-0.357000	-15.536900
-0.356000	-15.536900
-0.355000	-16.566099
-0.354000	-16.052000
-0.353000	-16.052000
-0.352000	-15.536900
-0.351000	-16.052000
-0.350000	-16.052000
-0.349000	-15.536900
-0.348000	-16.566099
-0.347000	-16.052000
-0.346000	-15.536900
-0.345000	-15.536900
-0.344000	-16.566099
-0.343000	-16.052000
-0.342000	-16.566099
-0.341000	-16.052000
-0.340000	-16.052000
-0.339000	-16.052000
-0.338000	-16.052000
-0.337000	-16.052000
-0.336000	-15.536900
-0.335000	-16.566099
-0.334000	-16.566099
-0.333000	-15.536900
-0.332000	-15.536900
-0.331000	-15.022800
-0.330000	-16.566099
-0.329000	-16.052000
-0.328000	-16.566099
-0.327000	-16.052000
-0.326000	-16.052000
-0.325000	-16.052000
-0.324000	-16.566099
-0.323000	-16.566099
-0.322000	-16.052000
-0.321000	-16.566099
-0.320000	-16.052000
-0.319000	-15.536900
-0.318000	-16.052000
-0.317000	-16.052000
-0.316000	-16.052000
-0.315000	-16.052000
-0.314000	-16.052000
-0.313000	-16.052000
-0.312000	-16.052000
-0.311000	-16.566099
-0.310000	-15.536900
-0.309000	-15.536900
-0.308000	-16.052000
-0.307000	-17.080200
-0.306000	-16.052000
-0.305000	-16.052000
-0.304000	-16.566099
-0.303000	-15.536900
-0.302000	-16.052000
-0.301000	-15.536900
-0.300000	-15.536900
-0.299000	-16.566099
-0.298000	-15.536900
-0.297000	-16.052000
-0.296000	-16.052000
-0.295000	-16.052000
-0.294000	-16.566099
-0.293000	-16.052000
-0.292000	-16.052000
-0.291000	-16.566099
-0.290000	-15.536900
-0.289000	-16.566099
-0.288000	-15.536900
-0.287000	-16.566099
-0.286000	-16.566099
-0.285000	-15.536900
-0.284000	-16.052000
-0.283000	-16.566099
-0.282000	-16.566099
-0.281000	-17.080200
-0.280000	-15.536900
-0.279000	-15.536900
-0.278000	-16.052000
-0.277000	-16.052000
-0.276000	-16.052000
-0.275000	-16.052000
-0.274000	-16.052000
-0.273000	-16.052000
-0.272000	-16.052000
-0.271000	-16.052000
-0.270000	-16.566099
-0.269000	-16.052000
-0.268000	-16.052000
-0.267000	-15.536900
-0.266000	-15.536900
-0.265000	-15.536900
-0.264000	-15.536900
-0.263000	-15.536900
-0.262000	-15.536900
-0.261000	-16.052000
-0.260000	-16.052000
-0.259000	-16.052000
-0.258000	-16.052000
-0.257000	-16.052000
-0.256000	-15.536900
-0.255000	-16.566099
-0.254000	-15.536900
-0.253000	-16.052000
-0.252000	-16.052000
-0.251000	-16.052000
-0.250000	-16.052000
-0.249000	-15.536900
-0.248000	-15.536900
-0.247000	-15.536900
-0.246000	-16.566099
-0.245000	-15.536900
-0.244000	-16.566099
-0.243000	-16.566099
-0.242000	-16.566099
-0.241000	-16.052000
-0.240000	-16.566099
-0.239000	-16.052000
-0.238000	-16.052000
-0.237000	-16.052000
-0.236000	-16.566099
-0.235000	-16.052000
-0.234000	-16.052000
-0.233000	-16.052000
-0.232000	-16.052000
-0.231000	-16.052000
-0.230000	-16.566099
-0.229000	-16.052000
-0.228000	-15.536900
-0.227000	-16.052000
-0.226000	-16.566099
-0.225000	-16.566099
-0.224000	-16.052000
-0.223000	-16.052000
-0.222000	-16.052000
-0.221000	-16.052000
-0.220000	-16.052000
-0.219000	-16.052000
-0.218000	-15.536900
-0.217000	-16.566099
-0.216000	-16.052000
-0.215000	-16.052000
-0.214000	-16.566099
-0.213000	-16.566099
-0.212000	-16.566099
-0.211000	-16.566099
-0.210000	-16.052000
-0.209000	-16.052000
-0.208000	-16.052000
-0.207000	-15.536900
-0.206000	-16.566099
-0.205000	-15.536900
-0.204000	-16.566099
-0.203000	-15.536900
-0.202000	-15.536900
-0.201000	-16.052000
-0.200000	-16.052000
-0.199000	-16.566099
-0.198000	-16.052000
-0.197000	-15.536900
-0.196000	-16.566099
-0.195000	-16.052000
-0.194000	-16.566099
-0.193000	-16.052000
-0.192000	-16.052000
-0.191000	-16.566099
-0.190000	-16.052000
-0.189000	-16.052000
-0.188000	-16.052000
-0.187000	-16.052000
-0.186000	-16.052000
-0.185000	-15.536900
-0.184000	-15.536900
-0.183000	-15.022800
-0.182000	-16.052000
-0.181000	-16.052000
-0.180000	-16.052000
-0.179000	-15.536900
-0.178000	-16.052000
-0.177000	-16.052000
-0.176000	-16.052000
-0.175000	-16.052000
-0.174000	-15.536900
-0.173000	-16.052000
-0.172000	-16.052000
-0.171000	-16.052000
-0.170000	-16.052000
-0.169000	-16.052000
-0.168000	-16.052000
-0.167000	-16.052000
-0.166000	-16.052000
-0.165000	-16.052000
-0.164000	-16.566099
-0.163000	-16.566099
-0.162000	-15.536900
-0.161000	-16.052000
-0.160000	-16.052000
-0.159000	-15.536900
-0.158000	-16.052000
-0.157000	-16.052000
-0.156000	-16.052000
-0.155000	-16.566099
-0.154000	-15.536900
-0.153000	-16.052000
-0.152000	-16.052000
-0.151000	-16.052000
-0.150000	-15.536900
-0.149000	-15.536900
-0.148000	-16.052000
-0.147000	-15.536900
-0.146000	-16.052000
-0.145000	-16.052000
-0.144000	-16.052000
-0.143000	-15.536900
-0.142000	-16.052000
-0.141000	-16.052000
-0.140000	-16.052000
-0.139000	-16.052000
-0.138000	-16.052000
-0.137000	-16.052000
-0.136000	-16.052000
-0.135000	-15.536900
-0.134000	-15.536900
-0.133000	-16.566099
-0.132000	-15.536900
-0.131000	-16.052000
-0.130000	-16.052000
-0.129000	-15.536900
-0.128000	-15.536900
-0.127000	-16.052000
-0.126000	-16.052000
-0.125000	-16.566099
-0.124000	-16.052000
-0.123000	-16.566099
-0.122000	-15.536900
-0.121000	-16.052000
-0.120000	-16.052000
-0.119000	-16.566099
-0.118000	-16.052000
-0.117000	-16.052000
-0.116000	-16.052000
-0.115000	-16.052000
-0.114000	-16.052000
-0.113000	-15.536900
-0.112000	-15.536900
-0.111000	-16.566099
-0.110000	-16.052000
-0.109000	-16.566099
-0.108000	-15.536900
-0.107000	-16.052000
-0.106000	-16.566099
-0.105000	-16.052000
-0.104000	-16.052000
-0.103000	-15.536900
-0.102000	-15.536900
-0.101000	-16.566099
-0.100000	-16.052000
-0.099000	-16.052000
-0.098000	-16.566099
-0.097000	-16.052000
-0.096000	-16.052000
-0.095000	-16.566099
-0.094000	-16.052000
-0.093000	-16.052000
-0.092000	-16.052000
-0.091000	-16.566099
-0.090000	-16.052000
-0.089000	-16.052000
-0.088000	-15.536900
-0.087000	-16.052000
-0.086000	-16.566099
-0.085000	-16.052000
-0.084000	-16.052000
-0.083000	-15.536900
-0.082000	-15.536900
-0.081000	-16.052000
-0.080000	-16.566099
-0.079000	-15.536900
-0.078000	-16.052000
-0.077000	-16.052000
-0.076000	-16.052000
-0.075000	-16.052000
-0.074000	-16.052000
-0.073000	-15.536900
-0.072000	-16.052000
-0.071000	-16.052000
-0.070000	-16.566099
-0.069000	-16.052000
-0.068000	-16.566099
-0.067000	-16.052000
-0.066000	-15.536900
-0.065000	-16.052000
-0.064000	-16.052000
-0.063000	-16.566099
-0.062000	-15.536900
-0.061000	-15.536900
-0.060000	-15.536900
-0.059000	-15.536900
-0.058000	-16.566099
-0.057000	-16.052000
-0.056000	-17.080200
-0.055000	-15.536900
-0.054000	-16.566099
-0.053000	-16.052000
-0.052000	-16.566099
-0.051000	-16.052000
-0.050000	-15.536900
-0.049000	-16.052000
-0.048000	-16.052000
-0.047000	-16.052000
-0.046000	-16.052000
-0.045000	-15.536900
-0.044000	-15.536900
-0.043000	-16.052000
-0.042000	-16.052000
-0.041000	-15.536900
-0.040000	-16.052000
-0.039000	-15.536900
-0.038000	-16.052000
-0.037000	-16.566099
-0.036000	-16.052000
-0.035000	-16.052000
-0.034000	-16.052000
-0.033000	-17.080200
-0.032000	-18.623600
-0.031000	-19.652901
-0.030000	-20.681101
-0.029000	-22.224400
-0.028000	-22.224400
-0.027000	-22.738501
-0.026000	-23.253700
-0.025000	-23.253700
-0.024000	-23.253700
-0.023000	-24.281900
-0.022000	-23.767799
-0.021000	-24.797001
-0.020000	-25.311199
-0.019000	-24.797001
-0.018000	-25.311199
-0.017000	-25.825300
-0.016000	-26.339399
-0.015000	-25.825300
-0.014000	-25.825300
-0.013000	-26.854500
-0.012000	-26.854500
-0.011000	-27.368601
-0.010000	-28.396799
-0.009000	-28.912001
-0.008000	-28.912001
-0.007000	-28.396799
-0.006000	-29.426100
-0.005000	-28.396799
-0.004000	-28.396799
-0.003000	-27.368601
-0.002000	-26.339399
-0.001000	-24.797001
0.000000	-27.368601
0.001000	-28.912001
0.002000	-31.483500
0.003000	-33.026901
0.004000	-34.056198
0.005000	-34.570301
0.006000	-35.084400
0.007000	-34.570301
0.008000	-34.056198
0.009000	-32.512798
0.010000	-32.512798
0.011000	-31.997700
0.012000	-33.026901
0.013000	-34.570301
0.014000	-35.598499
0.015000	-35.084400
0.016000	-37.657001
0.017000	-38.171101
0.018000	-38.685200
0.019000	-37.657001
0.020000	-38.171101
0.021000	-36.113602
0.022000	-36.627701
0.023000	-37.141800
0.024000	-37.141800
0.025000	-37.657001
0.026000	-37.141800
0.027000	-37.141800
0.028000	-36.627701
0.029000	-35.084400
0.030000	-35.598499
0.031000	-35.598499
0.032000	-35.084400
0.033000	-31.997700
0.034000	-32.512798
0.035000	-33.026901
0.036000	-33.026901
0.037000	-33.541000
0.038000	-33.026901
0.039000	-34.570301
0.040000	-33.541000
0.041000	-33.541000
0.042000	-33.026901
0.043000	-33.026901
0.044000	-33.026901
0.045000	-33.541000
0.046000	-33.541000
0.047000	-34.570301
0.048000	-34.570301
0.049000	-35.598499
0.050000	-35.598499
0.051000	-35.598499
0.052000	-34.570301
0.053000	-34.056198
0.054000	-34.056198
0.055000	-33.541000
0.056000	-34.570301
0.057000	-34.056198
0.058000	-34.056198
0.059000	-33.026901
0.060000	-33.541000
0.061000	-34.056198
0.062000	-34.570301
0.063000	-34.570301
0.064000	-35.084400
0.065000	-35.084400
0.066000	-35.598499
0.067000	-35.598499
0.068000	-35.598499
0.069000	-35.598499
0.070000	-36.113602
0.071000	-35.084400
0.072000	-35.598499
0.073000	-36.113602
0.074000	-34.056198
0.075000	-34.056198
0.076000	-34.056198
0.077000	-34.056198
0.078000	-34.056198
0.079000	-33.026901
0.080000	-33.026901
0.081000	-31.997700
0.082000	-32.512798
0.083000	-31.997700
0.084000	-33.026901
0.085000	-31.997700
0.086000	-31.997700
0.087000	-33.026901
0.088000	-31.997700
0.089000	-31.997700
0.090000	-31.483500
0.091000	-31.997700
0.092000	-31.997700
0.093000	-30.969400
0.094000	-31.997700
0.095000	-31.483500
0.096000	-30.969400
0.097000	-30.969400
0.098000	-31.997700
0.099000	-29.426100
0.100000	-29.940201
0.101000	-29.940201
0.102000	-29.940201
0.103000	-28.912001
0.104000	-29.426100
0.105000	-30.455299
0.106000	-30.455299
0.107000	-29.426100
0.108000	-30.969400
0.109000	-29.426100
0.110000	-29.426100
0.111000	-28.912001
0.112000	-28.912001
0.113000	-29.426100
0.114000	-28.912001
0.115000	-30.455299
0.116000	-35.598499
0.117000	-23.253700
0.118000	-36.113602
0.119000	-29.426100
0.120000	-16.566099
0.121000	-30.969400
0.122000	-27.882700
0.123000	-26.339399
0.124000	-21.710300
0.125000	-27.882700
0.126000	-40.228600
0.127000	-21.710300
0.128000	-32.512798
0.129000	-44.343498
0.130000	-23.253700
0.131000	-25.825300
0.132000	-31.997700
0.133000	-21.196199
0.134000	-20.167000
0.135000	-25.825300
0.136000	-28.912001
0.137000	-26.339399
0.138000	-38.171101
0.139000	-15.022800
0.140000	-26.339399
0.141000	-31.997700
0.142000	-27.368601
0.143000	-26.854500
0.144000	-28.396799
0.145000	-29.426100
0.146000	-28.396799
0.147000	-26.339399
0.148000	-32.512798
0.149000	-38.685200
0.150000	-27.368601
0.151000	-28.912001
0.152000	-24.797001
0.153000	-21.196199
0.154000	-23.253700
0.155000	-27.368601
0.156000	-25.825300
0.157000	-26.339399
0.158000	-27.368601
0.159000	-24.281900
0.160000	-29.426100
0.161000	-28.912001
0.162000	-31.483500
0.163000	-27.368601
0.164000	-26.854500
0.165000	-23.253700
0.166000	-23.767799
0.167000	-24.797001
0.168000	-26.854500
0.169000	-24.797001
0.170000	-26.339399
0.171000	-21.196199
0.172000	-27.368601
0.173000	-28.396799
0.174000	-24.797001
0.175000	-24.281900
0.176000	-23.253700
0.177000	-22.224400
0.178000	-20.681101
0.179000	-28.396799
0.180000	-23.253700
0.181000	-22.224400
0.182000	-26.339399
0.183000	-24.797001
0.184000	-36.113602
0.185000	-38.685200
0.186000	-18.623600
0.187000	-1.134610
0.188000	-9.878580
0.189000	-4.735440
0.190000	-10.907800
0.191000	-13.994600
0.192000	-37.141800
0.193000	-29.940201
0.194000	-19.652901
0.195000	-10.907800
0.196000	-19.137699
0.197000	-24.281900
0.198000	-12.965300
0.199000	5.552950
0.200000	-24.281900
0.201000	-0.619452
0.202000	-0.105349
0.203000	-8.850370
0.204000	-25.825300
0.205000	-17.080200
0.206000	-13.479400
0.207000	-12.965300
0.208000	-10.393700
0.209000	-7.821110
0.210000	-19.652901
0.211000	-18.109501
0.212000	-12.451200
0.213000	-16.566099
0.214000	-8.336270
0.215000	-6.277750
0.216000	-7.307010
0.217000	-7.821110
0.218000	-6.277750
0.219000	-2.162810
0.220000	8.125570
0.221000	8.125570
0.222000	-0.619452
0.223000	-3.192070
0.224000	-6.277750
0.225000	11.211200
0.226000	10.697100
0.227000	9.667880
0.228000	-3.192070
0.229000	2.466220
0.230000	-10.393700
0.231000	8.639670
0.232000	8.639670
0.233000	19.442200
0.234000	13.783900
0.235000	21.499599
0.236000	14.812100
0.237000	18.927000
0.238000	23.042999
0.239000	24.586300
0.240000	21.499599
0.241000	16.355400
0.242000	7.096310
0.243000	7.610410
0.244000	7.096310
0.245000	14.812100
0.246000	17.898800
0.247000	33.845501
0.248000	27.157900
0.249000	25.100500
0.250000	15.841300
0.251000	13.268700
0.252000	6.067050
0.253000	7.096310
0.254000	4.009580
0.255000	14.298000
0.256000	11.725300
0.257000	14.812100
0.258000	14.812100
0.259000	17.898800
0.260000	18.412901
0.261000	15.326200
0.262000	10.697100
0.263000	5.552950
0.264000	0.923911
0.265000	-0.105349
0.266000	5.552950
0.267000	13.268700
0.268000	20.470400
0.269000	26.643801
0.270000	30.758699
0.271000	23.557100
0.272000	16.869499
0.273000	12.240500
0.274000	7.096310
0.275000	8.125570
0.276000	8.125570
0.277000	7.096310
0.278000	11.211200
0.279000	19.442200
0.280000	20.985500
0.281000	23.557100
0.282000	18.927000
0.283000	16.869499
0.284000	9.667880
0.285000	2.466220
0.286000	0.923911
0.287000	2.466220
0.288000	7.096310
0.289000	2.466220
0.290000	11.725300
0.291000	8.639670
0.292000	8.125570
0.293000	2.981380
0.294000	0.923911
0.295000	-7.821110
0.296000	-7.821110
0.297000	-6.792900
0.298000	-3.706180
0.299000	-1.648710
0.300000	2.981380
0.301000	4.524740
0.302000	5.038840
0.303000	5.552950
0.304000	1.952120
0.305000	1.952120
0.306000	-1.648710
0.307000	-6.277750
0.308000	-2.162810
0.309000	11.211200
0.310000	17.384701
0.311000	18.412901
0.312000	24.586300
0.313000	21.499599
0.314000	13.268700
0.315000	12.240500
0.316000	11.725300
0.317000	13.268700
0.318000	12.240500
0.319000	12.240500
0.320000	13.783900
0.321000	17.898800
0.322000	19.956301
0.323000	20.470400
0.324000	19.442200
0.325000	16.869499
0.326000	16.869499
0.327000	13.783900
0.328000	8.125570
0.329000	11.211200
0.330000	9.153770
0.331000	13.783900
0.332000	17.898800
0.333000	23.042999
0.334000	17.384701
0.335000	22.527800
0.336000	13.268700
0.337000	15.841300
0.338000	11.211200
0.339000	14.298000
0.340000	11.725300
0.341000	16.355400
0.342000	16.869499
0.343000	17.898800
0.344000	20.470400
0.345000	18.927000
0.346000	19.956301
0.347000	16.355400
0.348000	19.442200
0.349000	18.927000
0.350000	19.442200
0.351000	18.412901
0.352000	19.956301
0.353000	20.985500
0.354000	18.927000
0.355000	21.499599
0.356000	18.927000
0.357000	21.499599
0.358000	19.442200
0.359000	23.042999
0.360000	22.527800
0.361000	22.013700
0.362000	25.100500
0.363000	26.643801
0.364000	26.643801
0.365000	31.787001
0.366000	29.729500
0.367000	29.215401
0.368000	27.157900
0.369000	29.215401
0.370000	27.672001
0.371000	28.701300
0.372000	32.302101
0.373000	31.272900
0.374000	33.330299
0.375000	32.816200
0.376000	32.302101
0.377000	29.729500
0.378000	31.272900
0.379000	31.787001
0.380000	34.359600
0.381000	38.474499
0.382000	38.988602
0.383000	38.474499
0.384000	38.988602
0.385000	40.532001
0.386000	40.532001
0.387000	42.075298
0.388000	41.047100
0.389000	40.532001
0.390000	41.561199
0.391000	43.104599
0.392000	42.075298
0.393000	42.589401
0.394000	43.104599
0.395000	43.104599
0.396000	43.104599
0.397000	43.104599
0.398000	43.618698
0.399000	41.047100
0.400000	41.047100
0.401000	46.190300
0.402000	48.247700
0.403000	45.162102
0.404000	50.820400
0.405000	46.705399
0.406000	54.421200
0.407000	49.277000
0.408000	54.935299
0.409000	51.848598
0.410000	57.507900
0.411000	54.421200
0.412000	61.107700
0.413000	59.565399
0.414000	60.593601
0.415000	57.507900
0.416000	65.737801
0.417000	59.565399
0.418000	61.622799
0.419000	59.050201
0.420000	63.680302
0.421000	61.622799
0.422000	63.166199
0.423000	59.050201
0.424000	64.194397
0.425000	67.281097
0.426000	70.882004
0.427000	69.852699
0.428000	73.968697
0.429000	73.453499
0.430000	72.425301
0.431000	73.453499
0.432000	68.824501
0.433000	75.511002
0.434000	74.482803
0.435000	79.111801
0.436000	72.939400
0.437000	78.083603
0.438000	72.939400
0.439000	81.169296
0.440000	75.511002
0.441000	78.597702
0.442000	74.996902
0.443000	78.083603
0.444000	77.054398
0.445000	79.626999
0.446000	79.626999
0.447000	85.285301
0.448000	81.684502
0.449000	86.828598
0.450000	82.198601
0.451000	85.799400
0.452000	83.227798
0.453000	87.856903
0.454000	84.255997
0.455000	88.371002
0.456000	84.770103
0.457000	86.313499
0.458000	85.285301
0.459000	83.741898
0.460000	82.198601
0.461000	82.712700
0.462000	84.255997
0.463000	84.770103
0.464000	87.856903
0.465000	85.285301
0.466000	88.371002
0.467000	84.255997
0.468000	85.285301
0.469000	83.741898
0.470000	89.914299
0.471000	90.943604
0.472000	99.688599
0.473000	97.115997
0.474000	96.601898
0.475000	96.601898
0.476000	99.173401
0.477000	101.231003
0.478000	102.260002
0.479000	105.861000
0.480000	108.947998
0.481000	109.975998
0.482000	110.489998
0.483000	117.178001
0.484000	115.120003
0.485000	114.091003
0.486000	112.032997
0.487000	114.091003
0.488000	108.947998
0.489000	115.120003
0.490000	112.032997
0.491000	119.750000
0.492000	114.606003
0.493000	118.207001
0.494000	115.120003
0.495000	119.750000
0.496000	115.634003
0.497000	116.663002
0.498000	111.518997
0.499000	113.577003
0.500000	111.004997
0.501000	107.917999
0.502000	116.149002
0.503000	117.178001
0.504000	118.207001
0.505000	113.577003
0.506000	118.721001
0.507000	114.606003
0.508000	118.207001
0.509000	115.634003
0.510000	116.663002
0.511000	116.149002
0.512000	119.750000
0.513000	115.120003
0.514000	115.634003
0.515000	113.577003
0.516000	114.606003
0.517000	108.947998
0.518000	109.975998
0.519000	107.403999
0.520000	104.832001
0.521000	104.832001
0.522000	104.832001
0.523000	105.347000
0.524000	103.804001
0.525000	102.260002
0.526000	102.260002
0.527000	103.289001
0.528000	102.774002
0.529000	100.203003
0.530000	102.774002
0.531000	100.717003
0.532000	101.746002
0.533000	98.145203
0.534000	97.630096
0.535000	98.659302
0.536000	96.601898
0.537000	99.173401
0.538000	97.115997
0.539000	101.746002
0.540000	99.173401
0.541000	104.832001
0.542000	98.659302
0.543000	106.375000
0.544000	99.173401
0.545000	105.861000
0.546000	103.289001
0.547000	107.917999
0.548000	103.804001
0.549000	111.518997
0.550000	108.432999
0.551000	111.004997
0.552000	109.975998
0.553000	112.032997
0.554000	116.149002
0.555000	112.549004
0.556000	117.178001
0.557000	114.091003
0.558000	118.207001
0.559000	118.721001
0.560000	118.207001
0.561000	120.264000
0.562000	120.264000
0.563000	123.864998
0.564000	122.321999
0.565000	129.009003
0.566000	126.436996
0.567000	133.123993
0.568000	128.494003
0.569000	135.695999
0.570000	136.210999
0.571000	142.382996
0.572000	139.811996
0.573000	145.983994
0.574000	145.983994
0.575000	146.498001
0.576000	147.011993
0.577000	144.440994
0.578000	145.983994
0.579000	145.470001
0.580000	148.042007
0.581000	148.556000
0.582000	151.128006
0.583000	152.156998
0.584000	150.613007
0.585000	152.671997
0.586000	149.070999
0.587000	149.585007
0.588000	145.983994
0.589000	146.498001
0.590000	146.498001
0.591000	147.528000
0.592000	146.498001
0.593000	144.955002
0.594000	141.869003
0.595000	139.811996
0.596000	136.210999
0.597000	134.667999
0.598000	132.095001
0.599000	133.638000
0.600000	132.095001
0.601000	131.067001
0.602000	128.494003
0.603000	128.494003
0.604000	128.494003
0.605000	129.522995
0.606000	125.922997
0.607000	123.864998
0.608000	120.778000
0.609000	120.778000
0.610000	120.264000
0.611000	121.292999
0.612000	121.807999
0.613000	122.321999
0.614000	127.466003
0.615000	127.466003
0.616000	128.494003
0.617000	125.922997
0.618000	126.436996
0.619000	125.408997
0.620000	124.378998
0.621000	123.350998
0.622000	121.807999
0.623000	123.350998
0.624000	122.835999
0.625000	123.864998
0.626000	122.835999
0.627000	123.350998
0.628000	122.321999
0.629000	121.807999
0.630000	124.378998
0.631000	123.864998
0.632000	125.922997
0.633000	126.436996
0.634000	129.009003
0.635000	128.494003
0.636000	130.552002
0.637000	129.522995
0.638000	131.067001
0.639000	130.552002
0.640000	133.123993
0.641000	132.095001
0.642000	133.123993
0.643000	132.610001
0.644000	133.123993
0.645000	133.123993
0.646000	131.580994
0.647000	131.067001
0.648000	130.552002
0.649000	130.552002
0.650000	127.980003
0.651000	127.980003
0.652000	125.408997
0.653000	123.350998
0.654000	120.778000
0.655000	119.750000
0.656000	118.207001
0.657000	118.207001
0.658000	121.292999
0.659000	120.778000
0.660000	124.892998
0.661000	124.378998
0.662000	125.922997
0.663000	124.378998
0.664000	124.378998
0.665000	124.378998
0.666000	122.835999
0.667000	123.350998
0.668000	124.378998
0.669000	127.466003
0.670000	127.980003
0.671000	129.522995
0.672000	129.522995
0.673000	127.980003
0.674000	126.950996
0.675000	125.408997
0.676000	123.350998
0.677000	121.292999
0.678000	121.292999
0.679000	123.350998
0.680000	123.864998
0.681000	125.408997
0.682000	127.466003
0.683000	129.009003
0.684000	130.037994
0.685000	128.494003
0.686000	127.980003
0.687000	127.466003
0.688000	126.436996
0.689000	125.408997
0.690000	124.892998
0.691000	125.408997
0.692000	125.922997
0.693000	125.922997
0.694000	126.436996
0.695000	125.922997
0.696000	124.892998
0.697000	124.892998
0.698000	124.892998
0.699000	126.436996
0.700000	125.408997
0.701000	126.950996
0.702000	127.980003
0.703000	127.980003
0.704000	127.980003
0.705000	126.950996
0.706000	127.466003
0.707000	127.466003
0.708000	127.466003
0.709000	127.466003
0.710000	128.494003
0.711000	130.037994
0.712000	131.580994
0.713000	130.552002
0.714000	131.580994
0.715000	130.037994
0.716000	130.037994
0.717000	128.494003
0.718000	128.494003
0.719000	125.922997
0.720000	126.436996
0.721000	126.950996
0.722000	125.922997
0.723000	126.950996
0.724000	126.950996
0.725000	125.922997
0.726000	126.950996
0.727000	126.436996
0.728000	127.466003
0.729000	127.466003
0.730000	127.980003
0.731000	128.494003
0.732000	128.494003
0.733000	130.037994
0.734000	129.522995
0.735000	129.009003
0.736000	128.494003
0.737000	127.980003
0.738000	129.009003
0.739000	129.009003
0.740000	127.466003
0.741000	129.522995
0.742000	129.009003
0.743000	128.494003
0.744000	127.980003
0.745000	127.980003
0.746000	129.009003
0.747000	129.522995
0.748000	130.552002
0.749000	131.580994
0.750000	133.123993
0.751000	133.123993
0.752000	134.151993
0.753000	134.151993
0.754000	134.667999
0.755000	134.151993
0.756000	134.151993
0.757000	134.151993
0.758000	134.151993
0.759000	133.638000
0.760000	136.210999
0.761000	135.695999
0.762000	137.238998
0.763000	134.667999
0.764000	135.182007
0.765000	138.268005
0.766000	139.811996
0.767000	138.268005
0.768000	141.354004
0.769000	141.869003
0.770000	143.927002
0.771000	144.440994
0.772000	145.470001
0.773000	146.498001
0.774000	147.011993
0.775000	150.613007
0.776000	147.528000
0.777000	147.011993
0.778000	145.983994
0.779000	147.011993
0.780000	147.528000
0.781000	145.983994
0.782000	148.556000
0.783000	147.528000
0.784000	152.156998
0.785000	148.042007
0.786000	153.699997
0.787000	149.070999
0.788000	153.186005
0.789000	153.699997
0.790000	153.186005
0.791000	150.098999
0.792000	151.128006
0.793000	152.156998
0.794000	152.156998
0.795000	151.643005
0.796000	150.098999
0.797000	151.128006
0.798000	150.613007
0.799000	150.613007
0.800000	150.098999
0.801000	148.556000
0.802000	148.556000
0.803000	151.128006
0.804000	148.042007
0.805000	147.011993
0.806000	147.528000
0.807000	147.011993
0.808000	147.011993
0.809000	148.042007
0.810000	147.011993
0.811000	148.042007
0.812000	145.983994
0.813000	144.955002
0.814000	143.927002
0.815000	142.382996
0.816000	143.412003
0.817000	143.927002
0.818000	145.470001
0.819000	145.983994
0.820000	144.440994
0.821000	144.955002
0.822000	144.955002
0.823000	142.897003
0.824000	143.927002
0.825000	141.869003
0.826000	141.354004
0.827000	142.897003
0.828000	143.412003
0.829000	141.869003
0.830000	142.382996
0.831000	143.412003
0.832000	143.412003
0.833000	143.412003
0.834000	145.470001
0.835000	143.927002
0.836000	145.983994
0.837000	147.011993
0.838000	148.556000
0.839000	145.983994
0.840000	148.556000
0.841000	147.011993
0.842000	149.070999
0.843000	147.011993
0.844000	150.613007
0.845000	150.098999
0.846000	152.156998
0.847000	151.643005
0.848000	153.699997
0.849000	154.214005
0.850000	153.699997
0.851000	156.272995
0.852000	156.787003
0.853000	160.901993
0.854000	162.445007
0.855000	159.871994
0.856000	163.988007
0.857000	162.959000
0.858000	163.988007
0.859000	157.300995
0.860000	155.242996
0.861000	158.330002
0.862000	167.074005
0.863000	166.559998
0.864000	167.074005
0.865000	164.501999
0.866000	168.102997
0.867000	166.559998
0.868000	176.848007
0.869000	173.246994
0.870000	172.733002
0.871000	169.647003
0.872000	166.559998
0.873000	166.046005
0.874000	158.330002
0.875000	162.445007
0.876000	159.358002
0.877000	164.501999
0.878000	162.445007
0.879000	167.589005
0.880000	169.132996
0.881000	173.761993
0.882000	175.819000
0.883000	180.962997
0.884000	172.218002
0.885000	170.675003
0.886000	172.218002
0.887000	166.046005
0.888000	162.959000
0.889000	157.815002
0.890000	158.843994
0.891000	158.843994
0.892000	163.473007
0.893000	162.445007
0.894000	167.589005
0.895000	171.703995
0.896000	171.190002
0.897000	173.761993
0.898000	169.132996
0.899000	171.703995
0.900000	164.501999
0.901000	170.675003
0.902000	161.931000
0.903000	165.531998
0.904000	162.445007
0.905000	166.046005
0.906000	170.160995
0.907000	173.761993
0.908000	176.332993
0.909000	173.246994
0.910000	174.276001
0.911000	170.675003
0.912000	166.046005
0.913000	165.531998
0.914000	158.330002
0.915000	162.959000
0.916000	159.871994
0.917000	166.046005
0.918000	166.046005
0.919000	170.675003
0.920000	169.647003
0.921000	170.675003
0.922000	171.703995
0.923000	166.046005
0.924000	165.531998
0.925000	163.473007
0.926000	168.617004
0.927000	167.589005
0.928000	171.190002
0.929000	168.102997
0.930000	170.675003
0.931000	168.102997
0.932000	169.647003
0.933000	167.589005
0.934000	168.102997
0.935000	166.559998
0.936000	166.559998
0.937000	169.132996
0.938000	169.647003
0.939000	170.675003
0.940000	170.675003
0.941000	170.675003
0.942000	169.647003
0.943000	170.160995
0.944000	168.617004
0.945000	167.589005
0.946000	168.102997
0.947000	169.132996
0.948000	168.617004
0.949000	170.160995
0.950000	170.675003
0.951000	170.675003
0.952000	169.647003
0.953000	168.617004
0.954000	167.074005
0.955000	167.074005
0.956000	167.589005
0.957000	166.559998
0.958000	169.132996
0.959000	170.160995
0.960000	172.218002
0.961000	172.218002
0.962000	171.703995
0.963000	170.675003
0.964000	168.617004
0.965000	170.160995
0.966000	169.132996
0.967000	170.675003
0.968000	167.589005
0.969000	171.190002
0.970000	172.218002
0.971000	173.761993
0.972000	172.218002
0.973000	171.703995
0.974000	169.132996
0.975000	167.589005
0.976000	168.617004
0.977000	166.046005
0.978000	167.074005
0.979000	165.531998
0.980000	166.046005
0.981000	166.559998
0.982000	165.531998
0.983000	163.473007
0.984000	160.901993
0.985000	160.901993
0.986000	156.787003
0.987000	158.843994
0.988000	158.843994
0.989000	158.843994
0.990000	158.330002
0.991000	156.272995
0.992000	156.272995
0.993000	153.699997
0.994000	151.643005
0.995000	149.585007
0.996000	147.011993
0.997000	149.070999
0.998000	149.070999
0.999000	151.128006
1.000000	151.643005
1.001000	151.643005
1.002000	151.128006
1.003000	151.643005
1.004000	151.643005
1.005000	150.613007
1.006000	152.671997
1.007000	152.156998
1.008000	153.186005
1.009000	154.729004
1.010000	155.242996
1.011000	155.757004
1.012000	156.272995
1.013000	156.272995
1.014000	154.214005
1.015000	156.272995
1.016000	151.643005
1.017000	153.699997
1.018000	153.186005
1.019000	155.242996
1.020000	156.272995
1.021000	155.757004
1.022000	156.272995
1.023000	154.214005
1.024000	156.787003
1.025000	155.757004
1.026000	156.272995
1.027000	156.272995
1.028000	156.787003
1.029000	159.358002
1.030000	161.416000
1.031000	160.901993
1.032000	160.901993
1.033000	160.901993
1.034000	159.358002
1.035000	160.388000
1.036000	157.300995
1.037000	156.787003
1.038000	157.300995
1.039000	159.358002
1.040000	161.416000
1.041000	161.416000
1.042000	161.416000
1.043000	162.445007
1.044000	163.473007
1.045000	162.959000
1.046000	162.445007
1.047000	162.445007
1.048000	163.473007
1.049000	165.531998
1.050000	166.559998
1.051000	167.589005
1.052000	168.102997
1.053000	168.617004
1.054000	168.102997
1.055000	166.046005
1.056000	167.074005
1.057000	166.559998
1.058000	167.074005
1.059000	167.074005
1.060000	170.675003
1.061000	171.190002
1.062000	171.703995
1.063000	172.218002
1.064000	172.218002
1.065000	172.733002
1.066000	173.246994
1.067000	173.761993
1.068000	175.304993
1.069000	175.819000
1.070000	176.848007
1.071000	177.362000
1.072000	179.419998
1.073000	178.906006
1.074000	179.934006
1.075000	178.906006
1.076000	179.419998
1.077000	180.962997
1.078000	180.962997
1.079000	183.020996
1.080000	181.992996
1.081000	185.078003
1.082000	186.106995
1.083000	187.651001
1.084000	187.651001
1.085000	188.164993
1.086000	187.651001
1.087000	189.194000
1.088000	191.251999
1.089000	188.164993
1.090000	191.766006
1.091000	191.251999
1.092000	193.309006
1.093000	190.735992
1.094000	191.251999
1.095000	191.251999
1.096000	192.794006
1.097000	191.766006
1.098000	192.279999
1.099000	191.766006
1.100000	191.251999
1.101000	192.794006
1.102000	191.251999
1.103000	189.707993
1.104000	189.707993
1.105000	190.222000
1.106000	190.735992
1.107000	189.194000
1.108000	189.194000
1.109000	188.679001
1.110000	186.106995
1.111000	187.136002
1.112000	187.651001
1.113000	188.679001
1.114000	188.164993
1.115000	189.194000
1.116000	186.106995
1.117000	186.621994
1.118000	186.621994
1.119000	185.078003
1.120000	184.050003
1.121000	184.050003
1.122000	183.535004
1.123000	183.020996
1.124000	182.507004
1.125000	183.020996
1.126000	180.962997
1.127000	181.477005
1.128000	181.477005
1.129000	184.050003
1.130000	181.477005
1.131000	184.050003
1.132000	183.535004
1.133000	183.020996
1.134000	183.535004
1.135000	181.992996
1.136000	184.050003
1.137000	183.020996
1.138000	184.050003
1.139000	184.050003
1.140000	184.563995
1.141000	185.078003
1.142000	186.106995
1.143000	189.707993
1.144000	189.194000
1.145000	190.222000
1.146000	190.222000
1.147000	194.852005
1.148000	192.279999
1.149000	193.822998
1.150000	194.337006
1.151000	193.309006
1.152000	193.822998
1.153000	195.367004
1.154000	198.966995
1.155000	197.938004
1.156000	200.511002
1.157000	200.511002
1.158000	202.054001
1.159000	201.539001
1.160000	203.595993
1.161000	205.139999
1.162000	204.626007
1.163000	205.139999
1.164000	206.169006
1.165000	207.712006
1.166000	207.712006
1.167000	205.654999
1.168000	206.169006
1.169000	207.712006
1.170000	209.255005
1.171000	207.197006
1.172000	211.313004
1.173000	210.283997
1.174000	210.283997
1.175000	208.740997
1.176000	210.798004
1.177000	208.227005
1.178000	209.770004
1.179000	211.313004
1.180000	210.798004
1.181000	209.255005
1.182000	207.197006
1.183000	209.255005
1.184000	205.654999
1.185000	207.712006
1.186000	207.197006
1.187000	207.712006
1.188000	207.712006
1.189000	209.770004
1.190000	208.227005
1.191000	205.654999
1.192000	207.712006
1.193000	206.169006
1.194000	206.682999
1.195000	204.626007
1.196000	207.197006
1.197000	205.654999
1.198000	206.169006
1.199000	206.169006
1.200000	206.682999
1.201000	205.139999
1.202000	204.626007
1.203000	204.626007
1.204000	203.595993
1.205000	204.626007
1.206000	204.626007
1.207000	205.139999
1.208000	205.654999
1.209000	204.626007
1.210000	204.626007
1.211000	204.112000
1.212000	206.169006
1.213000	204.626007
1.214000	206.169006
1.215000	206.169006
1.216000	209.255005
1.217000	207.197006
1.218000	208.740997
1.219000	208.227005
1.220000	208.227005
1.221000	209.255005
1.222000	208.227005
1.223000	209.770004
1.224000	210.283997
1.225000	208.740997
1.226000	211.313004
1.227000	210.798004
1.228000	211.826996
1.229000	209.770004
1.230000	211.313004
1.231000	208.227005
1.232000	212.856003
1.233000	215.942001
1.234000	215.427994
1.235000	215.427994
1.236000	214.399002
1.237000	214.399002
1.238000	215.942001
1.239000	218.000000
1.240000	214.399002
1.241000	213.371002
1.242000	212.856003
1.243000	211.826996
1.244000	214.399002
1.245000	212.341003
1.246000	215.427994
1.247000	212.856003
1.248000	214.914001
1.249000	212.341003
1.250000	213.884995
1.251000	210.283997
1.252000	210.283997
1.253000	208.740997
1.254000	210.283997
1.255000	209.770004
1.256000	209.255005
1.257000	208.740997
1.258000	206.682999
1.259000	209.255005
1.260000	208.227005
1.261000	207.197006
1.262000	207.197006
1.263000	207.197006
1.264000	207.197006
1.265000	207.197006
1.266000	207.712006
1.267000	208.740997
1.268000	207.712006
1.269000	207.197006
1.270000	208.227005
1.271000	207.712006
1.272000	207.712006
1.273000	207.712006
1.274000	208.740997
1.275000	210.283997
1.276000	210.798004
1.277000	211.313004
1.278000	211.313004
1.279000	212.856003
1.280000	211.826996
1.281000	212.341003
1.282000	212.856003
1.283000	214.399002
1.284000	215.427994
1.285000	216.972000
1.286000	217.485992
1.287000	217.485992
1.288000	218.514999
1.289000	218.000000
1.290000	219.542999
1.291000	218.514999
1.292000	219.029007
1.293000	216.972000
1.294000	218.514999
1.295000	216.972000
1.296000	217.485992
1.297000	218.000000
1.298000	216.972000
1.299000	218.000000
1.300000	217.485992
1.301000	217.485992
1.302000	216.455994
1.303000	216.455994
1.304000	213.884995
1.305000	213.884995
1.306000	213.884995
1.307000	212.341003
1.308000	209.255005
1.309000	208.740997
1.310000	208.227005
1.311000	206.169006
1.312000	205.654999
1.313000	204.112000
1.314000	206.169006
1.315000	204.112000
1.316000	206.682999
1.317000	205.139999
1.318000	204.626007
1.319000	204.626007
1.320000	204.112000
1.321000	204.112000
1.322000	202.567993
1.323000	202.567993
1.324000	199.996002
1.325000	201.539001
1.326000	201.024994
1.327000	201.024994
1.328000	201.539001
1.329000	201.024994
1.330000	200.511002
1.331000	199.481003
1.332000	199.996002
1.333000	197.938004
1.334000	198.453003
1.335000	196.395004
1.336000	197.423996
1.337000	195.880997
1.338000	197.938004
1.339000	197.423996
1.340000	196.395004
1.341000	197.938004
1.342000	196.395004
1.343000	197.938004
1.344000	195.880997
1.345000	197.423996
1.346000	197.423996
1.347000	196.910004
1.348000	195.367004
1.349000	194.852005
1.350000	195.367004
1.351000	194.337006
1.352000	193.309006
1.353000	192.794006
1.354000	192.794006
1.355000	192.794006
1.356000	192.279999
1.357000	192.794006
1.358000	192.279999
1.359000	193.309006
1.360000	191.766006
1.361000	193.309006
1.362000	191.251999
1.363000	190.735992
1.364000	189.194000
1.365000	189.707993
1.366000	188.679001
1.367000	189.194000
1.368000	189.194000
1.369000	188.679001
1.370000	187.651001
1.371000	186.621994
1.372000	186.621994
1.373000	185.078003
1.374000	184.050003
1.375000	183.535004
1.376000	182.507004
1.377000	181.992996
1.378000	181.992996
1.379000	182.507004
1.380000	181.992996
1.381000	180.962997
1.382000	179.419998
1.383000	180.449005
1.384000	179.419998
1.385000	178.906006
1.386000	177.876999
1.387000	177.876999
1.388000	176.332993
1.389000	176.848007
1.390000	174.791000
1.391000	174.791000
1.392000	173.761993
1.393000	174.276001
1.394000	173.246994
1.395000	172.733002
1.396000	172.733002
1.397000	171.190002
1.398000	172.218002
1.399000	172.733002
1.400000	171.190002
1.401000	172.218002
1.402000	171.190002
1.403000	171.190002
1.404000	171.190002
1.405000	169.647003
1.406000	169.132996
1.407000	169.132996
1.408000	170.160995
1.409000	169.132996
1.410000	168.617004
1.411000	170.160995
1.412000	168.617004
1.413000	170.675003
1.414000	169.132996
1.415000	169.647003
1.416000	168.617004
1.417000	168.617004
1.418000	168.102997
1.419000	168.617004
1.420000	170.160995
1.421000	168.617004
1.422000	170.160995
1.423000	170.160995
1.424000	171.190002
1.425000	169.647003
1.426000	169.647003
1.427000	169.647003
1.428000	168.617004
1.429000	170.675003
1.430000	168.617004
1.431000	170.160995
1.432000	169.132996
1.433000	170.160995
1.434000	169.132996
1.435000	170.160995
1.436000	168.102997
1.437000	169.132996
1.438000	167.589005
1.439000	169.647003
1.440000	172.733002
1.441000	174.791000
1.442000	175.819000
1.443000	176.848007
1.444000	173.761993
1.445000	169.132996
1.446000	166.559998
1.447000	160.388000
1.448000	159.358002
1.449000	160.388000
1.450000	164.501999
1.451000	164.501999
1.452000	168.617004
1.453000	168.617004
1.454000	169.647003
1.455000	168.617004
1.456000	167.589005
1.457000	165.531998
1.458000	163.473007
1.459000	161.416000
1.460000	158.330002
1.461000	156.787003
1.462000	160.388000
1.463000	160.388000
1.464000	165.016998
1.465000	162.445007
1.466000	160.388000
1.467000	159.358002
1.468000	157.815002
1.469000	159.358002
1.470000	158.843994
1.471000	161.931000
1.472000	159.358002
1.473000	162.959000
1.474000	161.416000
1.475000	162.959000
1.476000	159.871994
1.477000	159.871994
1.478000	157.815002
1.479000	157.300995
1.480000	155.757004
1.481000	156.787003
1.482000	156.787003
1.483000	157.815002
1.484000	155.757004
1.485000	158.330002
1.486000	157.300995
1.487000	157.815002
1.488000	156.272995
1.489000	153.699997
1.490000	152.671997
1.491000	154.214005
1.492000	154.214005
1.493000	155.242996
1.494000	156.787003
1.495000	157.300995
1.496000	155.242996
1.497000	154.214005
1.498000	151.128006
1.499000	149.585007
1.500000	148.042007
1.501000	148.042007
1.502000	148.042007
1.503000	150.613007
1.504000	150.098999
1.505000	151.643005
1.506000	151.643005
1.507000	152.671997
1.508000	150.098999
1.509000	150.098999
1.510000	149.070999
1.511000	148.556000
1.512000	149.585007
1.513000	148.042007
1.514000	148.042007
1.515000	146.498001
1.516000	145.983994
1.517000	144.440994
1.518000	144.440994
1.519000	142.382996
1.520000	142.382996
1.521000	140.839996
1.522000	142.897003
1.523000	142.897003
1.524000	143.412003
1.525000	142.897003
1.526000	141.354004
1.527000	141.869003
1.528000	140.326004
1.529000	140.839996
1.530000	140.326004
1.531000	142.382996
1.532000	141.869003
1.533000	142.897003
1.534000	143.412003
1.535000	144.440994
1.536000	142.897003
1.537000	141.354004
1.538000	138.783005
1.539000	137.238998
1.540000	135.695999
1.541000	134.151993
1.542000	135.182007
1.543000	135.695999
1.544000	137.238998
1.545000	137.238998
1.546000	137.238998
1.547000	136.725006
1.548000	136.725006
1.549000	135.695999
1.550000	136.210999
1.551000	136.725006
1.552000	136.725006
1.553000	137.753006
1.554000	137.238998
1.555000	136.725006
1.556000	135.695999
1.557000	135.695999
1.558000	135.182007
1.559000	134.667999
1.560000	134.151993
1.561000	134.667999
1.562000	133.123993
1.563000	134.151993
1.564000	133.123993
1.565000	133.638000
1.566000	132.610001
1.567000	132.610001
1.568000	131.580994
1.569000	130.552002
1.570000	130.037994
1.571000	129.009003
1.572000	129.009003
1.573000	129.009003
1.574000	129.009003
1.575000	128.494003
1.576000	128.494003
1.577000	127.466003
1.578000	125.922997
1.579000	125.922997
1.580000	124.892998
1.581000	125.408997
1.582000	125.408997
1.583000	124.892998
1.584000	123.350998
1.585000	123.350998
1.586000	121.292999
1.587000	120.778000
1.588000	120.264000
1.589000	121.292999
1.590000	121.292999
1.591000	122.321999
1.592000	121.807999
1.593000	120.778000
1.594000	120.264000
1.595000	118.721001
1.596000	117.692001
1.597000	117.178001
1.598000	116.663002
1.599000	116.663002
1.600000	115.634003
1.601000	114.091003
1.602000	114.091003
1.603000	113.063004
1.604000	113.063004
1.605000	111.004997
1.606000	110.489998
1.607000	109.975998
1.608000	108.947998
1.609000	109.975998
1.610000	109.975998
1.611000	108.947998
1.612000	108.432999
1.613000	108.432999
1.614000	107.403999
1.615000	107.403999
1.616000	107.917999
1.617000	107.403999
1.618000	106.375000
1.619000	106.375000
1.620000	106.889999
1.621000	105.861000
1.622000	105.861000
1.623000	106.889999
1.624000	106.889999
1.625000	106.889999
1.626000	107.403999
1.627000	107.403999
1.628000	106.375000
1.629000	106.889999
1.630000	105.861000
1.631000	106.375000
1.632000	105.861000
1.633000	106.375000
1.634000	105.861000
1.635000	107.403999
1.636000	106.375000
1.637000	106.889999
1.638000	105.861000
1.639000	105.347000
1.640000	104.832001
1.641000	104.832001
1.642000	104.318001
1.643000	104.318001
1.644000	105.861000
1.645000	104.318001
1.646000	104.832001
1.647000	105.347000
1.648000	105.347000
1.649000	105.347000
1.650000	106.375000
1.651000	105.861000
1.652000	104.832001
1.653000	104.318001
1.654000	105.347000
1.655000	105.861000
1.656000	106.889999
1.657000	106.375000
1.658000	105.861000
1.659000	106.375000
1.660000	105.861000
1.661000	105.347000
1.662000	105.347000
1.663000	105.861000
1.664000	105.347000
1.665000	106.889999
1.666000	106.375000
1.667000	106.889999
1.668000	105.861000
1.669000	106.889999
1.670000	105.347000
1.671000	107.403999
1.672000	106.375000
1.673000	106.375000
1.674000	105.861000
1.675000	107.917999
1.676000	107.403999
1.677000	106.889999
1.678000	107.403999
1.679000	108.432999
1.680000	106.889999
1.681000	106.889999
1.682000	106.889999
1.683000	107.403999
1.684000	106.375000
1.685000	106.889999
1.686000	106.375000
1.687000	105.861000
1.688000	105.861000
1.689000	106.889999
1.690000	105.861000
1.691000	106.889999
1.692000	105.861000
1.693000	106.889999
1.694000	106.375000
1.695000	106.889999
1.696000	106.889999
1.697000	106.889999
1.698000	106.889999
1.699000	107.917999
1.700000	107.917999
1.701000	107.403999
1.702000	107.403999
1.703000	106.375000
1.704000	106.889999
1.705000	106.889999
1.706000	105.861000
1.707000	106.375000
1.708000	106.375000
1.709000	106.375000
1.710000	106.375000
1.711000	106.375000
1.712000	107.403999
1.713000	106.889999
1.714000	106.889999
1.715000	105.861000
1.716000	106.375000
1.717000	106.889999
1.718000	107.403999
1.719000	106.889999
1.720000	107.917999
1.721000	107.403999
1.722000	106.889999
1.723000	106.889999
1.724000	107.403999
1.725000	106.889999
1.726000	106.889999
1.727000	106.889999
1.728000	105.861000
1.729000	106.889999
1.730000	107.917999
1.731000	107.917999
1.732000	106.889999
1.733000	108.947998
1.734000	106.375000
1.735000	107.917999
1.736000	106.375000
1.737000	106.889999
1.738000	105.861000
1.739000	106.375000
1.740000	104.832001
1.741000	104.832001
1.742000	103.804001
1.743000	104.318001
1.744000	103.804001
1.745000	103.804001
1.746000	104.318001
1.747000	102.774002
1.748000	103.289001
1.749000	102.774002
1.750000	102.774002
1.751000	100.717003
1.752000	100.203003
1.753000	100.203003
1.754000	100.203003
1.755000	100.203003
1.756000	99.688599
1.757000	99.173401
1.758000	99.688599
1.759000	99.173401
1.760000	99.173401
1.761000	99.173401
1.762000	98.659302
1.763000	98.659302
1.764000	97.630096
1.765000	98.145203
1.766000	98.145203
1.767000	96.601898
1.768000	97.115997
1.769000	97.630096
1.770000	97.630096
1.771000	96.087799
1.772000	95.572601
1.773000	96.087799
1.774000	95.572601
1.775000	96.601898
1.776000	96.087799
1.777000	96.601898
1.778000	96.087799
1.779000	96.087799
1.780000	96.087799
1.781000	95.572601
1.782000	95.572601
1.783000	95.058502
1.784000	95.058502
1.785000	94.544403
1.786000	95.058502
1.787000	95.058502
1.788000	94.544403
1.789000	95.058502
1.790000	94.029198
1.791000	93.000999
1.792000	93.000999
1.793000	93.000999
1.794000	93.000999
1.795000	93.000999
1.796000	94.029198
1.797000	92.486900
1.798000	92.486900
1.799000	93.000999
1.800000	93.000999
1.801000	93.000999
1.802000	93.515099
1.803000	92.486900
1.804000	93.000999
1.805000	92.486900
1.806000	93.515099
1.807000	92.486900
1.808000	91.971802
1.809000	91.971802
1.810000	91.971802
1.811000	91.971802
1.812000	93.000999
1.813000	91.971802
1.814000	91.971802
1.815000	91.971802
1.816000	91.971802
1.817000	90.943604
1.818000	90.943604
1.819000	90.943604
1.820000	91.457703
1.821000	92.486900
1.822000	91.971802
1.823000	91.971802
1.824000	91.457703
1.825000	91.971802
1.826000	91.457703
1.827000	91.457703
1.828000	90.429497
1.829000	90.943604
1.830000	90.943604
1.831000	90.943604
1.832000	91.457703
1.833000	90.429497
1.834000	91.971802
1.835000	90.429497
1.836000	91.457703
1.837000	90.943604
1.838000	90.429497
1.839000	91.457703
1.840000	90.429497
1.841000	90.943604
1.842000	90.943604
1.843000	89.400200
1.844000	89.400200
1.845000	88.886101
1.846000	88.886101
1.847000	88.886101
1.848000	88.371002
1.849000	88.371002
1.850000	88.371002
1.851000	87.856903
1.852000	87.856903
1.853000	87.342697
1.854000	87.342697
1.855000	86.313499
1.856000	86.828598
1.857000	85.285301
1.858000	85.799400
1.859000	85.799400
1.860000	85.285301
1.861000	84.770103
1.862000	84.255997
1.863000	84.255997
1.864000	83.227798
1.865000	83.741898
1.866000	82.712700
1.867000	83.741898
1.868000	82.712700
1.869000	82.712700
1.870000	82.198601
1.871000	82.198601
1.872000	81.684502
1.873000	82.198601
1.874000	80.655197
1.875000	80.655197
1.876000	80.655197
1.877000	80.141098
1.878000	80.655197
1.879000	80.141098
1.880000	80.141098
1.881000	79.626999
1.882000	80.141098
1.883000	79.626999
1.884000	79.111801
1.885000	79.111801
1.886000	78.597702
1.887000	78.597702
1.888000	79.111801
1.889000	80.141098
1.890000	79.111801
1.891000	79.111801
1.892000	78.597702
1.893000	78.597702
1.894000	78.597702
1.895000	78.083603
1.896000	78.083603
1.897000	78.597702
1.898000	77.568497
1.899000	78.083603
1.900000	77.568497
1.901000	78.083603
1.902000	77.054398
1.903000	77.054398
1.904000	77.568497
1.905000	77.568497
1.906000	77.568497
1.907000	77.054398
1.908000	76.540298
1.909000	76.026199
1.910000	76.540298
1.911000	76.026199
1.912000	76.540298
1.913000	76.540298
1.914000	74.996902
1.915000	75.511002
1.916000	74.996902
1.917000	74.482803
1.918000	74.482803
1.919000	74.996902
1.920000	73.968697
1.921000	74.482803
1.922000	73.968697
1.923000	74.482803
1.924000	73.453499
1.925000	73.968697
1.926000	73.453499
1.927000	72.939400
1.928000	72.939400
1.929000	72.939400
1.930000	72.939400
1.931000	72.939400
1.932000	72.939400
1.933000	72.939400
1.934000	72.425301
1.935000	72.939400
1.936000	71.910202
1.937000	71.910202
1.938000	71.396103
1.939000	71.910202
1.940000	71.910202
1.941000	71.396103
1.942000	71.910202
1.943000	72.939400
1.944000	72.425301
1.945000	71.910202
1.946000	71.396103
1.947000	71.396103
1.948000	70.882004
1.949000	71.396103
1.950000	71.910202
1.951000	70.882004
1.952000	71.396103
1.953000	71.396103
1.954000	71.910202
1.955000	71.396103
1.956000	71.396103
1.957000	71.396103
1.958000	71.910202
1.959000	70.367897
1.960000	72.425301
1.961000	71.396103
1.962000	71.396103
1.963000	71.910202
1.964000	71.396103
1.965000	71.396103
1.966000	70.882004
1.967000	69.852699
1.968000	71.396103
1.969000	70.367897
1.970000	70.882004
1.971000	70.882004
1.972000	70.882004
1.973000	70.367897
1.974000	70.367897
1.975000	69.338600
1.976000	68.824501
1.977000	68.309303
1.978000	68.824501
1.979000	67.795197
1.980000	68.309303
1.981000	67.795197
1.982000	67.795197
1.983000	67.795197
1.984000	68.824501
1.985000	67.795197
1.986000	67.795197
1.987000	67.281097
1.988000	67.281097
1.989000	66.766998
1.990000	66.766998
1.991000	66.251900
1.992000	66.251900
1.993000	66.251900
1.994000	65.737801
1.995000	65.223701
1.996000	65.737801
1.997000	65.737801
1.998000	65.223701
1.999000	65.223701
2.000000	65.223701
2.001000	65.223701
2.002000	65.223701
2.003000	64.708504
2.004000	65.223701
2.005000	64.194397
2.006000	64.194397
2.007000	64.194397
2.008000	64.194397
2.009000	63.166199
2.010000	63.680302
2.011000	63.680302
2.012000	63.166199
2.013000	62.651100
2.014000	62.651100
2.015000	63.166199
2.016000	62.651100
2.017000	62.651100
2.018000	62.651100
2.019000	62.136902
2.020000	62.136902
2.021000	62.136902
2.022000	62.136902
2.023000	60.593601
2.024000	61.107700
2.025000	61.622799
2.026000	60.593601
2.027000	60.079498
2.028000	60.593601
2.029000	60.079498
2.030000	60.593601
2.031000	60.079498
2.032000	60.079498
2.033000	59.565399
2.034000	59.565399
2.035000	59.565399
2.036000	59.050201
2.037000	59.050201
2.038000	58.021999
2.039000	58.021999
2.040000	58.536098
2.041000	58.536098
2.042000	58.536098
2.043000	58.536098
2.044000	58.021999
2.045000	57.507900
2.046000	58.021999
2.047000	58.021999
2.048000	58.021999
2.049000	57.507900
2.050000	56.992802
2.051000	57.507900
2.052000	57.507900
2.053000	58.021999
2.054000	56.992802
2.055000	57.507900
2.056000	56.992802
2.057000	56.478699
2.058000	56.992802
2.059000	56.992802
2.060000	56.992802
2.061000	56.992802
2.062000	56.478699
2.063000	56.478699
2.064000	55.964500
2.065000	55.964500
2.066000	56.478699
2.067000	56.478699
2.068000	55.449402
2.069000	56.992802
2.070000	55.964500
2.071000	55.449402
2.072000	54.421200
2.073000	54.935299
2.074000	54.421200
2.075000	54.421200
2.076000	55.449402
2.077000	54.935299
2.078000	54.935299
2.079000	54.421200
2.080000	54.421200
2.081000	53.391899
2.082000	53.907101
2.083000	54.421200
2.084000	53.907101
2.085000	53.391899
2.086000	52.363701
2.087000	53.391899
2.088000	52.877800
2.089000	53.391899
2.090000	53.391899
2.091000	53.391899
2.092000	52.363701
2.093000	52.363701
2.094000	52.877800
2.095000	52.877800
2.096000	52.363701
2.097000	52.877800
2.098000	52.363701
2.099000	53.391899
2.100000	53.391899
2.101000	52.363701
2.102000	52.877800
2.103000	52.363701
2.104000	53.391899
2.105000	53.391899
2.106000	52.363701
2.107000	52.877800
2.108000	52.363701
2.109000	52.877800
2.110000	52.877800
2.111000	52.363701
2.112000	52.363701
2.113000	53.391899
2.114000	52.877800
2.115000	52.363701
2.116000	52.877800
2.117000	52.877800
2.118000	52.877800
2.119000	52.877800
2.120000	52.877800
2.121000	51.848598
2.122000	52.877800
2.123000	52.363701
2.124000	52.363701
2.125000	51.334499
2.126000	51.848598
2.127000	51.334499
2.128000	51.334499
2.129000	51.334499
2.130000	51.334499
2.131000	50.306301
2.132000	50.820400
2.133000	51.334499
2.134000	50.820400
2.135000	50.306301
2.136000	49.791100
2.137000	50.306301
2.138000	49.791100
2.139000	49.791100
2.140000	49.791100
2.141000	49.277000
2.142000	49.791100
2.143000	49.791100
2.144000	49.791100
2.145000	49.791100
2.146000	48.762901
2.147000	48.762901
2.148000	48.247700
2.149000	47.733601
2.150000	48.247700
2.151000	48.247700
2.152000	47.733601
2.153000	48.247700
2.154000	48.247700
2.155000	48.247700
2.156000	47.733601
2.157000	48.247700
2.158000	47.219501
2.159000	47.219501
2.160000	47.733601
2.161000	47.219501
2.162000	46.705399
2.163000	47.219501
2.164000	46.705399
2.165000	47.219501
2.166000	46.705399
2.167000	46.190300
2.168000	46.190300
2.169000	46.190300
2.170000	45.676201
2.171000	45.676201
2.172000	44.646900
2.173000	45.162102
2.174000	45.162102
2.175000	44.646900
2.176000	44.646900
2.177000	44.646900
2.178000	44.646900
2.179000	44.646900
2.180000	43.618698
2.181000	44.646900
2.182000	44.646900
2.183000	44.132801
2.184000	43.618698
2.185000	43.618698
2.186000	44.132801
2.187000	44.132801
2.188000	43.618698
2.189000	44.132801
2.190000	44.132801
2.191000	42.589401
2.192000	43.104599
2.193000	43.618698
2.194000	43.104599
2.195000	43.104599
2.196000	42.589401
2.197000	43.104599
2.198000	42.589401
2.199000	43.618698
2.200000	43.618698
2.201000	42.589401
2.202000	43.104599
2.203000	42.589401
2.204000	42.589401
2.205000	43.618698
2.206000	43.618698
2.207000	43.104599
2.208000	43.104599
2.209000	43.104599
2.210000	43.618698
2.211000	43.618698
2.212000	43.618698
2.213000	43.618698
2.214000	43.104599
2.215000	43.104599
2.216000	43.618698
2.217000	43.618698
2.218000	43.618698
2.219000	43.618698
2.220000	43.618698
2.221000	43.104599
2.222000	43.618698
2.223000	43.104599
2.224000	44.646900
2.225000	44.132801
2.226000	43.618698
2.227000	43.618698
2.228000	43.618698
2.229000	43.618698
2.230000	43.618698
2.231000	42.589401
2.232000	42.589401
2.233000	43.618698
2.234000	43.104599
2.235000	42.075298
2.236000	42.589401
2.237000	42.075298
2.238000	42.075298
2.239000	42.075298
2.240000	41.561199
2.241000	41.561199
2.242000	41.561199
2.243000	41.047100
2.244000	41.047100
2.245000	41.561199
2.246000	40.532001
2.247000	40.017899
2.248000	40.532001
2.249000	40.532001
2.250000	40.532001
2.251000	41.047100
2.252000	40.017899
2.253000	40.017899
2.254000	41.047100
2.255000	41.047100
2.256000	40.017899
2.257000	40.532001
2.258000	40.017899
2.259000	39.503799
2.260000	40.017899
2.261000	39.503799
2.262000	40.017899
2.263000	40.017899
2.264000	39.503799
2.265000	39.503799
2.266000	39.503799
2.267000	38.988602
2.268000	39.503799
2.269000	38.988602
2.270000	38.474499
2.271000	38.474499
2.272000	38.474499
2.273000	38.988602
2.274000	37.960400
2.275000	37.960400
2.276000	37.960400
2.277000	37.446301
2.278000	37.960400
2.279000	37.960400
2.280000	38.474499
2.281000	37.960400
2.282000	37.960400
2.283000	37.960400
2.284000	37.960400
2.285000	36.931099
2.286000	37.446301
2.287000	37.446301
2.288000	37.960400
2.289000	37.960400
2.290000	37.960400
2.291000	37.446301
2.292000	37.446301
2.293000	36.931099
2.294000	36.931099
2.295000	36.931099
2.296000	36.417000
2.297000	36.417000
2.298000	36.931099
2.299000	36.931099
2.300000	36.417000
2.301000	36.417000
2.302000	35.387798
2.303000	35.387798
2.304000	35.902901
2.305000	35.902901
2.306000	35.902901
2.307000	35.387798
2.308000	34.873699
2.309000	35.902901
2.310000	35.387798
2.311000	35.387798
2.312000	34.359600
2.313000	34.873699
2.314000	34.359600
2.315000	34.873699
2.316000	34.873699
2.317000	34.873699
2.318000	34.359600
2.319000	34.873699
2.320000	33.845501
2.321000	34.359600
2.322000	34.359600
2.323000	34.873699
2.324000	34.359600
2.325000	34.359600
2.326000	33.845501
2.327000	34.359600
2.328000	34.359600
2.329000	33.845501
2.330000	33.845501
2.331000	34.359600
2.332000	33.845501
2.333000	33.330299
2.334000	33.845501
2.335000	33.330299
2.336000	33.845501
2.337000	33.330299
2.338000	34.359600
2.339000	33.330299
2.340000	32.816200
2.341000	33.330299
2.342000	32.816200
2.343000	33.330299
2.344000	32.816200
2.345000	33.330299
2.346000	33.845501
2.347000	32.816200
2.348000	32.302101
2.349000	32.816200
2.350000	32.816200
2.351000	32.816200
2.352000	32.816200
2.353000	32.816200
2.354000	32.302101
2.355000	32.302101
2.356000	32.302101
2.357000	31.787001
2.358000	32.816200
2.359000	31.787001
2.360000	32.302101
2.361000	31.787001
2.362000	31.787001
2.363000	31.787001
2.364000	31.787001
2.365000	31.272900
2.366000	31.787001
2.367000	31.787001
2.368000	31.787001
2.369000	31.787001
2.370000	30.758699
2.371000	31.272900
2.372000	30.758699
2.373000	30.758699
2.374000	30.758699
2.375000	30.758699
2.376000	30.244600
2.377000	30.758699
2.378000	30.758699
2.379000	30.244600
2.380000	29.729500
2.381000	30.758699
2.382000	30.758699
2.383000	31.272900
2.384000	30.244600
2.385000	30.758699
2.386000	29.729500
2.387000	30.244600
2.388000	30.244600
2.389000	30.244600
2.390000	30.244600
2.391000	29.729500
2.392000	30.244600
2.393000	29.729500
2.394000	30.244600
2.395000	30.244600
2.396000	29.215401
2.397000	29.215401
2.398000	29.215401
2.399000	29.215401
2.400000	29.215401
2.401000	29.729500
2.402000	29.215401
2.403000	29.215401
2.404000	29.215401
2.405000	28.701300
2.406000	28.701300
2.407000	28.701300
2.408000	28.701300
2.409000	28.186100
2.410000	28.186100
2.411000	28.701300
2.412000	28.186100
2.413000	28.186100
2.414000	27.672001
2.415000	27.157900
2.416000	27.672001
2.417000	28.701300
2.418000	27.672001
2.419000	28.186100
2.420000	27.672001
2.421000	27.672001
2.422000	27.672001
2.423000	27.672001
2.424000	27.157900
2.425000	27.672001
2.426000	26.643801
2.427000	27.157900
2.428000	27.157900
2.429000	26.643801
2.430000	26.643801
2.431000	26.128700
2.432000	26.643801
2.433000	26.128700
2.434000	25.100500
2.435000	25.614599
2.436000	26.128700
2.437000	26.128700
2.438000	26.128700
2.439000	25.614599
2.440000	26.128700
2.441000	25.100500
2.442000	25.614599
2.443000	25.614599
2.444000	25.100500
2.445000	26.643801
2.446000	26.128700
2.447000	25.100500
2.448000	24.586300
2.449000	26.128700
2.450000	25.100500
2.451000	25.100500
2.452000	24.586300
2.453000	24.586300
2.454000	25.100500
2.455000	25.614599
2.456000	25.100500
2.457000	25.100500
2.458000	25.100500
2.459000	24.586300
2.460000	25.100500
2.461000	24.071199
2.462000	25.100500
2.463000	24.071199
2.464000	24.586300
2.465000	24.586300
2.466000	23.557100
2.467000	24.071199
2.468000	24.071199
2.469000	24.071199
2.470000	24.071199
2.471000	23.557100
2.472000	23.557100
2.473000	23.557100
2.474000	23.557100
2.475000	24.071199
2.476000	23.557100
2.477000	24.071199
2.478000	23.557100
2.479000	23.557100
2.480000	22.527800
2.481000	23.042999
2.482000	23.042999
2.483000	23.042999
2.484000	22.527800
2.485000	24.071199
2.486000	23.042999
2.487000	23.042999
2.488000	22.527800
2.489000	22.013700
2.490000	22.013700
2.491000	22.527800
2.492000	22.013700
2.493000	22.013700
2.494000	23.042999
2.495000	22.013700
2.496000	22.527800
2.497000	21.499599
2.498000	22.013700
2.499000	22.013700
2.500000	22.013700
2.501000	22.013700
2.502000	22.013700
2.503000	22.013700
2.504000	22.013700
2.505000	21.499599
2.506000	21.499599
2.507000	22.013700
2.508000	20.985500
2.509000	21.499599
2.510000	22.013700
2.511000	21.499599
2.512000	21.499599
2.513000	22.013700
2.514000	21.499599
2.515000	20.470400
2.516000	21.499599
2.517000	20.985500
2.518000	20.470400
2.519000	21.499599
2.520000	20.985500
2.521000	21.499599
2.522000	20.985500
2.523000	20.985500
2.524000	20.470400
2.525000	20.470400
2.526000	20.470400
2.527000	20.985500
2.528000	21.499599
2.529000	19.956301
2.530000	20.985500
2.531000	20.470400
2.532000	20.985500
2.533000	20.985500
2.534000	20.470400
2.535000	20.470400
2.536000	19.956301
2.537000	19.956301
2.538000	19.956301
2.539000	20.985500
2.540000	21.499599
2.541000	19.956301
2.542000	19.442200
2.543000	19.956301
2.544000	20.470400
2.545000	19.442200
2.546000	19.956301
2.547000	19.956301
2.548000	19.956301
2.549000	19.956301
2.550000	19.956301
2.551000	19.956301
2.552000	19.956301
2.553000	19.442200
2.554000	19.442200
2.555000	18.927000
2.556000	19.956301
2.557000	18.412901
2.558000	18.927000
2.559000	19.442200
2.560000	19.442200
2.561000	18.927000
2.562000	17.898800
2.563000	18.412901
2.564000	17.898800
2.565000	18.412901
2.566000	18.927000
2.567000	18.412901
2.568000	18.412901
2.569000	18.927000
2.570000	17.898800
2.571000	18.412901
2.572000	17.384701
2.573000	18.412901
2.574000	17.898800
2.575000	18.412901
2.576000	17.384701
2.577000	17.898800
2.578000	17.384701
2.579000	17.898800
2.580000	17.384701
2.581000	17.384701
2.582000	16.869499
2.583000	17.384701
2.584000	17.384701
2.585000	16.869499
2.586000	17.384701
2.587000	17.384701
2.588000	16.869499
2.589000	17.384701
2.590000	16.869499
2.591000	16.869499
2.592000	16.869499
2.593000	16.355400
2.594000	16.869499
2.595000	16.869499
2.596000	16.869499
2.597000	16.355400
2.598000	16.869499
2.599000	16.355400
2.600000	15.841300
2.601000	15.841300
2.602000	16.355400
2.603000	16.355400
2.604000	16.355400
2.605000	16.355400
2.606000	16.355400
2.607000	16.355400
2.608000	15.326200
2.609000	15.326200
2.610000	15.326200
2.611000	15.326200
2.612000	15.326200
2.613000	14.812100
2.614000	15.326200
2.615000	15.326200
2.616000	14.812100
2.617000	15.841300
2.618000	14.812100
2.619000	15.326200
2.620000	14.812100
2.621000	14.812100
2.622000	15.326200
2.623000	15.326200
2.624000	15.326200
2.625000	15.326200
2.626000	14.298000
2.627000	15.326200
2.628000	14.812100
2.629000	14.298000
2.630000	14.812100
2.631000	15.326200
2.632000	14.812100
2.633000	14.812100
2.634000	14.298000
2.635000	13.783900
2.636000	13.783900
2.637000	13.783900
2.638000	14.298000
2.639000	14.298000
2.640000	13.783900
2.641000	13.783900
2.642000	14.298000
2.643000	14.298000
2.644000	13.783900
2.645000	13.783900
2.646000	13.783900
2.647000	13.268700
2.648000	13.268700
2.649000	13.783900
2.650000	13.783900
2.651000	13.783900
2.652000	13.783900
2.653000	13.783900
2.654000	13.268700
2.655000	13.783900
2.656000	12.754600
2.657000	12.754600
2.658000	12.754600
2.659000	13.268700
2.660000	13.268700
2.661000	12.754600
2.662000	13.268700
2.663000	13.268700
2.664000	12.754600
2.665000	12.240500
2.666000	12.754600
2.667000	13.268700
2.668000	12.754600
2.669000	12.240500
2.670000	12.754600
2.671000	12.240500
2.672000	12.754600
2.673000	12.754600
2.674000	12.240500
2.675000	12.240500
2.676000	12.240500
2.677000	12.240500
2.678000	11.725300
2.679000	11.725300
2.680000	12.240500
2.681000	11.725300
2.682000	12.240500
2.683000	11.725300
2.684000	11.211200
2.685000	12.240500
2.686000	11.725300
2.687000	11.211200
2.688000	11.211200
2.689000	11.211200
2.690000	11.725300
2.691000	11.211200
2.692000	11.211200
2.693000	11.211200
2.694000	11.211200
2.695000	10.697100
2.696000	11.725300
2.697000	11.211200
2.698000	11.725300
2.699000	11.211200
2.700000	11.725300
2.701000	11.725300
2.702000	11.211200
2.703000	10.697100
2.704000	11.211200
2.705000	11.211200
2.706000	11.211200
2.707000	10.697100
2.708000	11.211200
2.709000	11.725300
2.710000	10.697100
2.711000	10.183000
2.712000	9.667880
2.713000	10.697100
2.714000	10.183000
2.715000	10.183000
2.716000	11.211200
2.717000	10.697100
2.718000	11.211200
2.719000	10.697100
2.720000	9.667880
2.721000	10.183000
2.722000	10.183000
2.723000	10.697100
2.724000	10.183000
2.725000	10.183000
2.726000	10.183000
2.727000	9.667880
2.728000	9.667880
2.729000	9.667880
2.730000	10.183000
2.731000	9.667880
2.732000	9.667880
2.733000	9.153770
2.734000	9.667880
2.735000	9.667880
2.736000	9.667880
2.737000	9.153770
2.738000	9.667880
2.739000	9.153770
2.740000	8.639670
2.741000	8.639670
2.742000	9.153770
2.743000	9.153770
2.744000	9.153770
2.745000	9.153770
2.746000	9.153770
2.747000	8.639670
2.748000	8.639670
2.749000	9.153770
2.750000	8.639670
2.751000	8.125570
2.752000	8.639670
2.753000	8.639670
2.754000	9.153770
2.755000	8.125570
2.756000	8.639670
2.757000	8.639670
2.758000	8.639670
2.759000	8.639670
2.760000	8.125570
2.761000	8.125570
2.762000	7.610410
2.763000	8.125570
2.764000	8.125570
2.765000	8.125570
2.766000	8.125570
2.767000	8.125570
2.768000	8.125570
2.769000	8.639670
2.770000	8.125570
2.771000	8.125570
2.772000	8.125570
2.773000	7.096310
2.774000	7.610410
2.775000	8.125570
2.776000	8.125570
2.777000	7.096310
2.778000	7.610410
2.779000	7.610410
2.780000	7.610410
2.781000	7.096310
2.782000	8.125570
2.783000	8.125570
2.784000	7.096310
2.785000	7.610410
2.786000	6.582210
2.787000	7.610410
2.788000	7.096310
2.789000	8.125570
2.790000	7.096310
2.791000	7.096310
2.792000	7.096310
2.793000	6.582210
2.794000	7.096310
2.795000	7.096310
2.796000	7.096310
2.797000	6.582210
2.798000	6.582210
2.799000	7.096310
2.800000	6.582210
2.801000	7.096310
2.802000	6.067050
2.803000	6.582210
2.804000	6.582210
2.805000	6.582210
2.806000	6.582210
2.807000	6.582210
2.808000	6.067050
2.809000	6.067050
2.810000	6.067050
2.811000	6.067050
2.812000	6.067050
2.813000	6.067050
2.814000	5.552950
2.815000	5.038840
2.816000	5.552950
2.817000	5.552950
2.818000	6.067050
2.819000	5.552950
2.820000	5.552950
2.821000	5.552950
2.822000	5.552950
2.823000	5.038840
2.824000	5.552950
2.825000	5.038840
2.826000	5.038840
2.827000	5.552950
2.828000	5.552950
2.829000	5.552950
2.830000	5.038840
2.831000	5.038840
2.832000	5.038840
2.833000	5.038840
2.834000	5.038840
2.835000	5.038840
2.836000	5.038840
2.837000	5.038840
2.838000	5.552950
2.839000	5.038840
2.840000	5.038840
2.841000	4.524740
2.842000	4.524740
2.843000	4.524740
2.844000	4.524740
2.845000	4.009580
2.846000	5.038840
2.847000	4.524740
2.848000	4.009580
2.849000	5.038840
2.850000	4.009580
2.851000	4.524740
2.852000	3.495480
2.853000	4.009580
2.854000	4.524740
2.855000	4.009580
2.856000	4.524740
2.857000	4.009580
2.858000	4.524740
2.859000	4.009580
2.860000	3.495480
2.861000	4.524740
2.862000	4.009580
2.863000	3.495480
2.864000	3.495480
2.865000	3.495480
2.866000	3.495480
2.867000	4.524740
2.868000	3.495480
2.869000	4.009580
2.870000	3.495480
2.871000	3.495480
2.872000	4.009580
2.873000	2.981380
2.874000	2.981380
2.875000	3.495480
2.876000	3.495480
2.877000	2.466220
2.878000	3.495480
2.879000	3.495480
2.880000	3.495480
2.881000	3.495480
2.882000	2.981380
2.883000	3.495480
2.884000	2.981380
2.885000	2.981380
2.886000	2.981380
2.887000	2.981380
2.888000	2.981380
2.889000	3.495480
2.890000	2.466220
2.891000	2.981380
2.892000	2.981380
2.893000	3.495480
2.894000	2.466220
2.895000	2.981380
2.896000	2.466220
2.897000	2.981380
2.898000	2.466220
2.899000	2.981380
2.900000	2.981380
2.901000	2.981380
2.902000	2.466220
2.903000	1.952120
2.904000	2.466220
2.905000	2.466220
2.906000	1.952120
2.907000	2.466220
2.908000	1.952120
2.909000	1.952120
2.910000	2.466220
2.911000	1.952120
2.912000	2.466220
2.913000	1.438010
2.914000	2.466220
2.915000	1.952120
2.916000	1.952120
2.917000	2.466220
2.918000	1.952120
2.919000	1.438010
2.920000	1.952120
2.921000	1.952120
2.922000	2.466220
2.923000	1.438010
2.924000	1.438010
2.925000	1.438010
2.926000	1.438010
2.927000	0.923911
2.928000	1.438010
2.929000	1.952120
2.930000	1.438010
2.931000	1.952120
2.932000	0.923911
2.933000	2.466220
2.934000	1.438010
2.935000	1.438010
2.936000	1.438010
2.937000	0.923911
2.938000	1.438010
2.939000	1.952120
2.940000	0.923911
2.941000	0.923911
2.942000	1.438010
2.943000	0.923911
2.944000	0.923911
2.945000	0.923911
2.946000	0.923911
2.947000	0.408754
2.948000	0.408754
2.949000	1.438010
2.950000	0.923911
2.951000	0.923911
2.952000	0.923911
2.953000	0.923911
2.954000	0.408754
2.955000	1.438010
2.956000	1.438010
2.957000	0.923911
2.958000	0.408754
2.959000	0.923911
2.960000	0.408754
2.961000	0.923911
2.962000	0.923911
2.963000	0.408754
2.964000	0.408754
2.965000	0.408754
2.966000	-0.105349
2.967000	0.923911
2.968000	0.408754
2.969000	0.923911
2.970000	0.408754
2.971000	0.408754
2.972000	-0.105349
2.973000	0.408754
2.974000	0.408754
2.975000	-0.105349
2.976000	0.408754
2.977000	0.408754
2.978000	0.408754
2.979000	-0.105349
2.980000	0.923911
2.981000	-0.619452
2.982000	-0.105349
2.983000	-0.105349
2.984000	0.408754
2.985000	-1.134610
2.986000	-0.619452
2.987000	-0.619452
2.988000	-0.619452
2.989000	-0.619452
2.990000	0.408754
2.991000	-0.619452
2.992000	-0.619452
2.993000	-1.134610
2.994000	-0.619452
2.995000	-1.134610
2.996000	-1.134610
2.997000	-1.134610
2.998000	-0.619452
2.999000	-0.619452
