0.000000	0.678000
-0.002200	0.678000
0.008250	0.678000
-0.023300	0.678000
0.008250	0.660000
0.016000	0.678000
0.004100	0.660000
0.000730	0.678000
-0.023600	0.212000
0.001320	-0.183000
0.006970	-0.165000
0.412000	0.660000
-0.347000	2.490000
2.810000	6.530000
3.230000	9.410000
3.850000	9.920000
4.390000	8.620000
4.450000	8.300000
4.600000	9.580000
4.890000	11.500000
5.480000	13.300000
6.170000	14.300000
6.510000	15.100000
6.820000	15.200000
7.070000	15.300000
7.070000	16.200001
8.300000	16.200001
8.780000	14.200000
9.820000	15.300000
10.400000	17.600000
11.800000	19.100000
12.700000	19.400000
13.600000	19.000000
13.600000	18.200001
14.000000	19.100000
14.800000	13.900000
15.400000	12.500000
17.600000	9.700000
20.400000	12.300000
23.400000	7.930000
26.799999	5.740000
31.100000	3.140000
35.400002	2.310000
40.500000	1.270000
45.799999	4.000000
49.099998	-0.129000
