-0.500000	0.104926
-0.499000	0.094729
-0.498000	0.099833
-0.497000	0.099833
-0.496000	0.099833
-0.495000	0.104926
-0.494000	0.104926
-0.493000	0.094729
-0.492000	0.094729
-0.491000	0.094729
-0.490000	0.099833
-0.489000	0.099833
-0.488000	0.099833
-0.487000	0.104926
-0.486000	0.104926
-0.485000	0.094729
-0.484000	0.099833
-0.483000	0.094729
-0.482000	0.104926
-0.481000	0.099833
-0.480000	0.099833
-0.479000	0.099833
-0.478000	0.099833
-0.477000	0.104926
-0.476000	0.094729
-0.475000	0.099833
-0.474000	0.089636
-0.473000	0.099833
-0.472000	0.099833
-0.471000	0.104926
-0.470000	0.104926
-0.469000	0.104926
-0.468000	0.094729
-0.467000	0.099833
-0.466000	0.104926
-0.465000	0.099833
-0.464000	0.099833
-0.463000	0.104926
-0.462000	0.094729
-0.461000	0.089636
-0.460000	0.104926
-0.459000	0.099833
-0.458000	0.099833
-0.457000	0.094729
-0.456000	0.099833
-0.455000	0.104926
-0.454000	0.099833
-0.453000	0.104926
-0.452000	0.099833
-0.451000	0.099833
-0.450000	0.104926
-0.449000	0.094729
-0.448000	0.099833
-0.447000	0.094729
-0.446000	0.099833
-0.445000	0.099833
-0.444000	0.094729
-0.443000	0.099833
-0.442000	0.110018
-0.441000	0.099833
-0.440000	0.099833
-0.439000	0.104926
-0.438000	0.094729
-0.437000	0.094729
-0.436000	0.099833
-0.435000	0.099833
-0.434000	0.099833
-0.433000	0.094729
-0.432000	0.099833
-0.431000	0.099833
-0.430000	0.104926
-0.429000	0.099833
-0.428000	0.099833
-0.427000	0.099833
-0.426000	0.099833
-0.425000	0.094729
-0.424000	0.099833
-0.423000	0.104926
-0.422000	0.099833
-0.421000	0.104926
-0.420000	0.099833
-0.419000	0.104926
-0.418000	0.094729
-0.417000	0.099833
-0.416000	0.099833
-0.415000	0.099833
-0.414000	0.104926
-0.413000	0.099833
-0.412000	0.104926
-0.411000	0.099833
-0.410000	0.104926
-0.409000	0.094729
-0.408000	0.099833
-0.407000	0.104926
-0.406000	0.104926
-0.405000	0.099833
-0.404000	0.094729
-0.403000	0.094729
-0.402000	0.104926
-0.401000	0.099833
-0.400000	0.104926
-0.399000	0.104926
-0.398000	0.099833
-0.397000	0.099833
-0.396000	0.099833
-0.395000	0.099833
-0.394000	0.099833
-0.393000	0.099833
-0.392000	0.099833
-0.391000	0.099833
-0.390000	0.104926
-0.389000	0.094729
-0.388000	0.099833
-0.387000	0.094729
-0.386000	0.104926
-0.385000	0.104926
-0.384000	0.099833
-0.383000	0.104926
-0.382000	0.099833
-0.381000	0.099833
-0.380000	0.099833
-0.379000	0.099833
-0.378000	0.099833
-0.377000	0.099833
-0.376000	0.104926
-0.375000	0.104926
-0.374000	0.094729
-0.373000	0.099833
-0.372000	0.094729
-0.371000	0.099833
-0.370000	0.104926
-0.369000	0.094729
-0.368000	0.099833
-0.367000	0.094729
-0.366000	0.099833
-0.365000	0.094729
-0.364000	0.104926
-0.363000	0.099833
-0.362000	0.099833
-0.361000	0.099833
-0.360000	0.099833
-0.359000	0.104926
-0.358000	0.099833
-0.357000	0.094729
-0.356000	0.094729
-0.355000	0.104926
-0.354000	0.094729
-0.353000	0.094729
-0.352000	0.099833
-0.351000	0.099833
-0.350000	0.099833
-0.349000	0.099833
-0.348000	0.099833
-0.347000	0.104926
-0.346000	0.104926
-0.345000	0.099833
-0.344000	0.099833
-0.343000	0.099833
-0.342000	0.099833
-0.341000	0.099833
-0.340000	0.104926
-0.339000	0.104926
-0.338000	0.099833
-0.337000	0.099833
-0.336000	0.099833
-0.335000	0.104926
-0.334000	0.099833
-0.333000	0.104926
-0.332000	0.099833
-0.331000	0.099833
-0.330000	0.104926
-0.329000	0.104926
-0.328000	0.099833
-0.327000	0.094729
-0.326000	0.099833
-0.325000	0.099833
-0.324000	0.099833
-0.323000	0.094729
-0.322000	0.099833
-0.321000	0.099833
-0.320000	0.099833
-0.319000	0.094729
-0.318000	0.104926
-0.317000	0.104926
-0.316000	0.104926
-0.315000	0.094729
-0.314000	0.099833
-0.313000	0.104926
-0.312000	0.094729
-0.311000	0.099833
-0.310000	0.104926
-0.309000	0.110018
-0.308000	0.099833
-0.307000	0.099833
-0.306000	0.104926
-0.305000	0.099833
-0.304000	0.104926
-0.303000	0.099833
-0.302000	0.099833
-0.301000	0.099833
-0.300000	0.099833
-0.299000	0.104926
-0.298000	0.094729
-0.297000	0.104926
-0.296000	0.099833
-0.295000	0.104926
-0.294000	0.094729
-0.293000	0.104926
-0.292000	0.099833
-0.291000	0.099833
-0.290000	0.104926
-0.289000	0.099833
-0.288000	0.099833
-0.287000	0.104926
-0.286000	0.104926
-0.285000	0.099833
-0.284000	0.094729
-0.283000	0.094729
-0.282000	0.099833
-0.281000	0.099833
-0.280000	0.104926
-0.279000	0.099833
-0.278000	0.099833
-0.277000	0.099833
-0.276000	0.104926
-0.275000	0.099833
-0.274000	0.099833
-0.273000	0.099833
-0.272000	0.094729
-0.271000	0.099833
-0.270000	0.099833
-0.269000	0.094729
-0.268000	0.110018
-0.267000	0.104926
-0.266000	0.104926
-0.265000	0.104926
-0.264000	0.099833
-0.263000	0.094729
-0.262000	0.094729
-0.261000	0.099833
-0.260000	0.099833
-0.259000	0.104926
-0.258000	0.099833
-0.257000	0.089636
-0.256000	0.099833
-0.255000	0.099833
-0.254000	0.099833
-0.253000	0.099833
-0.252000	0.099833
-0.251000	0.099833
-0.250000	0.104926
-0.249000	0.104926
-0.248000	0.099833
-0.247000	0.104926
-0.246000	0.094729
-0.245000	0.099833
-0.244000	0.104926
-0.243000	0.094729
-0.242000	0.099833
-0.241000	0.099833
-0.240000	0.099833
-0.239000	0.099833
-0.238000	0.104926
-0.237000	0.104926
-0.236000	0.099833
-0.235000	0.099833
-0.234000	0.104926
-0.233000	0.089636
-0.232000	0.094729
-0.231000	0.099833
-0.230000	0.099833
-0.229000	0.099833
-0.228000	0.099833
-0.227000	0.099833
-0.226000	0.099833
-0.225000	0.104926
-0.224000	0.099833
-0.223000	0.099833
-0.222000	0.104926
-0.221000	0.099833
-0.220000	0.099833
-0.219000	0.094729
-0.218000	0.110018
-0.217000	0.099833
-0.216000	0.104926
-0.215000	0.104926
-0.214000	0.099833
-0.213000	0.104926
-0.212000	0.099833
-0.211000	0.099833
-0.210000	0.104926
-0.209000	0.104926
-0.208000	0.099833
-0.207000	0.104926
-0.206000	0.099833
-0.205000	0.099833
-0.204000	0.104926
-0.203000	0.094729
-0.202000	0.104926
-0.201000	0.099833
-0.200000	0.099833
-0.199000	0.104926
-0.198000	0.099833
-0.197000	0.099833
-0.196000	0.099833
-0.195000	0.099833
-0.194000	0.094729
-0.193000	0.104926
-0.192000	0.099833
-0.191000	0.104926
-0.190000	0.104926
-0.189000	0.099833
-0.188000	0.099833
-0.187000	0.099833
-0.186000	0.099833
-0.185000	0.094729
-0.184000	0.099833
-0.183000	0.104926
-0.182000	0.099833
-0.181000	0.104926
-0.180000	0.104926
-0.179000	0.099833
-0.178000	0.104926
-0.177000	0.099833
-0.176000	0.099833
-0.175000	0.094729
-0.174000	0.099833
-0.173000	0.094729
-0.172000	0.094729
-0.171000	0.089636
-0.170000	0.094729
-0.169000	0.099833
-0.168000	0.104926
-0.167000	0.099833
-0.166000	0.099833
-0.165000	0.094729
-0.164000	0.099833
-0.163000	0.104926
-0.162000	0.104926
-0.161000	0.099833
-0.160000	0.104926
-0.159000	0.104926
-0.158000	0.104926
-0.157000	0.099833
-0.156000	0.099833
-0.155000	0.099833
-0.154000	0.104926
-0.153000	0.099833
-0.152000	0.099833
-0.151000	0.104926
-0.150000	0.094729
-0.149000	0.094729
-0.148000	0.094729
-0.147000	0.099833
-0.146000	0.104926
-0.145000	0.099833
-0.144000	0.099833
-0.143000	0.104926
-0.142000	0.099833
-0.141000	0.099833
-0.140000	0.104926
-0.139000	0.099833
-0.138000	0.099833
-0.137000	0.099833
-0.136000	0.099833
-0.135000	0.099833
-0.134000	0.104926
-0.133000	0.099833
-0.132000	0.099833
-0.131000	0.099833
-0.130000	0.099833
-0.129000	0.104926
-0.128000	0.110018
-0.127000	0.089636
-0.126000	0.094729
-0.125000	0.099833
-0.124000	0.104926
-0.123000	0.099833
-0.122000	0.099833
-0.121000	0.099833
-0.120000	0.099833
-0.119000	0.099833
-0.118000	0.099833
-0.117000	0.094729
-0.116000	0.099833
-0.115000	0.104926
-0.114000	0.099833
-0.113000	0.104926
-0.112000	0.104926
-0.111000	0.094729
-0.110000	0.099833
-0.109000	0.099833
-0.108000	0.099833
-0.107000	0.094729
-0.106000	0.099833
-0.105000	0.099833
-0.104000	0.099833
-0.103000	0.104926
-0.102000	0.099833
-0.101000	0.099833
-0.100000	0.099833
-0.099000	0.104926
-0.098000	0.099833
-0.097000	0.104926
-0.096000	0.099833
-0.095000	0.099833
-0.094000	0.104926
-0.093000	0.099833
-0.092000	0.099833
-0.091000	0.104926
-0.090000	0.104926
-0.089000	0.094729
-0.088000	0.104926
-0.087000	0.104926
-0.086000	0.099833
-0.085000	0.099833
-0.084000	0.099833
-0.083000	0.099833
-0.082000	0.104926
-0.081000	0.089636
-0.080000	0.099833
-0.079000	0.104926
-0.078000	0.099833
-0.077000	0.099833
-0.076000	0.099833
-0.075000	0.099833
-0.074000	0.099833
-0.073000	0.110018
-0.072000	0.099833
-0.071000	0.099833
-0.070000	0.104926
-0.069000	0.099833
-0.068000	0.094729
-0.067000	0.094729
-0.066000	0.099833
-0.065000	0.099833
-0.064000	0.099833
-0.063000	0.099833
-0.062000	0.104926
-0.061000	0.099833
-0.060000	0.099833
-0.059000	0.099833
-0.058000	0.099833
-0.057000	0.099833
-0.056000	0.104926
-0.055000	0.099833
-0.054000	0.099833
-0.053000	0.094729
-0.052000	0.099833
-0.051000	0.104926
-0.050000	0.094729
-0.049000	0.104926
-0.048000	0.099833
-0.047000	0.099833
-0.046000	0.104926
-0.045000	0.099833
-0.044000	0.104926
-0.043000	0.099833
-0.042000	0.094729
-0.041000	0.099833
-0.040000	0.099833
-0.039000	0.104926
-0.038000	0.099833
-0.037000	0.099833
-0.036000	0.099833
-0.035000	0.099833
-0.034000	0.099833
-0.033000	0.099833
-0.032000	0.104926
-0.031000	0.099833
-0.030000	0.099833
-0.029000	0.115111
-0.028000	0.120215
-0.027000	0.120215
-0.026000	0.120215
-0.025000	0.130400
-0.024000	0.120215
-0.023000	0.125307
-0.022000	0.125307
-0.021000	0.130400
-0.020000	0.145689
-0.019000	0.145689
-0.018000	0.150782
-0.017000	0.150782
-0.016000	0.145689
-0.015000	0.155886
-0.014000	0.166071
-0.013000	0.186453
-0.012000	0.176267
-0.011000	0.176267
-0.010000	0.201742
-0.009000	0.222124
-0.008000	0.247609
-0.007000	0.242516
-0.006000	0.252702
-0.005000	0.273084
-0.004000	0.288373
-0.003000	0.329137
-0.002000	0.344426
-0.001000	0.375004
0.000000	0.395386
0.001000	0.420861
0.002000	0.436150
0.003000	0.461635
0.004000	0.507492
0.005000	0.589030
0.006000	0.624700
0.007000	0.604308
0.008000	0.594122
0.009000	0.660371
0.010000	0.752095
0.011000	0.803045
0.012000	0.762281
0.013000	0.752095
0.014000	0.777570
0.015000	0.833623
0.016000	0.828530
0.017000	0.777570
0.018000	0.772477
0.019000	0.792859
0.020000	0.792859
0.021000	0.746992
0.022000	0.685846
0.023000	0.660371
0.024000	0.645082
0.025000	0.614504
0.026000	0.553359
0.027000	0.487110
0.028000	0.451439
0.029000	0.436150
0.030000	0.375004
0.031000	0.329137
0.032000	0.283280
0.033000	0.242516
0.034000	0.201742
0.035000	0.160978
0.036000	0.130400
0.037000	0.120215
0.038000	0.069255
0.039000	0.048873
0.040000	0.023387
0.041000	0.008109
0.042000	0.003006
0.043000	-0.002087
0.044000	-0.002087
0.045000	-0.002087
0.046000	0.013202
0.047000	0.028491
0.048000	0.038677
0.049000	0.064162
0.050000	0.104926
0.051000	0.140596
0.052000	0.166071
0.053000	0.201742
0.054000	0.232320
0.055000	0.273084
0.056000	0.303662
0.057000	0.344426
0.058000	0.380097
0.059000	0.405582
0.060000	0.425964
0.061000	0.446346
0.062000	0.456532
0.063000	0.476913
0.064000	0.476913
0.065000	0.466728
0.066000	0.461635
0.067000	0.461635
0.068000	0.451439
0.069000	0.431057
0.070000	0.385190
0.071000	0.354622
0.072000	0.334240
0.073000	0.308755
0.074000	0.283280
0.075000	0.232320
0.076000	0.186453
0.077000	0.150782
0.078000	0.115111
0.079000	0.069255
0.080000	0.043780
0.081000	0.003006
0.082000	-0.017376
0.083000	-0.053047
0.084000	-0.083625
0.085000	-0.114193
0.086000	-0.134575
0.087000	-0.144771
0.088000	-0.175349
0.089000	-0.190628
0.090000	-0.195731
0.091000	-0.195731
0.092000	-0.211020
0.093000	-0.231402
0.094000	-0.241588
0.095000	-0.216113
0.096000	-0.195731
0.097000	-0.205917
0.098000	-0.246691
0.099000	-0.256877
0.100000	-0.221206
0.101000	-0.200824
0.102000	-0.221206
0.103000	-0.251784
0.104000	-0.256877
0.105000	-0.231402
0.106000	-0.231402
0.107000	-0.287455
0.108000	-0.323126
0.109000	-0.333311
0.110000	-0.338415
0.111000	-0.338415
0.112000	-0.368982
0.113000	-0.399560
0.114000	-0.430138
0.115000	-0.450520
0.116000	-0.470902
0.117000	-0.557533
0.118000	-0.613586
0.119000	-0.593204
0.120000	-0.725692
0.121000	-0.679825
0.122000	-0.644154
0.123000	-0.684928
0.124000	-0.659443
0.125000	-0.766455
0.126000	-0.761363
0.127000	-0.751166
0.128000	-0.847993
0.129000	-0.649257
0.130000	-0.598297
0.131000	-0.603390
0.132000	-0.664546
0.133000	-0.776652
0.134000	-0.562626
0.135000	-0.542244
0.136000	-0.639061
0.137000	-0.725692
0.138000	-0.710403
0.139000	-0.425035
0.140000	-0.368982
0.141000	-0.440324
0.142000	-0.797033
0.143000	-0.842890
0.144000	-0.496377
0.145000	-0.445417
0.146000	-0.690021
0.147000	-0.863282
0.148000	-0.771548
0.149000	-0.501480
0.150000	-0.705310
0.151000	-1.128260
0.152000	-1.123160
0.153000	-0.842890
0.154000	-0.552430
0.155000	-0.802126
0.156000	-1.179220
0.157000	-1.092590
0.158000	-0.837797
0.159000	-0.705310
0.160000	-0.995770
0.161000	-1.311710
0.162000	-1.158840
0.163000	-0.883664
0.164000	-0.873468
0.165000	-1.189410
0.166000	-1.367760
0.167000	-1.133350
0.168000	-0.939717
0.169000	-1.046730
0.170000	-1.225080
0.171000	-1.199600
0.172000	-0.960099
0.173000	-0.934614
0.174000	-1.189410
0.175000	-1.311710
0.176000	-1.219980
0.177000	-1.056920
0.178000	-1.102780
0.179000	-1.337190
0.180000	-1.291320
0.181000	-1.102780
0.182000	-0.970285
0.183000	-1.199600
0.184000	-1.454390
0.185000	-1.372860
0.186000	-1.423810
0.187000	-1.561400
0.188000	-1.444200
0.189000	-1.500260
0.190000	-1.469680
0.191000	-1.602170
0.192000	-1.765230
0.193000	-1.785610
0.194000	-1.806010
0.195000	-1.933400
0.196000	-2.172900
0.197000	-2.157610
0.198000	-1.770330
0.199000	-1.561400
0.200000	-1.357570
0.201000	-1.469680
0.202000	-1.469680
0.203000	-1.016150
0.204000	-0.776652
0.205000	-1.041630
0.206000	-1.128260
0.207000	-0.868375
0.208000	-0.409757
0.209000	-0.684928
0.210000	-0.949903
0.211000	-0.654350
0.212000	-0.114193
0.213000	0.099833
0.214000	-0.272166
0.215000	-0.409757
0.216000	0.303662
0.217000	0.910058
0.218000	0.701135
0.219000	0.053966
0.220000	0.252702
0.221000	1.124080
0.222000	1.440030
0.223000	0.619597
0.224000	-0.272166
0.225000	-0.098904
0.226000	0.492203
0.227000	0.293466
0.228000	-0.802126
0.229000	-1.367760
0.230000	-1.011060
0.231000	-0.776652
0.232000	-1.612360
0.233000	-2.417490
0.234000	-2.121940
0.235000	-0.965192
0.236000	-0.567719
0.237000	-1.535930
0.238000	-2.407310
0.239000	-2.076070
0.240000	-1.011060
0.241000	-0.842890
0.242000	-1.729560
0.243000	-2.020020
0.244000	-1.214890
0.245000	-0.516759
0.246000	-1.016150
0.247000	-1.994550
0.248000	-1.913010
0.249000	-0.873468
0.250000	-0.455613
0.251000	-1.214890
0.252000	-2.040410
0.253000	-1.561400
0.254000	-0.501480
0.255000	-0.379178
0.256000	-1.403430
0.257000	-2.203480
0.258000	-1.530820
0.259000	-0.547337
0.260000	-0.552430
0.261000	-1.510440
0.262000	-1.887530
0.263000	-0.970285
0.264000	-0.078522
0.265000	-0.455613
0.266000	-1.306610
0.267000	-1.209800
0.268000	-0.180442
0.269000	0.334240
0.270000	-0.328218
0.271000	-1.046730
0.272000	-0.684928
0.273000	0.303662
0.274000	0.655268
0.275000	-0.002087
0.276000	-0.450520
0.277000	-0.027562
0.278000	0.639979
0.279000	0.701135
0.280000	0.191556
0.281000	-0.063233
0.282000	0.257795
0.283000	0.634886
0.284000	0.492203
0.285000	-0.002087
0.286000	-0.134575
0.287000	0.222124
0.288000	0.415768
0.289000	0.099833
0.290000	-0.338415
0.291000	-0.277259
0.292000	0.064162
0.293000	0.104926
0.294000	-0.267073
0.295000	-0.644154
0.296000	-0.583008
0.297000	-0.256877
0.298000	-0.323126
0.299000	-0.730784
0.300000	-0.985574
0.301000	-0.807219
0.302000	-0.664546
0.303000	-0.893850
0.304000	-1.209800
0.305000	-1.240360
0.306000	-1.046730
0.307000	-0.975388
0.308000	-1.235270
0.309000	-1.423810
0.310000	-1.530820
0.311000	-1.515540
0.312000	-1.357570
0.313000	-1.403430
0.314000	-1.520640
0.315000	-1.515540
0.316000	-1.403430
0.317000	-1.357570
0.318000	-1.495150
0.319000	-1.648030
0.320000	-1.739760
0.321000	-1.693890
0.322000	-1.515540
0.323000	-1.444200
0.324000	-1.622550
0.325000	-1.709180
0.326000	-1.658220
0.327000	-1.479870
0.328000	-1.500260
0.329000	-1.571600
0.330000	-1.316810
0.331000	-1.179220
0.332000	-1.214890
0.333000	-1.377950
0.334000	-1.398340
0.335000	-1.046730
0.336000	-0.730784
0.337000	-0.684928
0.338000	-0.756270
0.339000	-0.802126
0.340000	-0.613586
0.341000	-0.394467
0.342000	-0.409757
0.343000	-0.521862
0.344000	-0.572822
0.345000	-0.195731
0.346000	0.089636
0.347000	-0.083625
0.348000	-0.246691
0.349000	-0.154957
0.350000	0.048873
0.351000	0.206845
0.352000	0.008109
0.353000	-0.053047
0.354000	0.227227
0.355000	0.349519
0.356000	0.201742
0.357000	-0.093811
0.358000	-0.114193
0.359000	0.166071
0.360000	0.273084
0.361000	0.089636
0.362000	-0.154957
0.363000	-0.129482
0.364000	0.028491
0.365000	-0.053047
0.366000	-0.246691
0.367000	-0.394467
0.368000	-0.318022
0.369000	-0.236495
0.370000	-0.419942
0.371000	-0.659443
0.372000	-0.684928
0.373000	-0.572822
0.374000	-0.567719
0.375000	-0.786837
0.376000	-0.893850
0.377000	-0.802126
0.378000	-0.725692
0.379000	-0.746074
0.380000	-0.939717
0.381000	-1.041630
0.382000	-0.949903
0.383000	-0.863282
0.384000	-0.858179
0.385000	-0.975388
0.386000	-0.944810
0.387000	-0.883664
0.388000	-0.858179
0.389000	-0.842890
0.390000	-0.919335
0.391000	-0.802126
0.392000	-0.639061
0.393000	-0.633968
0.394000	-0.674732
0.395000	-0.756270
0.396000	-0.496377
0.397000	-0.256877
0.398000	-0.353693
0.399000	-0.445417
0.400000	-0.435231
0.401000	-0.119286
0.402000	0.033584
0.403000	-0.195731
0.404000	-0.267073
0.405000	-0.068336
0.406000	0.242516
0.407000	0.217031
0.408000	-0.104007
0.409000	-0.088718
0.410000	0.222124
0.411000	0.436150
0.412000	0.211938
0.413000	-0.063233
0.414000	0.160978
0.415000	0.395386
0.416000	0.354622
0.417000	0.150782
0.418000	0.018295
0.419000	0.155886
0.420000	0.318951
0.421000	0.329137
0.422000	0.191556
0.423000	0.018295
0.424000	0.084544
0.425000	0.247609
0.426000	0.308755
0.427000	0.166071
0.428000	-0.058140
0.429000	0.003006
0.430000	0.242516
0.431000	0.237413
0.432000	0.079451
0.433000	-0.109100
0.434000	0.023387
0.435000	0.237413
0.436000	0.160978
0.437000	-0.022469
0.438000	-0.037758
0.439000	0.018295
0.440000	0.191556
0.441000	0.211938
0.442000	0.033584
0.443000	-0.027562
0.444000	0.069255
0.445000	0.222124
0.446000	0.191556
0.447000	0.028491
0.448000	0.018295
0.449000	0.145689
0.450000	0.288373
0.451000	0.206845
0.452000	0.074348
0.453000	0.059058
0.454000	0.186453
0.455000	0.308755
0.456000	0.267991
0.457000	0.094729
0.458000	0.074348
0.459000	0.201742
0.460000	0.313848
0.461000	0.211938
0.462000	0.064162
0.463000	0.084544
0.464000	0.217031
0.465000	0.303662
0.466000	0.150782
0.467000	0.033584
0.468000	0.140596
0.469000	0.288373
0.470000	0.262898
0.471000	0.074348
0.472000	-0.007180
0.473000	0.227227
0.474000	0.227227
0.475000	0.150782
0.476000	0.186453
0.477000	0.222124
0.478000	0.186453
0.479000	0.115111
0.480000	0.242516
0.481000	0.390293
0.482000	0.166071
0.483000	0.094729
0.484000	0.436150
0.485000	0.639979
0.486000	0.471821
0.487000	0.217031
0.488000	0.405582
0.489000	0.706228
0.490000	0.711321
0.491000	0.512584
0.492000	0.476913
0.493000	0.685846
0.494000	0.803045
0.495000	0.645082
0.496000	0.487110
0.497000	0.568648
0.498000	0.701135
0.499000	0.696042
0.500000	0.609411
0.501000	0.548255
0.502000	0.436150
0.503000	0.471821
0.504000	0.680753
0.505000	0.675650
0.506000	0.293466
0.507000	0.115111
0.508000	0.466728
0.509000	0.721517
0.510000	0.400479
0.511000	0.028491
0.512000	0.191556
0.513000	0.604308
0.514000	0.594122
0.515000	0.308755
0.516000	0.140596
0.517000	0.334240
0.518000	0.604308
0.519000	0.517688
0.520000	0.217031
0.521000	0.115111
0.522000	0.390293
0.523000	0.639979
0.524000	0.502399
0.525000	0.211938
0.526000	0.130400
0.527000	0.436150
0.528000	0.685846
0.529000	0.568648
0.530000	0.222124
0.531000	0.135504
0.532000	0.466728
0.533000	0.716424
0.534000	0.466728
0.535000	0.120215
0.536000	0.211938
0.537000	0.548255
0.538000	0.563544
0.539000	0.242516
0.540000	0.110018
0.541000	0.344426
0.542000	0.578833
0.543000	0.431057
0.544000	0.206845
0.545000	0.160978
0.546000	0.308755
0.547000	0.492203
0.548000	0.395386
0.549000	0.201742
0.550000	0.145689
0.551000	0.247609
0.552000	0.395386
0.553000	0.257795
0.554000	0.099833
0.555000	0.222124
0.556000	0.354622
0.557000	0.262898
0.558000	0.135504
0.559000	0.211938
0.560000	0.349519
0.561000	0.339333
0.562000	0.237413
0.563000	0.176267
0.564000	0.181360
0.565000	0.303662
0.566000	0.405582
0.567000	0.334240
0.568000	0.217031
0.569000	0.273084
0.570000	0.344426
0.571000	0.313848
0.572000	0.324044
0.573000	0.329137
0.574000	0.359715
0.575000	0.400479
0.576000	0.380097
0.577000	0.441243
0.578000	0.512584
0.579000	0.558451
0.580000	0.538070
0.581000	0.456532
0.582000	0.359715
0.583000	0.466728
0.584000	0.752095
0.585000	0.940636
0.586000	0.864201
0.587000	0.517688
0.588000	0.446346
0.589000	0.731713
0.590000	1.037450
0.591000	0.950832
0.592000	0.670557
0.593000	0.639979
0.594000	0.874387
0.595000	0.996688
0.596000	0.859108
0.597000	0.711321
0.598000	0.777570
0.599000	0.971214
0.600000	1.037450
0.601000	0.904965
0.602000	0.757188
0.603000	0.833623
0.604000	1.042560
0.605000	1.098610
0.606000	0.894779
0.607000	0.746992
0.608000	0.894779
0.609000	1.098610
0.610000	1.057840
0.611000	0.838716
0.612000	0.706228
0.613000	0.848912
0.614000	0.971214
0.615000	0.935543
0.616000	0.797952
0.617000	0.634886
0.618000	0.690939
0.619000	0.843819
0.620000	0.838716
0.621000	0.711321
0.622000	0.599215
0.623000	0.665464
0.624000	0.823437
0.625000	0.777570
0.626000	0.532977
0.627000	0.451439
0.628000	0.634886
0.629000	0.772477
0.630000	0.639979
0.631000	0.385190
0.632000	0.359715
0.633000	0.614504
0.634000	0.731713
0.635000	0.548255
0.636000	0.308755
0.637000	0.364808
0.638000	0.609411
0.639000	0.680753
0.640000	0.461635
0.641000	0.288373
0.642000	0.364808
0.643000	0.568648
0.644000	0.594122
0.645000	0.344426
0.646000	0.227227
0.647000	0.415768
0.648000	0.578833
0.649000	0.441243
0.650000	0.222124
0.651000	0.242516
0.652000	0.461635
0.653000	0.532977
0.654000	0.349519
0.655000	0.155886
0.656000	0.206845
0.657000	0.380097
0.658000	0.405582
0.659000	0.206845
0.660000	0.084544
0.661000	0.206845
0.662000	0.349519
0.663000	0.324044
0.664000	0.191556
0.665000	0.176267
0.666000	0.313848
0.667000	0.385190
0.668000	0.303662
0.669000	0.191556
0.670000	0.237413
0.671000	0.405582
0.672000	0.446346
0.673000	0.339333
0.674000	0.257795
0.675000	0.349519
0.676000	0.512584
0.677000	0.538070
0.678000	0.431057
0.679000	0.385190
0.680000	0.502399
0.681000	0.634886
0.682000	0.589030
0.683000	0.507492
0.684000	0.527873
0.685000	0.665464
0.686000	0.746992
0.687000	0.690939
0.688000	0.619597
0.689000	0.660371
0.690000	0.767374
0.691000	0.792859
0.692000	0.741899
0.693000	0.736806
0.694000	0.782663
0.695000	0.813241
0.696000	0.823437
0.697000	0.792859
0.698000	0.777570
0.699000	0.787766
0.700000	0.843819
0.701000	0.833623
0.702000	0.797952
0.703000	0.828530
0.704000	0.833623
0.705000	0.792859
0.706000	0.792859
0.707000	0.792859
0.708000	0.813241
0.709000	0.813241
0.710000	0.752095
0.711000	0.752095
0.712000	0.797952
0.713000	0.813241
0.714000	0.675650
0.715000	0.614504
0.716000	0.736806
0.717000	0.736806
0.718000	0.639979
0.719000	0.578833
0.720000	0.604308
0.721000	0.650175
0.722000	0.589030
0.723000	0.548255
0.724000	0.538070
0.725000	0.517688
0.726000	0.538070
0.727000	0.548255
0.728000	0.456532
0.729000	0.405582
0.730000	0.466728
0.731000	0.502399
0.732000	0.420861
0.733000	0.369911
0.734000	0.405582
0.735000	0.400479
0.736000	0.364808
0.737000	0.308755
0.738000	0.308755
0.739000	0.369911
0.740000	0.354622
0.741000	0.267991
0.742000	0.227227
0.743000	0.232320
0.744000	0.217031
0.745000	0.237413
0.746000	0.206845
0.747000	0.186453
0.748000	0.222124
0.749000	0.186453
0.750000	0.160978
0.751000	0.171175
0.752000	0.110018
0.753000	0.135504
0.754000	0.186453
0.755000	0.160978
0.756000	0.145689
0.757000	0.130400
0.758000	0.089636
0.759000	0.099833
0.760000	0.166071
0.761000	0.186453
0.762000	0.135504
0.763000	0.089636
0.764000	0.135504
0.765000	0.227227
0.766000	0.135504
0.767000	0.013202
0.768000	0.099833
0.769000	0.242516
0.770000	0.211938
0.771000	0.069255
0.772000	0.074348
0.773000	0.160978
0.774000	0.222124
0.775000	0.155886
0.776000	0.028491
0.777000	0.125307
0.778000	0.278177
0.779000	0.222124
0.780000	0.038677
0.781000	0.013202
0.782000	0.181360
0.783000	0.278177
0.784000	0.171175
0.785000	0.125307
0.786000	0.140596
0.787000	0.227227
0.788000	0.262898
0.789000	0.232320
0.790000	0.186453
0.791000	0.196649
0.792000	0.283280
0.793000	0.283280
0.794000	0.242516
0.795000	0.262898
0.796000	0.257795
0.797000	0.324044
0.798000	0.375004
0.799000	0.318951
0.800000	0.293466
0.801000	0.273084
0.802000	0.349519
0.803000	0.380097
0.804000	0.364808
0.805000	0.390293
0.806000	0.354622
0.807000	0.359715
0.808000	0.410675
0.809000	0.380097
0.810000	0.344426
0.811000	0.334240
0.812000	0.354622
0.813000	0.405582
0.814000	0.375004
0.815000	0.359715
0.816000	0.349519
0.817000	0.354622
0.818000	0.369911
0.819000	0.369911
0.820000	0.395386
0.821000	0.349519
0.822000	0.329137
0.823000	0.359715
0.824000	0.308755
0.825000	0.303662
0.826000	0.262898
0.827000	0.313848
0.828000	0.375004
0.829000	0.283280
0.830000	0.191556
0.831000	0.211938
0.832000	0.273084
0.833000	0.278177
0.834000	0.206845
0.835000	0.150782
0.836000	0.191556
0.837000	0.232320
0.838000	0.171175
0.839000	0.064162
0.840000	0.023387
0.841000	0.099833
0.842000	0.211938
0.843000	0.150782
0.844000	-0.022469
0.845000	-0.017376
0.846000	0.059058
0.847000	0.130400
0.848000	-0.002087
0.849000	-0.109100
0.850000	0.013202
0.851000	0.033584
0.852000	-0.047954
0.853000	-0.093811
0.854000	-0.093811
0.855000	-0.022469
0.856000	-0.083625
0.857000	-0.185535
0.858000	-0.053047
0.859000	-0.032665
0.860000	-0.119286
0.861000	-0.104007
0.862000	-0.017376
0.863000	-0.007180
0.864000	-0.124389
0.865000	-0.154957
0.866000	-0.058140
0.867000	-0.078522
0.868000	-0.114193
0.869000	-0.027562
0.870000	0.033584
0.871000	0.053966
0.872000	0.028491
0.873000	0.043780
0.874000	-0.022469
0.875000	-0.083625
0.876000	-0.012283
0.877000	0.079451
0.878000	0.181360
0.879000	0.176267
0.880000	0.048873
0.881000	-0.104007
0.882000	-0.109100
0.883000	0.008109
0.884000	0.008109
0.885000	0.094729
0.886000	0.227227
0.887000	0.155886
0.888000	0.115111
0.889000	-0.068336
0.890000	-0.063233
0.891000	0.104926
0.892000	0.079451
0.893000	0.028491
0.894000	-0.047954
0.895000	-0.017376
0.896000	0.110018
0.897000	0.048873
0.898000	-0.078522
0.899000	-0.205917
0.900000	-0.068336
0.901000	0.211938
0.902000	0.267991
0.903000	0.018295
0.904000	-0.200824
0.905000	-0.063233
0.906000	0.191556
0.907000	0.145689
0.908000	-0.042851
0.909000	-0.114193
0.910000	0.003006
0.911000	0.196649
0.912000	0.186453
0.913000	-0.022469
0.914000	-0.124389
0.915000	0.033584
0.916000	0.206845
0.917000	0.048873
0.918000	-0.180442
0.919000	-0.170246
0.920000	0.069255
0.921000	0.217031
0.922000	0.033584
0.923000	-0.154957
0.924000	-0.149864
0.925000	-0.022469
0.926000	0.089636
0.927000	0.013202
0.928000	-0.134575
0.929000	-0.073429
0.930000	0.104926
0.931000	0.150782
0.932000	-0.078522
0.933000	-0.256877
0.934000	-0.139678
0.935000	0.074348
0.936000	0.038677
0.937000	-0.098904
0.938000	-0.109100
0.939000	-0.002087
0.940000	0.013202
0.941000	-0.124389
0.942000	-0.272166
0.943000	-0.241588
0.944000	-0.104007
0.945000	-0.017376
0.946000	-0.088718
0.947000	-0.205917
0.948000	-0.200824
0.949000	-0.114193
0.950000	-0.098904
0.951000	-0.200824
0.952000	-0.261969
0.953000	-0.154957
0.954000	-0.047954
0.955000	-0.134575
0.956000	-0.272166
0.957000	-0.287455
0.958000	-0.180442
0.959000	-0.134575
0.960000	-0.190628
0.961000	-0.246691
0.962000	-0.216113
0.963000	-0.104007
0.964000	-0.063233
0.965000	-0.180442
0.966000	-0.272166
0.967000	-0.195731
0.968000	-0.078522
0.969000	-0.124389
0.970000	-0.195731
0.971000	-0.195731
0.972000	-0.144771
0.973000	-0.144771
0.974000	-0.160060
0.975000	-0.144771
0.976000	-0.165153
0.977000	-0.165153
0.978000	-0.144771
0.979000	-0.104007
0.980000	-0.129482
0.981000	-0.175349
0.982000	-0.154957
0.983000	-0.139678
0.984000	-0.144771
0.985000	-0.185535
0.986000	-0.200824
0.987000	-0.154957
0.988000	-0.098904
0.989000	-0.088718
0.990000	-0.134575
0.991000	-0.160060
0.992000	-0.119286
0.993000	-0.078522
0.994000	-0.073429
0.995000	-0.114193
0.996000	-0.134575
0.997000	-0.093811
0.998000	-0.058140
0.999000	-0.058140
1.000000	-0.058140
1.001000	-0.104007
1.002000	-0.083625
1.003000	-0.017376
1.004000	0.038677
1.005000	0.008109
1.006000	-0.068336
1.007000	-0.083625
1.008000	-0.017376
1.009000	0.018295
1.010000	-0.022469
1.011000	-0.098904
1.012000	-0.098904
1.013000	-0.002087
1.014000	0.048873
1.015000	-0.007180
1.016000	-0.098904
1.017000	-0.093811
1.018000	0.028491
1.019000	0.053966
1.020000	-0.002087
1.021000	-0.093811
1.022000	-0.083625
1.023000	0.018295
1.024000	-0.012283
1.025000	-0.078522
1.026000	-0.119286
1.027000	-0.068336
1.028000	0.033584
1.029000	0.023387
1.030000	-0.078522
1.031000	-0.160060
1.032000	-0.073429
1.033000	0.053966
1.034000	-0.007180
1.035000	-0.160060
1.036000	-0.195731
1.037000	-0.063233
1.038000	0.023387
1.039000	-0.073429
1.040000	-0.221206
1.041000	-0.195731
1.042000	-0.022469
1.043000	0.003006
1.044000	-0.149864
1.045000	-0.246691
1.046000	-0.154957
1.047000	-0.037758
1.048000	-0.098904
1.049000	-0.190628
1.050000	-0.200824
1.051000	-0.124389
1.052000	-0.093811
1.053000	-0.124389
1.054000	-0.190628
1.055000	-0.185535
1.056000	-0.119286
1.057000	-0.073429
1.058000	-0.109100
1.059000	-0.190628
1.060000	-0.185535
1.061000	-0.098904
1.062000	-0.083625
1.063000	-0.185535
1.064000	-0.195731
1.065000	-0.098904
1.066000	-0.104007
1.067000	-0.154957
1.068000	-0.185535
1.069000	-0.124389
1.070000	-0.073429
1.071000	-0.098904
1.072000	-0.160060
1.073000	-0.165153
1.074000	-0.098904
1.075000	-0.037758
1.076000	-0.083625
1.077000	-0.180442
1.078000	-0.185535
1.079000	-0.098904
1.080000	-0.022469
1.081000	-0.073429
1.082000	-0.144771
1.083000	-0.190628
1.084000	-0.093811
1.085000	0.018295
1.086000	-0.068336
1.087000	-0.139678
1.088000	-0.129482
1.089000	-0.022469
1.090000	0.013202
1.091000	-0.104007
1.092000	-0.114193
1.093000	-0.027562
1.094000	0.033584
1.095000	0.059058
1.096000	-0.068336
1.097000	-0.078522
1.098000	0.028491
1.099000	0.094729
1.100000	0.104926
1.101000	-0.012283
1.102000	-0.042851
1.103000	0.104926
1.104000	0.166071
1.105000	0.110018
1.106000	-0.002087
1.107000	0.053966
1.108000	0.211938
1.109000	0.186453
1.110000	0.120215
1.111000	0.074348
1.112000	0.166071
1.113000	0.262898
1.114000	0.201742
1.115000	0.125307
1.116000	0.125307
1.117000	0.247609
1.118000	0.273084
1.119000	0.232320
1.120000	0.160978
1.121000	0.120215
1.122000	0.278177
1.123000	0.308755
1.124000	0.191556
1.125000	0.145689
1.126000	0.171175
1.127000	0.308755
1.128000	0.247609
1.129000	0.166071
1.130000	0.186453
1.131000	0.140596
1.132000	0.262898
1.133000	0.303662
1.134000	0.181360
1.135000	0.125307
1.136000	0.130400
1.137000	0.288373
1.138000	0.267991
1.139000	0.089636
1.140000	0.084544
1.141000	0.191556
1.142000	0.273084
1.143000	0.196649
1.144000	0.028491
1.145000	0.084544
1.146000	0.227227
1.147000	0.273084
1.148000	0.166071
1.149000	0.038677
1.150000	0.059058
1.151000	0.166071
1.152000	0.196649
1.153000	0.089636
1.154000	-0.042851
1.155000	0.043780
1.156000	0.181360
1.157000	0.135504
1.158000	-0.022469
1.159000	-0.027562
1.160000	0.104926
1.161000	0.140596
1.162000	0.043780
1.163000	-0.022469
1.164000	0.033584
1.165000	0.130400
1.166000	0.125307
1.167000	0.003006
1.168000	-0.063233
1.169000	0.064162
1.170000	0.171175
1.171000	0.084544
1.172000	-0.037758
1.173000	0.008109
1.174000	0.181360
1.175000	0.171175
1.176000	0.028491
1.177000	0.018295
1.178000	0.089636
1.179000	0.171175
1.180000	0.171175
1.181000	0.064162
1.182000	0.053966
1.183000	0.099833
1.184000	0.191556
1.185000	0.206845
1.186000	0.099833
1.187000	0.104926
1.188000	0.191556
1.189000	0.237413
1.190000	0.232320
1.191000	0.145689
1.192000	0.160978
1.193000	0.201742
1.194000	0.247609
1.195000	0.242516
1.196000	0.217031
1.197000	0.232320
1.198000	0.242516
1.199000	0.283280
1.200000	0.324044
1.201000	0.288373
1.202000	0.288373
1.203000	0.334240
1.204000	0.369911
1.205000	0.375004
1.206000	0.344426
1.207000	0.339333
1.208000	0.349519
1.209000	0.415768
1.210000	0.451439
1.211000	0.344426
1.212000	0.283280
1.213000	0.375004
1.214000	0.482017
1.215000	0.451439
1.216000	0.359715
1.217000	0.385190
1.218000	0.410675
1.219000	0.410675
1.220000	0.415768
1.221000	0.410675
1.222000	0.420861
1.223000	0.415768
1.224000	0.431057
1.225000	0.456532
1.226000	0.405582
1.227000	0.395386
1.228000	0.410675
1.229000	0.425964
1.230000	0.425964
1.231000	0.415768
1.232000	0.451439
1.233000	0.507492
1.234000	0.487110
1.235000	0.461635
1.236000	0.400479
1.237000	0.446346
1.238000	0.507492
1.239000	0.563544
1.240000	0.527873
1.241000	0.451439
1.242000	0.436150
1.243000	0.466728
1.244000	0.487110
1.245000	0.497306
1.246000	0.431057
1.247000	0.400479
1.248000	0.456532
1.249000	0.497306
1.250000	0.446346
1.251000	0.339333
1.252000	0.339333
1.253000	0.420861
1.254000	0.471821
1.255000	0.405582
1.256000	0.308755
1.257000	0.349519
1.258000	0.456532
1.259000	0.400479
1.260000	0.278177
1.261000	0.257795
1.262000	0.354622
1.263000	0.425964
1.264000	0.385190
1.265000	0.308755
1.266000	0.293466
1.267000	0.334240
1.268000	0.369911
1.269000	0.293466
1.270000	0.252702
1.271000	0.298569
1.272000	0.395386
1.273000	0.369911
1.274000	0.257795
1.275000	0.237413
1.276000	0.283280
1.277000	0.324044
1.278000	0.308755
1.279000	0.232320
1.280000	0.242516
1.281000	0.308755
1.282000	0.318951
1.283000	0.262898
1.284000	0.206845
1.285000	0.232320
1.286000	0.273084
1.287000	0.252702
1.288000	0.257795
1.289000	0.262898
1.290000	0.262898
1.291000	0.222124
1.292000	0.211938
1.293000	0.247609
1.294000	0.257795
1.295000	0.247609
1.296000	0.227227
1.297000	0.232320
1.298000	0.237413
1.299000	0.222124
1.300000	0.232320
1.301000	0.267991
1.302000	0.257795
1.303000	0.211938
1.304000	0.186453
1.305000	0.237413
1.306000	0.288373
1.307000	0.267991
1.308000	0.217031
1.309000	0.181360
1.310000	0.227227
1.311000	0.273084
1.312000	0.257795
1.313000	0.217031
1.314000	0.196649
1.315000	0.247609
1.316000	0.273084
1.317000	0.247609
1.318000	0.222124
1.319000	0.227227
1.320000	0.273084
1.321000	0.267991
1.322000	0.237413
1.323000	0.222124
1.324000	0.247609
1.325000	0.298569
1.326000	0.298569
1.327000	0.252702
1.328000	0.232320
1.329000	0.257795
1.330000	0.313848
1.331000	0.313848
1.332000	0.288373
1.333000	0.262898
1.334000	0.267991
1.335000	0.303662
1.336000	0.329137
1.337000	0.308755
1.338000	0.267991
1.339000	0.262898
1.340000	0.313848
1.341000	0.334240
1.342000	0.293466
1.343000	0.262898
1.344000	0.273084
1.345000	0.324044
1.346000	0.334240
1.347000	0.262898
1.348000	0.247609
1.349000	0.308755
1.350000	0.369911
1.351000	0.318951
1.352000	0.242516
1.353000	0.262898
1.354000	0.364808
1.355000	0.400479
1.356000	0.324044
1.357000	0.237413
1.358000	0.242516
1.359000	0.334240
1.360000	0.364808
1.361000	0.324044
1.362000	0.283280
1.363000	0.303662
1.364000	0.349519
1.365000	0.349519
1.366000	0.298569
1.367000	0.283280
1.368000	0.308755
1.369000	0.359715
1.370000	0.359715
1.371000	0.303662
1.372000	0.247609
1.373000	0.273084
1.374000	0.329137
1.375000	0.334240
1.376000	0.267991
1.377000	0.252702
1.378000	0.288373
1.379000	0.334240
1.380000	0.303662
1.381000	0.242516
1.382000	0.232320
1.383000	0.252702
1.384000	0.293466
1.385000	0.278177
1.386000	0.217031
1.387000	0.206845
1.388000	0.222124
1.389000	0.262898
1.390000	0.252702
1.391000	0.181360
1.392000	0.171175
1.393000	0.196649
1.394000	0.237413
1.395000	0.237413
1.396000	0.140596
1.397000	0.110018
1.398000	0.191556
1.399000	0.232320
1.400000	0.150782
1.401000	0.048873
1.402000	0.104926
1.403000	0.217031
1.404000	0.181360
1.405000	0.084544
1.406000	0.038677
1.407000	0.104926
1.408000	0.155886
1.409000	0.115111
1.410000	0.069255
1.411000	0.048873
1.412000	0.120215
1.413000	0.145689
1.414000	0.064162
1.415000	0.023387
1.416000	0.033584
1.417000	0.110018
1.418000	0.155886
1.419000	0.084544
1.420000	-0.007180
1.421000	0.003006
1.422000	0.110018
1.423000	0.120215
1.424000	0.013202
1.425000	-0.053047
1.426000	0.038677
1.427000	0.150782
1.428000	0.094729
1.429000	-0.037758
1.430000	-0.047954
1.431000	0.069255
1.432000	0.140596
1.433000	0.074348
1.434000	-0.037758
1.435000	-0.012283
1.436000	0.089636
1.437000	0.115111
1.438000	0.038677
1.439000	-0.017376
1.440000	0.028491
1.441000	0.104926
1.442000	0.150782
1.443000	0.099833
1.444000	0.023387
1.445000	0.074348
1.446000	0.160978
1.447000	0.186453
1.448000	0.053966
1.449000	-0.037758
1.450000	0.023387
1.451000	0.048873
1.452000	0.038677
1.453000	0.038677
1.454000	0.094729
1.455000	0.140596
1.456000	0.099833
1.457000	0.013202
1.458000	0.018295
1.459000	0.104926
1.460000	0.176267
1.461000	0.186453
1.462000	0.181360
1.463000	0.206845
1.464000	0.201742
1.465000	0.140596
1.466000	0.120215
1.467000	0.084544
1.468000	0.084544
1.469000	0.155886
1.470000	0.191556
1.471000	0.135504
1.472000	0.089636
1.473000	0.043780
1.474000	0.053966
1.475000	0.064162
1.476000	0.038677
1.477000	0.053966
1.478000	0.110018
1.479000	0.201742
1.480000	0.186453
1.481000	0.033584
1.482000	-0.012283
1.483000	0.043780
1.484000	0.110018
1.485000	0.084544
1.486000	0.013202
1.487000	-0.012283
1.488000	-0.002087
1.489000	0.013202
1.490000	-0.053047
1.491000	-0.124389
1.492000	-0.104007
1.493000	-0.078522
1.494000	-0.058140
1.495000	-0.109100
1.496000	-0.160060
1.497000	-0.119286
1.498000	-0.134575
1.499000	-0.124389
1.500000	-0.139678
1.501000	-0.165153
1.502000	-0.109100
1.503000	-0.119286
1.504000	-0.154957
1.505000	-0.185535
1.506000	-0.205917
1.507000	-0.200824
1.508000	-0.211020
1.509000	-0.226299
1.510000	-0.277259
1.511000	-0.348600
1.512000	-0.318022
1.513000	-0.287455
1.514000	-0.323126
1.515000	-0.389364
1.516000	-0.379178
1.517000	-0.323126
1.518000	-0.338415
1.519000	-0.374086
1.520000	-0.404653
1.521000	-0.363889
1.522000	-0.318022
1.523000	-0.343508
1.524000	-0.384271
1.525000	-0.399560
1.526000	-0.374086
1.527000	-0.323126
1.528000	-0.368982
1.529000	-0.414849
1.530000	-0.384271
1.531000	-0.358797
1.532000	-0.323126
1.533000	-0.419942
1.534000	-0.455613
1.535000	-0.419942
1.536000	-0.394467
1.537000	-0.379178
1.538000	-0.445417
1.539000	-0.465809
1.540000	-0.460706
1.541000	-0.445417
1.542000	-0.445417
1.543000	-0.496377
1.544000	-0.496377
1.545000	-0.455613
1.546000	-0.414849
1.547000	-0.450520
1.548000	-0.491284
1.549000	-0.491284
1.550000	-0.455613
1.551000	-0.435231
1.552000	-0.460706
1.553000	-0.491284
1.554000	-0.455613
1.555000	-0.409757
1.556000	-0.419942
1.557000	-0.440324
1.558000	-0.465809
1.559000	-0.409757
1.560000	-0.363889
1.561000	-0.379178
1.562000	-0.414849
1.563000	-0.404653
1.564000	-0.379178
1.565000	-0.363889
1.566000	-0.389364
1.567000	-0.399560
1.568000	-0.389364
1.569000	-0.348600
1.570000	-0.338415
1.571000	-0.384271
1.572000	-0.399560
1.573000	-0.363889
1.574000	-0.323126
1.575000	-0.333311
1.576000	-0.368982
1.577000	-0.379178
1.578000	-0.338415
1.579000	-0.302744
1.580000	-0.323126
1.581000	-0.353693
1.582000	-0.358797
1.583000	-0.312929
1.584000	-0.287455
1.585000	-0.307837
1.586000	-0.338415
1.587000	-0.328218
1.588000	-0.287455
1.589000	-0.277259
1.590000	-0.307837
1.591000	-0.338415
1.592000	-0.323126
1.593000	-0.272166
1.594000	-0.267073
1.595000	-0.302744
1.596000	-0.307837
1.597000	-0.261969
1.598000	-0.231402
1.599000	-0.236495
1.600000	-0.287455
1.601000	-0.282351
1.602000	-0.246691
1.603000	-0.216113
1.604000	-0.216113
1.605000	-0.241588
1.606000	-0.246691
1.607000	-0.221206
1.608000	-0.200824
1.609000	-0.226299
1.610000	-0.246691
1.611000	-0.226299
1.612000	-0.190628
1.613000	-0.180442
1.614000	-0.205917
1.615000	-0.226299
1.616000	-0.190628
1.617000	-0.160060
1.618000	-0.165153
1.619000	-0.185535
1.620000	-0.185535
1.621000	-0.154957
1.622000	-0.129482
1.623000	-0.144771
1.624000	-0.180442
1.625000	-0.185535
1.626000	-0.139678
1.627000	-0.119286
1.628000	-0.154957
1.629000	-0.185535
1.630000	-0.175349
1.631000	-0.124389
1.632000	-0.129482
1.633000	-0.165153
1.634000	-0.175349
1.635000	-0.149864
1.636000	-0.119286
1.637000	-0.129482
1.638000	-0.154957
1.639000	-0.160060
1.640000	-0.165153
1.641000	-0.124389
1.642000	-0.109100
1.643000	-0.139678
1.644000	-0.149864
1.645000	-0.154957
1.646000	-0.134575
1.647000	-0.093811
1.648000	-0.119286
1.649000	-0.154957
1.650000	-0.139678
1.651000	-0.093811
1.652000	-0.073429
1.653000	-0.114193
1.654000	-0.129482
1.655000	-0.104007
1.656000	-0.063233
1.657000	-0.083625
1.658000	-0.098904
1.659000	-0.098904
1.660000	-0.083625
1.661000	-0.063233
1.662000	-0.058140
1.663000	-0.098904
1.664000	-0.098904
1.665000	-0.047954
1.666000	-0.037758
1.667000	-0.083625
1.668000	-0.098904
1.669000	-0.058140
1.670000	-0.017376
1.671000	-0.032665
1.672000	-0.063233
1.673000	-0.078522
1.674000	-0.032665
1.675000	-0.012283
1.676000	-0.027562
1.677000	-0.053047
1.678000	-0.037758
1.679000	0.008109
1.680000	0.008109
1.681000	-0.058140
1.682000	-0.047954
1.683000	0.008109
1.684000	0.013202
1.685000	-0.002087
1.686000	-0.022469
1.687000	-0.012283
1.688000	0.023387
1.689000	0.033584
1.690000	0.023387
1.691000	-0.002087
1.692000	-0.007180
1.693000	0.038677
1.694000	0.059058
1.695000	0.028491
1.696000	0.013202
1.697000	0.053966
1.698000	0.104926
1.699000	0.089636
1.700000	0.053966
1.701000	0.064162
1.702000	0.084544
1.703000	0.130400
1.704000	0.120215
1.705000	0.110018
1.706000	0.104926
1.707000	0.130400
1.708000	0.145689
1.709000	0.166071
1.710000	0.145689
1.711000	0.110018
1.712000	0.130400
1.713000	0.176267
1.714000	0.186453
1.715000	0.181360
1.716000	0.150782
1.717000	0.166071
1.718000	0.217031
1.719000	0.217031
1.720000	0.186453
1.721000	0.176267
1.722000	0.206845
1.723000	0.252702
1.724000	0.227227
1.725000	0.191556
1.726000	0.211938
1.727000	0.257795
1.728000	0.247609
1.729000	0.222124
1.730000	0.227227
1.731000	0.247609
1.732000	0.273084
1.733000	0.257795
1.734000	0.232320
1.735000	0.237413
1.736000	0.252702
1.737000	0.273084
1.738000	0.257795
1.739000	0.227227
1.740000	0.247609
1.741000	0.278177
1.742000	0.267991
1.743000	0.252702
1.744000	0.257795
1.745000	0.273084
1.746000	0.267991
1.747000	0.278177
1.748000	0.257795
1.749000	0.217031
1.750000	0.217031
1.751000	0.278177
1.752000	0.267991
1.753000	0.206845
1.754000	0.186453
1.755000	0.227227
1.756000	0.273084
1.757000	0.242516
1.758000	0.191556
1.759000	0.201742
1.760000	0.232320
1.761000	0.252702
1.762000	0.217031
1.763000	0.176267
1.764000	0.186453
1.765000	0.227227
1.766000	0.222124
1.767000	0.176267
1.768000	0.150782
1.769000	0.191556
1.770000	0.206845
1.771000	0.176267
1.772000	0.145689
1.773000	0.135504
1.774000	0.145689
1.775000	0.160978
1.776000	0.150782
1.777000	0.104926
1.778000	0.084544
1.779000	0.115111
1.780000	0.130400
1.781000	0.084544
1.782000	0.043780
1.783000	0.069255
1.784000	0.099833
1.785000	0.053966
1.786000	0.028491
1.787000	0.038677
1.788000	0.043780
1.789000	0.048873
1.790000	0.028491
1.791000	0.018295
1.792000	0.018295
1.793000	0.038677
1.794000	0.053966
1.795000	0.018295
1.796000	-0.017376
1.797000	0.013202
1.798000	0.038677
1.799000	0.038677
1.800000	-0.017376
1.801000	-0.022469
1.802000	0.003006
1.803000	0.018295
1.804000	0.008109
1.805000	-0.027562
1.806000	-0.027562
1.807000	-0.002087
1.808000	0.008109
1.809000	-0.002087
1.810000	-0.027562
1.811000	-0.027562
1.812000	-0.002087
1.813000	0.013202
1.814000	-0.012283
1.815000	-0.032665
1.816000	-0.017376
1.817000	0.013202
1.818000	0.003006
1.819000	-0.007180
1.820000	-0.012283
1.821000	0.033584
1.822000	0.038677
1.823000	0.013202
1.824000	-0.022469
1.825000	-0.007180
1.826000	0.059058
1.827000	0.069255
1.828000	0.023387
1.829000	-0.022469
1.830000	0.038677
1.831000	0.125307
1.832000	0.099833
1.833000	0.023387
1.834000	0.008109
1.835000	0.115111
1.836000	0.171175
1.837000	0.104926
1.838000	0.023387
1.839000	0.059058
1.840000	0.171175
1.841000	0.196649
1.842000	0.099833
1.843000	0.043780
1.844000	0.115111
1.845000	0.227227
1.846000	0.206845
1.847000	0.084544
1.848000	0.069255
1.849000	0.166071
1.850000	0.242516
1.851000	0.191556
1.852000	0.115111
1.853000	0.125307
1.854000	0.206845
1.855000	0.252702
1.856000	0.222124
1.857000	0.171175
1.858000	0.191556
1.859000	0.267991
1.860000	0.283280
1.861000	0.222124
1.862000	0.191556
1.863000	0.242516
1.864000	0.303662
1.865000	0.293466
1.866000	0.227227
1.867000	0.211938
1.868000	0.278177
1.869000	0.329137
1.870000	0.288373
1.871000	0.222124
1.872000	0.227227
1.873000	0.293466
1.874000	0.349519
1.875000	0.262898
1.876000	0.196649
1.877000	0.242516
1.878000	0.324044
1.879000	0.313848
1.880000	0.247609
1.881000	0.196649
1.882000	0.252702
1.883000	0.329137
1.884000	0.308755
1.885000	0.222124
1.886000	0.186453
1.887000	0.252702
1.888000	0.334240
1.889000	0.288373
1.890000	0.196649
1.891000	0.186453
1.892000	0.273084
1.893000	0.318951
1.894000	0.247609
1.895000	0.186453
1.896000	0.196649
1.897000	0.283280
1.898000	0.288373
1.899000	0.206845
1.900000	0.160978
1.901000	0.227227
1.902000	0.288373
1.903000	0.242516
1.904000	0.155886
1.905000	0.155886
1.906000	0.227227
1.907000	0.257795
1.908000	0.201742
1.909000	0.130400
1.910000	0.145689
1.911000	0.211938
1.912000	0.222124
1.913000	0.160978
1.914000	0.104926
1.915000	0.135504
1.916000	0.191556
1.917000	0.181360
1.918000	0.115111
1.919000	0.099833
1.920000	0.135504
1.921000	0.176267
1.922000	0.155886
1.923000	0.104926
1.924000	0.089636
1.925000	0.130400
1.926000	0.166071
1.927000	0.135504
1.928000	0.064162
1.929000	0.064162
1.930000	0.115111
1.931000	0.140596
1.932000	0.089636
1.933000	0.038677
1.934000	0.059058
1.935000	0.110018
1.936000	0.125307
1.937000	0.053966
1.938000	0.028491
1.939000	0.069255
1.940000	0.110018
1.941000	0.084544
1.942000	0.028491
1.943000	0.018295
1.944000	0.089636
1.945000	0.110018
1.946000	0.059058
1.947000	0.018295
1.948000	0.033584
1.949000	0.089636
1.950000	0.104926
1.951000	0.059058
1.952000	0.013202
1.953000	0.043780
1.954000	0.110018
1.955000	0.115111
1.956000	0.053966
1.957000	0.033584
1.958000	0.084544
1.959000	0.140596
1.960000	0.089636
1.961000	0.053966
1.962000	0.064162
1.963000	0.130400
1.964000	0.150782
1.965000	0.099833
1.966000	0.064162
1.967000	0.084544
1.968000	0.150782
1.969000	0.160978
1.970000	0.099833
1.971000	0.084544
1.972000	0.130400
1.973000	0.171175
1.974000	0.155886
1.975000	0.120215
1.976000	0.104926
1.977000	0.140596
1.978000	0.181360
1.979000	0.160978
1.980000	0.135504
1.981000	0.120215
1.982000	0.160978
1.983000	0.191556
1.984000	0.166071
1.985000	0.140596
1.986000	0.145689
1.987000	0.186453
1.988000	0.201742
1.989000	0.176267
1.990000	0.140596
1.991000	0.160978
1.992000	0.196649
1.993000	0.206845
1.994000	0.181360
1.995000	0.155886
1.996000	0.186453
1.997000	0.217031
1.998000	0.206845
1.999000	0.176267
2.000000	0.176267
2.001000	0.201742
2.002000	0.217031
2.003000	0.211938
2.004000	0.181360
2.005000	0.181360
2.006000	0.211938
2.007000	0.227227
2.008000	0.206845
2.009000	0.176267
2.010000	0.186453
2.011000	0.227227
2.012000	0.232320
2.013000	0.196649
2.014000	0.176267
2.015000	0.201742
2.016000	0.237413
2.017000	0.222124
2.018000	0.186453
2.019000	0.176267
2.020000	0.211938
2.021000	0.237413
2.022000	0.211938
2.023000	0.171175
2.024000	0.181360
2.025000	0.217031
2.026000	0.232320
2.027000	0.181360
2.028000	0.150782
2.029000	0.166071
2.030000	0.211938
2.031000	0.211938
2.032000	0.160978
2.033000	0.135504
2.034000	0.171175
2.035000	0.206845
2.036000	0.186453
2.037000	0.145689
2.038000	0.130400
2.039000	0.171175
2.040000	0.196649
2.041000	0.166071
2.042000	0.125307
2.043000	0.130400
2.044000	0.171175
2.045000	0.166071
2.046000	0.135504
2.047000	0.099833
2.048000	0.120215
2.049000	0.155886
2.050000	0.140596
2.051000	0.115111
2.052000	0.089636
2.053000	0.120215
2.054000	0.140596
2.055000	0.120215
2.056000	0.099833
2.057000	0.089636
2.058000	0.120215
2.059000	0.120215
2.060000	0.104926
2.061000	0.089636
2.062000	0.094729
2.063000	0.110018
2.064000	0.115111
2.065000	0.084544
2.066000	0.074348
2.067000	0.094729
2.068000	0.110018
2.069000	0.099833
2.070000	0.074348
2.071000	0.059058
2.072000	0.084544
2.073000	0.099833
2.074000	0.089636
2.075000	0.064162
2.076000	0.053966
2.077000	0.084544
2.078000	0.099833
2.079000	0.084544
2.080000	0.048873
2.081000	0.048873
2.082000	0.084544
2.083000	0.089636
2.084000	0.069255
2.085000	0.043780
2.086000	0.059058
2.087000	0.094729
2.088000	0.094729
2.089000	0.059058
2.090000	0.053966
2.091000	0.079451
2.092000	0.104926
2.093000	0.079451
2.094000	0.053966
2.095000	0.064162
2.096000	0.094729
2.097000	0.099833
2.098000	0.064162
2.099000	0.059058
2.100000	0.084544
2.101000	0.099833
2.102000	0.089636
2.103000	0.064162
2.104000	0.074348
2.105000	0.099833
2.106000	0.104926
2.107000	0.094729
2.108000	0.079451
2.109000	0.099833
2.110000	0.115111
2.111000	0.110018
2.112000	0.094729
2.113000	0.089636
2.114000	0.104926
2.115000	0.125307
2.116000	0.110018
2.117000	0.099833
2.118000	0.104926
2.119000	0.115111
2.120000	0.125307
2.121000	0.120215
2.122000	0.115111
2.123000	0.110018
2.124000	0.130400
2.125000	0.150782
2.126000	0.125307
2.127000	0.110018
2.128000	0.125307
2.129000	0.155886
2.130000	0.166071
2.131000	0.130400
2.132000	0.110018
2.133000	0.145689
2.134000	0.176267
2.135000	0.150782
2.136000	0.120215
2.137000	0.115111
2.138000	0.150782
2.139000	0.176267
2.140000	0.145689
2.141000	0.120215
2.142000	0.135504
2.143000	0.176267
2.144000	0.181360
2.145000	0.130400
2.146000	0.115111
2.147000	0.130400
2.148000	0.176267
2.149000	0.160978
2.150000	0.115111
2.151000	0.115111
2.152000	0.155886
2.153000	0.181360
2.154000	0.150782
2.155000	0.120215
2.156000	0.130400
2.157000	0.176267
2.158000	0.186453
2.159000	0.135504
2.160000	0.110018
2.161000	0.130400
2.162000	0.160978
2.163000	0.176267
2.164000	0.140596
2.165000	0.110018
2.166000	0.130400
2.167000	0.166071
2.168000	0.160978
2.169000	0.120215
2.170000	0.104926
2.171000	0.135504
2.172000	0.171175
2.173000	0.155886
2.174000	0.110018
2.175000	0.094729
2.176000	0.130400
2.177000	0.155886
2.178000	0.140596
2.179000	0.094729
2.180000	0.099833
2.181000	0.135504
2.182000	0.150782
2.183000	0.120215
2.184000	0.084544
2.185000	0.094729
2.186000	0.135504
2.187000	0.130400
2.188000	0.099833
2.189000	0.079451
2.190000	0.104926
2.191000	0.140596
2.192000	0.120215
2.193000	0.084544
2.194000	0.089636
2.195000	0.120215
2.196000	0.140596
2.197000	0.104926
2.198000	0.079451
2.199000	0.079451
2.200000	0.115111
2.201000	0.130400
2.202000	0.084544
2.203000	0.064162
2.204000	0.079451
2.205000	0.120215
2.206000	0.110018
2.207000	0.069255
2.208000	0.048873
2.209000	0.089636
2.210000	0.115111
2.211000	0.099833
2.212000	0.064162
2.213000	0.059058
2.214000	0.099833
2.215000	0.110018
2.216000	0.079451
2.217000	0.053966
2.218000	0.064162
2.219000	0.094729
2.220000	0.104926
2.221000	0.069255
2.222000	0.048873
2.223000	0.079451
2.224000	0.110018
2.225000	0.099833
2.226000	0.064162
2.227000	0.059058
2.228000	0.069255
2.229000	0.099833
2.230000	0.094729
2.231000	0.064162
2.232000	0.048873
2.233000	0.074348
2.234000	0.099833
2.235000	0.084544
2.236000	0.053966
2.237000	0.059058
2.238000	0.079451
2.239000	0.089636
2.240000	0.069255
2.241000	0.059058
2.242000	0.053966
2.243000	0.089636
2.244000	0.094729
2.245000	0.074348
2.246000	0.048873
2.247000	0.069255
2.248000	0.094729
2.249000	0.094729
2.250000	0.074348
2.251000	0.059058
2.252000	0.079451
2.253000	0.094729
2.254000	0.079451
2.255000	0.064162
2.256000	0.064162
2.257000	0.094729
2.258000	0.110018
2.259000	0.079451
2.260000	0.064162
2.261000	0.079451
2.262000	0.110018
2.263000	0.099833
2.264000	0.084544
2.265000	0.069255
2.266000	0.094729
2.267000	0.110018
2.268000	0.104926
2.269000	0.079451
2.270000	0.084544
2.271000	0.104926
2.272000	0.115111
2.273000	0.099833
2.274000	0.089636
2.275000	0.094729
2.276000	0.110018
2.277000	0.115111
2.278000	0.094729
2.279000	0.084544
2.280000	0.094729
2.281000	0.120215
2.282000	0.104926
2.283000	0.094729
2.284000	0.094729
2.285000	0.104926
2.286000	0.115111
2.287000	0.110018
2.288000	0.104926
2.289000	0.104926
2.290000	0.115111
2.291000	0.120215
2.292000	0.110018
2.293000	0.115111
2.294000	0.115111
2.295000	0.130400
2.296000	0.115111
2.297000	0.110018
2.298000	0.115111
2.299000	0.120215
2.300000	0.115111
2.301000	0.115111
2.302000	0.110018
2.303000	0.110018
2.304000	0.120215
2.305000	0.125307
2.306000	0.115111
2.307000	0.115111
2.308000	0.115111
2.309000	0.120215
2.310000	0.120215
2.311000	0.120215
2.312000	0.120215
2.313000	0.125307
2.314000	0.120215
2.315000	0.125307
2.316000	0.115111
2.317000	0.120215
2.318000	0.125307
2.319000	0.120215
2.320000	0.110018
2.321000	0.115111
2.322000	0.115111
2.323000	0.125307
2.324000	0.125307
2.325000	0.125307
2.326000	0.115111
2.327000	0.120215
2.328000	0.130400
2.329000	0.125307
2.330000	0.120215
2.331000	0.120215
2.332000	0.125307
2.333000	0.120215
2.334000	0.120215
2.335000	0.120215
2.336000	0.120215
2.337000	0.120215
2.338000	0.120215
2.339000	0.115111
2.340000	0.120215
2.341000	0.125307
2.342000	0.125307
2.343000	0.120215
2.344000	0.110018
2.345000	0.115111
2.346000	0.115111
2.347000	0.120215
2.348000	0.120215
2.349000	0.110018
2.350000	0.120215
2.351000	0.115111
2.352000	0.115111
2.353000	0.104926
2.354000	0.115111
2.355000	0.115111
2.356000	0.115111
2.357000	0.115111
2.358000	0.110018
2.359000	0.110018
2.360000	0.110018
2.361000	0.120215
2.362000	0.110018
2.363000	0.104926
2.364000	0.104926
2.365000	0.104926
2.366000	0.115111
2.367000	0.110018
2.368000	0.104926
2.369000	0.104926
2.370000	0.104926
2.371000	0.115111
2.372000	0.099833
2.373000	0.099833
2.374000	0.104926
2.375000	0.104926
2.376000	0.099833
2.377000	0.099833
2.378000	0.099833
2.379000	0.104926
2.380000	0.110018
2.381000	0.104926
2.382000	0.099833
2.383000	0.094729
2.384000	0.104926
2.385000	0.099833
2.386000	0.094729
2.387000	0.084544
2.388000	0.099833
2.389000	0.094729
2.390000	0.094729
2.391000	0.089636
2.392000	0.089636
2.393000	0.094729
2.394000	0.099833
2.395000	0.099833
2.396000	0.089636
2.397000	0.084544
2.398000	0.089636
2.399000	0.104926
2.400000	0.099833
2.401000	0.079451
2.402000	0.084544
2.403000	0.094729
2.404000	0.094729
2.405000	0.089636
2.406000	0.089636
2.407000	0.089636
2.408000	0.099833
2.409000	0.094729
2.410000	0.094729
2.411000	0.084544
2.412000	0.094729
2.413000	0.094729
2.414000	0.099833
2.415000	0.084544
2.416000	0.094729
2.417000	0.089636
2.418000	0.099833
2.419000	0.094729
2.420000	0.084544
2.421000	0.089636
2.422000	0.099833
2.423000	0.094729
2.424000	0.099833
2.425000	0.099833
2.426000	0.094729
2.427000	0.104926
2.428000	0.099833
2.429000	0.094729
2.430000	0.094729
2.431000	0.094729
2.432000	0.099833
2.433000	0.104926
2.434000	0.094729
2.435000	0.089636
2.436000	0.089636
2.437000	0.099833
2.438000	0.094729
2.439000	0.089636
2.440000	0.099833
2.441000	0.094729
2.442000	0.094729
2.443000	0.094729
2.444000	0.089636
2.445000	0.099833
2.446000	0.094729
2.447000	0.094729
2.448000	0.094729
2.449000	0.094729
2.450000	0.094729
2.451000	0.099833
2.452000	0.104926
2.453000	0.094729
2.454000	0.094729
2.455000	0.094729
2.456000	0.104926
2.457000	0.099833
2.458000	0.104926
2.459000	0.104926
2.460000	0.104926
2.461000	0.099833
2.462000	0.104926
2.463000	0.099833
2.464000	0.104926
2.465000	0.104926
2.466000	0.110018
2.467000	0.104926
2.468000	0.099833
2.469000	0.099833
2.470000	0.099833
2.471000	0.110018
2.472000	0.104926
2.473000	0.099833
2.474000	0.104926
2.475000	0.104926
2.476000	0.094729
2.477000	0.110018
2.478000	0.104926
2.479000	0.110018
2.480000	0.104926
2.481000	0.104926
2.482000	0.110018
2.483000	0.104926
2.484000	0.110018
2.485000	0.110018
2.486000	0.104926
2.487000	0.104926
2.488000	0.110018
2.489000	0.104926
2.490000	0.115111
2.491000	0.115111
2.492000	0.110018
2.493000	0.110018
2.494000	0.110018
2.495000	0.110018
2.496000	0.110018
2.497000	0.110018
2.498000	0.110018
2.499000	0.110018
2.500000	0.115111
2.501000	0.115111
2.502000	0.115111
2.503000	0.115111
2.504000	0.110018
2.505000	0.115111
2.506000	0.110018
2.507000	0.115111
2.508000	0.110018
2.509000	0.110018
2.510000	0.115111
2.511000	0.115111
2.512000	0.110018
2.513000	0.120215
2.514000	0.115111
2.515000	0.115111
2.516000	0.115111
2.517000	0.115111
2.518000	0.115111
2.519000	0.115111
2.520000	0.110018
2.521000	0.115111
2.522000	0.120215
2.523000	0.115111
2.524000	0.120215
2.525000	0.115111
2.526000	0.115111
2.527000	0.115111
2.528000	0.115111
2.529000	0.120215
2.530000	0.120215
2.531000	0.110018
2.532000	0.125307
2.533000	0.115111
2.534000	0.110018
2.535000	0.115111
2.536000	0.110018
2.537000	0.125307
2.538000	0.120215
2.539000	0.110018
2.540000	0.115111
2.541000	0.110018
2.542000	0.115111
2.543000	0.115111
2.544000	0.110018
2.545000	0.110018
2.546000	0.110018
2.547000	0.110018
2.548000	0.110018
2.549000	0.110018
2.550000	0.110018
2.551000	0.120215
2.552000	0.115111
2.553000	0.115111
2.554000	0.115111
2.555000	0.110018
2.556000	0.120215
2.557000	0.110018
2.558000	0.115111
2.559000	0.104926
2.560000	0.120215
2.561000	0.110018
2.562000	0.120215
2.563000	0.104926
2.564000	0.110018
2.565000	0.110018
2.566000	0.110018
2.567000	0.099833
2.568000	0.104926
2.569000	0.110018
2.570000	0.110018
2.571000	0.104926
2.572000	0.110018
2.573000	0.104926
2.574000	0.110018
2.575000	0.110018
2.576000	0.104926
2.577000	0.104926
2.578000	0.104926
2.579000	0.110018
2.580000	0.104926
2.581000	0.110018
2.582000	0.099833
2.583000	0.104926
2.584000	0.104926
2.585000	0.099833
2.586000	0.099833
2.587000	0.099833
2.588000	0.104926
2.589000	0.099833
2.590000	0.094729
2.591000	0.099833
2.592000	0.104926
2.593000	0.104926
2.594000	0.099833
2.595000	0.094729
2.596000	0.099833
2.597000	0.104926
2.598000	0.099833
2.599000	0.094729
2.600000	0.094729
2.601000	0.089636
2.602000	0.104926
2.603000	0.099833
2.604000	0.094729
2.605000	0.089636
2.606000	0.099833
2.607000	0.099833
2.608000	0.104926
2.609000	0.094729
2.610000	0.084544
2.611000	0.094729
2.612000	0.104926
2.613000	0.094729
2.614000	0.089636
2.615000	0.089636
2.616000	0.099833
2.617000	0.099833
2.618000	0.099833
2.619000	0.094729
2.620000	0.089636
2.621000	0.104926
2.622000	0.104926
2.623000	0.089636
2.624000	0.089636
2.625000	0.094729
2.626000	0.099833
2.627000	0.104926
2.628000	0.099833
2.629000	0.099833
2.630000	0.099833
2.631000	0.099833
2.632000	0.094729
2.633000	0.084544
2.634000	0.094729
2.635000	0.099833
2.636000	0.099833
2.637000	0.089636
2.638000	0.089636
2.639000	0.094729
2.640000	0.099833
2.641000	0.099833
2.642000	0.089636
2.643000	0.084544
2.644000	0.094729
2.645000	0.099833
2.646000	0.089636
2.647000	0.089636
2.648000	0.084544
2.649000	0.089636
2.650000	0.099833
2.651000	0.099833
2.652000	0.084544
2.653000	0.084544
2.654000	0.094729
2.655000	0.099833
2.656000	0.099833
2.657000	0.089636
2.658000	0.094729
2.659000	0.094729
2.660000	0.089636
2.661000	0.089636
2.662000	0.089636
2.663000	0.094729
2.664000	0.110018
2.665000	0.099833
2.666000	0.094729
2.667000	0.089636
2.668000	0.099833
2.669000	0.099833
2.670000	0.094729
2.671000	0.094729
2.672000	0.099833
2.673000	0.099833
2.674000	0.099833
2.675000	0.099833
2.676000	0.099833
2.677000	0.099833
2.678000	0.104926
2.679000	0.104926
2.680000	0.099833
2.681000	0.094729
2.682000	0.099833
2.683000	0.104926
2.684000	0.104926
2.685000	0.094729
2.686000	0.099833
2.687000	0.094729
2.688000	0.110018
2.689000	0.104926
2.690000	0.099833
2.691000	0.099833
2.692000	0.104926
2.693000	0.099833
2.694000	0.104926
2.695000	0.104926
2.696000	0.104926
2.697000	0.110018
2.698000	0.104926
2.699000	0.104926
2.700000	0.110018
2.701000	0.104926
2.702000	0.104926
2.703000	0.099833
2.704000	0.104926
2.705000	0.104926
2.706000	0.110018
2.707000	0.104926
2.708000	0.104926
2.709000	0.104926
2.710000	0.104926
2.711000	0.115111
2.712000	0.115111
2.713000	0.110018
2.714000	0.115111
2.715000	0.115111
2.716000	0.110018
2.717000	0.120215
2.718000	0.115111
2.719000	0.110018
2.720000	0.110018
2.721000	0.115111
2.722000	0.115111
2.723000	0.115111
2.724000	0.115111
2.725000	0.115111
2.726000	0.115111
2.727000	0.115111
2.728000	0.120215
2.729000	0.120215
2.730000	0.120215
2.731000	0.120215
2.732000	0.120215
2.733000	0.120215
2.734000	0.120215
2.735000	0.125307
2.736000	0.120215
2.737000	0.120215
2.738000	0.120215
2.739000	0.120215
2.740000	0.130400
2.741000	0.115111
2.742000	0.110018
2.743000	0.125307
2.744000	0.135504
2.745000	0.125307
2.746000	0.125307
2.747000	0.125307
2.748000	0.130400
2.749000	0.125307
2.750000	0.120215
2.751000	0.115111
2.752000	0.120215
2.753000	0.115111
2.754000	0.130400
2.755000	0.120215
2.756000	0.120215
2.757000	0.125307
2.758000	0.120215
2.759000	0.115111
2.760000	0.120215
2.761000	0.125307
2.762000	0.125307
2.763000	0.115111
2.764000	0.115111
2.765000	0.115111
2.766000	0.115111
2.767000	0.120215
2.768000	0.125307
2.769000	0.125307
2.770000	0.120215
2.771000	0.115111
2.772000	0.120215
2.773000	0.110018
2.774000	0.125307
2.775000	0.110018
2.776000	0.115111
2.777000	0.110018
2.778000	0.115111
2.779000	0.120215
2.780000	0.110018
2.781000	0.104926
2.782000	0.115111
2.783000	0.120215
2.784000	0.115111
2.785000	0.120215
2.786000	0.115111
2.787000	0.104926
2.788000	0.115111
2.789000	0.115111
2.790000	0.110018
2.791000	0.104926
2.792000	0.110018
2.793000	0.104926
2.794000	0.110018
2.795000	0.104926
2.796000	0.110018
2.797000	0.110018
2.798000	0.110018
2.799000	0.110018
2.800000	0.099833
2.801000	0.110018
2.802000	0.110018
2.803000	0.099833
2.804000	0.104926
2.805000	0.099833
2.806000	0.110018
2.807000	0.110018
2.808000	0.104926
2.809000	0.094729
2.810000	0.115111
2.811000	0.104926
2.812000	0.099833
2.813000	0.110018
2.814000	0.099833
2.815000	0.099833
2.816000	0.099833
2.817000	0.104926
2.818000	0.104926
2.819000	0.099833
2.820000	0.104926
2.821000	0.104926
2.822000	0.099833
2.823000	0.099833
2.824000	0.099833
2.825000	0.104926
2.826000	0.099833
2.827000	0.099833
2.828000	0.099833
2.829000	0.094729
2.830000	0.104926
2.831000	0.104926
2.832000	0.099833
2.833000	0.104926
2.834000	0.099833
2.835000	0.099833
2.836000	0.099833
2.837000	0.104926
2.838000	0.104926
2.839000	0.099833
2.840000	0.104926
2.841000	0.099833
2.842000	0.094729
2.843000	0.104926
2.844000	0.099833
2.845000	0.099833
2.846000	0.110018
2.847000	0.104926
2.848000	0.104926
2.849000	0.099833
2.850000	0.110018
2.851000	0.110018
2.852000	0.110018
2.853000	0.110018
2.854000	0.099833
2.855000	0.104926
2.856000	0.104926
2.857000	0.099833
2.858000	0.104926
2.859000	0.110018
2.860000	0.104926
2.861000	0.110018
2.862000	0.110018
2.863000	0.110018
2.864000	0.110018
2.865000	0.104926
2.866000	0.104926
2.867000	0.115111
2.868000	0.115111
2.869000	0.104926
2.870000	0.110018
2.871000	0.115111
2.872000	0.120215
2.873000	0.120215
2.874000	0.104926
2.875000	0.104926
2.876000	0.115111
2.877000	0.120215
2.878000	0.115111
2.879000	0.115111
2.880000	0.120215
2.881000	0.125307
2.882000	0.115111
2.883000	0.110018
2.884000	0.104926
2.885000	0.115111
2.886000	0.125307
2.887000	0.125307
2.888000	0.110018
2.889000	0.120215
2.890000	0.125307
2.891000	0.135504
2.892000	0.125307
2.893000	0.125307
2.894000	0.120215
2.895000	0.135504
2.896000	0.120215
2.897000	0.120215
2.898000	0.115111
2.899000	0.130400
2.900000	0.135504
2.901000	0.130400
2.902000	0.125307
2.903000	0.120215
2.904000	0.140596
2.905000	0.135504
2.906000	0.130400
2.907000	0.120215
2.908000	0.130400
2.909000	0.130400
2.910000	0.130400
2.911000	0.120215
2.912000	0.125307
2.913000	0.135504
2.914000	0.130400
2.915000	0.130400
2.916000	0.120215
2.917000	0.125307
2.918000	0.135504
2.919000	0.130400
2.920000	0.125307
2.921000	0.130400
2.922000	0.120215
2.923000	0.130400
2.924000	0.140596
2.925000	0.125307
2.926000	0.125307
2.927000	0.120215
2.928000	0.130400
2.929000	0.130400
2.930000	0.125307
2.931000	0.120215
2.932000	0.120215
2.933000	0.125307
2.934000	0.125307
2.935000	0.125307
2.936000	0.120215
2.937000	0.125307
2.938000	0.130400
2.939000	0.115111
2.940000	0.120215
2.941000	0.120215
2.942000	0.125307
2.943000	0.125307
2.944000	0.120215
2.945000	0.115111
2.946000	0.120215
2.947000	0.125307
2.948000	0.120215
2.949000	0.110018
2.950000	0.125307
2.951000	0.125307
2.952000	0.120215
2.953000	0.115111
2.954000	0.120215
2.955000	0.115111
2.956000	0.130400
2.957000	0.120215
2.958000	0.110018
2.959000	0.115111
2.960000	0.115111
2.961000	0.120215
2.962000	0.120215
2.963000	0.120215
2.964000	0.110018
2.965000	0.115111
2.966000	0.120215
2.967000	0.110018
2.968000	0.104926
2.969000	0.115111
2.970000	0.110018
2.971000	0.110018
2.972000	0.115111
2.973000	0.104926
2.974000	0.110018
2.975000	0.115111
2.976000	0.115111
2.977000	0.104926
2.978000	0.110018
2.979000	0.115111
2.980000	0.115111
2.981000	0.110018
2.982000	0.110018
2.983000	0.110018
2.984000	0.115111
2.985000	0.110018
2.986000	0.110018
2.987000	0.104926
2.988000	0.110018
2.989000	0.120215
2.990000	0.104926
2.991000	0.104926
2.992000	0.099833
2.993000	0.104926
2.994000	0.110018
2.995000	0.110018
2.996000	0.104926
2.997000	0.099833
2.998000	0.110018
2.999000	0.094729
