-0.500000	2.792080
-0.499000	2.882160
-0.498000	2.792080
-0.497000	2.792080
-0.496000	2.882160
-0.495000	2.882160
-0.494000	2.792080
-0.493000	2.882160
-0.492000	2.792080
-0.491000	2.792080
-0.490000	2.792080
-0.489000	2.882160
-0.488000	2.882160
-0.487000	2.882160
-0.486000	2.792080
-0.485000	2.792080
-0.484000	2.882160
-0.483000	2.882160
-0.482000	2.882160
-0.481000	2.792080
-0.480000	2.882160
-0.479000	2.882160
-0.478000	2.701990
-0.477000	2.792080
-0.476000	2.882160
-0.475000	2.882160
-0.474000	2.882160
-0.473000	2.882160
-0.472000	2.792080
-0.471000	2.792080
-0.470000	2.792080
-0.469000	2.792080
-0.468000	2.882160
-0.467000	2.792080
-0.466000	2.882160
-0.465000	2.792080
-0.464000	2.792080
-0.463000	2.792080
-0.462000	2.882160
-0.461000	2.792080
-0.460000	2.792080
-0.459000	2.701990
-0.458000	2.882160
-0.457000	2.882160
-0.456000	2.882160
-0.455000	2.882160
-0.454000	2.882160
-0.453000	2.792080
-0.452000	2.792080
-0.451000	2.792080
-0.450000	2.882160
-0.449000	2.792080
-0.448000	2.611720
-0.447000	2.792080
-0.446000	2.972430
-0.445000	2.792080
-0.444000	2.611720
-0.443000	2.792080
-0.442000	2.882160
-0.441000	2.792080
-0.440000	2.792080
-0.439000	2.792080
-0.438000	2.792080
-0.437000	2.792080
-0.436000	2.792080
-0.435000	2.882160
-0.434000	2.792080
-0.433000	2.701990
-0.432000	2.792080
-0.431000	2.701990
-0.430000	2.792080
-0.429000	2.792080
-0.428000	2.792080
-0.427000	2.701990
-0.426000	2.792080
-0.425000	2.701990
-0.424000	2.792080
-0.423000	2.882160
-0.422000	2.882160
-0.421000	2.882160
-0.420000	2.792080
-0.419000	2.792080
-0.418000	2.882160
-0.417000	2.882160
-0.416000	2.792080
-0.415000	2.882160
-0.414000	2.792080
-0.413000	2.792080
-0.412000	2.792080
-0.411000	2.792080
-0.410000	2.792080
-0.409000	2.701990
-0.408000	2.792080
-0.407000	2.792080
-0.406000	2.792080
-0.405000	2.792080
-0.404000	2.792080
-0.403000	2.792080
-0.402000	2.882160
-0.401000	2.972430
-0.400000	2.792080
-0.399000	2.792080
-0.398000	2.882160
-0.397000	2.882160
-0.396000	2.792080
-0.395000	2.792080
-0.394000	2.792080
-0.393000	2.611720
-0.392000	2.792080
-0.391000	2.792080
-0.390000	2.792080
-0.389000	2.882160
-0.388000	2.792080
-0.387000	2.792080
-0.386000	2.792080
-0.385000	2.792080
-0.384000	2.882160
-0.383000	2.972430
-0.382000	2.701990
-0.381000	2.792080
-0.380000	2.882160
-0.379000	2.792080
-0.378000	2.792080
-0.377000	2.882160
-0.376000	2.611720
-0.375000	2.882160
-0.374000	2.972430
-0.373000	2.882160
-0.372000	2.882160
-0.371000	2.882160
-0.370000	2.792080
-0.369000	2.882160
-0.368000	2.792080
-0.367000	2.792080
-0.366000	2.882160
-0.365000	2.792080
-0.364000	2.792080
-0.363000	2.701990
-0.362000	2.792080
-0.361000	2.972430
-0.360000	2.792080
-0.359000	2.792080
-0.358000	2.882160
-0.357000	2.792080
-0.356000	2.792080
-0.355000	2.882160
-0.354000	2.701990
-0.353000	2.792080
-0.352000	2.972430
-0.351000	2.882160
-0.350000	2.792080
-0.349000	2.792080
-0.348000	2.882160
-0.347000	2.792080
-0.346000	2.701990
-0.345000	2.792080
-0.344000	2.792080
-0.343000	2.792080
-0.342000	2.792080
-0.341000	2.792080
-0.340000	2.701990
-0.339000	2.882160
-0.338000	2.701990
-0.337000	2.792080
-0.336000	2.882160
-0.335000	2.792080
-0.334000	2.792080
-0.333000	2.792080
-0.332000	2.882160
-0.331000	2.792080
-0.330000	2.792080
-0.329000	2.882160
-0.328000	2.792080
-0.327000	2.792080
-0.326000	2.701990
-0.325000	2.792080
-0.324000	2.792080
-0.323000	2.611720
-0.322000	2.972430
-0.321000	2.792080
-0.320000	2.882160
-0.319000	2.701990
-0.318000	2.882160
-0.317000	2.701990
-0.316000	2.882160
-0.315000	2.882160
-0.314000	2.792080
-0.313000	2.882160
-0.312000	2.792080
-0.311000	2.792080
-0.310000	2.611720
-0.309000	2.882160
-0.308000	2.792080
-0.307000	2.792080
-0.306000	2.972430
-0.305000	2.882160
-0.304000	2.792080
-0.303000	2.882160
-0.302000	2.972430
-0.301000	2.792080
-0.300000	2.792080
-0.299000	2.611720
-0.298000	2.792080
-0.297000	2.792080
-0.296000	2.882160
-0.295000	2.792080
-0.294000	2.792080
-0.293000	2.792080
-0.292000	2.701990
-0.291000	2.792080
-0.290000	2.701990
-0.289000	2.882160
-0.288000	2.882160
-0.287000	2.792080
-0.286000	2.882160
-0.285000	2.792080
-0.284000	2.792080
-0.283000	2.792080
-0.282000	2.792080
-0.281000	2.792080
-0.280000	2.792080
-0.279000	2.882160
-0.278000	2.701990
-0.277000	2.701990
-0.276000	2.792080
-0.275000	2.882160
-0.274000	2.792080
-0.273000	2.792080
-0.272000	2.792080
-0.271000	2.882160
-0.270000	2.882160
-0.269000	2.792080
-0.268000	2.972430
-0.267000	2.792080
-0.266000	2.792080
-0.265000	2.792080
-0.264000	2.792080
-0.263000	2.792080
-0.262000	2.792080
-0.261000	2.882160
-0.260000	2.792080
-0.259000	2.792080
-0.258000	2.792080
-0.257000	2.792080
-0.256000	2.792080
-0.255000	2.882160
-0.254000	2.972430
-0.253000	2.792080
-0.252000	2.882160
-0.251000	2.792080
-0.250000	2.792080
-0.249000	2.792080
-0.248000	2.792080
-0.247000	2.972430
-0.246000	2.882160
-0.245000	2.882160
-0.244000	2.882160
-0.243000	2.792080
-0.242000	2.701990
-0.241000	2.792080
-0.240000	2.792080
-0.239000	2.882160
-0.238000	2.792080
-0.237000	2.792080
-0.236000	2.882160
-0.235000	2.882160
-0.234000	2.882160
-0.233000	2.882160
-0.232000	2.792080
-0.231000	2.792080
-0.230000	2.882160
-0.229000	2.792080
-0.228000	2.972430
-0.227000	2.792080
-0.226000	2.701990
-0.225000	2.792080
-0.224000	2.882160
-0.223000	2.882160
-0.222000	2.792080
-0.221000	2.701990
-0.220000	2.972430
-0.219000	2.792080
-0.218000	2.792080
-0.217000	2.882160
-0.216000	2.882160
-0.215000	2.792080
-0.214000	2.882160
-0.213000	2.792080
-0.212000	2.792080
-0.211000	2.701990
-0.210000	2.882160
-0.209000	2.701990
-0.208000	2.882160
-0.207000	2.882160
-0.206000	2.882160
-0.205000	2.792080
-0.204000	2.701990
-0.203000	2.701990
-0.202000	2.882160
-0.201000	2.882160
-0.200000	2.792080
-0.199000	2.792080
-0.198000	2.792080
-0.197000	2.792080
-0.196000	2.882160
-0.195000	2.882160
-0.194000	2.701990
-0.193000	2.882160
-0.192000	2.701990
-0.191000	2.882160
-0.190000	2.882160
-0.189000	2.792080
-0.188000	2.882160
-0.187000	2.882160
-0.186000	2.792080
-0.185000	2.792080
-0.184000	2.882160
-0.183000	2.792080
-0.182000	2.882160
-0.181000	2.882160
-0.180000	2.792080
-0.179000	2.792080
-0.178000	2.792080
-0.177000	2.882160
-0.176000	2.792080
-0.175000	2.792080
-0.174000	2.792080
-0.173000	2.792080
-0.172000	2.972430
-0.171000	2.882160
-0.170000	2.701990
-0.169000	2.701990
-0.168000	2.792080
-0.167000	2.792080
-0.166000	2.701990
-0.165000	2.972430
-0.164000	2.701990
-0.163000	2.882160
-0.162000	2.792080
-0.161000	2.792080
-0.160000	2.792080
-0.159000	2.611720
-0.158000	2.792080
-0.157000	2.792080
-0.156000	2.792080
-0.155000	2.882160
-0.154000	2.792080
-0.153000	2.792080
-0.152000	2.792080
-0.151000	2.792080
-0.150000	2.792080
-0.149000	2.792080
-0.148000	2.701990
-0.147000	2.792080
-0.146000	2.792080
-0.145000	2.792080
-0.144000	2.792080
-0.143000	2.792080
-0.142000	2.701990
-0.141000	2.792080
-0.140000	2.882160
-0.139000	2.792080
-0.138000	2.882160
-0.137000	2.701990
-0.136000	2.792080
-0.135000	2.882160
-0.134000	2.882160
-0.133000	2.792080
-0.132000	2.792080
-0.131000	2.882160
-0.130000	2.792080
-0.129000	2.792080
-0.128000	2.792080
-0.127000	2.701990
-0.126000	2.792080
-0.125000	2.882160
-0.124000	2.792080
-0.123000	2.792080
-0.122000	2.792080
-0.121000	2.792080
-0.120000	2.882160
-0.119000	2.792080
-0.118000	2.792080
-0.117000	2.792080
-0.116000	2.882160
-0.115000	2.701990
-0.114000	2.882160
-0.113000	2.792080
-0.112000	2.972430
-0.111000	2.882160
-0.110000	2.611720
-0.109000	2.792080
-0.108000	2.792080
-0.107000	2.792080
-0.106000	2.792080
-0.105000	2.792080
-0.104000	2.882160
-0.103000	2.792080
-0.102000	2.792080
-0.101000	2.792080
-0.100000	2.792080
-0.099000	2.792080
-0.098000	2.882160
-0.097000	2.792080
-0.096000	2.792080
-0.095000	2.792080
-0.094000	2.882160
-0.093000	2.792080
-0.092000	2.792080
-0.091000	2.882160
-0.090000	2.792080
-0.089000	2.882160
-0.088000	2.792080
-0.087000	2.701990
-0.086000	2.882160
-0.085000	2.882160
-0.084000	2.882160
-0.083000	2.882160
-0.082000	2.882160
-0.081000	2.792080
-0.080000	2.882160
-0.079000	2.882160
-0.078000	2.792080
-0.077000	2.792080
-0.076000	2.701990
-0.075000	2.882160
-0.074000	2.792080
-0.073000	2.792080
-0.072000	2.792080
-0.071000	2.882160
-0.070000	2.882160
-0.069000	2.882160
-0.068000	2.792080
-0.067000	2.882160
-0.066000	2.882160
-0.065000	2.792080
-0.064000	2.882160
-0.063000	2.701990
-0.062000	2.792080
-0.061000	2.792080
-0.060000	2.701990
-0.059000	2.701990
-0.058000	2.792080
-0.057000	2.792080
-0.056000	2.882160
-0.055000	2.701990
-0.054000	2.792080
-0.053000	2.792080
-0.052000	2.882160
-0.051000	2.882160
-0.050000	2.792080
-0.049000	2.792080
-0.048000	2.882160
-0.047000	2.701990
-0.046000	2.792080
-0.045000	2.792080
-0.044000	2.792080
-0.043000	2.882160
-0.042000	2.611720
-0.041000	2.701990
-0.040000	2.792080
-0.039000	2.792080
-0.038000	2.972430
-0.037000	2.701990
-0.036000	2.882160
-0.035000	2.972430
-0.034000	2.972430
-0.033000	2.792080
-0.032000	2.611720
-0.031000	2.071030
-0.030000	1.169630
-0.029000	0.088054
-0.028000	-0.542909
-0.027000	-1.173870
-0.026000	-1.083790
-0.025000	-0.903617
-0.024000	-0.813348
-0.023000	-1.354230
-0.022000	-2.165360
-0.021000	-3.337200
-0.020000	-4.238600
-0.019000	-5.140000
-0.018000	-5.320170
-0.017000	-5.500530
-0.016000	-5.500530
-0.015000	-5.770970
-0.014000	-6.221570
-0.013000	-6.492010
-0.012000	-6.582100
-0.011000	-6.942620
-0.010000	-6.762450
-0.009000	-6.582100
-0.008000	-6.401930
-0.007000	-6.041400
-0.006000	-5.861050
-0.005000	-5.951130
-0.004000	-6.041400
-0.003000	-6.131490
-0.002000	-5.770970
-0.001000	-6.041400
0.000000	-6.131490
0.001000	-6.221570
0.002000	-6.762450
0.003000	-6.492010
0.004000	-6.311660
0.005000	-4.509040
0.006000	-1.895100
0.007000	0.178139
0.008000	1.800590
0.009000	2.792080
0.010000	3.603390
0.011000	4.775050
0.012000	5.406010
0.013000	6.758020
0.014000	7.569340
0.015000	8.650910
0.016000	10.183300
0.017000	11.084700
0.018000	12.256500
0.019000	13.067600
0.020000	13.518300
0.021000	13.969100
0.022000	14.329600
0.023000	14.780200
0.024000	14.870500
0.025000	14.870500
0.026000	14.059100
0.027000	12.887500
0.028000	11.445200
0.029000	10.003100
0.030000	8.380470
0.031000	6.938380
0.032000	6.127060
0.033000	4.054000
0.034000	3.062510
0.035000	1.440060
0.036000	-0.633178
0.037000	-3.247110
0.038000	-5.770970
0.039000	-6.942620
0.040000	-7.663850
0.041000	-8.114460
0.042000	-8.024380
0.043000	-8.024380
0.044000	-8.745430
0.045000	-9.196030
0.046000	-9.646830
0.047000	-9.827000
0.048000	-9.917270
0.049000	-9.556740
0.050000	-8.655340
0.051000	-7.844020
0.052000	-6.401930
0.053000	-5.320170
0.054000	-4.418950
0.055000	-3.607640
0.056000	-2.976680
0.057000	-2.345710
0.058000	-1.714750
0.059000	-1.083790
0.060000	-0.993702
0.061000	-0.723263
0.062000	-0.723263
0.063000	-0.542909
0.064000	-0.272654
0.065000	-0.182385
0.066000	-0.542909
0.067000	-0.452824
0.068000	-0.903617
0.069000	-0.993702
0.070000	-0.993702
0.071000	-1.444310
0.072000	-1.714750
0.073000	-2.255630
0.074000	-2.526070
0.075000	-2.796320
0.076000	-2.886590
0.077000	-2.976680
0.078000	-2.886590
0.079000	-2.706240
0.080000	-2.796320
0.081000	-2.255630
0.082000	-1.985190
0.083000	-1.895100
0.084000	-1.354230
0.085000	-1.804830
0.086000	-1.985190
0.087000	-2.255630
0.088000	-2.706240
0.089000	-3.157030
0.090000	-3.607640
0.091000	-3.968160
0.092000	-4.238600
0.093000	-4.959650
0.094000	-5.230090
0.095000	-6.131490
0.096000	-7.393410
0.097000	-8.294820
0.098000	-8.294820
0.099000	-9.286300
0.100000	-9.466470
0.101000	-9.466470
0.102000	-9.736910
0.103000	-9.646830
0.104000	-9.736910
0.105000	-8.925780
0.106000	-9.105950
0.107000	-8.114460
0.108000	-6.401930
0.109000	-7.573580
0.110000	-8.384900
0.111000	-8.925780
0.112000	-9.556740
0.113000	-9.286300
0.114000	-9.466470
0.115000	-7.753940
0.116000	-2.435800
0.117000	-7.844020
0.118000	-4.869560
0.119000	-1.444310
0.120000	-14.333800
0.121000	-12.531200
0.122000	-17.308500
0.123000	-21.364500
0.124000	-17.578899
0.125000	-20.913900
0.126000	-12.170700
0.127000	-16.136600
0.128000	-10.187700
0.129000	-7.032890
0.130000	-13.522700
0.131000	-14.964800
0.132000	-14.333800
0.133000	-18.930901
0.134000	-20.463301
0.135000	-18.750601
0.136000	-19.832300
0.137000	-12.350800
0.138000	-5.861050
0.139000	-7.483500
0.140000	-5.410440
0.141000	-9.646830
0.142000	-0.813348
0.143000	-4.509040
0.144000	5.496100
0.145000	-0.542909
0.146000	-2.796320
0.147000	-5.320170
0.148000	-6.852540
0.149000	3.963920
0.150000	-0.903617
0.151000	2.431550
0.152000	-1.534580
0.153000	-1.444310
0.154000	1.530150
0.155000	1.259710
0.156000	-2.616150
0.157000	-4.959650
0.158000	-10.458000
0.159000	-9.556740
0.160000	-8.835510
0.161000	-7.844020
0.162000	-9.286300
0.163000	-10.728400
0.164000	-13.432600
0.165000	-11.179200
0.166000	-11.269300
0.167000	-9.556740
0.168000	-10.097400
0.169000	-13.162200
0.170000	-7.393410
0.171000	-17.759100
0.172000	-12.981800
0.173000	-15.776100
0.174000	-15.415600
0.175000	-11.449400
0.176000	-12.170700
0.177000	-8.835510
0.178000	-10.187700
0.179000	-8.565070
0.180000	-9.105950
0.181000	-12.801600
0.182000	-10.818500
0.183000	-10.548200
0.184000	-11.359400
0.185000	-9.917270
0.186000	-14.514200
0.187000	-31.009100
0.188000	-30.828899
0.189000	-30.648600
0.190000	-36.597698
0.191000	-27.313601
0.192000	-35.155399
0.193000	-37.949699
0.194000	-50.388599
0.195000	-45.070499
0.196000	-26.953100
0.197000	-18.299999
0.198000	-4.959650
0.199000	-38.130100
0.200000	-37.228699
0.201000	-56.608002
0.202000	-62.557098
0.203000	-39.031502
0.204000	-35.516102
0.205000	-29.657101
0.206000	-40.022900
0.207000	-36.417301
0.208000	-26.232000
0.209000	-22.536301
0.210000	-12.350800
0.211000	-11.990300
0.212000	-13.973300
0.213000	-10.187700
0.214000	-10.548200
0.215000	-17.849199
0.216000	-29.657101
0.217000	-30.828899
0.218000	-32.721802
0.219000	-21.634899
0.220000	-25.150299
0.221000	-16.767599
0.222000	-23.708200
0.223000	-18.119600
0.224000	-19.111099
0.225000	-22.085699
0.226000	-22.356001
0.227000	-23.527800
0.228000	-18.750601
0.229000	-24.609600
0.230000	-17.218201
0.231000	-37.408798
0.232000	-38.941200
0.233000	-35.065300
0.234000	-35.245701
0.235000	-23.077200
0.236000	-21.634899
0.237000	-25.871300
0.238000	-26.232000
0.239000	-34.434399
0.240000	-41.915798
0.241000	-38.490601
0.242000	-39.211601
0.243000	-32.992298
0.244000	-24.248899
0.245000	-16.947901
0.246000	-11.359400
0.247000	-14.333800
0.248000	-7.122980
0.249000	-9.556740
0.250000	-8.565070
0.251000	-20.372999
0.252000	-29.747400
0.253000	-36.327202
0.254000	-36.777901
0.255000	-29.927500
0.256000	-15.956500
0.257000	-1.354230
0.258000	2.161110
0.259000	6.307410
0.260000	-3.157030
0.261000	-10.818500
0.262000	-24.519300
0.263000	-29.386700
0.264000	-32.000801
0.265000	-36.507599
0.266000	-33.082401
0.267000	-35.065300
0.268000	-30.919001
0.269000	-27.133200
0.270000	-21.544901
0.271000	-21.905399
0.272000	-18.660500
0.273000	-17.759100
0.274000	-20.372999
0.275000	-29.116400
0.276000	-31.730301
0.277000	-33.082401
0.278000	-38.310200
0.279000	-38.761002
0.280000	-38.580700
0.281000	-34.885201
0.282000	-34.254200
0.283000	-32.992298
0.284000	-32.361301
0.285000	-32.451401
0.286000	-29.837500
0.287000	-26.232000
0.288000	-25.961599
0.289000	-24.248899
0.290000	-26.232000
0.291000	-29.386700
0.292000	-32.361301
0.293000	-35.606201
0.294000	-33.713299
0.295000	-33.082401
0.296000	-31.549999
0.297000	-26.592600
0.298000	-25.060200
0.299000	-25.420700
0.300000	-28.034599
0.301000	-31.189501
0.302000	-32.180901
0.303000	-34.073799
0.304000	-34.163898
0.305000	-34.524399
0.306000	-38.310200
0.307000	-39.932701
0.308000	-39.572102
0.309000	-23.798300
0.310000	-10.728400
0.311000	-11.629800
0.312000	-20.282900
0.313000	-37.949699
0.314000	-51.560398
0.315000	-60.303699
0.316000	-62.647099
0.317000	-55.436298
0.318000	-46.873299
0.319000	-39.211601
0.320000	-36.868099
0.321000	-40.293201
0.322000	-37.048302
0.323000	-36.056801
0.324000	-37.679298
0.325000	-37.769501
0.326000	-36.777901
0.327000	-40.203098
0.328000	-41.465000
0.329000	-50.749100
0.330000	-46.602798
0.331000	-37.769501
0.332000	-23.617901
0.333000	-13.973300
0.334000	-17.849199
0.335000	-24.429199
0.336000	-34.344299
0.337000	-42.366402
0.338000	-46.422699
0.339000	-42.546600
0.340000	-35.245701
0.341000	-22.896900
0.342000	-20.823799
0.343000	-20.553400
0.344000	-26.863001
0.345000	-27.854500
0.346000	-25.330601
0.347000	-27.493999
0.348000	-25.871300
0.349000	-25.961599
0.350000	-27.854500
0.351000	-25.781200
0.352000	-28.395201
0.353000	-31.189501
0.354000	-31.189501
0.355000	-34.163898
0.356000	-30.648600
0.357000	-29.476900
0.358000	-25.871300
0.359000	-24.609600
0.360000	-21.454800
0.361000	-21.094200
0.362000	-21.725201
0.363000	-22.175800
0.364000	-24.789700
0.365000	-24.519300
0.366000	-26.953100
0.367000	-24.519300
0.368000	-24.429199
0.369000	-21.634899
0.370000	-18.750601
0.371000	-18.119600
0.372000	-14.964800
0.373000	-17.759100
0.374000	-16.136600
0.375000	-18.660500
0.376000	-17.578899
0.377000	-17.939400
0.378000	-18.840799
0.379000	-19.111099
0.380000	-19.652000
0.381000	-22.356001
0.382000	-22.175800
0.383000	-25.871300
0.384000	-25.691200
0.385000	-26.682600
0.386000	-23.347700
0.387000	-20.553400
0.388000	-19.471600
0.389000	-16.136600
0.390000	-18.299999
0.391000	-16.947901
0.392000	-16.497101
0.393000	-17.578899
0.394000	-17.398500
0.395000	-15.776100
0.396000	-14.153700
0.397000	-11.088900
0.398000	-12.891700
0.399000	-10.728400
0.400000	-10.277800
0.401000	-8.835510
0.402000	-4.779480
0.403000	-6.311660
0.404000	-5.410440
0.405000	-5.140000
0.406000	-4.869560
0.407000	-5.049730
0.408000	-6.041400
0.409000	-6.942620
0.410000	-7.934110
0.411000	-8.745430
0.412000	-8.204550
0.413000	-10.187700
0.414000	-7.483500
0.415000	-7.213060
0.416000	-5.770970
0.417000	-4.328690
0.418000	-3.968160
0.419000	-4.689210
0.420000	-4.599120
0.421000	-6.131490
0.422000	-2.796320
0.423000	-3.157030
0.424000	-1.083790
0.425000	-2.345710
0.426000	-1.173870
0.427000	0.538663
0.428000	-0.362739
0.429000	0.628748
0.430000	-0.092300
0.431000	2.431550
0.432000	3.513120
0.433000	5.045490
0.434000	3.062510
0.435000	5.946890
0.436000	2.611720
0.437000	3.332950
0.438000	3.513120
0.439000	2.701990
0.440000	2.431550
0.441000	2.611720
0.442000	0.989271
0.443000	1.079540
0.444000	0.358309
0.445000	2.161110
0.446000	4.324440
0.447000	5.135570
0.448000	5.406010
0.449000	3.152600
0.450000	4.144090
0.451000	2.431550
0.452000	2.341470
0.453000	2.071030
0.454000	5.676450
0.455000	5.225840
0.456000	6.667940
0.457000	4.144090
0.458000	7.118730
0.459000	5.856800
0.460000	7.118730
0.461000	7.028460
0.462000	8.019950
0.463000	7.118730
0.464000	6.577850
0.465000	6.036970
0.466000	6.848290
0.467000	6.397500
0.468000	7.298900
0.469000	6.217330
0.470000	8.019950
0.471000	7.659420
0.472000	8.019950
0.473000	8.110220
0.474000	8.741180
0.475000	8.290390
0.476000	11.084700
0.477000	8.741180
0.478000	11.084700
0.479000	11.264800
0.480000	11.084700
0.481000	13.608500
0.482000	12.076200
0.483000	14.509900
0.484000	12.346600
0.485000	16.132401
0.486000	10.724200
0.487000	15.501400
0.488000	15.231000
0.489000	22.441799
0.490000	23.072800
0.491000	23.433300
0.492000	20.458799
0.493000	16.673100
0.494000	19.467400
0.495000	19.467400
0.496000	21.089800
0.497000	17.934999
0.498000	20.188400
0.499000	19.827900
0.500000	19.287001
0.501000	18.656200
0.502000	15.952000
0.503000	16.492901
0.504000	16.492901
0.505000	23.433300
0.506000	26.948601
0.507000	26.408001
0.508000	25.055799
0.509000	23.703699
0.510000	24.064301
0.511000	21.630699
0.512000	22.622200
0.513000	23.163099
0.514000	21.901100
0.515000	20.639200
0.516000	22.351700
0.517000	26.227600
0.518000	31.275299
0.519000	33.258301
0.520000	33.708900
0.521000	31.635799
0.522000	30.373899
0.523000	29.021900
0.524000	28.030399
0.525000	31.545700
0.526000	31.725901
0.527000	32.537201
0.528000	30.193701
0.529000	29.292299
0.530000	28.571100
0.531000	28.481001
0.532000	28.751499
0.533000	27.219101
0.534000	28.030399
0.535000	27.309401
0.536000	28.661400
0.537000	28.030399
0.538000	27.669901
0.539000	24.965700
0.540000	23.884100
0.541000	22.982700
0.542000	24.605101
0.543000	23.794001
0.544000	24.154499
0.545000	25.416500
0.546000	25.055799
0.547000	27.579599
0.548000	26.137501
0.549000	27.038900
0.550000	27.399401
0.551000	29.472500
0.552000	30.914801
0.553000	32.537201
0.554000	31.455500
0.555000	32.627300
0.556000	31.816200
0.557000	32.266800
0.558000	30.464001
0.559000	30.193701
0.560000	29.112000
0.561000	28.661400
0.562000	28.931801
0.563000	31.725901
0.564000	32.447102
0.565000	34.610298
0.566000	32.987801
0.567000	32.627300
0.568000	30.283800
0.569000	31.545700
0.570000	32.266800
0.571000	32.356899
0.572000	33.618801
0.573000	33.078098
0.574000	33.618801
0.575000	34.339802
0.576000	33.618801
0.577000	33.078098
0.578000	36.142601
0.579000	39.838299
0.580000	43.804298
0.581000	41.370499
0.582000	36.953999
0.583000	31.996300
0.584000	27.579599
0.585000	30.283800
0.586000	41.911400
0.587000	50.113899
0.588000	48.942101
0.589000	41.911400
0.590000	32.356899
0.591000	28.390900
0.592000	25.416500
0.593000	28.571100
0.594000	31.906300
0.595000	35.241199
0.596000	37.945499
0.597000	38.486099
0.598000	39.838299
0.599000	39.928398
0.600000	41.190399
0.601000	41.190399
0.602000	41.370499
0.603000	39.928398
0.604000	38.306000
0.605000	35.962502
0.606000	33.708900
0.607000	33.528702
0.608000	33.528702
0.609000	36.142601
0.610000	36.953999
0.611000	40.018501
0.612000	40.829800
0.613000	43.353699
0.614000	43.714199
0.615000	43.443802
0.616000	43.894402
0.617000	42.001499
0.618000	41.100300
0.619000	39.838299
0.620000	37.584900
0.621000	37.224201
0.622000	36.413101
0.623000	36.052601
0.624000	37.224201
0.625000	37.765099
0.626000	37.855202
0.627000	36.863701
0.628000	36.593300
0.629000	36.232700
0.630000	36.142601
0.631000	36.683498
0.632000	37.224201
0.633000	37.404598
0.634000	37.224201
0.635000	36.503201
0.636000	36.593300
0.637000	36.683498
0.638000	37.404598
0.639000	38.756599
0.640000	39.207401
0.641000	40.469299
0.642000	41.640999
0.643000	41.100300
0.644000	40.829800
0.645000	39.477600
0.646000	39.117100
0.647000	39.297501
0.648000	39.477600
0.649000	38.756599
0.650000	38.215900
0.651000	36.773602
0.652000	35.692001
0.653000	34.069599
0.654000	33.618801
0.655000	32.627300
0.656000	32.176701
0.657000	31.906300
0.658000	32.447102
0.659000	32.447102
0.660000	32.356899
0.661000	31.816200
0.662000	31.185200
0.663000	29.742901
0.664000	29.562799
0.665000	29.833000
0.666000	31.185200
0.667000	32.086399
0.668000	33.168201
0.669000	33.708900
0.670000	34.339802
0.671000	34.700600
0.672000	35.692001
0.673000	36.052601
0.674000	36.142601
0.675000	35.692001
0.676000	35.421600
0.677000	34.790600
0.678000	34.610298
0.679000	34.610298
0.680000	34.520199
0.681000	34.610298
0.682000	33.979301
0.683000	33.708900
0.684000	33.348400
0.685000	32.447102
0.686000	32.807701
0.687000	32.176701
0.688000	31.996300
0.689000	31.725901
0.690000	31.275299
0.691000	30.914801
0.692000	30.013399
0.693000	29.382401
0.694000	29.382401
0.695000	29.382401
0.696000	30.193701
0.697000	30.644300
0.698000	31.816200
0.699000	31.094900
0.700000	31.185200
0.701000	30.914801
0.702000	30.554300
0.703000	31.635799
0.704000	32.627300
0.705000	32.987801
0.706000	33.708900
0.707000	32.537201
0.708000	31.725901
0.709000	31.365400
0.710000	30.554300
0.711000	30.644300
0.712000	30.103500
0.713000	30.193701
0.714000	29.202101
0.715000	27.579599
0.716000	27.399401
0.717000	26.678400
0.718000	25.957199
0.719000	26.317699
0.720000	25.416500
0.721000	25.506599
0.722000	24.064301
0.723000	23.523600
0.724000	23.523600
0.725000	23.163099
0.726000	23.072800
0.727000	23.703699
0.728000	23.433300
0.729000	24.515100
0.730000	24.605101
0.731000	25.326200
0.732000	24.605101
0.733000	25.236099
0.734000	26.408001
0.735000	26.408001
0.736000	27.579599
0.737000	26.858601
0.738000	27.309401
0.739000	26.948601
0.740000	26.408001
0.741000	24.605101
0.742000	24.695200
0.743000	24.695200
0.744000	23.884100
0.745000	24.605101
0.746000	23.253099
0.747000	22.802299
0.748000	22.171400
0.749000	22.081301
0.750000	21.179899
0.751000	21.630699
0.752000	20.999701
0.753000	20.819401
0.754000	21.179899
0.755000	19.467400
0.756000	20.548901
0.757000	19.557400
0.758000	20.188400
0.759000	20.999701
0.760000	20.008200
0.761000	21.540600
0.762000	19.737801
0.763000	21.720800
0.764000	19.196899
0.765000	20.909599
0.766000	20.819401
0.767000	20.999701
0.768000	22.171400
0.769000	19.917999
0.770000	20.458799
0.771000	17.484400
0.772000	20.819401
0.773000	18.746300
0.774000	20.098301
0.775000	20.098301
0.776000	19.106800
0.777000	17.844900
0.778000	15.681600
0.779000	14.239500
0.780000	14.149200
0.781000	15.321100
0.782000	15.952000
0.783000	14.780200
0.784000	13.608500
0.785000	13.157700
0.786000	13.157700
0.787000	13.428200
0.788000	14.239500
0.789000	15.321100
0.790000	17.214001
0.791000	16.583000
0.792000	15.501400
0.793000	14.870500
0.794000	12.256500
0.795000	14.149200
0.796000	11.986100
0.797000	12.256500
0.798000	13.338100
0.799000	12.436700
0.800000	14.329600
0.801000	13.428200
0.802000	12.617000
0.803000	13.428200
0.804000	11.805700
0.805000	13.698600
0.806000	12.526800
0.807000	11.895800
0.808000	12.436700
0.809000	9.462230
0.810000	11.264800
0.811000	8.921350
0.812000	10.363600
0.813000	8.380470
0.814000	8.560820
0.815000	8.831260
0.816000	8.110220
0.817000	8.650910
0.818000	7.298900
0.819000	8.110220
0.820000	8.110220
0.821000	9.011430
0.822000	7.659420
0.823000	9.822750
0.824000	7.388980
0.825000	9.101700
0.826000	7.839780
0.827000	6.577850
0.828000	8.200300
0.829000	7.118730
0.830000	7.749510
0.831000	6.758020
0.832000	5.946890
0.833000	5.406010
0.834000	5.045490
0.835000	4.865130
0.836000	3.242680
0.837000	3.873650
0.838000	3.963920
0.839000	4.234350
0.840000	3.873650
0.841000	3.332950
0.842000	2.071030
0.843000	0.989271
0.844000	-0.633178
0.845000	0.358309
0.846000	-0.272654
0.847000	-0.272654
0.848000	-0.542909
0.849000	-2.616150
0.850000	-4.689210
0.851000	-4.689210
0.852000	-8.024380
0.853000	-4.058250
0.854000	-3.697720
0.855000	-5.590610
0.856000	-7.213060
0.857000	-14.153700
0.858000	-16.497101
0.859000	-25.420700
0.860000	-29.837500
0.861000	-23.798300
0.862000	-17.218201
0.863000	-6.672370
0.864000	0.358309
0.865000	2.341470
0.866000	4.054000
0.867000	-0.993702
0.868000	-3.968160
0.869000	-5.410440
0.870000	-4.238600
0.871000	-1.444310
0.872000	-4.418950
0.873000	-4.058250
0.874000	-11.719900
0.875000	-13.612800
0.876000	-16.677500
0.877000	-13.432600
0.878000	-11.810200
0.879000	-6.221570
0.880000	-1.804830
0.881000	2.071030
0.882000	2.521640
0.883000	-1.354230
0.884000	-13.342300
0.885000	-26.682600
0.886000	-24.158800
0.887000	-24.970100
0.888000	-17.669001
0.889000	-14.604300
0.890000	-12.711400
0.891000	-11.449400
0.892000	-18.750601
0.893000	-22.626400
0.894000	-27.944599
0.895000	-32.902000
0.896000	-30.378300
0.897000	-26.502300
0.898000	-17.939400
0.899000	-13.342300
0.900000	-12.891700
0.901000	-17.398500
0.902000	-23.167299
0.903000	-28.936100
0.904000	-29.296600
0.905000	-26.141800
0.906000	-19.201401
0.907000	-15.145100
0.908000	-12.441100
0.909000	-13.252200
0.910000	-17.128099
0.911000	-20.012501
0.912000	-23.888300
0.913000	-21.274401
0.914000	-20.823799
0.915000	-17.669001
0.916000	-16.767599
0.917000	-18.840799
0.918000	-24.789700
0.919000	-30.107901
0.920000	-35.425800
0.921000	-35.065300
0.922000	-32.631699
0.923000	-27.313601
0.924000	-22.716700
0.925000	-21.544901
0.926000	-22.806801
0.927000	-27.944599
0.928000	-33.262699
0.929000	-37.408798
0.930000	-37.138599
0.931000	-34.344299
0.932000	-27.944599
0.933000	-22.626400
0.934000	-20.553400
0.935000	-21.544901
0.936000	-26.232000
0.937000	-30.919001
0.938000	-33.262699
0.939000	-30.648600
0.940000	-26.953100
0.941000	-21.544901
0.942000	-18.389999
0.943000	-18.299999
0.944000	-21.725201
0.945000	-26.682600
0.946000	-30.558500
0.947000	-33.262699
0.948000	-32.721802
0.949000	-31.009100
0.950000	-29.386700
0.951000	-26.953100
0.952000	-28.124701
0.953000	-28.936100
0.954000	-31.279499
0.955000	-32.271000
0.956000	-32.451401
0.957000	-30.919001
0.958000	-29.566999
0.959000	-28.305099
0.960000	-28.395201
0.961000	-28.124701
0.962000	-29.837500
0.963000	-29.927500
0.964000	-31.189501
0.965000	-30.017599
0.966000	-29.747400
0.967000	-28.395201
0.968000	-27.133200
0.969000	-26.322100
0.970000	-26.051701
0.971000	-26.502300
0.972000	-26.412201
0.973000	-27.403700
0.974000	-27.403700
0.975000	-25.871300
0.976000	-25.691200
0.977000	-25.691200
0.978000	-25.871300
0.979000	-26.772699
0.980000	-27.584000
0.981000	-28.755699
0.982000	-29.566999
0.983000	-29.566999
0.984000	-29.116400
0.985000	-28.034599
0.986000	-27.944599
0.987000	-26.863001
0.988000	-27.043200
0.989000	-25.691200
0.990000	-25.871300
0.991000	-25.961599
0.992000	-25.330601
0.993000	-24.879801
0.994000	-24.158800
0.995000	-23.257401
0.996000	-23.347700
0.997000	-23.437700
0.998000	-23.708200
0.999000	-24.248899
1.000000	-23.978600
1.001000	-23.167299
1.002000	-23.437700
1.003000	-22.085699
1.004000	-22.626400
1.005000	-22.986900
1.006000	-23.978600
1.007000	-23.708200
1.008000	-23.617901
1.009000	-23.527800
1.010000	-23.347700
1.011000	-23.798300
1.012000	-25.330601
1.013000	-25.330601
1.014000	-26.592600
1.015000	-24.970100
1.016000	-25.060200
1.017000	-24.339100
1.018000	-25.691200
1.019000	-26.502300
1.020000	-28.395201
1.021000	-27.764200
1.022000	-27.944599
1.023000	-24.879801
1.024000	-22.986900
1.025000	-21.544901
1.026000	-20.913900
1.027000	-21.905399
1.028000	-22.446301
1.029000	-23.167299
1.030000	-23.437700
1.031000	-21.905399
1.032000	-21.274401
1.033000	-19.922400
1.034000	-21.184299
1.035000	-21.454800
1.036000	-23.617901
1.037000	-24.068701
1.038000	-24.519300
1.039000	-23.798300
1.040000	-22.446301
1.041000	-22.716700
1.042000	-21.995501
1.043000	-22.446301
1.044000	-22.626400
1.045000	-22.265900
1.046000	-22.265900
1.047000	-21.364500
1.048000	-21.995501
1.049000	-21.634899
1.050000	-21.995501
1.051000	-21.544901
1.052000	-21.634899
1.053000	-20.733500
1.054000	-20.553400
1.055000	-19.561899
1.056000	-20.282900
1.057000	-19.471600
1.058000	-20.012501
1.059000	-18.660500
1.060000	-18.119600
1.061000	-16.857700
1.062000	-15.866200
1.063000	-16.046499
1.064000	-16.046499
1.065000	-15.956500
1.066000	-15.505700
1.067000	-14.153700
1.068000	-13.522700
1.069000	-12.801600
1.070000	-12.531200
1.071000	-12.531200
1.072000	-12.531200
1.073000	-12.711400
1.074000	-13.793100
1.075000	-12.711400
1.076000	-13.252200
1.077000	-12.260800
1.078000	-11.088900
1.079000	-10.728400
1.080000	-10.187700
1.081000	-11.539700
1.082000	-10.908800
1.083000	-11.810200
1.084000	-12.350800
1.085000	-11.990300
1.086000	-12.170700
1.087000	-11.179200
1.088000	-11.088900
1.089000	-11.359400
1.090000	-10.548200
1.091000	-11.269300
1.092000	-11.179200
1.093000	-10.187700
1.094000	-11.359400
1.095000	-9.015860
1.096000	-9.736910
1.097000	-8.925780
1.098000	-7.303330
1.099000	-8.655340
1.100000	-7.122980
1.101000	-7.573580
1.102000	-8.474990
1.103000	-6.401930
1.104000	-7.213060
1.105000	-5.049730
1.106000	-4.599120
1.107000	-4.779480
1.108000	-3.697720
1.109000	-4.779480
1.110000	-3.697720
1.111000	-2.976680
1.112000	-2.165360
1.113000	-0.723263
1.114000	-1.714750
1.115000	-0.993702
1.116000	-2.526070
1.117000	-2.255630
1.118000	-1.444310
1.119000	-2.345710
1.120000	-0.092300
1.121000	-1.264140
1.122000	-0.272654
1.123000	-0.542909
1.124000	-2.075270
1.125000	-0.362739
1.126000	-2.255630
1.127000	-0.452824
1.128000	-0.542909
1.129000	-0.633178
1.130000	0.989271
1.131000	-0.182385
1.132000	0.268224
1.133000	1.079540
1.134000	0.358309
1.135000	2.161110
1.136000	2.161110
1.137000	2.972430
1.138000	4.414520
1.139000	3.603390
1.140000	4.324440
1.141000	4.775050
1.142000	4.865130
1.143000	8.019950
1.144000	5.045490
1.145000	6.307410
1.146000	4.324440
1.147000	5.496100
1.148000	5.496100
1.149000	5.586370
1.150000	6.217330
1.151000	5.856800
1.152000	6.307410
1.153000	6.217330
1.154000	5.135570
1.155000	5.766530
1.156000	4.684960
1.157000	5.045490
1.158000	4.594880
1.159000	4.684960
1.160000	5.766530
1.161000	4.684960
1.162000	5.586370
1.163000	4.865130
1.164000	5.676450
1.165000	6.397500
1.166000	6.217330
1.167000	8.650910
1.168000	7.569340
1.169000	10.183300
1.170000	9.912840
1.171000	10.273400
1.172000	10.453700
1.173000	10.363600
1.174000	11.264800
1.175000	11.264800
1.176000	11.986100
1.177000	13.248000
1.178000	13.428200
1.179000	12.707100
1.180000	13.248000
1.181000	11.895800
1.182000	11.986100
1.183000	12.977600
1.184000	11.805700
1.185000	14.149200
1.186000	12.256500
1.187000	13.157700
1.188000	11.625600
1.189000	10.363600
1.190000	11.355100
1.191000	10.724200
1.192000	13.067600
1.193000	12.436700
1.194000	13.248000
1.195000	11.986100
1.196000	12.887500
1.197000	13.067600
1.198000	13.879000
1.199000	14.509900
1.200000	16.132401
1.201000	16.042101
1.202000	16.853399
1.203000	17.394300
1.204000	17.123899
1.205000	18.746300
1.206000	17.754801
1.207000	18.295500
1.208000	18.566000
1.209000	18.746300
1.210000	19.467400
1.211000	19.827900
1.212000	20.008200
1.213000	20.278700
1.214000	19.647699
1.215000	19.377300
1.216000	17.754801
1.217000	18.025299
1.218000	17.664600
1.219000	18.025299
1.220000	18.746300
1.221000	19.377300
1.222000	19.016800
1.223000	18.836399
1.224000	17.033600
1.225000	17.574499
1.226000	16.132401
1.227000	18.025299
1.228000	18.115400
1.229000	19.647699
1.230000	20.819401
1.231000	19.287001
1.232000	20.819401
1.233000	25.957199
1.234000	28.931801
1.235000	29.923300
1.236000	28.120501
1.237000	23.343201
1.238000	19.647699
1.239000	15.411100
1.240000	17.394300
1.241000	17.844900
1.242000	23.523600
1.243000	26.588100
1.244000	27.669901
1.245000	27.038900
1.246000	24.334700
1.247000	21.179899
1.248000	20.729300
1.249000	21.179899
1.250000	24.334700
1.251000	25.957199
1.252000	26.408001
1.253000	25.326200
1.254000	22.171400
1.255000	19.737801
1.256000	17.394300
1.257000	17.304001
1.258000	18.656200
1.259000	20.278700
1.260000	21.810900
1.261000	23.253099
1.262000	22.171400
1.263000	21.901100
1.264000	21.089800
1.265000	22.261700
1.266000	22.802299
1.267000	23.974199
1.268000	25.416500
1.269000	26.317699
1.270000	25.957199
1.271000	25.146000
1.272000	23.523600
1.273000	23.523600
1.274000	21.540600
1.275000	22.802299
1.276000	21.720800
1.277000	22.802299
1.278000	23.163099
1.279000	23.613701
1.280000	23.163099
1.281000	24.244600
1.282000	23.523600
1.283000	24.424999
1.284000	23.613701
1.285000	23.613701
1.286000	23.703699
1.287000	23.343201
1.288000	23.974199
1.289000	23.703699
1.290000	23.343201
1.291000	23.253099
1.292000	23.253099
1.293000	23.343201
1.294000	23.884100
1.295000	24.154499
1.296000	24.695200
1.297000	24.605101
1.298000	25.326200
1.299000	26.047400
1.300000	25.596600
1.301000	26.047400
1.302000	24.785500
1.303000	25.146000
1.304000	24.424999
1.305000	24.695200
1.306000	24.965700
1.307000	25.055799
1.308000	24.875601
1.309000	24.424999
1.310000	23.703699
1.311000	22.712299
1.312000	22.982700
1.313000	22.622200
1.314000	22.712299
1.315000	21.901100
1.316000	21.630699
1.317000	20.188400
1.318000	20.639200
1.319000	19.196899
1.320000	20.819401
1.321000	19.917999
1.322000	21.270201
1.323000	21.360300
1.324000	21.540600
1.325000	21.540600
1.326000	21.270201
1.327000	20.819401
1.328000	21.089800
1.329000	20.098301
1.330000	21.089800
1.331000	20.368799
1.332000	20.909599
1.333000	20.639200
1.334000	20.548901
1.335000	20.548901
1.336000	20.639200
1.337000	20.458799
1.338000	20.639200
1.339000	19.917999
1.340000	19.737801
1.341000	19.196899
1.342000	19.016800
1.343000	19.016800
1.344000	18.656200
1.345000	18.836399
1.346000	18.205400
1.347000	17.844900
1.348000	17.033600
1.349000	17.304001
1.350000	16.853399
1.351000	17.394300
1.352000	17.214001
1.353000	17.574499
1.354000	16.763300
1.355000	16.312500
1.356000	15.140900
1.357000	15.952000
1.358000	15.591500
1.359000	16.853399
1.360000	16.492901
1.361000	16.853399
1.362000	15.952000
1.363000	15.861900
1.364000	15.140900
1.365000	15.861900
1.366000	15.411100
1.367000	16.312500
1.368000	15.501400
1.369000	15.231000
1.370000	14.149200
1.371000	14.149200
1.372000	13.518300
1.373000	13.698600
1.374000	13.879000
1.375000	13.788700
1.376000	13.879000
1.377000	13.879000
1.378000	13.067600
1.379000	13.067600
1.380000	12.887500
1.381000	12.887500
1.382000	13.698600
1.383000	13.698600
1.384000	13.518300
1.385000	13.248000
1.386000	12.166200
1.387000	11.895800
1.388000	11.805700
1.389000	11.895800
1.390000	12.256500
1.391000	12.797200
1.392000	12.526800
1.393000	12.797200
1.394000	11.535300
1.395000	11.805700
1.396000	10.814200
1.397000	10.724200
1.398000	10.994600
1.399000	11.084700
1.400000	11.264800
1.401000	10.363600
1.402000	9.552310
1.403000	9.732670
1.404000	9.191790
1.405000	9.191790
1.406000	9.552310
1.407000	9.732670
1.408000	10.453700
1.409000	9.372140
1.410000	9.732670
1.411000	8.200300
1.412000	8.470740
1.413000	8.019950
1.414000	7.839780
1.415000	8.650910
1.416000	9.011430
1.417000	8.831260
1.418000	8.200300
1.419000	7.479250
1.420000	6.397500
1.421000	6.758020
1.422000	6.127060
1.423000	7.298900
1.424000	6.758020
1.425000	7.208810
1.426000	6.127060
1.427000	6.307410
1.428000	4.955400
1.429000	5.135570
1.430000	4.684960
1.431000	5.135570
1.432000	5.315930
1.433000	6.577850
1.434000	5.676450
1.435000	5.946890
1.436000	4.594880
1.437000	4.234350
1.438000	3.603390
1.439000	3.152600
1.440000	6.127060
1.441000	5.315930
1.442000	3.603390
1.443000	-2.616150
1.444000	-12.621300
1.445000	-20.643400
1.446000	-23.888300
1.447000	-18.840799
1.448000	-9.286300
1.449000	1.259710
1.450000	10.724200
1.451000	11.625600
1.452000	8.741180
1.453000	3.513120
1.454000	-1.444310
1.455000	-2.255630
1.456000	-0.542909
1.457000	3.513120
1.458000	5.766530
1.459000	5.045490
1.460000	1.620230
1.461000	-3.427280
1.462000	-7.753940
1.463000	-10.187700
1.464000	-8.384900
1.465000	-3.787990
1.466000	-0.272654
1.467000	1.440060
1.468000	1.620230
1.469000	1.710500
1.470000	-0.182385
1.471000	-0.723263
1.472000	-0.633178
1.473000	0.358309
1.474000	-0.723263
1.475000	-1.354230
1.476000	-5.410440
1.477000	-9.105950
1.478000	-15.055100
1.479000	-19.471600
1.480000	-22.085699
1.481000	-24.248899
1.482000	-24.519300
1.483000	-24.879801
1.484000	-26.051701
1.485000	-25.781200
1.486000	-26.502300
1.487000	-23.978600
1.488000	-22.085699
1.489000	-18.029499
1.490000	-14.243700
1.491000	-12.531200
1.492000	-10.097400
1.493000	-10.818500
1.494000	-10.818500
1.495000	-11.179200
1.496000	-11.990300
1.497000	-11.539700
1.498000	-13.162200
1.499000	-13.973300
1.500000	-15.505700
1.501000	-18.299999
1.502000	-19.832300
1.503000	-21.544901
1.504000	-21.815300
1.505000	-20.643400
1.506000	-19.922400
1.507000	-18.840799
1.508000	-19.291401
1.509000	-20.102600
1.510000	-21.274401
1.511000	-23.167299
1.512000	-24.339100
1.513000	-25.150299
1.514000	-24.879801
1.515000	-24.609600
1.516000	-24.970100
1.517000	-25.781200
1.518000	-27.313601
1.519000	-29.476900
1.520000	-29.747400
1.521000	-30.107901
1.522000	-27.674101
1.523000	-27.133200
1.524000	-25.601101
1.525000	-24.519300
1.526000	-25.420700
1.527000	-24.429199
1.528000	-25.240400
1.529000	-24.068701
1.530000	-22.536301
1.531000	-21.905399
1.532000	-20.643400
1.533000	-21.274401
1.534000	-22.175800
1.535000	-22.806801
1.536000	-23.888300
1.537000	-24.339100
1.538000	-25.240400
1.539000	-25.330601
1.540000	-25.510799
1.541000	-26.051701
1.542000	-26.502300
1.543000	-27.944599
1.544000	-28.665600
1.545000	-29.476900
1.546000	-30.107901
1.547000	-29.837500
1.548000	-29.927500
1.549000	-29.837500
1.550000	-30.198000
1.551000	-30.378300
1.552000	-30.558500
1.553000	-30.378300
1.554000	-29.566999
1.555000	-28.936100
1.556000	-28.395201
1.557000	-27.764200
1.558000	-27.493999
1.559000	-27.313601
1.560000	-27.223499
1.561000	-27.133200
1.562000	-26.682600
1.563000	-26.232000
1.564000	-25.961599
1.565000	-25.060200
1.566000	-24.970100
1.567000	-24.609600
1.568000	-24.699699
1.569000	-24.789700
1.570000	-24.429199
1.571000	-24.248899
1.572000	-24.068701
1.573000	-24.068701
1.574000	-24.158800
1.575000	-24.609600
1.576000	-25.240400
1.577000	-25.510799
1.578000	-26.232000
1.579000	-26.502300
1.580000	-27.043200
1.581000	-26.863001
1.582000	-26.502300
1.583000	-25.961599
1.584000	-25.330601
1.585000	-24.519300
1.586000	-23.798300
1.587000	-23.077200
1.588000	-22.085699
1.589000	-21.364500
1.590000	-20.913900
1.591000	-20.192801
1.592000	-19.742001
1.593000	-18.930901
1.594000	-18.480101
1.595000	-18.119600
1.596000	-18.029499
1.597000	-18.299999
1.598000	-18.570400
1.599000	-19.201401
1.600000	-19.291401
1.601000	-19.381500
1.602000	-19.201401
1.603000	-19.021000
1.604000	-18.750601
1.605000	-18.570400
1.606000	-18.119600
1.607000	-18.029499
1.608000	-17.578899
1.609000	-17.038000
1.610000	-16.497101
1.611000	-15.956500
1.612000	-15.055100
1.613000	-15.055100
1.614000	-14.333800
1.615000	-13.973300
1.616000	-14.424100
1.617000	-14.333800
1.618000	-14.424100
1.619000	-14.333800
1.620000	-13.883200
1.621000	-13.793100
1.622000	-13.072100
1.623000	-12.531200
1.624000	-11.990300
1.625000	-11.810200
1.626000	-11.539700
1.627000	-11.359400
1.628000	-11.449400
1.629000	-11.179200
1.630000	-11.449400
1.631000	-11.269300
1.632000	-11.359400
1.633000	-11.179200
1.634000	-11.629800
1.635000	-11.629800
1.636000	-12.080400
1.637000	-11.900200
1.638000	-11.629800
1.639000	-10.908800
1.640000	-10.818500
1.641000	-10.367900
1.642000	-9.286300
1.643000	-9.286300
1.644000	-9.105950
1.645000	-8.655340
1.646000	-8.745430
1.647000	-8.294820
1.648000	-7.934110
1.649000	-7.753940
1.650000	-7.483500
1.651000	-7.483500
1.652000	-7.303330
1.653000	-7.122980
1.654000	-7.122980
1.655000	-6.852540
1.656000	-6.852540
1.657000	-6.942620
1.658000	-6.582100
1.659000	-6.942620
1.660000	-6.582100
1.661000	-6.401930
1.662000	-6.131490
1.663000	-5.951130
1.664000	-5.680700
1.665000	-5.680700
1.666000	-5.140000
1.667000	-5.230090
1.668000	-5.230090
1.669000	-4.959650
1.670000	-4.869560
1.671000	-4.779480
1.672000	-4.509040
1.673000	-3.878080
1.674000	-3.697720
1.675000	-3.247110
1.676000	-3.427280
1.677000	-2.886590
1.678000	-2.796320
1.679000	-2.435800
1.680000	-1.985190
1.681000	-1.985190
1.682000	-1.624660
1.683000	-1.083790
1.684000	-1.354230
1.685000	-0.903617
1.686000	-1.264140
1.687000	-1.264140
1.688000	-1.264140
1.689000	-1.444310
1.690000	-0.993702
1.691000	-0.633178
1.692000	0.088054
1.693000	0.448578
1.694000	0.358309
1.695000	0.809102
1.696000	0.268224
1.697000	0.538663
1.698000	0.358309
1.699000	0.268224
1.700000	0.448578
1.701000	0.628748
1.702000	0.628748
1.703000	0.719017
1.704000	0.358309
1.705000	0.538663
1.706000	0.268224
1.707000	0.809102
1.708000	0.809102
1.709000	1.259710
1.710000	1.349980
1.711000	1.349980
1.712000	1.259710
1.713000	1.259710
1.714000	0.809102
1.715000	0.899187
1.716000	1.259710
1.717000	0.989271
1.718000	1.259710
1.719000	0.538663
1.720000	0.538663
1.721000	0.628748
1.722000	0.448578
1.723000	0.989271
1.724000	1.169630
1.725000	1.079540
1.726000	1.440060
1.727000	1.530150
1.728000	1.890670
1.729000	1.890670
1.730000	2.611720
1.731000	2.882160
1.732000	3.242680
1.733000	3.513120
1.734000	3.332950
1.735000	3.603390
1.736000	3.603390
1.737000	3.693480
1.738000	4.684960
1.739000	4.504610
1.740000	4.684960
1.741000	4.865130
1.742000	3.963920
1.743000	4.234350
1.744000	3.783560
1.745000	3.603390
1.746000	3.513120
1.747000	3.242680
1.748000	3.332950
1.749000	3.332950
1.750000	2.792080
1.751000	3.332950
1.752000	3.603390
1.753000	3.513120
1.754000	3.693480
1.755000	3.603390
1.756000	3.873650
1.757000	3.242680
1.758000	3.152600
1.759000	3.423040
1.760000	3.693480
1.761000	4.054000
1.762000	5.045490
1.763000	4.955400
1.764000	5.315930
1.765000	5.676450
1.766000	5.496100
1.767000	6.217330
1.768000	6.307410
1.769000	6.848290
1.770000	6.848290
1.771000	6.758020
1.772000	6.667940
1.773000	6.848290
1.774000	6.307410
1.775000	5.856800
1.776000	5.676450
1.777000	5.135570
1.778000	4.684960
1.779000	4.775050
1.780000	4.414520
1.781000	4.414520
1.782000	4.054000
1.783000	3.783560
1.784000	3.783560
1.785000	3.513120
1.786000	3.242680
1.787000	3.873650
1.788000	3.513120
1.789000	4.234350
1.790000	4.144090
1.791000	4.504610
1.792000	4.955400
1.793000	4.955400
1.794000	5.406010
1.795000	5.766530
1.796000	6.036970
1.797000	6.577850
1.798000	6.577850
1.799000	7.118730
1.800000	6.848290
1.801000	6.848290
1.802000	7.028460
1.803000	6.577850
1.804000	6.938380
1.805000	6.577850
1.806000	6.848290
1.807000	6.487770
1.808000	6.307410
1.809000	6.217330
1.810000	5.676450
1.811000	5.135570
1.812000	4.955400
1.813000	4.684960
1.814000	4.775050
1.815000	4.324440
1.816000	4.504610
1.817000	4.414520
1.818000	3.873650
1.819000	4.054000
1.820000	3.693480
1.821000	4.414520
1.822000	4.054000
1.823000	4.594880
1.824000	4.955400
1.825000	5.225840
1.826000	5.766530
1.827000	6.036970
1.828000	6.036970
1.829000	6.217330
1.830000	6.217330
1.831000	7.118730
1.832000	6.938380
1.833000	7.388980
1.834000	7.298900
1.835000	7.569340
1.836000	7.479250
1.837000	7.028460
1.838000	6.938380
1.839000	6.667940
1.840000	6.397500
1.841000	6.397500
1.842000	6.127060
1.843000	6.036970
1.844000	5.766530
1.845000	5.406010
1.846000	5.225840
1.847000	4.865130
1.848000	4.865130
1.849000	4.324440
1.850000	4.775050
1.851000	4.504610
1.852000	4.865130
1.853000	4.684960
1.854000	4.865130
1.855000	4.955400
1.856000	5.496100
1.857000	5.406010
1.858000	6.036970
1.859000	6.036970
1.860000	6.667940
1.861000	7.298900
1.862000	7.749510
1.863000	8.019950
1.864000	8.200300
1.865000	8.200300
1.866000	8.200300
1.867000	8.019950
1.868000	7.929860
1.869000	8.019950
1.870000	7.749510
1.871000	7.659420
1.872000	7.208810
1.873000	6.667940
1.874000	6.397500
1.875000	6.127060
1.876000	5.856800
1.877000	6.036970
1.878000	5.856800
1.879000	5.856800
1.880000	5.766530
1.881000	5.315930
1.882000	5.135570
1.883000	5.135570
1.884000	4.955400
1.885000	5.315930
1.886000	5.496100
1.887000	5.766530
1.888000	5.946890
1.889000	6.217330
1.890000	6.217330
1.891000	6.577850
1.892000	6.848290
1.893000	7.388980
1.894000	7.479250
1.895000	8.019950
1.896000	7.839780
1.897000	8.200300
1.898000	7.929860
1.899000	7.929860
1.900000	7.749510
1.901000	7.659420
1.902000	7.659420
1.903000	7.479250
1.904000	7.298900
1.905000	6.938380
1.906000	6.848290
1.907000	6.487770
1.908000	6.217330
1.909000	5.946890
1.910000	6.036970
1.911000	5.856800
1.912000	5.856800
1.913000	5.766530
1.914000	5.315930
1.915000	5.406010
1.916000	5.225840
1.917000	5.496100
1.918000	5.496100
1.919000	5.586370
1.920000	5.766530
1.921000	5.676450
1.922000	6.036970
1.923000	5.946890
1.924000	6.127060
1.925000	6.307410
1.926000	6.397500
1.927000	6.577850
1.928000	6.577850
1.929000	7.028460
1.930000	6.758020
1.931000	7.028460
1.932000	7.118730
1.933000	6.848290
1.934000	6.938380
1.935000	6.667940
1.936000	6.577850
1.937000	6.217330
1.938000	6.036970
1.939000	5.856800
1.940000	5.496100
1.941000	5.225840
1.942000	5.045490
1.943000	4.955400
1.944000	4.955400
1.945000	4.865130
1.946000	5.045490
1.947000	5.045490
1.948000	5.406010
1.949000	5.045490
1.950000	5.135570
1.951000	4.955400
1.952000	5.135570
1.953000	5.045490
1.954000	5.315930
1.955000	5.225840
1.956000	5.496100
1.957000	5.315930
1.958000	5.676450
1.959000	5.766530
1.960000	5.946890
1.961000	5.946890
1.962000	6.127060
1.963000	6.307410
1.964000	6.487770
1.965000	6.217330
1.966000	6.127060
1.967000	6.036970
1.968000	6.036970
1.969000	5.676450
1.970000	5.496100
1.971000	5.225840
1.972000	5.315930
1.973000	5.315930
1.974000	5.135570
1.975000	5.315930
1.976000	5.135570
1.977000	5.135570
1.978000	5.225840
1.979000	5.225840
1.980000	5.225840
1.981000	5.045490
1.982000	5.135570
1.983000	5.135570
1.984000	5.045490
1.985000	5.225840
1.986000	5.135570
1.987000	5.315930
1.988000	5.045490
1.989000	5.406010
1.990000	5.406010
1.991000	5.496100
1.992000	5.496100
1.993000	5.676450
1.994000	5.496100
1.995000	5.676450
1.996000	5.586370
1.997000	5.496100
1.998000	5.496100
1.999000	5.315930
2.000000	5.496100
2.001000	5.045490
2.002000	5.135570
2.003000	5.135570
2.004000	5.045490
2.005000	4.955400
2.006000	4.955400
2.007000	4.594880
2.008000	4.865130
2.009000	4.684960
2.010000	4.684960
2.011000	4.684960
2.012000	4.684960
2.013000	4.504610
2.014000	4.504610
2.015000	4.414520
2.016000	4.504610
2.017000	4.594880
2.018000	4.684960
2.019000	4.684960
2.020000	4.775050
2.021000	4.684960
2.022000	4.504610
2.023000	4.594880
2.024000	4.414520
2.025000	4.594880
2.026000	4.414520
2.027000	4.684960
2.028000	4.504610
2.029000	4.775050
2.030000	4.594880
2.031000	4.504610
2.032000	4.684960
2.033000	4.775050
2.034000	4.775050
2.035000	5.045490
2.036000	4.775050
2.037000	4.684960
2.038000	4.775050
2.039000	4.504610
2.040000	4.504610
2.041000	4.414520
2.042000	4.144090
2.043000	4.414520
2.044000	4.144090
2.045000	4.234350
2.046000	4.054000
2.047000	3.873650
2.048000	3.963920
2.049000	3.693480
2.050000	3.963920
2.051000	3.693480
2.052000	3.783560
2.053000	3.783560
2.054000	3.783560
2.055000	3.693480
2.056000	3.693480
2.057000	3.693480
2.058000	3.693480
2.059000	3.783560
2.060000	4.054000
2.061000	4.144090
2.062000	4.234350
2.063000	4.144090
2.064000	4.144090
2.065000	4.054000
2.066000	4.054000
2.067000	4.144090
2.068000	4.054000
2.069000	3.963920
2.070000	3.783560
2.071000	3.693480
2.072000	3.783560
2.073000	3.783560
2.074000	3.603390
2.075000	3.603390
2.076000	3.603390
2.077000	3.423040
2.078000	3.332950
2.079000	3.332950
2.080000	3.152600
2.081000	3.332950
2.082000	3.332950
2.083000	3.332950
2.084000	3.152600
2.085000	3.062510
2.086000	3.423040
2.087000	3.242680
2.088000	3.332950
2.089000	3.332950
2.090000	3.332950
2.091000	3.603390
2.092000	3.513120
2.093000	3.603390
2.094000	3.693480
2.095000	3.693480
2.096000	3.513120
2.097000	3.603390
2.098000	3.603390
2.099000	3.603390
2.100000	3.603390
2.101000	3.603390
2.102000	3.783560
2.103000	3.783560
2.104000	3.603390
2.105000	3.603390
2.106000	3.423040
2.107000	3.332950
2.108000	3.332950
2.109000	3.242680
2.110000	3.152600
2.111000	3.152600
2.112000	2.972430
2.113000	3.152600
2.114000	2.792080
2.115000	3.062510
2.116000	2.972430
2.117000	2.972430
2.118000	2.972430
2.119000	2.972430
2.120000	2.972430
2.121000	2.701990
2.122000	2.882160
2.123000	2.882160
2.124000	2.972430
2.125000	3.062510
2.126000	3.242680
2.127000	3.242680
2.128000	3.242680
2.129000	3.332950
2.130000	3.332950
2.131000	3.332950
2.132000	3.242680
2.133000	3.332950
2.134000	3.332950
2.135000	3.062510
2.136000	3.242680
2.137000	2.972430
2.138000	2.972430
2.139000	2.701990
2.140000	2.521640
2.141000	2.431550
2.142000	2.251200
2.143000	2.431550
2.144000	2.341470
2.145000	2.341470
2.146000	2.251200
2.147000	2.251200
2.148000	2.251200
2.149000	2.161110
2.150000	2.251200
2.151000	2.071030
2.152000	2.161110
2.153000	2.251200
2.154000	2.341470
2.155000	2.341470
2.156000	2.341470
2.157000	2.521640
2.158000	2.611720
2.159000	2.611720
2.160000	2.792080
2.161000	2.792080
2.162000	2.972430
2.163000	2.972430
2.164000	2.882160
2.165000	2.972430
2.166000	2.611720
2.167000	2.701990
2.168000	2.611720
2.169000	2.521640
2.170000	2.701990
2.171000	2.521640
2.172000	2.611720
2.173000	2.161110
2.174000	1.890670
2.175000	1.890670
2.176000	1.620230
2.177000	1.620230
2.178000	1.530150
2.179000	1.710500
2.180000	1.530150
2.181000	1.530150
2.182000	1.349980
2.183000	1.530150
2.184000	1.440060
2.185000	1.800590
2.186000	1.800590
2.187000	2.071030
2.188000	2.071030
2.189000	1.980760
2.190000	2.071030
2.191000	2.071030
2.192000	2.251200
2.193000	2.251200
2.194000	2.341470
2.195000	2.431550
2.196000	2.521640
2.197000	2.431550
2.198000	2.341470
2.199000	2.161110
2.200000	2.161110
2.201000	2.161110
2.202000	2.071030
2.203000	2.071030
2.204000	1.890670
2.205000	1.800590
2.206000	1.530150
2.207000	1.440060
2.208000	1.349980
2.209000	1.259710
2.210000	1.169630
2.211000	1.169630
2.212000	1.259710
2.213000	1.259710
2.214000	1.169630
2.215000	1.169630
2.216000	1.169630
2.217000	1.440060
2.218000	1.440060
2.219000	1.530150
2.220000	1.800590
2.221000	1.890670
2.222000	1.980760
2.223000	2.071030
2.224000	1.980760
2.225000	2.161110
2.226000	2.071030
2.227000	2.071030
2.228000	2.251200
2.229000	2.251200
2.230000	2.161110
2.231000	2.161110
2.232000	2.071030
2.233000	2.071030
2.234000	1.890670
2.235000	1.890670
2.236000	2.071030
2.237000	1.710500
2.238000	1.800590
2.239000	1.710500
2.240000	1.620230
2.241000	1.349980
2.242000	1.440060
2.243000	1.530150
2.244000	1.440060
2.245000	1.530150
2.246000	1.620230
2.247000	1.710500
2.248000	1.710500
2.249000	1.800590
2.250000	1.800590
2.251000	1.800590
2.252000	1.800590
2.253000	1.890670
2.254000	2.071030
2.255000	2.161110
2.256000	2.341470
2.257000	2.251200
2.258000	2.161110
2.259000	2.161110
2.260000	2.251200
2.261000	2.341470
2.262000	2.431550
2.263000	2.521640
2.264000	2.431550
2.265000	2.521640
2.266000	2.251200
2.267000	2.341470
2.268000	2.071030
2.269000	1.800590
2.270000	1.890670
2.271000	1.890670
2.272000	1.800590
2.273000	1.800590
2.274000	1.530150
2.275000	1.710500
2.276000	1.440060
2.277000	1.349980
2.278000	1.440060
2.279000	1.349980
2.280000	1.259710
2.281000	1.349980
2.282000	1.440060
2.283000	1.440060
2.284000	1.530150
2.285000	1.530150
2.286000	1.530150
2.287000	1.620230
2.288000	1.800590
2.289000	1.800590
2.290000	1.710500
2.291000	1.800590
2.292000	1.800590
2.293000	1.890670
2.294000	1.890670
2.295000	1.800590
2.296000	1.710500
2.297000	1.620230
2.298000	1.710500
2.299000	1.620230
2.300000	1.710500
2.301000	1.620230
2.302000	1.620230
2.303000	1.440060
2.304000	1.349980
2.305000	1.349980
2.306000	1.349980
2.307000	1.349980
2.308000	1.259710
2.309000	1.169630
2.310000	1.259710
2.311000	1.169630
2.312000	1.169630
2.313000	1.259710
2.314000	1.259710
2.315000	1.349980
2.316000	1.440060
2.317000	1.440060
2.318000	1.620230
2.319000	1.620230
2.320000	1.440060
2.321000	1.530150
2.322000	1.440060
2.323000	1.620230
2.324000	1.440060
2.325000	1.530150
2.326000	1.620230
2.327000	1.710500
2.328000	1.620230
2.329000	1.530150
2.330000	1.530150
2.331000	1.530150
2.332000	1.440060
2.333000	1.440060
2.334000	1.259710
2.335000	1.440060
2.336000	1.530150
2.337000	1.440060
2.338000	1.440060
2.339000	1.349980
2.340000	1.349980
2.341000	1.349980
2.342000	1.259710
2.343000	1.169630
2.344000	1.349980
2.345000	1.169630
2.346000	1.079540
2.347000	1.079540
2.348000	1.169630
2.349000	1.169630
2.350000	1.079540
2.351000	1.169630
2.352000	1.169630
2.353000	1.079540
2.354000	1.079540
2.355000	1.349980
2.356000	1.349980
2.357000	1.259710
2.358000	1.169630
2.359000	1.259710
2.360000	1.349980
2.361000	1.259710
2.362000	1.349980
2.363000	1.259710
2.364000	1.349980
2.365000	1.440060
2.366000	1.440060
2.367000	1.440060
2.368000	1.620230
2.369000	1.530150
2.370000	1.620230
2.371000	1.530150
2.372000	1.710500
2.373000	1.530150
2.374000	1.440060
2.375000	1.530150
2.376000	1.530150
2.377000	1.530150
2.378000	1.440060
2.379000	1.530150
2.380000	1.530150
2.381000	1.530150
2.382000	1.530150
2.383000	1.710500
2.384000	1.530150
2.385000	1.710500
2.386000	1.710500
2.387000	1.710500
2.388000	1.800590
2.389000	1.710500
2.390000	1.710500
2.391000	1.710500
2.392000	1.800590
2.393000	1.620230
2.394000	1.710500
2.395000	1.890670
2.396000	1.800590
2.397000	1.800590
2.398000	1.800590
2.399000	1.890670
2.400000	1.800590
2.401000	1.890670
2.402000	1.800590
2.403000	1.800590
2.404000	1.800590
2.405000	1.890670
2.406000	1.710500
2.407000	1.800590
2.408000	1.710500
2.409000	1.620230
2.410000	1.620230
2.411000	1.710500
2.412000	1.710500
2.413000	1.710500
2.414000	1.800590
2.415000	1.620230
2.416000	1.620230
2.417000	1.620230
2.418000	1.710500
2.419000	1.710500
2.420000	1.800590
2.421000	1.710500
2.422000	1.710500
2.423000	1.710500
2.424000	1.620230
2.425000	1.530150
2.426000	1.620230
2.427000	1.710500
2.428000	1.620230
2.429000	1.800590
2.430000	1.710500
2.431000	1.710500
2.432000	1.710500
2.433000	1.800590
2.434000	1.710500
2.435000	1.710500
2.436000	1.530150
2.437000	1.620230
2.438000	1.710500
2.439000	1.620230
2.440000	1.440060
2.441000	1.530150
2.442000	1.440060
2.443000	1.440060
2.444000	1.440060
2.445000	1.169630
2.446000	1.440060
2.447000	1.349980
2.448000	1.349980
2.449000	1.349980
2.450000	1.259710
2.451000	1.259710
2.452000	1.259710
2.453000	1.349980
2.454000	1.349980
2.455000	1.349980
2.456000	1.440060
2.457000	1.440060
2.458000	1.440060
2.459000	1.440060
2.460000	1.440060
2.461000	1.710500
2.462000	1.620230
2.463000	1.710500
2.464000	1.620230
2.465000	1.620230
2.466000	1.710500
2.467000	1.620230
2.468000	1.530150
2.469000	1.530150
2.470000	1.530150
2.471000	1.440060
2.472000	1.530150
2.473000	1.349980
2.474000	1.440060
2.475000	1.349980
2.476000	1.349980
2.477000	1.259710
2.478000	1.349980
2.479000	1.259710
2.480000	1.259710
2.481000	1.169630
2.482000	1.259710
2.483000	1.259710
2.484000	1.259710
2.485000	1.349980
2.486000	1.349980
2.487000	1.349980
2.488000	1.440060
2.489000	1.440060
2.490000	1.349980
2.491000	1.440060
2.492000	1.440060
2.493000	1.440060
2.494000	1.440060
2.495000	1.530150
2.496000	1.530150
2.497000	1.530150
2.498000	1.440060
2.499000	1.440060
2.500000	1.349980
2.501000	1.349980
2.502000	1.349980
2.503000	1.259710
2.504000	1.349980
2.505000	1.259710
2.506000	1.169630
2.507000	1.079540
2.508000	0.989271
2.509000	0.989271
2.510000	0.989271
2.511000	0.989271
2.512000	1.169630
2.513000	0.899187
2.514000	0.989271
2.515000	1.079540
2.516000	0.989271
2.517000	0.989271
2.518000	0.989271
2.519000	1.079540
2.520000	1.169630
2.521000	0.989271
2.522000	1.169630
2.523000	1.169630
2.524000	1.349980
2.525000	1.079540
2.526000	1.349980
2.527000	1.349980
2.528000	1.440060
2.529000	1.440060
2.530000	1.440060
2.531000	1.620230
2.532000	1.530150
2.533000	1.800590
2.534000	1.530150
2.535000	1.620230
2.536000	1.440060
2.537000	1.440060
2.538000	1.620230
2.539000	1.530150
2.540000	1.530150
2.541000	1.530150
2.542000	1.530150
2.543000	1.440060
2.544000	1.620230
2.545000	1.530150
2.546000	1.530150
2.547000	1.530150
2.548000	1.530150
2.549000	1.620230
2.550000	1.710500
2.551000	1.800590
2.552000	1.710500
2.553000	1.890670
2.554000	1.890670
2.555000	1.980760
2.556000	2.071030
2.557000	1.980760
2.558000	2.071030
2.559000	2.071030
2.560000	2.071030
2.561000	2.071030
2.562000	2.071030
2.563000	1.980760
2.564000	1.980760
2.565000	1.890670
2.566000	1.890670
2.567000	1.890670
2.568000	1.710500
2.569000	1.710500
2.570000	1.710500
2.571000	1.710500
2.572000	1.620230
2.573000	1.530150
2.574000	1.530150
2.575000	1.349980
2.576000	1.440060
2.577000	1.530150
2.578000	1.440060
2.579000	1.530150
2.580000	1.440060
2.581000	1.530150
2.582000	1.530150
2.583000	1.620230
2.584000	1.620230
2.585000	1.710500
2.586000	1.710500
2.587000	1.620230
2.588000	1.710500
2.589000	1.710500
2.590000	1.800590
2.591000	1.710500
2.592000	1.710500
2.593000	1.710500
2.594000	1.710500
2.595000	1.800590
2.596000	1.800590
2.597000	1.800590
2.598000	1.800590
2.599000	1.800590
2.600000	1.620230
2.601000	1.530150
2.602000	1.620230
2.603000	1.620230
2.604000	1.530150
2.605000	1.440060
2.606000	1.440060
2.607000	1.349980
2.608000	1.259710
2.609000	1.349980
2.610000	1.349980
2.611000	1.440060
2.612000	1.349980
2.613000	1.349980
2.614000	1.440060
2.615000	1.440060
2.616000	1.530150
2.617000	1.620230
2.618000	1.530150
2.619000	1.530150
2.620000	1.620230
2.621000	1.620230
2.622000	1.710500
2.623000	1.710500
2.624000	1.710500
2.625000	1.710500
2.626000	1.620230
2.627000	1.620230
2.628000	1.710500
2.629000	1.710500
2.630000	1.620230
2.631000	1.620230
2.632000	1.620230
2.633000	1.440060
2.634000	1.530150
2.635000	1.440060
2.636000	1.530150
2.637000	1.440060
2.638000	1.349980
2.639000	1.440060
2.640000	1.440060
2.641000	1.349980
2.642000	1.349980
2.643000	1.259710
2.644000	1.169630
2.645000	1.349980
2.646000	1.349980
2.647000	1.259710
2.648000	1.349980
2.649000	1.530150
2.650000	1.349980
2.651000	1.440060
2.652000	1.349980
2.653000	1.440060
2.654000	1.349980
2.655000	1.440060
2.656000	1.440060
2.657000	1.440060
2.658000	1.349980
2.659000	1.440060
2.660000	1.349980
2.661000	1.440060
2.662000	1.440060
2.663000	1.530150
2.664000	1.440060
2.665000	1.440060
2.666000	1.349980
2.667000	1.259710
2.668000	1.259710
2.669000	1.259710
2.670000	1.169630
2.671000	1.349980
2.672000	1.349980
2.673000	1.169630
2.674000	1.079540
2.675000	1.169630
2.676000	1.349980
2.677000	1.169630
2.678000	1.169630
2.679000	1.169630
2.680000	1.259710
2.681000	1.169630
2.682000	1.169630
2.683000	1.349980
2.684000	1.259710
2.685000	1.349980
2.686000	1.259710
2.687000	1.440060
2.688000	1.530150
2.689000	1.620230
2.690000	1.530150
2.691000	1.710500
2.692000	1.620230
2.693000	1.530150
2.694000	1.620230
2.695000	1.530150
2.696000	1.620230
2.697000	1.710500
2.698000	1.620230
2.699000	1.620230
2.700000	1.710500
2.701000	1.710500
2.702000	1.710500
2.703000	1.710500
2.704000	1.710500
2.705000	1.620230
2.706000	1.620230
2.707000	1.530150
2.708000	1.530150
2.709000	1.530150
2.710000	1.530150
2.711000	1.710500
2.712000	1.620230
2.713000	1.710500
2.714000	1.710500
2.715000	1.620230
2.716000	1.800590
2.717000	1.800590
2.718000	1.890670
2.719000	1.980760
2.720000	1.890670
2.721000	1.800590
2.722000	1.800590
2.723000	1.710500
2.724000	1.800590
2.725000	1.800590
2.726000	1.890670
2.727000	1.800590
2.728000	1.890670
2.729000	1.890670
2.730000	1.890670
2.731000	1.800590
2.732000	1.890670
2.733000	1.890670
2.734000	1.980760
2.735000	1.890670
2.736000	1.890670
2.737000	1.800590
2.738000	1.890670
2.739000	1.800590
2.740000	1.710500
2.741000	1.710500
2.742000	1.710500
2.743000	1.800590
2.744000	1.890670
2.745000	1.800590
2.746000	1.710500
2.747000	1.800590
2.748000	1.710500
2.749000	1.800590
2.750000	1.890670
2.751000	1.710500
2.752000	1.800590
2.753000	1.710500
2.754000	1.800590
2.755000	1.890670
2.756000	1.890670
2.757000	1.890670
2.758000	1.890670
2.759000	1.980760
2.760000	1.800590
2.761000	1.800590
2.762000	1.800590
2.763000	1.890670
2.764000	1.890670
2.765000	1.710500
2.766000	1.800590
2.767000	1.890670
2.768000	1.800590
2.769000	1.710500
2.770000	1.800590
2.771000	1.710500
2.772000	1.800590
2.773000	1.530150
2.774000	1.620230
2.775000	1.710500
2.776000	1.710500
2.777000	1.710500
2.778000	1.710500
2.779000	1.620230
2.780000	1.530150
2.781000	1.710500
2.782000	1.710500
2.783000	1.620230
2.784000	1.710500
2.785000	1.800590
2.786000	1.800590
2.787000	1.620230
2.788000	1.710500
2.789000	1.710500
2.790000	1.800590
2.791000	1.620230
2.792000	1.620230
2.793000	1.620230
2.794000	1.710500
2.795000	1.530150
2.796000	1.710500
2.797000	1.530150
2.798000	1.620230
2.799000	1.710500
2.800000	1.710500
2.801000	1.710500
2.802000	1.710500
2.803000	1.530150
2.804000	1.530150
2.805000	1.440060
2.806000	1.440060
2.807000	1.440060
2.808000	1.259710
2.809000	1.440060
2.810000	1.259710
2.811000	1.440060
2.812000	1.440060
2.813000	1.349980
2.814000	1.349980
2.815000	1.349980
2.816000	1.349980
2.817000	1.349980
2.818000	1.349980
2.819000	1.530150
2.820000	1.440060
2.821000	1.530150
2.822000	1.530150
2.823000	1.530150
2.824000	1.349980
2.825000	1.349980
2.826000	1.349980
2.827000	1.440060
2.828000	1.440060
2.829000	1.530150
2.830000	1.530150
2.831000	1.530150
2.832000	1.530150
2.833000	1.530150
2.834000	1.440060
2.835000	1.530150
2.836000	1.620230
2.837000	1.530150
2.838000	1.440060
2.839000	1.530150
2.840000	1.349980
2.841000	1.620230
2.842000	1.440060
2.843000	1.620230
2.844000	1.530150
2.845000	1.530150
2.846000	1.530150
2.847000	1.620230
2.848000	1.800590
2.849000	1.710500
2.850000	1.710500
2.851000	1.710500
2.852000	1.620230
2.853000	1.710500
2.854000	1.620230
2.855000	1.800590
2.856000	1.800590
2.857000	1.800590
2.858000	1.800590
2.859000	1.890670
2.860000	1.890670
2.861000	1.980760
2.862000	1.980760
2.863000	1.980760
2.864000	1.890670
2.865000	2.071030
2.866000	1.980760
2.867000	2.071030
2.868000	1.890670
2.869000	2.071030
2.870000	1.980760
2.871000	1.890670
2.872000	1.890670
2.873000	1.890670
2.874000	1.800590
2.875000	1.980760
2.876000	1.980760
2.877000	1.980760
2.878000	2.161110
2.879000	1.890670
2.880000	1.980760
2.881000	1.980760
2.882000	1.980760
2.883000	1.890670
2.884000	1.890670
2.885000	1.890670
2.886000	1.980760
2.887000	2.071030
2.888000	2.071030
2.889000	1.980760
2.890000	2.071030
2.891000	1.980760
2.892000	1.890670
2.893000	1.890670
2.894000	1.980760
2.895000	1.980760
2.896000	1.890670
2.897000	1.890670
2.898000	1.800590
2.899000	1.800590
2.900000	1.890670
2.901000	1.710500
2.902000	1.800590
2.903000	1.800590
2.904000	1.800590
2.905000	1.800590
2.906000	1.800590
2.907000	1.800590
2.908000	1.710500
2.909000	1.710500
2.910000	1.800590
2.911000	1.800590
2.912000	1.800590
2.913000	1.800590
2.914000	1.800590
2.915000	1.800590
2.916000	1.890670
2.917000	1.890670
2.918000	1.890670
2.919000	1.800590
2.920000	1.890670
2.921000	1.710500
2.922000	1.980760
2.923000	1.980760
2.924000	1.890670
2.925000	1.800590
2.926000	1.890670
2.927000	1.710500
2.928000	1.710500
2.929000	1.800590
2.930000	1.890670
2.931000	1.710500
2.932000	1.800590
2.933000	1.980760
2.934000	1.800590
2.935000	1.800590
2.936000	1.710500
2.937000	1.800590
2.938000	1.800590
2.939000	1.710500
2.940000	1.710500
2.941000	1.710500
2.942000	1.710500
2.943000	1.710500
2.944000	1.800590
2.945000	1.710500
2.946000	1.800590
2.947000	1.800590
2.948000	1.800590
2.949000	1.800590
2.950000	1.710500
2.951000	1.800590
2.952000	1.710500
2.953000	1.800590
2.954000	1.710500
2.955000	1.710500
2.956000	1.710500
2.957000	1.710500
2.958000	1.710500
2.959000	1.710500
2.960000	1.710500
2.961000	1.620230
2.962000	1.620230
2.963000	1.530150
2.964000	1.620230
2.965000	1.530150
2.966000	1.530150
2.967000	1.440060
2.968000	1.530150
2.969000	1.530150
2.970000	1.620230
2.971000	1.440060
2.972000	1.530150
2.973000	1.440060
2.974000	1.440060
2.975000	1.530150
2.976000	1.710500
2.977000	1.710500
2.978000	1.710500
2.979000	1.800590
2.980000	1.710500
2.981000	1.620230
2.982000	1.620230
2.983000	1.710500
2.984000	1.890670
2.985000	1.800590
2.986000	1.890670
2.987000	1.800590
2.988000	1.800590
2.989000	1.710500
2.990000	1.710500
2.991000	1.710500
2.992000	1.710500
2.993000	1.710500
2.994000	1.710500
2.995000	1.710500
2.996000	1.620230
2.997000	1.800590
2.998000	1.710500
2.999000	1.890670
