0.000000	0.254000
0.073900	0.272000
-0.025300	0.272000
0.048100	0.254000
0.075600	0.272000
0.074400	0.236000
-0.015800	0.254000
-0.081700	0.254000
0.066500	0.219000
0.058800	-0.284000
0.021900	-0.427000
0.317000	0.272000
1.590000	1.730000
2.100000	6.050000
3.260000	8.950000
3.570000	11.600000
3.760000	7.950000
3.700000	8.130000
3.750000	10.800000
4.050000	3.160000
4.440000	23.100000
4.690000	11.500000
4.910000	16.700001
5.200000	20.500000
5.320000	14.600000
5.640000	18.900000
5.800000	21.000000
6.480000	18.100000
6.360000	22.100000
6.810000	21.700001
7.250000	20.000000
7.870000	17.200001
9.380000	20.100000
10.500000	23.900000
11.300000	28.799999
11.500000	25.100000
11.900000	23.100000
12.100000	23.600000
12.300000	25.900000
12.700000	28.400000
13.000000	29.000000
13.100000	28.700001
13.500000	28.600000
13.600000	30.900000
14.100000	32.000000
14.100000	32.400002
15.000000	32.200001
15.300000	31.900000
15.600000	33.200001
16.200001	35.099998
16.799999	32.099998
17.900000	35.500000
18.900000	34.000000
19.799999	28.900000
21.200001	27.799999
22.299999	30.000000
23.900000	31.900000
25.299999	31.900000
26.000000	29.799999
26.900000	26.600000
27.700001	26.700001
28.900000	27.299999
30.200001	26.400000
31.500000	25.500000
33.099998	23.000000
34.900002	18.799999
37.299999	11.700000
40.500000	5.560000
45.500000	-1.400000
