-0.500000	0.016207
-0.499000	0.016207
-0.498000	0.006022
-0.497000	0.016207
-0.496000	0.016207
-0.495000	0.011115
-0.494000	0.016207
-0.493000	0.011115
-0.492000	0.011115
-0.491000	0.006022
-0.490000	0.016207
-0.489000	0.016207
-0.488000	0.016207
-0.487000	0.011115
-0.486000	0.021300
-0.485000	0.011115
-0.484000	0.006022
-0.483000	0.021300
-0.482000	0.011115
-0.481000	0.021300
-0.480000	0.016207
-0.479000	0.016207
-0.478000	0.011115
-0.477000	0.011115
-0.476000	0.016207
-0.475000	0.016207
-0.474000	0.016207
-0.473000	0.011115
-0.472000	0.011115
-0.471000	0.011115
-0.470000	0.011115
-0.469000	0.011115
-0.468000	0.016207
-0.467000	0.021300
-0.466000	0.011115
-0.465000	0.011115
-0.464000	0.011115
-0.463000	0.011115
-0.462000	0.016207
-0.461000	0.006022
-0.460000	0.011115
-0.459000	0.011115
-0.458000	0.016207
-0.457000	0.011115
-0.456000	0.011115
-0.455000	0.016207
-0.454000	0.016207
-0.453000	0.021300
-0.452000	0.006022
-0.451000	0.021300
-0.450000	0.016207
-0.449000	0.006022
-0.448000	0.011115
-0.447000	0.016207
-0.446000	0.016207
-0.445000	0.011115
-0.444000	0.011115
-0.443000	0.016207
-0.442000	0.011115
-0.441000	0.016207
-0.440000	0.006022
-0.439000	0.011115
-0.438000	0.011115
-0.437000	0.016207
-0.436000	0.011115
-0.435000	0.016207
-0.434000	0.016207
-0.433000	0.016207
-0.432000	0.011115
-0.431000	0.016207
-0.430000	0.016207
-0.429000	0.016207
-0.428000	0.011115
-0.427000	0.011115
-0.426000	0.016207
-0.425000	0.016207
-0.424000	0.011115
-0.423000	0.016207
-0.422000	0.016207
-0.421000	0.011115
-0.420000	0.011115
-0.419000	0.011115
-0.418000	0.006022
-0.417000	0.006022
-0.416000	0.011115
-0.415000	0.011115
-0.414000	0.011115
-0.413000	0.016207
-0.412000	0.021300
-0.411000	0.011115
-0.410000	0.016207
-0.409000	0.011115
-0.408000	0.011115
-0.407000	0.011115
-0.406000	0.011115
-0.405000	0.016207
-0.404000	0.016207
-0.403000	0.011115
-0.402000	0.011115
-0.401000	0.016207
-0.400000	0.021300
-0.399000	0.016207
-0.398000	0.011115
-0.397000	0.006022
-0.396000	0.011115
-0.395000	0.011115
-0.394000	0.016207
-0.393000	0.011115
-0.392000	0.006022
-0.391000	0.016207
-0.390000	0.011115
-0.389000	0.011115
-0.388000	0.011115
-0.387000	0.016207
-0.386000	0.021300
-0.385000	0.011115
-0.384000	0.011115
-0.383000	0.021300
-0.382000	0.006022
-0.381000	0.016207
-0.380000	0.011115
-0.379000	0.011115
-0.378000	0.006022
-0.377000	0.021300
-0.376000	0.006022
-0.375000	0.011115
-0.374000	0.011115
-0.373000	0.011115
-0.372000	0.006022
-0.371000	0.016207
-0.370000	0.016207
-0.369000	0.011115
-0.368000	0.011115
-0.367000	0.016207
-0.366000	0.016207
-0.365000	0.016207
-0.364000	0.016207
-0.363000	0.011115
-0.362000	0.016207
-0.361000	0.011115
-0.360000	0.011115
-0.359000	0.016207
-0.358000	0.016207
-0.357000	0.011115
-0.356000	0.016207
-0.355000	0.011115
-0.354000	0.006022
-0.353000	0.016207
-0.352000	0.011115
-0.351000	0.011115
-0.350000	0.016207
-0.349000	0.016207
-0.348000	0.016207
-0.347000	0.011115
-0.346000	0.011115
-0.345000	0.016207
-0.344000	0.016207
-0.343000	0.016207
-0.342000	0.011115
-0.341000	0.011115
-0.340000	0.016207
-0.339000	0.016207
-0.338000	0.016207
-0.337000	0.021300
-0.336000	0.021300
-0.335000	0.011115
-0.334000	0.021300
-0.333000	0.016207
-0.332000	0.011115
-0.331000	0.021300
-0.330000	0.011115
-0.329000	0.016207
-0.328000	0.006022
-0.327000	0.016207
-0.326000	0.011115
-0.325000	0.011115
-0.324000	0.016207
-0.323000	0.011115
-0.322000	0.016207
-0.321000	0.011115
-0.320000	0.016207
-0.319000	0.011115
-0.318000	0.011115
-0.317000	0.011115
-0.316000	0.016207
-0.315000	0.016207
-0.314000	0.011115
-0.313000	0.011115
-0.312000	0.011115
-0.311000	0.006022
-0.310000	0.011115
-0.309000	0.011115
-0.308000	0.011115
-0.307000	0.021300
-0.306000	0.016207
-0.305000	0.011115
-0.304000	0.011115
-0.303000	0.016207
-0.302000	0.021300
-0.301000	0.016207
-0.300000	0.016207
-0.299000	0.016207
-0.298000	0.021300
-0.297000	0.016207
-0.296000	0.011115
-0.295000	0.016207
-0.294000	0.006022
-0.293000	0.011115
-0.292000	0.016207
-0.291000	0.006022
-0.290000	0.011115
-0.289000	0.016207
-0.288000	0.006022
-0.287000	0.011115
-0.286000	0.021300
-0.285000	0.016207
-0.284000	0.011115
-0.283000	0.011115
-0.282000	0.016207
-0.281000	0.016207
-0.280000	0.021300
-0.279000	0.011115
-0.278000	0.011115
-0.277000	0.021300
-0.276000	0.021300
-0.275000	0.011115
-0.274000	0.016207
-0.273000	0.011115
-0.272000	0.011115
-0.271000	0.006022
-0.270000	0.006022
-0.269000	0.016207
-0.268000	0.016207
-0.267000	0.016207
-0.266000	0.016207
-0.265000	0.006022
-0.264000	0.016207
-0.263000	0.016207
-0.262000	0.006022
-0.261000	0.006022
-0.260000	0.016207
-0.259000	0.016207
-0.258000	0.021300
-0.257000	0.011115
-0.256000	0.016207
-0.255000	0.011115
-0.254000	0.011115
-0.253000	0.016207
-0.252000	0.011115
-0.251000	0.011115
-0.250000	0.016207
-0.249000	0.021300
-0.248000	0.011115
-0.247000	0.006022
-0.246000	0.016207
-0.245000	0.011115
-0.244000	0.016207
-0.243000	0.011115
-0.242000	0.016207
-0.241000	0.011115
-0.240000	0.011115
-0.239000	0.011115
-0.238000	0.011115
-0.237000	0.006022
-0.236000	0.021300
-0.235000	0.011115
-0.234000	0.016207
-0.233000	0.016207
-0.232000	0.011115
-0.231000	0.016207
-0.230000	0.011115
-0.229000	0.021300
-0.228000	0.011115
-0.227000	0.011115
-0.226000	0.016207
-0.225000	0.011115
-0.224000	0.011115
-0.223000	0.011115
-0.222000	0.021300
-0.221000	0.011115
-0.220000	0.011115
-0.219000	0.016207
-0.218000	0.011115
-0.217000	0.011115
-0.216000	0.006022
-0.215000	0.011115
-0.214000	0.016207
-0.213000	0.016207
-0.212000	0.021300
-0.211000	0.006022
-0.210000	0.011115
-0.209000	0.011115
-0.208000	0.011115
-0.207000	0.011115
-0.206000	0.011115
-0.205000	0.016207
-0.204000	0.011115
-0.203000	0.016207
-0.202000	0.011115
-0.201000	0.011115
-0.200000	0.011115
-0.199000	0.011115
-0.198000	0.021300
-0.197000	0.011115
-0.196000	0.016207
-0.195000	0.016207
-0.194000	0.016207
-0.193000	0.021300
-0.192000	0.016207
-0.191000	0.011115
-0.190000	0.021300
-0.189000	0.016207
-0.188000	0.006022
-0.187000	0.011115
-0.186000	0.016207
-0.185000	0.011115
-0.184000	0.016207
-0.183000	0.011115
-0.182000	0.021300
-0.181000	0.011115
-0.180000	0.016207
-0.179000	0.016207
-0.178000	0.011115
-0.177000	0.011115
-0.176000	0.016207
-0.175000	0.011115
-0.174000	0.016207
-0.173000	0.016207
-0.172000	0.016207
-0.171000	0.011115
-0.170000	0.011115
-0.169000	0.011115
-0.168000	0.011115
-0.167000	0.016207
-0.166000	0.011115
-0.165000	0.011115
-0.164000	0.011115
-0.163000	0.011115
-0.162000	0.021300
-0.161000	0.006022
-0.160000	0.006022
-0.159000	0.016207
-0.158000	0.011115
-0.157000	0.016207
-0.156000	0.011115
-0.155000	0.011115
-0.154000	0.016207
-0.153000	0.011115
-0.152000	0.011115
-0.151000	0.011115
-0.150000	0.016207
-0.149000	0.006022
-0.148000	0.011115
-0.147000	0.011115
-0.146000	0.016207
-0.145000	0.011115
-0.144000	0.011115
-0.143000	0.016207
-0.142000	0.011115
-0.141000	0.016207
-0.140000	0.006022
-0.139000	0.011115
-0.138000	0.006022
-0.137000	0.011115
-0.136000	0.021300
-0.135000	0.011115
-0.134000	0.011115
-0.133000	0.016207
-0.132000	0.011115
-0.131000	0.006022
-0.130000	0.016207
-0.129000	0.016207
-0.128000	0.011115
-0.127000	0.011115
-0.126000	0.016207
-0.125000	0.016207
-0.124000	0.016207
-0.123000	0.016207
-0.122000	0.016207
-0.121000	0.011115
-0.120000	0.011115
-0.119000	0.016207
-0.118000	0.016207
-0.117000	0.016207
-0.116000	0.016207
-0.115000	0.016207
-0.114000	0.011115
-0.113000	0.016207
-0.112000	0.011115
-0.111000	0.011115
-0.110000	0.011115
-0.109000	0.011115
-0.108000	0.011115
-0.107000	0.016207
-0.106000	0.006022
-0.105000	0.006022
-0.104000	0.016207
-0.103000	0.011115
-0.102000	0.011115
-0.101000	0.016207
-0.100000	0.011115
-0.099000	0.006022
-0.098000	0.006022
-0.097000	0.011115
-0.096000	0.011115
-0.095000	0.011115
-0.094000	0.016207
-0.093000	0.016207
-0.092000	0.016207
-0.091000	0.016207
-0.090000	0.011115
-0.089000	0.011115
-0.088000	0.011115
-0.087000	0.006022
-0.086000	0.016207
-0.085000	0.016207
-0.084000	0.016207
-0.083000	0.011115
-0.082000	0.016207
-0.081000	0.016207
-0.080000	0.011115
-0.079000	0.011115
-0.078000	0.006022
-0.077000	0.011115
-0.076000	0.021300
-0.075000	0.011115
-0.074000	0.011115
-0.073000	0.011115
-0.072000	0.016207
-0.071000	0.021300
-0.070000	0.016207
-0.069000	0.011115
-0.068000	0.016207
-0.067000	0.016207
-0.066000	0.011115
-0.065000	0.011115
-0.064000	0.016207
-0.063000	0.011115
-0.062000	0.006022
-0.061000	0.006022
-0.060000	0.011115
-0.059000	0.016207
-0.058000	0.016207
-0.057000	0.016207
-0.056000	0.011115
-0.055000	0.021300
-0.054000	0.011115
-0.053000	0.011115
-0.052000	0.011115
-0.051000	0.016207
-0.050000	0.011115
-0.049000	0.016207
-0.048000	0.006022
-0.047000	0.016207
-0.046000	0.016207
-0.045000	0.006022
-0.044000	0.011115
-0.043000	0.016207
-0.042000	0.016207
-0.041000	0.016207
-0.040000	0.016207
-0.039000	0.011115
-0.038000	0.016207
-0.037000	0.011115
-0.036000	0.016207
-0.035000	0.011115
-0.034000	0.016207
-0.033000	0.021300
-0.032000	0.011115
-0.031000	0.016207
-0.030000	0.016207
-0.029000	0.011115
-0.028000	0.011115
-0.027000	0.011115
-0.026000	0.016207
-0.025000	0.016207
-0.024000	0.016207
-0.023000	0.016207
-0.022000	0.011115
-0.021000	0.011115
-0.020000	0.011115
-0.019000	0.006022
-0.018000	0.011115
-0.017000	0.000918
-0.016000	0.000918
-0.015000	0.016207
-0.014000	0.016207
-0.013000	0.006022
-0.012000	0.000918
-0.011000	0.000918
-0.010000	0.000918
-0.009000	-0.004174
-0.008000	-0.019464
-0.007000	-0.014371
-0.006000	0.006022
-0.005000	0.041693
-0.004000	0.051878
-0.003000	0.036589
-0.002000	0.031496
-0.001000	0.056971
0.000000	0.077364
0.001000	0.056971
0.002000	0.056971
0.003000	0.072260
0.004000	0.082456
0.005000	0.077364
0.006000	0.072260
0.007000	0.062075
0.008000	0.056971
0.009000	0.046785
0.010000	0.031496
0.011000	0.041693
0.012000	0.056971
0.013000	0.031496
0.014000	0.006022
0.015000	-0.019464
0.016000	0.000918
0.017000	0.000918
0.018000	-0.029649
0.019000	-0.044938
0.020000	-0.014371
0.021000	0.031496
0.022000	0.031496
0.023000	0.011115
0.024000	0.011115
0.025000	0.062075
0.026000	0.097745
0.027000	0.138509
0.028000	0.067167
0.029000	0.067167
0.030000	0.204758
0.031000	0.138509
0.032000	0.097745
0.033000	0.011115
0.034000	0.118127
0.035000	0.265904
0.036000	0.194562
0.037000	0.077364
0.038000	0.031496
0.039000	0.107931
0.040000	0.143602
0.041000	0.016207
0.042000	-0.080609
0.043000	-0.039845
0.044000	0.051878
0.045000	0.118127
0.046000	0.107931
0.047000	0.092642
0.048000	0.072260
0.049000	0.011115
0.050000	0.021300
0.051000	0.062075
0.052000	0.102838
0.053000	0.082456
0.054000	0.062075
0.055000	0.097745
0.056000	0.107931
0.057000	0.087549
0.058000	0.062075
0.059000	0.031496
0.060000	0.082456
0.061000	0.113024
0.062000	0.082456
0.063000	0.067167
0.064000	0.077364
0.065000	0.123220
0.066000	0.174180
0.067000	0.097745
0.068000	0.011115
0.069000	0.107931
0.070000	0.174180
0.071000	0.311761
0.072000	0.102838
0.073000	0.097745
0.074000	0.158891
0.075000	0.199655
0.076000	0.128313
0.077000	0.031496
0.078000	0.107931
0.079000	0.184366
0.080000	0.102838
0.081000	0.026404
0.082000	0.031496
0.083000	0.092642
0.084000	0.077364
0.085000	-0.024556
0.086000	-0.039845
0.087000	-0.014371
0.088000	0.092642
0.089000	0.143602
0.090000	0.082456
0.091000	0.077364
0.092000	0.158891
0.093000	0.230233
0.094000	0.036589
0.095000	0.036589
0.096000	0.286286
0.097000	0.383102
0.098000	0.194562
0.099000	0.133416
0.100000	0.255708
0.101000	0.337246
0.102000	0.199655
0.103000	0.107931
0.104000	0.138509
0.105000	0.245522
0.106000	0.169087
0.107000	-0.004174
0.108000	-0.009267
0.109000	0.169087
0.110000	0.367824
0.111000	0.811154
0.112000	1.009890
0.113000	-0.269160
0.114000	0.189469
0.115000	0.693955
0.116000	0.612417
0.117000	-0.416937
0.118000	-0.997857
0.119000	0.413681
0.120000	1.065940
0.121000	-0.009267
0.122000	-1.059000
0.123000	-0.355780
0.124000	0.964023
0.125000	0.923259
0.126000	-0.585095
0.127000	-0.763450
0.128000	0.637892
0.129000	1.478710
0.130000	0.597128
0.131000	-0.595291
0.132000	-0.019464
0.133000	1.407360
0.134000	1.065940
0.135000	-0.274253
0.136000	-0.707397
0.137000	0.592035
0.138000	1.279970
0.139000	0.097745
0.140000	-0.926515
0.141000	-0.294635
0.142000	1.030270
0.143000	0.770390
0.144000	-0.656437
0.145000	-0.809306
0.146000	0.581839
0.147000	1.137280
0.148000	0.163984
0.149000	-0.625859
0.150000	0.372917
0.151000	1.392070
0.152000	0.836628
0.153000	-0.411844
0.154000	0.021300
0.155000	1.397170
0.156000	1.427750
0.157000	-0.141765
0.158000	-0.549424
0.159000	0.642995
0.160000	1.330930
0.161000	0.270997
0.162000	-0.814410
0.163000	0.011115
0.164000	1.229010
0.165000	0.851917
0.166000	-0.559620
0.167000	-0.753254
0.168000	0.821350
0.169000	1.560230
0.170000	0.428970
0.171000	-0.641148
0.172000	0.245522
0.173000	1.702920
0.174000	1.269770
0.175000	-0.264057
0.176000	-0.386359
0.177000	1.086320
0.178000	1.595900
0.179000	0.235326
0.180000	-0.911226
0.181000	-0.090805
0.182000	1.234100
0.183000	0.699048
0.184000	-0.768543
0.185000	-0.850081
0.186000	0.597128
0.187000	1.305440
0.188000	0.087549
0.189000	-0.967279
0.190000	-0.172333
0.191000	1.213720
0.192000	1.014980
0.193000	-0.376173
0.194000	-0.508660
0.195000	0.862114
0.196000	1.606100
0.197000	0.622613
0.198000	-0.365977
0.199000	0.209851
0.200000	1.351310
0.201000	1.147480
0.202000	0.102838
0.203000	-0.116280
0.204000	0.576746
0.205000	0.632799
0.206000	0.158891
0.207000	-0.279346
0.208000	0.163984
0.209000	0.444259
0.210000	0.143602
0.211000	0.255708
0.212000	-0.034752
0.213000	0.418773
0.214000	0.790772
0.215000	0.882496
0.216000	0.556364
0.217000	0.454444
0.218000	0.887588
0.219000	1.285060
0.220000	0.882496
0.221000	0.627706
0.222000	0.846825
0.223000	1.116900
0.224000	0.989508
0.225000	0.418773
0.226000	0.143602
0.227000	0.306668
0.228000	0.546168
0.229000	0.474826
0.230000	0.128313
0.231000	0.612417
0.232000	0.907970
0.233000	0.744905
0.234000	-0.299728
0.235000	-0.243675
0.236000	0.474826
0.237000	0.800957
0.238000	-0.126476
0.239000	-0.483175
0.240000	0.408588
0.241000	1.020090
0.242000	0.999694
0.243000	0.189469
0.244000	0.291379
0.245000	1.320730
0.246000	1.529670
0.247000	0.617510
0.248000	0.046785
0.249000	0.994601
0.250000	1.906750
0.251000	1.478710
0.252000	0.265904
0.253000	0.357628
0.254000	1.229010
0.255000	1.346220
0.256000	0.245522
0.257000	-0.376173
0.258000	0.352535
0.259000	1.269770
0.260000	1.086320
0.261000	-0.004174
0.262000	-0.039845
0.263000	0.958930
0.264000	1.351310
0.265000	0.581839
0.266000	-0.111187
0.267000	0.474826
0.268000	1.330930
0.269000	1.147480
0.270000	0.337246
0.271000	0.209851
0.272000	0.897785
0.273000	1.295260
0.274000	0.923259
0.275000	0.378010
0.276000	0.592035
0.277000	1.229010
0.278000	1.279970
0.279000	0.795865
0.280000	0.612417
0.281000	1.040470
0.282000	1.147480
0.283000	0.892692
0.284000	0.581839
0.285000	0.653181
0.286000	0.943641
0.287000	0.744905
0.288000	0.393299
0.289000	0.459548
0.290000	0.637892
0.291000	0.668470
0.292000	0.454444
0.293000	0.464640
0.294000	0.790772
0.295000	0.933455
0.296000	0.627706
0.297000	0.439155
0.298000	0.724523
0.299000	1.060850
0.300000	0.943641
0.301000	0.592035
0.302000	0.586942
0.303000	1.040470
0.304000	1.504180
0.305000	2.722070
0.306000	3.038020
0.307000	1.616290
0.308000	0.826443
0.309000	1.493990
0.310000	2.390850
0.311000	1.901650
0.312000	0.780576
0.313000	0.994601
0.314000	1.998480
0.315000	2.278740
0.316000	1.397170
0.317000	1.167860
0.318000	2.829090
0.319000	3.629140
0.320000	2.202310
0.321000	0.902877
0.322000	1.697820
0.323000	3.333570
0.324000	3.139940
0.325000	1.371690
0.326000	0.816247
0.327000	2.263460
0.328000	3.583270
0.329000	2.895340
0.330000	1.407360
0.331000	1.524560
0.332000	2.839280
0.333000	3.216370
0.334000	2.013760
0.335000	1.147480
0.336000	2.273650
0.337000	3.313190
0.338000	2.609970
0.339000	1.152570
0.340000	0.790772
0.341000	2.115680
0.342000	2.961580
0.343000	2.181930
0.344000	0.953837
0.345000	0.760194
0.346000	1.804840
0.347000	2.243070
0.348000	1.677440
0.349000	0.851917
0.350000	0.556364
0.351000	0.867206
0.352000	1.035360
0.353000	0.744905
0.354000	0.153798
0.355000	-0.279346
0.356000	-0.294635
0.357000	-0.208004
0.358000	-0.488278
0.359000	-1.043710
0.360000	-1.476860
0.361000	-1.456480
0.362000	-1.405520
0.363000	-1.716370
0.364000	-2.134220
0.365000	-2.256520
0.366000	-1.848860
0.367000	-1.670500
0.368000	-2.118930
0.369000	-2.465450
0.370000	-2.108740
0.371000	-1.410620
0.372000	-1.461570
0.373000	-2.017010
0.374000	-2.078160
0.375000	-1.685790
0.376000	-1.502340
0.377000	-1.716370
0.378000	-1.910000
0.379000	-1.736750
0.380000	-1.395330
0.381000	-1.120160
0.382000	-1.140540
0.383000	-1.053910
0.384000	-0.523949
0.385000	0.011115
0.386000	0.301575
0.387000	0.367824
0.388000	0.642995
0.389000	1.336020
0.390000	1.738590
0.391000	1.606100
0.392000	1.565340
0.393000	1.988280
0.394000	2.462190
0.395000	2.452010
0.396000	2.130970
0.397000	2.222690
0.398000	2.635450
0.399000	2.773030
0.400000	2.625260
0.401000	2.543730
0.402000	2.752650
0.403000	2.961580
0.404000	3.165410
0.405000	2.905530
0.406000	2.446900
0.407000	2.227780
0.408000	2.462190
0.409000	2.752650
0.410000	2.248170
0.411000	1.560230
0.412000	1.606100
0.413000	1.947520
0.414000	1.881270
0.415000	1.137280
0.416000	0.729626
0.417000	1.300350
0.418000	1.815020
0.419000	1.570430
0.420000	1.213720
0.421000	1.259590
0.422000	1.708020
0.423000	1.769170
0.424000	0.892692
0.425000	0.357628
0.426000	0.821350
0.427000	1.305440
0.428000	1.071040
0.429000	0.301575
0.430000	-0.034752
0.431000	0.352535
0.432000	0.428970
0.433000	0.041693
0.434000	-0.386359
0.435000	-0.355780
0.436000	0.118127
0.437000	0.158891
0.438000	-0.365977
0.439000	-0.676819
0.440000	-0.472989
0.441000	-0.141765
0.442000	-0.391451
0.443000	-0.850081
0.444000	-0.901041
0.445000	-0.636055
0.446000	-0.360884
0.447000	-0.610570
0.448000	-0.921423
0.449000	-0.651344
0.450000	-0.243675
0.451000	-0.075516
0.452000	-0.253871
0.453000	-0.462793
0.454000	-0.238582
0.455000	0.189469
0.456000	0.214944
0.457000	-0.060227
0.458000	-0.095898
0.459000	0.199655
0.460000	0.459548
0.461000	0.189469
0.462000	-0.146858
0.463000	0.082456
0.464000	0.378010
0.465000	0.464640
0.466000	0.311761
0.467000	0.169087
0.468000	0.357628
0.469000	0.469733
0.470000	0.357628
0.471000	0.281193
0.472000	0.327050
0.473000	0.449351
0.474000	0.408588
0.475000	0.225140
0.476000	0.194562
0.477000	0.332153
0.478000	0.449351
0.479000	0.194562
0.480000	0.011115
0.481000	0.265904
0.482000	0.286286
0.483000	0.087549
0.484000	0.046785
0.485000	0.072260
0.486000	0.056971
0.487000	-0.004174
0.488000	-0.029649
0.489000	-0.019464
0.490000	-0.065320
0.491000	-0.106094
0.492000	-0.136662
0.493000	-0.146858
0.494000	-0.218200
0.495000	-0.121373
0.496000	-0.029649
0.497000	-0.167240
0.498000	-0.269160
0.499000	-0.162147
0.500000	0.092642
0.501000	0.189469
0.502000	-0.034752
0.503000	-0.121373
0.504000	0.067167
0.505000	0.255708
0.506000	0.214944
0.507000	0.082456
0.508000	0.163984
0.509000	0.291379
0.510000	0.347432
0.511000	0.352535
0.512000	0.209851
0.513000	0.265904
0.514000	0.439155
0.515000	0.479930
0.516000	0.515600
0.517000	0.357628
0.518000	0.352535
0.519000	0.546168
0.520000	0.556364
0.521000	0.337246
0.522000	0.204758
0.523000	0.367824
0.524000	0.500311
0.525000	0.270997
0.526000	0.067167
0.527000	0.179273
0.528000	0.321957
0.529000	0.311761
0.530000	0.209851
0.531000	0.265904
0.532000	0.393299
0.533000	0.393299
0.534000	0.372917
0.535000	0.327050
0.536000	0.225140
0.537000	0.347432
0.538000	0.398391
0.539000	0.408588
0.540000	0.408588
0.541000	0.321957
0.542000	0.388206
0.543000	0.418773
0.544000	0.378010
0.545000	0.434062
0.546000	0.367824
0.547000	0.449351
0.548000	0.500311
0.549000	0.301575
0.550000	0.367824
0.551000	0.418773
0.552000	0.408588
0.553000	0.362721
0.554000	0.260811
0.555000	0.342339
0.556000	0.434062
0.557000	0.306668
0.558000	0.199655
0.559000	0.107931
0.560000	0.174180
0.561000	0.260811
0.562000	0.148695
0.563000	0.077364
0.564000	0.056971
0.565000	0.077364
0.566000	0.128313
0.567000	0.051878
0.568000	0.067167
0.569000	0.082456
0.570000	-0.019464
0.571000	-0.075516
0.572000	-0.004174
0.573000	0.138509
0.574000	0.087549
0.575000	-0.131569
0.576000	-0.182529
0.577000	0.021300
0.578000	0.220037
0.579000	0.011115
0.580000	-0.218200
0.581000	-0.050042
0.582000	0.204758
0.583000	0.321957
0.584000	0.143602
0.585000	0.011115
0.586000	0.230233
0.587000	0.372917
0.588000	0.230233
0.589000	0.092642
0.590000	0.072260
0.591000	0.214944
0.592000	0.255708
0.593000	0.143602
0.594000	0.102838
0.595000	0.158891
0.596000	0.316864
0.597000	0.235326
0.598000	0.194562
0.599000	0.255708
0.600000	0.270997
0.601000	0.316864
0.602000	0.230233
0.603000	0.163984
0.604000	0.250615
0.605000	0.352535
0.606000	0.276090
0.607000	0.194562
0.608000	0.265904
0.609000	0.352535
0.610000	0.296482
0.611000	0.163984
0.612000	0.128313
0.613000	0.220037
0.614000	0.311761
0.615000	0.204758
0.616000	0.153798
0.617000	0.209851
0.618000	0.270997
0.619000	0.332153
0.620000	0.189469
0.621000	0.067167
0.622000	0.260811
0.623000	0.393299
0.624000	0.321957
0.625000	0.148695
0.626000	0.250615
0.627000	0.495219
0.628000	0.485022
0.629000	0.337246
0.630000	0.225140
0.631000	0.372917
0.632000	0.617510
0.633000	0.551271
0.634000	-0.722686
0.635000	-2.113830
0.636000	-1.425900
0.637000	2.197220
0.638000	3.267330
0.639000	0.087549
0.640000	-2.098550
0.641000	0.143602
0.642000	3.282610
0.643000	2.477480
0.644000	-0.895937
0.645000	-1.624630
0.646000	1.076140
0.647000	2.630350
0.648000	0.729626
0.649000	-1.242450
0.650000	-0.044938
0.651000	2.294030
0.652000	2.161550
0.653000	-0.060227
0.654000	-1.064110
0.655000	0.281193
0.656000	1.514380
0.657000	0.857021
0.658000	-0.330306
0.659000	-0.106094
0.660000	0.882496
0.661000	1.106710
0.662000	0.388206
0.663000	-0.177436
0.664000	0.281193
0.665000	0.989508
0.666000	0.729626
0.667000	0.031496
0.668000	-0.004174
0.669000	0.602221
0.670000	0.948745
0.671000	0.551271
0.672000	0.062075
0.673000	0.393299
0.674000	1.076140
0.675000	0.938548
0.676000	0.174180
0.677000	-0.218200
0.678000	-0.034752
0.679000	0.408588
0.680000	0.530889
0.681000	0.311761
0.682000	0.230233
0.683000	0.439155
0.684000	0.790772
0.685000	0.770390
0.686000	0.357628
0.687000	0.158891
0.688000	0.428970
0.689000	0.770390
0.690000	0.586942
0.691000	0.138509
0.692000	0.362721
0.693000	0.913074
0.694000	1.040470
0.695000	0.627706
0.696000	0.199655
0.697000	0.332153
0.698000	0.439155
0.699000	0.204758
0.700000	0.225140
0.701000	0.383102
0.702000	0.056971
0.703000	-0.350688
0.704000	0.092642
0.705000	0.658284
0.706000	0.434062
0.707000	-0.044938
0.708000	-0.044938
0.709000	0.245522
0.710000	0.276090
0.711000	-0.197818
0.712000	-0.529042
0.713000	-0.238582
0.714000	0.143602
0.715000	0.342339
0.716000	0.016207
0.717000	-0.228386
0.718000	-0.014371
0.719000	0.225140
0.720000	0.143602
0.721000	-0.157044
0.722000	-0.233489
0.723000	0.062075
0.724000	0.062075
0.725000	-0.090805
0.726000	-0.315017
0.727000	-0.228386
0.728000	0.169087
0.729000	0.189469
0.730000	-0.075516
0.731000	-0.182529
0.732000	-0.009267
0.733000	0.174180
0.734000	0.082456
0.735000	-0.151951
0.736000	-0.106094
0.737000	0.143602
0.738000	0.260811
0.739000	-0.019464
0.740000	-0.309924
0.741000	-0.090805
0.742000	0.260811
0.743000	0.240429
0.744000	-0.070423
0.745000	-0.151951
0.746000	0.067167
0.747000	0.184366
0.748000	0.016207
0.749000	-0.162147
0.750000	-0.009267
0.751000	0.306668
0.752000	0.235326
0.753000	-0.157044
0.754000	-0.284439
0.755000	0.062075
0.756000	0.383102
0.757000	0.102838
0.758000	-0.355780
0.759000	-0.197818
0.760000	0.337246
0.761000	0.347432
0.762000	-0.223293
0.763000	-0.432226
0.764000	0.062075
0.765000	0.393299
0.766000	0.199655
0.767000	-0.223293
0.768000	-0.269160
0.769000	0.179273
0.770000	0.276090
0.771000	-0.075516
0.772000	-0.289542
0.773000	-0.019464
0.774000	0.316864
0.775000	0.179273
0.776000	-0.228386
0.777000	-0.253871
0.778000	0.133416
0.779000	0.372917
0.780000	-0.034752
0.781000	-0.365977
0.782000	0.000918
0.783000	0.408588
0.784000	0.102838
0.785000	-0.396555
0.786000	-0.141765
0.787000	0.459548
0.788000	0.301575
0.789000	-0.279346
0.790000	-0.238582
0.791000	0.357628
0.792000	0.281193
0.793000	-0.274253
0.794000	-0.478082
0.795000	0.133416
0.796000	0.790772
0.797000	0.255708
0.798000	-0.901041
0.799000	-0.340502
0.800000	0.408588
0.801000	0.306668
0.802000	-0.554517
0.803000	-0.437319
0.804000	0.800957
0.805000	0.535982
0.806000	-0.233489
0.807000	-0.681912
0.808000	-0.131569
0.809000	0.673563
0.810000	0.403495
0.811000	-0.411844
0.812000	-0.391451
0.813000	0.296482
0.814000	0.546168
0.815000	-0.146858
0.816000	-0.564713
0.817000	-0.055134
0.818000	0.958930
0.819000	0.454444
0.820000	-0.788925
0.821000	-0.732872
0.822000	0.301575
0.823000	1.060850
0.824000	-0.085712
0.825000	-1.130340
0.826000	-0.100991
0.827000	0.739812
0.828000	0.520693
0.829000	-0.422029
0.830000	-0.972372
0.831000	0.337246
0.832000	0.984415
0.833000	0.372917
0.834000	-0.513753
0.835000	-0.447504
0.836000	0.434062
0.837000	0.642995
0.838000	-0.472989
0.839000	-0.549424
0.840000	0.434062
0.841000	0.617510
0.842000	-0.309924
0.843000	-0.799121
0.844000	-0.075516
0.845000	0.627706
0.846000	0.459548
0.847000	-0.034752
0.848000	-0.534135
0.849000	0.118127
0.850000	0.490115
0.851000	-0.197818
0.852000	-0.722686
0.853000	0.041693
0.854000	0.790772
0.855000	0.179273
0.856000	-0.783832
0.857000	-0.121373
0.858000	0.943641
0.859000	0.260811
0.860000	-0.743068
0.861000	-0.493371
0.862000	0.576746
0.863000	0.744905
0.864000	-0.218200
0.865000	-0.462793
0.866000	-0.009267
0.867000	0.235326
0.868000	-0.060227
0.869000	-0.442411
0.870000	0.286286
0.871000	0.510497
0.872000	-0.182529
0.873000	-0.518846
0.874000	-0.416937
0.875000	0.102838
0.876000	0.520693
0.877000	0.286286
0.878000	-0.258964
0.879000	-0.223293
0.880000	0.245522
0.881000	0.383102
0.882000	0.097745
0.883000	-0.121373
0.884000	-0.024556
0.885000	0.016207
0.886000	-0.044938
0.887000	0.062075
0.888000	0.270997
0.889000	0.067167
0.890000	-0.360884
0.891000	-0.315017
0.892000	0.087549
0.893000	0.204758
0.894000	0.051878
0.895000	0.169087
0.896000	0.245522
0.897000	-0.218200
0.898000	-0.483175
0.899000	-0.065320
0.900000	0.439155
0.901000	0.592035
0.902000	-0.014371
0.903000	-0.503568
0.904000	-0.162147
0.905000	0.102838
0.906000	0.301575
0.907000	0.220037
0.908000	-0.238582
0.909000	-0.100991
0.910000	0.179273
0.911000	0.143602
0.912000	-0.121373
0.913000	-0.243675
0.914000	0.133416
0.915000	0.209851
0.916000	-0.197818
0.917000	-0.376173
0.918000	-0.039845
0.919000	0.464640
0.920000	0.189469
0.921000	-0.396555
0.922000	-0.401648
0.923000	0.097745
0.924000	0.699048
0.925000	0.535982
0.926000	-0.202911
0.927000	-0.386359
0.928000	0.026404
0.929000	0.342339
0.930000	0.123220
0.931000	-0.208004
0.932000	-0.039845
0.933000	0.123220
0.934000	-0.121373
0.935000	-0.299728
0.936000	-0.039845
0.937000	0.383102
0.938000	0.230233
0.939000	-0.304831
0.940000	-0.406740
0.941000	0.123220
0.942000	0.546168
0.943000	0.240429
0.944000	-0.529042
0.945000	-0.554517
0.946000	0.306668
0.947000	0.556364
0.948000	-0.039845
0.949000	-0.279346
0.950000	0.011115
0.951000	0.327050
0.952000	0.092642
0.953000	-0.238582
0.954000	-0.039845
0.955000	0.403495
0.956000	0.388206
0.957000	-0.264057
0.958000	-0.595291
0.959000	-0.034752
0.960000	0.515600
0.961000	0.388206
0.962000	-0.304831
0.963000	-0.513753
0.964000	0.067167
0.965000	0.423877
0.966000	0.133416
0.967000	-0.218200
0.968000	-0.131569
0.969000	0.214944
0.970000	0.102838
0.971000	-0.111187
0.972000	-0.141765
0.973000	0.092642
0.974000	0.332153
0.975000	0.046785
0.976000	-0.340502
0.977000	-0.228386
0.978000	0.321957
0.979000	0.403495
0.980000	-0.060227
0.981000	-0.427122
0.982000	-0.136662
0.983000	0.311761
0.984000	0.240429
0.985000	-0.187622
0.986000	-0.167240
0.987000	0.067167
0.988000	0.072260
0.989000	0.016207
0.990000	-0.070423
0.991000	0.016207
0.992000	0.225140
0.993000	0.123220
0.994000	-0.218200
0.995000	-0.238582
0.996000	0.143602
0.997000	0.337246
0.998000	0.072260
0.999000	-0.213107
1.000000	-0.162147
1.001000	0.092642
1.002000	0.301575
1.003000	0.046785
1.004000	-0.182529
1.005000	0.006022
1.006000	0.107931
1.007000	0.056971
1.008000	-0.075516
1.009000	-0.055134
1.010000	0.204758
1.011000	0.209851
1.012000	-0.111187
1.013000	-0.320110
1.014000	-0.019464
1.015000	0.337246
1.016000	0.153798
1.017000	-0.136662
1.018000	-0.157044
1.019000	0.021300
1.020000	0.199655
1.021000	0.056971
1.022000	-0.065320
1.023000	0.036589
1.024000	0.016207
1.025000	0.021300
1.026000	-0.014371
1.027000	-0.141765
1.028000	-0.019464
1.029000	0.097745
1.030000	0.087549
1.031000	-0.009267
1.032000	-0.060227
1.033000	0.056971
1.034000	0.153798
1.035000	0.077364
1.036000	-0.034752
1.037000	0.000918
1.038000	0.051878
1.039000	0.036589
1.040000	0.016207
1.041000	0.046785
1.042000	0.006022
1.043000	-0.004174
1.044000	0.000918
1.045000	-0.039845
1.046000	-0.034752
1.047000	0.082456
1.048000	0.051878
1.049000	-0.044938
1.050000	-0.050042
1.051000	-0.029649
1.052000	-0.039845
1.053000	-0.029649
1.054000	0.087549
1.055000	0.031496
1.056000	-0.075516
1.057000	-0.024556
1.058000	-0.014371
1.059000	-0.039845
1.060000	0.021300
1.061000	0.184366
1.062000	0.158891
1.063000	-0.024556
1.064000	-0.126476
1.065000	0.092642
1.066000	0.194562
1.067000	0.062075
1.068000	-0.136662
1.069000	-0.167240
1.070000	0.128313
1.071000	0.270997
1.072000	0.021300
1.073000	-0.151951
1.074000	-0.009267
1.075000	0.220037
1.076000	0.143602
1.077000	-0.065320
1.078000	-0.080609
1.079000	-0.019464
1.080000	0.026404
1.081000	-0.055134
1.082000	-0.197818
1.083000	-0.019464
1.084000	0.209851
1.085000	0.072260
1.086000	-0.121373
1.087000	-0.157044
1.088000	0.000918
1.089000	0.194562
1.090000	0.123220
1.091000	-0.055134
1.092000	-0.055134
1.093000	0.082456
1.094000	0.097745
1.095000	0.011115
1.096000	0.092642
1.097000	0.179273
1.098000	0.056971
1.099000	-0.080609
1.100000	-0.044938
1.101000	0.148695
1.102000	0.143602
1.103000	-0.004174
1.104000	-0.044938
1.105000	-0.065320
1.106000	-0.044938
1.107000	0.000918
1.108000	-0.034752
1.109000	-0.065320
1.110000	-0.024556
1.111000	0.006022
1.112000	-0.044938
1.113000	-0.100991
1.114000	0.036589
1.115000	0.169087
1.116000	0.056971
1.117000	-0.136662
1.118000	-0.146858
1.119000	0.092642
1.120000	0.225140
1.121000	0.067167
1.122000	-0.106094
1.123000	-0.055134
1.124000	0.148695
1.125000	0.214944
1.126000	0.062075
1.127000	-0.034752
1.128000	0.016207
1.129000	0.062075
1.130000	0.036589
1.131000	-0.009267
1.132000	-0.009267
1.133000	-0.004174
1.134000	-0.004174
1.135000	0.016207
1.136000	-0.014371
1.137000	-0.065320
1.138000	-0.014371
1.139000	0.036589
1.140000	0.006022
1.141000	-0.009267
1.142000	-0.065320
1.143000	0.006022
1.144000	0.097745
1.145000	0.041693
1.146000	-0.014371
1.147000	-0.050042
1.148000	-0.019464
1.149000	0.056971
1.150000	0.077364
1.151000	0.087549
1.152000	0.021300
1.153000	-0.009267
1.154000	0.046785
1.155000	0.077364
1.156000	0.118127
1.157000	0.056971
1.158000	-0.014371
1.159000	0.051878
1.160000	0.046785
1.161000	-0.044938
1.162000	-0.060227
1.163000	0.011115
1.164000	0.051878
1.165000	0.041693
1.166000	-0.034752
1.167000	-0.100991
1.168000	-0.019464
1.169000	0.062075
1.170000	0.000918
1.171000	-0.070423
1.172000	-0.055134
1.173000	0.016207
1.174000	0.067167
1.175000	0.006022
1.176000	-0.060227
1.177000	-0.029649
1.178000	0.062075
1.179000	0.113024
1.180000	0.067167
1.181000	-0.004174
1.182000	0.041693
1.183000	0.179273
1.184000	0.123220
1.185000	-0.029649
1.186000	-0.014371
1.187000	0.097745
1.188000	0.082456
1.189000	-0.014371
1.190000	-0.044938
1.191000	-0.009267
1.192000	0.031496
1.193000	0.006022
1.194000	-0.044938
1.195000	-0.014371
1.196000	0.046785
1.197000	0.000918
1.198000	-0.050042
1.199000	-0.039845
1.200000	-0.065320
1.201000	-0.014371
1.202000	0.031496
1.203000	-0.019464
1.204000	-0.024556
1.205000	0.051878
1.206000	0.067167
1.207000	0.036589
1.208000	0.006022
1.209000	-0.004174
1.210000	0.092642
1.211000	0.138509
1.212000	0.031496
1.213000	-0.009267
1.214000	0.046785
1.215000	0.046785
1.216000	0.021300
1.217000	0.026404
1.218000	0.031496
1.219000	0.067167
1.220000	0.036589
1.221000	-0.050042
1.222000	-0.029649
1.223000	0.036589
1.224000	0.041693
1.225000	-0.019464
1.226000	-0.050042
1.227000	-0.070423
1.228000	-0.024556
1.229000	0.036589
1.230000	-0.024556
1.231000	-0.080609
1.232000	-0.014371
1.233000	0.077364
1.234000	0.087549
1.235000	-0.014371
1.236000	-0.055134
1.237000	0.046785
1.238000	0.138509
1.239000	0.067167
1.240000	-0.029649
1.241000	-0.009267
1.242000	0.102838
1.243000	0.143602
1.244000	0.062075
1.245000	-0.029649
1.246000	0.006022
1.247000	0.128313
1.248000	0.082456
1.249000	-0.039845
1.250000	-0.070423
1.251000	0.011115
1.252000	0.056971
1.253000	-0.029649
1.254000	-0.111187
1.255000	-0.065320
1.256000	0.046785
1.257000	0.041693
1.258000	-0.044938
1.259000	-0.111187
1.260000	-0.019464
1.261000	0.092642
1.262000	0.092642
1.263000	-0.024556
1.264000	-0.055134
1.265000	0.051878
1.266000	0.128313
1.267000	0.036589
1.268000	-0.065320
1.269000	0.016207
1.270000	0.113024
1.271000	0.067167
1.272000	-0.019464
1.273000	-0.009267
1.274000	0.067167
1.275000	0.087549
1.276000	0.016207
1.277000	-0.039845
1.278000	0.006022
1.279000	0.067167
1.280000	0.026404
1.281000	-0.034752
1.282000	-0.029649
1.283000	0.026404
1.284000	0.036589
1.285000	-0.044938
1.286000	-0.009267
1.287000	0.077364
1.288000	0.016207
1.289000	0.016207
1.290000	0.021300
1.291000	0.011115
1.292000	-0.044938
1.293000	-0.009267
1.294000	0.097745
1.295000	0.056971
1.296000	-0.014371
1.297000	-0.009267
1.298000	-0.044938
1.299000	-0.014371
1.300000	0.036589
1.301000	0.041693
1.302000	0.011115
1.303000	0.046785
1.304000	0.087549
1.305000	0.036589
1.306000	-0.029649
1.307000	0.021300
1.308000	0.138509
1.309000	0.128313
1.310000	-0.029649
1.311000	-0.106094
1.312000	-0.004174
1.313000	0.067167
1.314000	0.000918
1.315000	-0.085712
1.316000	-0.039845
1.317000	0.051878
1.318000	0.016207
1.319000	-0.029649
1.320000	-0.004174
1.321000	0.021300
1.322000	0.026404
1.323000	0.000918
1.324000	-0.034752
1.325000	0.011115
1.326000	0.092642
1.327000	0.046785
1.328000	-0.044938
1.329000	0.011115
1.330000	0.123220
1.331000	0.123220
1.332000	0.036589
1.333000	0.006022
1.334000	0.041693
1.335000	0.082456
1.336000	0.072260
1.337000	-0.004174
1.338000	-0.034752
1.339000	-0.024556
1.340000	-0.009267
1.341000	-0.019464
1.342000	-0.060227
1.343000	-0.014371
1.344000	0.087549
1.345000	0.072260
1.346000	-0.044938
1.347000	-0.085712
1.348000	0.031496
1.349000	0.082456
1.350000	0.051878
1.351000	0.016207
1.352000	0.011115
1.353000	0.051878
1.354000	0.026404
1.355000	-0.034752
1.356000	0.000918
1.357000	0.092642
1.358000	0.158891
1.359000	0.006022
1.360000	-0.106094
1.361000	0.016207
1.362000	0.082456
1.363000	0.036589
1.364000	-0.039845
1.365000	-0.039845
1.366000	0.046785
1.367000	0.056971
1.368000	0.021300
1.369000	-0.085712
1.370000	-0.100991
1.371000	0.118127
1.372000	0.143602
1.373000	-0.019464
1.374000	-0.085712
1.375000	0.006022
1.376000	0.163984
1.377000	0.031496
1.378000	-0.162147
1.379000	-0.075516
1.380000	0.107931
1.381000	0.148695
1.382000	-0.029649
1.383000	-0.126476
1.384000	0.011115
1.385000	0.133416
1.386000	0.092642
1.387000	-0.044938
1.388000	-0.044938
1.389000	0.062075
1.390000	0.118127
1.391000	0.016207
1.392000	-0.111187
1.393000	-0.075516
1.394000	0.077364
1.395000	0.138509
1.396000	0.011115
1.397000	-0.106094
1.398000	-0.034752
1.399000	0.102838
1.400000	0.062075
1.401000	-0.080609
1.402000	-0.070423
1.403000	0.031496
1.404000	0.102838
1.405000	0.062075
1.406000	-0.070423
1.407000	-0.039845
1.408000	0.082456
1.409000	0.082456
1.410000	-0.009267
1.411000	-0.029649
1.412000	0.067167
1.413000	0.102838
1.414000	0.021300
1.415000	-0.044938
1.416000	-0.024556
1.417000	0.087549
1.418000	0.138509
1.419000	0.016207
1.420000	-0.065320
1.421000	-0.019464
1.422000	0.036589
1.423000	0.016207
1.424000	-0.019464
1.425000	0.006022
1.426000	0.062075
1.427000	0.031496
1.428000	-0.060227
1.429000	-0.070423
1.430000	-0.004174
1.431000	0.031496
1.432000	0.077364
1.433000	0.051878
1.434000	-0.075516
1.435000	-0.009267
1.436000	0.128313
1.437000	0.077364
1.438000	-0.055134
1.439000	-0.039845
1.440000	0.128313
1.441000	0.138509
1.442000	-0.019464
1.443000	-0.111187
1.444000	-0.019464
1.445000	0.128313
1.446000	0.102838
1.447000	-0.034752
1.448000	-0.085712
1.449000	0.021300
1.450000	0.148695
1.451000	0.031496
1.452000	-0.151951
1.453000	-0.065320
1.454000	0.123220
1.455000	0.128313
1.456000	-0.019464
1.457000	-0.095898
1.458000	-0.014371
1.459000	0.067167
1.460000	0.036589
1.461000	-0.034752
1.462000	0.006022
1.463000	0.062075
1.464000	0.082456
1.465000	0.051878
1.466000	-0.024556
1.467000	0.000918
1.468000	0.087549
1.469000	0.092642
1.470000	0.016207
1.471000	-0.055134
1.472000	-0.029649
1.473000	0.041693
1.474000	0.036589
1.475000	0.006022
1.476000	-0.019464
1.477000	0.016207
1.478000	0.046785
1.479000	0.051878
1.480000	0.000918
1.481000	-0.050042
1.482000	-0.024556
1.483000	0.041693
1.484000	0.031496
1.485000	-0.019464
1.486000	-0.044938
1.487000	0.006022
1.488000	0.046785
1.489000	0.031496
1.490000	-0.009267
1.491000	-0.034752
1.492000	0.036589
1.493000	0.087549
1.494000	0.036589
1.495000	0.006022
1.496000	0.016207
1.497000	0.036589
1.498000	0.051878
1.499000	0.021300
1.500000	0.011115
1.501000	0.006022
1.502000	0.031496
1.503000	0.041693
1.504000	0.006022
1.505000	-0.019464
1.506000	0.031496
1.507000	0.087549
1.508000	0.051878
1.509000	-0.009267
1.510000	-0.034752
1.511000	-0.004174
1.512000	0.016207
1.513000	0.016207
1.514000	0.000918
1.515000	-0.034752
1.516000	-0.014371
1.517000	0.051878
1.518000	0.046785
1.519000	-0.004174
1.520000	-0.024556
1.521000	0.026404
1.522000	0.051878
1.523000	0.026404
1.524000	0.006022
1.525000	0.000918
1.526000	0.021300
1.527000	0.031496
1.528000	0.051878
1.529000	0.031496
1.530000	0.006022
1.531000	0.021300
1.532000	0.041693
1.533000	0.041693
1.534000	0.006022
1.535000	-0.009267
1.536000	0.031496
1.537000	0.072260
1.538000	0.046785
1.539000	-0.009267
1.540000	-0.029649
1.541000	-0.004174
1.542000	0.026404
1.543000	-0.009267
1.544000	-0.024556
1.545000	-0.034752
1.546000	-0.029649
1.547000	0.006022
1.548000	0.031496
1.549000	0.011115
1.550000	-0.019464
1.551000	0.000918
1.552000	0.067167
1.553000	0.062075
1.554000	0.011115
1.555000	-0.009267
1.556000	0.046785
1.557000	0.102838
1.558000	0.092642
1.559000	0.006022
1.560000	-0.024556
1.561000	0.067167
1.562000	0.107931
1.563000	0.041693
1.564000	-0.060227
1.565000	-0.050042
1.566000	0.046785
1.567000	0.051878
1.568000	-0.024556
1.569000	-0.080609
1.570000	-0.034752
1.571000	0.041693
1.572000	0.016207
1.573000	-0.065320
1.574000	-0.065320
1.575000	0.021300
1.576000	0.082456
1.577000	0.021300
1.578000	-0.044938
1.579000	0.006022
1.580000	0.092642
1.581000	0.082456
1.582000	-0.004174
1.583000	-0.019464
1.584000	0.062075
1.585000	0.107931
1.586000	0.046785
1.587000	-0.029649
1.588000	-0.004174
1.589000	0.072260
1.590000	0.102838
1.591000	0.011115
1.592000	-0.065320
1.593000	-0.004174
1.594000	0.077364
1.595000	0.041693
1.596000	-0.055134
1.597000	-0.060227
1.598000	0.041693
1.599000	0.087549
1.600000	0.000918
1.601000	-0.065320
1.602000	-0.024556
1.603000	0.062075
1.604000	0.072260
1.605000	-0.024556
1.606000	-0.060227
1.607000	0.011115
1.608000	0.067167
1.609000	0.067167
1.610000	0.006022
1.611000	-0.034752
1.612000	0.026404
1.613000	0.092642
1.614000	0.036589
1.615000	-0.014371
1.616000	-0.029649
1.617000	0.051878
1.618000	0.092642
1.619000	0.011115
1.620000	-0.055134
1.621000	-0.044938
1.622000	0.087549
1.623000	0.143602
1.624000	-0.060227
1.625000	-0.116280
1.626000	0.041693
1.627000	0.123220
1.628000	0.036589
1.629000	-0.095898
1.630000	-0.060227
1.631000	0.092642
1.632000	0.138509
1.633000	-0.014371
1.634000	-0.177436
1.635000	-0.050042
1.636000	0.148695
1.637000	0.133416
1.638000	-0.085712
1.639000	-0.151951
1.640000	0.056971
1.641000	0.204758
1.642000	0.041693
1.643000	-0.126476
1.644000	-0.039845
1.645000	0.163984
1.646000	0.148695
1.647000	-0.055134
1.648000	-0.116280
1.649000	0.031496
1.650000	0.169087
1.651000	0.077364
1.652000	-0.095898
1.653000	-0.055134
1.654000	0.128313
1.655000	0.143602
1.656000	-0.029649
1.657000	-0.131569
1.658000	-0.009267
1.659000	0.123220
1.660000	0.062075
1.661000	-0.060227
1.662000	-0.085712
1.663000	0.006022
1.664000	0.107931
1.665000	0.036589
1.666000	-0.116280
1.667000	-0.075516
1.668000	0.107931
1.669000	0.169087
1.670000	0.000918
1.671000	-0.131569
1.672000	-0.014371
1.673000	0.118127
1.674000	0.138509
1.675000	0.016207
1.676000	-0.121373
1.677000	0.016207
1.678000	0.169087
1.679000	0.092642
1.680000	-0.055134
1.681000	-0.065320
1.682000	0.077364
1.683000	0.143602
1.684000	-0.004174
1.685000	-0.126476
1.686000	-0.055134
1.687000	0.143602
1.688000	0.077364
1.689000	-0.162147
1.690000	-0.157044
1.691000	0.067167
1.692000	0.209851
1.693000	0.041693
1.694000	-0.167240
1.695000	-0.095898
1.696000	0.138509
1.697000	0.184366
1.698000	-0.024556
1.699000	-0.157044
1.700000	0.031496
1.701000	0.204758
1.702000	0.062075
1.703000	-0.121373
1.704000	-0.050042
1.705000	0.153798
1.706000	0.169087
1.707000	-0.034752
1.708000	-0.126476
1.709000	0.031496
1.710000	0.184366
1.711000	0.092642
1.712000	-0.121373
1.713000	-0.136662
1.714000	0.072260
1.715000	0.148695
1.716000	0.006022
1.717000	-0.136662
1.718000	-0.070423
1.719000	0.113024
1.720000	0.113024
1.721000	-0.044938
1.722000	-0.111187
1.723000	0.026404
1.724000	0.148695
1.725000	0.067167
1.726000	-0.085712
1.727000	-0.070423
1.728000	0.072260
1.729000	0.133416
1.730000	0.021300
1.731000	-0.085712
1.732000	-0.014371
1.733000	0.107931
1.734000	0.102838
1.735000	-0.029649
1.736000	-0.075516
1.737000	0.021300
1.738000	0.128313
1.739000	0.046785
1.740000	-0.090805
1.741000	-0.065320
1.742000	0.067167
1.743000	0.113024
1.744000	-0.014371
1.745000	-0.121373
1.746000	-0.019464
1.747000	0.128313
1.748000	0.087549
1.749000	-0.055134
1.750000	-0.106094
1.751000	0.036589
1.752000	0.123220
1.753000	0.006022
1.754000	-0.095898
1.755000	-0.019464
1.756000	0.133416
1.757000	0.097745
1.758000	-0.075516
1.759000	-0.090805
1.760000	0.067167
1.761000	0.169087
1.762000	0.046785
1.763000	-0.121373
1.764000	-0.055134
1.765000	0.128313
1.766000	0.138509
1.767000	-0.034752
1.768000	-0.121373
1.769000	0.031496
1.770000	0.163984
1.771000	0.072260
1.772000	-0.095898
1.773000	-0.070423
1.774000	0.087549
1.775000	0.123220
1.776000	-0.019464
1.777000	-0.121373
1.778000	-0.019464
1.779000	0.118127
1.780000	0.077364
1.781000	-0.070423
1.782000	-0.095898
1.783000	0.031496
1.784000	0.133416
1.785000	0.062075
1.786000	-0.070423
1.787000	-0.044938
1.788000	0.087549
1.789000	0.097745
1.790000	-0.004174
1.791000	-0.070423
1.792000	0.016207
1.793000	0.102838
1.794000	0.062075
1.795000	-0.050042
1.796000	-0.055134
1.797000	0.062075
1.798000	0.123220
1.799000	0.011115
1.800000	-0.070423
1.801000	-0.009267
1.802000	0.087549
1.803000	0.072260
1.804000	-0.039845
1.805000	-0.085712
1.806000	0.011115
1.807000	0.102838
1.808000	0.041693
1.809000	-0.055134
1.810000	-0.050042
1.811000	0.062075
1.812000	0.087549
1.813000	-0.004174
1.814000	-0.055134
1.815000	0.000918
1.816000	0.067167
1.817000	0.072260
1.818000	-0.004174
1.819000	-0.034752
1.820000	0.021300
1.821000	0.072260
1.822000	0.046785
1.823000	0.000918
1.824000	0.000918
1.825000	0.031496
1.826000	0.041693
1.827000	0.036589
1.828000	0.026404
1.829000	0.006022
1.830000	-0.004174
1.831000	0.016207
1.832000	0.041693
1.833000	0.011115
1.834000	-0.024556
1.835000	-0.014371
1.836000	0.021300
1.837000	0.031496
1.838000	0.016207
1.839000	-0.009267
1.840000	0.016207
1.841000	0.041693
1.842000	0.041693
1.843000	-0.004174
1.844000	-0.019464
1.845000	0.041693
1.846000	0.067167
1.847000	0.026404
1.848000	-0.029649
1.849000	-0.009267
1.850000	0.051878
1.851000	0.056971
1.852000	-0.009267
1.853000	-0.029649
1.854000	0.021300
1.855000	0.051878
1.856000	0.041693
1.857000	-0.019464
1.858000	-0.029649
1.859000	0.031496
1.860000	0.062075
1.861000	0.011115
1.862000	-0.039845
1.863000	-0.014371
1.864000	0.056971
1.865000	0.056971
1.866000	0.011115
1.867000	-0.019464
1.868000	0.000918
1.869000	0.041693
1.870000	0.036589
1.871000	0.006022
1.872000	-0.014371
1.873000	-0.004174
1.874000	0.036589
1.875000	0.031496
1.876000	0.006022
1.877000	-0.009267
1.878000	0.031496
1.879000	0.056971
1.880000	0.031496
1.881000	-0.019464
1.882000	-0.019464
1.883000	0.026404
1.884000	0.072260
1.885000	0.041693
1.886000	-0.044938
1.887000	-0.055134
1.888000	0.036589
1.889000	0.102838
1.890000	0.026404
1.891000	-0.060227
1.892000	-0.014371
1.893000	0.056971
1.894000	0.067167
1.895000	-0.004174
1.896000	-0.044938
1.897000	0.016207
1.898000	0.067167
1.899000	0.036589
1.900000	-0.034752
1.901000	-0.029649
1.902000	0.041693
1.903000	0.082456
1.904000	0.026404
1.905000	-0.024556
1.906000	0.006022
1.907000	0.067167
1.908000	0.056971
1.909000	-0.004174
1.910000	-0.019464
1.911000	0.026404
1.912000	0.051878
1.913000	0.006022
1.914000	-0.034752
1.915000	0.000918
1.916000	0.056971
1.917000	0.036589
1.918000	-0.019464
1.919000	-0.029649
1.920000	0.031496
1.921000	0.056971
1.922000	0.026404
1.923000	-0.019464
1.924000	-0.004174
1.925000	0.046785
1.926000	0.041693
1.927000	0.006022
1.928000	0.000918
1.929000	0.031496
1.930000	0.051878
1.931000	0.016207
1.932000	-0.014371
1.933000	0.016207
1.934000	0.051878
1.935000	0.046785
1.936000	-0.024556
1.937000	-0.024556
1.938000	0.031496
1.939000	0.041693
1.940000	-0.004174
1.941000	-0.029649
1.942000	0.006022
1.943000	0.046785
1.944000	0.021300
1.945000	-0.014371
1.946000	0.006022
1.947000	0.041693
1.948000	0.041693
1.949000	0.000918
1.950000	0.016207
1.951000	0.031496
1.952000	0.011115
1.953000	0.006022
1.954000	0.041693
1.955000	0.046785
1.956000	-0.004174
1.957000	-0.014371
1.958000	0.036589
1.959000	0.087549
1.960000	0.026404
1.961000	-0.070423
1.962000	-0.024556
1.963000	0.077364
1.964000	0.077364
1.965000	-0.029649
1.966000	-0.060227
1.967000	0.031496
1.968000	0.092642
1.969000	0.021300
1.970000	-0.055134
1.971000	-0.024556
1.972000	0.087549
1.973000	0.092642
1.974000	-0.024556
1.975000	-0.080609
1.976000	0.016207
1.977000	0.123220
1.978000	0.046785
1.979000	-0.080609
1.980000	-0.055134
1.981000	0.087549
1.982000	0.123220
1.983000	-0.019464
1.984000	-0.100991
1.985000	0.011115
1.986000	0.102838
1.987000	0.056971
1.988000	-0.044938
1.989000	-0.044938
1.990000	0.051878
1.991000	0.072260
1.992000	0.016207
1.993000	-0.044938
1.994000	-0.009267
1.995000	0.092642
1.996000	0.072260
1.997000	-0.029649
1.998000	-0.070423
1.999000	0.021300
2.000000	0.102838
2.001000	0.031496
2.002000	-0.070423
2.003000	-0.050042
2.004000	0.056971
2.005000	0.087549
2.006000	0.011115
2.007000	-0.075516
2.008000	-0.004174
2.009000	0.087549
2.010000	0.056971
2.011000	-0.029649
2.012000	-0.024556
2.013000	0.056971
2.014000	0.082456
2.015000	0.011115
2.016000	-0.050042
2.017000	0.011115
2.018000	0.102838
2.019000	0.077364
2.020000	-0.019464
2.021000	-0.065320
2.022000	0.016207
2.023000	0.102838
2.024000	0.036589
2.025000	-0.060227
2.026000	-0.039845
2.027000	0.056971
2.028000	0.056971
2.029000	-0.019464
2.030000	-0.044938
2.031000	0.016207
2.032000	0.087549
2.033000	0.041693
2.034000	-0.039845
2.035000	-0.024556
2.036000	0.067167
2.037000	0.113024
2.038000	0.031496
2.039000	-0.050042
2.040000	-0.009267
2.041000	0.082456
2.042000	0.067167
2.043000	-0.014371
2.044000	-0.029649
2.045000	0.021300
2.046000	0.056971
2.047000	0.000918
2.048000	-0.055134
2.049000	-0.034752
2.050000	0.041693
2.051000	0.062075
2.052000	0.000918
2.053000	-0.050042
2.054000	0.006022
2.055000	0.097745
2.056000	0.087549
2.057000	-0.014371
2.058000	-0.050042
2.059000	0.031496
2.060000	0.092642
2.061000	0.041693
2.062000	-0.044938
2.063000	-0.034752
2.064000	0.046785
2.065000	0.072260
2.066000	-0.004174
2.067000	-0.044938
2.068000	-0.004174
2.069000	0.077364
2.070000	0.051878
2.071000	-0.044938
2.072000	-0.070423
2.073000	0.011115
2.074000	0.107931
2.075000	0.051878
2.076000	-0.044938
2.077000	-0.029649
2.078000	0.056971
2.079000	0.092642
2.080000	0.026404
2.081000	-0.034752
2.082000	0.026404
2.083000	0.082456
2.084000	0.046785
2.085000	-0.024556
2.086000	-0.029649
2.087000	0.036589
2.088000	0.067167
2.089000	0.006022
2.090000	-0.039845
2.091000	-0.029649
2.092000	0.041693
2.093000	0.051878
2.094000	-0.014371
2.095000	-0.050042
2.096000	0.006022
2.097000	0.072260
2.098000	0.046785
2.099000	-0.024556
2.100000	-0.014371
2.101000	0.056971
2.102000	0.056971
2.103000	-0.009267
2.104000	-0.019464
2.105000	0.046785
2.106000	0.082456
2.107000	0.021300
2.108000	-0.019464
2.109000	-0.004174
2.110000	0.016207
2.111000	0.016207
2.112000	0.006022
2.113000	0.016207
2.114000	0.026404
2.115000	0.011115
2.116000	-0.009267
2.117000	0.016207
2.118000	0.021300
2.119000	0.036589
2.120000	0.011115
2.121000	-0.014371
2.122000	0.000918
2.123000	0.036589
2.124000	0.016207
2.125000	-0.019464
2.126000	-0.009267
2.127000	0.046785
2.128000	0.072260
2.129000	0.021300
2.130000	-0.019464
2.131000	0.011115
2.132000	0.056971
2.133000	0.041693
2.134000	-0.014371
2.135000	-0.014371
2.136000	0.046785
2.137000	0.077364
2.138000	0.016207
2.139000	-0.055134
2.140000	-0.014371
2.141000	0.046785
2.142000	0.067167
2.143000	0.016207
2.144000	-0.004174
2.145000	0.021300
2.146000	0.046785
2.147000	0.016207
2.148000	-0.009267
2.149000	-0.004174
2.150000	0.036589
2.151000	0.051878
2.152000	0.016207
2.153000	-0.029649
2.154000	-0.019464
2.155000	0.041693
2.156000	0.056971
2.157000	0.006022
2.158000	-0.024556
2.159000	0.011115
2.160000	0.056971
2.161000	0.036589
2.162000	-0.014371
2.163000	-0.024556
2.164000	0.021300
2.165000	0.056971
2.166000	0.036589
2.167000	-0.004174
2.168000	-0.014371
2.169000	0.036589
2.170000	0.046785
2.171000	0.016207
2.172000	-0.014371
2.173000	0.011115
2.174000	0.062075
2.175000	0.051878
2.176000	-0.014371
2.177000	-0.029649
2.178000	0.011115
2.179000	0.056971
2.180000	0.036589
2.181000	-0.019464
2.182000	-0.029649
2.183000	0.026404
2.184000	0.036589
2.185000	-0.009267
2.186000	-0.034752
2.187000	0.016207
2.188000	0.062075
2.189000	0.036589
2.190000	-0.019464
2.191000	-0.019464
2.192000	0.041693
2.193000	0.062075
2.194000	0.021300
2.195000	-0.009267
2.196000	0.021300
2.197000	0.067167
2.198000	0.046785
2.199000	-0.009267
2.200000	-0.014371
2.201000	0.026404
2.202000	0.051878
2.203000	0.031496
2.204000	-0.019464
2.205000	-0.009267
2.206000	0.026404
2.207000	0.031496
2.208000	-0.009267
2.209000	-0.014371
2.210000	0.021300
2.211000	0.051878
2.212000	0.026404
2.213000	-0.009267
2.214000	-0.009267
2.215000	0.021300
2.216000	0.036589
2.217000	0.006022
2.218000	-0.009267
2.219000	0.016207
2.220000	0.046785
2.221000	0.026404
2.222000	-0.009267
2.223000	-0.014371
2.224000	0.026404
2.225000	0.056971
2.226000	0.036589
2.227000	-0.004174
2.228000	0.000918
2.229000	0.031496
2.230000	0.051878
2.231000	0.011115
2.232000	-0.009267
2.233000	0.006022
2.234000	0.036589
2.235000	0.036589
2.236000	-0.004174
2.237000	-0.014371
2.238000	0.011115
2.239000	0.041693
2.240000	0.021300
2.241000	-0.014371
2.242000	0.000918
2.243000	0.031496
2.244000	0.031496
2.245000	-0.009267
2.246000	-0.009267
2.247000	0.016207
2.248000	0.051878
2.249000	0.051878
2.250000	0.006022
2.251000	-0.004174
2.252000	0.031496
2.253000	0.056971
2.254000	0.026404
2.255000	-0.004174
2.256000	0.016207
2.257000	0.046785
2.258000	0.036589
2.259000	0.000918
2.260000	-0.004174
2.261000	0.021300
2.262000	0.041693
2.263000	0.026404
2.264000	0.000918
2.265000	0.011115
2.266000	0.031496
2.267000	0.026404
2.268000	-0.009267
2.269000	-0.009267
2.270000	0.026404
2.271000	0.041693
2.272000	0.016207
2.273000	-0.009267
2.274000	0.006022
2.275000	0.041693
2.276000	0.041693
2.277000	0.000918
2.278000	-0.004174
2.279000	0.036589
2.280000	0.056971
2.281000	0.026404
2.282000	-0.019464
2.283000	-0.009267
2.284000	0.031496
2.285000	0.041693
2.286000	0.006022
2.287000	-0.014371
2.288000	0.006022
2.289000	0.046785
2.290000	0.031496
2.291000	-0.004174
2.292000	-0.014371
2.293000	0.031496
2.294000	0.051878
2.295000	0.011115
2.296000	-0.014371
2.297000	-0.004174
2.298000	0.011115
2.299000	-0.004174
2.300000	0.016207
2.301000	0.051878
2.302000	-0.004174
2.303000	-0.019464
2.304000	-0.004174
2.305000	0.051878
2.306000	0.056971
2.307000	0.021300
2.308000	0.000918
2.309000	0.011115
2.310000	0.056971
2.311000	0.046785
2.312000	-0.034752
2.313000	-0.014371
2.314000	0.046785
2.315000	0.036589
2.316000	-0.009267
2.317000	-0.014371
2.318000	0.056971
2.319000	0.046785
2.320000	-0.009267
2.321000	-0.019464
2.322000	0.021300
2.323000	0.072260
2.324000	0.026404
2.325000	-0.039845
2.326000	-0.029649
2.327000	0.062075
2.328000	0.072260
2.329000	0.011115
2.330000	-0.039845
2.331000	0.011115
2.332000	0.087549
2.333000	0.046785
2.334000	-0.039845
2.335000	-0.029649
2.336000	0.067167
2.337000	0.067167
2.338000	0.000918
2.339000	-0.050042
2.340000	-0.014371
2.341000	0.056971
2.342000	0.062075
2.343000	0.011115
2.344000	-0.014371
2.345000	0.036589
2.346000	0.051878
2.347000	0.021300
2.348000	-0.024556
2.349000	0.006022
2.350000	0.041693
2.351000	0.026404
2.352000	-0.009267
2.353000	-0.009267
2.354000	0.031496
2.355000	0.051878
2.356000	0.021300
2.357000	-0.009267
2.358000	-0.009267
2.359000	0.036589
2.360000	0.051878
2.361000	0.016207
2.362000	-0.024556
2.363000	-0.014371
2.364000	0.000918
2.365000	0.011115
2.366000	0.021300
2.367000	0.011115
2.368000	0.016207
2.369000	0.011115
2.370000	0.011115
2.371000	0.021300
2.372000	0.021300
2.373000	0.021300
2.374000	0.026404
2.375000	0.031496
2.376000	0.011115
2.377000	-0.004174
2.378000	0.006022
2.379000	0.041693
2.380000	0.031496
2.381000	0.006022
2.382000	0.011115
2.383000	0.026404
2.384000	0.036589
2.385000	0.011115
2.386000	0.000918
2.387000	0.021300
2.388000	0.026404
2.389000	0.021300
2.390000	0.000918
2.391000	-0.004174
2.392000	0.021300
2.393000	0.036589
2.394000	0.000918
2.395000	-0.014371
2.396000	0.016207
2.397000	0.067167
2.398000	0.062075
2.399000	0.006022
2.400000	-0.034752
2.401000	0.000918
2.402000	0.072260
2.403000	0.067167
2.404000	0.000918
2.405000	-0.019464
2.406000	0.011115
2.407000	0.036589
2.408000	0.021300
2.409000	0.011115
2.410000	0.016207
2.411000	0.031496
2.412000	0.026404
2.413000	0.006022
2.414000	-0.004174
2.415000	0.016207
2.416000	0.036589
2.417000	0.016207
2.418000	0.000918
2.419000	0.000918
2.420000	0.036589
2.421000	0.046785
2.422000	0.016207
2.423000	-0.019464
2.424000	0.006022
2.425000	0.046785
2.426000	0.046785
2.427000	0.000918
2.428000	-0.019464
2.429000	0.021300
2.430000	0.036589
2.431000	0.016207
2.432000	-0.019464
2.433000	0.000918
2.434000	0.031496
2.435000	0.041693
2.436000	0.016207
2.437000	-0.004174
2.438000	0.006022
2.439000	0.036589
2.440000	0.036589
2.441000	0.016207
2.442000	-0.004174
2.443000	0.006022
2.444000	0.026404
2.445000	0.031496
2.446000	0.011115
2.447000	0.000918
2.448000	0.016207
2.449000	0.041693
2.450000	0.021300
2.451000	0.000918
2.452000	0.000918
2.453000	0.026404
2.454000	0.026404
2.455000	-0.009267
2.456000	0.000918
2.457000	0.021300
2.458000	0.026404
2.459000	0.011115
2.460000	-0.004174
2.461000	0.006022
2.462000	0.026404
2.463000	0.031496
2.464000	0.026404
2.465000	0.011115
2.466000	0.016207
2.467000	0.021300
2.468000	0.031496
2.469000	0.016207
2.470000	0.016207
2.471000	0.021300
2.472000	0.026404
2.473000	0.021300
2.474000	0.006022
2.475000	0.011115
2.476000	0.016207
2.477000	0.021300
2.478000	0.021300
2.479000	0.000918
2.480000	0.011115
2.481000	0.021300
2.482000	0.016207
2.483000	0.006022
2.484000	0.000918
2.485000	0.011115
2.486000	0.021300
2.487000	0.021300
2.488000	0.006022
2.489000	0.006022
2.490000	0.016207
2.491000	0.026404
2.492000	0.026404
2.493000	0.011115
2.494000	0.016207
2.495000	0.016207
2.496000	0.021300
2.497000	0.016207
2.498000	0.016207
2.499000	0.016207
2.500000	0.016207
2.501000	0.006022
2.502000	0.016207
2.503000	0.026404
2.504000	0.026404
2.505000	0.016207
2.506000	0.006022
2.507000	0.011115
2.508000	0.021300
2.509000	0.011115
2.510000	0.000918
2.511000	0.011115
2.512000	0.026404
2.513000	0.026404
2.514000	0.021300
2.515000	0.006022
2.516000	0.016207
2.517000	0.026404
2.518000	0.026404
2.519000	0.016207
2.520000	0.016207
2.521000	0.021300
2.522000	0.016207
2.523000	0.011115
2.524000	0.006022
2.525000	0.016207
2.526000	0.031496
2.527000	0.021300
2.528000	0.006022
2.529000	0.000918
2.530000	0.021300
2.531000	0.031496
2.532000	0.026404
2.533000	0.011115
2.534000	0.011115
2.535000	0.021300
2.536000	0.031496
2.537000	0.006022
2.538000	0.000918
2.539000	0.016207
2.540000	0.036589
2.541000	0.021300
2.542000	0.006022
2.543000	0.006022
2.544000	0.016207
2.545000	0.026404
2.546000	0.006022
2.547000	0.006022
2.548000	0.011115
2.549000	0.026404
2.550000	0.021300
2.551000	0.006022
2.552000	0.000918
2.553000	0.021300
2.554000	0.031496
2.555000	0.016207
2.556000	0.011115
2.557000	0.011115
2.558000	0.026404
2.559000	0.036589
2.560000	0.016207
2.561000	0.000918
2.562000	0.021300
2.563000	0.036589
2.564000	0.026404
2.565000	-0.004174
2.566000	-0.004174
2.567000	0.031496
2.568000	0.031496
2.569000	0.016207
2.570000	-0.004174
2.571000	0.006022
2.572000	0.031496
2.573000	0.031496
2.574000	0.006022
2.575000	-0.004174
2.576000	0.026404
2.577000	0.041693
2.578000	0.021300
2.579000	0.000918
2.580000	0.011115
2.581000	0.031496
2.582000	0.041693
2.583000	0.011115
2.584000	-0.009267
2.585000	0.016207
2.586000	0.031496
2.587000	0.021300
2.588000	-0.004174
2.589000	-0.004174
2.590000	0.021300
2.591000	0.031496
2.592000	0.006022
2.593000	-0.004174
2.594000	0.006022
2.595000	0.026404
2.596000	0.021300
2.597000	0.000918
2.598000	0.000918
2.599000	0.016207
2.600000	0.036589
2.601000	0.021300
2.602000	0.000918
2.603000	-0.004174
2.604000	0.026404
2.605000	0.031496
2.606000	0.011115
2.607000	0.000918
2.608000	0.021300
2.609000	0.036589
2.610000	0.031496
2.611000	0.006022
2.612000	0.006022
2.613000	0.026404
2.614000	0.031496
2.615000	0.011115
2.616000	-0.004174
2.617000	0.016207
2.618000	0.026404
2.619000	0.021300
2.620000	0.006022
2.621000	-0.004174
2.622000	0.016207
2.623000	0.036589
2.624000	0.026404
2.625000	0.000918
2.626000	0.006022
2.627000	0.026404
2.628000	0.036589
2.629000	0.011115
2.630000	-0.009267
2.631000	0.016207
2.632000	0.041693
2.633000	0.031496
2.634000	0.000918
2.635000	0.000918
2.636000	0.021300
2.637000	0.041693
2.638000	0.021300
2.639000	0.000918
2.640000	0.006022
2.641000	0.036589
2.642000	0.031496
2.643000	0.006022
2.644000	-0.009267
2.645000	0.021300
2.646000	0.031496
2.647000	0.026404
2.648000	0.000918
2.649000	-0.004174
2.650000	0.031496
2.651000	0.031496
2.652000	0.011115
2.653000	-0.014371
2.654000	0.006022
2.655000	0.041693
2.656000	0.026404
2.657000	0.000918
2.658000	-0.004174
2.659000	0.021300
2.660000	0.041693
2.661000	0.026404
2.662000	-0.009267
2.663000	0.011115
2.664000	0.041693
2.665000	0.041693
2.666000	0.006022
2.667000	0.000918
2.668000	0.021300
2.669000	0.041693
2.670000	0.026404
2.671000	-0.009267
2.672000	-0.009267
2.673000	0.021300
2.674000	0.036589
2.675000	0.016207
2.676000	-0.014371
2.677000	0.016207
2.678000	0.031496
2.679000	0.031496
2.680000	-0.009267
2.681000	-0.004174
2.682000	0.021300
2.683000	0.031496
2.684000	0.016207
2.685000	-0.014371
2.686000	0.006022
2.687000	0.036589
2.688000	0.036589
2.689000	0.006022
2.690000	-0.004174
2.691000	0.021300
2.692000	0.031496
2.693000	0.021300
2.694000	-0.009267
2.695000	0.000918
2.696000	0.031496
2.697000	0.046785
2.698000	0.011115
2.699000	-0.014371
2.700000	0.011115
2.701000	0.036589
2.702000	0.031496
2.703000	0.000918
2.704000	-0.004174
2.705000	0.026404
2.706000	0.046785
2.707000	0.021300
2.708000	-0.004174
2.709000	0.000918
2.710000	0.041693
2.711000	0.041693
2.712000	0.016207
2.713000	-0.009267
2.714000	0.016207
2.715000	0.036589
2.716000	0.026404
2.717000	0.000918
2.718000	0.000918
2.719000	0.021300
2.720000	0.031496
2.721000	0.016207
2.722000	-0.004174
2.723000	0.006022
2.724000	0.031496
2.725000	0.026404
2.726000	0.011115
2.727000	0.000918
2.728000	0.026404
2.729000	0.036589
2.730000	0.021300
2.731000	-0.004174
2.732000	0.006022
2.733000	0.036589
2.734000	0.036589
2.735000	0.011115
2.736000	-0.009267
2.737000	0.016207
2.738000	0.036589
2.739000	0.021300
2.740000	-0.009267
2.741000	0.000918
2.742000	0.036589
2.743000	0.041693
2.744000	0.011115
2.745000	-0.014371
2.746000	0.006022
2.747000	0.036589
2.748000	0.031496
2.749000	0.000918
2.750000	-0.009267
2.751000	0.016207
2.752000	0.041693
2.753000	0.021300
2.754000	-0.009267
2.755000	0.006022
2.756000	0.036589
2.757000	0.036589
2.758000	0.006022
2.759000	-0.004174
2.760000	0.006022
2.761000	0.036589
2.762000	0.026404
2.763000	0.006022
2.764000	0.006022
2.765000	0.031496
2.766000	0.036589
2.767000	0.021300
2.768000	-0.014371
2.769000	0.011115
2.770000	0.036589
2.771000	0.036589
2.772000	0.006022
2.773000	-0.009267
2.774000	0.016207
2.775000	0.036589
2.776000	0.016207
2.777000	0.000918
2.778000	-0.004174
2.779000	0.026404
2.780000	0.041693
2.781000	0.006022
2.782000	-0.009267
2.783000	0.016207
2.784000	0.036589
2.785000	0.031496
2.786000	-0.009267
2.787000	-0.004174
2.788000	0.031496
2.789000	0.041693
2.790000	0.016207
2.791000	-0.014371
2.792000	0.011115
2.793000	0.036589
2.794000	0.031496
2.795000	0.006022
2.796000	-0.004174
2.797000	0.021300
2.798000	0.041693
2.799000	0.016207
2.800000	-0.009267
2.801000	0.006022
2.802000	0.036589
2.803000	0.036589
2.804000	0.011115
2.805000	-0.009267
2.806000	0.016207
2.807000	0.036589
2.808000	0.026404
2.809000	-0.004174
2.810000	0.000918
2.811000	0.026404
2.812000	0.041693
2.813000	0.006022
2.814000	0.000918
2.815000	0.011115
2.816000	0.026404
2.817000	0.021300
2.818000	0.000918
2.819000	-0.004174
2.820000	0.026404
2.821000	0.041693
2.822000	0.016207
2.823000	-0.004174
2.824000	-0.004174
2.825000	0.041693
2.826000	0.041693
2.827000	0.000918
2.828000	-0.009267
2.829000	0.016207
2.830000	0.031496
2.831000	0.031496
2.832000	0.000918
2.833000	-0.004174
2.834000	0.026404
2.835000	0.026404
2.836000	0.016207
2.837000	-0.004174
2.838000	0.011115
2.839000	0.031496
2.840000	0.041693
2.841000	0.006022
2.842000	0.006022
2.843000	0.021300
2.844000	0.041693
2.845000	0.021300
2.846000	0.006022
2.847000	0.006022
2.848000	0.031496
2.849000	0.036589
2.850000	0.016207
2.851000	0.006022
2.852000	0.016207
2.853000	0.036589
2.854000	0.031496
2.855000	0.000918
2.856000	0.000918
2.857000	0.021300
2.858000	0.036589
2.859000	0.011115
2.860000	-0.009267
2.861000	0.011115
2.862000	0.026404
2.863000	0.031496
2.864000	0.006022
2.865000	0.000918
2.866000	0.021300
2.867000	0.031496
2.868000	0.026404
2.869000	0.006022
2.870000	0.006022
2.871000	0.026404
2.872000	0.031496
2.873000	0.021300
2.874000	0.000918
2.875000	0.016207
2.876000	0.026404
2.877000	0.036589
2.878000	0.000918
2.879000	-0.004174
2.880000	0.021300
2.881000	0.031496
2.882000	0.011115
2.883000	0.000918
2.884000	0.000918
2.885000	0.021300
2.886000	0.026404
2.887000	0.006022
2.888000	0.006022
2.889000	0.011115
2.890000	0.036589
2.891000	0.016207
2.892000	0.006022
2.893000	0.006022
2.894000	0.016207
2.895000	0.031496
2.896000	0.011115
2.897000	0.000918
2.898000	0.011115
2.899000	0.031496
2.900000	0.026404
2.901000	0.016207
2.902000	0.000918
2.903000	0.021300
2.904000	0.031496
2.905000	0.016207
2.906000	-0.004174
2.907000	0.011115
2.908000	0.016207
2.909000	0.026404
2.910000	0.011115
2.911000	0.000918
2.912000	0.011115
2.913000	0.026404
2.914000	0.026404
2.915000	0.006022
2.916000	0.011115
2.917000	0.016207
2.918000	0.031496
2.919000	0.006022
2.920000	0.006022
2.921000	0.021300
2.922000	0.036589
2.923000	0.026404
2.924000	0.011115
2.925000	-0.004174
2.926000	0.021300
2.927000	0.031496
2.928000	0.026404
2.929000	0.000918
2.930000	0.006022
2.931000	0.021300
2.932000	0.021300
2.933000	0.011115
2.934000	0.000918
2.935000	0.021300
2.936000	0.026404
2.937000	0.016207
2.938000	0.006022
2.939000	0.006022
2.940000	0.021300
2.941000	0.021300
2.942000	0.016207
2.943000	0.006022
2.944000	0.011115
2.945000	0.021300
2.946000	0.021300
2.947000	0.011115
2.948000	0.000918
2.949000	0.016207
2.950000	0.026404
2.951000	0.021300
2.952000	0.006022
2.953000	0.006022
2.954000	0.026404
2.955000	0.026404
2.956000	0.006022
2.957000	0.016207
2.958000	0.026404
2.959000	0.026404
2.960000	0.016207
2.961000	0.006022
2.962000	0.016207
2.963000	0.026404
2.964000	0.026404
2.965000	0.016207
2.966000	0.016207
2.967000	0.021300
2.968000	0.021300
2.969000	0.016207
2.970000	0.021300
2.971000	0.016207
2.972000	0.016207
2.973000	0.021300
2.974000	0.011115
2.975000	0.011115
2.976000	0.016207
2.977000	0.021300
2.978000	0.021300
2.979000	0.016207
2.980000	0.021300
2.981000	0.016207
2.982000	0.011115
2.983000	0.016207
2.984000	0.011115
2.985000	0.016207
2.986000	0.021300
2.987000	0.016207
2.988000	0.011115
2.989000	0.016207
2.990000	0.031496
2.991000	0.016207
2.992000	0.000918
2.993000	0.011115
2.994000	0.031496
2.995000	0.031496
2.996000	0.021300
2.997000	-0.004174
2.998000	0.006022
2.999000	0.026404
3.000000	0.031496
3.001000	0.016207
3.002000	0.011115
3.003000	0.026404
3.004000	0.016207
3.005000	0.000918
3.006000	0.000918
3.007000	0.021300
3.008000	0.036589
3.009000	0.021300
3.010000	-0.019464
3.011000	-0.014371
3.012000	0.046785
3.013000	0.062075
3.014000	0.000918
3.015000	-0.024556
3.016000	0.016207
3.017000	0.067167
3.018000	0.041693
3.019000	-0.019464
3.020000	-0.029649
3.021000	0.041693
3.022000	0.077364
3.023000	0.016207
3.024000	-0.044938
3.025000	-0.009267
3.026000	0.056971
3.027000	0.051878
3.028000	-0.014371
3.029000	-0.029649
3.030000	0.021300
3.031000	0.072260
3.032000	0.041693
3.033000	-0.024556
3.034000	-0.034752
3.035000	0.026404
3.036000	0.067167
3.037000	0.021300
3.038000	-0.024556
3.039000	0.000918
3.040000	0.046785
3.041000	0.041693
3.042000	-0.004174
3.043000	-0.024556
3.044000	0.016207
3.045000	0.051878
3.046000	0.031496
3.047000	-0.014371
3.048000	-0.019464
3.049000	0.031496
3.050000	0.051878
3.051000	0.016207
3.052000	-0.024556
3.053000	0.006022
3.054000	0.046785
3.055000	0.036589
3.056000	-0.009267
3.057000	-0.024556
3.058000	0.026404
3.059000	0.056971
3.060000	0.031496
3.061000	-0.014371
3.062000	0.000918
3.063000	0.046785
3.064000	0.046785
3.065000	-0.004174
3.066000	-0.024556
3.067000	0.011115
3.068000	0.051878
3.069000	0.036589
3.070000	-0.009267
3.071000	-0.014371
3.072000	0.031496
3.073000	0.041693
3.074000	0.011115
3.075000	-0.009267
3.076000	0.011115
3.077000	0.041693
3.078000	0.031496
3.079000	-0.004174
3.080000	-0.009267
3.081000	0.026404
3.082000	0.046785
3.083000	0.031496
3.084000	-0.004174
3.085000	-0.009267
3.086000	0.036589
3.087000	0.036589
3.088000	0.011115
3.089000	-0.009267
3.090000	0.011115
3.091000	0.036589
3.092000	0.026404
3.093000	-0.004174
3.094000	-0.004174
3.095000	0.026404
3.096000	0.041693
3.097000	0.016207
3.098000	-0.004174
3.099000	0.006022
3.100000	0.041693
3.101000	0.036589
3.102000	0.000918
3.103000	-0.004174
3.104000	0.021300
3.105000	0.041693
3.106000	0.026404
3.107000	-0.004174
3.108000	-0.004174
3.109000	0.031496
3.110000	0.041693
3.111000	0.006022
3.112000	-0.009267
3.113000	0.016207
3.114000	0.046785
3.115000	0.031496
3.116000	-0.014371
3.117000	-0.004174
3.118000	0.021300
3.119000	0.041693
3.120000	0.016207
3.121000	-0.009267
3.122000	0.006022
3.123000	0.046785
3.124000	0.036589
3.125000	0.011115
3.126000	-0.009267
3.127000	0.021300
3.128000	0.036589
3.129000	0.021300
3.130000	0.000918
3.131000	0.000918
3.132000	0.031496
3.133000	0.036589
3.134000	0.006022
3.135000	-0.009267
3.136000	0.016207
3.137000	0.041693
3.138000	0.026404
3.139000	-0.014371
3.140000	-0.004174
3.141000	0.021300
3.142000	0.036589
3.143000	0.011115
3.144000	-0.009267
3.145000	0.011115
3.146000	0.036589
3.147000	0.036589
3.148000	0.000918
3.149000	0.000918
3.150000	0.016207
3.151000	0.041693
3.152000	0.026404
3.153000	-0.014371
3.154000	0.000918
3.155000	0.031496
3.156000	0.041693
3.157000	0.006022
3.158000	-0.009267
3.159000	0.011115
3.160000	0.036589
3.161000	0.026404
3.162000	-0.004174
3.163000	-0.004174
3.164000	0.026404
3.165000	0.036589
3.166000	0.006022
3.167000	-0.004174
3.168000	0.006022
3.169000	0.036589
3.170000	0.036589
3.171000	0.000918
3.172000	-0.004174
3.173000	0.021300
3.174000	0.031496
3.175000	0.021300
3.176000	-0.004174
3.177000	0.000918
3.178000	0.021300
3.179000	0.031496
3.180000	0.016207
3.181000	-0.004174
3.182000	0.011115
3.183000	0.036589
3.184000	0.026404
3.185000	0.000918
3.186000	0.000918
3.187000	0.026404
3.188000	0.036589
3.189000	0.016207
3.190000	0.000918
3.191000	0.011115
3.192000	0.031496
3.193000	0.031496
3.194000	0.011115
3.195000	0.000918
3.196000	0.021300
3.197000	0.036589
3.198000	0.021300
3.199000	0.000918
3.200000	0.011115
3.201000	0.026404
3.202000	0.031496
3.203000	0.011115
3.204000	-0.004174
3.205000	0.016207
3.206000	0.026404
3.207000	0.016207
3.208000	0.016207
3.209000	0.000918
3.210000	0.021300
3.211000	0.036589
3.212000	0.021300
3.213000	0.006022
3.214000	0.011115
3.215000	0.026404
3.216000	0.031496
3.217000	0.006022
3.218000	0.000918
3.219000	0.021300
3.220000	0.041693
3.221000	0.026404
3.222000	0.000918
3.223000	0.000918
3.224000	0.021300
3.225000	0.026404
3.226000	0.016207
3.227000	0.000918
3.228000	0.011115
3.229000	0.026404
3.230000	0.021300
3.231000	0.000918
3.232000	0.006022
3.233000	0.026404
3.234000	0.031496
3.235000	0.021300
3.236000	0.000918
3.237000	0.016207
3.238000	0.026404
3.239000	0.016207
3.240000	0.006022
3.241000	0.006022
3.242000	0.016207
3.243000	0.036589
3.244000	0.021300
3.245000	0.006022
3.246000	0.011115
3.247000	0.021300
3.248000	0.026404
3.249000	0.016207
3.250000	-0.004174
3.251000	0.016207
3.252000	0.026404
3.253000	0.016207
3.254000	0.011115
3.255000	0.000918
3.256000	0.021300
3.257000	0.026404
3.258000	0.011115
3.259000	0.006022
3.260000	0.006022
3.261000	0.036589
3.262000	0.026404
3.263000	0.006022
3.264000	0.000918
3.265000	0.021300
3.266000	0.041693
3.267000	0.026404
3.268000	0.000918
3.269000	0.006022
3.270000	0.021300
3.271000	0.026404
3.272000	0.016207
3.273000	0.011115
3.274000	0.016207
3.275000	0.031496
3.276000	0.021300
3.277000	0.006022
3.278000	0.006022
3.279000	0.021300
3.280000	0.036589
3.281000	0.021300
3.282000	0.000918
3.283000	0.006022
3.284000	0.026404
3.285000	0.021300
3.286000	0.006022
3.287000	0.006022
3.288000	0.016207
3.289000	0.021300
3.290000	0.016207
3.291000	0.006022
3.292000	0.011115
3.293000	0.026404
3.294000	0.026404
3.295000	0.021300
3.296000	0.000918
3.297000	0.021300
3.298000	0.031496
3.299000	0.026404
3.300000	0.011115
3.301000	0.000918
3.302000	0.021300
3.303000	0.026404
3.304000	0.021300
3.305000	0.006022
3.306000	0.011115
3.307000	0.026404
3.308000	0.021300
3.309000	0.016207
3.310000	0.000918
3.311000	0.021300
3.312000	0.021300
3.313000	0.021300
3.314000	0.011115
3.315000	0.011115
3.316000	0.031496
3.317000	0.026404
3.318000	0.016207
3.319000	0.006022
3.320000	0.021300
3.321000	0.021300
3.322000	0.021300
3.323000	0.011115
3.324000	0.016207
3.325000	0.021300
3.326000	0.026404
3.327000	0.021300
3.328000	0.011115
3.329000	0.011115
3.330000	0.021300
3.331000	0.026404
3.332000	0.016207
3.333000	0.006022
3.334000	0.016207
3.335000	0.026404
3.336000	0.016207
3.337000	0.006022
3.338000	0.006022
3.339000	0.016207
3.340000	0.026404
3.341000	0.016207
3.342000	0.016207
3.343000	0.016207
3.344000	0.021300
3.345000	0.021300
3.346000	0.016207
3.347000	0.021300
3.348000	0.016207
3.349000	0.021300
3.350000	0.016207
3.351000	0.006022
3.352000	0.011115
3.353000	0.026404
3.354000	0.021300
3.355000	0.016207
3.356000	0.006022
3.357000	0.016207
3.358000	0.026404
3.359000	0.016207
3.360000	0.006022
3.361000	0.011115
3.362000	0.016207
3.363000	0.021300
3.364000	0.021300
3.365000	0.006022
3.366000	0.006022
3.367000	0.021300
3.368000	0.021300
3.369000	0.011115
3.370000	0.011115
3.371000	0.021300
3.372000	0.026404
3.373000	0.021300
3.374000	0.011115
3.375000	0.011115
3.376000	0.021300
3.377000	0.021300
3.378000	0.016207
3.379000	0.011115
3.380000	0.021300
3.381000	0.026404
3.382000	0.011115
3.383000	0.016207
3.384000	0.016207
3.385000	0.021300
3.386000	0.021300
3.387000	0.016207
3.388000	0.006022
3.389000	0.021300
3.390000	0.031496
3.391000	0.026404
3.392000	0.011115
3.393000	0.016207
3.394000	0.016207
3.395000	0.021300
3.396000	0.021300
3.397000	0.016207
3.398000	0.011115
3.399000	0.021300
3.400000	0.021300
3.401000	0.011115
3.402000	0.011115
3.403000	0.011115
3.404000	0.021300
3.405000	0.021300
3.406000	0.006022
3.407000	0.011115
3.408000	0.016207
3.409000	0.026404
3.410000	0.026404
3.411000	0.016207
3.412000	0.011115
3.413000	0.021300
3.414000	0.026404
3.415000	0.006022
3.416000	0.011115
3.417000	0.016207
3.418000	0.026404
3.419000	0.026404
3.420000	0.016207
3.421000	0.021300
3.422000	0.026404
3.423000	0.021300
3.424000	0.016207
3.425000	0.016207
3.426000	0.016207
3.427000	0.016207
3.428000	0.026404
3.429000	0.006022
3.430000	0.011115
3.431000	0.016207
3.432000	0.021300
3.433000	0.016207
3.434000	0.006022
3.435000	0.016207
3.436000	0.016207
3.437000	0.021300
3.438000	0.006022
3.439000	0.011115
3.440000	0.021300
3.441000	0.026404
3.442000	0.011115
3.443000	0.011115
3.444000	0.016207
3.445000	0.021300
3.446000	0.016207
3.447000	0.021300
3.448000	0.011115
3.449000	0.011115
3.450000	0.021300
3.451000	0.021300
3.452000	0.011115
3.453000	0.011115
3.454000	0.016207
3.455000	0.021300
3.456000	0.016207
3.457000	0.011115
3.458000	0.016207
3.459000	0.021300
3.460000	0.021300
3.461000	0.016207
3.462000	0.006022
3.463000	0.016207
3.464000	0.021300
3.465000	0.016207
3.466000	0.011115
3.467000	0.011115
3.468000	0.021300
3.469000	0.011115
3.470000	0.016207
3.471000	0.016207
3.472000	0.016207
3.473000	0.021300
3.474000	0.016207
3.475000	0.011115
3.476000	0.016207
3.477000	0.021300
3.478000	0.021300
3.479000	0.016207
3.480000	0.011115
3.481000	0.016207
3.482000	0.021300
3.483000	0.021300
3.484000	0.011115
3.485000	0.011115
3.486000	0.011115
3.487000	0.016207
3.488000	0.016207
3.489000	0.006022
3.490000	0.016207
3.491000	0.016207
3.492000	0.021300
3.493000	0.016207
3.494000	0.011115
3.495000	0.011115
3.496000	0.016207
3.497000	0.016207
3.498000	0.011115
3.499000	0.016207
