19.900000	1.010000
20.000000	1.010000
19.900000	1.010000
20.000000	0.880000
19.900000	0.942000
20.000000	1.010000
19.900000	1.070000
19.900000	0.754000
19.900000	-1.510000
20.299999	-3.900000
20.600000	-3.330000
21.700001	0.503000
23.400000	3.900000
24.200001	4.770000
25.200001	7.230000
25.700001	9.550000
26.299999	9.860000
26.600000	10.200000
27.299999	8.420000
27.700001	3.770000
28.500000	5.090000
28.900000	3.640000
29.500000	4.590000
30.100000	8.230000
30.900000	10.400000
31.700001	9.680000
31.700001	8.040000
33.000000	8.100000
33.599998	8.360000
34.099998	8.980000
34.700001	9.610000
35.000000	9.170000
35.700001	7.350000
36.099998	7.100000
36.599998	8.230000
37.099998	8.800000
37.900002	8.800000
38.400002	8.610000
38.900002	8.170000
39.500000	8.860000
40.000000	10.200000
40.599998	10.700000
41.099998	10.900000
41.500000	11.000000
42.000000	10.800000
42.299999	11.100000
42.299999	11.700000
43.299999	13.000000
43.900002	13.900000
44.400002	13.900000
44.900002	14.500000
45.400002	15.100000
45.799999	15.800000
46.400002	16.700001
46.400002	17.799999
47.599998	18.299999
48.099998	18.799999
48.599998	19.299999
49.099998	19.700001
49.700001	20.799999
50.200001	21.700001
50.700001	23.400000
51.299999	24.600000
52.000000	25.100000
52.400002	25.900000
53.000000	26.200001
53.500000	26.799999
53.900002	28.000000
54.500000	29.600000
55.000000	30.299999
55.400002	30.700001
56.099998	31.400000
56.500000	31.900000
57.000000	32.299999
57.900002	34.099998
58.799999	26.000000
59.299999	25.600000
60.000000	31.400000
60.599998	35.599998
61.000000	36.799999
61.500000	34.700001
62.000000	30.500000
62.299999	28.000000
62.799999	32.500000
63.200001	37.400002
63.500000	37.400002
64.000000	34.400002
64.300003	31.500000
64.599998	31.400000
64.900002	33.599998
65.199997	36.099998
65.500000	35.400002
65.599998	32.200001
65.800003	30.700001
66.199997	30.900000
66.300003	31.400000
66.599998	32.799999
66.699997	33.500000
66.900002	31.299999
67.099998	29.000000
67.300003	29.000000
67.300003	32.200001
