0.000000	0.082227
0.001000	0.082227
0.002000	0.102783
0.003000	0.102783
0.004000	0.102783
0.005000	0.102783
0.006000	0.041113
0.007000	0.082227
0.008000	0.102783
0.009000	0.082227
0.010000	0.082227
0.011000	0.102783
0.012000	0.102783
0.013000	0.102783
0.014000	0.123340
0.015000	0.123340
0.016000	0.246680
0.017000	0.267236
0.018000	0.246680
0.019000	0.164453
0.020000	0.185010
0.021000	0.123340
0.022000	0.123340
0.023000	0.123340
0.024000	0.308350
0.025000	0.411133
0.026000	0.596143
0.027000	0.637256
0.028000	0.555029
0.029000	0.349463
0.030000	0.411133
0.031000	0.370020
0.032000	0.267236
0.033000	0.143896
0.034000	0.185010
0.035000	0.123340
0.036000	0.185010
0.037000	0.349463
0.038000	0.513916
0.039000	0.616699
0.040000	0.760596
0.041000	0.719482
0.042000	0.513916
0.043000	0.431689
0.044000	0.390576
0.045000	0.328906
0.046000	0.267236
0.047000	0.123340
0.048000	-0.164453
0.049000	-0.452246
0.050000	-0.596143
0.051000	-0.575586
0.052000	-0.513916
0.053000	-0.472803
0.054000	-0.411133
0.055000	-0.637256
0.056000	-0.904492
0.057000	-1.007280
0.058000	-1.233400
0.059000	-1.397850
0.060000	-1.418410
0.061000	-1.685640
0.062000	-2.076220
0.063000	-2.302340
0.064000	-2.343460
0.065000	-2.364010
0.066000	-2.137890
0.067000	-1.932320
0.068000	-1.788430
0.069000	-1.644530
0.070000	-1.438960
0.071000	-1.356740
0.072000	-1.171730
0.073000	-1.110060
0.074000	-1.130620
0.075000	-1.192290
0.076000	-1.110060
0.077000	-0.925049
0.078000	-0.616699
0.079000	-0.411133
0.080000	-0.267236
0.081000	-0.143896
0.082000	0.041113
0.083000	0.267236
0.084000	0.513916
0.085000	0.555029
0.086000	0.411133
0.087000	0.102783
0.088000	-0.246680
0.089000	-0.431689
0.090000	-0.513916
0.091000	-0.534473
0.092000	-0.534473
0.093000	-0.637256
0.094000	-0.698926
0.095000	-0.781152
0.096000	-0.842822
0.097000	-0.883936
0.098000	-1.027830
0.099000	-1.233400
0.100000	-1.459520
0.101000	-1.747310
0.102000	-1.973440
0.103000	-2.199560
0.104000	-2.405130
0.105000	-2.446240
0.106000	-2.466800
0.107000	-2.384570
0.108000	-2.261230
0.109000	-2.137890
0.110000	-1.952880
0.111000	-1.808980
0.112000	-1.603420
0.113000	-1.377290
0.114000	-1.151170
0.115000	-1.007280
0.116000	-0.986719
0.117000	-1.068950
0.118000	-1.192290
0.119000	-1.377290
0.120000	-1.541750
0.121000	-1.665090
0.122000	-1.808980
0.123000	-1.932320
0.124000	-2.035110
0.125000	-2.055660
0.126000	-2.014550
0.127000	-1.993990
0.128000	-1.932320
0.129000	-1.973440
0.130000	-2.035110
0.131000	-2.158450
0.132000	-2.364010
0.133000	-2.549020
0.134000	-2.775150
0.135000	-2.919040
0.136000	-3.021830
0.137000	-3.083500
0.138000	-3.104050
0.139000	-3.186280
0.140000	-3.145170
0.141000	-3.124610
0.142000	-3.104050
0.143000	-3.042380
0.144000	-2.960160
0.145000	-2.734030
0.146000	-2.590140
0.147000	-2.446240
0.148000	-2.384570
0.149000	-2.281790
0.150000	-2.179000
0.151000	-2.137890
0.152000	-2.096780
0.153000	-2.076220
0.154000	-2.014550
0.155000	-1.952880
0.156000	-1.952880
0.157000	-1.952880
0.158000	-2.014550
0.159000	-2.117330
0.160000	-2.261230
0.161000	-2.343460
0.162000	-2.425680
0.163000	-2.528470
0.164000	-2.692920
0.165000	-2.877930
0.166000	-3.021830
0.167000	-3.104050
0.168000	-3.145170
0.169000	-3.206840
0.170000	-3.309620
0.171000	-3.371290
0.172000	-3.494630
0.173000	-3.576860
0.174000	-3.659080
0.175000	-3.700200
0.176000	-3.741310
0.177000	-3.761870
0.178000	-3.802980
0.179000	-3.823540
0.180000	-3.844090
0.181000	-3.864650
0.182000	-3.823540
0.183000	-3.782420
0.184000	-3.741310
0.185000	-3.659080
0.186000	-3.597410
0.187000	-3.515190
0.188000	-3.494630
0.189000	-3.474070
0.190000	-3.453520
0.191000	-3.453520
0.192000	-3.453520
0.193000	-3.515190
0.194000	-3.535740
0.195000	-3.556300
0.196000	-3.659080
0.197000	-3.720750
0.198000	-3.802980
0.199000	-3.844090
0.200000	-3.926320
0.201000	-3.987990
0.202000	-4.090770
0.203000	-4.008540
0.204000	-4.008540
0.205000	-3.946870
0.206000	-3.987990
0.207000	-3.987990
0.208000	-4.029100
0.209000	-4.090770
0.210000	-4.111330
0.211000	-4.173000
0.212000	-4.131880
0.213000	-4.131880
0.214000	-4.090770
0.215000	-4.070210
0.216000	-3.946870
0.217000	-3.987990
0.218000	-3.946870
0.219000	-3.905760
0.220000	-3.905760
0.221000	-3.926320
0.222000	-3.905760
0.223000	-3.885210
0.224000	-3.885210
0.225000	-3.905760
0.226000	-3.905760
0.227000	-3.967430
0.228000	-4.029100
0.229000	-4.070210
0.230000	-4.173000
0.231000	-4.255220
0.232000	-4.358010
0.233000	-4.419680
0.234000	-4.501900
0.235000	-4.543020
0.236000	-4.625240
0.237000	-4.707470
0.238000	-4.728030
0.239000	-4.810250
0.240000	-4.892480
0.241000	-4.892480
0.242000	-4.974710
0.243000	-4.995260
0.244000	-5.036380
0.245000	-5.056930
0.246000	-5.077490
0.247000	-5.139160
0.248000	-5.139160
0.249000	-5.118600
0.250000	-5.139160
0.251000	-5.940870
0.252000	-6.824800
0.253000	-5.591410
0.254000	-3.761870
0.255000	-3.001270
0.256000	-3.741310
0.257000	-4.316890
0.258000	-3.062940
0.259000	-1.397850
0.260000	-0.657813
0.261000	-2.199560
0.262000	-4.707470
0.263000	-5.262500
0.264000	-4.337450
