0.000000	0.061670
0.001000	0.082227
0.002000	0.082227
0.003000	0.102783
0.004000	0.143896
0.005000	0.102783
0.006000	0.061670
0.007000	0.041113
0.008000	0.102783
0.009000	0.123340
0.010000	0.123340
0.011000	0.123340
0.012000	0.082227
0.013000	0.123340
0.014000	0.123340
0.015000	0.102783
0.016000	0.102783
0.017000	0.082227
0.018000	0.102783
0.019000	0.102783
0.020000	0.061670
0.021000	0.082227
0.022000	0.082227
0.023000	0.143896
0.024000	0.205566
0.025000	0.226123
0.026000	0.143896
0.027000	0.102783
0.028000	0.000000
0.029000	-0.061670
0.030000	-0.061670
0.031000	0.000000
0.032000	0.000000
0.033000	0.041113
0.034000	0.020557
0.035000	0.000000
0.036000	-0.041113
0.037000	-0.041113
0.038000	-0.061670
0.039000	-0.082227
0.040000	-0.061670
0.041000	-0.061670
0.042000	0.000000
0.043000	0.041113
0.044000	0.020557
0.045000	0.041113
0.046000	0.061670
0.047000	0.082227
0.048000	0.061670
0.049000	0.000000
0.050000	-0.123340
0.051000	-0.102783
0.052000	-0.041113
0.053000	0.082227
0.054000	0.102783
0.055000	0.102783
0.056000	0.102783
0.057000	0.123340
0.058000	0.164453
0.059000	0.185010
0.060000	0.164453
0.061000	0.143896
0.062000	0.123340
0.063000	0.143896
0.064000	0.164453
0.065000	0.205566
0.066000	0.267236
0.067000	0.267236
0.068000	0.246680
0.069000	0.267236
0.070000	0.246680
0.071000	0.308350
0.072000	0.370020
0.073000	0.349463
0.074000	0.349463
0.075000	0.349463
0.076000	0.349463
0.077000	0.390576
0.078000	0.411133
0.079000	0.411133
0.080000	0.390576
0.081000	0.390576
0.082000	0.287793
0.083000	0.226123
0.084000	0.164453
0.085000	0.143896
0.086000	0.102783
0.087000	0.020557
0.088000	0.000000
0.089000	-0.061670
0.090000	-0.123340
0.091000	-0.205566
0.092000	-0.267236
0.093000	-0.308350
0.094000	-0.411133
0.095000	-0.493359
0.096000	-0.575586
0.097000	-0.534473
0.098000	-0.472803
0.099000	-0.411133
0.100000	-0.370020
0.101000	-0.390576
0.102000	-0.390576
0.103000	-0.390576
0.104000	-0.411133
0.105000	-0.411133
0.106000	-0.370020
0.107000	-0.308350
0.108000	-0.246680
0.109000	-0.185010
0.110000	-0.143896
0.111000	-0.041113
0.112000	0.000000
0.113000	0.041113
0.114000	0.082227
0.115000	0.102783
0.116000	0.164453
0.117000	0.287793
0.118000	0.328906
0.119000	0.390576
0.120000	0.411133
0.121000	0.390576
0.122000	0.411133
0.123000	0.431689
0.124000	0.411133
0.125000	0.349463
0.126000	0.205566
0.127000	0.102783
0.128000	0.061670
0.129000	0.020557
0.130000	-0.082227
0.131000	-0.143896
0.132000	0.000000
0.133000	0.164453
0.134000	0.390576
0.135000	0.616699
0.136000	0.822266
0.137000	1.027830
0.138000	1.274510
0.139000	1.438960
0.140000	1.459520
0.141000	1.356740
0.142000	1.089500
0.143000	0.822266
0.144000	0.616699
0.145000	0.472803
0.146000	0.452246
0.147000	0.390576
0.148000	0.452246
0.149000	0.925049
0.150000	1.356740
0.151000	1.665090
0.152000	1.808980
0.153000	1.726760
0.154000	1.521190
0.155000	1.356740
0.156000	1.356740
0.157000	1.418410
0.158000	1.336180
0.159000	1.130620
0.160000	0.822266
0.161000	0.534473
0.162000	0.370020
0.163000	0.513916
0.164000	0.678369
0.165000	0.781152
0.166000	0.842822
0.167000	0.925049
0.168000	0.966162
0.169000	1.007280
0.170000	1.027830
0.171000	1.027830
0.172000	1.048390
0.173000	1.048390
0.174000	1.068950
0.175000	1.048390
0.176000	0.945605
0.177000	0.863379
0.178000	0.781152
0.179000	0.842822
0.180000	0.883936
0.181000	0.986719
0.182000	1.130620
0.183000	1.233400
0.184000	1.192290
0.185000	1.151170
0.186000	1.192290
0.187000	1.233400
0.188000	1.253960
0.189000	1.253960
0.190000	1.253960
0.191000	1.171730
0.192000	1.048390
0.193000	0.925049
0.194000	0.883936
0.195000	0.822266
0.196000	0.883936
0.197000	0.904492
0.198000	0.966162
0.199000	1.089500
0.200000	1.068950
0.201000	0.986719
0.202000	0.986719
0.203000	0.986719
0.204000	1.007280
0.205000	1.027830
0.206000	1.110060
0.207000	1.171730
0.208000	1.151170
0.209000	1.151170
0.210000	1.192290
0.211000	1.274510
0.212000	1.377290
0.213000	1.438960
0.214000	1.459520
0.215000	1.480080
0.216000	1.541750
0.217000	1.603420
0.218000	1.644530
0.219000	1.644530
0.220000	1.665090
0.221000	1.665090
0.222000	1.665090
0.223000	1.644530
0.224000	1.623970
0.225000	1.644530
0.226000	1.726760
0.227000	1.767870
0.228000	1.788430
0.229000	1.788430
0.230000	1.808980
0.231000	1.829540
0.232000	1.788430
0.233000	1.767870
0.234000	1.767870
0.235000	1.829540
0.236000	1.829540
0.237000	1.808980
0.238000	1.726760
0.239000	1.685640
0.240000	1.665090
0.241000	1.665090
0.242000	1.644530
0.243000	1.644530
0.244000	1.644530
0.245000	1.562300
0.246000	1.747310
0.247000	2.240670
0.248000	2.405130
0.249000	2.322900
0.250000	2.158450
0.251000	1.562300
0.252000	0.863379
0.253000	1.212840
0.254000	1.973440
0.255000	2.240670
0.256000	2.179000
0.257000	2.487350
0.258000	2.569580
0.259000	2.384570
0.260000	2.261230
0.261000	2.405130
0.262000	2.507910
0.263000	2.713480
0.264000	3.371290
