0.000000	0.951327
0.001000	0.145664
0.002000	0.145664
0.003000	0.145664
0.004000	0.145664
0.005000	0.145664
0.006000	0.145664
0.007000	-0.660000
0.008000	0.145664
0.009000	0.145664
0.010000	0.145664
0.011000	0.145664
0.012000	0.951327
0.013000	0.145664
0.014000	0.951327
0.015000	0.145664
0.016000	0.145664
0.017000	0.145664
0.018000	-0.660000
0.019000	0.145664
0.020000	0.145664
0.021000	-2.271330
0.022000	-2.271330
0.023000	-3.882660
0.024000	-7.105310
0.025000	-9.522310
0.026000	-9.522310
0.027000	-11.133600
0.028000	-9.522310
0.029000	-6.299650
0.030000	-6.299650
0.031000	-3.882660
0.032000	-3.076990
0.033000	-1.465660
0.034000	-2.271330
0.035000	-0.660000
0.036000	-1.465660
0.037000	-4.688320
0.038000	-3.076990
0.039000	-4.688320
0.040000	-7.105310
0.041000	-7.105310
0.042000	-6.299650
0.043000	-5.493980
0.044000	-3.882660
0.045000	-1.465660
0.046000	-1.465660
0.047000	-0.660000
0.048000	0.145664
0.049000	-1.465660
0.050000	-2.271330
0.051000	-1.465660
0.052000	-3.076990
0.053000	-2.271330
0.054000	-2.271330
0.055000	-2.271330
0.056000	-0.660000
0.057000	-1.465660
0.058000	-0.660000
0.059000	0.951327
0.060000	0.145664
0.061000	0.145664
0.062000	0.951327
0.063000	0.145664
0.064000	0.145664
0.065000	-0.660000
0.066000	-0.660000
0.067000	-0.660000
0.068000	-0.660000
0.069000	-0.660000
0.070000	-0.660000
0.071000	-1.465660
0.072000	0.145664
0.073000	-1.465660
0.074000	-1.465660
0.075000	-1.465660
0.076000	-0.660000
0.077000	-0.660000
0.078000	-1.465660
0.079000	-1.465660
0.080000	-1.465660
0.081000	-2.271330
0.082000	-2.271330
0.083000	-1.465660
0.084000	-0.660000
0.085000	0.951327
0.086000	0.145664
0.087000	0.145664
0.088000	-0.660000
0.089000	-1.465660
0.090000	0.145664
0.091000	0.145664
0.092000	0.145664
0.093000	0.145664
0.094000	1.756990
0.095000	0.951327
0.096000	0.145664
0.097000	0.951327
0.098000	2.562660
0.099000	2.562660
0.100000	4.173980
0.101000	4.173980
0.102000	3.368320
0.103000	4.173980
0.104000	4.173980
0.105000	3.368320
0.106000	4.173980
0.107000	4.173980
0.108000	4.173980
0.109000	3.368320
0.110000	1.756990
0.111000	1.756990
0.112000	0.951327
0.113000	0.951327
0.114000	1.756990
0.115000	0.951327
0.116000	0.951327
0.117000	1.756990
0.118000	1.756990
0.119000	1.756990
0.120000	0.145664
0.121000	0.145664
0.122000	0.145664
0.123000	-0.660000
0.124000	-3.076990
0.125000	-3.076990
0.126000	-2.271330
0.127000	-2.271330
0.128000	-3.076990
0.129000	-4.688320
0.130000	-4.688320
0.131000	-7.105310
0.132000	-7.910980
0.133000	-8.716640
0.134000	-11.133600
0.135000	-10.328000
0.136000	-7.910980
0.137000	-7.910980
0.138000	-3.882660
0.139000	0.145664
0.140000	2.562660
0.141000	3.368320
0.142000	5.785310
0.143000	3.368320
0.144000	3.368320
0.145000	0.145664
0.146000	-2.271330
0.147000	-6.299650
0.148000	-9.522310
0.149000	-12.745000
0.150000	-17.578899
0.151000	-17.578899
0.152000	-11.939300
0.153000	-4.688320
0.154000	0.145664
0.155000	5.785310
0.156000	8.202310
0.157000	7.396640
0.158000	7.396640
0.159000	4.979650
0.160000	2.562660
0.161000	0.951327
0.162000	-5.493980
0.163000	-8.716640
0.164000	-11.133600
0.165000	-11.939300
0.166000	-11.133600
0.167000	-7.910980
0.168000	-4.688320
0.169000	-1.465660
0.170000	0.951327
0.171000	1.756990
0.172000	0.145664
0.173000	0.145664
0.174000	-1.465660
0.175000	-3.076990
0.176000	-5.493980
0.177000	-7.910980
0.178000	-9.522310
0.179000	-9.522310
0.180000	-7.910980
0.181000	-7.910980
0.182000	-7.105310
0.183000	-7.105310
0.184000	-7.105310
0.185000	-6.299650
0.186000	-5.493980
0.187000	-7.105310
0.188000	-7.910980
0.189000	-8.716640
0.190000	-11.133600
0.191000	-10.328000
0.192000	-9.522310
0.193000	-8.716640
0.194000	-9.522310
0.195000	-8.716640
0.196000	-8.716640
0.197000	-7.910980
0.198000	-8.716640
0.199000	-7.910980
0.200000	-7.105310
0.201000	-8.716640
0.202000	-8.716640
0.203000	-9.522310
0.204000	-10.328000
0.205000	-11.133600
0.206000	-11.133600
0.207000	-10.328000
0.208000	-11.133600
0.209000	-9.522310
0.210000	-10.328000
0.211000	-9.522310
0.212000	-8.716640
0.213000	-9.522310
0.214000	-9.522310
0.215000	-9.522310
0.216000	-11.133600
0.217000	-10.328000
0.218000	-11.133600
0.219000	-11.939300
0.220000	-10.328000
0.221000	-10.328000
0.222000	-10.328000
0.223000	-10.328000
0.224000	-10.328000
0.225000	-9.522310
0.226000	-10.328000
0.227000	-9.522310
0.228000	-10.328000
0.229000	-10.328000
0.230000	-11.133600
0.231000	-11.133600
0.232000	-11.133600
0.233000	-11.133600
0.234000	-10.328000
0.235000	-9.522310
0.236000	-11.133600
0.237000	-10.328000
0.238000	-11.133600
0.239000	-11.133600
0.240000	-10.328000
0.241000	-10.328000
0.242000	-11.133600
0.243000	-8.716640
0.244000	-10.328000
0.245000	-15.162000
0.246000	-14.356300
0.247000	-11.133600
0.248000	-15.162000
0.249000	-10.328000
0.250000	-7.105310
0.251000	-16.773300
0.252000	-21.607300
0.253000	-16.773300
0.254000	-14.356300
0.255000	-8.716640
0.256000	-7.910980
0.257000	-9.522310
0.258000	-12.745000
0.259000	-18.384600
0.260000	-16.773300
0.261000	-10.328000
0.262000	-8.716640
0.263000	-8.716640
0.264000	-10.328000
