0.000000	10.124300
0.001000	12.004200
0.002000	10.124300
0.003000	10.124300
0.004000	10.124300
0.005000	10.124300
0.006000	8.244410
0.007000	12.004200
0.008000	10.124300
0.009000	8.244410
0.010000	10.124300
0.011000	10.124300
0.012000	8.244410
0.013000	8.244410
0.014000	12.004200
0.015000	10.124300
0.016000	12.004200
0.017000	10.124300
0.018000	13.884100
0.019000	12.004200
0.020000	15.763900
0.021000	17.643801
0.022000	19.523701
0.023000	23.283501
0.024000	27.043200
0.025000	25.163401
0.026000	23.283501
0.027000	21.403601
0.028000	15.763900
0.029000	15.763900
0.030000	13.884100
0.031000	8.244410
0.032000	12.004200
0.033000	13.884100
0.034000	17.643801
0.035000	21.403601
0.036000	19.523701
0.037000	21.403601
0.038000	19.523701
0.039000	17.643801
0.040000	13.884100
0.041000	12.004200
0.042000	10.124300
0.043000	8.244410
0.044000	12.004200
0.045000	12.004200
0.046000	13.884100
0.047000	15.763900
0.048000	15.763900
0.049000	13.884100
0.050000	15.763900
0.051000	13.884100
0.052000	10.124300
0.053000	10.124300
0.054000	12.004200
0.055000	10.124300
0.056000	12.004200
0.057000	10.124300
0.058000	10.124300
0.059000	12.004200
0.060000	13.884100
0.061000	13.884100
0.062000	13.884100
0.063000	13.884100
0.064000	13.884100
0.065000	15.763900
0.066000	15.763900
0.067000	13.884100
0.068000	12.004200
0.069000	12.004200
0.070000	13.884100
0.071000	13.884100
0.072000	13.884100
0.073000	12.004200
0.074000	12.004200
0.075000	12.004200
0.076000	13.884100
0.077000	13.884100
0.078000	13.884100
0.079000	13.884100
0.080000	12.004200
0.081000	12.004200
0.082000	10.124300
0.083000	12.004200
0.084000	10.124300
0.085000	12.004200
0.086000	10.124300
0.087000	15.763900
0.088000	15.763900
0.089000	19.523701
0.090000	17.643801
0.091000	19.523701
0.092000	17.643801
0.093000	17.643801
0.094000	17.643801
0.095000	13.884100
0.096000	15.763900
0.097000	15.763900
0.098000	15.763900
0.099000	19.523701
0.100000	17.643801
0.101000	19.523701
0.102000	23.283501
0.103000	19.523701
0.104000	19.523701
0.105000	21.403601
0.106000	19.523701
0.107000	19.523701
0.108000	21.403601
0.109000	21.403601
0.110000	21.403601
0.111000	21.403601
0.112000	25.163401
0.113000	25.163401
0.114000	27.043200
0.115000	25.163401
0.116000	25.163401
0.117000	23.283501
0.118000	27.043200
0.119000	23.283501
0.120000	25.163401
0.121000	25.163401
0.122000	30.802999
0.123000	25.163401
0.124000	27.043200
0.125000	27.043200
0.126000	25.163401
0.127000	25.163401
0.128000	19.523701
0.129000	15.763900
0.130000	12.004200
0.131000	12.004200
0.132000	4.484650
0.133000	0.724882
0.134000	8.244410
0.135000	2.604760
0.136000	10.124300
0.137000	21.403601
0.138000	25.163401
0.139000	34.562801
0.140000	40.202400
0.141000	38.322498
0.142000	42.082298
0.143000	36.442699
0.144000	30.802999
0.145000	27.043200
0.146000	15.763900
0.147000	13.884100
0.148000	12.004200
0.149000	-4.914760
0.150000	6.364530
0.151000	15.763900
0.152000	19.523701
0.153000	17.643801
0.154000	23.283501
0.155000	32.682899
0.156000	28.923100
0.157000	25.163401
0.158000	25.163401
0.159000	23.283501
0.160000	19.523701
0.161000	12.004200
0.162000	15.763900
0.163000	13.884100
0.164000	15.763900
0.165000	21.403601
0.166000	21.403601
0.167000	21.403601
0.168000	23.283501
0.169000	21.403601
0.170000	25.163401
0.171000	21.403601
0.172000	19.523701
0.173000	21.403601
0.174000	19.523701
0.175000	19.523701
0.176000	21.403601
0.177000	21.403601
0.178000	19.523701
0.179000	23.283501
0.180000	21.403601
0.181000	23.283501
0.182000	21.403601
0.183000	21.403601
0.184000	19.523701
0.185000	17.643801
0.186000	21.403601
0.187000	19.523701
0.188000	21.403601
0.189000	21.403601
0.190000	23.283501
0.191000	23.283501
0.192000	21.403601
0.193000	19.523701
0.194000	23.283501
0.195000	21.403601
0.196000	21.403601
0.197000	19.523701
0.198000	21.403601
0.199000	21.403601
0.200000	19.523701
0.201000	19.523701
0.202000	21.403601
0.203000	19.523701
0.204000	19.523701
0.205000	21.403601
0.206000	23.283501
0.207000	21.403601
0.208000	23.283501
0.209000	19.523701
0.210000	19.523701
0.211000	19.523701
0.212000	19.523701
0.213000	21.403601
0.214000	19.523701
0.215000	19.523701
0.216000	17.643801
0.217000	21.403601
0.218000	21.403601
0.219000	19.523701
0.220000	23.283501
0.221000	17.643801
0.222000	19.523701
0.223000	19.523701
0.224000	21.403601
0.225000	17.643801
0.226000	21.403601
0.227000	23.283501
0.228000	23.283501
0.229000	19.523701
0.230000	21.403601
0.231000	23.283501
0.232000	19.523701
0.233000	21.403601
0.234000	21.403601
0.235000	17.643801
0.236000	17.643801
0.237000	21.403601
0.238000	21.403601
0.239000	19.523701
0.240000	23.283501
0.241000	17.643801
0.242000	21.403601
0.243000	34.562801
0.244000	8.244410
0.245000	17.643801
0.246000	32.682899
0.247000	6.364530
0.248000	19.523701
0.249000	32.682899
0.250000	13.884100
0.251000	-1.155000
0.252000	34.562801
0.253000	17.643801
0.254000	6.364530
0.255000	21.403601
0.256000	27.043200
0.257000	10.124300
0.258000	13.884100
0.259000	27.043200
0.260000	12.004200
0.261000	19.523701
0.262000	15.763900
0.263000	21.403601
0.264000	10.124300
