0.000000	0.041651
0.001000	-0.001024
0.002000	-0.001024
0.003000	-0.001024
0.004000	0.041651
0.005000	-0.001024
0.006000	-0.001024
0.007000	0.041651
0.008000	-0.001024
0.009000	-0.001024
0.010000	0.041651
0.011000	-0.001024
0.012000	0.041651
0.013000	0.041651
0.014000	-0.001024
0.015000	-0.001024
0.016000	-0.001024
0.017000	-0.001024
0.018000	-0.086376
0.019000	-0.086376
0.020000	-0.171727
0.021000	-0.214403
0.022000	-0.427782
0.023000	-0.641161
0.024000	-0.769188
0.025000	-0.897216
0.026000	-1.110590
0.027000	-0.982567
0.028000	-0.897216
0.029000	-0.811864
0.030000	-0.470458
0.031000	-0.214403
0.032000	-0.257079
0.033000	-0.001024
0.034000	0.169679
0.035000	-0.043700
0.036000	-0.086376
0.037000	-0.043700
0.038000	-0.342430
0.039000	-0.470458
0.040000	-0.427782
0.041000	-0.598485
0.042000	-0.555809
0.043000	-0.299755
0.044000	-0.171727
0.045000	-0.043700
0.046000	0.212355
0.047000	0.212355
0.048000	0.212355
0.049000	0.212355
0.050000	0.041651
0.051000	-0.043700
0.052000	-0.086376
0.053000	-0.129052
0.054000	-0.086376
0.055000	-0.001024
0.056000	-0.001024
0.057000	0.084327
0.058000	0.127003
0.059000	0.169679
0.060000	0.169679
0.061000	0.255030
0.062000	0.255030
0.063000	0.297706
0.064000	0.255030
0.065000	0.212355
0.066000	0.169679
0.067000	0.212355
0.068000	0.169679
0.069000	0.212355
0.070000	0.212355
0.071000	0.255030
0.072000	0.297706
0.073000	0.297706
0.074000	0.340382
0.075000	0.340382
0.076000	0.511085
0.077000	0.511085
0.078000	0.468409
0.079000	0.468409
0.080000	0.468409
0.081000	0.468409
0.082000	0.553761
0.083000	0.681788
0.084000	0.809816
0.085000	0.895167
0.086000	0.980519
0.087000	1.065870
0.088000	1.151220
0.089000	1.193900
0.090000	1.321930
0.091000	1.449950
0.092000	1.577980
0.093000	1.706010
0.094000	1.791360
0.095000	1.919390
0.096000	2.090090
0.097000	2.260790
0.098000	2.474170
0.099000	2.644870
0.100000	2.858250
0.101000	3.028960
0.102000	3.156980
0.103000	3.199660
0.104000	3.327690
0.105000	3.455710
0.106000	3.626420
0.107000	3.669090
0.108000	3.754440
0.109000	3.797120
0.110000	3.797120
0.111000	3.839800
0.112000	3.882470
0.113000	4.053180
0.114000	4.138530
0.115000	4.309230
0.116000	4.351910
0.117000	4.437260
0.118000	4.522610
0.119000	4.565280
0.120000	4.607960
0.121000	4.650640
0.122000	4.565280
0.123000	4.607960
0.124000	4.607960
0.125000	4.607960
0.126000	4.650640
0.127000	4.735990
0.128000	4.735990
0.129000	4.778660
0.130000	4.607960
0.131000	4.778660
0.132000	4.650640
0.133000	4.479930
0.134000	4.821340
0.135000	4.906690
0.136000	5.120070
0.137000	5.888230
0.138000	6.272320
0.139000	6.827100
0.140000	7.424560
0.141000	7.637940
0.142000	7.808640
0.143000	7.936670
0.144000	7.680620
0.145000	7.467240
0.146000	7.083160
0.147000	6.699070
0.148000	6.229640
0.149000	5.760210
0.150000	5.845560
0.151000	6.357670
0.152000	6.955130
0.153000	7.765970
0.154000	8.704840
0.155000	9.302300
0.156000	9.771730
0.157000	9.942430
0.158000	9.899760
0.159000	9.857080
0.160000	9.601030
0.161000	9.174270
0.162000	8.918210
0.163000	8.662160
0.164000	8.448780
0.165000	8.662160
0.166000	9.003570
0.167000	9.344970
0.168000	9.942430
0.169000	10.411900
0.170000	10.667900
0.171000	10.966700
0.172000	11.009300
0.173000	10.966700
0.174000	10.924000
0.175000	10.753300
0.176000	10.539900
0.177000	10.454500
0.178000	10.411900
0.179000	10.497200
0.180000	10.667900
0.181000	10.924000
0.182000	11.180000
0.183000	11.393400
0.184000	11.564100
0.185000	11.692100
0.186000	11.777500
0.187000	11.820200
0.188000	11.820200
0.189000	11.820200
0.190000	11.862800
0.191000	11.905500
0.192000	11.990900
0.193000	12.118900
0.194000	12.332300
0.195000	12.503000
0.196000	12.631000
0.197000	12.673700
0.198000	12.887100
0.199000	12.972400
0.200000	13.015100
0.201000	13.143100
0.202000	13.185800
0.203000	13.143100
0.204000	13.271100
0.205000	13.271100
0.206000	13.356500
0.207000	13.484500
0.208000	13.612600
0.209000	13.783300
0.210000	13.954000
0.211000	14.039300
0.212000	14.167300
0.213000	14.252700
0.214000	14.338000
0.215000	14.380700
0.216000	14.380700
0.217000	14.423400
0.218000	14.508700
0.219000	14.594100
0.220000	14.679400
0.221000	14.807500
0.222000	14.978200
0.223000	15.063500
0.224000	15.276900
0.225000	15.362300
0.226000	15.404900
0.227000	15.490300
0.228000	15.533000
0.229000	15.618300
0.230000	15.661000
0.231000	15.703700
0.232000	15.789000
0.233000	15.874400
0.234000	16.002399
0.235000	16.045099
0.236000	16.130400
0.237000	16.173100
0.238000	16.215799
0.239000	16.258400
0.240000	16.258400
0.241000	16.087700
0.242000	16.215799
0.243000	15.959700
0.244000	15.148900
0.245000	15.618300
0.246000	15.234200
0.247000	14.466100
0.248000	15.063500
0.249000	14.508700
0.250000	13.527200
0.251000	13.868600
0.252000	13.783300
0.253000	13.697900
0.254000	14.039300
0.255000	14.124700
0.256000	14.338000
0.257000	14.338000
0.258000	13.868600
0.259000	14.210000
0.260000	14.295400
0.261000	14.039300
0.262000	14.124700
0.263000	13.954000
0.264000	13.228500
