0.000000	-0.034824
0.001000	-0.034824
0.002000	-0.034824
0.003000	-0.034824
0.004000	0.000000
0.005000	0.000000
0.006000	-0.034824
0.007000	0.034824
0.008000	0.069648
0.009000	0.034824
0.010000	-0.034824
0.011000	0.069648
0.012000	0.034824
0.013000	0.069648
0.014000	0.034824
0.015000	0.000000
0.016000	-0.069648
0.017000	0.034824
0.018000	-0.034824
0.019000	0.034824
0.020000	0.034824
0.021000	0.104473
0.022000	0.139297
0.023000	0.104473
0.024000	0.069648
0.025000	0.034824
0.026000	-0.034824
0.027000	-0.069648
0.028000	-0.104473
0.029000	-0.139297
0.030000	-0.174121
0.031000	-0.174121
0.032000	-0.139297
0.033000	-0.174121
0.034000	-0.139297
0.035000	-0.243770
0.036000	-0.243770
0.037000	-0.313418
0.038000	-0.417891
0.039000	-0.452715
0.040000	-0.452715
0.041000	-0.348242
0.042000	-0.208945
0.043000	0.069648
0.044000	0.348242
0.045000	0.661660
0.046000	0.731309
0.047000	0.626836
0.048000	0.383066
0.049000	0.139297
0.050000	-0.069648
0.051000	-0.069648
0.052000	-0.069648
0.053000	-0.104473
0.054000	-0.243770
0.055000	-0.417891
0.056000	-0.487539
0.057000	-0.417891
0.058000	-0.174121
0.059000	0.034824
0.060000	0.243770
0.061000	0.348242
0.062000	0.278594
0.063000	0.174121
0.064000	0.034824
0.065000	-0.069648
0.066000	-0.208945
0.067000	-0.243770
0.068000	-0.278594
0.069000	-0.348242
0.070000	-0.348242
0.071000	-0.278594
0.072000	-0.208945
0.073000	-0.174121
0.074000	-0.104473
0.075000	-0.069648
0.076000	-0.069648
0.077000	-0.069648
0.078000	-0.034824
0.079000	-0.034824
0.080000	0.000000
0.081000	0.104473
0.082000	0.174121
0.083000	0.243770
0.084000	0.383066
0.085000	0.417891
0.086000	0.487539
0.087000	0.557187
0.088000	0.592012
0.089000	0.661660
0.090000	0.696484
0.091000	0.661660
0.092000	0.487539
0.093000	0.348242
0.094000	0.243770
0.095000	0.104473
0.096000	0.000000
0.097000	-0.104473
0.098000	-0.139297
0.099000	-0.139297
0.100000	-0.104473
0.101000	-0.139297
0.102000	-0.104473
0.103000	-0.034824
0.104000	-0.034824
0.105000	-0.034824
0.106000	-0.034824
0.107000	-0.278594
0.108000	-0.522363
0.109000	-0.278594
0.110000	-0.383066
0.111000	-0.069648
0.112000	0.139297
0.113000	0.139297
0.114000	0.208945
0.115000	0.417891
0.116000	0.557187
0.117000	0.731309
0.118000	0.696484
0.119000	0.487539
0.120000	0.243770
0.121000	0.034824
0.122000	-0.174121
0.123000	-0.348242
0.124000	0.592012
0.125000	0.139297
0.126000	0.383066
0.127000	0.208945
0.128000	0.766133
0.129000	1.009900
0.130000	0.766133
0.131000	0.696484
0.132000	0.487539
0.133000	0.452715
0.134000	0.104473
0.135000	0.139297
0.136000	0.069648
0.137000	0.139297
0.138000	-0.069648
0.139000	-0.278594
0.140000	-0.417891
0.141000	-0.208945
0.142000	0.034824
0.143000	0.313418
0.144000	0.592012
0.145000	0.661660
0.146000	0.522363
0.147000	0.417891
0.148000	0.348242
0.149000	0.243770
0.150000	0.104473
0.151000	0.034824
0.152000	-0.069648
0.153000	-0.104473
0.154000	-0.069648
0.155000	0.069648
0.156000	0.313418
0.157000	0.487539
0.158000	0.766133
0.159000	0.870605
0.160000	0.870605
0.161000	0.870605
0.162000	0.766133
0.163000	0.661660
0.164000	0.661660
0.165000	0.557187
0.166000	0.383066
0.167000	0.313418
0.168000	0.208945
0.169000	0.139297
0.170000	0.034824
0.171000	0.208945
0.172000	0.208945
0.173000	0.313418
0.174000	0.383066
0.175000	0.417891
0.176000	0.487539
0.177000	0.487539
0.178000	0.452715
0.179000	0.452715
0.180000	0.487539
0.181000	0.487539
0.182000	0.487539
0.183000	0.452715
0.184000	0.487539
0.185000	0.452715
0.186000	0.522363
0.187000	0.626836
0.188000	0.731309
0.189000	0.661660
0.190000	0.731309
0.191000	0.661660
0.192000	0.661660
0.193000	0.800957
0.194000	0.835781
0.195000	0.905430
0.196000	0.905430
0.197000	0.940254
0.198000	0.975078
0.199000	1.009900
0.200000	1.009900
0.201000	0.975078
0.202000	0.975078
0.203000	0.975078
0.204000	0.870605
0.205000	0.870605
0.206000	0.800957
0.207000	0.800957
0.208000	0.766133
0.209000	0.696484
0.210000	0.731309
0.211000	0.696484
0.212000	0.766133
0.213000	0.835781
0.214000	0.975078
0.215000	0.975078
0.216000	0.975078
0.217000	0.975078
0.218000	1.009900
0.219000	0.975078
0.220000	0.975078
0.221000	1.044730
0.222000	1.044730
0.223000	1.044730
0.224000	1.184020
0.225000	1.079550
0.226000	1.184020
0.227000	1.184020
0.228000	1.149200
0.229000	1.184020
0.230000	1.288500
0.231000	1.358140
0.232000	1.497440
0.233000	1.532270
0.234000	1.497440
0.235000	1.253670
0.236000	1.184020
0.237000	0.661660
0.238000	0.766133
0.239000	0.661660
0.240000	1.184020
0.241000	1.392970
0.242000	1.636740
0.243000	1.288500
0.244000	1.462620
0.245000	1.636740
0.246000	2.019800
0.247000	1.915330
0.248000	1.776040
0.249000	1.427790
0.250000	1.149200
0.251000	1.079550
0.252000	1.288500
0.253000	1.741210
0.254000	1.950160
0.255000	1.880510
0.256000	1.532270
0.257000	1.218850
0.258000	1.253670
0.259000	1.532270
0.260000	1.915330
0.261000	2.228750
0.262000	2.228750
0.263000	2.054630
0.264000	1.776040
0.265000	2.054630
0.266000	2.368050
0.267000	2.402870
0.268000	2.193930
0.269000	2.019800
0.270000	1.741210
0.271000	1.671560
0.272000	1.532270
0.273000	1.532270
0.274000	1.462620
0.275000	1.323320
0.276000	1.288500
0.277000	1.427790
0.278000	1.636740
0.279000	1.810860
0.280000	1.950160
0.281000	1.880510
0.282000	1.741210
0.283000	1.706390
0.284000	2.472520
0.285000	3.377950
0.286000	3.412770
0.287000	2.785940
0.288000	2.263570
0.289000	1.880510
0.290000	1.984980
0.291000	2.263570
0.292000	2.716290
0.293000	2.646640
0.294000	2.228750
0.295000	1.567090
0.296000	1.323320
0.297000	1.253670
0.298000	1.532270
0.299000	1.741210
0.300000	1.845680
0.301000	1.915330
0.302000	1.880510
0.303000	1.950160
0.304000	1.845680
0.305000	1.915330
0.306000	1.950160
0.307000	2.855590
0.308000	2.576990
0.309000	2.507340
0.310000	2.472520
0.311000	1.880510
0.312000	0.975078
0.313000	0.940254
0.314000	1.184020
0.315000	1.984980
0.316000	2.368050
0.317000	2.820760
0.318000	2.646640
0.319000	2.124280
0.320000	1.636740
0.321000	1.149200
0.322000	1.323320
0.323000	1.880510
0.324000	2.542170
0.325000	2.820760
0.326000	2.785940
0.327000	2.402870
0.328000	2.089450
0.329000	2.054630
0.330000	2.333220
0.331000	2.576990
0.332000	2.437700
0.333000	2.368050
0.334000	2.263570
0.335000	2.576990
0.336000	2.994880
0.337000	3.273480
0.338000	3.029710
0.339000	2.437700
0.340000	1.950160
0.341000	1.810860
0.342000	1.915330
0.343000	2.333220
0.344000	2.646640
0.345000	2.994880
0.346000	2.785940
0.347000	2.576990
0.348000	2.368050
0.349000	2.402870
0.350000	2.716290
0.351000	2.890410
0.352000	2.960060
0.353000	2.925230
0.354000	2.890410
0.355000	2.855590
0.356000	2.925230
0.357000	2.820760
0.358000	2.646640
0.359000	2.472520
0.360000	2.368050
0.361000	2.437700
0.362000	2.437700
0.363000	2.542170
0.364000	2.507340
0.365000	2.542170
0.366000	2.437700
0.367000	2.507340
0.368000	2.507340
0.369000	2.507340
0.370000	2.507340
0.371000	2.542170
0.372000	2.576990
0.373000	2.681460
0.374000	2.925230
0.375000	3.029710
0.376000	2.994880
0.377000	2.925230
0.378000	2.855590
0.379000	2.855590
0.380000	2.925230
0.381000	3.099360
0.382000	3.064530
0.383000	3.029710
0.384000	2.890410
0.385000	2.890410
0.386000	2.890410
0.387000	3.029710
0.388000	2.994880
0.389000	3.029710
0.390000	2.890410
0.391000	2.994880
0.392000	3.099360
0.393000	3.169000
0.394000	3.238650
0.395000	3.273480
0.396000	3.134180
0.397000	3.029710
0.398000	3.099360
0.399000	3.203830
0.400000	3.203830
0.401000	3.238650
0.402000	3.064530
0.403000	3.029710
0.404000	2.960060
0.405000	3.064530
0.406000	3.099360
0.407000	3.169000
0.408000	3.238650
0.409000	3.169000
0.410000	3.203830
0.411000	3.169000
0.412000	3.203830
0.413000	3.169000
0.414000	3.134180
0.415000	3.099360
0.416000	3.029710
0.417000	3.064530
0.418000	3.134180
0.419000	3.134180
0.420000	3.099360
0.421000	3.029710
0.422000	2.785940
0.423000	2.751110
0.424000	2.890410
0.425000	3.169000
0.426000	3.343130
0.427000	3.308300
0.428000	3.238650
0.429000	3.099360
0.430000	3.029710
0.431000	3.134180
0.432000	3.238650
0.433000	3.238650
0.434000	3.377950
0.435000	3.238650
0.436000	3.203830
0.437000	3.169000
0.438000	3.169000
0.439000	3.238650
0.440000	3.273480
0.441000	3.238650
0.442000	3.203830
0.443000	3.134180
0.444000	3.029710
0.445000	3.064530
0.446000	2.960060
0.447000	3.064530
0.448000	3.238650
0.449000	3.343130
0.450000	3.308300
0.451000	3.343130
0.452000	3.238650
0.453000	3.273480
0.454000	3.238650
0.455000	3.308300
0.456000	3.273480
0.457000	3.169000
0.458000	3.064530
0.459000	3.029710
0.460000	3.064530
0.461000	3.134180
0.462000	3.169000
0.463000	3.273480
0.464000	3.238650
0.465000	3.203830
0.466000	3.134180
0.467000	3.134180
0.468000	2.960060
0.469000	2.994880
0.470000	3.064530
0.471000	3.203830
0.472000	3.169000
0.473000	3.099360
0.474000	2.994880
0.475000	2.960060
0.476000	2.994880
0.477000	3.064530
0.478000	2.994880
0.479000	2.820760
0.480000	2.716290
0.481000	2.611820
0.482000	2.646640
0.483000	2.855590
0.484000	3.029710
0.485000	3.029710
0.486000	2.960060
0.487000	2.785940
0.488000	2.716290
0.489000	2.785940
0.490000	2.960060
0.491000	3.029710
0.492000	2.960060
0.493000	2.925230
0.494000	2.925230
0.495000	2.960060
0.496000	2.820760
0.497000	2.681460
0.498000	2.576990
0.499000	2.542170
0.500000	2.507340
0.501000	2.402870
0.502000	1.915330
0.503000	1.671560
0.504000	1.706390
0.505000	1.984980
0.506000	2.193930
0.507000	2.193930
0.508000	1.845680
0.509000	1.636740
0.510000	1.706390
0.511000	2.019800
0.512000	2.368050
0.513000	2.159100
0.514000	2.054630
0.515000	1.880510
0.516000	2.124280
0.517000	2.402870
0.518000	2.646640
0.519000	2.542170
0.520000	2.368050
0.521000	2.193930
0.522000	2.298400
0.523000	2.542170
0.524000	2.646640
0.525000	2.472520
0.526000	1.880510
0.527000	1.253670
0.528000	0.905430
0.529000	1.601910
0.530000	2.263570
0.531000	2.193930
0.532000	1.009900
0.533000	-0.383066
0.534000	-0.383066
0.535000	0.313418
0.536000	1.532270
0.537000	2.368050
0.538000	2.611820
0.539000	2.437700
0.540000	2.054630
0.541000	1.810860
0.542000	1.741210
0.543000	1.810860
0.544000	1.567090
0.545000	1.392970
0.546000	1.671560
0.547000	2.089450
0.548000	2.402870
0.549000	2.333220
0.550000	2.019800
0.551000	1.532270
0.552000	1.288500
0.553000	1.984980
0.554000	2.228750
0.555000	2.402870
0.556000	2.646640
0.557000	2.611820
0.558000	2.333220
