0.000000	-0.427013
0.001000	-0.358459
0.002000	-0.358459
0.003000	-0.427013
0.004000	-0.427013
0.005000	-0.358459
0.006000	-0.427013
0.007000	-0.427013
0.008000	-0.427013
0.009000	-0.495568
0.010000	-0.427013
0.011000	-0.495568
0.012000	-0.427013
0.013000	-0.358459
0.014000	-0.358459
0.015000	-0.427013
0.016000	-0.358459
0.017000	-0.289904
0.018000	-0.221349
0.019000	-0.152795
0.020000	0.121424
0.021000	0.327088
0.022000	0.464197
0.023000	0.738416
0.024000	0.738416
0.025000	0.669862
0.026000	0.532752
0.027000	0.258533
0.028000	0.121424
0.029000	-0.015685
0.030000	-0.152795
0.031000	-0.152795
0.032000	-0.152795
0.033000	-0.221349
0.034000	-0.289904
0.035000	-0.427013
0.036000	-0.701232
0.037000	-0.701232
0.038000	-0.838342
0.039000	-0.906896
0.040000	-0.975451
0.041000	-0.975451
0.042000	-1.249670
0.043000	-1.592440
0.044000	-1.866660
0.045000	-2.277990
0.046000	-2.757870
0.047000	-3.100650
0.048000	-3.306310
0.049000	-3.649080
0.050000	-3.923300
0.051000	-3.991860
0.052000	-4.060410
0.053000	-4.128970
0.054000	-4.128970
0.055000	-3.991860
0.056000	-3.991860
0.057000	-3.991860
0.058000	-4.060410
0.059000	-4.266080
0.060000	-4.608850
0.061000	-4.883070
0.062000	-5.225840
0.063000	-5.568620
0.064000	-5.911390
0.065000	-6.048500
0.066000	-6.048500
0.067000	-6.048500
0.068000	-5.911390
0.069000	-5.705720
0.070000	-5.637170
0.071000	-5.568620
0.072000	-5.568620
0.073000	-5.774280
0.074000	-5.911390
0.075000	-6.185610
0.076000	-6.596940
0.077000	-6.939710
0.078000	-7.213930
0.079000	-7.488150
0.080000	-7.762370
0.081000	-7.899470
0.082000	-7.899470
0.083000	-7.968030
0.084000	-7.830920
0.085000	-7.762370
0.086000	-7.625260
0.087000	-7.625260
0.088000	-7.625260
0.089000	-7.830920
0.090000	-7.968030
0.091000	-8.242250
0.092000	-8.516470
0.093000	-8.722130
0.094000	-9.064900
0.095000	-9.270570
0.096000	-9.407680
0.097000	-9.407680
0.098000	-9.407680
0.099000	-9.339120
0.100000	-9.407680
0.101000	-9.270570
0.102000	-9.339120
0.103000	-9.407680
0.104000	-9.544790
0.105000	-9.750450
0.106000	-9.819010
0.107000	-9.819010
0.108000	-9.887560
0.109000	-10.093200
0.110000	-9.750450
0.111000	-9.819010
0.112000	-9.887560
0.113000	-9.956120
0.114000	-9.681900
0.115000	-9.750450
0.116000	-9.819010
0.117000	-9.819010
0.118000	-9.750450
0.119000	-9.887560
0.120000	-10.024700
0.121000	-10.230300
0.122000	-9.476230
0.123000	-9.407680
0.124000	-8.996350
0.125000	-9.476230
0.126000	-8.790690
0.127000	-8.927790
0.128000	-9.064900
0.129000	-9.750450
0.130000	-9.613340
0.131000	-10.024700
0.132000	-10.298900
0.133000	-10.778800
0.134000	-10.847300
0.135000	-10.915900
0.136000	-11.190100
0.137000	-11.053000
0.138000	-10.984400
0.139000	-10.847300
0.140000	-10.984400
0.141000	-10.915900
0.142000	-11.121500
0.143000	-11.258700
0.144000	-11.670000
0.145000	-11.807100
0.146000	-12.218400
0.147000	-12.355500
0.148000	-12.698300
0.149000	-12.904000
0.150000	-12.904000
0.151000	-12.835400
0.152000	-12.698300
0.153000	-12.698300
0.154000	-12.355500
0.155000	-12.287000
0.156000	-12.218400
0.157000	-12.424100
0.158000	-12.561200
0.159000	-12.835400
0.160000	-13.109600
0.161000	-13.383800
0.162000	-13.589500
0.163000	-13.795200
0.164000	-13.795200
0.165000	-13.863700
0.166000	-13.863700
0.167000	-13.795200
0.168000	-13.726600
0.169000	-13.658100
0.170000	-13.795200
0.171000	-13.863700
0.172000	-13.932300
0.173000	-14.206500
0.174000	-14.412200
0.175000	-14.617800
0.176000	-14.686400
0.177000	-14.960600
0.178000	-14.823500
0.179000	-14.960600
0.180000	-14.960600
0.181000	-15.029200
0.182000	-14.960600
0.183000	-15.029200
0.184000	-15.097700
0.185000	-15.234800
0.186000	-15.303400
0.187000	-15.509000
0.188000	-15.577600
0.189000	-15.646200
0.190000	-15.646200
0.191000	-15.646200
0.192000	-15.509000
0.193000	-15.577600
0.194000	-15.577600
0.195000	-15.714700
0.196000	-15.783300
0.197000	-15.851800
0.198000	-16.057501
0.199000	-16.194599
0.200000	-16.263100
0.201000	-16.263100
0.202000	-16.263100
0.203000	-16.331699
0.204000	-16.263100
0.205000	-16.263100
0.206000	-16.331699
0.207000	-16.400299
0.208000	-16.468800
0.209000	-16.605900
0.210000	-16.674500
0.211000	-16.880100
0.212000	-16.948700
0.213000	-17.017200
0.214000	-17.085800
0.215000	-17.085800
0.216000	-17.085800
0.217000	-17.085800
0.218000	-17.085800
0.219000	-17.085800
0.220000	-17.085800
0.221000	-17.222900
0.222000	-17.291500
0.223000	-17.428600
0.224000	-17.565701
0.225000	-17.634199
0.226000	-17.771299
0.227000	-17.771299
0.228000	-17.839899
0.229000	-17.908501
0.230000	-17.771299
0.231000	-17.702801
0.232000	-17.565701
0.233000	-17.497101
0.234000	-17.497101
0.235000	-17.154400
0.236000	-17.360001
0.237000	-16.743000
0.238000	-16.948700
0.239000	-17.085800
0.240000	-16.948700
0.241000	-16.811600
0.242000	-16.537399
0.243000	-16.674500
0.244000	-16.537399
0.245000	-16.057501
0.246000	-16.331699
0.247000	-16.468800
0.248000	-16.400299
0.249000	-16.605900
0.250000	-16.743000
0.251000	-16.674500
0.252000	-16.743000
0.253000	-16.743000
0.254000	-16.743000
0.255000	-16.811600
0.256000	-16.880100
0.257000	-17.017200
0.258000	-17.154400
0.259000	-17.154400
0.260000	-17.222900
0.261000	-17.291500
0.262000	-17.360001
0.263000	-17.497101
0.264000	-17.702801
0.265000	-16.948700
0.266000	-17.360001
0.267000	-17.291500
0.268000	-16.880100
0.269000	-17.154400
0.270000	-17.291500
0.271000	-17.085800
0.272000	-17.017200
0.273000	-17.017200
0.274000	-17.222900
0.275000	-17.154400
0.276000	-17.154400
0.277000	-17.360001
0.278000	-17.428600
0.279000	-17.360001
0.280000	-17.360001
0.281000	-17.497101
0.282000	-17.360001
0.283000	-17.085800
0.284000	-16.468800
0.285000	-16.743000
0.286000	-16.674500
0.287000	-16.263100
0.288000	-16.468800
0.289000	-16.605900
0.290000	-16.605900
0.291000	-16.331699
0.292000	-16.400299
0.293000	-16.537399
0.294000	-16.400299
0.295000	-16.468800
0.296000	-16.743000
0.297000	-16.880100
0.298000	-16.880100
0.299000	-16.948700
0.300000	-17.154400
0.301000	-17.085800
0.302000	-17.017200
0.303000	-16.948700
0.304000	-16.880100
0.305000	-16.880100
0.306000	-16.674500
0.307000	-17.497101
0.308000	-15.577600
0.309000	-16.331699
0.310000	-16.468800
0.311000	-16.194599
0.312000	-15.371900
0.313000	-15.920400
0.314000	-15.303400
0.315000	-15.577600
0.316000	-15.509000
0.317000	-15.714700
0.318000	-16.468800
0.319000	-16.605900
0.320000	-17.154400
0.321000	-17.222900
0.322000	-17.291500
0.323000	-17.017200
0.324000	-17.085800
0.325000	-16.468800
0.326000	-16.468800
0.327000	-16.263100
0.328000	-16.468800
0.329000	-16.194599
0.330000	-16.674500
0.331000	-16.743000
0.332000	-16.948700
0.333000	-17.017200
0.334000	-17.360001
0.335000	-17.222900
0.336000	-17.291500
0.337000	-17.497101
0.338000	-17.428600
0.339000	-17.634199
0.340000	-17.702801
0.341000	-17.702801
0.342000	-17.634199
0.343000	-17.497101
0.344000	-17.428600
0.345000	-17.497101
0.346000	-17.360001
0.347000	-17.565701
0.348000	-17.634199
0.349000	-17.771299
0.350000	-17.702801
0.351000	-17.839899
0.352000	-17.839899
0.353000	-18.045601
0.354000	-18.114100
0.355000	-18.251200
0.356000	-18.525499
0.357000	-18.594000
0.358000	-18.731100
0.359000	-18.799700
0.360000	-18.868200
0.361000	-18.868200
0.362000	-18.868200
0.363000	-18.799700
0.364000	-18.868200
0.365000	-18.936800
0.366000	-19.005301
0.367000	-19.142401
0.368000	-19.416700
0.369000	-19.553801
0.370000	-19.690901
0.371000	-19.759399
0.372000	-19.965099
0.373000	-19.965099
0.374000	-20.102200
0.375000	-20.033701
0.376000	-19.965099
0.377000	-20.033701
0.378000	-19.965099
0.379000	-19.965099
0.380000	-19.965099
0.381000	-20.033701
0.382000	-20.033701
0.383000	-20.102200
0.384000	-20.239300
0.385000	-20.376400
0.386000	-20.445000
0.387000	-20.445000
0.388000	-20.445000
0.389000	-20.513500
0.390000	-20.650600
0.391000	-20.719200
0.392000	-20.650600
0.393000	-20.719200
0.394000	-20.787800
0.395000	-20.924900
0.396000	-20.924900
0.397000	-20.993401
0.398000	-21.062000
0.399000	-21.130501
0.400000	-21.130501
0.401000	-21.130501
0.402000	-21.199100
0.403000	-21.336201
0.404000	-21.404699
0.405000	-21.473301
0.406000	-21.610399
0.407000	-21.679001
0.408000	-21.747499
0.409000	-21.747499
0.410000	-21.816099
0.411000	-21.816099
0.412000	-21.816099
0.413000	-21.816099
0.414000	-21.816099
0.415000	-21.816099
0.416000	-21.816099
0.417000	-21.884600
0.418000	-21.953199
0.419000	-22.090300
0.420000	-22.227400
0.421000	-22.296000
0.422000	-22.433100
0.423000	-22.433100
0.424000	-22.501600
0.425000	-22.433100
0.426000	-22.433100
0.427000	-22.501600
0.428000	-22.570200
0.429000	-22.638700
0.430000	-22.707300
0.431000	-22.707300
0.432000	-22.707300
0.433000	-22.844400
0.434000	-22.913000
0.435000	-23.050100
0.436000	-23.187201
0.437000	-23.255699
0.438000	-23.324301
0.439000	-23.324301
0.440000	-23.324301
0.441000	-23.324301
0.442000	-23.324301
0.443000	-23.324301
0.444000	-23.255699
0.445000	-23.324301
0.446000	-23.392799
0.447000	-23.461399
0.448000	-23.598499
0.449000	-23.667101
0.450000	-23.804199
0.451000	-23.804199
0.452000	-23.872700
0.453000	-23.872700
0.454000	-23.804199
0.455000	-23.804199
0.456000	-23.804199
0.457000	-23.735600
0.458000	-23.735600
0.459000	-23.872700
0.460000	-23.872700
0.461000	-24.009800
0.462000	-24.078400
0.463000	-24.146900
0.464000	-24.215500
0.465000	-24.284000
0.466000	-24.284000
0.467000	-24.215500
0.468000	-24.215500
0.469000	-24.146900
0.470000	-23.941299
0.471000	-24.009800
0.472000	-23.872700
0.473000	-23.872700
0.474000	-23.941299
0.475000	-24.078400
0.476000	-24.215500
0.477000	-24.146900
0.478000	-24.284000
0.479000	-24.352600
0.480000	-24.215500
0.481000	-24.284000
0.482000	-24.284000
0.483000	-24.215500
0.484000	-24.146900
0.485000	-24.146900
0.486000	-24.078400
0.487000	-24.078400
0.488000	-24.215500
0.489000	-24.284000
0.490000	-24.352600
0.491000	-24.489700
0.492000	-24.421200
0.493000	-24.558300
0.494000	-24.489700
0.495000	-24.421200
0.496000	-24.146900
0.497000	-24.146900
0.498000	-23.872700
0.499000	-23.529900
0.500000	-23.872700
0.501000	-23.187201
0.502000	-23.187201
0.503000	-23.050100
0.504000	-23.118601
0.505000	-22.844400
0.506000	-22.638700
0.507000	-22.090300
0.508000	-22.433100
0.509000	-22.021700
0.510000	-21.816099
0.511000	-20.719200
0.512000	-20.856300
0.513000	-20.239300
0.514000	-19.965099
0.515000	-19.759399
0.516000	-19.416700
0.517000	-19.279600
0.518000	-19.348101
0.519000	-19.348101
0.520000	-19.416700
0.521000	-19.690901
0.522000	-19.622299
0.523000	-19.279600
0.524000	-19.622299
0.525000	-19.211000
0.526000	-17.976999
0.527000	-18.799700
0.528000	-18.319799
0.529000	-17.702801
0.530000	-17.565701
0.531000	-15.714700
0.532000	-17.565701
0.533000	-16.537399
0.534000	-15.988900
0.535000	-16.605900
0.536000	-16.400299
0.537000	-16.400299
0.538000	-16.194599
0.539000	-16.743000
0.540000	-16.811600
0.541000	-16.468800
0.542000	-16.743000
0.543000	-16.331699
0.544000	-16.674500
0.545000	-16.537399
0.546000	-16.400299
0.547000	-16.605900
0.548000	-16.674500
0.549000	-16.537399
0.550000	-16.537399
0.551000	-16.674500
0.552000	-16.400299
0.553000	-14.960600
0.554000	-16.125999
0.555000	-14.892100
0.556000	-14.960600
0.557000	-14.823500
0.558000	-14.480700
