0.000000	-0.995149
0.001000	0.064421
0.002000	-2.054720
0.003000	0.064421
0.004000	-0.995149
0.005000	1.123990
0.006000	-0.995149
0.007000	1.123990
0.008000	-0.995149
0.009000	0.064421
0.010000	0.064421
0.011000	2.183560
0.012000	1.123990
0.013000	0.064421
0.014000	0.064421
0.015000	0.064421
0.016000	0.064421
0.017000	0.064421
0.018000	0.064421
0.019000	-0.995149
0.020000	-2.054720
0.021000	1.123990
0.022000	3.243130
0.023000	5.362270
0.024000	8.540980
0.025000	7.481410
0.026000	7.481410
0.027000	5.362270
0.028000	4.302700
0.029000	2.183560
0.030000	6.421840
0.031000	5.362270
0.032000	4.302700
0.033000	4.302700
0.034000	5.362270
0.035000	5.362270
0.036000	5.362270
0.037000	4.302700
0.038000	5.362270
0.039000	6.421840
0.040000	9.600560
0.041000	9.600560
0.042000	10.660100
0.043000	9.600560
0.044000	7.481410
0.045000	3.243130
0.046000	0.064421
0.047000	0.064421
0.048000	-0.995149
0.049000	-0.995149
0.050000	-2.054720
0.051000	-2.054720
0.052000	-3.114290
0.053000	0.064421
0.054000	1.123990
0.055000	2.183560
0.056000	5.362270
0.057000	7.481410
0.058000	8.540980
0.059000	8.540980
0.060000	7.481410
0.061000	6.421840
0.062000	4.302700
0.063000	3.243130
0.064000	2.183560
0.065000	1.123990
0.066000	2.183560
0.067000	1.123990
0.068000	5.362270
0.069000	5.362270
0.070000	8.540980
0.071000	11.719700
0.072000	11.719700
0.073000	12.779300
0.074000	13.838800
0.075000	11.719700
0.076000	10.660100
0.077000	8.540980
0.078000	8.540980
0.079000	6.421840
0.080000	5.362270
0.081000	4.302700
0.082000	3.243130
0.083000	4.302700
0.084000	6.421840
0.085000	8.540980
0.086000	10.660100
0.087000	12.779300
0.088000	12.779300
0.089000	13.838800
0.090000	13.838800
0.091000	13.838800
0.092000	12.779300
0.093000	11.719700
0.094000	11.719700
0.095000	9.600560
0.096000	10.660100
0.097000	11.719700
0.098000	12.779300
0.099000	11.719700
0.100000	13.838800
0.101000	15.958000
0.102000	14.898400
0.103000	17.017500
0.104000	15.958000
0.105000	15.958000
0.106000	14.898400
0.107000	12.779300
0.108000	12.779300
0.109000	17.017500
0.110000	13.838800
0.111000	15.958000
0.112000	14.898400
0.113000	13.838800
0.114000	10.660100
0.115000	12.779300
0.116000	15.958000
0.117000	15.958000
0.118000	15.958000
0.119000	15.958000
0.120000	13.838800
0.121000	10.660100
0.122000	6.421840
0.123000	9.600560
0.124000	20.196301
0.125000	25.494101
0.126000	21.255800
0.127000	18.077101
0.128000	14.898400
0.129000	20.196301
0.130000	17.017500
0.131000	20.196301
0.132000	15.958000
0.133000	17.017500
0.134000	12.779300
0.135000	10.660100
0.136000	13.838800
0.137000	13.838800
0.138000	17.017500
0.139000	19.136700
0.140000	21.255800
0.141000	22.315399
0.142000	20.196301
0.143000	20.196301
0.144000	19.136700
0.145000	20.196301
0.146000	17.017500
0.147000	15.958000
0.148000	13.838800
0.149000	13.838800
0.150000	12.779300
0.151000	13.838800
0.152000	15.958000
0.153000	18.077101
0.154000	20.196301
0.155000	23.375000
0.156000	24.434500
0.157000	25.494101
0.158000	24.434500
0.159000	24.434500
0.160000	23.375000
0.161000	21.255800
0.162000	20.196301
0.163000	21.255800
0.164000	21.255800
0.165000	19.136700
0.166000	20.196301
0.167000	21.255800
0.168000	22.315399
0.169000	23.375000
0.170000	24.434500
0.171000	25.494101
0.172000	25.494101
0.173000	24.434500
0.174000	25.494101
0.175000	24.434500
0.176000	25.494101
0.177000	25.494101
0.178000	23.375000
0.179000	23.375000
0.180000	23.375000
0.181000	24.434500
0.182000	24.434500
0.183000	24.434500
0.184000	24.434500
0.185000	24.434500
0.186000	24.434500
0.187000	24.434500
0.188000	25.494101
0.189000	25.494101
0.190000	26.553699
0.191000	28.672800
0.192000	28.672800
0.193000	29.732401
0.194000	28.672800
0.195000	29.732401
0.196000	28.672800
0.197000	27.613300
0.198000	26.553699
0.199000	26.553699
0.200000	26.553699
0.201000	24.434500
0.202000	26.553699
0.203000	29.732401
0.204000	29.732401
0.205000	29.732401
0.206000	29.732401
0.207000	29.732401
0.208000	29.732401
0.209000	29.732401
0.210000	29.732401
0.211000	28.672800
0.212000	29.732401
0.213000	28.672800
0.214000	28.672800
0.215000	28.672800
0.216000	27.613300
0.217000	29.732401
0.218000	29.732401
0.219000	28.672800
0.220000	29.732401
0.221000	29.732401
0.222000	29.732401
0.223000	28.672800
0.224000	30.792000
0.225000	28.672800
0.226000	30.792000
0.227000	28.672800
0.228000	27.613300
0.229000	28.672800
0.230000	29.732401
0.231000	30.792000
0.232000	29.732401
0.233000	31.851500
0.234000	32.911098
0.235000	30.792000
0.236000	32.911098
0.237000	25.494101
0.238000	30.792000
0.239000	31.851500
0.240000	31.851500
0.241000	29.732401
0.242000	26.553699
0.243000	31.851500
0.244000	31.851500
0.245000	32.911098
0.246000	35.030201
0.247000	33.970699
0.248000	29.732401
0.249000	26.553699
0.250000	26.553699
0.251000	26.553699
0.252000	29.732401
0.253000	32.911098
0.254000	31.851500
0.255000	30.792000
0.256000	29.732401
0.257000	29.732401
0.258000	30.792000
0.259000	31.851500
0.260000	32.911098
0.261000	32.911098
0.262000	30.792000
0.263000	28.672800
0.264000	27.613300
0.265000	22.315399
0.266000	29.732401
0.267000	31.851500
0.268000	28.672800
0.269000	29.732401
0.270000	28.672800
0.271000	28.672800
0.272000	28.672800
0.273000	29.732401
0.274000	33.970699
0.275000	32.911098
0.276000	31.851500
0.277000	30.792000
0.278000	30.792000
0.279000	29.732401
0.280000	29.732401
0.281000	30.792000
0.282000	29.732401
0.283000	29.732401
0.284000	24.434500
0.285000	29.732401
0.286000	33.970699
0.287000	29.732401
0.288000	29.732401
0.289000	28.672800
0.290000	28.672800
0.291000	28.672800
0.292000	30.792000
0.293000	35.030201
0.294000	32.911098
0.295000	29.732401
0.296000	28.672800
0.297000	28.672800
0.298000	25.494101
0.299000	25.494101
0.300000	25.494101
0.301000	26.553699
0.302000	26.553699
0.303000	27.613300
0.304000	25.494101
0.305000	27.613300
0.306000	28.672800
0.307000	39.268501
0.308000	13.838800
0.309000	23.375000
0.310000	29.732401
0.311000	29.732401
0.312000	27.613300
0.313000	31.851500
0.314000	31.851500
0.315000	36.089802
0.316000	32.911098
0.317000	31.851500
0.318000	28.672800
0.319000	23.375000
0.320000	22.315399
0.321000	20.196301
0.322000	22.315399
0.323000	25.494101
0.324000	29.732401
0.325000	28.672800
0.326000	33.970699
0.327000	31.851500
0.328000	32.911098
0.329000	29.732401
0.330000	30.792000
0.331000	30.792000
0.332000	27.613300
0.333000	26.553699
0.334000	25.494101
0.335000	24.434500
0.336000	25.494101
0.337000	27.613300
0.338000	27.613300
0.339000	25.494101
0.340000	26.553699
0.341000	26.553699
0.342000	27.613300
0.343000	29.732401
0.344000	30.792000
0.345000	33.970699
0.346000	31.851500
0.347000	30.792000
0.348000	26.553699
0.349000	28.672800
0.350000	28.672800
0.351000	28.672800
0.352000	29.732401
0.353000	30.792000
0.354000	30.792000
0.355000	29.732401
0.356000	29.732401
0.357000	30.792000
0.358000	29.732401
0.359000	29.732401
0.360000	30.792000
0.361000	30.792000
0.362000	29.732401
0.363000	30.792000
0.364000	31.851500
0.365000	31.851500
0.366000	29.732401
0.367000	29.732401
0.368000	27.613300
0.369000	27.613300
0.370000	26.553699
0.371000	26.553699
0.372000	27.613300
0.373000	27.613300
0.374000	28.672800
0.375000	28.672800
0.376000	28.672800
0.377000	32.911098
0.378000	29.732401
0.379000	31.851500
0.380000	29.732401
0.381000	31.851500
0.382000	29.732401
0.383000	28.672800
0.384000	28.672800
0.385000	29.732401
0.386000	30.792000
0.387000	30.792000
0.388000	29.732401
0.389000	29.732401
0.390000	29.732401
0.391000	31.851500
0.392000	32.911098
0.393000	32.911098
0.394000	32.911098
0.395000	32.911098
0.396000	31.851500
0.397000	30.792000
0.398000	30.792000
0.399000	30.792000
0.400000	29.732401
0.401000	29.732401
0.402000	29.732401
0.403000	30.792000
0.404000	29.732401
0.405000	29.732401
0.406000	28.672800
0.407000	30.792000
0.408000	30.792000
0.409000	28.672800
0.410000	30.792000
0.411000	30.792000
0.412000	29.732401
0.413000	30.792000
0.414000	31.851500
0.415000	31.851500
0.416000	29.732401
0.417000	31.851500
0.418000	29.732401
0.419000	30.792000
0.420000	29.732401
0.421000	29.732401
0.422000	28.672800
0.423000	30.792000
0.424000	30.792000
0.425000	32.911098
0.426000	32.911098
0.427000	32.911098
0.428000	31.851500
0.429000	31.851500
0.430000	30.792000
0.431000	30.792000
0.432000	28.672800
0.433000	30.792000
0.434000	29.732401
0.435000	29.732401
0.436000	28.672800
0.437000	28.672800
0.438000	29.732401
0.439000	31.851500
0.440000	32.911098
0.441000	31.851500
0.442000	31.851500
0.443000	33.970699
0.444000	33.970699
0.445000	32.911098
0.446000	32.911098
0.447000	32.911098
0.448000	30.792000
0.449000	29.732401
0.450000	28.672800
0.451000	27.613300
0.452000	29.732401
0.453000	29.732401
0.454000	31.851500
0.455000	31.851500
0.456000	32.911098
0.457000	32.911098
0.458000	33.970699
0.459000	33.970699
0.460000	33.970699
0.461000	33.970699
0.462000	32.911098
0.463000	31.851500
0.464000	30.792000
0.465000	30.792000
0.466000	30.792000
0.467000	30.792000
0.468000	31.851500
0.469000	31.851500
0.470000	30.792000
0.471000	33.970699
0.472000	31.851500
0.473000	35.030201
0.474000	35.030201
0.475000	33.970699
0.476000	33.970699
0.477000	32.911098
0.478000	29.732401
0.479000	30.792000
0.480000	32.911098
0.481000	33.970699
0.482000	31.851500
0.483000	30.792000
0.484000	30.792000
0.485000	31.851500
0.486000	31.851500
0.487000	33.970699
0.488000	33.970699
0.489000	33.970699
0.490000	33.970699
0.491000	32.911098
0.492000	31.851500
0.493000	32.911098
0.494000	32.911098
0.495000	33.970699
0.496000	33.970699
0.497000	33.970699
0.498000	32.911098
0.499000	32.911098
0.500000	33.970699
0.501000	29.732401
0.502000	32.911098
0.503000	33.970699
0.504000	32.911098
0.505000	32.911098
0.506000	29.732401
0.507000	28.672800
0.508000	32.911098
0.509000	31.851500
0.510000	33.970699
0.511000	26.553699
0.512000	29.732401
0.513000	29.732401
0.514000	31.851500
0.515000	30.792000
0.516000	31.851500
0.517000	29.732401
0.518000	32.911098
0.519000	31.851500
0.520000	30.792000
0.521000	29.732401
0.522000	28.672800
0.523000	23.375000
0.524000	30.792000
0.525000	29.732401
0.526000	22.315399
0.527000	31.851500
0.528000	30.792000
0.529000	29.732401
0.530000	31.851500
0.531000	19.136700
0.532000	35.030201
0.533000	28.672800
0.534000	23.375000
0.535000	27.613300
0.536000	25.494101
0.537000	25.494101
0.538000	21.255800
0.539000	25.494101
0.540000	24.434500
0.541000	24.434500
0.542000	23.375000
0.543000	25.494101
0.544000	27.613300
0.545000	25.494101
0.546000	24.434500
0.547000	24.434500
0.548000	24.434500
0.549000	23.375000
0.550000	23.375000
0.551000	23.375000
0.552000	21.255800
0.553000	14.898400
0.554000	31.851500
0.555000	21.255800
0.556000	22.315399
0.557000	23.375000
0.558000	23.375000
