0.000000	0.000000
-3.806000	-0.427013
-3.806000	-0.427013
-3.806000	-0.358459
-3.806000	0.738416
-3.947000	-0.152795
-4.089000	-0.975451
-5.363000	-3.306310
-5.395000	-3.991860
-6.246000	-5.911390
-7.098000	-5.568620
-7.499000	-7.762370
-7.899000	-7.625260
-8.579000	-9.407680
-9.268000	-9.544790
-9.949000	-9.887560
-10.629000	-10.024700
-11.420000	-9.064900
-12.219000	-11.190100
-13.028000	-11.670000
-13.842000	-12.698300
-14.647000	-13.109600
-15.460000	-13.726600
-16.200001	-14.686400
-16.951000	-15.097700
-17.580000	-15.509000
-18.193001	-16.263100
-18.791000	-16.468800
-19.396000	-17.085800
-19.966000	-17.565701
-20.535000	-17.565701
-21.385000	-16.948700
-22.226999	-16.400299
-23.493999	-16.880100
-23.511999	-17.702801
-23.528999	-17.017200
-24.232000	-17.360001
-24.934000	-16.468800
-25.716000	-16.743000
-26.510000	-16.880100
-27.287001	-15.371900
-28.068001	-17.154400
-28.858999	-16.468800
-29.660000	-17.291500
-30.364000	-17.428600
-31.076000	-17.839899
-31.622999	-18.868200
-32.168999	-19.416700
-32.841000	-19.965099
-33.514999	-20.239300
-34.004002	-20.650600
-34.500000	-21.130501
-34.960999	-21.747499
-35.429001	-21.816099
-36.025002	-22.501600
-36.626999	-22.707300
-37.554001	-23.324301
-37.554001	-23.598499
-38.273998	-23.804199
-38.273998	-24.215500
-39.131001	-23.872700
-39.131001	-24.215500
-40.012001	-24.215500
-40.028000	-24.146900
-40.049999	-23.118601
-40.518002	-20.856300
-40.987999	-19.416700
-41.505001	-18.319799
