0.000000	0.000000
9.700000	0.260152
9.625000	0.132124
9.703000	-0.337309
9.800000	-2.983210
10.030000	-3.879400
10.663000	-0.934770
11.424000	0.686909
12.532000	-0.593364
12.457000	-0.251958
13.780000	0.857612
16.257999	1.113670
17.728001	0.857612
17.715000	0.985640
20.351999	1.753800
21.601999	2.564640
22.990000	2.351260
23.922001	2.265910
24.839001	2.308590
26.056999	2.351260
27.004999	2.180560
28.021999	2.735350
28.865000	3.631540
29.816000	4.229000
30.542999	4.186320
31.452000	4.229000
32.195000	4.399700
32.800999	4.655760
33.518002	4.570410
34.063999	5.210540
34.716000	5.423920
35.169998	5.210540
35.735001	5.210540
36.271999	5.936030
36.740002	5.637300
37.230999	7.258980
37.958000	7.771090
38.535999	7.984470
39.080002	8.581930
39.535000	7.216300
40.002998	8.368550
40.444000	9.179390
40.952999	9.307420
41.566002	9.008690
42.124001	9.862200
42.705002	10.929100
43.111000	10.843700
43.769001	10.203600
44.382999	10.630400
44.382999	11.526600
45.483002	11.825300
45.465000	11.654600
46.543999	11.996000
47.084999	11.996000
47.530998	11.398500
48.081001	11.739900
48.574001	12.422700
48.943001	12.721500
49.448002	12.550800
49.944000	12.422700
50.456001	13.148200
50.842999	13.318900
51.202999	12.977500
51.609001	13.148200
52.063000	17.970600
52.175999	15.794100
52.377998	12.806800
52.452999	14.044400
52.574001	14.940600
52.744999	18.994801
52.799000	15.495400
52.838001	10.673000
52.785999	15.580800
52.790001	16.519600
52.908001	15.196700
52.773998	12.721500
52.620998	13.148200
52.648998	16.391600
52.609001	15.922200
52.521000	13.404300
52.631001	13.959100
52.620998	15.282000
52.694000	15.751500
52.692001	14.129800
52.685001	14.001800
52.750999	15.367400
52.758999	15.751500
52.862999	14.855300
52.786999	14.257800
52.859001	15.196700
52.846001	15.111300
52.860001	15.111300
52.830002	15.794100
52.817001	15.623400
52.855000	14.513900
52.823002	13.916400
52.770000	13.532300
52.717999	13.489600
52.755001	13.489600
52.738998	14.001800
52.784000	13.447000
52.831001	13.233600
52.873001	13.276300
52.754002	12.038700
52.787998	12.081300
52.776001	11.868000
52.956001	0.473530
53.020000	3.546190
