0.000000	-0.082227
0.001000	-0.061670
0.002000	-0.082227
0.003000	-0.082227
0.004000	-0.061670
0.005000	-0.082227
0.006000	-0.102783
0.007000	-0.082227
0.008000	-0.082227
0.009000	-0.123340
0.010000	-0.102783
0.011000	-0.082227
0.012000	-0.123340
0.013000	-0.102783
0.014000	-0.102783
0.015000	-0.082227
0.016000	-0.082227
0.017000	-0.082227
0.018000	-0.041113
0.019000	-0.020557
0.020000	-0.020557
0.021000	0.000000
0.022000	0.020557
0.023000	0.000000
0.024000	0.000000
0.025000	0.000000
0.026000	-0.020557
0.027000	-0.020557
0.028000	-0.041113
0.029000	-0.082227
0.030000	-0.082227
0.031000	-0.082227
0.032000	-0.102783
0.033000	-0.123340
0.034000	-0.123340
0.035000	-0.143896
0.036000	-0.143896
0.037000	-0.123340
0.038000	-0.143896
0.039000	-0.102783
0.040000	-0.123340
0.041000	-0.082227
0.042000	-0.061670
0.043000	-0.041113
0.044000	0.041113
0.045000	0.123340
0.046000	0.143896
0.047000	0.205566
0.048000	0.287793
0.049000	0.328906
0.050000	0.390576
0.051000	0.431689
0.052000	0.513916
0.053000	0.596143
0.054000	0.637256
0.055000	0.678369
0.056000	0.740039
0.057000	0.760596
0.058000	0.801709
0.059000	0.801709
0.060000	0.801709
0.061000	0.842822
0.062000	0.801709
0.063000	0.781152
0.064000	0.781152
0.065000	0.740039
0.066000	0.698926
0.067000	0.698926
0.068000	0.678369
0.069000	0.657813
0.070000	0.616699
0.071000	0.575586
0.072000	0.575586
0.073000	0.575586
0.074000	0.513916
0.075000	0.575586
0.076000	0.534473
0.077000	0.513916
0.078000	0.534473
0.079000	0.534473
0.080000	0.534473
0.081000	0.534473
0.082000	0.555029
0.083000	0.555029
0.084000	0.555029
0.085000	0.534473
0.086000	0.513916
0.087000	0.513916
0.088000	0.513916
0.089000	0.493359
0.090000	0.452246
0.091000	0.390576
0.092000	0.349463
0.093000	0.287793
0.094000	0.226123
0.095000	0.143896
0.096000	0.082227
0.097000	0.000000
0.098000	-0.102783
0.099000	-0.164453
0.100000	-0.267236
0.101000	-0.390576
0.102000	-0.472803
0.103000	-0.555029
0.104000	-0.698926
0.105000	-0.822266
0.106000	-0.945605
0.107000	-1.007280
0.108000	-1.130620
0.109000	-1.192290
0.110000	-1.233400
0.111000	-1.336180
0.112000	-1.377290
0.113000	-1.418410
0.114000	-1.500630
0.115000	-1.541750
0.116000	-1.541750
0.117000	-1.582860
0.118000	-1.603420
0.119000	-1.582860
0.120000	-1.582860
0.121000	-1.582860
0.122000	-1.603420
0.123000	-1.541750
0.124000	-1.521190
0.125000	-1.521190
0.126000	-1.459520
0.127000	-1.397850
0.128000	-1.397850
0.129000	-1.377290
0.130000	-1.295070
0.131000	-1.233400
0.132000	-1.212840
0.133000	-1.171730
0.134000	-1.110060
0.135000	-1.048390
0.136000	-1.007280
0.137000	-0.925049
0.138000	-0.863379
0.139000	-0.842822
0.140000	-0.719482
0.141000	-0.678369
0.142000	-0.596143
0.143000	-0.493359
0.144000	-0.411133
0.145000	-0.328906
0.146000	-0.205566
0.147000	-0.123340
0.148000	0.000000
0.149000	0.143896
0.150000	0.246680
0.151000	0.390576
0.152000	0.513916
0.153000	0.657813
0.154000	0.781152
0.155000	0.863379
0.156000	1.007280
0.157000	1.110060
0.158000	1.192290
0.159000	1.253960
0.160000	1.356740
0.161000	1.418410
0.162000	1.418410
0.163000	1.500630
0.164000	1.541750
0.165000	1.582860
0.166000	1.582860
0.167000	1.541750
0.168000	1.582860
0.169000	1.541750
0.170000	1.521190
0.171000	1.459520
0.172000	1.418410
0.173000	1.356740
0.174000	1.295070
0.175000	1.233400
0.176000	1.192290
0.177000	1.151170
0.178000	1.027830
0.179000	0.945605
0.180000	0.863379
0.181000	0.781152
0.182000	0.657813
0.183000	0.534473
0.184000	0.431689
0.185000	0.287793
0.186000	0.185010
0.187000	0.082227
0.188000	-0.061670
0.189000	-0.185010
0.190000	-0.287793
0.191000	-0.390576
0.192000	-0.534473
0.193000	-0.637256
0.194000	-0.719482
0.195000	-0.801709
0.196000	-0.925049
0.197000	-0.986719
0.198000	-1.027830
0.199000	-1.151170
0.200000	-1.192290
0.201000	-1.253960
0.202000	-1.295070
0.203000	-1.336180
0.204000	-1.356740
0.205000	-1.397850
0.206000	-1.397850
0.207000	-1.438960
0.208000	-1.418410
0.209000	-1.397850
0.210000	-1.397850
0.211000	-1.315630
0.212000	-1.295070
0.213000	-1.295070
0.214000	-1.212840
0.215000	-1.171730
0.216000	-1.068950
0.217000	-1.027830
0.218000	-0.945605
0.219000	-0.883936
0.220000	-0.781152
0.221000	-0.657813
0.222000	-0.575586
0.223000	-0.452246
0.224000	-0.370020
0.225000	-0.246680
0.226000	-0.164453
0.227000	-0.061670
0.228000	0.061670
0.229000	0.164453
0.230000	0.267236
0.231000	0.411133
0.232000	0.534473
0.233000	0.637256
0.234000	0.740039
0.235000	0.842822
0.236000	0.945605
0.237000	1.027830
0.238000	1.110060
0.239000	1.171730
0.240000	1.253960
0.241000	1.274510
0.242000	1.336180
0.243000	1.356740
0.244000	1.377290
0.245000	1.356740
0.246000	1.397850
0.247000	1.377290
0.248000	1.377290
0.249000	1.356740
0.250000	1.295070
0.251000	1.295070
0.252000	1.233400
0.253000	1.171730
0.254000	1.130620
0.255000	1.068950
0.256000	1.027830
0.257000	0.986719
0.258000	0.904492
0.259000	0.822266
0.260000	0.740039
0.261000	0.698926
0.262000	0.678369
0.263000	0.555029
0.264000	0.411133
0.265000	0.349463
0.266000	0.164453
0.267000	0.061670
0.268000	0.020557
0.269000	-0.041113
0.270000	-0.082227
0.271000	-0.123340
0.272000	-0.143896
0.273000	-0.143896
0.274000	-0.123340
0.275000	-0.041113
0.276000	0.082227
0.277000	0.143896
0.278000	0.205566
0.279000	0.308350
0.280000	0.328906
0.281000	0.349463
0.282000	0.534473
0.283000	0.596143
0.284000	0.657813
0.285000	0.719482
0.286000	0.678369
0.287000	0.657813
0.288000	0.596143
0.289000	0.575586
0.290000	0.534473
0.291000	0.513916
0.292000	0.493359
0.293000	0.493359
0.294000	0.493359
0.295000	0.452246
0.296000	0.534473
0.297000	0.596143
0.298000	0.657813
0.299000	0.760596
0.300000	0.801709
0.301000	0.863379
0.302000	0.904492
0.303000	1.048390
0.304000	1.171730
0.305000	1.315630
0.306000	1.459520
0.307000	1.623970
0.308000	1.808980
0.309000	1.911770
0.310000	2.076220
0.311000	2.261230
0.312000	2.384570
0.313000	2.569580
0.314000	2.672360
0.315000	2.754590
0.316000	2.877930
0.317000	2.877930
0.318000	2.877930
0.319000	2.919040
0.320000	2.898490
0.321000	2.877930
0.322000	2.816260
0.323000	2.713480
0.324000	2.713480
0.325000	2.590140
0.326000	2.610690
0.327000	2.549020
0.328000	2.549020
0.329000	2.528470
0.330000	2.487350
0.331000	2.507910
0.332000	2.384570
0.333000	2.364010
0.334000	2.343460
0.335000	2.240670
0.336000	2.240670
0.337000	2.096780
0.338000	2.076220
0.339000	1.973440
0.340000	1.808980
0.341000	1.747310
0.342000	1.562300
0.343000	1.500630
0.344000	1.356740
0.345000	1.233400
0.346000	1.089500
0.347000	1.048390
0.348000	1.007280
0.349000	0.925049
0.350000	0.883936
0.351000	0.883936
0.352000	0.822266
0.353000	0.842822
0.354000	0.904492
0.355000	0.925049
0.356000	1.007280
0.357000	1.068950
0.358000	1.171730
0.359000	1.253960
0.360000	1.356740
0.361000	1.459520
0.362000	1.521190
0.363000	1.644530
0.364000	1.726760
0.365000	1.808980
0.366000	1.850100
0.367000	1.870650
0.368000	1.932320
0.369000	1.911770
0.370000	1.952880
0.371000	1.932320
0.372000	1.932320
0.373000	1.952880
0.374000	1.973440
0.375000	1.973440
0.376000	1.993990
0.377000	2.055660
0.378000	2.096780
0.379000	2.179000
0.380000	2.220120
0.381000	2.322900
0.382000	2.364010
0.383000	2.446240
0.384000	2.569580
0.385000	2.692920
0.386000	2.754590
0.387000	2.877930
0.388000	2.980710
0.389000	3.062940
0.390000	3.186280
0.391000	3.268510
0.392000	3.391850
0.393000	3.474070
0.394000	3.576860
0.395000	3.659080
0.396000	3.679640
0.397000	3.700200
0.398000	3.741310
0.399000	3.761870
0.400000	3.720750
0.401000	3.741310
0.402000	3.720750
0.403000	3.679640
0.404000	3.638530
0.405000	3.638530
0.406000	3.556300
0.407000	3.494630
0.408000	3.494630
0.409000	3.432960
0.410000	3.391850
0.411000	3.350730
0.412000	3.289060
0.413000	3.289060
0.414000	3.289060
0.415000	3.289060
0.416000	3.371290
0.417000	3.330180
0.418000	3.309620
0.419000	3.309620
0.420000	3.350730
0.421000	3.412400
0.422000	3.247950
0.423000	3.371290
0.424000	3.247950
0.425000	3.227390
0.426000	3.227390
0.427000	3.145170
0.428000	3.104050
0.429000	2.898490
0.430000	2.939600
0.431000	2.816260
0.432000	2.692920
0.433000	2.610690
0.434000	2.466800
0.435000	2.405130
0.436000	2.261230
0.437000	2.199560
0.438000	2.076220
0.439000	1.952880
0.440000	1.911770
0.441000	1.808980
0.442000	1.726760
0.443000	1.665090
0.444000	1.665090
0.445000	1.562300
0.446000	1.521190
0.447000	1.582860
0.448000	1.521190
0.449000	1.603420
0.450000	1.665090
0.451000	1.706200
0.452000	1.747310
0.453000	1.808980
0.454000	1.870650
0.455000	1.973440
0.456000	2.076220
0.457000	2.220120
0.458000	2.384570
0.459000	2.507910
0.460000	2.631250
0.461000	2.692920
0.462000	2.816260
0.463000	2.898490
0.464000	3.001270
0.465000	3.062940
0.466000	3.186280
0.467000	3.268510
0.468000	3.247950
0.469000	3.330180
0.470000	3.371290
0.471000	3.371290
0.472000	3.371290
0.473000	3.371290
0.474000	3.330180
0.475000	3.330180
0.476000	3.206840
0.477000	3.227390
0.478000	3.186280
0.479000	3.186280
0.480000	3.124610
0.481000	3.062940
0.482000	3.001270
0.483000	2.919040
0.484000	2.898490
0.485000	2.877930
0.486000	2.836820
0.487000	2.836820
0.488000	2.816260
0.489000	2.836820
0.490000	2.836820
0.491000	2.836820
0.492000	2.857370
0.493000	2.877930
0.494000	2.877930
0.495000	2.836820
0.496000	2.836820
0.497000	2.795700
0.498000	2.672360
0.499000	2.816260
0.500000	2.919040
0.501000	2.877930
0.502000	2.898490
0.503000	2.816260
0.504000	2.836820
0.505000	2.816260
0.506000	2.795700
0.507000	2.795700
0.508000	2.713480
0.509000	2.816260
0.510000	2.877930
0.511000	2.857370
0.512000	2.775150
0.513000	2.692920
0.514000	2.651810
0.515000	2.610690
0.516000	2.507910
0.517000	2.261230
0.518000	2.014550
0.519000	1.726760
0.520000	1.500630
0.521000	1.253960
0.522000	1.027830
0.523000	0.760596
0.524000	0.534473
0.525000	0.267236
0.526000	0.041113
0.527000	-0.185010
0.528000	-0.370020
0.529000	-0.534473
0.530000	-0.637256
0.531000	-0.719482
0.532000	-0.801709
0.533000	-0.925049
0.534000	-0.883936
0.535000	-0.904492
0.536000	-0.822266
0.537000	-0.822266
0.538000	-0.698926
0.539000	-0.555029
0.540000	-0.534473
0.541000	-0.472803
0.542000	-0.472803
0.543000	-0.267236
0.544000	-0.205566
0.545000	-0.041113
0.546000	0.061670
0.547000	0.287793
0.548000	0.390576
0.549000	0.637256
0.550000	0.925049
0.551000	1.068950
0.552000	1.356740
0.553000	1.500630
0.554000	1.644530
0.555000	1.665090
0.556000	1.808980
0.557000	1.891210
0.558000	1.829540
0.559000	1.932320
0.560000	1.870650
0.561000	1.829540
0.562000	1.706200
0.563000	1.500630
0.564000	1.356740
0.565000	1.192290
0.566000	1.110060
0.567000	0.945605
0.568000	0.904492
0.569000	0.822266
0.570000	0.863379
0.571000	0.986719
0.572000	1.027830
0.573000	1.151170
0.574000	1.253960
0.575000	1.418410
0.576000	1.541750
0.577000	1.685640
0.578000	1.788430
0.579000	1.911770
0.580000	2.014550
0.581000	2.096780
0.582000	2.179000
0.583000	2.158450
0.584000	2.117330
0.585000	2.117330
0.586000	2.117330
0.587000	2.035110
0.588000	2.035110
0.589000	1.993990
0.590000	1.870650
0.591000	1.808980
0.592000	1.706200
0.593000	1.623970
0.594000	1.480080
0.595000	1.295070
0.596000	1.110060
0.597000	0.986719
0.598000	0.781152
0.599000	0.637256
0.600000	0.493359
0.601000	0.308350
0.602000	0.205566
0.603000	0.102783
0.604000	-0.020557
0.605000	-0.041113
0.606000	-0.061670
0.607000	-0.082227
0.608000	0.020557
0.609000	0.123340
0.610000	0.226123
0.611000	0.349463
0.612000	0.513916
0.613000	0.657813
0.614000	0.842822
0.615000	1.027830
0.616000	1.151170
0.617000	1.295070
0.618000	1.418410
0.619000	1.500630
0.620000	1.623970
0.621000	1.685640
0.622000	1.747310
0.623000	1.767870
0.624000	1.726760
0.625000	1.706200
0.626000	1.582860
0.627000	1.500630
0.628000	1.397850
0.629000	1.295070
0.630000	1.192290
0.631000	1.089500
0.632000	1.048390
0.633000	0.986719
0.634000	0.945605
0.635000	0.883936
0.636000	0.904492
0.637000	0.945605
0.638000	0.925049
0.639000	1.048390
0.640000	1.151170
0.641000	1.253960
0.642000	1.438960
0.643000	1.582860
0.644000	1.788430
0.645000	1.952880
0.646000	2.158450
0.647000	2.302340
0.648000	2.466800
0.649000	2.631250
0.650000	2.775150
0.651000	2.877930
0.652000	2.960160
0.653000	3.083500
0.654000	3.145170
0.655000	3.145170
0.656000	3.165720
0.657000	3.124610
0.658000	2.980710
0.659000	2.836820
0.660000	2.631250
0.661000	2.425680
0.662000	2.179000
0.663000	1.911770
0.664000	1.644530
0.665000	1.418410
0.666000	1.192290
0.667000	0.966162
0.668000	0.678369
0.669000	0.472803
0.670000	0.287793
0.671000	0.123340
0.672000	0.000000
0.673000	-0.061670
0.674000	-0.143896
0.675000	-0.164453
0.676000	-0.164453
0.677000	-0.102783
0.678000	-0.082227
0.679000	-0.041113
0.680000	0.020557
0.681000	0.082227
0.682000	0.164453
0.683000	0.267236
0.684000	0.370020
0.685000	0.431689
0.686000	0.513916
0.687000	0.616699
0.688000	0.678369
0.689000	0.678369
0.690000	0.740039
0.691000	0.740039
0.692000	0.719482
0.693000	0.678369
0.694000	0.740039
0.695000	0.616699
0.696000	0.616699
0.697000	0.534473
0.698000	0.575586
0.699000	0.493359
0.700000	0.472803
0.701000	0.431689
0.702000	0.452246
0.703000	0.390576
0.704000	0.349463
0.705000	0.493359
0.706000	0.493359
0.707000	0.493359
0.708000	0.678369
0.709000	0.801709
0.710000	1.110060
0.711000	1.315630
0.712000	1.500630
0.713000	1.685640
0.714000	1.993990
0.715000	2.076220
0.716000	2.220120
0.717000	2.343460
0.718000	2.343460
0.719000	2.425680
0.720000	2.425680
0.721000	2.569580
0.722000	2.528470
0.723000	2.569580
0.724000	2.549020
0.725000	2.507910
0.726000	2.466800
0.727000	2.446240
0.728000	2.425680
0.729000	2.405130
0.730000	2.220120
0.731000	2.220120
0.732000	2.117330
0.733000	1.973440
0.734000	1.829540
0.735000	1.767870
0.736000	1.582860
0.737000	1.500630
0.738000	1.438960
0.739000	1.315630
0.740000	1.192290
0.741000	1.068950
0.742000	0.986719
0.743000	0.904492
0.744000	0.883936
0.745000	0.760596
0.746000	0.740039
0.747000	0.719482
0.748000	0.781152
0.749000	0.801709
0.750000	0.863379
0.751000	1.007280
0.752000	1.048390
0.753000	1.110060
0.754000	1.130620
0.755000	1.171730
0.756000	1.171730
0.757000	1.130620
0.758000	1.130620
0.759000	1.110060
0.760000	1.048390
0.761000	0.986719
0.762000	0.883936
0.763000	0.822266
0.764000	0.698926
0.765000	0.637256
0.766000	0.596143
0.767000	0.472803
0.768000	0.452246
0.769000	0.431689
0.770000	0.411133
0.771000	0.390576
0.772000	0.411133
0.773000	0.472803
0.774000	0.472803
0.775000	0.555029
0.776000	0.616699
0.777000	0.637256
0.778000	0.657813
0.779000	0.719482
0.780000	0.822266
0.781000	0.904492
0.782000	0.945605
0.783000	0.966162
0.784000	1.007280
0.785000	1.027830
0.786000	1.089500
0.787000	1.151170
0.788000	1.171730
0.789000	1.336180
0.790000	1.438960
0.791000	1.500630
0.792000	1.623970
0.793000	1.788430
0.794000	1.850100
0.795000	1.911770
0.796000	1.993990
0.797000	2.014550
0.798000	2.035110
0.799000	2.035110
0.800000	1.973440
0.801000	1.911770
0.802000	1.911770
0.803000	1.850100
0.804000	1.808980
0.805000	1.767870
0.806000	1.706200
0.807000	1.665090
0.808000	1.603420
0.809000	1.582860
0.810000	1.541750
0.811000	1.418410
0.812000	1.397850
0.813000	1.336180
0.814000	1.315630
0.815000	1.274510
0.816000	1.233400
0.817000	1.233400
0.818000	1.171730
0.819000	1.110060
0.820000	1.110060
0.821000	0.945605
0.822000	0.945605
0.823000	0.925049
0.824000	0.801709
0.825000	0.842822
0.826000	0.493359
0.827000	0.287793
0.828000	1.110060
0.829000	1.110060
0.830000	0.986719
0.831000	1.151170
0.832000	1.110060
0.833000	0.534473
0.834000	0.945605
0.835000	0.966162
0.836000	0.431689
0.837000	0.822266
0.838000	0.863379
0.839000	0.657813
0.840000	0.472803
0.841000	0.349463
0.842000	-0.164453
0.843000	-0.349463
0.844000	-0.102783
0.845000	-0.328906
0.846000	-0.328906
0.847000	-0.555029
0.848000	-0.925049
0.849000	-1.151170
0.850000	-1.212840
0.851000	-1.356740
0.852000	-1.315630
0.853000	-1.110060
0.854000	-1.212840
0.855000	-1.356740
