0.000000	-0.863673
0.001000	-0.863673
0.002000	-0.058007
0.003000	-0.058007
0.004000	-0.863673
0.005000	-0.863673
0.006000	-0.058007
0.007000	-1.669340
0.008000	-0.863673
0.009000	-0.058007
0.010000	-0.058007
0.011000	-0.863673
0.012000	-0.058007
0.013000	-0.058007
0.014000	-0.863673
0.015000	-0.058007
0.016000	-0.863673
0.017000	-1.669340
0.018000	-1.669340
0.019000	-3.280660
0.020000	-4.086330
0.021000	-4.891990
0.022000	-7.308980
0.023000	-7.308980
0.024000	-10.531600
0.025000	-12.948600
0.026000	-13.754300
0.027000	-15.365600
0.028000	-17.782600
0.029000	-17.782600
0.030000	-18.588301
0.031000	-17.782600
0.032000	-19.393900
0.033000	-16.976999
0.034000	-16.976999
0.035000	-15.365600
0.036000	-13.754300
0.037000	-12.948600
0.038000	-10.531600
0.039000	-8.114650
0.040000	-6.503320
0.041000	-4.086330
0.042000	-3.280660
0.043000	-1.669340
0.044000	-0.863673
0.045000	-1.669340
0.046000	-0.058007
0.047000	0.747656
0.048000	0.747656
0.049000	-0.058007
0.050000	-0.863673
0.051000	-0.863673
0.052000	-2.475000
0.053000	-2.475000
0.054000	-4.891990
0.055000	-6.503320
0.056000	-5.697660
0.057000	-7.308980
0.058000	-6.503320
0.059000	-8.114650
0.060000	-6.503320
0.061000	-6.503320
0.062000	-4.891990
0.063000	-4.086330
0.064000	-4.086330
0.065000	-3.280660
0.066000	-1.669340
0.067000	-1.669340
0.068000	-0.863673
0.069000	0.747656
0.070000	-0.058007
0.071000	0.747656
0.072000	1.553320
0.073000	0.747656
0.074000	1.553320
0.075000	1.553320
0.076000	1.553320
0.077000	0.747656
0.078000	1.553320
0.079000	0.747656
0.080000	0.747656
0.081000	-0.058007
0.082000	-0.058007
0.083000	-0.058007
0.084000	-0.058007
0.085000	-0.058007
0.086000	-0.863673
0.087000	-0.863673
0.088000	-0.863673
0.089000	-0.863673
0.090000	-1.669340
0.091000	-3.280660
0.092000	-1.669340
0.093000	-0.863673
0.094000	-0.863673
0.095000	-0.863673
0.096000	-2.475000
0.097000	-2.475000
0.098000	-0.863673
0.099000	-1.669340
0.100000	-0.058007
0.101000	-0.863673
0.102000	-0.058007
0.103000	0.747656
0.104000	1.553320
0.105000	2.358980
0.106000	2.358980
0.107000	2.358980
0.108000	3.164650
0.109000	3.164650
0.110000	3.164650
0.111000	3.164650
0.112000	3.164650
0.113000	3.970310
0.114000	2.358980
0.115000	2.358980
0.116000	3.164650
0.117000	1.553320
0.118000	1.553320
0.119000	1.553320
0.120000	1.553320
0.121000	1.553320
0.122000	1.553320
0.123000	1.553320
0.124000	0.747656
0.125000	0.747656
0.126000	-0.058007
0.127000	0.747656
0.128000	-0.058007
0.129000	-0.863673
0.130000	-1.669340
0.131000	-0.863673
0.132000	-1.669340
0.133000	-1.669340
0.134000	-0.863673
0.135000	-1.669340
0.136000	-1.669340
0.137000	-2.475000
0.138000	-1.669340
0.139000	-1.669340
0.140000	-1.669340
0.141000	-2.475000
0.142000	-3.280660
0.143000	-1.669340
0.144000	-2.475000
0.145000	-3.280660
0.146000	-3.280660
0.147000	-3.280660
0.148000	-2.475000
0.149000	-3.280660
0.150000	-4.086330
0.151000	-4.086330
0.152000	-4.086330
0.153000	-4.086330
0.154000	-4.891990
0.155000	-4.891990
0.156000	-4.086330
0.157000	-4.086330
0.158000	-4.086330
0.159000	-3.280660
0.160000	-2.475000
0.161000	-3.280660
0.162000	-2.475000
0.163000	-3.280660
0.164000	-1.669340
0.165000	-0.863673
0.166000	-0.863673
0.167000	-1.669340
0.168000	-1.669340
0.169000	-0.863673
0.170000	-0.863673
0.171000	0.747656
0.172000	0.747656
0.173000	-0.058007
0.174000	-0.863673
0.175000	0.747656
0.176000	-1.669340
0.177000	-0.058007
0.178000	-0.863673
0.179000	-0.058007
0.180000	-1.669340
0.181000	-1.669340
0.182000	-1.669340
0.183000	-2.475000
0.184000	-1.669340
0.185000	-2.475000
0.186000	-2.475000
0.187000	-2.475000
0.188000	-3.280660
0.189000	-3.280660
0.190000	-4.891990
0.191000	-4.086330
0.192000	-4.086330
0.193000	-4.891990
0.194000	-4.891990
0.195000	-4.891990
0.196000	-5.697660
0.197000	-5.697660
0.198000	-6.503320
0.199000	-6.503320
0.200000	-6.503320
0.201000	-4.891990
0.202000	-6.503320
0.203000	-5.697660
0.204000	-5.697660
0.205000	-6.503320
0.206000	-5.697660
0.207000	-6.503320
0.208000	-6.503320
0.209000	-6.503320
0.210000	-7.308980
0.211000	-6.503320
0.212000	-8.114650
0.213000	-7.308980
0.214000	-8.114650
0.215000	-7.308980
0.216000	-8.114650
0.217000	-8.114650
0.218000	-8.114650
0.219000	-7.308980
0.220000	-7.308980
0.221000	-6.503320
0.222000	-7.308980
0.223000	-6.503320
0.224000	-6.503320
0.225000	-5.697660
0.226000	-5.697660
0.227000	-6.503320
0.228000	-6.503320
0.229000	-6.503320
0.230000	-6.503320
0.231000	-5.697660
0.232000	-5.697660
0.233000	-5.697660
0.234000	-6.503320
0.235000	-6.503320
0.236000	-7.308980
0.237000	-8.114650
0.238000	-8.114650
0.239000	-8.920310
0.240000	-8.114650
0.241000	-9.725980
0.242000	-8.920310
0.243000	-9.725980
0.244000	-9.725980
0.245000	-10.531600
0.246000	-10.531600
0.247000	-8.920310
0.248000	-9.725980
0.249000	-10.531600
0.250000	-10.531600
0.251000	-9.725980
0.252000	-9.725980
0.253000	-9.725980
0.254000	-10.531600
0.255000	-9.725980
0.256000	-9.725980
0.257000	-8.920310
0.258000	-9.725980
0.259000	-8.920310
0.260000	-8.114650
0.261000	-6.503320
0.262000	-6.503320
0.263000	-10.531600
0.264000	-12.143000
0.265000	-12.948600
0.266000	-13.754300
0.267000	-13.754300
0.268000	-13.754300
0.269000	-14.560000
0.270000	-14.560000
0.271000	-13.754300
0.272000	-9.725980
0.273000	-7.308980
0.274000	-4.891990
0.275000	-4.086330
0.276000	-2.475000
0.277000	-1.669340
0.278000	-2.475000
0.279000	-2.475000
0.280000	-4.086330
0.281000	-5.697660
0.282000	-8.920310
0.283000	-10.531600
0.284000	-12.143000
0.285000	-13.754300
0.286000	-14.560000
0.287000	-12.143000
0.288000	-10.531600
0.289000	-8.114650
0.290000	-5.697660
0.291000	-4.086330
0.292000	-3.280660
0.293000	-0.058007
0.294000	-0.058007
0.295000	-0.863673
0.296000	-1.669340
0.297000	-2.475000
0.298000	-4.086330
0.299000	-8.114650
0.300000	-11.337300
0.301000	-13.754300
0.302000	-14.560000
0.303000	-15.365600
0.304000	-15.365600
0.305000	-14.560000
0.306000	-16.171301
0.307000	-13.754300
0.308000	-12.143000
0.309000	-8.920310
0.310000	-8.114650
0.311000	-8.114650
0.312000	-8.114650
0.313000	-7.308980
0.314000	-8.114650
0.315000	-7.308980
0.316000	-8.114650
0.317000	-9.725980
0.318000	-9.725980
0.319000	-9.725980
0.320000	-8.920310
0.321000	-10.531600
0.322000	-11.337300
0.323000	-8.920310
0.324000	-7.308980
0.325000	-6.503320
0.326000	-7.308980
0.327000	-8.114650
0.328000	-6.503320
0.329000	-6.503320
0.330000	-8.114650
0.331000	-8.920310
0.332000	-9.725980
0.333000	-9.725980
0.334000	-9.725980
0.335000	-12.143000
0.336000	-13.754300
0.337000	-12.948600
0.338000	-12.143000
0.339000	-12.143000
0.340000	-12.948600
0.341000	-12.143000
0.342000	-11.337300
0.343000	-8.114650
0.344000	-8.114650
0.345000	-8.920310
0.346000	-8.114650
0.347000	-8.114650
0.348000	-7.308980
0.349000	-7.308980
0.350000	-8.114650
0.351000	-8.920310
0.352000	-8.920310
0.353000	-8.114650
0.354000	-7.308980
0.355000	-6.503320
0.356000	-6.503320
0.357000	-6.503320
0.358000	-6.503320
0.359000	-8.114650
0.360000	-7.308980
0.361000	-8.920310
0.362000	-8.920310
0.363000	-10.531600
0.364000	-12.143000
0.365000	-12.948600
0.366000	-12.143000
0.367000	-12.948600
0.368000	-12.948600
0.369000	-12.948600
0.370000	-12.948600
0.371000	-12.948600
0.372000	-13.754300
0.373000	-12.143000
0.374000	-11.337300
0.375000	-12.143000
0.376000	-12.143000
0.377000	-13.754300
0.378000	-12.143000
0.379000	-12.143000
0.380000	-11.337300
0.381000	-10.531600
0.382000	-10.531600
0.383000	-9.725980
0.384000	-8.920310
0.385000	-8.114650
0.386000	-8.114650
0.387000	-8.920310
0.388000	-8.920310
0.389000	-8.114650
0.390000	-8.114650
0.391000	-8.920310
0.392000	-10.531600
0.393000	-10.531600
0.394000	-9.725980
0.395000	-9.725980
0.396000	-11.337300
0.397000	-11.337300
0.398000	-10.531600
0.399000	-10.531600
0.400000	-9.725980
0.401000	-10.531600
0.402000	-9.725980
0.403000	-9.725980
0.404000	-10.531600
0.405000	-8.920310
0.406000	-10.531600
0.407000	-11.337300
0.408000	-11.337300
0.409000	-10.531600
0.410000	-10.531600
0.411000	-10.531600
0.412000	-10.531600
0.413000	-6.503320
0.414000	-8.114650
0.415000	-10.531600
0.416000	-12.143000
0.417000	-12.143000
0.418000	-12.143000
0.419000	-10.531600
0.420000	-6.503320
0.421000	-6.503320
0.422000	-8.114650
0.423000	-13.754300
0.424000	-12.948600
0.425000	-14.560000
0.426000	-12.948600
0.427000	-11.337300
0.428000	-13.754300
0.429000	-11.337300
0.430000	-12.143000
0.431000	-9.725980
0.432000	-10.531600
0.433000	-11.337300
0.434000	-12.143000
0.435000	-12.143000
0.436000	-11.337300
0.437000	-12.143000
0.438000	-11.337300
0.439000	-12.143000
0.440000	-10.531600
0.441000	-10.531600
0.442000	-8.920310
0.443000	-9.725980
0.444000	-10.531600
0.445000	-9.725980
0.446000	-8.920310
0.447000	-8.114650
0.448000	-9.725980
0.449000	-10.531600
0.450000	-9.725980
0.451000	-10.531600
0.452000	-9.725980
0.453000	-9.725980
0.454000	-11.337300
0.455000	-11.337300
0.456000	-11.337300
0.457000	-11.337300
0.458000	-12.948600
0.459000	-12.143000
0.460000	-12.143000
0.461000	-12.143000
0.462000	-12.143000
0.463000	-12.143000
0.464000	-11.337300
0.465000	-10.531600
0.466000	-10.531600
0.467000	-12.948600
0.468000	-11.337300
0.469000	-10.531600
0.470000	-10.531600
0.471000	-10.531600
0.472000	-11.337300
0.473000	-12.143000
0.474000	-9.725980
0.475000	-8.920310
0.476000	-8.920310
0.477000	-10.531600
0.478000	-11.337300
0.479000	-10.531600
0.480000	-9.725980
0.481000	-9.725980
0.482000	-11.337300
0.483000	-12.143000
0.484000	-12.143000
0.485000	-11.337300
0.486000	-10.531600
0.487000	-12.948600
0.488000	-12.143000
0.489000	-13.754300
0.490000	-12.948600
0.491000	-12.948600
0.492000	-13.754300
0.493000	-14.560000
0.494000	-14.560000
0.495000	-15.365600
0.496000	-15.365600
0.497000	-20.199600
0.498000	-21.005301
0.499000	-13.754300
0.500000	-4.891990
0.501000	-1.669340
0.502000	-3.280660
0.503000	-1.669340
0.504000	7.192970
0.505000	14.443900
0.506000	18.472300
0.507000	12.027000
0.508000	8.804300
0.509000	7.192970
0.510000	9.609960
0.511000	10.415600
0.512000	2.358980
0.513000	-5.697660
0.514000	-3.280660
0.515000	-8.920310
0.516000	-10.531600
0.517000	-13.754300
0.518000	-16.976999
0.519000	-15.365600
0.520000	-12.143000
0.521000	-10.531600
0.522000	-10.531600
0.523000	-8.920310
0.524000	-7.308980
0.525000	-5.697660
0.526000	-4.891990
0.527000	-2.475000
0.528000	-2.475000
0.529000	-3.280660
0.530000	-4.891990
0.531000	-5.697660
0.532000	-6.503320
0.533000	-6.503320
0.534000	-6.503320
0.535000	-8.114650
0.536000	-8.920310
0.537000	-13.754300
0.538000	-12.948600
0.539000	-4.086330
0.540000	-1.669340
0.541000	-1.669340
0.542000	2.358980
0.543000	12.027000
0.544000	15.249600
0.545000	16.055300
0.546000	18.472300
0.547000	17.666599
0.548000	20.889299
0.549000	18.472300
0.550000	12.027000
0.551000	7.192970
0.552000	3.164650
0.553000	-1.669340
0.554000	-5.697660
0.555000	-9.725980
0.556000	-13.754300
0.557000	-16.171301
0.558000	-17.782600
0.559000	-20.199600
0.560000	-19.393900
0.561000	-18.588301
0.562000	-16.171301
0.563000	-14.560000
0.564000	-12.143000
0.565000	-7.308980
0.566000	-4.086330
0.567000	1.553320
0.568000	3.164650
0.569000	5.581640
0.570000	8.804300
0.571000	13.638300
0.572000	12.832600
0.573000	10.415600
0.574000	7.998630
0.575000	7.192970
0.576000	5.581640
0.577000	3.164650
0.578000	1.553320
0.579000	-0.863673
0.580000	-0.863673
0.581000	-0.058007
0.582000	1.553320
0.583000	1.553320
0.584000	0.747656
0.585000	2.358980
0.586000	1.553320
0.587000	2.358980
0.588000	0.747656
0.589000	-0.058007
0.590000	-2.475000
0.591000	-4.086330
0.592000	-4.086330
0.593000	-5.697660
0.594000	-7.308980
0.595000	-8.114650
0.596000	-8.920310
0.597000	-8.920310
0.598000	-8.920310
0.599000	-6.503320
0.600000	-5.697660
0.601000	-6.503320
0.602000	-4.891990
0.603000	-2.475000
0.604000	-0.058007
0.605000	1.553320
0.606000	5.581640
0.607000	7.192970
0.608000	9.609960
0.609000	9.609960
0.610000	10.415600
0.611000	12.832600
0.612000	12.832600
0.613000	12.832600
0.614000	10.415600
0.615000	7.998630
0.616000	7.192970
0.617000	4.775980
0.618000	1.553320
0.619000	0.747656
0.620000	-0.058007
0.621000	-1.669340
0.622000	-2.475000
0.623000	-3.280660
0.624000	-2.475000
0.625000	-3.280660
0.626000	-4.086330
0.627000	-2.475000
0.628000	-0.863673
0.629000	-1.669340
0.630000	-1.669340
0.631000	-0.058007
0.632000	-0.058007
0.633000	-0.058007
0.634000	0.747656
0.635000	1.553320
0.636000	1.553320
0.637000	3.164650
0.638000	2.358980
0.639000	3.164650
0.640000	4.775980
0.641000	4.775980
0.642000	5.581640
0.643000	4.775980
0.644000	5.581640
0.645000	6.387310
0.646000	5.581640
0.647000	6.387310
0.648000	6.387310
0.649000	5.581640
0.650000	6.387310
0.651000	4.775980
0.652000	4.775980
0.653000	3.970310
0.654000	3.164650
0.655000	1.553320
0.656000	0.747656
0.657000	0.747656
0.658000	0.747656
0.659000	-1.669340
0.660000	-1.669340
0.661000	-0.863673
0.662000	-0.863673
0.663000	-0.863673
0.664000	-0.058007
0.665000	-0.058007
0.666000	1.553320
0.667000	0.747656
0.668000	3.164650
0.669000	3.164650
0.670000	3.970310
0.671000	4.775980
0.672000	5.581640
0.673000	5.581640
0.674000	5.581640
0.675000	6.387310
0.676000	7.192970
0.677000	6.387310
0.678000	5.581640
0.679000	6.387310
0.680000	5.581640
0.681000	5.581640
0.682000	5.581640
0.683000	4.775980
0.684000	5.581640
0.685000	3.970310
0.686000	2.358980
0.687000	3.164650
0.688000	2.358980
0.689000	3.970310
0.690000	3.164650
0.691000	3.164650
0.692000	1.553320
0.693000	-0.863673
0.694000	0.747656
0.695000	1.553320
0.696000	0.747656
0.697000	-1.669340
0.698000	-0.863673
0.699000	2.358980
0.700000	3.970310
0.701000	3.164650
0.702000	1.553320
0.703000	1.553320
0.704000	5.581640
0.705000	9.609960
0.706000	7.998630
0.707000	4.775980
0.708000	6.387310
0.709000	7.192970
0.710000	9.609960
0.711000	7.192970
0.712000	5.581640
0.713000	4.775980
0.714000	3.164650
0.715000	4.775980
0.716000	4.775980
0.717000	0.747656
0.718000	-0.058007
0.719000	1.553320
0.720000	3.970310
0.721000	3.970310
0.722000	6.387310
0.723000	12.832600
0.724000	15.249600
0.725000	13.638300
0.726000	11.221300
0.727000	12.832600
0.728000	18.472300
0.729000	16.055300
0.730000	11.221300
0.731000	8.804300
0.732000	8.804300
0.733000	8.804300
0.734000	8.804300
0.735000	7.192970
0.736000	5.581640
0.737000	6.387310
0.738000	7.998630
0.739000	8.804300
0.740000	5.581640
0.741000	4.775980
0.742000	3.970310
0.743000	5.581640
0.744000	5.581640
0.745000	7.192970
0.746000	5.581640
0.747000	3.970310
0.748000	5.581640
0.749000	4.775980
0.750000	3.970310
0.751000	3.164650
0.752000	1.553320
0.753000	0.747656
0.754000	-1.669340
0.755000	-1.669340
0.756000	-1.669340
0.757000	-3.280660
0.758000	-3.280660
0.759000	-1.669340
0.760000	-1.669340
0.761000	-0.058007
0.762000	-0.863673
0.763000	-0.058007
0.764000	-0.058007
0.765000	1.553320
0.766000	2.358980
0.767000	1.553320
0.768000	2.358980
0.769000	0.747656
0.770000	0.747656
0.771000	0.747656
0.772000	0.747656
0.773000	1.553320
0.774000	-0.058007
0.775000	-0.058007
0.776000	-0.058007
0.777000	1.553320
0.778000	3.164650
0.779000	3.164650
0.780000	4.775980
0.781000	6.387310
0.782000	7.192970
0.783000	6.387310
0.784000	7.192970
0.785000	7.192970
0.786000	7.192970
0.787000	7.998630
0.788000	7.192970
0.789000	5.581640
0.790000	5.581640
0.791000	6.387310
0.792000	4.775980
0.793000	3.970310
0.794000	3.164650
0.795000	3.164650
0.796000	3.164650
0.797000	2.358980
0.798000	2.358980
0.799000	3.164650
0.800000	4.775980
0.801000	3.970310
0.802000	4.775980
0.803000	4.775980
0.804000	6.387310
0.805000	6.387310
0.806000	6.387310
0.807000	5.581640
0.808000	5.581640
0.809000	5.581640
0.810000	3.970310
0.811000	1.553320
0.812000	0.747656
0.813000	0.747656
0.814000	0.747656
0.815000	-0.058007
0.816000	-0.863673
0.817000	-1.669340
0.818000	-1.669340
0.819000	-0.863673
0.820000	-2.475000
0.821000	-2.475000
0.822000	-1.669340
0.823000	-0.863673
0.824000	0.747656
0.825000	-8.920310
0.826000	-18.588301
0.827000	4.775980
0.828000	23.306200
0.829000	38.613899
0.830000	42.642200
0.831000	44.253502
0.832000	43.447899
0.833000	35.391201
0.834000	23.306200
0.835000	10.415600
0.836000	3.164650
0.837000	-11.337300
0.838000	-18.588301
0.839000	-22.616600
0.840000	-35.507198
0.841000	-44.369499
0.842000	-39.535500
0.843000	-28.256300
0.844000	-23.422300
0.845000	-17.782600
0.846000	-20.199600
0.847000	-15.365600
0.848000	-5.697660
0.849000	3.164650
0.850000	7.998630
0.851000	-1.669340
0.852000	-2.475000
0.853000	-0.863673
0.854000	7.192970
0.855000	3.164650
