0.000000	0.260152
0.001000	0.260152
0.002000	0.217476
0.003000	0.217476
0.004000	0.217476
0.005000	0.217476
0.006000	0.174800
0.007000	0.174800
0.008000	0.132124
0.009000	0.132124
0.010000	0.132124
0.011000	0.089448
0.012000	0.046773
0.013000	0.004097
0.014000	-0.038579
0.015000	-0.166606
0.016000	-0.337309
0.017000	-0.550688
0.018000	-0.806743
0.019000	-1.148150
0.020000	-1.489560
0.021000	-1.958990
0.022000	-2.300400
0.023000	-2.684480
0.024000	-2.983210
0.025000	-3.324610
0.026000	-3.623340
0.027000	-3.836720
0.028000	-4.007430
0.029000	-4.135450
0.030000	-4.092780
0.031000	-4.050100
0.032000	-3.879400
0.033000	-3.666020
0.034000	-3.409970
0.035000	-3.068560
0.036000	-2.684480
0.037000	-2.215040
0.038000	-1.830960
0.039000	-1.361530
0.040000	-0.934770
0.041000	-0.550688
0.042000	-0.166606
0.043000	0.089448
0.044000	0.345503
0.045000	0.558882
0.046000	0.686909
0.047000	0.729585
0.048000	0.686909
0.049000	0.601558
0.050000	0.473530
0.051000	0.260152
0.052000	0.089448
0.053000	-0.123930
0.054000	-0.294634
0.055000	-0.465337
0.056000	-0.593364
0.057000	-0.721391
0.058000	-0.764067
0.059000	-0.764067
0.060000	-0.721391
0.061000	-0.636040
0.062000	-0.550688
0.063000	-0.422661
0.064000	-0.251958
0.065000	-0.081255
0.066000	0.046773
0.067000	0.260152
0.068000	0.430855
0.069000	0.601558
0.070000	0.686909
0.071000	0.814937
0.072000	0.857612
0.073000	0.900288
0.074000	0.985640
0.075000	1.070990
0.076000	1.113670
0.077000	1.113670
0.078000	1.070990
0.079000	1.113670
0.080000	1.113670
0.081000	1.156340
0.082000	1.113670
0.083000	1.028320
0.084000	0.985640
0.085000	0.985640
0.086000	0.942964
0.087000	0.942964
0.088000	0.857612
0.089000	0.814937
0.090000	0.900288
0.091000	0.900288
0.092000	0.857612
0.093000	0.857612
0.094000	0.857612
0.095000	0.942964
0.096000	0.985640
0.097000	1.028320
0.098000	1.070990
0.099000	1.156340
0.100000	1.284370
0.101000	1.412400
0.102000	1.497750
0.103000	1.625780
0.104000	1.753800
0.105000	1.924510
0.106000	2.052530
0.107000	2.180560
0.108000	2.265910
0.109000	2.351260
0.110000	2.436620
0.111000	2.521970
0.112000	2.564640
0.113000	2.564640
0.114000	2.564640
0.115000	2.564640
0.116000	2.479290
0.117000	2.436620
0.118000	2.436620
0.119000	2.393940
0.120000	2.351260
0.121000	2.265910
0.122000	2.265910
0.123000	2.265910
0.124000	2.223240
0.125000	2.223240
0.126000	2.223240
0.127000	2.223240
0.128000	2.265910
0.129000	2.223240
0.130000	2.265910
0.131000	2.223240
0.132000	2.265910
0.133000	2.223240
0.134000	2.223240
0.135000	2.265910
0.136000	2.308590
0.137000	2.351260
0.138000	2.308590
0.139000	2.308590
0.140000	2.265910
0.141000	2.308590
0.142000	2.308590
0.143000	2.308590
0.144000	2.351260
0.145000	2.308590
0.146000	2.308590
0.147000	2.223240
0.148000	2.223240
0.149000	2.180560
0.150000	2.180560
0.151000	2.223240
0.152000	2.180560
0.153000	2.265910
0.154000	2.265910
0.155000	2.308590
0.156000	2.393940
0.157000	2.479290
0.158000	2.564640
0.159000	2.650000
0.160000	2.735350
0.161000	2.863370
0.162000	2.991400
0.163000	3.076750
0.164000	3.204780
0.165000	3.247460
0.166000	3.375480
0.167000	3.503510
0.168000	3.631540
0.169000	3.716890
0.170000	3.802240
0.171000	3.887590
0.172000	3.972940
0.173000	4.058300
0.174000	4.143650
0.175000	4.143650
0.176000	4.229000
0.177000	4.186320
0.178000	4.229000
0.179000	4.271680
0.180000	4.271680
0.181000	4.229000
0.182000	4.229000
0.183000	4.186320
0.184000	4.186320
0.185000	4.186320
0.186000	4.186320
0.187000	4.186320
0.188000	4.186320
0.189000	4.186320
0.190000	4.229000
0.191000	4.229000
0.192000	4.229000
0.193000	4.271680
0.194000	4.271680
0.195000	4.271680
0.196000	4.314350
0.197000	4.314350
0.198000	4.357030
0.199000	4.399700
0.200000	4.399700
0.201000	4.442380
0.202000	4.485050
0.203000	4.527730
0.204000	4.570410
0.205000	4.613080
0.206000	4.655760
0.207000	4.655760
0.208000	4.655760
0.209000	4.613080
0.210000	4.570410
0.211000	4.570410
0.212000	4.570410
0.213000	4.527730
0.214000	4.527730
0.215000	4.527730
0.216000	4.570410
0.217000	4.613080
0.218000	4.655760
0.219000	4.783780
0.220000	4.826460
0.221000	4.911810
0.222000	5.039840
0.223000	5.082510
0.224000	5.210540
0.225000	5.295890
0.226000	5.295890
0.227000	5.381250
0.228000	5.381250
0.229000	5.423920
0.230000	5.466600
0.231000	5.466600
0.232000	5.423920
0.233000	5.423920
0.234000	5.423920
0.235000	5.381250
0.236000	5.381250
0.237000	5.338570
0.238000	5.338570
0.239000	5.253220
0.240000	5.210540
0.241000	5.167870
0.242000	5.167870
0.243000	5.125190
0.244000	5.125190
0.245000	5.167870
0.246000	5.167870
0.247000	5.167870
0.248000	5.210540
0.249000	5.338570
0.250000	5.423920
0.251000	5.466600
0.252000	5.551950
0.253000	5.637300
0.254000	5.722650
0.255000	5.808000
0.256000	5.936030
0.257000	6.021380
0.258000	6.064060
0.259000	6.106730
0.260000	6.064060
0.261000	5.893350
0.262000	5.637300
0.263000	5.679980
0.264000	5.637300
0.265000	5.679980
0.266000	5.679980
0.267000	5.893350
0.268000	6.064060
0.269000	6.320110
0.270000	6.661520
0.271000	6.917570
0.272000	7.258980
0.273000	7.557710
0.274000	7.856440
0.275000	8.069820
0.276000	8.197850
0.277000	8.197850
0.278000	8.112500
0.279000	7.941790
0.280000	7.771090
0.281000	7.643060
0.282000	7.472360
0.283000	7.344330
0.284000	7.301660
0.285000	7.387010
0.286000	7.515030
0.287000	7.728410
0.288000	7.984470
0.289000	8.240520
0.290000	8.581930
0.291000	8.795310
0.292000	8.923340
0.293000	8.837980
0.294000	8.880660
0.295000	8.795310
0.296000	8.581930
0.297000	8.240520
0.298000	8.027140
0.299000	7.771090
0.300000	7.600390
0.301000	7.515030
0.302000	7.344330
0.303000	7.216300
0.304000	7.216300
0.305000	7.301660
0.306000	7.472360
0.307000	7.557710
0.308000	7.728410
0.309000	7.899120
0.310000	8.027140
0.311000	8.197850
0.312000	8.368550
0.313000	8.411230
0.314000	8.453900
0.315000	8.539250
0.316000	8.667280
0.317000	8.837980
0.318000	8.880660
0.319000	9.051360
0.320000	9.179390
0.321000	9.435440
0.322000	9.606150
0.323000	9.520800
0.324000	9.520800
0.325000	9.520800
0.326000	9.606150
0.327000	9.563470
0.328000	9.307420
0.329000	9.136710
0.330000	9.051360
0.331000	9.094040
0.332000	8.880660
0.333000	8.709960
0.334000	8.795310
0.335000	8.923340
0.336000	9.008690
0.337000	9.008690
0.338000	9.051360
0.339000	9.222070
0.340000	9.478120
0.341000	9.691500
0.342000	9.648820
0.343000	9.648820
0.344000	9.862200
0.345000	10.075600
0.346000	10.203600
0.347000	10.331600
0.348000	10.374300
0.349000	10.502300
0.350000	10.630400
0.351000	10.758400
0.352000	10.929100
0.353000	11.057100
0.354000	11.142500
0.355000	11.185200
0.356000	11.185200
0.357000	11.270500
0.358000	11.142500
0.359000	11.014400
0.360000	10.843700
0.361000	10.715700
0.362000	10.587700
0.363000	10.459700
0.364000	10.331600
0.365000	10.203600
0.366000	10.160900
0.367000	10.160900
0.368000	10.203600
0.369000	10.246300
0.370000	10.331600
0.371000	10.417000
0.372000	10.459700
0.373000	10.502300
0.374000	10.502300
0.375000	10.545000
0.376000	10.630400
0.377000	10.715700
0.378000	10.801100
0.379000	10.886400
0.380000	10.971800
0.381000	11.142500
0.382000	11.313200
0.383000	11.441200
0.384000	11.526600
0.385000	11.611900
0.386000	11.739900
0.387000	11.868000
0.388000	11.868000
0.389000	11.825300
0.390000	11.825300
0.391000	11.825300
0.392000	11.825300
0.393000	11.739900
0.394000	11.697300
0.395000	11.654600
0.396000	11.697300
0.397000	11.654600
0.398000	11.697300
0.399000	11.654600
0.400000	11.654600
0.401000	11.739900
0.402000	11.868000
0.403000	11.868000
0.404000	11.868000
0.405000	11.868000
0.406000	11.953300
0.407000	11.996000
0.408000	11.996000
0.409000	12.038700
0.410000	12.081300
0.411000	12.209400
0.412000	12.124000
0.413000	11.825300
0.414000	11.953300
0.415000	11.910600
0.416000	11.996000
0.417000	11.996000
0.418000	12.252000
0.419000	12.337400
0.420000	11.569200
0.421000	11.611900
0.422000	11.270500
0.423000	11.526600
0.424000	11.398500
0.425000	11.611900
0.426000	11.654600
0.427000	11.483900
0.428000	11.825300
0.429000	11.526600
0.430000	11.611900
0.431000	11.526600
0.432000	11.739900
0.433000	11.910600
0.434000	12.038700
0.435000	12.124000
0.436000	12.081300
0.437000	12.252000
0.438000	12.252000
0.439000	12.422700
0.440000	12.422700
0.441000	12.465400
0.442000	12.550800
0.443000	12.550800
0.444000	12.678800
0.445000	12.636100
0.446000	12.678800
0.447000	12.678800
0.448000	12.721500
0.449000	12.678800
0.450000	12.678800
0.451000	12.593500
0.452000	12.508100
0.453000	12.550800
0.454000	12.550800
0.455000	12.550800
0.456000	12.550800
0.457000	12.508100
0.458000	12.465400
0.459000	12.380100
0.460000	12.337400
0.461000	12.337400
0.462000	12.465400
0.463000	12.465400
0.464000	12.422700
0.465000	12.465400
0.466000	12.593500
0.467000	12.721500
0.468000	12.806800
0.469000	12.892200
0.470000	12.892200
0.471000	12.977500
0.472000	13.148200
0.473000	13.190900
0.474000	13.148200
0.475000	13.148200
0.476000	13.233600
0.477000	13.361600
0.478000	13.404300
0.479000	13.318900
0.480000	13.318900
0.481000	13.276300
0.482000	13.276300
0.483000	13.276300
0.484000	13.233600
0.485000	13.148200
0.486000	13.062900
0.487000	13.020200
0.488000	12.977500
0.489000	12.977500
0.490000	12.934900
0.491000	12.849500
0.492000	12.849500
0.493000	12.849500
0.494000	12.934900
0.495000	12.977500
0.496000	13.148200
0.497000	14.129800
0.498000	15.068600
0.499000	15.367400
0.500000	15.794100
0.501000	16.263599
0.502000	17.287800
0.503000	17.885201
0.504000	17.970600
0.505000	17.927900
0.506000	18.141300
0.507000	18.568100
0.508000	18.440001
0.509000	17.885201
0.510000	16.946400
0.511000	16.135500
0.512000	15.794100
0.513000	15.282000
0.514000	14.599200
0.515000	13.873700
0.516000	13.447000
0.517000	13.276300
0.518000	13.233600
0.519000	12.977500
0.520000	12.806800
0.521000	12.849500
0.522000	13.105600
0.523000	13.361600
0.524000	13.489600
0.525000	13.532300
0.526000	13.703000
0.527000	13.873700
0.528000	14.044400
0.529000	14.172500
0.530000	14.343200
0.531000	14.471200
0.532000	14.599200
0.533000	14.684600
0.534000	14.727200
0.535000	14.769900
0.536000	14.940600
0.537000	15.708800
0.538000	15.964800
0.539000	15.964800
0.540000	16.818399
0.541000	17.714500
0.542000	18.056000
0.543000	18.312000
0.544000	18.994801
0.545000	19.250900
0.546000	19.293501
0.547000	19.336201
0.548000	18.568100
0.549000	17.842600
0.550000	17.287800
0.551000	16.434299
0.552000	15.495400
0.553000	14.428500
0.554000	13.703000
0.555000	12.849500
0.556000	12.038700
0.557000	11.355900
0.558000	10.843700
0.559000	10.715700
0.560000	10.673000
0.561000	10.886400
0.562000	11.142500
0.563000	11.782600
0.564000	12.465400
0.565000	13.190900
0.566000	14.044400
0.567000	14.769900
0.568000	15.580800
0.569000	16.220900
0.570000	16.647699
0.571000	16.733000
0.572000	16.903700
0.573000	17.074400
0.574000	16.989100
0.575000	16.775700
0.576000	16.519600
0.577000	16.306200
0.578000	16.220900
0.579000	16.050200
0.580000	15.922200
0.581000	15.623400
0.582000	15.452700
0.583000	15.367400
0.584000	15.196700
0.585000	14.940600
0.586000	14.641900
0.587000	14.300500
0.588000	14.001800
0.589000	13.660300
0.590000	13.404300
0.591000	13.020200
0.592000	12.721500
0.593000	12.508100
0.594000	12.380100
0.595000	12.380100
0.596000	12.422700
0.597000	12.465400
0.598000	12.593500
0.599000	12.849500
0.600000	13.148200
0.601000	13.575000
0.602000	13.959100
0.603000	14.385800
0.604000	14.727200
0.605000	15.239400
0.606000	15.666100
0.607000	16.050200
0.608000	16.391600
0.609000	16.647699
0.610000	16.903700
0.611000	16.989100
0.612000	16.903700
0.613000	16.775700
0.614000	16.605000
0.615000	16.306200
0.616000	15.922200
0.617000	15.538100
0.618000	15.196700
0.619000	14.769900
0.620000	14.385800
0.621000	14.044400
0.622000	13.703000
0.623000	13.532300
0.624000	13.404300
0.625000	13.318900
0.626000	13.276300
0.627000	13.276300
0.628000	13.361600
0.629000	13.447000
0.630000	13.617700
0.631000	13.788400
0.632000	13.959100
0.633000	14.129800
0.634000	14.257800
0.635000	14.428500
0.636000	14.641900
0.637000	14.855300
0.638000	14.983300
0.639000	15.154000
0.640000	15.282000
0.641000	15.410100
0.642000	15.538100
0.643000	15.708800
0.644000	15.794100
0.645000	15.836800
0.646000	15.836800
0.647000	15.836800
0.648000	15.751500
0.649000	15.708800
0.650000	15.538100
0.651000	15.367400
0.652000	15.111300
0.653000	14.855300
0.654000	14.599200
0.655000	14.385800
0.656000	14.129800
0.657000	13.916400
0.658000	13.831100
0.659000	13.745700
0.660000	13.703000
0.661000	13.703000
0.662000	13.745700
0.663000	13.916400
0.664000	14.001800
0.665000	14.129800
0.666000	14.300500
0.667000	14.471200
0.668000	14.684600
0.669000	14.897900
0.670000	15.026000
0.671000	15.239400
0.672000	15.367400
0.673000	15.538100
0.674000	15.666100
0.675000	15.708800
0.676000	15.794100
0.677000	15.879500
0.678000	15.794100
0.679000	15.794100
0.680000	15.751500
0.681000	15.623400
0.682000	15.452700
0.683000	15.367400
0.684000	15.239400
0.685000	15.111300
0.686000	15.026000
0.687000	14.940600
0.688000	14.855300
0.689000	14.769900
0.690000	14.684600
0.691000	14.684600
0.692000	14.599200
0.693000	14.599200
0.694000	14.343200
0.695000	14.172500
0.696000	14.257800
0.697000	14.385800
0.698000	14.257800
0.699000	14.257800
0.700000	14.428500
0.701000	14.727200
0.702000	15.068600
0.703000	15.282000
0.704000	15.196700
0.705000	15.324700
0.706000	15.538100
0.707000	15.751500
0.708000	15.794100
0.709000	15.538100
0.710000	15.239400
0.711000	15.282000
0.712000	15.111300
0.713000	14.855300
0.714000	14.684600
0.715000	14.556500
0.716000	14.556500
0.717000	14.684600
0.718000	14.812600
0.719000	14.897900
0.720000	15.111300
0.721000	15.452700
0.722000	15.538100
0.723000	15.580800
0.724000	15.879500
0.725000	16.220900
0.726000	16.391600
0.727000	16.178200
0.728000	15.794100
0.729000	15.751500
0.730000	15.794100
0.731000	15.708800
0.732000	15.580800
0.733000	15.410100
0.734000	15.452700
0.735000	15.623400
0.736000	15.623400
0.737000	15.495400
0.738000	15.282000
0.739000	15.196700
0.740000	15.324700
0.741000	15.239400
0.742000	14.983300
0.743000	14.727200
0.744000	14.513900
0.745000	14.300500
0.746000	14.215100
0.747000	14.215100
0.748000	14.129800
0.749000	14.001800
0.750000	14.001800
0.751000	13.916400
0.752000	13.916400
0.753000	13.831100
0.754000	13.831100
0.755000	13.745700
0.756000	13.660300
0.757000	13.660300
0.758000	13.660300
0.759000	13.575000
0.760000	13.532300
0.761000	13.489600
0.762000	13.532300
0.763000	13.532300
0.764000	13.575000
0.765000	13.532300
0.766000	13.532300
0.767000	13.532300
0.768000	13.489600
0.769000	13.575000
0.770000	13.575000
0.771000	13.575000
0.772000	13.532300
0.773000	13.575000
0.774000	13.532300
0.775000	13.532300
0.776000	13.489600
0.777000	13.489600
0.778000	13.575000
0.779000	13.703000
0.780000	13.703000
0.781000	13.703000
0.782000	13.831100
0.783000	13.959100
0.784000	14.001800
0.785000	14.044400
0.786000	14.044400
0.787000	14.044400
0.788000	14.001800
0.789000	13.916400
0.790000	13.745700
0.791000	13.532300
0.792000	13.447000
0.793000	13.318900
0.794000	13.190900
0.795000	13.062900
0.796000	13.020200
0.797000	13.105600
0.798000	13.062900
0.799000	13.148200
0.800000	13.233600
0.801000	13.318900
0.802000	13.447000
0.803000	13.532300
0.804000	13.532300
0.805000	13.489600
0.806000	13.489600
0.807000	13.489600
0.808000	13.276300
0.809000	13.020200
0.810000	12.934900
0.811000	12.721500
0.812000	12.508100
0.813000	12.294700
0.814000	12.166700
0.815000	12.081300
0.816000	12.038700
0.817000	12.038700
0.818000	11.996000
0.819000	11.996000
0.820000	12.081300
0.821000	12.081300
0.822000	12.124000
0.823000	12.038700
0.824000	12.081300
0.825000	12.977500
0.826000	15.282000
0.827000	14.513900
0.828000	14.684600
0.829000	14.428500
0.830000	14.172500
0.831000	12.977500
0.832000	11.868000
0.833000	10.715700
0.834000	9.392770
0.835000	8.027140
0.836000	5.936030
0.837000	4.613080
0.838000	2.564640
0.839000	0.644234
0.840000	0.473530
0.841000	0.473530
0.842000	0.217476
0.843000	0.046773
0.844000	0.516206
0.845000	1.199020
0.846000	2.393940
0.847000	3.076750
0.848000	3.546190
0.849000	3.887590
0.850000	4.442380
0.851000	5.679980
0.852000	6.362790
0.853000	6.192090
0.854000	5.679980
0.855000	6.320110
