0.000000	0.912656
0.001000	0.106993
0.002000	0.106993
0.003000	0.106993
0.004000	-0.698673
0.005000	-1.504340
0.006000	-2.310000
0.007000	-3.115660
0.008000	-3.921330
0.009000	-5.532660
0.010000	-5.532660
0.011000	-5.532660
0.012000	-4.726990
0.013000	-6.338320
0.014000	-5.532660
0.015000	-5.532660
0.016000	-4.726990
0.017000	-5.532660
0.018000	-3.921330
0.019000	-3.921330
0.020000	-1.504340
0.021000	-0.698673
0.022000	0.106993
0.023000	1.718320
0.024000	2.523980
0.025000	1.718320
0.026000	1.718320
0.027000	1.718320
0.028000	1.718320
0.029000	0.912656
0.030000	0.912656
0.031000	0.106993
0.032000	0.912656
0.033000	-0.698673
0.034000	-0.698673
0.035000	0.106993
0.036000	-0.698673
0.037000	0.106993
0.038000	0.106993
0.039000	-0.698673
0.040000	0.106993
0.041000	0.106993
0.042000	0.912656
0.043000	-0.698673
0.044000	0.912656
0.045000	0.912656
0.046000	0.912656
0.047000	0.106993
0.048000	0.106993
0.049000	1.718320
0.050000	1.718320
0.051000	2.523980
0.052000	0.912656
0.053000	2.523980
0.054000	2.523980
0.055000	1.718320
0.056000	1.718320
0.057000	2.523980
0.058000	2.523980
0.059000	3.329650
0.060000	2.523980
0.061000	3.329650
0.062000	3.329650
0.063000	2.523980
0.064000	1.718320
0.065000	2.523980
0.066000	0.912656
0.067000	0.912656
0.068000	-0.698673
0.069000	-0.698673
0.070000	-0.698673
0.071000	0.106993
0.072000	0.912656
0.073000	2.523980
0.074000	4.135310
0.075000	4.940980
0.076000	4.940980
0.077000	4.940980
0.078000	4.135310
0.079000	4.135310
0.080000	2.523980
0.081000	2.523980
0.082000	2.523980
0.083000	2.523980
0.084000	2.523980
0.085000	3.329650
0.086000	4.135310
0.087000	4.135310
0.088000	4.135310
0.089000	4.940980
0.090000	4.940980
0.091000	4.940980
0.092000	3.329650
0.093000	2.523980
0.094000	0.912656
0.095000	0.912656
0.096000	0.106993
0.097000	-0.698673
0.098000	-0.698673
0.099000	-0.698673
0.100000	-0.698673
0.101000	0.106993
0.102000	0.912656
0.103000	1.718320
0.104000	2.523980
0.105000	4.135310
0.106000	5.746640
0.107000	4.940980
0.108000	4.940980
0.109000	4.135310
0.110000	4.135310
0.111000	3.329650
0.112000	2.523980
0.113000	1.718320
0.114000	1.718320
0.115000	3.329650
0.116000	2.523980
0.117000	4.135310
0.118000	2.523980
0.119000	3.329650
0.120000	4.135310
0.121000	3.329650
0.122000	4.135310
0.123000	4.135310
0.124000	5.746640
0.125000	4.940980
0.126000	4.135310
0.127000	1.718320
0.128000	-0.698673
0.129000	-1.504340
0.130000	-3.115660
0.131000	-3.921330
0.132000	-1.504340
0.133000	-0.698673
0.134000	0.912656
0.135000	0.106993
0.136000	0.106993
0.137000	2.523980
0.138000	0.912656
0.139000	2.523980
0.140000	3.329650
0.141000	3.329650
0.142000	4.940980
0.143000	5.746640
0.144000	0.912656
0.145000	-0.698673
0.146000	-3.115660
0.147000	-7.143980
0.148000	-8.755310
0.149000	-7.949650
0.150000	-6.338320
0.151000	-3.921330
0.152000	-3.921330
0.153000	1.718320
0.154000	3.329650
0.155000	4.940980
0.156000	5.746640
0.157000	4.135310
0.158000	3.329650
0.159000	4.135310
0.160000	2.523980
0.161000	2.523980
0.162000	1.718320
0.163000	-2.310000
0.164000	-5.532660
0.165000	-5.532660
0.166000	-4.726990
0.167000	-4.726990
0.168000	-3.115660
0.169000	-1.504340
0.170000	-0.698673
0.171000	1.718320
0.172000	0.912656
0.173000	2.523980
0.174000	1.718320
0.175000	0.912656
0.176000	0.912656
0.177000	-0.698673
0.178000	-1.504340
0.179000	-0.698673
0.180000	-1.504340
0.181000	-1.504340
0.182000	-1.504340
0.183000	-2.310000
0.184000	-3.115660
0.185000	-2.310000
0.186000	-2.310000
0.187000	-1.504340
0.188000	-0.698673
0.189000	0.106993
0.190000	0.106993
0.191000	0.912656
0.192000	0.912656
0.193000	0.912656
0.194000	0.912656
0.195000	0.106993
0.196000	0.106993
0.197000	-0.698673
0.198000	-0.698673
0.199000	-0.698673
0.200000	-1.504340
0.201000	-1.504340
0.202000	-0.698673
0.203000	-0.698673
0.204000	-0.698673
0.205000	-1.504340
0.206000	-0.698673
0.207000	0.912656
0.208000	0.106993
0.209000	-0.698673
0.210000	-2.310000
0.211000	-1.504340
0.212000	-1.504340
0.213000	-0.698673
0.214000	-1.504340
0.215000	-2.310000
0.216000	-1.504340
0.217000	-2.310000
0.218000	-2.310000
0.219000	-3.115660
0.220000	-3.115660
0.221000	-3.115660
0.222000	-2.310000
0.223000	-2.310000
0.224000	-1.504340
0.225000	-1.504340
0.226000	-1.504340
0.227000	-0.698673
0.228000	-0.698673
0.229000	-0.698673
0.230000	24.276899
0.231000	-4.726990
0.232000	4.135310
0.233000	0.912656
0.234000	-1.504340
0.235000	-16.006300
0.236000	-17.617599
0.237000	-16.812000
0.238000	-18.423300
0.239000	-20.034599
0.240000	-20.840300
0.241000	-6.338320
0.242000	-3.115660
0.243000	-5.532660
0.244000	3.329650
0.245000	0.912656
0.246000	100.009003
0.247000	34.750500
