0.000000	-1.315630
0.001000	-1.336180
0.002000	-1.315630
0.003000	-1.356740
0.004000	-1.356740
0.005000	-1.315630
0.006000	-1.377290
0.007000	-1.356740
0.008000	-1.336180
0.009000	-1.377290
0.010000	-1.356740
0.011000	-1.336180
0.012000	-1.356740
0.013000	-1.397850
0.014000	-1.480080
0.015000	-1.521190
0.016000	-1.582860
0.017000	-1.644530
0.018000	-1.623970
0.019000	-1.582860
0.020000	-1.500630
0.021000	-1.377290
0.022000	-1.192290
0.023000	-1.151170
0.024000	-1.007280
0.025000	-0.986719
0.026000	-1.068950
0.027000	-1.110060
0.028000	-1.171730
0.029000	-1.233400
0.030000	-1.253960
0.031000	-1.192290
0.032000	-1.151170
0.033000	-1.068950
0.034000	-0.966162
0.035000	-0.945605
0.036000	-0.925049
0.037000	-0.966162
0.038000	-0.966162
0.039000	-0.945605
0.040000	-0.925049
0.041000	-0.863379
0.042000	-0.863379
0.043000	-0.966162
0.044000	-0.986719
0.045000	-1.027830
0.046000	-1.110060
0.047000	-1.192290
0.048000	-1.233400
0.049000	-1.151170
0.050000	-1.027830
0.051000	-0.883936
0.052000	-0.719482
0.053000	-0.698926
0.054000	-0.698926
0.055000	-0.801709
0.056000	-0.925049
0.057000	-1.130620
0.058000	-1.233400
0.059000	-1.233400
0.060000	-1.253960
0.061000	-1.089500
0.062000	-0.945605
0.063000	-0.801709
0.064000	-0.698926
0.065000	-0.637256
0.066000	-0.596143
0.067000	-0.698926
0.068000	-0.740039
0.069000	-0.801709
0.070000	-0.822266
0.071000	-0.801709
0.072000	-0.698926
0.073000	-0.575586
0.074000	-0.513916
0.075000	-0.472803
0.076000	-0.493359
0.077000	-0.493359
0.078000	-0.431689
0.079000	-0.452246
0.080000	-0.513916
0.081000	-0.493359
0.082000	-0.513916
0.083000	-0.698926
0.084000	-0.781152
0.085000	-1.110060
0.086000	-1.459520
0.087000	-1.747310
0.088000	-1.829540
0.089000	-1.726760
0.090000	-1.480080
0.091000	-1.274510
0.092000	-1.068950
0.093000	-0.945605
0.094000	-1.048390
0.095000	-1.171730
0.096000	-1.500630
0.097000	-1.808980
0.098000	-2.117330
0.099000	-2.281790
0.100000	-2.322900
0.101000	-2.117330
0.102000	-1.808980
0.103000	-1.356740
0.104000	-0.986719
0.105000	-0.781152
0.106000	-0.740039
0.107000	-0.883936
0.108000	-1.110060
0.109000	-1.233400
0.110000	-1.274510
0.111000	-1.295070
0.112000	-1.110060
0.113000	-0.904492
0.114000	-0.678369
0.115000	-0.390576
0.116000	-0.143896
0.117000	0.041113
0.118000	0.061670
0.119000	0.041113
0.120000	0.041113
0.121000	0.020557
0.122000	0.020557
0.123000	0.164453
0.124000	0.246680
0.125000	0.287793
0.126000	0.328906
0.127000	0.308350
0.128000	0.185010
0.129000	0.061670
0.130000	-0.102783
0.131000	-0.308350
0.132000	-0.452246
0.133000	-0.555029
0.134000	-0.596143
0.135000	-2.179000
0.136000	-3.926320
0.137000	-4.830810
0.138000	-4.892480
0.139000	-3.104050
0.140000	-1.356740
0.141000	-0.575586
0.142000	-0.349463
0.143000	-1.027830
0.144000	-1.891210
0.145000	-2.158450
0.146000	-2.179000
0.147000	-1.541750
0.148000	-0.781152
0.149000	0.164453
0.150000	0.452246
0.151000	-0.020557
0.152000	-0.657813
0.153000	-1.418410
0.154000	-2.076220
0.155000	-2.055660
0.156000	-1.480080
0.157000	-0.596143
0.158000	0.123340
0.159000	0.575586
0.160000	0.575586
0.161000	0.205566
0.162000	-0.082227
0.163000	0.000000
0.164000	0.328906
0.165000	0.842822
0.166000	1.110060
0.167000	0.781152
0.168000	0.102783
0.169000	-0.493359
0.170000	-0.883936
0.171000	-1.027830
0.172000	-1.110060
0.173000	-1.233400
0.174000	-1.644530
0.175000	-2.117330
0.176000	-2.466800
0.177000	-2.487350
0.178000	-2.364010
0.179000	-2.096780
0.180000	-1.706200
0.181000	-1.438960
0.182000	-1.295070
0.183000	-1.192290
0.184000	-1.130620
0.185000	-1.110060
0.186000	-0.945605
0.187000	-0.760596
0.188000	-0.472803
0.189000	-0.246680
0.190000	-0.082227
0.191000	0.123340
0.192000	0.020557
0.193000	-0.082227
0.194000	-0.246680
0.195000	-0.226123
0.196000	-0.246680
0.197000	-0.226123
0.198000	-0.328906
0.199000	-0.493359
0.200000	-0.657813
0.201000	-0.883936
0.202000	-0.986719
0.203000	-1.130620
0.204000	-1.192290
0.205000	-1.233400
0.206000	-1.315630
0.207000	-1.418410
0.208000	-1.459520
0.209000	-1.521190
0.210000	-1.562300
0.211000	-1.438960
0.212000	-1.397850
0.213000	-1.480080
0.214000	-1.562300
0.215000	-1.644530
0.216000	-1.706200
0.217000	-1.726760
0.218000	-1.644530
0.219000	-1.562300
0.220000	-1.480080
0.221000	-1.356740
0.222000	-1.192290
0.223000	-1.048390
0.224000	-0.925049
0.225000	-0.863379
0.226000	-0.740039
0.227000	-0.657813
0.228000	-0.513916
0.229000	-0.328906
0.230000	-0.328906
0.231000	-0.246680
0.232000	-0.246680
0.233000	-0.226123
0.234000	-0.287793
0.235000	-0.308350
0.236000	-0.164453
0.237000	0.082227
0.238000	0.308350
0.239000	0.370020
0.240000	0.102783
0.241000	-0.370020
0.242000	-0.842822
0.243000	-1.274510
0.244000	-1.582860
0.245000	-1.644530
0.246000	-1.706200
0.247000	-1.788430
0.248000	-1.870650
0.249000	-1.911770
0.250000	-1.541750
0.251000	-1.212840
0.252000	-1.192290
0.253000	-1.295070
0.254000	-1.356740
0.255000	-1.418410
0.256000	-1.397850
0.257000	-1.377290
0.258000	-1.459520
0.259000	-1.562300
0.260000	-1.685640
0.261000	-1.788430
0.262000	-1.706200
0.263000	-1.644530
0.264000	-1.541750
0.265000	-1.500630
0.266000	-1.521190
0.267000	-1.541750
0.268000	-1.377290
0.269000	-1.171730
0.270000	-0.904492
0.271000	-0.657813
0.272000	-0.513916
0.273000	-0.555029
0.274000	-0.657813
0.275000	-0.678369
0.276000	-0.719482
0.277000	-0.596143
0.278000	-0.534473
0.279000	-0.411133
0.280000	-0.513916
0.281000	-0.740039
0.282000	-0.966162
0.283000	-1.089500
0.284000	-1.171730
0.285000	-1.295070
0.286000	-1.438960
0.287000	-1.562300
0.288000	-2.199560
0.289000	-0.986719
0.290000	0.390576
0.291000	0.575586
0.292000	-0.205566
0.293000	-0.945605
0.294000	-1.171730
0.295000	-1.377290
0.296000	-1.767870
0.297000	-1.911770
0.298000	-2.035110
0.299000	-1.870650
0.300000	-1.582860
0.301000	-1.356740
0.302000	-1.315630
0.303000	-1.027830
0.304000	-1.068950
0.305000	-1.192290
0.306000	-1.295070
0.307000	-1.130620
0.308000	-0.945605
0.309000	-0.740039
0.310000	-0.616699
0.311000	-0.472803
0.312000	-0.740039
0.313000	-0.719482
0.314000	-0.493359
0.315000	-0.308350
0.316000	-0.390576
0.317000	-0.740039
0.318000	-1.089500
0.319000	-1.233400
0.320000	-1.130620
0.321000	-0.863379
0.322000	-0.719482
0.323000	-0.637256
0.324000	-0.575586
0.325000	-0.719482
0.326000	-0.945605
0.327000	-0.966162
0.328000	-1.048390
0.329000	-1.130620
0.330000	-1.068950
0.331000	-0.986719
0.332000	-1.027830
0.333000	-1.068950
0.334000	-1.027830
0.335000	-1.068950
0.336000	-1.089500
0.337000	-1.130620
0.338000	-1.068950
0.339000	-1.007280
0.340000	-0.966162
0.341000	-0.883936
0.342000	-0.842822
0.343000	-0.781152
0.344000	-0.678369
0.345000	-0.534473
0.346000	-0.493359
0.347000	-0.411133
0.348000	-0.349463
0.349000	-0.390576
0.350000	-0.390576
0.351000	-0.328906
0.352000	-0.328906
0.353000	-0.287793
0.354000	-0.246680
0.355000	-0.328906
0.356000	-0.452246
0.357000	-0.575586
0.358000	-0.719482
0.359000	-0.822266
0.360000	-0.945605
0.361000	-0.986719
0.362000	-1.048390
0.363000	-1.151170
0.364000	-1.171730
0.365000	-1.130620
0.366000	-1.233400
0.367000	-1.151170
0.368000	-1.110060
0.369000	-1.068950
0.370000	-1.048390
0.371000	-1.007280
0.372000	-0.945605
0.373000	-0.904492
0.374000	-0.781152
0.375000	-0.678369
0.376000	-0.637256
0.377000	-0.575586
0.378000	-0.472803
0.379000	-0.411133
0.380000	-0.328906
0.381000	-0.267236
0.382000	-0.226123
0.383000	-0.226123
0.384000	-0.164453
0.385000	-0.164453
0.386000	-0.205566
0.387000	-0.164453
0.388000	-0.246680
0.389000	-0.226123
0.390000	-0.267236
0.391000	-0.308350
0.392000	-0.370020
0.393000	-0.411133
0.394000	-0.493359
0.395000	-0.555029
0.396000	-0.616699
0.397000	-0.781152
0.398000	-0.801709
0.399000	-0.863379
0.400000	-0.883936
0.401000	-0.781152
0.402000	-0.698926
0.403000	-0.637256
0.404000	-0.555029
0.405000	-0.534473
0.406000	-0.513916
0.407000	-0.513916
0.408000	-0.534473
0.409000	-0.493359
0.410000	-0.472803
0.411000	-0.452246
0.412000	-0.411133
0.413000	-0.370020
0.414000	-0.349463
0.415000	-0.308350
0.416000	-0.308350
0.417000	-0.370020
0.418000	-0.370020
0.419000	-0.349463
0.420000	-0.349463
0.421000	-0.349463
0.422000	-0.328906
0.423000	-0.328906
0.424000	-0.308350
0.425000	-0.370020
0.426000	-0.370020
0.427000	-0.390576
0.428000	-0.452246
0.429000	-0.452246
0.430000	-0.431689
0.431000	-0.452246
0.432000	-0.370020
0.433000	-0.370020
0.434000	-0.390576
0.435000	-0.308350
0.436000	-0.287793
0.437000	-0.246680
0.438000	-0.205566
0.439000	-0.143896
0.440000	-0.102783
0.441000	-0.061670
0.442000	-0.020557
0.443000	0.041113
0.444000	0.082227
0.445000	0.123340
0.446000	0.123340
0.447000	0.143896
0.448000	0.082227
0.449000	0.102783
0.450000	0.102783
0.451000	0.041113
0.452000	0.061670
0.453000	0.000000
0.454000	-0.061670
0.455000	-0.102783
0.456000	0.020557
0.457000	0.370020
0.458000	-0.020557
0.459000	-0.102783
0.460000	-0.411133
0.461000	-1.068950
0.462000	-1.151170
0.463000	-1.500630
0.464000	-1.274510
0.465000	-0.945605
0.466000	-0.678369
0.467000	0.082227
0.468000	0.472803
0.469000	0.575586
0.470000	0.698926
0.471000	0.637256
0.472000	0.390576
0.473000	0.328906
0.474000	0.000000
0.475000	-0.328906
0.476000	-0.555029
0.477000	-0.616699
0.478000	-0.616699
0.479000	-0.534473
0.480000	-0.411133
0.481000	-0.123340
0.482000	0.123340
0.483000	0.349463
0.484000	0.555029
0.485000	0.555029
0.486000	0.513916
0.487000	0.411133
0.488000	0.143896
0.489000	-0.041113
0.490000	-0.246680
0.491000	-0.308350
0.492000	-0.246680
0.493000	-0.143896
0.494000	0.041113
0.495000	0.226123
0.496000	0.267236
0.497000	0.226123
0.498000	0.061670
0.499000	-0.123340
0.500000	-0.205566
0.501000	-0.267236
0.502000	-0.328906
0.503000	-0.308350
0.504000	-0.287793
0.505000	-0.205566
0.506000	-0.082227
0.507000	0.020557
0.508000	0.143896
0.509000	0.267236
0.510000	0.308350
0.511000	0.267236
0.512000	0.123340
0.513000	-0.185010
0.514000	-0.431689
0.515000	-0.678369
0.516000	-0.842822
0.517000	-0.883936
0.518000	-0.801709
0.519000	-0.719482
0.520000	-0.411133
0.521000	-0.102783
0.522000	0.185010
0.523000	0.390576
0.524000	0.472803
0.525000	0.431689
0.526000	0.349463
0.527000	0.205566
0.528000	0.102783
0.529000	-0.082227
0.530000	-0.246680
0.531000	-0.349463
0.532000	-0.431689
0.533000	-0.472803
0.534000	-0.390576
0.535000	-0.226123
0.536000	-0.123340
0.537000	0.061670
0.538000	0.185010
0.539000	0.246680
0.540000	0.246680
0.541000	0.205566
0.542000	0.102783
0.543000	0.000000
0.544000	-0.082227
0.545000	-0.082227
0.546000	-0.143896
0.547000	-0.164453
0.548000	-0.164453
0.549000	-0.143896
0.550000	-0.185010
0.551000	-0.205566
0.552000	-0.205566
0.553000	-0.267236
0.554000	-0.205566
0.555000	-0.205566
0.556000	-0.123340
0.557000	-0.061670
0.558000	0.041113
0.559000	0.102783
0.560000	0.123340
0.561000	0.164453
0.562000	0.226123
0.563000	0.267236
0.564000	0.308350
0.565000	0.287793
0.566000	0.185010
0.567000	-0.020557
0.568000	-0.061670
0.569000	-0.226123
0.570000	-0.308350
0.571000	-0.308350
0.572000	-0.246680
0.573000	-0.164453
0.574000	-0.061670
0.575000	0.041113
0.576000	0.082227
0.577000	0.143896
0.578000	0.164453
0.579000	0.226123
0.580000	0.226123
0.581000	0.226123
0.582000	0.143896
0.583000	0.102783
0.584000	0.000000
0.585000	-0.041113
0.586000	-0.143896
0.587000	-0.226123
0.588000	-0.205566
0.589000	-0.226123
0.590000	-0.205566
0.591000	-0.164453
0.592000	-0.102783
0.593000	-0.041113
0.594000	-0.020557
0.595000	0.061670
0.596000	0.102783
0.597000	0.164453
0.598000	0.226123
0.599000	0.267236
0.600000	0.287793
0.601000	0.246680
0.602000	0.185010
0.603000	0.102783
0.604000	-0.020557
0.605000	-0.082227
0.606000	-0.102783
0.607000	-0.123340
0.608000	-0.082227
0.609000	-0.061670
0.610000	-0.020557
0.611000	0.041113
0.612000	0.041113
0.613000	0.061670
0.614000	0.061670
0.615000	0.061670
0.616000	0.102783
0.617000	0.102783
0.618000	0.082227
0.619000	0.082227
0.620000	0.061670
0.621000	0.020557
0.622000	0.041113
0.623000	0.061670
0.624000	0.041113
0.625000	0.082227
0.626000	0.123340
0.627000	0.123340
0.628000	0.164453
0.629000	0.143896
0.630000	0.143896
0.631000	0.123340
0.632000	0.082227
0.633000	0.102783
0.634000	0.061670
0.635000	0.020557
0.636000	0.041113
0.637000	0.061670
0.638000	0.000000
0.639000	0.082227
0.640000	0.061670
0.641000	0.082227
0.642000	0.123340
0.643000	0.102783
0.644000	0.164453
0.645000	0.020557
0.646000	0.123340
0.647000	0.370020
0.648000	0.390576
0.649000	0.267236
0.650000	0.061670
0.651000	0.061670
0.652000	0.020557
0.653000	0.185010
0.654000	0.226123
0.655000	0.185010
0.656000	0.287793
0.657000	0.390576
0.658000	0.431689
0.659000	0.411133
0.660000	0.411133
0.661000	0.349463
0.662000	0.431689
0.663000	0.493359
0.664000	0.575586
0.665000	0.575586
0.666000	0.472803
0.667000	0.472803
0.668000	0.513916
0.669000	0.513916
0.670000	0.493359
0.671000	0.390576
0.672000	0.287793
0.673000	0.267236
0.674000	0.287793
0.675000	0.328906
0.676000	0.431689
0.677000	0.452246
0.678000	0.472803
0.679000	0.452246
0.680000	0.452246
0.681000	0.472803
0.682000	0.452246
0.683000	0.493359
0.684000	0.513916
0.685000	0.472803
0.686000	0.431689
0.687000	0.390576
0.688000	0.390576
0.689000	0.328906
0.690000	0.349463
0.691000	0.390576
0.692000	0.411133
0.693000	0.431689
0.694000	0.431689
0.695000	0.431689
0.696000	0.452246
0.697000	0.472803
0.698000	0.472803
0.699000	0.452246
0.700000	0.472803
0.701000	0.513916
0.702000	0.493359
0.703000	0.431689
0.704000	0.452246
0.705000	0.431689
0.706000	0.411133
0.707000	0.431689
0.708000	0.411133
0.709000	0.349463
0.710000	0.390576
0.711000	0.411133
0.712000	0.431689
0.713000	0.452246
0.714000	0.431689
0.715000	0.390576
0.716000	0.390576
0.717000	0.411133
0.718000	0.452246
0.719000	0.472803
0.720000	0.452246
0.721000	0.534473
0.722000	0.534473
0.723000	0.513916
0.724000	0.555029
0.725000	0.575586
0.726000	0.575586
0.727000	0.575586
0.728000	0.575586
0.729000	0.555029
0.730000	0.555029
0.731000	0.493359
0.732000	0.719482
0.733000	-0.678369
0.734000	-0.513916
0.735000	-0.102783
0.736000	-0.082227
0.737000	0.102783
0.738000	1.027830
0.739000	1.665090
0.740000	1.603420
0.741000	-0.020557
0.742000	-0.020557
0.743000	0.123340
0.744000	0.842822
0.745000	1.767870
0.746000	1.911770
0.747000	2.158450
