0.000000	-0.087891
0.001000	-0.078125
0.002000	-0.087891
0.003000	-0.083008
0.004000	-0.078125
0.005000	-0.083008
0.006000	-0.078125
0.007000	-0.078125
0.008000	-0.078125
0.009000	-0.083008
0.010000	-0.083008
0.011000	-0.078125
0.012000	-0.083008
0.013000	-0.083008
0.014000	-0.092773
0.015000	-0.092773
0.016000	-0.097656
0.017000	-0.102539
0.018000	-0.102539
0.019000	-0.092773
0.020000	-0.097656
0.021000	-0.097656
0.022000	-0.078125
0.023000	-0.078125
0.024000	-0.073242
0.025000	-0.073242
0.026000	-0.073242
0.027000	-0.078125
0.028000	-0.087891
0.029000	-0.087891
0.030000	-0.087891
0.031000	-0.087891
0.032000	-0.078125
0.033000	-0.078125
0.034000	-0.073242
0.035000	-0.068359
0.036000	-0.073242
0.037000	-0.068359
0.038000	-0.068359
0.039000	-0.073242
0.040000	-0.073242
0.041000	-0.063477
0.042000	-0.063477
0.043000	-0.068359
0.044000	-0.073242
0.045000	-0.073242
0.046000	-0.073242
0.047000	-0.078125
0.048000	-0.083008
0.049000	-0.083008
0.050000	-0.068359
0.051000	-0.063477
0.052000	-0.063477
0.053000	-0.048828
0.054000	-0.043945
0.055000	-0.053711
0.056000	-0.058594
0.057000	-0.068359
0.058000	-0.083008
0.059000	-0.083008
0.060000	-0.073242
0.061000	-0.073242
0.062000	-0.068359
0.063000	-0.053711
0.064000	-0.053711
0.065000	-0.048828
0.066000	-0.043945
0.067000	-0.053711
0.068000	-0.063477
0.069000	-0.063477
0.070000	-0.073242
0.071000	-0.063477
0.072000	-0.053711
0.073000	-0.058594
0.074000	-0.048828
0.075000	-0.048828
0.076000	-0.048828
0.077000	-0.048828
0.078000	-0.043945
0.079000	-0.039062
0.080000	-0.039062
0.081000	-0.039062
0.082000	-0.039062
0.083000	-0.058594
0.084000	-0.048828
0.085000	-0.073242
0.086000	-0.092773
0.087000	-0.097656
0.088000	-0.102539
0.089000	-0.087891
0.090000	-0.078125
0.091000	-0.058594
0.092000	-0.063477
0.093000	-0.048828
0.094000	-0.058594
0.095000	-0.063477
0.096000	-0.078125
0.097000	-0.092773
0.098000	-0.112305
0.099000	-0.117188
0.100000	-0.117188
0.101000	-0.112305
0.102000	-0.097656
0.103000	-0.068359
0.104000	-0.048828
0.105000	-0.039062
0.106000	-0.048828
0.107000	-0.048828
0.108000	-0.063477
0.109000	-0.068359
0.110000	-0.083008
0.111000	-0.083008
0.112000	-0.083008
0.113000	-0.068359
0.114000	-0.058594
0.115000	-0.039062
0.116000	-0.034180
0.117000	-0.019531
0.118000	-0.009766
0.119000	-0.019531
0.120000	-0.019531
0.121000	-0.019531
0.122000	-0.019531
0.123000	-0.024414
0.124000	-0.014648
0.125000	-0.009766
0.126000	-0.009766
0.127000	-0.009766
0.128000	-0.014648
0.129000	-0.009766
0.130000	-0.009766
0.131000	-0.019531
0.132000	-0.029297
0.133000	-0.024414
0.134000	-0.019531
0.135000	0.029297
0.136000	-0.190430
0.137000	-0.244141
0.138000	-0.205078
0.139000	-0.205078
0.140000	-0.014648
0.141000	-0.004883
0.142000	0.019531
0.143000	-0.019531
0.144000	-0.122070
0.145000	-0.107422
0.146000	-0.170898
0.147000	-0.048828
0.148000	-0.053711
0.149000	0.014648
0.150000	0.024414
0.151000	-0.029297
0.152000	-0.024414
0.153000	-0.078125
0.154000	-0.131836
0.155000	-0.136719
0.156000	-0.112305
0.157000	-0.053711
0.158000	-0.034180
0.159000	0.009766
0.160000	0.009766
0.161000	-0.034180
0.162000	-0.063477
0.163000	-0.048828
0.164000	-0.019531
0.165000	0.014648
0.166000	0.034180
0.167000	0.024414
0.168000	-0.019531
0.169000	-0.043945
0.170000	-0.053711
0.171000	-0.053711
0.172000	-0.053711
0.173000	-0.048828
0.174000	-0.058594
0.175000	-0.087891
0.176000	-0.107422
0.177000	-0.107422
0.178000	-0.092773
0.179000	-0.073242
0.180000	-0.053711
0.181000	-0.048828
0.182000	-0.043945
0.183000	-0.058594
0.184000	-0.048828
0.185000	-0.053711
0.186000	-0.048828
0.187000	-0.053711
0.188000	-0.034180
0.189000	-0.024414
0.190000	-0.024414
0.191000	-0.009766
0.192000	-0.019531
0.193000	-0.004883
0.194000	-0.029297
0.195000	-0.019531
0.196000	-0.039062
0.197000	-0.019531
0.198000	-0.039062
0.199000	-0.043945
0.200000	-0.048828
0.201000	-0.068359
0.202000	-0.068359
0.203000	-0.078125
0.204000	-0.068359
0.205000	-0.073242
0.206000	-0.078125
0.207000	-0.073242
0.208000	-0.083008
0.209000	-0.078125
0.210000	-0.068359
0.211000	-0.058594
0.212000	-0.058594
0.213000	-0.068359
0.214000	-0.068359
0.215000	-0.078125
0.216000	-0.078125
0.217000	-0.087891
0.218000	-0.078125
0.219000	-0.073242
0.220000	-0.068359
0.221000	-0.063477
0.222000	-0.058594
0.223000	-0.053711
0.224000	-0.053711
0.225000	-0.048828
0.226000	-0.048828
0.227000	-0.034180
0.228000	-0.039062
0.229000	-0.024414
0.230000	-0.024414
0.231000	-0.019531
0.232000	-0.029297
0.233000	-0.029297
0.234000	-0.029297
0.235000	-0.039062
0.236000	-0.043945
0.237000	-0.019531
0.238000	-0.004883
0.239000	0.004883
0.240000	0.004883
0.241000	-0.029297
0.242000	-0.043945
0.243000	-0.068359
0.244000	-0.073242
0.245000	-0.078125
0.246000	-0.068359
0.247000	-0.078125
0.248000	-0.092773
0.249000	-0.126953
0.250000	-0.068359
0.251000	-0.058594
0.252000	-0.053711
0.253000	-0.068359
0.254000	-0.068359
0.255000	-0.068359
0.256000	-0.068359
0.257000	-0.053711
0.258000	-0.073242
0.259000	-0.073242
0.260000	-0.083008
0.261000	-0.102539
0.262000	-0.087891
0.263000	-0.087891
0.264000	-0.073242
0.265000	-0.073242
0.266000	-0.078125
0.267000	-0.092773
0.268000	-0.083008
0.269000	-0.068359
0.270000	-0.053711
0.271000	-0.039062
0.272000	-0.039062
0.273000	-0.039062
0.274000	-0.043945
0.275000	-0.053711
0.276000	-0.058594
0.277000	-0.039062
0.278000	-0.039062
0.279000	-0.024414
0.280000	-0.024414
0.281000	-0.039062
0.282000	-0.053711
0.283000	-0.058594
0.284000	-0.058594
0.285000	-0.068359
0.286000	-0.063477
0.287000	-0.068359
0.288000	-0.224609
0.289000	-0.053711
0.290000	0.024414
0.291000	0.034180
0.292000	0.029297
0.293000	-0.039062
0.294000	-0.097656
0.295000	-0.078125
0.296000	-0.083008
0.297000	-0.063477
0.298000	-0.102539
0.299000	-0.073242
0.300000	-0.112305
0.301000	-0.073242
0.302000	-0.073242
0.303000	-0.019531
0.304000	-0.063477
0.305000	-0.078125
0.306000	-0.087891
0.307000	-0.068359
0.308000	-0.068359
0.309000	-0.048828
0.310000	-0.058594
0.311000	-0.034180
0.312000	-0.097656
0.313000	-0.058594
0.314000	-0.043945
0.315000	-0.024414
0.316000	-0.048828
0.317000	-0.058594
0.318000	-0.087891
0.319000	-0.087891
0.320000	-0.073242
0.321000	-0.063477
0.322000	-0.058594
0.323000	-0.058594
0.324000	-0.048828
0.325000	-0.048828
0.326000	-0.063477
0.327000	-0.063477
0.328000	-0.078125
0.329000	-0.053711
0.330000	-0.058594
0.331000	-0.058594
0.332000	-0.058594
0.333000	-0.063477
0.334000	-0.058594
0.335000	-0.073242
0.336000	-0.058594
0.337000	-0.073242
0.338000	-0.058594
0.339000	-0.058594
0.340000	-0.053711
0.341000	-0.058594
0.342000	-0.048828
0.343000	-0.053711
0.344000	-0.053711
0.345000	-0.048828
0.346000	-0.043945
0.347000	-0.043945
0.348000	-0.043945
0.349000	-0.043945
0.350000	-0.058594
0.351000	-0.048828
0.352000	-0.048828
0.353000	-0.034180
0.354000	-0.043945
0.355000	-0.039062
0.356000	-0.043945
0.357000	-0.053711
0.358000	-0.063477
0.359000	-0.058594
0.360000	-0.068359
0.361000	-0.068359
0.362000	-0.073242
0.363000	-0.073242
0.364000	-0.078125
0.365000	-0.078125
0.366000	-0.078125
0.367000	-0.078125
0.368000	-0.068359
0.369000	-0.073242
0.370000	-0.068359
0.371000	-0.073242
0.372000	-0.073242
0.373000	-0.073242
0.374000	-0.058594
0.375000	-0.058594
0.376000	-0.053711
0.377000	-0.048828
0.378000	-0.048828
0.379000	-0.043945
0.380000	-0.039062
0.381000	-0.043945
0.382000	-0.034180
0.383000	-0.034180
0.384000	-0.034180
0.385000	-0.034180
0.386000	-0.034180
0.387000	-0.019531
0.388000	-0.043945
0.389000	-0.034180
0.390000	-0.039062
0.391000	-0.039062
0.392000	-0.048828
0.393000	-0.043945
0.394000	-0.039062
0.395000	-0.048828
0.396000	-0.053711
0.397000	-0.058594
0.398000	-0.058594
0.399000	-0.068359
0.400000	-0.063477
0.401000	-0.063477
0.402000	-0.053711
0.403000	-0.058594
0.404000	-0.048828
0.405000	-0.048828
0.406000	-0.053711
0.407000	-0.058594
0.408000	-0.058594
0.409000	-0.058594
0.410000	-0.063477
0.411000	-0.058594
0.412000	-0.058594
0.413000	-0.053711
0.414000	-0.048828
0.415000	-0.048828
0.416000	-0.053711
0.417000	-0.053711
0.418000	-0.058594
0.419000	-0.053711
0.420000	-0.058594
0.421000	-0.053711
0.422000	-0.053711
0.423000	-0.053711
0.424000	-0.053711
0.425000	-0.048828
0.426000	-0.058594
0.427000	-0.053711
0.428000	-0.058594
0.429000	-0.058594
0.430000	-0.048828
0.431000	-0.048828
0.432000	-0.048828
0.433000	-0.048828
0.434000	-0.053711
0.435000	-0.048828
0.436000	-0.048828
0.437000	-0.043945
0.438000	-0.048828
0.439000	-0.039062
0.440000	-0.034180
0.441000	-0.039062
0.442000	-0.039062
0.443000	-0.039062
0.444000	-0.034180
0.445000	-0.034180
0.446000	-0.034180
0.447000	-0.029297
0.448000	-0.034180
0.449000	-0.034180
0.450000	-0.039062
0.451000	-0.029297
0.452000	-0.034180
0.453000	-0.039062
0.454000	-0.039062
0.455000	-0.053711
0.456000	-0.063477
0.457000	0.019531
0.458000	-0.083008
0.459000	-0.048828
0.460000	-0.053711
0.461000	-0.136719
0.462000	-0.034180
0.463000	-0.146484
0.464000	-0.107422
0.465000	-0.087891
0.466000	-0.083008
0.467000	-0.039062
0.468000	-0.034180
0.469000	-0.019531
0.470000	-0.039062
0.471000	-0.014648
0.472000	-0.043945
0.473000	-0.029297
0.474000	-0.039062
0.475000	-0.053711
0.476000	-0.053711
0.477000	-0.058594
0.478000	-0.083008
0.479000	-0.058594
0.480000	-0.073242
0.481000	-0.058594
0.482000	-0.048828
0.483000	-0.048828
0.484000	-0.029297
0.485000	-0.034180
0.486000	-0.029297
0.487000	-0.019531
0.488000	-0.039062
0.489000	-0.048828
0.490000	-0.058594
0.491000	-0.058594
0.492000	-0.053711
0.493000	-0.053711
0.494000	-0.039062
0.495000	-0.034180
0.496000	-0.043945
0.497000	-0.043945
0.498000	-0.048828
0.499000	-0.043945
0.500000	-0.063477
0.501000	-0.053711
0.502000	-0.053711
0.503000	-0.043945
0.504000	-0.053711
0.505000	-0.048828
0.506000	-0.043945
0.507000	-0.043945
0.508000	-0.043945
0.509000	-0.039062
0.510000	-0.039062
0.511000	-0.039062
0.512000	-0.048828
0.513000	-0.058594
0.514000	-0.068359
0.515000	-0.083008
0.516000	-0.083008
0.517000	-0.092773
0.518000	-0.092773
0.519000	-0.078125
0.520000	-0.073242
0.521000	-0.053711
0.522000	-0.043945
0.523000	-0.039062
0.524000	-0.043945
0.525000	-0.039062
0.526000	-0.039062
0.527000	-0.043945
0.528000	-0.053711
0.529000	-0.043945
0.530000	-0.063477
0.531000	-0.058594
0.532000	-0.068359
0.533000	-0.073242
0.534000	-0.073242
0.535000	-0.073242
0.536000	-0.058594
0.537000	-0.053711
0.538000	-0.043945
0.539000	-0.039062
0.540000	-0.034180
0.541000	-0.048828
0.542000	-0.043945
0.543000	-0.048828
0.544000	-0.058594
0.545000	-0.048828
0.546000	-0.053711
0.547000	-0.053711
0.548000	-0.058594
0.549000	-0.058594
0.550000	-0.053711
0.551000	-0.063477
0.552000	-0.058594
0.553000	-0.063477
0.554000	-0.058594
0.555000	-0.053711
0.556000	-0.058594
0.557000	-0.048828
0.558000	-0.048828
0.559000	-0.039062
0.560000	-0.048828
0.561000	-0.043945
0.562000	-0.039062
0.563000	-0.039062
0.564000	-0.043945
0.565000	-0.043945
0.566000	-0.048828
0.567000	-0.053711
0.568000	-0.058594
0.569000	-0.068359
0.570000	-0.058594
0.571000	-0.073242
0.572000	-0.058594
0.573000	-0.068359
0.574000	-0.048828
0.575000	-0.048828
0.576000	-0.053711
0.577000	-0.048828
0.578000	-0.043945
0.579000	-0.043945
0.580000	-0.039062
0.581000	-0.043945
0.582000	-0.043945
0.583000	-0.043945
0.584000	-0.053711
0.585000	-0.053711
0.586000	-0.053711
0.587000	-0.053711
0.588000	-0.068359
0.589000	-0.063477
0.590000	-0.058594
0.591000	-0.058594
0.592000	-0.053711
0.593000	-0.053711
0.594000	-0.053711
0.595000	-0.053711
0.596000	-0.048828
0.597000	-0.043945
0.598000	-0.034180
0.599000	-0.039062
0.600000	-0.034180
0.601000	-0.034180
0.602000	-0.039062
0.603000	-0.043945
0.604000	-0.043945
0.605000	-0.058594
0.606000	-0.048828
0.607000	-0.058594
0.608000	-0.048828
0.609000	-0.048828
0.610000	-0.053711
0.611000	-0.048828
0.612000	-0.048828
0.613000	-0.048828
0.614000	-0.048828
0.615000	-0.053711
0.616000	-0.048828
0.617000	-0.043945
0.618000	-0.048828
0.619000	-0.048828
0.620000	-0.048828
0.621000	-0.048828
0.622000	-0.048828
0.623000	-0.043945
0.624000	-0.053711
0.625000	-0.048828
0.626000	-0.034180
0.627000	-0.053711
0.628000	-0.048828
0.629000	-0.043945
0.630000	-0.048828
0.631000	-0.053711
0.632000	-0.053711
0.633000	-0.058594
0.634000	-0.053711
0.635000	-0.048828
0.636000	-0.053711
0.637000	-0.048828
0.638000	-0.053711
0.639000	-0.053711
0.640000	-0.048828
0.641000	-0.053711
0.642000	-0.048828
0.643000	-0.058594
0.644000	-0.039062
0.645000	-0.068359
0.646000	-0.053711
0.647000	-0.039062
0.648000	-0.034180
0.649000	-0.034180
0.650000	-0.068359
0.651000	-0.048828
0.652000	-0.068359
0.653000	-0.043945
0.654000	-0.043945
0.655000	-0.048828
0.656000	-0.048828
0.657000	-0.048828
0.658000	-0.029297
0.659000	-0.034180
0.660000	-0.039062
0.661000	-0.039062
0.662000	-0.039062
0.663000	-0.029297
0.664000	-0.034180
0.665000	-0.034180
0.666000	-0.039062
0.667000	-0.034180
0.668000	-0.034180
0.669000	-0.039062
0.670000	-0.039062
0.671000	-0.043945
0.672000	-0.039062
0.673000	-0.043945
0.674000	-0.048828
0.675000	-0.048828
0.676000	-0.034180
0.677000	-0.039062
0.678000	-0.034180
0.679000	-0.034180
0.680000	-0.043945
0.681000	-0.039062
0.682000	-0.043945
0.683000	-0.039062
0.684000	-0.039062
0.685000	-0.039062
0.686000	-0.043945
0.687000	-0.053711
0.688000	-0.048828
0.689000	-0.048828
0.690000	-0.048828
0.691000	-0.048828
0.692000	-0.043945
0.693000	-0.053711
0.694000	-0.048828
0.695000	-0.048828
0.696000	-0.053711
0.697000	-0.043945
0.698000	-0.053711
0.699000	-0.048828
0.700000	-0.043945
0.701000	-0.043945
0.702000	-0.048828
0.703000	-0.048828
0.704000	-0.048828
0.705000	-0.053711
0.706000	-0.048828
0.707000	-0.048828
0.708000	-0.053711
0.709000	-0.053711
0.710000	-0.048828
0.711000	-0.048828
0.712000	-0.048828
0.713000	-0.043945
0.714000	-0.043945
0.715000	-0.048828
0.716000	-0.048828
0.717000	-0.043945
0.718000	-0.048828
0.719000	-0.043945
0.720000	-0.048828
0.721000	-0.039062
0.722000	-0.048828
0.723000	-0.039062
0.724000	-0.043945
0.725000	-0.043945
0.726000	-0.034180
0.727000	-0.039062
0.728000	-0.039062
0.729000	-0.043945
0.730000	-0.043945
0.731000	-0.039062
0.732000	0.092773
0.733000	-0.151367
0.734000	-0.141602
0.735000	-0.024414
0.736000	-0.136719
0.737000	-0.053711
0.738000	0.073242
0.739000	-0.087891
0.740000	0.087891
0.741000	-0.214844
0.742000	-0.039062
0.743000	-0.097656
0.744000	-0.058594
0.745000	0.043945
0.746000	-0.043945
0.747000	0.097656
