0.000000	2.745700
0.001000	3.551370
0.002000	3.551370
0.003000	5.162690
0.004000	3.551370
0.005000	3.551370
0.006000	4.357030
0.007000	4.357030
0.008000	4.357030
0.009000	4.357030
0.010000	4.357030
0.011000	4.357030
0.012000	5.968360
0.013000	5.968360
0.014000	5.162690
0.015000	5.968360
0.016000	7.579690
0.017000	9.191020
0.018000	10.802300
0.019000	13.219300
0.020000	14.025000
0.021000	14.025000
0.022000	13.219300
0.023000	12.413700
0.024000	10.802300
0.025000	8.385350
0.026000	6.774020
0.027000	4.357030
0.028000	5.968360
0.029000	5.968360
0.030000	7.579690
0.031000	7.579690
0.032000	9.191020
0.033000	9.191020
0.034000	9.191020
0.035000	8.385350
0.036000	8.385350
0.037000	6.774020
0.038000	8.385350
0.039000	6.774020
0.040000	4.357030
0.041000	4.357030
0.042000	4.357030
0.043000	5.162690
0.044000	5.162690
0.045000	5.162690
0.046000	5.162690
0.047000	3.551370
0.048000	2.745700
0.049000	1.940040
0.050000	1.134370
0.051000	-0.476952
0.052000	1.134370
0.053000	1.134370
0.054000	0.328711
0.055000	1.940040
0.056000	1.134370
0.057000	1.940040
0.058000	0.328711
0.059000	1.940040
0.060000	0.328711
0.061000	0.328711
0.062000	-0.476952
0.063000	-2.088280
0.064000	-2.893940
0.065000	-1.282620
0.066000	-1.282620
0.067000	-1.282620
0.068000	1.134370
0.069000	1.134370
0.070000	-0.476952
0.071000	1.940040
0.072000	1.134370
0.073000	-0.476952
0.074000	0.328711
0.075000	-0.476952
0.076000	0.328711
0.077000	6.774020
0.078000	12.413700
0.079000	17.247700
0.080000	19.664600
0.081000	22.081600
0.082000	15.636300
0.083000	4.357030
0.084000	-6.116600
0.085000	-19.812901
0.086000	-20.618601
0.087000	-14.978900
0.088000	-3.699610
0.089000	6.774020
0.090000	15.636300
0.091000	21.275999
0.092000	22.081600
0.093000	18.858999
0.094000	13.219300
0.095000	7.579690
0.096000	1.940040
0.097000	0.328711
0.098000	-4.505270
0.099000	-6.922260
0.100000	-6.922260
0.101000	-6.116600
0.102000	-1.282620
0.103000	4.357030
0.104000	9.996680
0.105000	12.413700
0.106000	14.830700
0.107000	15.636300
0.108000	14.025000
0.109000	10.802300
0.110000	6.774020
0.111000	3.551370
0.112000	1.940040
0.113000	-0.476952
0.114000	-2.088280
0.115000	-0.476952
0.116000	2.745700
0.117000	5.968360
0.118000	9.191020
0.119000	12.413700
0.120000	13.219300
0.121000	12.413700
0.122000	10.802300
0.123000	8.385350
0.124000	6.774020
0.125000	4.357030
0.126000	3.551370
0.127000	1.940040
0.128000	2.745700
0.129000	3.551370
0.130000	5.162690
0.131000	8.385350
0.132000	9.191020
0.133000	9.996680
0.134000	10.802300
0.135000	-7.727930
0.136000	-0.476952
0.137000	18.053301
0.138000	2.745700
0.139000	13.219300
0.140000	14.830700
0.141000	11.608000
0.142000	10.802300
0.143000	10.802300
0.144000	9.191020
0.145000	11.608000
0.146000	5.968360
0.147000	6.774020
0.148000	6.774020
0.149000	4.357030
0.150000	6.774020
0.151000	4.357030
0.152000	9.996680
0.153000	18.053301
0.154000	19.664600
0.155000	21.275999
0.156000	16.441999
0.157000	9.996680
0.158000	5.968360
0.159000	1.940040
0.160000	3.551370
0.161000	5.968360
0.162000	7.579690
0.163000	9.996680
0.164000	10.802300
0.165000	11.608000
0.166000	12.413700
0.167000	10.802300
0.168000	13.219300
0.169000	12.413700
0.170000	11.608000
0.171000	10.802300
0.172000	6.774020
0.173000	5.162690
0.174000	4.357030
0.175000	3.551370
0.176000	5.162690
0.177000	8.385350
0.178000	9.191020
0.179000	7.579690
0.180000	7.579690
0.181000	6.774020
0.182000	7.579690
0.183000	6.774020
0.184000	7.579690
0.185000	8.385350
0.186000	9.191020
0.187000	8.385350
0.188000	9.996680
0.189000	9.191020
0.190000	9.996680
0.191000	12.413700
0.192000	12.413700
0.193000	14.830700
0.194000	15.636300
0.195000	17.247700
0.196000	18.858999
0.197000	17.247700
0.198000	16.441999
0.199000	14.830700
0.200000	13.219300
0.201000	12.413700
0.202000	12.413700
0.203000	13.219300
0.204000	14.025000
0.205000	14.830700
0.206000	14.830700
0.207000	17.247700
0.208000	17.247700
0.209000	17.247700
0.210000	16.441999
0.211000	15.636300
0.212000	15.636300
0.213000	14.830700
0.214000	13.219300
0.215000	12.413700
0.216000	12.413700
0.217000	12.413700
0.218000	13.219300
0.219000	13.219300
0.220000	13.219300
0.221000	14.025000
0.222000	14.025000
0.223000	13.219300
0.224000	14.025000
0.225000	13.219300
0.226000	12.413700
0.227000	12.413700
0.228000	11.608000
0.229000	10.802300
0.230000	10.802300
0.231000	12.413700
0.232000	11.608000
0.233000	13.219300
0.234000	14.025000
0.235000	13.219300
0.236000	13.219300
0.237000	14.830700
0.238000	14.830700
0.239000	16.441999
0.240000	14.830700
0.241000	14.830700
0.242000	14.025000
0.243000	14.025000
0.244000	14.025000
0.245000	14.025000
0.246000	11.608000
0.247000	11.608000
0.248000	11.608000
0.249000	10.802300
0.250000	16.441999
0.251000	18.858999
0.252000	20.470301
0.253000	18.858999
0.254000	17.247700
0.255000	17.247700
0.256000	17.247700
0.257000	17.247700
0.258000	16.441999
0.259000	15.636300
0.260000	12.413700
0.261000	13.219300
0.262000	14.830700
0.263000	15.636300
0.264000	18.053301
0.265000	19.664600
0.266000	18.053301
0.267000	15.636300
0.268000	15.636300
0.269000	15.636300
0.270000	14.830700
0.271000	15.636300
0.272000	16.441999
0.273000	15.636300
0.274000	15.636300
0.275000	14.830700
0.276000	14.830700
0.277000	16.441999
0.278000	18.858999
0.279000	19.664600
0.280000	18.053301
0.281000	14.830700
0.282000	12.413700
0.283000	12.413700
0.284000	14.830700
0.285000	16.441999
0.286000	15.636300
0.287000	11.608000
0.288000	-10.950600
0.289000	24.498600
0.290000	51.891201
0.291000	50.279900
0.292000	26.110001
0.293000	-3.699610
0.294000	-10.950600
0.295000	-0.476952
0.296000	12.413700
0.297000	29.332600
0.298000	34.972301
0.299000	21.275999
0.300000	14.025000
0.301000	4.357030
0.302000	2.745700
0.303000	18.858999
0.304000	23.693001
0.305000	27.721300
0.306000	21.275999
0.307000	11.608000
0.308000	11.608000
0.309000	5.968360
0.310000	9.191020
0.311000	16.441999
0.312000	17.247700
0.313000	20.470301
0.314000	21.275999
0.315000	21.275999
0.316000	19.664600
0.317000	16.441999
0.318000	14.830700
0.319000	14.830700
0.320000	11.608000
0.321000	12.413700
0.322000	9.191020
0.323000	9.996680
0.324000	14.025000
0.325000	14.830700
0.326000	14.830700
0.327000	14.830700
0.328000	12.413700
0.329000	11.608000
0.330000	12.413700
0.331000	13.219300
0.332000	14.025000
0.333000	12.413700
0.334000	11.608000
0.335000	9.191020
0.336000	9.191020
0.337000	8.385350
0.338000	10.802300
0.339000	11.608000
0.340000	12.413700
0.341000	12.413700
0.342000	12.413700
0.343000	13.219300
0.344000	13.219300
0.345000	13.219300
0.346000	14.025000
0.347000	13.219300
0.348000	14.025000
0.349000	14.025000
0.350000	14.025000
0.351000	14.830700
0.352000	14.830700
0.353000	15.636300
0.354000	15.636300
0.355000	15.636300
0.356000	14.830700
0.357000	15.636300
0.358000	17.247700
0.359000	15.636300
0.360000	15.636300
0.361000	15.636300
0.362000	15.636300
0.363000	14.830700
0.364000	14.830700
0.365000	15.636300
0.366000	15.636300
0.367000	14.830700
0.368000	14.025000
0.369000	13.219300
0.370000	14.830700
0.371000	14.025000
0.372000	14.830700
0.373000	14.830700
0.374000	15.636300
0.375000	15.636300
0.376000	14.830700
0.377000	14.830700
0.378000	14.025000
0.379000	14.830700
0.380000	14.830700
0.381000	14.025000
0.382000	14.025000
0.383000	13.219300
0.384000	12.413700
0.385000	11.608000
0.386000	10.802300
0.387000	10.802300
0.388000	10.802300
0.389000	10.802300
0.390000	10.802300
0.391000	10.802300
0.392000	9.996680
0.393000	10.802300
0.394000	10.802300
0.395000	11.608000
0.396000	12.413700
0.397000	11.608000
0.398000	12.413700
0.399000	13.219300
0.400000	11.608000
0.401000	11.608000
0.402000	13.219300
0.403000	10.802300
0.404000	12.413700
0.405000	10.802300
0.406000	11.608000
0.407000	10.802300
0.408000	11.608000
0.409000	10.802300
0.410000	12.413700
0.411000	10.802300
0.412000	11.608000
0.413000	12.413700
0.414000	10.802300
0.415000	12.413700
0.416000	12.413700
0.417000	11.608000
0.418000	9.996680
0.419000	10.802300
0.420000	10.802300
0.421000	9.996680
0.422000	9.191020
0.423000	9.996680
0.424000	9.996680
0.425000	9.191020
0.426000	9.996680
0.427000	9.996680
0.428000	9.996680
0.429000	10.802300
0.430000	10.802300
0.431000	10.802300
0.432000	9.996680
0.433000	9.191020
0.434000	8.385350
0.435000	7.579690
0.436000	6.774020
0.437000	6.774020
0.438000	7.579690
0.439000	7.579690
0.440000	7.579690
0.441000	7.579690
0.442000	6.774020
0.443000	7.579690
0.444000	7.579690
0.445000	8.385350
0.446000	8.385350
0.447000	8.385350
0.448000	7.579690
0.449000	6.774020
0.450000	7.579690
0.451000	6.774020
0.452000	7.579690
0.453000	7.579690
0.454000	8.385350
0.455000	7.579690
0.456000	5.968360
0.457000	-2.088280
0.458000	-21.424200
0.459000	-17.395901
0.460000	-13.367600
0.461000	2.745700
0.462000	28.527000
0.463000	30.138300
0.464000	33.360901
0.465000	30.138300
0.466000	12.413700
0.467000	11.608000
0.468000	9.996680
0.469000	-0.476952
0.470000	-1.282620
0.471000	-12.561900
0.472000	-13.367600
0.473000	0.328711
0.474000	9.996680
0.475000	23.693001
0.476000	32.555302
0.477000	31.749599
0.478000	26.915600
0.479000	21.275999
0.480000	14.830700
0.481000	8.385350
0.482000	1.940040
0.483000	-7.727930
0.484000	-14.173200
0.485000	-14.173200
0.486000	-9.339260
0.487000	3.551370
0.488000	9.191020
0.489000	16.441999
0.490000	18.858999
0.491000	18.858999
0.492000	14.830700
0.493000	11.608000
0.494000	6.774020
0.495000	1.134370
0.496000	-4.505270
0.497000	-8.533590
0.498000	-8.533590
0.499000	-2.088280
0.500000	4.357030
0.501000	11.608000
0.502000	17.247700
0.503000	18.858999
0.504000	19.664600
0.505000	18.053301
0.506000	14.830700
0.507000	13.219300
0.508000	2.745700
0.509000	-2.893940
0.510000	-7.727930
0.511000	-10.950600
0.512000	-8.533590
0.513000	-2.893940
0.514000	3.551370
0.515000	9.191020
0.516000	13.219300
0.517000	14.025000
0.518000	12.413700
0.519000	10.802300
0.520000	7.579690
0.521000	1.134370
0.522000	-3.699610
0.523000	-8.533590
0.524000	-10.950600
0.525000	-10.144900
0.526000	-6.922260
0.527000	-1.282620
0.528000	4.357030
0.529000	7.579690
0.530000	10.802300
0.531000	11.608000
0.532000	10.802300
0.533000	7.579690
0.534000	4.357030
0.535000	-0.476952
0.536000	-6.116600
0.537000	-9.339260
0.538000	-10.144900
0.539000	-9.339260
0.540000	-6.922260
0.541000	-4.505270
0.542000	-2.088280
0.543000	1.134370
0.544000	2.745700
0.545000	2.745700
0.546000	3.551370
0.547000	1.134370
0.548000	-2.893940
0.549000	-6.922260
0.550000	-10.144900
0.551000	-10.950600
0.552000	-10.144900
0.553000	-6.922260
0.554000	-5.310940
0.555000	-3.699610
0.556000	-2.088280
0.557000	-2.088280
0.558000	-0.476952
0.559000	-0.476952
0.560000	-2.088280
0.561000	-3.699610
0.562000	-5.310940
0.563000	-6.922260
0.564000	-9.339260
0.565000	-10.950600
0.566000	-11.756200
0.567000	-10.144900
0.568000	-10.144900
0.569000	-8.533590
0.570000	-6.922260
0.571000	-7.727930
0.572000	-8.533590
0.573000	-7.727930
0.574000	-9.339260
0.575000	-10.950600
0.576000	-12.561900
0.577000	-12.561900
0.578000	-12.561900
0.579000	-10.950600
0.580000	-10.144900
0.581000	-7.727930
0.582000	-8.533590
0.583000	-8.533590
0.584000	-9.339260
0.585000	-10.144900
0.586000	-11.756200
0.587000	-13.367600
0.588000	-14.978900
0.589000	-14.978900
0.590000	-14.978900
0.591000	-15.784600
0.592000	-14.173200
0.593000	-14.173200
0.594000	-13.367600
0.595000	-11.756200
0.596000	-12.561900
0.597000	-13.367600
0.598000	-14.978900
0.599000	-16.590200
0.600000	-16.590200
0.601000	-16.590200
0.602000	-16.590200
0.603000	-15.784600
0.604000	-14.978900
0.605000	-14.173200
0.606000	-13.367600
0.607000	-11.756200
0.608000	-13.367600
0.609000	-12.561900
0.610000	-15.784600
0.611000	-15.784600
0.612000	-16.590200
0.613000	-17.395901
0.614000	-17.395901
0.615000	-19.007200
0.616000	-18.201599
0.617000	-19.007200
0.618000	-18.201599
0.619000	-16.590200
0.620000	-16.590200
0.621000	-16.590200
0.622000	-16.590200
0.623000	-16.590200
0.624000	-17.395901
0.625000	-17.395901
0.626000	-19.007200
0.627000	-17.395901
0.628000	-19.812901
0.629000	-19.812901
0.630000	-20.618601
0.631000	-18.201599
0.632000	-19.007200
0.633000	-18.201599
0.634000	-17.395901
0.635000	-16.590200
0.636000	-17.395901
0.637000	-17.395901
0.638000	-17.395901
0.639000	-18.201599
0.640000	-20.618601
0.641000	-19.812901
0.642000	-21.424200
0.643000	-23.035500
0.644000	-20.618601
0.645000	-25.452499
0.646000	-23.841200
0.647000	-14.978900
0.648000	-14.173200
0.649000	-14.173200
0.650000	-15.784600
0.651000	-17.395901
0.652000	-17.395901
0.653000	-17.395901
0.654000	-16.590200
0.655000	-21.424200
0.656000	-23.841200
0.657000	-23.841200
0.658000	-22.229900
0.659000	-19.007200
0.660000	-14.978900
0.661000	-14.978900
0.662000	-14.978900
0.663000	-18.201599
0.664000	-18.201599
0.665000	-18.201599
0.666000	-18.201599
0.667000	-19.812901
0.668000	-21.424200
0.669000	-23.035500
0.670000	-22.229900
0.671000	-21.424200
0.672000	-19.812901
0.673000	-19.812901
0.674000	-19.007200
0.675000	-18.201599
0.676000	-19.812901
0.677000	-20.618601
0.678000	-19.812901
0.679000	-19.812901
0.680000	-19.812901
0.681000	-21.424200
0.682000	-20.618601
0.683000	-20.618601
0.684000	-19.007200
0.685000	-17.395901
0.686000	-18.201599
0.687000	-18.201599
0.688000	-19.007200
0.689000	-20.618601
0.690000	-19.812901
0.691000	-19.007200
0.692000	-19.812901
0.693000	-19.007200
0.694000	-20.618601
0.695000	-18.201599
0.696000	-18.201599
0.697000	-19.007200
0.698000	-18.201599
0.699000	-19.007200
0.700000	-19.812901
0.701000	-19.007200
0.702000	-20.618601
0.703000	-19.812901
0.704000	-19.007200
0.705000	-19.007200
0.706000	-18.201599
0.707000	-16.590200
0.708000	-18.201599
0.709000	-17.395901
0.710000	-17.395901
0.711000	-17.395901
0.712000	-18.201599
0.713000	-18.201599
0.714000	-19.007200
0.715000	-18.201599
0.716000	-17.395901
0.717000	-18.201599
0.718000	-17.395901
0.719000	-17.395901
0.720000	-18.201599
0.721000	-18.201599
0.722000	-18.201599
0.723000	-18.201599
0.724000	-19.007200
0.725000	-19.812901
0.726000	-19.812901
0.727000	-19.812901
0.728000	-19.007200
0.729000	-16.590200
0.730000	-17.395901
0.731000	-16.590200
0.732000	-45.594101
0.733000	-58.484798
0.734000	2.745700
0.735000	-14.173200
0.736000	10.802300
0.737000	14.830700
0.738000	9.191020
0.739000	19.664600
0.740000	5.968360
0.741000	-6.116600
0.742000	-10.144900
0.743000	-23.035500
0.744000	-25.452499
0.745000	-10.144900
0.746000	-12.561900
0.747000	4.357030
