0.000000	0.000000
-20.966000	-0.631032
-20.983999	-0.631032
-20.972000	0.465843
-21.186001	3.276580
-21.518999	0.328733
-22.261999	-0.768142
-23.037001	-3.236110
-23.948999	-5.292750
-24.857000	-4.195880
-25.791000	-5.635520
-26.628000	-5.909740
-27.422001	-6.938060
-28.073999	-7.966380
-28.740000	-7.486500
-29.313999	-8.034940
-29.948999	-8.789040
-30.400000	-9.611700
-30.916000	-10.228700
-31.469999	-10.640000
-31.896999	-11.051300
-32.393002	-11.325600
-32.817001	-12.285300
-33.210999	-12.696700
-33.660999	-12.628100
-34.064999	-13.519300
-34.486000	-14.684700
-34.842999	-15.164600
-35.165001	-15.507400
-35.592999	-13.930600
-36.021000	-12.559500
-36.310001	-16.192900
-37.025002	-18.729500
-37.560001	-19.894899
-37.735001	-20.580400
-38.365002	-18.386700
-38.856998	-17.563999
-39.259998	-22.088600
-39.727001	-24.213800
-40.133999	-24.830799
-40.577999	-26.064800
-40.962002	-25.859200
-41.398998	-26.818899
-41.777000	-29.903900
-42.174999	-31.686300
-42.617001	-31.960501
-43.078999	-32.920300
-43.469002	-34.428501
-43.932999	-35.799599
-44.320999	-38.061901
-44.763000	-39.844299
-44.763000	-40.667000
-45.291000	-42.175201
-45.896999	-43.683399
-46.219002	-44.780300
-46.564999	-46.151299
-46.926998	-47.865200
-47.290001	-48.550800
-47.719002	-49.236301
-47.937000	-50.264599
-48.340000	-51.292900
-48.311001	-51.772800
-48.840000	-52.389801
-48.960999	-52.801102
-49.346001	-52.938301
-49.584000	-53.212502
-49.694000	-53.418098
-50.081001	-53.555302
-50.258999	-53.897999
-50.477001	-54.377899
-50.819000	-54.172199
-50.904999	-54.035099
-50.962002	-53.897999
-51.179001	-53.760899
-51.402000	-53.349602
-51.630001	-52.938301
-51.937000	-52.184200
-51.819000	-51.361500
-52.098000	-50.470299
-52.158001	-49.921902
-52.360001	-49.304901
-52.360001	-49.030602
-52.598999	-48.482201
-52.808998	-47.728100
-52.833000	-47.179699
-52.895000	-46.699799
-53.092999	-46.219898
-53.019001	-46.082802
-53.328999	-45.877102
-53.236000	-45.877102
-53.314999	-46.082802
-53.484001	-46.219898
-53.601002	-46.768299
-53.680000	-47.316799
-54.014999	-47.659500
-53.953999	-48.002300
-54.124001	-48.893501
-54.355000	-49.510502
-54.452999	-50.333199
-54.584999	-51.087299
-54.862000	-52.115601
-54.979000	-52.869701
-55.088001	-53.897999
-55.382999	-54.446499
-55.547001	-55.132000
-55.707001	-55.886101
-55.942001	-56.503101
-56.167000	-57.051498
-56.349998	-57.462898
-56.730000	-55.954700
-57.178001	-29.766800
-59.853001	22.197701
-63.375999	16.850401
-67.098000	-5.087090
