0.000000	-0.914696
0.001000	-0.914696
0.002000	-0.957371
0.003000	-0.957371
0.004000	-0.957371
0.005000	-0.957371
0.006000	-0.957371
0.007000	-0.957371
0.008000	-0.957371
0.009000	-0.957371
0.010000	-0.957371
0.011000	-0.957371
0.012000	-0.914696
0.013000	-0.914696
0.014000	-0.914696
0.015000	-0.872020
0.016000	-0.872020
0.017000	-0.829344
0.018000	-0.743992
0.019000	-0.701317
0.020000	-0.573289
0.021000	-0.402586
0.022000	-0.231883
0.023000	0.024171
0.024000	0.237550
0.025000	0.322902
0.026000	0.322902
0.027000	0.365578
0.028000	0.365578
0.029000	0.450929
0.030000	0.493605
0.031000	0.578957
0.032000	0.664308
0.033000	0.706984
0.034000	0.706984
0.035000	0.706984
0.036000	0.621633
0.037000	0.536281
0.038000	0.408254
0.039000	0.280226
0.040000	0.194875
0.041000	0.109523
0.042000	0.024171
0.043000	-0.061180
0.044000	-0.103856
0.045000	-0.146532
0.046000	-0.189207
0.047000	-0.231883
0.048000	-0.317235
0.049000	-0.402586
0.050000	-0.573289
0.051000	-0.701317
0.052000	-0.872020
0.053000	-1.085400
0.054000	-1.256100
0.055000	-1.554830
0.056000	-1.810890
0.057000	-2.066940
0.058000	-2.365670
0.059000	-2.664400
0.060000	-2.963130
0.061000	-3.347220
0.062000	-3.603270
0.063000	-3.902000
0.064000	-4.158060
0.065000	-4.456790
0.066000	-4.755520
0.067000	-4.968890
0.068000	-5.139600
0.069000	-5.310300
0.070000	-5.481000
0.071000	-5.651710
0.072000	-5.822410
0.073000	-5.993110
0.074000	-6.206490
0.075000	-6.377200
0.076000	-6.547900
0.077000	-6.718600
0.078000	-6.889310
0.079000	-7.017330
0.080000	-7.145360
0.081000	-7.316060
0.082000	-7.401410
0.083000	-7.529440
0.084000	-7.657470
0.085000	-7.742820
0.086000	-7.742820
0.087000	-7.785500
0.088000	-7.785500
0.089000	-7.870850
0.090000	-7.913520
0.091000	-7.956200
0.092000	-7.870850
0.093000	-7.828170
0.094000	-7.870850
0.095000	-7.913520
0.096000	-7.956200
0.097000	-7.956200
0.098000	-7.998880
0.099000	-7.998880
0.100000	-7.998880
0.101000	-7.998880
0.102000	-8.084230
0.103000	-8.084230
0.104000	-8.126900
0.105000	-8.212250
0.106000	-8.340280
0.107000	-8.382960
0.108000	-8.553660
0.109000	-8.681690
0.110000	-8.852390
0.111000	-9.023090
0.112000	-9.151120
0.113000	-9.364500
0.114000	-9.535200
0.115000	-9.705910
0.116000	-9.833930
0.117000	-9.961960
0.118000	-10.132700
0.119000	-10.346000
0.120000	-10.474100
0.121000	-10.644800
0.122000	-10.772800
0.123000	-10.858200
0.124000	-10.986200
0.125000	-11.156900
0.126000	-11.284900
0.127000	-11.327600
0.128000	-11.370300
0.129000	-11.498300
0.130000	-11.583600
0.131000	-11.711700
0.132000	-11.839700
0.133000	-11.967700
0.134000	-12.053100
0.135000	-12.095800
0.136000	-11.925000
0.137000	-11.797000
0.138000	-11.711700
0.139000	-11.882400
0.140000	-11.967700
0.141000	-11.754300
0.142000	-11.541000
0.143000	-11.583600
0.144000	-11.711700
0.145000	-11.839700
0.146000	-11.967700
0.147000	-11.967700
0.148000	-11.925000
0.149000	-12.053100
0.150000	-12.138400
0.151000	-12.223800
0.152000	-12.266500
0.153000	-12.266500
0.154000	-12.266500
0.155000	-12.351800
0.156000	-12.437200
0.157000	-12.522500
0.158000	-12.607900
0.159000	-12.650500
0.160000	-12.650500
0.161000	-12.650500
0.162000	-12.650500
0.163000	-12.650500
0.164000	-12.693200
0.165000	-12.778600
0.166000	-12.821200
0.167000	-12.863900
0.168000	-12.821200
0.169000	-12.906600
0.170000	-12.991900
0.171000	-13.034600
0.172000	-13.162600
0.173000	-13.248000
0.174000	-13.376000
0.175000	-13.418700
0.176000	-13.504100
0.177000	-13.546700
0.178000	-13.632100
0.179000	-13.717400
0.180000	-13.802800
0.181000	-13.888100
0.182000	-14.016200
0.183000	-14.144200
0.184000	-14.357600
0.185000	-14.528300
0.186000	-14.741600
0.187000	-14.955000
0.188000	-15.168400
0.189000	-15.381800
0.190000	-15.595200
0.191000	-15.765900
0.192000	-15.936600
0.193000	-15.979200
0.194000	-16.064600
0.195000	-16.149900
0.196000	-16.192600
0.197000	-16.278000
0.198000	-16.363300
0.199000	-16.448700
0.200000	-16.534000
0.201000	-16.576700
0.202000	-16.619400
0.203000	-16.619400
0.204000	-16.619400
0.205000	-16.619400
0.206000	-16.576700
0.207000	-16.576700
0.208000	-16.534000
0.209000	-16.491400
0.210000	-16.448700
0.211000	-16.448700
0.212000	-16.448700
0.213000	-16.406000
0.214000	-16.448700
0.215000	-16.491400
0.216000	-16.448700
0.217000	-16.491400
0.218000	-16.448700
0.219000	-16.491400
0.220000	-16.491400
0.221000	-16.491400
0.222000	-16.576700
0.223000	-16.576700
0.224000	-16.576700
0.225000	-16.576700
0.226000	-16.534000
0.227000	-16.534000
0.228000	-16.534000
0.229000	-16.534000
0.230000	-16.534000
0.231000	-16.534000
0.232000	-16.534000
0.233000	-16.576700
0.234000	-16.619400
0.235000	-16.619400
0.236000	-16.619400
0.237000	-16.662100
0.238000	-16.704700
0.239000	-16.747400
0.240000	-16.790100
0.241000	-16.790100
0.242000	-16.875401
0.243000	-16.918100
0.244000	-16.960800
0.245000	-16.960800
0.246000	-17.003500
0.247000	-17.046101
0.248000	-17.131500
0.249000	-17.131500
0.250000	-17.259501
0.251000	-17.302200
0.252000	-17.472900
0.253000	-17.558300
0.254000	-17.643600
0.255000	-17.814301
0.256000	-17.942301
0.257000	-18.113001
0.258000	-18.155701
0.259000	-18.326401
0.260000	-18.497101
0.261000	-18.582500
0.262000	-18.753201
0.263000	-18.838499
0.264000	-18.966600
0.265000	-19.051901
0.266000	-19.094601
0.267000	-19.137300
0.268000	-19.179899
0.269000	-18.923901
0.270000	-16.747400
0.271000	-16.107300
0.272000	-15.381800
0.273000	-17.088800
0.274000	-16.960800
0.275000	-16.064600
0.276000	-13.888100
0.277000	-14.442900
0.278000	-13.546700
0.279000	-16.149900
0.280000	-16.235300
0.281000	-15.595200
0.282000	-17.899700
0.283000	-16.875401
0.284000	-17.729000
0.285000	-17.302200
0.286000	-18.881201
0.287000	-17.857000
0.288000	-19.777399
0.289000	-18.369101
0.290000	-18.326401
0.291000	-19.734699
0.292000	-19.691999
0.293000	-20.673599
0.294000	-19.905399
0.295000	-20.758900
0.296000	-20.460199
0.297000	-22.167200
0.298000	-21.271000
0.299000	-21.057699
0.300000	-21.185699
0.301000	-21.143000
0.302000	-21.953899
0.303000	-20.460199
0.304000	-19.862700
0.305000	-19.606701
0.306000	-21.100300
0.307000	-22.252600
0.308000	-22.594000
0.309000	-21.655100
0.310000	-21.911200
0.311000	-21.740499
0.312000	-22.337900
0.313000	-22.679300
0.314000	-22.423300
0.315000	-22.892700
0.316000	-23.063400
0.317000	-23.148800
0.318000	-22.892700
0.319000	-23.532900
0.320000	-23.447500
0.321000	-24.386400
0.322000	-24.343700
0.323000	-24.130301
0.324000	-24.855801
0.325000	-24.855801
0.326000	-24.941200
0.327000	-24.429100
0.328000	-24.727800
0.329000	-24.813101
0.330000	-25.581301
0.331000	-25.410601
0.332000	-25.069201
0.333000	-25.154499
0.334000	-25.111900
0.335000	-25.922701
0.336000	-25.752001
0.337000	-25.709299
0.338000	-25.367901
0.339000	-25.752001
0.340000	-26.050699
0.341000	-26.306801
0.342000	-26.306801
0.343000	-25.837400
0.344000	-26.306801
0.345000	-26.434799
0.346000	-26.861601
0.347000	-26.690901
0.348000	-26.562799
0.349000	-26.690901
0.350000	-27.032301
0.351000	-27.160299
0.352000	-26.904200
0.353000	-27.202999
0.354000	-27.245701
0.355000	-27.330999
0.356000	-27.117599
0.357000	-27.117599
0.358000	-27.459000
0.359000	-27.629700
0.360000	-27.501699
0.361000	-27.202999
0.362000	-27.245701
0.363000	-26.818899
0.364000	-26.946899
0.365000	-26.306801
0.366000	-26.648199
0.367000	-26.818899
0.368000	-26.306801
0.369000	-26.221399
0.370000	-26.562799
0.371000	-26.392099
0.372000	-26.818899
0.373000	-27.245701
0.374000	-26.818899
0.375000	-27.330999
0.376000	-27.416401
0.377000	-27.672400
0.378000	-27.843100
0.379000	-27.587099
0.380000	-27.373699
0.381000	-27.757799
0.382000	-27.459000
0.383000	-27.416401
0.384000	-28.056499
0.385000	-27.971100
0.386000	-28.483299
0.387000	-28.440599
0.388000	-28.397900
0.389000	-28.611300
0.390000	-28.910000
0.391000	-29.251400
0.392000	-29.336800
0.393000	-29.507500
0.394000	-29.934200
0.395000	-30.745100
0.396000	-30.915800
0.397000	-31.171801
0.398000	-31.641300
0.399000	-32.195999
0.400000	-32.708199
0.401000	-32.878899
0.402000	-32.921501
0.403000	-33.134899
0.404000	-33.561699
0.405000	-33.945801
0.406000	-34.244499
0.407000	-34.415199
0.408000	-34.756599
0.409000	-35.268700
0.410000	-35.738098
0.411000	-36.122200
0.412000	-36.207600
0.413000	-36.634300
0.414000	-37.018398
0.415000	-37.317101
0.416000	-37.445202
0.417000	-37.146400
0.418000	-36.378300
0.419000	-37.103802
0.420000	-36.890400
0.421000	-37.871899
0.422000	-36.719700
0.423000	-35.780800
0.424000	-34.457901
0.425000	-34.415199
0.426000	-34.756599
0.427000	-34.799301
0.428000	-34.500500
0.429000	-33.519001
0.430000	-32.708199
0.431000	-32.238701
0.432000	-31.897301
0.433000	-32.622799
0.434000	-32.964199
0.435000	-31.854601
0.436000	-32.452099
0.437000	-32.452099
0.438000	-33.049599
0.439000	-33.689701
0.440000	-34.799301
0.441000	-35.396702
0.442000	-35.695499
0.443000	-36.933102
0.444000	-37.743900
0.445000	-38.042599
0.446000	-38.640099
0.447000	-38.896099
0.448000	-38.810799
0.449000	-39.322899
0.450000	-39.578999
0.451000	-40.176399
0.452000	-40.389801
0.453000	-40.219101
0.454000	-40.261799
0.455000	-40.645802
0.456000	-40.901901
0.457000	-41.158001
0.458000	-41.414001
0.459000	-40.688499
0.460000	-40.901901
0.461000	-40.773899
0.462000	-41.029900
0.463000	-41.115299
0.464000	-40.731201
0.465000	-40.603199
0.466000	-40.560501
0.467000	-40.688499
0.468000	-40.603199
0.469000	-40.731201
0.470000	-40.304401
0.471000	-40.517799
0.472000	-40.389801
0.473000	-40.347099
0.474000	-40.432499
0.475000	-40.304401
0.476000	-40.475101
0.477000	-40.261799
0.478000	-40.304401
0.479000	-40.219101
0.480000	-40.432499
0.481000	-40.347099
0.482000	-40.517799
0.483000	-40.816601
0.484000	-41.072601
0.485000	-41.285999
0.486000	-41.243301
0.487000	-41.499401
0.488000	-41.883400
0.489000	-42.352901
0.490000	-42.438202
0.491000	-42.523602
0.492000	-42.523602
0.493000	-42.737000
0.494000	-43.035702
0.495000	-43.206402
0.496000	-43.334400
0.497000	-43.377102
0.498000	-43.633202
0.499000	-43.846500
0.500000	-44.102600
0.501000	-44.187901
0.502000	-44.401299
0.503000	-44.571999
0.504000	-44.571999
0.505000	-44.742699
0.506000	-44.998798
0.507000	-45.254799
0.508000	-45.297501
0.509000	-45.340199
0.510000	-45.382900
0.511000	-45.553600
0.512000	-45.724300
0.513000	-45.937599
0.514000	-46.065701
0.515000	-46.108299
0.516000	-46.321701
0.517000	-46.492401
0.518000	-46.620499
0.519000	-46.620499
0.520000	-46.791199
0.521000	-46.961899
0.522000	-47.175201
0.523000	-47.260601
0.524000	-47.388599
0.525000	-47.516602
0.526000	-47.559299
0.527000	-47.730000
0.528000	-47.943401
0.529000	-48.071400
0.530000	-48.156799
0.531000	-48.156799
0.532000	-48.327499
0.533000	-48.498199
0.534000	-48.626202
0.535000	-48.754200
0.536000	-48.839600
0.537000	-48.924900
0.538000	-49.010300
0.539000	-49.223701
0.540000	-49.394402
0.541000	-49.522400
0.542000	-49.650398
0.543000	-49.821098
0.544000	-49.949200
0.545000	-50.119900
0.546000	-50.333302
0.547000	-50.461300
0.548000	-50.589298
0.549000	-50.632000
0.550000	-50.717300
0.551000	-50.888000
0.552000	-50.930698
0.553000	-50.973400
0.554000	-50.973400
0.555000	-50.973400
0.556000	-51.016102
0.557000	-50.973400
0.558000	-50.930698
0.559000	-51.016102
0.560000	-51.016102
0.561000	-51.058701
0.562000	-51.186798
0.563000	-51.272099
0.564000	-51.357498
0.565000	-51.442799
0.566000	-51.570801
0.567000	-51.698898
0.568000	-51.741600
0.569000	-51.784199
0.570000	-51.826900
0.571000	-51.912300
0.572000	-51.954899
0.573000	-51.954899
0.574000	-51.997601
0.575000	-52.040298
0.576000	-52.040298
0.577000	-51.997601
0.578000	-51.912300
0.579000	-51.912300
0.580000	-51.869598
0.581000	-51.741600
0.582000	-51.570801
0.583000	-51.485500
0.584000	-51.442799
0.585000	-51.442799
0.586000	-51.485500
0.587000	-51.400101
0.588000	-51.357498
0.589000	-51.442799
0.590000	-51.656200
0.591000	-51.869598
0.592000	-51.869598
0.593000	-51.912300
0.594000	-52.040298
0.595000	-52.125599
0.596000	-52.210999
0.597000	-52.253700
0.598000	-52.381699
0.599000	-52.552399
0.600000	-52.552399
0.601000	-52.552399
0.602000	-52.595100
0.603000	-52.680401
0.604000	-52.637699
0.605000	-52.552399
0.606000	-52.125599
0.607000	-51.698898
0.608000	-52.040298
0.609000	-54.558201
0.610000	-55.027599
0.611000	-52.381699
0.612000	-49.949200
0.613000	-48.967602
0.614000	-48.114101
0.615000	-46.961899
0.616000	-45.382900
0.617000	-42.523602
0.618000	-39.322899
0.619000	-36.676998
0.620000	-34.585899
0.621000	-33.305599
0.622000	-32.025299
0.623000	-30.147600
0.624000	-28.397900
0.625000	-26.477501
0.626000	-25.581301
0.627000	-26.050699
0.628000	-26.264099
0.629000	-25.581301
0.630000	-25.069201
0.631000	-25.325199
0.632000	-27.032301
0.633000	-29.806200
0.634000	-31.769300
0.635000	-33.262901
0.636000	-35.012600
0.637000	-37.018398
0.638000	-39.749699
0.639000	-42.139500
0.640000	-43.889198
0.641000	-45.553600
0.642000	-46.748501
