0.000000	-0.634649
0.001000	-0.634649
0.002000	3.125120
0.003000	-2.514530
0.004000	1.245240
0.005000	1.245240
0.006000	-2.514530
0.007000	1.245240
0.008000	1.245240
0.009000	-0.634649
0.010000	1.245240
0.011000	-2.514530
0.012000	-0.634649
0.013000	1.245240
0.014000	1.245240
0.015000	1.245240
0.016000	1.245240
0.017000	1.245240
0.018000	-0.634649
0.019000	3.125120
0.020000	3.125120
0.021000	3.125120
0.022000	6.884880
0.023000	10.644600
0.024000	6.884880
0.025000	5.005000
0.026000	8.764760
0.027000	6.884880
0.028000	1.245240
0.029000	-0.634649
0.030000	-6.274290
0.031000	-8.154180
0.032000	-10.034100
0.033000	-10.034100
0.034000	-8.154180
0.035000	-6.274290
0.036000	-4.394410
0.037000	-0.634649
0.038000	5.005000
0.039000	10.644600
0.040000	16.284300
0.041000	18.164200
0.042000	20.044100
0.043000	20.044100
0.044000	20.044100
0.045000	14.404400
0.046000	16.284300
0.047000	12.524500
0.048000	8.764760
0.049000	8.764760
0.050000	6.884880
0.051000	6.884880
0.052000	6.884880
0.053000	8.764760
0.054000	5.005000
0.055000	6.884880
0.056000	8.764760
0.057000	10.644600
0.058000	10.644600
0.059000	5.005000
0.060000	6.884880
0.061000	3.125120
0.062000	1.245240
0.063000	-2.514530
0.064000	-4.394410
0.065000	-6.274290
0.066000	-4.394410
0.067000	-2.514530
0.068000	-0.634649
0.069000	-0.634649
0.070000	3.125120
0.071000	5.005000
0.072000	3.125120
0.073000	3.125120
0.074000	3.125120
0.075000	-0.634649
0.076000	1.245240
0.077000	-0.634649
0.078000	-2.514530
0.079000	-2.514530
0.080000	-2.514530
0.081000	-4.394410
0.082000	-4.394410
0.083000	-4.394410
0.084000	-4.394410
0.085000	-4.394410
0.086000	-6.274290
0.087000	-4.394410
0.088000	-2.514530
0.089000	-2.514530
0.090000	-4.394410
0.091000	-2.514530
0.092000	-2.514530
0.093000	-4.394410
0.094000	-2.514530
0.095000	-4.394410
0.096000	-0.634649
0.097000	-2.514530
0.098000	-2.514530
0.099000	-2.514530
0.100000	-4.394410
0.101000	-6.274290
0.102000	-4.394410
0.103000	-4.394410
0.104000	-6.274290
0.105000	-4.394410
0.106000	-4.394410
0.107000	-4.394410
0.108000	-2.514530
0.109000	1.245240
0.110000	-2.514530
0.111000	1.245240
0.112000	-0.634649
0.113000	1.245240
0.114000	-0.634649
0.115000	-4.394410
0.116000	-4.394410
0.117000	-6.274290
0.118000	-2.514530
0.119000	-6.274290
0.120000	-8.154180
0.121000	-6.274290
0.122000	-6.274290
0.123000	-8.154180
0.124000	-6.274290
0.125000	-6.274290
0.126000	-6.274290
0.127000	-8.154180
0.128000	-8.154180
0.129000	-8.154180
0.130000	-6.274290
0.131000	-8.154180
0.132000	-8.154180
0.133000	-6.274290
0.134000	-4.394410
0.135000	1.245240
0.136000	1.245240
0.137000	-6.274290
0.138000	-6.274290
0.139000	-6.274290
0.140000	-11.913900
0.141000	-19.433500
0.142000	-19.433500
0.143000	-15.673700
0.144000	-15.673700
0.145000	-13.793800
0.146000	-13.793800
0.147000	-8.154180
0.148000	-8.154180
0.149000	-8.154180
0.150000	-13.793800
0.151000	-11.913900
0.152000	-8.154180
0.153000	-10.034100
0.154000	-8.154180
0.155000	-10.034100
0.156000	-10.034100
0.157000	-10.034100
0.158000	-10.034100
0.159000	-11.913900
0.160000	-10.034100
0.161000	-10.034100
0.162000	-11.913900
0.163000	-13.793800
0.164000	-11.913900
0.165000	-10.034100
0.166000	-11.913900
0.167000	-15.673700
0.168000	-13.793800
0.169000	-13.793800
0.170000	-13.793800
0.171000	-15.673700
0.172000	-13.793800
0.173000	-11.913900
0.174000	-10.034100
0.175000	-10.034100
0.176000	-11.913900
0.177000	-11.913900
0.178000	-10.034100
0.179000	-13.793800
0.180000	-13.793800
0.181000	-15.673700
0.182000	-15.673700
0.183000	-15.673700
0.184000	-15.673700
0.185000	-17.553600
0.186000	-15.673700
0.187000	-17.553600
0.188000	-17.553600
0.189000	-17.553600
0.190000	-15.673700
0.191000	-13.793800
0.192000	-17.553600
0.193000	-15.673700
0.194000	-17.553600
0.195000	-17.553600
0.196000	-15.673700
0.197000	-13.793800
0.198000	-17.553600
0.199000	-15.673700
0.200000	-15.673700
0.201000	-15.673700
0.202000	-15.673700
0.203000	-15.673700
0.204000	-15.673700
0.205000	-17.553600
0.206000	-17.553600
0.207000	-15.673700
0.208000	-19.433500
0.209000	-19.433500
0.210000	-23.193199
0.211000	-19.433500
0.212000	-17.553600
0.213000	-19.433500
0.214000	-19.433500
0.215000	-17.553600
0.216000	-17.553600
0.217000	-17.553600
0.218000	-17.553600
0.219000	-17.553600
0.220000	-15.673700
0.221000	-13.793800
0.222000	-13.793800
0.223000	-13.793800
0.224000	-13.793800
0.225000	-13.793800
0.226000	-13.793800
0.227000	-15.673700
0.228000	-17.553600
0.229000	-17.553600
0.230000	-15.673700
0.231000	-15.673700
0.232000	-17.553600
0.233000	-19.433500
0.234000	-15.673700
0.235000	-15.673700
0.236000	-15.673700
0.237000	-13.793800
0.238000	-13.793800
0.239000	-10.034100
0.240000	-10.034100
0.241000	-10.034100
0.242000	-11.913900
0.243000	-11.913900
0.244000	-11.913900
0.245000	-10.034100
0.246000	-13.793800
0.247000	-13.793800
0.248000	-13.793800
0.249000	-13.793800
0.250000	-17.553600
0.251000	-17.553600
0.252000	-17.553600
0.253000	-15.673700
0.254000	-15.673700
0.255000	-15.673700
0.256000	-15.673700
0.257000	-15.673700
0.258000	-19.433500
0.259000	-19.433500
0.260000	-17.553600
0.261000	-17.553600
0.262000	-21.313400
0.263000	-17.553600
0.264000	-19.433500
0.265000	-19.433500
0.266000	-19.433500
0.267000	-21.313400
0.268000	-23.193199
0.269000	-17.553600
0.270000	-90.869003
0.271000	-83.349503
0.272000	-66.430496
0.273000	12.524500
0.274000	-10.034100
0.275000	-51.391499
0.276000	-17.553600
0.277000	-81.469597
0.278000	12.524500
0.279000	68.920998
0.280000	-19.433500
0.281000	-13.793800
0.282000	12.524500
0.283000	-21.313400
0.284000	-26.952999
0.285000	-45.751801
0.286000	-45.751801
0.287000	-62.670799
0.288000	-0.634649
0.289000	-43.872002
0.290000	-55.151199
0.291000	20.044100
0.292000	-8.154180
0.293000	-2.514530
0.294000	-4.394410
0.295000	-32.592701
0.296000	-17.553600
0.297000	12.524500
0.298000	-30.712799
0.299000	-34.472500
0.300000	-51.391499
0.301000	-51.391499
0.302000	-45.751801
0.303000	-90.869003
0.304000	-85.229401
0.305000	-77.709801
0.306000	-41.992100
0.307000	53.882000
0.308000	-10.034100
0.309000	-40.112202
0.310000	-26.952999
0.311000	-19.433500
0.312000	-8.154180
0.313000	-4.394410
0.314000	-43.872002
0.315000	-43.872002
0.316000	-32.592701
0.317000	-34.472500
0.318000	-38.232300
0.319000	-40.112202
0.320000	-38.232300
0.321000	-25.073099
0.322000	-19.433500
0.323000	-38.232300
0.324000	-30.712799
0.325000	-23.193199
0.326000	-38.232300
0.327000	-43.872002
0.328000	-58.910999
0.329000	-58.910999
0.330000	-47.631699
0.331000	-38.232300
0.332000	-57.031101
0.333000	-55.151199
0.334000	-62.670799
0.335000	-34.472500
0.336000	-25.073099
0.337000	-45.751801
0.338000	-45.751801
0.339000	-40.112202
0.340000	-26.952999
0.341000	-23.193199
0.342000	-36.352402
0.343000	-55.151199
0.344000	-43.872002
0.345000	-40.112202
0.346000	-34.472500
0.347000	-41.992100
0.348000	-53.271400
0.349000	-51.391499
0.350000	-40.112202
0.351000	-40.112202
0.352000	-51.391499
0.353000	-51.391499
0.354000	-47.631699
0.355000	-43.872002
0.356000	-47.631699
0.357000	-53.271400
0.358000	-43.872002
0.359000	-41.992100
0.360000	-45.751801
0.361000	-53.271400
0.362000	-51.391499
0.363000	-68.310402
0.364000	-49.511600
0.365000	-75.830002
0.366000	-41.992100
0.367000	-30.712799
0.368000	-55.151199
0.369000	-34.472500
0.370000	-41.992100
0.371000	-45.751801
0.372000	-38.232300
0.373000	-36.352402
0.374000	-49.511600
0.375000	-36.352402
0.376000	-47.631699
0.377000	-45.751801
0.378000	-43.872002
0.379000	-58.910999
0.380000	-64.550697
0.381000	-51.391499
0.382000	-60.790901
0.383000	-60.790901
0.384000	-40.112202
0.385000	-49.511600
0.386000	-40.112202
0.387000	-40.112202
0.388000	-53.271400
0.389000	-55.151199
0.390000	-49.511600
0.391000	-55.151199
0.392000	-58.910999
0.393000	-64.550697
0.394000	-58.910999
0.395000	-43.872002
0.396000	-53.271400
0.397000	-62.670799
0.398000	-60.790901
0.399000	-57.031101
0.400000	-49.511600
0.401000	-55.151199
0.402000	-66.430496
0.403000	-66.430496
0.404000	-64.550697
0.405000	-70.190300
0.406000	-70.190300
0.407000	-75.830002
0.408000	-81.469597
0.409000	-77.709801
0.410000	-72.070198
0.411000	-72.070198
0.412000	-81.469597
0.413000	-81.469597
0.414000	-81.469597
0.415000	-81.469597
0.416000	-81.469597
0.417000	-102.148003
0.418000	-111.547997
0.419000	-104.028000
0.420000	-107.788002
0.421000	-55.151199
0.422000	-88.989098
0.423000	-111.547997
0.424000	-151.024994
0.425000	-120.946999
0.426000	-83.349503
0.427000	-51.391499
0.428000	-17.553600
0.429000	-62.670799
0.430000	-111.547997
0.431000	-98.388603
0.432000	-94.628799
0.433000	-60.790901
0.434000	5.005000
0.435000	-75.830002
0.436000	-94.628799
0.437000	-98.388603
0.438000	-92.748901
0.439000	-68.310402
0.440000	-23.193199
0.441000	-57.031101
0.442000	-85.229401
0.443000	-70.190300
0.444000	-85.229401
0.445000	-64.550697
0.446000	-85.229401
0.447000	-83.349503
0.448000	-100.267998
0.449000	-102.148003
0.450000	-98.388603
0.451000	-98.388603
0.452000	-96.508698
0.453000	-102.148003
0.454000	-96.508698
0.455000	-87.109299
0.456000	-83.349503
0.457000	-92.748901
0.458000	-75.830002
0.459000	-94.628799
0.460000	-81.469597
0.461000	-73.950104
0.462000	-85.229401
0.463000	-87.109299
0.464000	-104.028000
0.465000	-100.267998
0.466000	-83.349503
0.467000	-81.469597
0.468000	-92.748901
0.469000	-81.469597
0.470000	-96.508698
0.471000	-88.989098
0.472000	-77.709801
0.473000	-88.989098
0.474000	-87.109299
0.475000	-100.267998
0.476000	-98.388603
0.477000	-90.869003
0.478000	-88.989098
0.479000	-92.748901
0.480000	-96.508698
0.481000	-109.667999
0.482000	-100.267998
0.483000	-90.869003
0.484000	-83.349503
0.485000	-81.469597
0.486000	-98.388603
0.487000	-107.788002
0.488000	-100.267998
0.489000	-85.229401
0.490000	-87.109299
0.491000	-88.989098
0.492000	-98.388603
0.493000	-104.028000
0.494000	-104.028000
0.495000	-98.388603
0.496000	-102.148003
0.497000	-102.148003
0.498000	-100.267998
0.499000	-102.148003
0.500000	-102.148003
0.501000	-104.028000
0.502000	-100.267998
0.503000	-98.388603
0.504000	-102.148003
0.505000	-98.388603
0.506000	-96.508698
0.507000	-96.508698
0.508000	-98.388603
0.509000	-102.148003
0.510000	-104.028000
0.511000	-104.028000
0.512000	-105.907997
0.513000	-104.028000
0.514000	-102.148003
0.515000	-104.028000
0.516000	-104.028000
0.517000	-102.148003
0.518000	-104.028000
0.519000	-105.907997
0.520000	-109.667999
0.521000	-107.788002
0.522000	-105.907997
0.523000	-107.788002
0.524000	-109.667999
0.525000	-109.667999
0.526000	-111.547997
0.527000	-115.307999
0.528000	-113.428001
0.529000	-111.547997
0.530000	-115.307999
0.531000	-119.067001
0.532000	-119.067001
0.533000	-117.186996
0.534000	-117.186996
0.535000	-119.067001
0.536000	-122.827003
0.537000	-120.946999
0.538000	-122.827003
0.539000	-126.586998
0.540000	-124.707001
0.541000	-124.707001
0.542000	-124.707001
0.543000	-126.586998
0.544000	-130.347000
0.545000	-130.347000
0.546000	-128.466995
0.547000	-128.466995
0.548000	-128.466995
0.549000	-132.225998
0.550000	-134.106003
0.551000	-130.347000
0.552000	-130.347000
0.553000	-130.347000
0.554000	-132.225998
0.555000	-130.347000
0.556000	-134.106003
0.557000	-134.106003
0.558000	-134.106003
0.559000	-132.225998
0.560000	-137.865997
0.561000	-134.106003
0.562000	-134.106003
0.563000	-134.106003
0.564000	-137.865997
0.565000	-134.106003
0.566000	-135.985992
0.567000	-137.865997
0.568000	-137.865997
0.569000	-139.746002
0.570000	-137.865997
0.571000	-135.985992
0.572000	-139.746002
0.573000	-137.865997
0.574000	-139.746002
0.575000	-141.626007
0.576000	-141.626007
0.577000	-139.746002
0.578000	-139.746002
0.579000	-139.746002
0.580000	-139.746002
0.581000	-143.505997
0.582000	-147.266006
0.583000	-149.145004
0.584000	-149.145004
0.585000	-152.904999
0.586000	-149.145004
0.587000	-151.024994
0.588000	-152.904999
0.589000	-151.024994
0.590000	-149.145004
0.591000	-143.505997
0.592000	-145.386002
0.593000	-145.386002
0.594000	-145.386002
0.595000	-143.505997
0.596000	-145.386002
0.597000	-143.505997
0.598000	-143.505997
0.599000	-141.626007
0.600000	-143.505997
0.601000	-143.505997
0.602000	-143.505997
0.603000	-145.386002
0.604000	-143.505997
0.605000	-139.746002
0.606000	-113.428001
0.607000	-117.186996
0.608000	-145.386002
0.609000	-98.388603
0.610000	-105.907997
0.611000	-164.184006
0.612000	-173.584000
0.613000	-145.386002
0.614000	-132.225998
0.615000	-122.827003
0.616000	-137.865997
0.617000	-160.425003
0.618000	-156.664993
0.619000	-149.145004
0.620000	-152.904999
0.621000	-149.145004
0.622000	-167.944000
0.623000	-179.223999
0.624000	-145.386002
0.625000	-141.626007
0.626000	-137.865997
0.627000	-119.067001
0.628000	-104.028000
0.629000	-100.267998
0.630000	-90.869003
0.631000	-88.989098
0.632000	-79.589699
0.633000	-64.550697
0.634000	-77.709801
0.635000	-85.229401
0.636000	-92.748901
0.637000	-111.547997
0.638000	-115.307999
0.639000	-128.466995
0.640000	-149.145004
0.641000	-149.145004
0.642000	-160.425003
