0.000000	0.555029
0.001000	0.596143
0.002000	0.575586
0.003000	0.534473
0.004000	0.596143
0.005000	0.575586
0.006000	0.575586
0.007000	0.575586
0.008000	0.575586
0.009000	0.575586
0.010000	0.555029
0.011000	0.555029
0.012000	0.555029
0.013000	0.555029
0.014000	0.555029
0.015000	0.534473
0.016000	0.534473
0.017000	0.513916
0.018000	0.534473
0.019000	0.534473
0.020000	0.493359
0.021000	0.534473
0.022000	0.534473
0.023000	0.513916
0.024000	0.555029
0.025000	0.555029
0.026000	0.555029
0.027000	0.575586
0.028000	0.596143
0.029000	0.575586
0.030000	0.596143
0.031000	0.555029
0.032000	0.555029
0.033000	0.513916
0.034000	0.493359
0.035000	0.513916
0.036000	0.493359
0.037000	0.534473
0.038000	0.575586
0.039000	0.637256
0.040000	0.657813
0.041000	0.719482
0.042000	0.781152
0.043000	0.781152
0.044000	0.863379
0.045000	0.863379
0.046000	0.863379
0.047000	0.883936
0.048000	0.925049
0.049000	0.904492
0.050000	0.925049
0.051000	0.945605
0.052000	0.945605
0.053000	0.966162
0.054000	0.904492
0.055000	0.904492
0.056000	0.904492
0.057000	0.822266
0.058000	0.863379
0.059000	0.760596
0.060000	0.740039
0.061000	0.719482
0.062000	0.678369
0.063000	0.657813
0.064000	0.616699
0.065000	0.596143
0.066000	0.616699
0.067000	0.616699
0.068000	0.596143
0.069000	0.637256
0.070000	0.657813
0.071000	0.616699
0.072000	0.678369
0.073000	0.698926
0.074000	0.698926
0.075000	0.719482
0.076000	0.719482
0.077000	0.740039
0.078000	0.760596
0.079000	0.760596
0.080000	0.760596
0.081000	0.760596
0.082000	0.740039
0.083000	0.719482
0.084000	0.740039
0.085000	0.698926
0.086000	0.657813
0.087000	0.657813
0.088000	0.534473
0.089000	0.534473
0.090000	0.513916
0.091000	0.452246
0.092000	0.411133
0.093000	0.370020
0.094000	0.328906
0.095000	0.328906
0.096000	0.287793
0.097000	0.246680
0.098000	0.205566
0.099000	0.205566
0.100000	0.185010
0.101000	0.164453
0.102000	0.143896
0.103000	0.143896
0.104000	0.143896
0.105000	0.123340
0.106000	0.123340
0.107000	0.185010
0.108000	0.164453
0.109000	0.205566
0.110000	0.185010
0.111000	0.185010
0.112000	0.185010
0.113000	0.226123
0.114000	0.246680
0.115000	0.246680
0.116000	0.246680
0.117000	0.287793
0.118000	0.287793
0.119000	0.267236
0.120000	0.349463
0.121000	0.370020
0.122000	0.349463
0.123000	0.349463
0.124000	0.390576
0.125000	0.349463
0.126000	0.349463
0.127000	0.370020
0.128000	0.349463
0.129000	0.370020
0.130000	0.349463
0.131000	0.349463
0.132000	0.328906
0.133000	0.328906
0.134000	0.308350
0.135000	0.267236
0.136000	0.185010
0.137000	0.205566
0.138000	0.246680
0.139000	0.308350
0.140000	0.411133
0.141000	0.452246
0.142000	0.431689
0.143000	0.349463
0.144000	0.308350
0.145000	0.390576
0.146000	0.411133
0.147000	0.452246
0.148000	0.493359
0.149000	0.513916
0.150000	0.555029
0.151000	0.555029
0.152000	0.513916
0.153000	0.411133
0.154000	0.349463
0.155000	0.287793
0.156000	0.205566
0.157000	0.185010
0.158000	0.143896
0.159000	0.061670
0.160000	-0.020557
0.161000	-0.082227
0.162000	-0.164453
0.163000	-0.246680
0.164000	-0.267236
0.165000	-0.308350
0.166000	-0.370020
0.167000	-0.431689
0.168000	-0.452246
0.169000	-0.472803
0.170000	-0.534473
0.171000	-0.555029
0.172000	-0.534473
0.173000	-0.575586
0.174000	-0.575586
0.175000	-0.534473
0.176000	-0.555029
0.177000	-0.534473
0.178000	-0.534473
0.179000	-0.534473
0.180000	-0.513916
0.181000	-0.452246
0.182000	-0.472803
0.183000	-0.431689
0.184000	-0.411133
0.185000	-0.370020
0.186000	-0.349463
0.187000	-0.308350
0.188000	-0.246680
0.189000	-0.205566
0.190000	-0.185010
0.191000	-0.102783
0.192000	-0.102783
0.193000	-0.061670
0.194000	0.000000
0.195000	-0.041113
0.196000	0.000000
0.197000	0.041113
0.198000	0.020557
0.199000	0.041113
0.200000	0.000000
0.201000	0.000000
0.202000	0.000000
0.203000	-0.020557
0.204000	-0.061670
0.205000	-0.102783
0.206000	-0.143896
0.207000	-0.205566
0.208000	-0.205566
0.209000	-0.226123
0.210000	-0.287793
0.211000	-0.287793
0.212000	-0.328906
0.213000	-0.328906
0.214000	-0.370020
0.215000	-0.370020
0.216000	-0.390576
0.217000	-0.390576
0.218000	-0.431689
0.219000	-0.452246
0.220000	-0.452246
0.221000	-0.493359
0.222000	-0.493359
0.223000	-0.513916
0.224000	-0.555029
0.225000	-0.555029
0.226000	-0.575586
0.227000	-0.616699
0.228000	-0.616699
0.229000	-0.637256
0.230000	-0.698926
0.231000	-0.719482
0.232000	-0.801709
0.233000	-0.801709
0.234000	-0.842822
0.235000	-0.883936
0.236000	-0.904492
0.237000	-0.925049
0.238000	-0.986719
0.239000	-1.007280
0.240000	-1.027830
0.241000	-1.089500
0.242000	-1.110060
0.243000	-1.130620
0.244000	-1.192290
0.245000	-1.212840
0.246000	-1.233400
0.247000	-1.295070
0.248000	-1.315630
0.249000	-1.336180
0.250000	-1.397850
0.251000	-1.438960
0.252000	-1.480080
0.253000	-1.480080
0.254000	-1.500630
0.255000	-1.541750
0.256000	-1.541750
0.257000	-1.582860
0.258000	-1.623970
0.259000	-1.644530
0.260000	-1.644530
0.261000	-1.685640
0.262000	-1.726760
0.263000	-1.726760
0.264000	-1.788430
0.265000	-1.808980
0.266000	-1.829540
0.267000	-1.891210
0.268000	-1.932320
0.269000	-2.076220
0.270000	-2.014550
0.271000	-1.562300
0.272000	-1.438960
0.273000	-1.397850
0.274000	-0.637256
0.275000	-0.411133
0.276000	-0.657813
0.277000	0.349463
0.278000	0.698926
0.279000	0.945605
0.280000	1.685640
0.281000	1.747310
0.282000	1.233400
0.283000	1.068950
0.284000	1.418410
0.285000	1.048390
0.286000	1.027830
0.287000	1.151170
0.288000	0.925049
0.289000	0.883936
0.290000	0.842822
0.291000	0.185010
0.292000	-0.020557
0.293000	-0.123340
0.294000	-0.267236
0.295000	-0.390576
0.296000	-0.555029
0.297000	-0.637256
0.298000	-0.883936
0.299000	-1.356740
0.300000	-1.644530
0.301000	-1.850100
0.302000	-1.993990
0.303000	-2.199560
0.304000	-2.220120
0.305000	-1.808980
0.306000	-1.993990
0.307000	-2.096780
0.308000	-1.829540
0.309000	-1.911770
0.310000	-2.014550
0.311000	-2.014550
0.312000	-1.644530
0.313000	-1.315630
0.314000	-1.397850
0.315000	-1.521190
0.316000	-1.603420
0.317000	-1.603420
0.318000	-1.644530
0.319000	-1.726760
0.320000	-1.932320
0.321000	-1.788430
0.322000	-1.932320
0.323000	-2.014550
0.324000	-2.117330
0.325000	-2.179000
0.326000	-2.425680
0.327000	-2.631250
0.328000	-2.610690
0.329000	-2.651810
0.330000	-2.795700
0.331000	-3.104050
0.332000	-3.062940
0.333000	-3.145170
0.334000	-3.227390
0.335000	-3.412400
0.336000	-3.535740
0.337000	-3.494630
0.338000	-3.679640
0.339000	-3.720750
0.340000	-3.720750
0.341000	-3.576860
0.342000	-3.556300
0.343000	-3.535740
0.344000	-3.535740
0.345000	-3.432960
0.346000	-3.350730
0.347000	-3.145170
0.348000	-3.001270
0.349000	-3.001270
0.350000	-2.960160
0.351000	-2.836820
0.352000	-2.692920
0.353000	-2.651810
0.354000	-2.754590
0.355000	-2.713480
0.356000	-2.528470
0.357000	-2.507910
0.358000	-2.507910
0.359000	-2.528470
0.360000	-2.528470
0.361000	-2.425680
0.362000	-2.446240
0.363000	-2.549020
0.364000	-2.302340
0.365000	-1.952880
0.366000	-2.055660
0.367000	-1.993990
0.368000	-1.644530
0.369000	-1.623970
0.370000	-1.582860
0.371000	-1.253960
0.372000	-0.925049
0.373000	-0.822266
0.374000	-0.719482
0.375000	-0.616699
0.376000	-0.616699
0.377000	-0.637256
0.378000	-0.637256
0.379000	-0.678369
0.380000	-0.575586
0.381000	-0.596143
0.382000	-0.616699
0.383000	-0.534473
0.384000	-0.596143
0.385000	-0.698926
0.386000	-0.740039
0.387000	-0.863379
0.388000	-0.925049
0.389000	-1.068950
0.390000	-1.253960
0.391000	-1.480080
0.392000	-1.665090
0.393000	-1.911770
0.394000	-2.137890
0.395000	-2.322900
0.396000	-2.528470
0.397000	-2.754590
0.398000	-2.980710
0.399000	-3.165720
0.400000	-3.289060
0.401000	-3.453520
0.402000	-3.515190
0.403000	-3.576860
0.404000	-3.617970
0.405000	-3.741310
0.406000	-3.761870
0.407000	-3.659080
0.408000	-3.659080
0.409000	-3.659080
0.410000	-3.576860
0.411000	-3.535740
0.412000	-3.474070
0.413000	-3.412400
0.414000	-3.412400
0.415000	-3.268510
0.416000	-3.206840
0.417000	-3.227390
0.418000	-3.145170
0.419000	-2.734030
0.420000	-2.713480
0.421000	-3.042380
0.422000	-2.816260
0.423000	-2.713480
0.424000	-2.631250
0.425000	-1.623970
0.426000	-1.521190
0.427000	-1.438960
0.428000	-1.356740
0.429000	-1.644530
0.430000	-1.747310
0.431000	-1.212840
0.432000	-0.411133
0.433000	-0.370020
0.434000	-0.657813
0.435000	-0.472803
0.436000	-0.822266
0.437000	-1.336180
0.438000	-1.356740
0.439000	-1.089500
0.440000	-1.541750
0.441000	-1.788430
0.442000	-1.521190
0.443000	-1.973440
0.444000	-2.364010
0.445000	-2.528470
0.446000	-2.651810
0.447000	-2.775150
0.448000	-2.754590
0.449000	-2.692920
0.450000	-2.610690
0.451000	-2.549020
0.452000	-2.754590
0.453000	-2.898490
0.454000	-2.836820
0.455000	-2.487350
0.456000	-2.384570
0.457000	-2.261230
0.458000	-2.261230
0.459000	-2.343460
0.460000	-2.302340
0.461000	-2.220120
0.462000	-2.014550
0.463000	-1.850100
0.464000	-1.870650
0.465000	-1.932320
0.466000	-1.788430
0.467000	-1.644530
0.468000	-1.521190
0.469000	-1.356740
0.470000	-1.253960
0.471000	-1.377290
0.472000	-1.459520
0.473000	-1.418410
0.474000	-1.397850
0.475000	-1.480080
0.476000	-1.706200
0.477000	-1.808980
0.478000	-2.055660
0.479000	-2.405130
0.480000	-2.569580
0.481000	-2.672360
0.482000	-2.857370
0.483000	-3.021830
0.484000	-3.247950
0.485000	-3.453520
0.486000	-3.535740
0.487000	-3.597410
0.488000	-3.659080
0.489000	-3.700200
0.490000	-3.782420
0.491000	-3.761870
0.492000	-3.741310
0.493000	-3.761870
0.494000	-3.659080
0.495000	-3.576860
0.496000	-3.576860
0.497000	-3.535740
0.498000	-3.515190
0.499000	-3.474070
0.500000	-3.309620
0.501000	-3.206840
0.502000	-3.206840
0.503000	-3.165720
0.504000	-3.042380
0.505000	-2.960160
0.506000	-2.877930
0.507000	-2.795700
0.508000	-2.713480
0.509000	-2.651810
0.510000	-2.569580
0.511000	-2.446240
0.512000	-2.364010
0.513000	-2.343460
0.514000	-2.220120
0.515000	-2.137890
0.516000	-2.076220
0.517000	-1.952880
0.518000	-1.891210
0.519000	-1.870650
0.520000	-1.829540
0.521000	-1.788430
0.522000	-1.788430
0.523000	-1.808980
0.524000	-1.808980
0.525000	-1.829540
0.526000	-1.850100
0.527000	-1.932320
0.528000	-1.932320
0.529000	-1.973440
0.530000	-2.055660
0.531000	-2.055660
0.532000	-2.137890
0.533000	-2.179000
0.534000	-2.179000
0.535000	-2.240670
0.536000	-2.302340
0.537000	-2.343460
0.538000	-2.405130
0.539000	-2.466800
0.540000	-2.549020
0.541000	-2.610690
0.542000	-2.672360
0.543000	-2.775150
0.544000	-2.877930
0.545000	-2.898490
0.546000	-3.021830
0.547000	-3.124610
0.548000	-3.145170
0.549000	-3.206840
0.550000	-3.268510
0.551000	-3.330180
0.552000	-3.330180
0.553000	-3.453520
0.554000	-3.515190
0.555000	-3.515190
0.556000	-3.535740
0.557000	-3.576860
0.558000	-3.617970
0.559000	-3.576860
0.560000	-3.638530
0.561000	-3.659080
0.562000	-3.679640
0.563000	-3.617970
0.564000	-3.659080
0.565000	-3.617970
0.566000	-3.617970
0.567000	-3.617970
0.568000	-3.638530
0.569000	-3.617970
0.570000	-3.659080
0.571000	-3.638530
0.572000	-3.659080
0.573000	-3.617970
0.574000	-3.617970
0.575000	-3.638530
0.576000	-3.597410
0.577000	-3.576860
0.578000	-3.576860
0.579000	-3.535740
0.580000	-3.515190
0.581000	-3.535740
0.582000	-3.515190
0.583000	-3.515190
0.584000	-3.453520
0.585000	-3.371290
0.586000	-3.330180
0.587000	-3.289060
0.588000	-3.206840
0.589000	-3.124610
0.590000	-3.083500
0.591000	-3.083500
0.592000	-3.001270
0.593000	-2.919040
0.594000	-2.919040
0.595000	-2.980710
0.596000	-2.857370
0.597000	-2.836820
0.598000	-2.898490
0.599000	-2.898490
0.600000	-2.898490
0.601000	-2.939600
0.602000	-2.960160
0.603000	-3.042380
0.604000	-3.124610
0.605000	-3.206840
0.606000	-3.700200
0.607000	-4.214110
0.608000	-3.679640
0.609000	-2.960160
0.610000	-2.487350
0.611000	-2.199560
0.612000	-2.014550
0.613000	-2.549020
0.614000	-2.754590
0.615000	-1.562300
0.616000	-0.226123
0.617000	0.411133
0.618000	0.513916
0.619000	0.287793
0.620000	-0.020557
0.621000	-0.246680
0.622000	-0.616699
0.623000	-0.966162
0.624000	-1.171730
0.625000	-1.356740
0.626000	-1.315630
0.627000	-1.377290
0.628000	-1.582860
0.629000	-2.096780
0.630000	-2.692920
0.631000	-2.960160
0.632000	-2.836820
0.633000	-2.631250
0.634000	-2.590140
0.635000	-2.528470
0.636000	-2.590140
0.637000	-2.610690
0.638000	-2.549020
0.639000	-2.425680
0.640000	-2.425680
0.641000	-2.569580
0.642000	-2.631250
