0.000000	0.696000
0.053500	0.696000
-0.130000	0.696000
-0.138000	0.696000
-0.008290	0.696000
-0.044600	0.696000
-0.132000	0.696000
-0.140000	0.696000
0.000890	0.444000
-0.014200	0.301000
-0.133000	0.013800
0.578000	0.516000
1.640000	2.990000
2.320000	2.990000
3.590000	6.080000
4.090000	9.810000
4.370000	10.200000
5.000000	9.310000
5.200000	9.020000
5.790000	9.770000
6.050000	11.500000
6.840000	13.400000
6.940000	14.400000
7.140000	15.500000
7.620000	16.200001
7.840000	16.400000
8.200000	17.299999
8.730000	18.400000
8.880000	19.299999
9.270000	19.700001
9.690000	16.100000
9.990000	23.100000
10.000000	22.000000
10.200000	24.600000
10.200000	22.700001
10.700000	21.500000
10.800000	13.300000
10.900000	12.200000
11.600000	13.600000
11.700000	29.100000
11.800000	20.000000
12.100000	27.200001
12.100000	18.299999
12.100000	17.100000
13.000000	21.200001
13.200000	20.000000
13.300000	22.500000
14.000000	18.200001
14.100000	19.600000
14.700000	17.299999
14.600000	21.000000
14.800000	23.000000
15.000000	5.000000
15.200000	14.200000
15.500000	6.110000
16.000000	6.220000
16.100000	4.210000
16.500000	0.731000
16.799999	0.731000
17.299999	5.900000
