-16.500000	-1.260000
-16.500000	-1.260000
-16.500000	-1.260000
-16.400000	-1.320000
-16.400000	-1.260000
-16.400000	-1.380000
-16.400000	-1.190000
-16.400000	-1.440000
-16.500000	-0.754000
-16.500000	2.070000
-17.100000	3.960000
-17.700001	0.377000
-19.299999	-7.290000
-19.900000	-15.700000
-20.400000	-19.200001
-20.799999	-16.299999
-21.100000	-12.400000
-21.200001	-10.300000
-21.600000	-12.100000
-21.900000	-15.900000
-22.299999	-18.600000
-22.799999	-19.100000
-23.100000	-18.000000
-23.500000	-18.200001
-23.900000	-19.900000
-24.299999	-21.500000
-24.600000	-22.500000
-24.900000	-22.700001
-25.200001	-22.500000
-25.600000	-22.900000
-25.900000	-24.100000
-26.100000	-26.000000
-26.500000	-27.100000
-26.700001	-27.500000
-27.000000	-27.900000
-27.200001	-28.299999
-27.500000	-29.100000
-27.799999	-30.299999
-27.900000	-31.400000
-28.200001	-32.599998
-28.500000	-33.900002
-28.700001	-34.700001
-29.000000	-35.099998
-29.299999	-35.799999
-29.600000	-37.099998
-29.799999	-38.599998
-30.100000	-40.099998
-30.299999	-41.700001
-30.600000	-43.099998
-30.799999	-44.200001
-31.000000	-45.200001
-31.299999	-46.400002
-31.700001	-47.500000
-31.900000	-48.900002
-32.200001	-50.799999
-32.500000	-51.799999
-32.799999	-51.799999
-33.200001	-50.599998
-33.599998	-50.500000
-33.900002	-53.500000
-34.099998	-56.400002
-34.299999	-56.900002
-34.700001	-55.900002
-34.900002	-54.900002
-35.200001	-55.200001
-35.400002	-56.500000
-35.700001	-58.099998
-36.000000	-58.400002
-36.200001	-58.299999
-36.400002	-58.500000
-36.599998	-58.700001
-36.799999	-59.599998
-37.099998	-60.400002
-37.900002	-60.799999
-39.799999	-55.599998
-42.099998	-20.400000
-44.500000	-6.530000
-46.299999	-27.799999
-47.799999	-49.700001
-49.400002	-41.900002
-51.000000	-21.700001
-52.599998	-0.628000
-54.700001	13.800000
