0.000000	0.000000
2.157000	0.467488
2.227000	-0.149504
2.298000	-0.218059
2.921000	-0.766496
3.704000	1.838580
4.506000	0.947371
5.501000	3.141120
7.336000	4.786430
8.007000	6.705960
8.603000	8.419830
9.112000	8.488390
9.472000	10.339400
9.978000	10.887800
10.615000	12.396000
11.038000	12.601700
11.513000	13.150100
11.991000	14.109900
12.490000	16.577801
12.975000	16.852100
13.409000	16.920601
13.805000	17.948900
14.288000	18.840099
14.591000	19.594200
15.127000	20.691099
15.541000	21.308100
15.906000	22.473499
16.243999	23.090500
16.665001	23.981701
17.025999	24.941500
17.382999	25.147200
17.740999	26.586800
18.106001	27.203800
18.420000	28.163601
18.739000	28.643499
19.044001	29.534700
19.325001	30.357300
19.742001	31.180000
19.976999	32.002602
20.306999	32.756699
20.559000	33.716499
20.966999	34.059299
21.417000	33.990700
21.912001	31.591299
22.691999	30.837200
23.393999	28.780600
23.393999	32.962399
24.832001	33.442299
25.356001	34.196400
26.021000	31.797001
26.695000	28.986200
27.430000	29.397600
28.330999	27.272400
29.311001	24.598700
30.465000	21.856600
31.639000	23.433300
29.482000	21.650900
