0.000000	-4.076290
0.001000	-6.190540
0.002000	-6.190540
0.003000	-6.190540
0.004000	-8.304810
0.005000	-12.533300
0.006000	-14.647600
0.007000	-16.761801
0.008000	-27.333099
0.009000	-27.333099
0.010000	-33.675900
0.011000	-31.561600
0.012000	-29.447399
0.013000	-16.761801
0.014000	-12.533300
0.015000	-6.190540
0.016000	-4.076290
0.017000	-8.304810
0.018000	-10.419100
0.019000	-14.647600
0.020000	-14.647600
0.021000	-10.419100
0.022000	-8.304810
0.023000	-1.962030
0.024000	6.495000
0.025000	8.609260
0.026000	6.495000
0.027000	4.380740
0.028000	2.266490
0.029000	-4.076290
0.030000	-10.419100
0.031000	-12.533300
0.032000	-18.876101
0.033000	-18.876101
0.034000	-16.761801
0.035000	-16.761801
0.036000	-8.304810
0.037000	-8.304810
0.038000	-8.304810
0.039000	-6.190540
0.040000	-6.190540
0.041000	-8.304810
0.042000	-8.304810
0.043000	-10.419100
0.044000	-12.533300
0.045000	-10.419100
0.046000	-8.304810
0.047000	-10.419100
0.048000	-10.419100
0.049000	-10.419100
0.050000	-10.419100
0.051000	-10.419100
0.052000	-12.533300
0.053000	-6.190540
0.054000	-4.076290
0.055000	-4.076290
0.056000	2.266490
0.057000	2.266490
0.058000	4.380740
0.059000	-1.962030
0.060000	-4.076290
0.061000	-6.190540
0.062000	-6.190540
0.063000	-10.419100
0.064000	-8.304810
0.065000	-8.304810
0.066000	-6.190540
0.067000	-1.962030
0.068000	4.380740
0.069000	0.152225
0.070000	2.266490
0.071000	0.152225
0.072000	-4.076290
0.073000	-4.076290
0.074000	-8.304810
0.075000	-6.190540
0.076000	-6.190540
0.077000	-4.076290
0.078000	0.152225
0.079000	-1.962030
0.080000	0.152225
0.081000	-4.076290
0.082000	-4.076290
0.083000	-4.076290
0.084000	-1.962030
0.085000	-6.190540
0.086000	-8.304810
0.087000	-8.304810
0.088000	-10.419100
0.089000	-1.962030
0.090000	-4.076290
0.091000	-4.076290
0.092000	12.837800
0.093000	0.152225
0.094000	0.152225
0.095000	8.609260
0.096000	-1.962030
0.097000	0.152225
0.098000	2.266490
0.099000	-4.076290
0.100000	-1.962030
0.101000	-1.962030
0.102000	-6.190540
0.103000	-4.076290
0.104000	0.152225
0.105000	-1.962030
0.106000	0.152225
0.107000	2.266490
0.108000	2.266490
0.109000	2.266490
0.110000	-1.962030
0.111000	-1.962030
0.112000	-1.962030
0.113000	-4.076290
0.114000	-4.076290
0.115000	-1.962030
0.116000	-1.962030
0.117000	-4.076290
0.118000	-1.962030
0.119000	-4.076290
0.120000	8.609260
0.121000	-8.304810
0.122000	-1.962030
0.123000	0.152225
0.124000	-1.962030
0.125000	-8.304810
0.126000	-1.962030
0.127000	0.152225
0.128000	-6.190540
0.129000	-10.419100
0.130000	-4.076290
0.131000	0.152225
0.132000	-4.076290
0.133000	-1.962030
0.134000	-6.190540
0.135000	-8.304810
0.136000	-10.419100
0.137000	-8.304810
0.138000	-8.304810
0.139000	-8.304810
0.140000	-4.076290
0.141000	-6.190540
0.142000	-1.962030
0.143000	-4.076290
0.144000	0.152225
0.145000	0.152225
0.146000	-1.962030
0.147000	-4.076290
0.148000	-1.962030
0.149000	-1.962030
0.150000	-4.076290
0.151000	-10.419100
0.152000	-1.962030
0.153000	-8.304810
0.154000	-1.962030
0.155000	0.152225
0.156000	-4.076290
0.157000	-1.962030
0.158000	0.152225
0.159000	4.380740
0.160000	-1.962030
0.161000	-1.962030
0.162000	2.266490
0.163000	0.152225
0.164000	-1.962030
0.165000	-1.962030
0.166000	2.266490
0.167000	-1.962030
0.168000	-1.962030
0.169000	-1.962030
0.170000	-1.962030
0.171000	-1.962030
0.172000	-1.962030
0.173000	-6.190540
0.174000	-4.076290
0.175000	-1.962030
0.176000	-1.962030
0.177000	-4.076290
0.178000	0.152225
0.179000	-1.962030
0.180000	-4.076290
0.181000	-6.190540
0.182000	-1.962030
0.183000	-8.304810
0.184000	-1.962030
0.185000	-4.076290
0.186000	-1.962030
0.187000	-6.190540
0.188000	-6.190540
0.189000	-8.304810
0.190000	-4.076290
0.191000	-8.304810
0.192000	-6.190540
0.193000	-4.076290
0.194000	-8.304810
0.195000	-6.190540
0.196000	-4.076290
0.197000	-4.076290
0.198000	-4.076290
0.199000	-6.190540
0.200000	-4.076290
0.201000	-6.190540
0.202000	-6.190540
0.203000	-6.190540
0.204000	-4.076290
0.205000	-6.190540
0.206000	-6.190540
0.207000	-4.076290
0.208000	-6.190540
0.209000	-6.190540
0.210000	-4.076290
0.211000	-4.076290
0.212000	-8.304810
0.213000	-6.190540
0.214000	-4.076290
0.215000	-8.304810
0.216000	-4.076290
0.217000	-8.304810
0.218000	-6.190540
0.219000	-6.190540
0.220000	-4.076290
0.221000	-10.419100
0.222000	-8.304810
0.223000	-4.076290
0.224000	-12.533300
0.225000	-1.962030
0.226000	-6.190540
0.227000	-8.304810
0.228000	-6.190540
0.229000	-8.304810
0.230000	-10.419100
0.231000	-4.076290
0.232000	-8.304810
0.233000	-8.304810
0.234000	-10.419100
0.235000	-8.304810
0.236000	-8.304810
0.237000	-6.190540
0.238000	-6.190540
0.239000	-8.304810
0.240000	-8.304810
0.241000	-6.190540
0.242000	-8.304810
0.243000	-8.304810
0.244000	-8.304810
0.245000	-6.190540
0.246000	-8.304810
0.247000	-8.304810
0.248000	-8.304810
0.249000	-4.076290
0.250000	-4.076290
0.251000	-8.304810
0.252000	-8.304810
0.253000	-4.076290
0.254000	-6.190540
0.255000	-6.190540
0.256000	-6.190540
0.257000	-6.190540
0.258000	-10.419100
0.259000	-6.190540
0.260000	-6.190540
0.261000	-6.190540
0.262000	-6.190540
0.263000	-8.304810
0.264000	-4.076290
0.265000	-4.076290
0.266000	-4.076290
0.267000	-6.190540
0.268000	-4.076290
0.269000	-4.076290
0.270000	-4.076290
0.271000	-4.076290
0.272000	-4.076290
0.273000	-1.962030
0.274000	-6.190540
0.275000	-6.190540
0.276000	-6.190540
0.277000	-6.190540
0.278000	-6.190540
0.279000	-4.076290
0.280000	-6.190540
0.281000	-6.190540
0.282000	-6.190540
0.283000	-6.190540
0.284000	-4.076290
0.285000	-8.304810
0.286000	-6.190540
0.287000	-4.076290
0.288000	-6.190540
0.289000	-6.190540
0.290000	-6.190540
0.291000	-8.304810
0.292000	-6.190540
0.293000	-6.190540
0.294000	-6.190540
0.295000	-6.190540
0.296000	-8.304810
0.297000	-6.190540
0.298000	-6.190540
0.299000	-6.190540
0.300000	-4.076290
0.301000	-1.962030
0.302000	-6.190540
0.303000	-6.190540
0.304000	-6.190540
0.305000	-6.190540
0.306000	-4.076290
0.307000	-6.190540
0.308000	-8.304810
0.309000	-8.304810
0.310000	-6.190540
0.311000	-6.190540
0.312000	-8.304810
0.313000	-6.190540
0.314000	-6.190540
0.315000	-6.190540
0.316000	-8.304810
0.317000	-8.304810
0.318000	-4.076290
0.319000	-4.076290
0.320000	-4.076290
0.321000	-8.304810
0.322000	-8.304810
0.323000	4.380740
0.324000	-10.419100
0.325000	-1.962030
0.326000	-1.962030
0.327000	-6.190540
0.328000	-6.190540
0.329000	-6.190540
0.330000	-27.333099
0.331000	-6.190540
0.332000	-23.104601
0.333000	19.180500
0.334000	-14.647600
0.335000	-8.304810
0.336000	-12.533300
0.337000	-12.533300
0.338000	19.180500
0.339000	-18.876101
0.340000	-27.333099
0.341000	2.266490
0.342000	-6.190540
0.343000	-8.304810
0.344000	-14.647600
0.345000	-29.447399
0.346000	17.066299
0.347000	0.152225
0.348000	-20.990400
0.349000	23.409100
0.350000	-20.990400
0.351000	-10.419100
0.352000	2.266490
0.353000	0.152225
0.354000	0.152225
0.355000	-18.876101
0.356000	2.266490
0.357000	-1.962030
0.358000	-20.990400
0.359000	-1.962030
0.360000	-12.533300
0.361000	-12.533300
0.362000	-1.962030
0.363000	-14.647600
0.364000	-4.076290
0.365000	-8.304810
0.366000	-4.076290
0.367000	-12.533300
0.368000	-6.190540
0.369000	-8.304810
0.370000	-4.076290
0.371000	-6.190540
0.372000	0.152225
0.373000	-14.647600
0.374000	-8.304810
0.375000	-1.962030
0.376000	-1.962030
0.377000	-6.190540
0.378000	-6.190540
0.379000	-16.761801
0.380000	-8.304810
0.381000	-20.990400
0.382000	-18.876101
0.383000	-8.304810
0.384000	-16.761801
0.385000	-6.190540
0.386000	-14.647600
0.387000	-10.419100
0.388000	2.266490
0.389000	-10.419100
0.390000	2.266490
0.391000	0.152225
0.392000	-6.190540
0.393000	-1.962030
0.394000	-14.647600
0.395000	-1.962030
0.396000	-4.076290
0.397000	-6.190540
0.398000	-4.076290
0.399000	-10.419100
0.400000	-6.190540
0.401000	-6.190540
0.402000	-1.962030
0.403000	-1.962030
0.404000	4.380740
0.405000	-1.962030
0.406000	0.152225
0.407000	-1.962030
0.408000	-4.076290
0.409000	-6.190540
0.410000	-8.304810
0.411000	-6.190540
0.412000	2.266490
0.413000	-1.962030
0.414000	4.380740
0.415000	4.380740
0.416000	4.380740
0.417000	2.266490
0.418000	0.152225
0.419000	0.152225
0.420000	0.152225
0.421000	-1.962030
0.422000	0.152225
0.423000	2.266490
0.424000	2.266490
0.425000	0.152225
0.426000	6.495000
0.427000	2.266490
0.428000	4.380740
0.429000	6.495000
0.430000	4.380740
0.431000	4.380740
0.432000	6.495000
0.433000	6.495000
0.434000	6.495000
0.435000	6.495000
0.436000	6.495000
0.437000	4.380740
0.438000	6.495000
0.439000	12.837800
