0.000000	-0.104473
0.001000	-0.104473
0.002000	-0.069648
0.003000	-0.069648
0.004000	-0.069648
0.005000	-0.139297
0.006000	-0.104473
0.007000	-0.104473
0.008000	-0.139297
0.009000	-0.104473
0.010000	0.069648
0.011000	0.174121
0.012000	0.348242
0.013000	0.487539
0.014000	0.452715
0.015000	0.208945
0.016000	0.104473
0.017000	-0.139297
0.018000	-0.383066
0.019000	-0.626836
0.020000	-0.557187
0.021000	-0.278594
0.022000	0.069648
0.023000	0.487539
0.024000	0.731309
0.025000	0.243770
0.026000	-0.139297
0.027000	-0.731309
0.028000	-0.766133
0.029000	-0.766133
0.030000	-0.557187
0.031000	-0.487539
0.032000	-0.487539
0.033000	-0.661660
0.034000	-0.800957
0.035000	-0.940254
0.036000	-0.870605
0.037000	-1.009900
0.038000	-1.044730
0.039000	-1.114370
0.040000	-1.009900
0.041000	-0.800957
0.042000	-0.452715
0.043000	-0.278594
0.044000	-0.348242
0.045000	-0.661660
0.046000	-1.114370
0.047000	-1.532270
0.048000	-1.671560
0.049000	-1.636740
0.050000	-1.567090
0.051000	-1.358140
0.052000	-1.184020
0.053000	-0.975078
0.054000	-0.452715
0.055000	-0.069648
0.056000	0.069648
0.057000	-0.139297
0.058000	-0.243770
0.059000	-0.417891
0.060000	-0.383066
0.061000	-0.174121
0.062000	0.208945
0.063000	0.487539
0.064000	0.417891
0.065000	0.348242
0.066000	0.139297
0.067000	0.000000
0.068000	-0.139297
0.069000	-0.174121
0.070000	-0.139297
0.071000	-0.104473
0.072000	-0.034824
0.073000	0.000000
0.074000	-0.104473
0.075000	-0.174121
0.076000	-0.313418
0.077000	-0.487539
0.078000	-0.696484
0.079000	-0.975078
0.080000	-1.044730
0.081000	-1.218850
0.082000	-1.323320
0.083000	-1.497440
0.084000	-1.532270
0.085000	-1.671560
0.086000	-1.810860
0.087000	-1.880510
0.088000	-1.915330
0.089000	-2.019800
0.090000	-1.810860
0.091000	-1.984980
0.092000	-1.497440
0.093000	-1.810860
0.094000	-1.845680
0.095000	-1.776040
0.096000	-2.054630
0.097000	-2.124280
0.098000	-1.984980
0.099000	-2.263570
0.100000	-2.089450
0.101000	-2.263570
0.102000	-2.333220
0.103000	-2.193930
0.104000	-2.019800
0.105000	-1.880510
0.106000	-1.601910
0.107000	-1.601910
0.108000	-1.567090
0.109000	-1.567090
0.110000	-1.706390
0.111000	-1.567090
0.112000	-1.532270
0.113000	-1.497440
0.114000	-1.532270
0.115000	-1.532270
0.116000	-1.567090
0.117000	-1.601910
0.118000	-1.567090
0.119000	-1.741210
0.120000	-1.497440
0.121000	-2.019800
0.122000	-1.810860
0.123000	-1.810860
0.124000	-1.671560
0.125000	-1.392970
0.126000	-1.218850
0.127000	-1.323320
0.128000	-1.497440
0.129000	-1.601910
0.130000	-1.810860
0.131000	-1.915330
0.132000	-1.880510
0.133000	-1.776040
0.134000	-2.019800
0.135000	-1.915330
0.136000	-1.845680
0.137000	-1.776040
0.138000	-1.776040
0.139000	-1.741210
0.140000	-1.741210
0.141000	-1.810860
0.142000	-1.810860
0.143000	-1.880510
0.144000	-1.845680
0.145000	-1.950160
0.146000	-1.984980
0.147000	-2.124280
0.148000	-2.193930
0.149000	-2.298400
0.150000	-2.228750
0.151000	-2.298400
0.152000	-2.159100
0.153000	-2.333220
0.154000	-2.368050
0.155000	-2.576990
0.156000	-2.751110
0.157000	-2.751110
0.158000	-2.681460
0.159000	-2.542170
0.160000	-2.576990
0.161000	-2.437700
0.162000	-2.542170
0.163000	-2.611820
0.164000	-2.716290
0.165000	-2.611820
0.166000	-2.646640
0.167000	-2.611820
0.168000	-2.507340
0.169000	-2.472520
0.170000	-2.333220
0.171000	-2.368050
0.172000	-2.228750
0.173000	-2.228750
0.174000	-2.298400
0.175000	-2.263570
0.176000	-2.298400
0.177000	-2.193930
0.178000	-2.124280
0.179000	-2.089450
0.180000	-2.089450
0.181000	-2.054630
0.182000	-2.019800
0.183000	-1.984980
0.184000	-1.950160
0.185000	-1.845680
0.186000	-1.915330
0.187000	-1.950160
0.188000	-2.019800
0.189000	-2.019800
0.190000	-1.950160
0.191000	-2.089450
0.192000	-2.019800
0.193000	-2.159100
0.194000	-2.298400
0.195000	-2.402870
0.196000	-2.437700
0.197000	-2.472520
0.198000	-2.507340
0.199000	-2.472520
0.200000	-2.542170
0.201000	-2.611820
0.202000	-2.646640
0.203000	-2.681460
0.204000	-2.681460
0.205000	-2.716290
0.206000	-2.751110
0.207000	-2.890410
0.208000	-2.960060
0.209000	-2.994880
0.210000	-3.029710
0.211000	-2.994880
0.212000	-2.960060
0.213000	-2.925230
0.214000	-2.960060
0.215000	-2.925230
0.216000	-2.855590
0.217000	-2.820760
0.218000	-2.820760
0.219000	-2.785940
0.220000	-2.751110
0.221000	-2.785940
0.222000	-2.751110
0.223000	-2.646640
0.224000	-2.681460
0.225000	-2.611820
0.226000	-2.751110
0.227000	-2.785940
0.228000	-2.716290
0.229000	-2.576990
0.230000	-2.542170
0.231000	-2.298400
0.232000	-2.228750
0.233000	-2.159100
0.234000	-2.193930
0.235000	-2.159100
0.236000	-2.193930
0.237000	-2.402870
0.238000	-2.333220
0.239000	-2.437700
0.240000	-2.368050
0.241000	-2.402870
0.242000	-2.333220
0.243000	-2.333220
0.244000	-2.298400
0.245000	-2.368050
0.246000	-2.368050
0.247000	-2.437700
0.248000	-2.437700
0.249000	-2.402870
0.250000	-2.472520
0.251000	-2.507340
0.252000	-2.507340
0.253000	-2.472520
0.254000	-2.576990
0.255000	-2.681460
0.256000	-2.681460
0.257000	-2.751110
0.258000	-2.785940
0.259000	-2.785940
0.260000	-2.785940
0.261000	-2.785940
0.262000	-2.785940
0.263000	-2.785940
0.264000	-2.855590
0.265000	-2.855590
0.266000	-2.820760
0.267000	-2.890410
0.268000	-2.855590
0.269000	-2.855590
0.270000	-2.855590
0.271000	-2.925230
0.272000	-2.890410
0.273000	-2.925230
0.274000	-2.890410
0.275000	-2.890410
0.276000	-2.925230
0.277000	-2.890410
0.278000	-2.855590
0.279000	-2.785940
0.280000	-2.681460
0.281000	-2.681460
0.282000	-2.507340
0.283000	-2.576990
0.284000	-2.576990
0.285000	-2.507340
0.286000	-2.472520
0.287000	-2.437700
0.288000	-2.437700
0.289000	-2.437700
0.290000	-2.507340
0.291000	-2.542170
0.292000	-2.576990
0.293000	-2.472520
0.294000	-2.507340
0.295000	-2.437700
0.296000	-2.437700
0.297000	-2.472520
0.298000	-2.437700
0.299000	-2.368050
0.300000	-2.368050
0.301000	-2.298400
0.302000	-2.333220
0.303000	-2.298400
0.304000	-2.368050
0.305000	-2.368050
0.306000	-2.437700
0.307000	-2.472520
0.308000	-2.472520
0.309000	-2.472520
0.310000	-2.507340
0.311000	-2.576990
0.312000	-2.576990
0.313000	-2.611820
0.314000	-2.576990
0.315000	-2.681460
0.316000	-2.646640
0.317000	-2.611820
0.318000	-2.646640
0.319000	-2.681460
0.320000	-2.646640
0.321000	-2.751110
0.322000	-2.751110
0.323000	-2.925230
0.324000	-3.482420
0.325000	-3.273480
0.326000	-3.064530
0.327000	-3.169000
0.328000	-2.994880
0.329000	-2.263570
0.330000	-2.785940
0.331000	-1.915330
0.332000	-2.925230
0.333000	-1.915330
0.334000	-2.472520
0.335000	-2.611820
0.336000	-2.437700
0.337000	-1.810860
0.338000	-1.497440
0.339000	-1.532270
0.340000	-1.810860
0.341000	-2.472520
0.342000	-2.855590
0.343000	-3.900310
0.344000	-2.785940
0.345000	-3.203830
0.346000	-3.412770
0.347000	-3.412770
0.348000	-5.328110
0.349000	-2.994880
0.350000	-4.945040
0.351000	-3.412770
0.352000	-2.542170
0.353000	-0.731309
0.354000	-0.383066
0.355000	0.905430
0.356000	0.731309
0.357000	0.940254
0.358000	-0.174121
0.359000	-0.905430
0.360000	-1.323320
0.361000	-2.472520
0.362000	-1.880510
0.363000	-2.159100
0.364000	-2.193930
0.365000	-2.716290
0.366000	-2.646640
0.367000	-2.855590
0.368000	-2.263570
0.369000	-1.810860
0.370000	-1.567090
0.371000	-1.810860
0.372000	-1.950160
0.373000	-2.402870
0.374000	-2.124280
0.375000	-1.323320
0.376000	-0.626836
0.377000	-0.487539
0.378000	-0.975078
0.379000	-1.984980
0.380000	-3.029710
0.381000	-3.412770
0.382000	-3.238650
0.383000	-2.437700
0.384000	-2.124280
0.385000	-2.193930
0.386000	-1.915330
0.387000	-1.915330
0.388000	-1.671560
0.389000	-1.671560
0.390000	-1.810860
0.391000	-2.472520
0.392000	-2.751110
0.393000	-2.716290
0.394000	-2.159100
0.395000	-1.184020
0.396000	-0.696484
0.397000	-0.417891
0.398000	-0.452715
0.399000	-0.417891
0.400000	-0.661660
0.401000	-0.870605
0.402000	-1.044730
0.403000	-1.218850
0.404000	-1.497440
0.405000	-1.532270
0.406000	-1.567090
0.407000	-1.636740
0.408000	-1.776040
0.409000	-2.124280
0.410000	-2.751110
0.411000	-3.029710
0.412000	-3.029710
0.413000	-2.855590
0.414000	-2.507340
0.415000	-2.472520
0.416000	-2.716290
0.417000	-2.785940
0.418000	-2.681460
0.419000	-2.298400
0.420000	-1.810860
0.421000	-0.626836
0.422000	-0.174121
0.423000	-0.243770
0.424000	-0.522363
0.425000	-0.626836
0.426000	-0.522363
0.427000	-0.487539
0.428000	-0.243770
0.429000	0.034824
0.430000	-0.069648
0.431000	-0.104473
0.432000	-0.069648
0.433000	0.069648
0.434000	0.208945
0.435000	0.243770
0.436000	0.278594
0.437000	0.208945
0.438000	0.139297
0.439000	0.139297
