0.000000	14.314200
0.001000	10.554400
0.002000	12.434300
0.003000	12.434300
0.004000	12.434300
0.005000	12.434300
0.006000	14.314200
0.007000	16.194099
0.008000	14.314200
0.009000	18.073900
0.010000	18.073900
0.011000	19.953800
0.012000	21.833700
0.013000	19.953800
0.014000	23.713600
0.015000	14.314200
0.016000	18.073900
0.017000	19.953800
0.018000	12.434300
0.019000	14.314200
0.020000	8.674530
0.021000	8.674530
0.022000	10.554400
0.023000	12.434300
0.024000	14.314200
0.025000	18.073900
0.026000	19.953800
0.027000	18.073900
0.028000	18.073900
0.029000	19.953800
0.030000	19.953800
0.031000	16.194099
0.032000	14.314200
0.033000	14.314200
0.034000	12.434300
0.035000	12.434300
0.036000	12.434300
0.037000	14.314200
0.038000	12.434300
0.039000	16.194099
0.040000	16.194099
0.041000	14.314200
0.042000	16.194099
0.043000	14.314200
0.044000	14.314200
0.045000	14.314200
0.046000	14.314200
0.047000	12.434300
0.048000	8.674530
0.049000	6.794650
0.050000	3.034880
0.051000	3.034880
0.052000	3.034880
0.053000	4.914760
0.054000	4.914760
0.055000	4.914760
0.056000	6.794650
0.057000	4.914760
0.058000	6.794650
0.059000	6.794650
0.060000	4.914760
0.061000	8.674530
0.062000	6.794650
0.063000	3.034880
0.064000	4.914760
0.065000	3.034880
0.066000	1.155000
0.067000	1.155000
0.068000	3.034880
0.069000	4.914760
0.070000	4.914760
0.071000	3.034880
0.072000	3.034880
0.073000	3.034880
0.074000	3.034880
0.075000	3.034880
0.076000	1.155000
0.077000	1.155000
0.078000	1.155000
0.079000	1.155000
0.080000	-0.724882
0.081000	1.155000
0.082000	-0.724882
0.083000	-0.724882
0.084000	-0.724882
0.085000	-6.364530
0.086000	-6.364530
0.087000	-10.124300
0.088000	-6.364530
0.089000	-6.364530
0.090000	-6.364530
0.091000	-6.364530
0.092000	-4.484650
0.093000	-6.364530
0.094000	-8.244410
0.095000	-8.244410
0.096000	-10.124300
0.097000	-13.884100
0.098000	-13.884100
0.099000	-21.403601
0.100000	-25.163401
0.101000	-27.043200
0.102000	-28.923100
0.103000	-34.562801
0.104000	-38.322498
0.105000	-36.442699
0.106000	-36.442699
0.107000	-32.682899
0.108000	-36.442699
0.109000	-30.802999
0.110000	-32.682899
0.111000	-30.802999
0.112000	-28.923100
0.113000	-30.802999
0.114000	-32.682899
0.115000	-30.802999
0.116000	-32.682899
0.117000	-30.802999
0.118000	-32.682899
0.119000	-32.682899
0.120000	-32.682899
0.121000	-36.442699
0.122000	-32.682899
0.123000	-32.682899
0.124000	-32.682899
0.125000	-32.682899
0.126000	-36.442699
0.127000	-32.682899
0.128000	-30.802999
0.129000	-36.442699
0.130000	-32.682899
0.131000	-36.442699
0.132000	-34.562801
0.133000	-36.442699
0.134000	-36.442699
0.135000	-36.442699
0.136000	-36.442699
0.137000	-36.442699
0.138000	-36.442699
0.139000	-36.442699
0.140000	-34.562801
0.141000	-34.562801
0.142000	-32.682899
0.143000	-34.562801
0.144000	-36.442699
0.145000	-38.322498
0.146000	-36.442699
0.147000	-34.562801
0.148000	-34.562801
0.149000	-34.562801
0.150000	-38.322498
0.151000	-38.322498
0.152000	-40.202400
0.153000	-40.202400
0.154000	-38.322498
0.155000	-40.202400
0.156000	-38.322498
0.157000	-40.202400
0.158000	-42.082298
0.159000	-40.202400
0.160000	-38.322498
0.161000	-40.202400
0.162000	-42.082298
0.163000	-45.842098
0.164000	-43.962200
0.165000	-47.722000
0.166000	-43.962200
0.167000	-47.722000
0.168000	-47.722000
0.169000	-47.722000
0.170000	-47.722000
0.171000	-47.722000
0.172000	-49.601799
0.173000	-47.722000
0.174000	-47.722000
0.175000	-45.842098
0.176000	-45.842098
0.177000	-43.962200
0.178000	-43.962200
0.179000	-45.842098
0.180000	-45.842098
0.181000	-47.722000
0.182000	-51.481701
0.183000	-47.722000
0.184000	-49.601799
0.185000	-49.601799
0.186000	-47.722000
0.187000	-43.962200
0.188000	-49.601799
0.189000	-47.722000
0.190000	-45.842098
0.191000	-13.884100
0.192000	-38.322498
0.193000	-128.557007
0.194000	-12.004200
0.195000	-23.283501
0.196000	-43.962200
0.197000	-38.322498
0.198000	-36.442699
0.199000	-34.562801
0.200000	-66.520798
0.201000	-42.082298
0.202000	-40.202400
0.203000	-47.722000
0.204000	-53.361599
0.205000	-55.241501
0.206000	-45.842098
0.207000	-40.202400
0.208000	-40.202400
0.209000	-59.001301
0.210000	-51.481701
0.211000	-32.682899
0.212000	-47.722000
0.213000	-49.601799
0.214000	-49.601799
0.215000	-53.361599
0.216000	-53.361599
0.217000	-47.722000
0.218000	-36.442699
0.219000	-53.361599
0.220000	-62.761002
0.221000	-59.001301
0.222000	-43.962200
0.223000	-45.842098
0.224000	-43.962200
0.225000	-49.601799
0.226000	-59.001301
0.227000	-59.001301
0.228000	-49.601799
0.229000	-47.722000
0.230000	-51.481701
0.231000	-59.001301
0.232000	-62.761002
0.233000	-49.601799
0.234000	-53.361599
0.235000	-51.481701
0.236000	-57.121399
0.237000	-57.121399
0.238000	-51.481701
0.239000	-47.722000
0.240000	-51.481701
0.241000	-53.361599
0.242000	-53.361599
0.243000	-53.361599
0.244000	-47.722000
0.245000	-49.601799
0.246000	-55.241501
0.247000	-53.361599
0.248000	-53.361599
0.249000	-49.601799
0.250000	-51.481701
0.251000	-51.481701
0.252000	-53.361599
0.253000	-51.481701
0.254000	-51.481701
0.255000	-51.481701
0.256000	-53.361599
0.257000	-55.241501
0.258000	-55.241501
0.259000	-53.361599
0.260000	-53.361599
0.261000	-55.241501
0.262000	-53.361599
0.263000	-55.241501
0.264000	-53.361599
0.265000	-53.361599
0.266000	-53.361599
0.267000	-51.481701
0.268000	-53.361599
0.269000	-55.241501
0.270000	-55.241501
0.271000	-53.361599
0.272000	-55.241501
0.273000	-57.121399
0.274000	-55.241501
0.275000	-55.241501
0.276000	-55.241501
0.277000	-59.001301
0.278000	-55.241501
0.279000	-53.361599
0.280000	-59.001301
0.281000	-59.001301
0.282000	-57.121399
0.283000	-57.121399
0.284000	-55.241501
0.285000	-59.001301
0.286000	-53.361599
0.287000	-59.001301
0.288000	-59.001301
0.289000	-60.881100
0.290000	-59.001301
0.291000	-57.121399
0.292000	-59.001301
0.293000	-59.001301
0.294000	-60.881100
0.295000	-60.881100
0.296000	-62.761002
0.297000	-59.001301
0.298000	-59.001301
0.299000	-59.001301
0.300000	-60.881100
0.301000	-60.881100
0.302000	-60.881100
0.303000	-62.761002
0.304000	-59.001301
0.305000	-62.761002
0.306000	-59.001301
0.307000	-60.881100
0.308000	-62.761002
0.309000	-59.001301
0.310000	-59.001301
0.311000	-62.761002
0.312000	-62.761002
0.313000	-57.121399
0.314000	-64.640900
0.315000	-64.640900
0.316000	-60.881100
0.317000	-59.001301
0.318000	-59.001301
0.319000	-70.280502
0.320000	-53.361599
0.321000	-66.520798
0.322000	-64.640900
0.323000	-55.241501
0.324000	-59.001301
0.325000	-68.400703
0.326000	-66.520798
0.327000	-62.761002
0.328000	-62.761002
0.329000	-57.121399
0.330000	-64.640900
0.331000	-64.640900
0.332000	-62.761002
0.333000	-62.761002
0.334000	-66.520798
0.335000	-66.520798
0.336000	-60.881100
0.337000	-59.001301
0.338000	-62.761002
0.339000	-64.640900
0.340000	-66.520798
0.341000	-60.881100
0.342000	-64.640900
0.343000	-59.001301
0.344000	-68.400703
0.345000	-64.640900
0.346000	-62.761002
0.347000	-62.761002
0.348000	-68.400703
0.349000	-64.640900
0.350000	-59.001301
0.351000	-62.761002
0.352000	-64.640900
0.353000	-64.640900
0.354000	-64.640900
0.355000	-64.640900
0.356000	-64.640900
0.357000	-66.520798
0.358000	-64.640900
0.359000	-64.640900
0.360000	-62.761002
0.361000	-64.640900
0.362000	-66.520798
0.363000	-66.520798
0.364000	-62.761002
0.365000	-64.640900
0.366000	-66.520798
0.367000	-66.520798
0.368000	-66.520798
0.369000	-66.520798
0.370000	-66.520798
0.371000	-68.400703
0.372000	-66.520798
0.373000	-60.881100
0.374000	-66.520798
0.375000	-68.400703
0.376000	-64.640900
0.377000	-64.640900
0.378000	-70.280502
0.379000	-70.280502
0.380000	-62.761002
0.381000	-68.400703
0.382000	-68.400703
0.383000	-62.761002
0.384000	-68.400703
0.385000	-66.520798
0.386000	-64.640900
0.387000	-66.520798
0.388000	-68.400703
0.389000	-68.400703
0.390000	-66.520798
0.391000	-66.520798
0.392000	-66.520798
0.393000	-66.520798
0.394000	-66.520798
0.395000	-66.520798
0.396000	-66.520798
0.397000	-68.400703
0.398000	-66.520798
0.399000	-68.400703
0.400000	-64.640900
0.401000	-68.400703
0.402000	-70.280502
0.403000	-68.400703
0.404000	-66.520798
0.405000	-66.520798
0.406000	-68.400703
0.407000	-64.640900
0.408000	-68.400703
0.409000	-70.280502
0.410000	-70.280502
0.411000	-68.400703
0.412000	-68.400703
0.413000	-68.400703
0.414000	-66.520798
0.415000	-68.400703
0.416000	-68.400703
0.417000	-68.400703
0.418000	-70.280502
0.419000	-66.520798
0.420000	-17.643801
0.421000	-139.835999
0.422000	-42.082298
0.423000	-53.361599
0.424000	-96.598900
0.425000	-38.322498
0.426000	-25.163401
0.427000	-104.117996
0.428000	-79.680000
0.429000	-55.241501
0.430000	-66.520798
0.431000	-66.520798
0.432000	-55.241501
0.433000	-75.920197
0.434000	-60.881100
0.435000	-96.598900
0.436000	-36.442699
0.437000	-53.361599
0.438000	-74.040298
0.439000	-43.962200
0.440000	-45.842098
0.441000	-77.800102
