0.000000	0.000000
-4.876000	-0.515182
-4.919000	-0.259127
-4.906000	0.082279
-5.144000	-0.515182
-5.612000	-2.094190
-6.345000	-3.289110
-7.018000	-6.233740
-7.897000	-7.684710
-8.542000	-9.007660
-9.182000	-9.989210
-9.668000	-10.629300
-10.184000	-11.141500
-10.402000	-11.226800
-11.193000	-16.433201
-11.840000	-16.689301
-12.316000	-16.689301
-12.938000	-18.481701
-13.405000	-18.695101
-13.924000	-19.420601
-14.359000	-19.932699
-14.759000	-21.212900
-14.778000	-22.920000
-15.251000	-23.048000
-16.198999	-23.432100
-16.620001	-14.811600
-17.194000	-17.457500
-17.913000	-24.072201
-18.733000	-23.986900
-19.351000	-25.181801
-19.867001	-25.779200
-20.250000	-25.352501
-20.250000	-26.376699
-21.252001	-26.632799
-21.627001	-27.614300
-21.929001	-28.425100
-22.511000	-28.980000
-22.905001	-29.320999
-23.282000	-29.620100
-23.607000	-29.833401
-24.347000	-29.662701
-24.789000	-29.278700
-25.347000	-29.150600
-25.902000	-29.108000
-25.938000	-27.187500
-27.167000	-26.077999
-27.985001	-27.016800
-28.851000	-27.699699
-29.572001	-28.083700
-30.125000	-28.467800
-30.851000	-29.150600
-31.260000	-29.278700
-31.818001	-29.833401
-32.279999	-30.302900
-32.505001	-21.938400
-33.391998	-22.791901
