0.000000	-0.515182
0.001000	-0.515182
0.002000	-0.472506
0.003000	-0.472506
0.004000	-0.472506
0.005000	-0.429830
0.006000	-0.387155
0.007000	-0.344479
0.008000	-0.259127
0.009000	-0.173776
0.010000	-0.131100
0.011000	-0.131100
0.012000	-0.045748
0.013000	-0.003073
0.014000	0.167630
0.015000	0.082279
0.016000	0.082279
0.017000	0.167630
0.018000	-0.088424
0.019000	-0.173776
0.020000	-0.216452
0.021000	-0.387155
0.022000	-0.557858
0.023000	-0.515182
0.024000	-0.515182
0.025000	-0.643209
0.026000	-0.728561
0.027000	-0.856588
0.028000	-1.112640
0.029000	-1.411370
0.030000	-1.624750
0.031000	-1.838130
0.032000	-2.094190
0.033000	-2.264890
0.034000	-2.392920
0.035000	-2.606300
0.036000	-2.734320
0.037000	-2.819670
0.038000	-2.990380
0.039000	-3.118400
0.040000	-3.289110
0.041000	-3.502490
0.042000	-3.758540
0.043000	-4.057270
0.044000	-4.441350
0.045000	-4.868110
0.046000	-5.337550
0.047000	-5.764300
0.048000	-6.233740
0.049000	-6.617820
0.050000	-6.873870
0.051000	-7.044580
0.052000	-7.257960
0.053000	-7.385980
0.054000	-7.471330
0.055000	-7.556690
0.056000	-7.684710
0.057000	-7.770060
0.058000	-7.898090
0.059000	-8.111470
0.060000	-8.239500
0.061000	-8.410200
0.062000	-8.623580
0.063000	-8.794280
0.064000	-9.007660
0.065000	-9.178370
0.066000	-9.306390
0.067000	-9.477100
0.068000	-9.562450
0.069000	-9.733150
0.070000	-9.861180
0.071000	-9.946530
0.072000	-9.989210
0.073000	-9.989210
0.074000	-9.989210
0.075000	-9.989210
0.076000	-10.031900
0.077000	-10.117200
0.078000	-10.287900
0.079000	-10.458600
0.080000	-10.629300
0.081000	-10.714700
0.082000	-10.800000
0.083000	-10.672000
0.084000	-10.544000
0.085000	-10.458600
0.086000	-10.586700
0.087000	-10.885400
0.088000	-11.141500
0.089000	-11.269500
0.090000	-11.226800
0.091000	-11.013400
0.092000	-10.714700
0.093000	-10.501300
0.094000	-10.586700
0.095000	-10.842700
0.096000	-11.226800
0.097000	-11.995000
0.098000	-12.720500
0.099000	-13.488600
0.100000	-14.214100
0.101000	-14.854200
0.102000	-15.323700
0.103000	-15.835800
0.104000	-16.433201
0.105000	-16.860001
0.106000	-17.201401
0.107000	-17.457500
0.108000	-17.585501
0.109000	-17.585501
0.110000	-17.372101
0.111000	-17.030701
0.112000	-16.689301
0.113000	-16.177200
0.114000	-15.707800
0.115000	-15.451700
0.116000	-15.323700
0.117000	-15.451700
0.118000	-15.707800
0.119000	-16.134501
0.120000	-16.689301
0.121000	-17.286800
0.122000	-17.756201
0.123000	-18.054899
0.124000	-18.183001
0.125000	-18.311001
0.126000	-18.140301
0.127000	-18.311001
0.128000	-18.481701
0.129000	-18.438999
0.130000	-18.396299
0.131000	-18.438999
0.132000	-18.524401
0.133000	-18.524401
0.134000	-18.524401
0.135000	-18.609699
0.136000	-18.695101
0.137000	-18.780399
0.138000	-18.823099
0.139000	-18.993799
0.140000	-19.079100
0.141000	-19.207199
0.142000	-19.292500
0.143000	-19.377899
0.144000	-19.420601
0.145000	-19.505899
0.146000	-19.548599
0.147000	-19.676600
0.148000	-19.719299
0.149000	-19.804600
0.150000	-19.847300
0.151000	-19.889999
0.152000	-19.932699
0.153000	-19.889999
0.154000	-20.018000
0.155000	-20.188700
0.156000	-20.359400
0.157000	-20.530100
0.158000	-20.786200
0.159000	-20.999599
0.160000	-21.212900
0.161000	-21.383600
0.162000	-21.554300
0.163000	-21.767700
0.164000	-21.895700
0.165000	-22.151800
0.166000	-22.450500
0.167000	-22.706600
0.168000	-22.920000
0.169000	-23.090700
0.170000	-23.176001
0.171000	-23.261400
0.172000	-23.304001
0.173000	-23.304001
0.174000	-23.261400
0.175000	-23.176001
0.176000	-23.048000
0.177000	-23.090700
0.178000	-23.090700
0.179000	-23.090700
0.180000	-23.133301
0.181000	-23.218700
0.182000	-23.389400
0.183000	-23.517401
0.184000	-23.432100
0.185000	-23.602800
0.186000	-23.816200
0.187000	-23.602800
0.188000	-23.176001
0.189000	-23.645500
0.190000	-23.858801
0.191000	-23.304001
0.192000	-14.811600
0.193000	-15.281000
0.194000	-20.402100
0.195000	-19.548599
0.196000	-15.707800
0.197000	-15.963800
0.198000	-17.585501
0.199000	-18.524401
0.200000	-17.457500
0.201000	-17.756201
0.202000	-20.146000
0.203000	-20.956900
0.204000	-20.956900
0.205000	-22.450500
0.206000	-23.474800
0.207000	-24.242901
0.208000	-24.072201
0.209000	-23.602800
0.210000	-23.901501
0.211000	-24.456301
0.212000	-24.029499
0.213000	-23.986900
0.214000	-24.200199
0.215000	-23.986900
0.216000	-23.986900
0.217000	-24.157600
0.218000	-24.669701
0.219000	-24.413601
0.220000	-24.370899
0.221000	-24.584299
0.222000	-24.968399
0.223000	-24.883101
0.224000	-25.181801
0.225000	-25.395201
0.226000	-25.309799
0.227000	-25.267099
0.228000	-25.608500
0.229000	-25.779200
0.230000	-25.651199
0.231000	-25.779200
0.232000	-25.779200
0.233000	-25.864599
0.234000	-25.480499
0.235000	-25.736601
0.236000	-25.779200
0.237000	-25.480499
0.238000	-25.352501
0.239000	-25.395201
0.240000	-25.352501
0.241000	-25.224501
0.242000	-25.352501
0.243000	-25.693899
0.244000	-25.864599
0.245000	-26.035299
0.246000	-26.248699
0.247000	-26.334000
0.248000	-26.376699
0.249000	-26.547400
0.250000	-26.590099
0.251000	-26.675400
0.252000	-26.590099
0.253000	-26.547400
0.254000	-26.547400
0.255000	-26.632799
0.256000	-26.632799
0.257000	-26.718100
0.258000	-26.760799
0.259000	-26.888800
0.260000	-27.059500
0.261000	-27.187500
0.262000	-27.315599
0.263000	-27.443600
0.264000	-27.614300
0.265000	-27.699699
0.266000	-27.785000
0.267000	-27.955700
0.268000	-28.083700
0.269000	-28.169100
0.270000	-28.211800
0.271000	-28.297100
0.272000	-28.425100
0.273000	-28.467800
0.274000	-28.467800
0.275000	-28.638500
0.276000	-28.723900
0.277000	-28.638500
0.278000	-28.809200
0.279000	-28.937300
0.280000	-28.979900
0.281000	-28.979900
0.282000	-29.065300
0.283000	-29.193300
0.284000	-29.193300
0.285000	-29.193300
0.286000	-29.278700
0.287000	-29.321301
0.288000	-29.321301
0.289000	-29.321301
0.290000	-29.492001
0.291000	-29.492001
0.292000	-29.492001
0.293000	-29.577400
0.294000	-29.620100
0.295000	-29.577400
0.296000	-29.620100
0.297000	-29.748100
0.298000	-29.790800
0.299000	-29.748100
0.300000	-29.790800
0.301000	-29.790800
0.302000	-29.790800
0.303000	-29.662701
0.304000	-29.833401
0.305000	-29.705400
0.306000	-29.620100
0.307000	-29.662701
0.308000	-29.620100
0.309000	-29.492001
0.310000	-29.662701
0.311000	-29.620100
0.312000	-29.662701
0.313000	-29.790800
0.314000	-29.705400
0.315000	-29.662701
0.316000	-29.918800
0.317000	-29.833401
0.318000	-28.638500
0.319000	-28.083700
0.320000	-29.278700
0.321000	-28.979900
0.322000	-28.467800
0.323000	-28.894600
0.324000	-28.894600
0.325000	-28.979900
0.326000	-29.364000
0.327000	-29.193300
0.328000	-29.150600
0.329000	-29.278700
0.330000	-29.321301
0.331000	-29.449400
0.332000	-29.236000
0.333000	-29.236000
0.334000	-29.321301
0.335000	-29.193300
0.336000	-29.108000
0.337000	-28.937300
0.338000	-28.979900
0.339000	-29.150600
0.340000	-28.809200
0.341000	-28.254400
0.342000	-26.974199
0.343000	-27.187500
0.344000	-27.187500
0.345000	-26.291401
0.346000	-25.651199
0.347000	-25.992599
0.348000	-26.077999
0.349000	-25.821899
0.350000	-25.864599
0.351000	-26.163300
0.352000	-26.077999
0.353000	-25.992599
0.354000	-26.291401
0.355000	-26.419399
0.356000	-26.590099
0.357000	-26.803499
0.358000	-26.846100
0.359000	-26.931499
0.360000	-27.016800
0.361000	-27.230200
0.362000	-27.230200
0.363000	-27.230200
0.364000	-27.400900
0.365000	-27.528999
0.366000	-27.443600
0.367000	-27.657000
0.368000	-27.699699
0.369000	-27.699699
0.370000	-27.870399
0.371000	-27.955700
0.372000	-27.785000
0.373000	-27.913000
0.374000	-28.169100
0.375000	-28.126400
0.376000	-28.083700
0.377000	-28.297100
0.378000	-28.425100
0.379000	-28.425100
0.380000	-28.382500
0.381000	-28.425100
0.382000	-28.595800
0.383000	-28.681200
0.384000	-28.467800
0.385000	-28.638500
0.386000	-28.766500
0.387000	-28.723900
0.388000	-28.809200
0.389000	-28.894600
0.390000	-28.937300
0.391000	-29.022600
0.392000	-29.150600
0.393000	-29.236000
0.394000	-29.193300
0.395000	-29.236000
0.396000	-29.236000
0.397000	-29.278700
0.398000	-29.278700
0.399000	-29.236000
0.400000	-29.278700
0.401000	-29.406700
0.402000	-29.492001
0.403000	-29.577400
0.404000	-29.620100
0.405000	-29.748100
0.406000	-29.790800
0.407000	-29.790800
0.408000	-29.833401
0.409000	-29.918800
0.410000	-29.961500
0.411000	-30.046801
0.412000	-30.089500
0.413000	-30.174801
0.414000	-30.174801
0.415000	-30.260201
0.416000	-30.302900
0.417000	-30.345600
0.418000	-30.388201
0.419000	-30.345600
0.420000	-26.205999
0.421000	-17.542801
0.422000	-24.242901
0.423000	-25.821899
0.424000	-21.938400
0.425000	-21.639700
0.426000	-22.920000
0.427000	-23.261400
0.428000	-24.328300
0.429000	-23.389400
0.430000	-23.133301
0.431000	-23.602800
0.432000	-22.791901
0.433000	-23.261400
0.434000	-15.366400
0.435000	-14.000700
0.436000	-18.780399
0.437000	-17.628201
0.438000	-15.750400
0.439000	-16.305201
0.440000	-16.774700
0.441000	-17.372101
