0.000000	-4.319650
0.001000	-4.319650
0.002000	-3.513980
0.003000	-4.319650
0.004000	-3.513980
0.005000	-4.319650
0.006000	-4.319650
0.007000	-5.125310
0.008000	-4.319650
0.009000	-5.125310
0.010000	-4.319650
0.011000	-3.513980
0.012000	-3.513980
0.013000	-2.708320
0.014000	-2.708320
0.015000	-1.902660
0.016000	-2.708320
0.017000	-2.708320
0.018000	-1.902660
0.019000	-0.291327
0.020000	3.736990
0.021000	6.153980
0.022000	10.182300
0.023000	9.376640
0.024000	8.570980
0.025000	7.765310
0.026000	6.153980
0.027000	5.348320
0.028000	6.959650
0.029000	5.348320
0.030000	4.542660
0.031000	4.542660
0.032000	3.736990
0.033000	2.931330
0.034000	2.931330
0.035000	2.125660
0.036000	1.320000
0.037000	0.514336
0.038000	-0.291327
0.039000	0.514336
0.040000	-1.096990
0.041000	-1.902660
0.042000	-2.708320
0.043000	-4.319650
0.044000	-5.125310
0.045000	-4.319650
0.046000	-5.125310
0.047000	-5.930980
0.048000	-6.736640
0.049000	-5.930980
0.050000	-5.930980
0.051000	-5.125310
0.052000	-3.513980
0.053000	-4.319650
0.054000	-4.319650
0.055000	-4.319650
0.056000	-5.125310
0.057000	-6.736640
0.058000	-7.542310
0.059000	-5.930980
0.060000	-6.736640
0.061000	-5.930980
0.062000	-6.736640
0.063000	-5.930980
0.064000	-4.319650
0.065000	-3.513980
0.066000	-3.513980
0.067000	-3.513980
0.068000	-1.096990
0.069000	0.514336
0.070000	1.320000
0.071000	2.125660
0.072000	0.514336
0.073000	2.931330
0.074000	2.931330
0.075000	3.736990
0.076000	3.736990
0.077000	3.736990
0.078000	4.542660
0.079000	4.542660
0.080000	4.542660
0.081000	2.931330
0.082000	2.931330
0.083000	2.931330
0.084000	2.125660
0.085000	2.125660
0.086000	2.931330
0.087000	1.320000
0.088000	2.125660
0.089000	3.736990
0.090000	3.736990
0.091000	4.542660
0.092000	4.542660
0.093000	4.542660
0.094000	4.542660
0.095000	5.348320
0.096000	5.348320
0.097000	6.153980
0.098000	6.153980
0.099000	6.959650
0.100000	6.153980
0.101000	6.959650
0.102000	7.765310
0.103000	6.959650
0.104000	6.153980
0.105000	6.959650
0.106000	5.348320
0.107000	6.153980
0.108000	6.153980
0.109000	6.153980
0.110000	7.765310
0.111000	9.376640
0.112000	9.376640
0.113000	9.376640
0.114000	10.182300
0.115000	11.793600
0.116000	12.599300
0.117000	14.210600
0.118000	14.210600
0.119000	15.822000
0.120000	15.822000
0.121000	17.433300
0.122000	17.433300
0.123000	19.850300
0.124000	19.850300
0.125000	20.655899
0.126000	19.850300
0.127000	19.044600
0.128000	20.655899
0.129000	20.655899
0.130000	19.044600
0.131000	20.655899
0.132000	19.850300
0.133000	18.238899
0.134000	18.238899
0.135000	18.238899
0.136000	17.433300
0.137000	16.627600
0.138000	15.822000
0.139000	16.627600
0.140000	16.627600
0.141000	15.822000
0.142000	16.627600
0.143000	15.822000
0.144000	15.016300
0.145000	14.210600
0.146000	14.210600
0.147000	15.016300
0.148000	16.627600
0.149000	15.822000
0.150000	16.627600
0.151000	16.627600
0.152000	16.627600
0.153000	18.238899
0.154000	18.238899
0.155000	18.238899
0.156000	19.044600
0.157000	18.238899
0.158000	17.433300
0.159000	17.433300
0.160000	19.044600
0.161000	19.850300
0.162000	20.655899
0.163000	19.044600
0.164000	19.044600
0.165000	19.044600
0.166000	18.238899
0.167000	19.044600
0.168000	19.850300
0.169000	20.655899
0.170000	19.044600
0.171000	19.044600
0.172000	19.850300
0.173000	19.850300
0.174000	22.267300
0.175000	21.461599
0.176000	21.461599
0.177000	20.655899
0.178000	20.655899
0.179000	21.461599
0.180000	23.072901
0.181000	22.267300
0.182000	21.461599
0.183000	19.850300
0.184000	20.655899
0.185000	20.655899
0.186000	21.461599
0.187000	20.655899
0.188000	19.850300
0.189000	19.044600
0.190000	19.044600
0.191000	19.850300
0.192000	19.044600
0.193000	17.433300
0.194000	18.238899
0.195000	16.627600
0.196000	15.822000
0.197000	16.627600
0.198000	15.016300
0.199000	14.210600
0.200000	13.405000
0.201000	13.405000
0.202000	14.210600
0.203000	15.016300
0.204000	14.210600
0.205000	15.822000
0.206000	12.599300
0.207000	11.793600
0.208000	10.988000
0.209000	11.793600
0.210000	11.793600
0.211000	10.988000
0.212000	10.988000
0.213000	10.182300
0.214000	9.376640
0.215000	9.376640
0.216000	10.182300
0.217000	8.570980
0.218000	9.376640
0.219000	8.570980
0.220000	8.570980
0.221000	6.959650
0.222000	6.959650
0.223000	6.959650
0.224000	7.765310
0.225000	6.959650
0.226000	6.959650
0.227000	6.153980
0.228000	6.153980
0.229000	6.153980
0.230000	7.765310
0.231000	7.765310
0.232000	7.765310
0.233000	6.153980
0.234000	6.153980
0.235000	6.153980
0.236000	6.153980
0.237000	6.153980
0.238000	5.348320
0.239000	6.153980
0.240000	4.542660
0.241000	4.542660
0.242000	2.931330
0.243000	2.931330
0.244000	2.931330
0.245000	3.736990
0.246000	2.931330
0.247000	2.125660
0.248000	1.320000
0.249000	1.320000
0.250000	1.320000
0.251000	2.125660
0.252000	2.125660
0.253000	2.125660
0.254000	2.125660
0.255000	2.125660
0.256000	2.125660
0.257000	2.125660
0.258000	2.125660
0.259000	2.125660
0.260000	1.320000
0.261000	2.125660
0.262000	1.320000
0.263000	1.320000
0.264000	0.514336
0.265000	-0.291327
0.266000	-1.096990
0.267000	-2.708320
0.268000	-3.513980
0.269000	-4.319650
0.270000	-3.513980
0.271000	-2.708320
0.272000	-3.513980
0.273000	-4.319650
0.274000	-5.125310
0.275000	-5.930980
0.276000	-6.736640
0.277000	-5.930980
0.278000	-5.930980
0.279000	-6.736640
0.280000	-6.736640
0.281000	-6.736640
0.282000	-7.542310
0.283000	-7.542310
0.284000	-8.347970
0.285000	-7.542310
0.286000	-7.542310
0.287000	-8.347970
0.288000	-9.959300
0.289000	-9.959300
0.290000	-10.765000
0.291000	-10.765000
0.292000	-11.570600
0.293000	-12.376300
0.294000	-12.376300
0.295000	-11.570600
0.296000	-12.376300
0.297000	-13.182000
0.298000	-12.376300
0.299000	-12.376300
0.300000	-13.182000
0.301000	-13.182000
0.302000	-13.182000
0.303000	-14.793300
0.304000	-15.598900
0.305000	-13.182000
0.306000	-13.182000
0.307000	-13.182000
0.308000	-12.376300
0.309000	-11.570600
0.310000	-9.959300
0.311000	-9.153630
0.312000	-9.959300
0.313000	-10.765000
0.314000	-11.570600
0.315000	-11.570600
0.316000	-10.765000
0.317000	-9.959300
0.318000	-9.959300
0.319000	-10.765000
0.320000	-11.570600
0.321000	-14.793300
0.322000	-15.598900
0.323000	-15.598900
0.324000	-14.793300
0.325000	-14.793300
0.326000	-15.598900
0.327000	-17.210300
0.328000	-18.821600
0.329000	-19.627300
0.330000	-20.432899
0.331000	-22.044300
0.332000	-21.238600
0.333000	-22.849899
0.334000	-24.461201
0.335000	-24.461201
0.336000	-25.266899
0.337000	-25.266899
0.338000	-25.266899
0.339000	-26.072599
0.340000	-25.266899
0.341000	-26.072599
0.342000	-26.878201
0.343000	-26.072599
0.344000	-25.266899
0.345000	-26.072599
0.346000	-27.683901
0.347000	-26.072599
0.348000	-26.072599
0.349000	-26.072599
0.350000	-26.072599
0.351000	-26.072599
0.352000	-24.461201
0.353000	-25.266899
0.354000	-26.072599
0.355000	-25.266899
0.356000	-24.461201
0.357000	-25.266899
0.358000	-24.461201
0.359000	-25.266899
0.360000	-26.072599
0.361000	-25.266899
0.362000	-23.655600
0.363000	-25.266899
0.364000	-24.461201
0.365000	-26.878201
0.366000	-26.072599
0.367000	-26.072599
0.368000	-25.266899
0.369000	-25.266899
0.370000	-26.072599
0.371000	-26.072599
0.372000	-26.878201
0.373000	-27.683901
0.374000	-26.072599
0.375000	-26.072599
0.376000	-27.683901
0.377000	-27.683901
0.378000	-26.878201
0.379000	-27.683901
0.380000	-27.683901
0.381000	-27.683901
0.382000	-28.489599
0.383000	-29.295200
0.384000	-30.906601
0.385000	-31.712200
0.386000	-31.712200
0.387000	-31.712200
0.388000	-30.906601
0.389000	-30.100901
0.390000	-30.100901
0.391000	-31.712200
0.392000	-33.323601
0.393000	-33.323601
0.394000	-32.517899
0.395000	-33.323601
0.396000	-32.517899
0.397000	-33.323601
0.398000	-33.323601
0.399000	-34.129200
0.400000	-34.129200
0.401000	-33.323601
0.402000	-33.323601
0.403000	-33.323601
0.404000	-35.740501
0.405000	-34.129200
0.406000	-34.934898
0.407000	-34.129200
0.408000	-32.517899
0.409000	-31.712200
0.410000	-31.712200
0.411000	-32.517899
0.412000	-31.712200
0.413000	-32.517899
0.414000	-34.129200
0.415000	-32.517899
0.416000	-30.906601
0.417000	-30.100901
0.418000	-30.906601
0.419000	-30.100901
0.420000	-30.906601
0.421000	-30.906601
0.422000	-30.100901
0.423000	-30.100901
0.424000	-31.712200
0.425000	-32.517899
0.426000	-32.517899
0.427000	-30.906601
0.428000	-31.712200
0.429000	-30.906601
0.430000	-30.906601
0.431000	-30.100901
0.432000	-33.323601
0.433000	-32.517899
0.434000	-33.323601
0.435000	-34.129200
0.436000	-33.323601
0.437000	-33.323601
0.438000	-34.934898
0.439000	-36.546200
0.440000	-38.157501
0.441000	-36.546200
0.442000	-34.934898
0.443000	-37.351898
0.444000	-39.768902
0.445000	-39.768902
0.446000	-34.129200
0.447000	-29.295200
0.448000	-28.489599
0.449000	-26.072599
0.450000	-26.072599
0.451000	-22.044300
0.452000	-16.404600
0.453000	-17.210300
0.454000	-17.210300
0.455000	-17.210300
0.456000	-14.793300
0.457000	-15.598900
0.458000	-14.793300
0.459000	-15.598900
0.460000	-13.987600
0.461000	-12.376300
0.462000	-13.182000
0.463000	-14.793300
0.464000	-18.015900
0.465000	-19.627300
0.466000	-19.627300
0.467000	-21.238600
0.468000	-21.238600
0.469000	-23.655600
0.470000	-24.461201
0.471000	-26.878201
0.472000	-26.878201
0.473000	-29.295200
0.474000	-29.295200
0.475000	-27.683901
0.476000	-26.878201
0.477000	-26.072599
0.478000	-26.878201
0.479000	-26.878201
0.480000	-26.072599
0.481000	-24.461201
0.482000	-24.461201
0.483000	-24.461201
0.484000	-24.461201
0.485000	-22.044300
0.486000	-19.627300
0.487000	-18.821600
0.488000	-17.210300
0.489000	-15.598900
0.490000	-15.598900
0.491000	-15.598900
0.492000	-14.793300
0.493000	-14.793300
0.494000	-16.404600
0.495000	-15.598900
0.496000	-16.404600
0.497000	-17.210300
0.498000	-14.793300
0.499000	-11.570600
0.500000	-10.765000
0.501000	-10.765000
0.502000	-12.376300
0.503000	-13.182000
0.504000	-12.376300
0.505000	-9.959300
0.506000	-9.153630
0.507000	-9.153630
0.508000	-9.959300
0.509000	-9.959300
0.510000	-11.570600
0.511000	-9.959300
0.512000	-9.959300
0.513000	-8.347970
0.514000	-7.542310
0.515000	-6.736640
0.516000	-8.347970
0.517000	-6.736640
0.518000	-6.736640
0.519000	-6.736640
0.520000	-8.347970
0.521000	-8.347970
0.522000	-8.347970
0.523000	-9.959300
0.524000	-9.153630
0.525000	-9.153630
0.526000	-8.347970
0.527000	-6.736640
0.528000	-8.347970
0.529000	-8.347970
0.530000	-8.347970
0.531000	-9.153630
0.532000	-11.570600
0.533000	-9.153630
0.534000	-8.347970
0.535000	-8.347970
0.536000	-8.347970
0.537000	-8.347970
0.538000	-7.542310
0.539000	-8.347970
0.540000	-7.542310
0.541000	-5.930980
0.542000	-5.930980
0.543000	-5.125310
0.544000	-5.930980
0.545000	-5.125310
0.546000	-5.125310
0.547000	-5.125310
0.548000	-3.513980
0.549000	-2.708320
0.550000	-2.708320
0.551000	-3.513980
0.552000	-1.096990
0.553000	-0.291327
0.554000	-0.291327
0.555000	1.320000
0.556000	0.514336
0.557000	2.931330
0.558000	2.931330
0.559000	1.320000
0.560000	2.931330
0.561000	2.931330
0.562000	2.931330
0.563000	4.542660
0.564000	4.542660
0.565000	4.542660
0.566000	3.736990
0.567000	5.348320
0.568000	4.542660
0.569000	5.348320
0.570000	5.348320
0.571000	2.931330
0.572000	2.931330
0.573000	2.931330
0.574000	2.931330
0.575000	3.736990
0.576000	3.736990
0.577000	2.931330
0.578000	2.931330
0.579000	2.931330
0.580000	2.931330
0.581000	2.931330
0.582000	3.736990
0.583000	3.736990
0.584000	3.736990
0.585000	4.542660
0.586000	4.542660
0.587000	6.153980
0.588000	6.959650
0.589000	6.959650
0.590000	6.153980
0.591000	6.153980
0.592000	6.153980
0.593000	6.153980
0.594000	6.153980
0.595000	7.765310
0.596000	7.765310
0.597000	9.376640
0.598000	8.570980
0.599000	7.765310
0.600000	9.376640
0.601000	10.182300
0.602000	10.182300
0.603000	10.182300
0.604000	9.376640
0.605000	9.376640
0.606000	10.182300
0.607000	9.376640
0.608000	10.182300
0.609000	10.182300
0.610000	10.182300
0.611000	10.182300
0.612000	10.182300
0.613000	10.182300
0.614000	9.376640
0.615000	9.376640
0.616000	10.182300
0.617000	10.988000
0.618000	10.988000
0.619000	10.182300
0.620000	9.376640
0.621000	7.765310
0.622000	6.959650
0.623000	7.765310
0.624000	7.765310
0.625000	2.931330
0.626000	-5.125310
0.627000	-9.959300
0.628000	-8.347970
0.629000	-2.708320
0.630000	4.542660
0.631000	11.793600
0.632000	9.376640
0.633000	5.348320
0.634000	3.736990
0.635000	6.153980
0.636000	14.210600
0.637000	17.433300
0.638000	19.044600
0.639000	18.238899
0.640000	15.822000
0.641000	14.210600
0.642000	15.822000
0.643000	20.655899
0.644000	23.878599
0.645000	25.489901
0.646000	23.072901
0.647000	19.850300
0.648000	17.433300
0.649000	16.627600
0.650000	17.433300
0.651000	18.238899
0.652000	16.627600
0.653000	12.599300
0.654000	10.182300
0.655000	6.153980
0.656000	7.765310
0.657000	8.570980
0.658000	8.570980
0.659000	10.182300
0.660000	9.376640
0.661000	6.959650
0.662000	6.959650
0.663000	7.765310
0.664000	8.570980
0.665000	7.765310
0.666000	7.765310
0.667000	7.765310
0.668000	7.765310
0.669000	9.376640
0.670000	10.182300
0.671000	12.599300
0.672000	12.599300
0.673000	13.405000
0.674000	15.016300
0.675000	13.405000
0.676000	12.599300
0.677000	11.793600
0.678000	10.182300
0.679000	9.376640
0.680000	8.570980
0.681000	7.765310
0.682000	6.959650
0.683000	6.959650
0.684000	5.348320
0.685000	4.542660
0.686000	3.736990
0.687000	1.320000
0.688000	-0.291327
0.689000	-1.096990
0.690000	-1.096990
0.691000	-1.902660
0.692000	-2.708320
0.693000	-2.708320
0.694000	-3.513980
0.695000	-2.708320
0.696000	-2.708320
0.697000	-1.096990
0.698000	-1.902660
0.699000	-1.902660
0.700000	-1.902660
0.701000	-0.291327
0.702000	-1.096990
0.703000	0.514336
0.704000	-1.096990
0.705000	-1.096990
0.706000	-2.708320
0.707000	-2.708320
0.708000	-3.513980
0.709000	-4.319650
0.710000	-3.513980
0.711000	-5.125310
0.712000	-5.930980
0.713000	-7.542310
0.714000	-8.347970
0.715000	-9.153630
0.716000	-9.959300
0.717000	-10.765000
0.718000	-9.153630
0.719000	-9.153630
0.720000	-9.153630
0.721000	-10.765000
0.722000	-11.570600
0.723000	-12.376300
0.724000	-13.182000
0.725000	-12.376300
0.726000	-9.959300
0.727000	-10.765000
0.728000	-10.765000
0.729000	-9.959300
0.730000	-9.959300
0.731000	-9.959300
0.732000	-10.765000
0.733000	-9.959300
0.734000	-10.765000
0.735000	-9.959300
0.736000	-11.570600
0.737000	-12.376300
0.738000	-13.182000
0.739000	-13.182000
0.740000	-13.987600
0.741000	-13.987600
0.742000	-13.987600
0.743000	-15.598900
0.744000	-16.404600
0.745000	-18.015900
0.746000	-17.210300
0.747000	-18.015900
0.748000	-17.210300
0.749000	-18.015900
0.750000	-19.627300
0.751000	-19.627300
0.752000	-20.432899
0.753000	-20.432899
0.754000	-20.432899
0.755000	-20.432899
0.756000	-21.238600
0.757000	-21.238600
0.758000	-22.044300
0.759000	-21.238600
0.760000	-21.238600
0.761000	-21.238600
0.762000	-21.238600
0.763000	-22.044300
0.764000	-21.238600
0.765000	-19.627300
0.766000	-21.238600
0.767000	-21.238600
0.768000	-21.238600
0.769000	-21.238600
0.770000	-21.238600
0.771000	-22.044300
0.772000	-21.238600
0.773000	-22.044300
0.774000	-21.238600
0.775000	-22.849899
0.776000	-22.044300
0.777000	-22.849899
0.778000	-22.044300
0.779000	-21.238600
0.780000	-22.044300
0.781000	-22.044300
0.782000	-22.849899
0.783000	-23.655600
0.784000	-24.461201
0.785000	-24.461201
0.786000	-23.655600
0.787000	-25.266899
0.788000	-25.266899
0.789000	-25.266899
0.790000	-26.072599
0.791000	-25.266899
0.792000	-25.266899
0.793000	-24.461201
0.794000	-23.655600
0.795000	-25.266899
0.796000	-26.072599
0.797000	-26.072599
0.798000	-26.878201
0.799000	-26.072599
0.800000	-27.683901
0.801000	-26.072599
0.802000	-25.266899
0.803000	-26.878201
0.804000	-26.878201
0.805000	-27.683901
0.806000	-27.683901
0.807000	-27.683901
0.808000	-26.878201
0.809000	-28.489599
0.810000	-27.683901
0.811000	-26.878201
0.812000	-26.878201
0.813000	-26.072599
0.814000	-25.266899
0.815000	-26.072599
0.816000	-26.072599
0.817000	-25.266899
0.818000	-25.266899
0.819000	-26.072599
0.820000	-25.266899
0.821000	-26.072599
0.822000	-25.266899
0.823000	-23.655600
0.824000	-23.655600
0.825000	-22.044300
0.826000	-22.849899
0.827000	-22.849899
0.828000	-22.044300
0.829000	-22.849899
0.830000	-22.849899
0.831000	-22.849899
0.832000	-22.849899
0.833000	-21.238600
0.834000	-22.044300
0.835000	-20.432899
0.836000	-21.238600
0.837000	-20.432899
0.838000	-21.238600
0.839000	-20.432899
0.840000	-19.627300
0.841000	-18.015900
0.842000	-19.627300
0.843000	-19.627300
0.844000	-18.821600
0.845000	-19.627300
0.846000	-18.821600
0.847000	-18.015900
0.848000	-18.821600
0.849000	-19.627300
0.850000	-20.432899
0.851000	-19.627300
0.852000	-18.821600
0.853000	-19.627300
0.854000	-19.627300
0.855000	-19.627300
0.856000	-19.627300
0.857000	-18.821600
0.858000	-20.432899
0.859000	-19.627300
0.860000	-18.015900
0.861000	-18.821600
0.862000	-19.627300
0.863000	-19.627300
0.864000	-19.627300
0.865000	-19.627300
0.866000	-18.821600
0.867000	-18.015900
0.868000	-18.821600
0.869000	-18.015900
0.870000	-17.210300
0.871000	-18.015900
