0.000000	-0.226123
0.001000	-0.205566
0.002000	-0.246680
0.003000	-0.226123
0.004000	-0.205566
0.005000	-0.205566
0.006000	-0.226123
0.007000	-0.246680
0.008000	-0.246680
0.009000	-0.226123
0.010000	-0.226123
0.011000	-0.226123
0.012000	-0.226123
0.013000	-0.246680
0.014000	-0.226123
0.015000	-0.246680
0.016000	-0.246680
0.017000	-0.246680
0.018000	-0.226123
0.019000	-0.267236
0.020000	-0.246680
0.021000	-0.246680
0.022000	-0.205566
0.023000	-0.143896
0.024000	-0.102783
0.025000	-0.061670
0.026000	-0.020557
0.027000	-0.041113
0.028000	-0.041113
0.029000	-0.082227
0.030000	-0.123340
0.031000	-0.143896
0.032000	-0.185010
0.033000	-0.205566
0.034000	-0.205566
0.035000	-0.205566
0.036000	-0.185010
0.037000	-0.143896
0.038000	-0.102783
0.039000	-0.082227
0.040000	-0.061670
0.041000	-0.061670
0.042000	-0.061670
0.043000	-0.102783
0.044000	-0.123340
0.045000	-0.164453
0.046000	-0.205566
0.047000	-0.205566
0.048000	-0.185010
0.049000	-0.164453
0.050000	-0.082227
0.051000	-0.061670
0.052000	-0.020557
0.053000	0.041113
0.054000	0.061670
0.055000	0.061670
0.056000	0.061670
0.057000	0.020557
0.058000	-0.041113
0.059000	-0.041113
0.060000	-0.102783
0.061000	-0.102783
0.062000	-0.143896
0.063000	-0.143896
0.064000	-0.102783
0.065000	-0.082227
0.066000	-0.041113
0.067000	-0.020557
0.068000	0.041113
0.069000	0.041113
0.070000	0.061670
0.071000	0.041113
0.072000	0.020557
0.073000	-0.020557
0.074000	-0.061670
0.075000	-0.061670
0.076000	-0.041113
0.077000	-0.082227
0.078000	-0.082227
0.079000	-0.102783
0.080000	-0.082227
0.081000	-0.061670
0.082000	-0.082227
0.083000	-0.082227
0.084000	-0.123340
0.085000	-0.102783
0.086000	-0.102783
0.087000	-0.123340
0.088000	-0.143896
0.089000	-0.185010
0.090000	-0.185010
0.091000	-0.164453
0.092000	-0.143896
0.093000	-0.143896
0.094000	-0.082227
0.095000	-0.082227
0.096000	-0.061670
0.097000	-0.041113
0.098000	-0.020557
0.099000	0.000000
0.100000	0.000000
0.101000	-0.020557
0.102000	-0.041113
0.103000	-0.041113
0.104000	-0.082227
0.105000	-0.102783
0.106000	-0.082227
0.107000	-0.102783
0.108000	-0.143896
0.109000	-0.123340
0.110000	-0.123340
0.111000	-0.102783
0.112000	-0.102783
0.113000	-0.061670
0.114000	-0.061670
0.115000	-0.041113
0.116000	0.000000
0.117000	0.000000
0.118000	0.000000
0.119000	0.020557
0.120000	0.041113
0.121000	0.061670
0.122000	0.082227
0.123000	0.082227
0.124000	0.082227
0.125000	0.123340
0.126000	0.123340
0.127000	0.123340
0.128000	0.102783
0.129000	0.123340
0.130000	0.082227
0.131000	0.061670
0.132000	0.020557
0.133000	0.000000
0.134000	-0.020557
0.135000	-0.041113
0.136000	-0.041113
0.137000	-0.041113
0.138000	-0.041113
0.139000	-0.041113
0.140000	-0.082227
0.141000	-0.041113
0.142000	-0.061670
0.143000	-0.041113
0.144000	-0.041113
0.145000	-0.082227
0.146000	-0.102783
0.147000	-0.123340
0.148000	-0.123340
0.149000	-0.102783
0.150000	-0.102783
0.151000	-0.082227
0.152000	-0.102783
0.153000	-0.041113
0.154000	-0.020557
0.155000	-0.020557
0.156000	0.020557
0.157000	0.041113
0.158000	0.020557
0.159000	0.020557
0.160000	-0.020557
0.161000	-0.041113
0.162000	-0.041113
0.163000	-0.020557
0.164000	-0.020557
0.165000	-0.020557
0.166000	-0.041113
0.167000	0.000000
0.168000	0.000000
0.169000	0.000000
0.170000	-0.020557
0.171000	-0.041113
0.172000	-0.061670
0.173000	-0.061670
0.174000	-0.061670
0.175000	-0.082227
0.176000	-0.061670
0.177000	-0.061670
0.178000	-0.061670
0.179000	-0.041113
0.180000	-0.020557
0.181000	-0.020557
0.182000	-0.020557
0.183000	-0.020557
0.184000	-0.041113
0.185000	-0.061670
0.186000	-0.061670
0.187000	-0.082227
0.188000	-0.061670
0.189000	-0.082227
0.190000	-0.102783
0.191000	-0.102783
0.192000	-0.143896
0.193000	-0.123340
0.194000	-0.143896
0.195000	-0.143896
0.196000	-0.164453
0.197000	-0.226123
0.198000	-0.205566
0.199000	-0.205566
0.200000	-0.226123
0.201000	-0.226123
0.202000	-0.246680
0.203000	-0.246680
0.204000	-0.267236
0.205000	-0.308350
0.206000	-0.287793
0.207000	-0.308350
0.208000	-0.349463
0.209000	-0.349463
0.210000	-0.370020
0.211000	-0.370020
0.212000	-0.370020
0.213000	-0.370020
0.214000	-0.370020
0.215000	-0.390576
0.216000	-0.370020
0.217000	-0.370020
0.218000	-0.370020
0.219000	-0.370020
0.220000	-0.390576
0.221000	-0.390576
0.222000	-0.452246
0.223000	-0.431689
0.224000	-0.452246
0.225000	-0.472803
0.226000	-0.452246
0.227000	-0.452246
0.228000	-0.472803
0.229000	-0.452246
0.230000	-0.452246
0.231000	-0.411133
0.232000	-0.411133
0.233000	-0.431689
0.234000	-0.452246
0.235000	-0.452246
0.236000	-0.493359
0.237000	-0.513916
0.238000	-0.534473
0.239000	-0.534473
0.240000	-0.534473
0.241000	-0.534473
0.242000	-0.493359
0.243000	-0.513916
0.244000	-0.431689
0.245000	-0.452246
0.246000	-0.452246
0.247000	-0.452246
0.248000	-0.452246
0.249000	-0.493359
0.250000	-0.493359
0.251000	-0.493359
0.252000	-0.493359
0.253000	-0.513916
0.254000	-0.493359
0.255000	-0.534473
0.256000	-0.513916
0.257000	-0.513916
0.258000	-0.513916
0.259000	-0.534473
0.260000	-0.493359
0.261000	-0.493359
0.262000	-0.472803
0.263000	-0.493359
0.264000	-0.472803
0.265000	-0.513916
0.266000	-0.472803
0.267000	-0.452246
0.268000	-0.493359
0.269000	-0.513916
0.270000	-0.472803
0.271000	-0.472803
0.272000	-0.513916
0.273000	-0.493359
0.274000	-0.452246
0.275000	-0.452246
0.276000	-0.452246
0.277000	-0.411133
0.278000	-0.390576
0.279000	-0.390576
0.280000	-0.370020
0.281000	-0.328906
0.282000	-0.349463
0.283000	-0.370020
0.284000	-0.390576
0.285000	-0.390576
0.286000	-0.390576
0.287000	-0.411133
0.288000	-0.411133
0.289000	-0.411133
0.290000	-0.390576
0.291000	-0.370020
0.292000	-0.370020
0.293000	-0.349463
0.294000	-0.308350
0.295000	-0.349463
0.296000	-0.328906
0.297000	-0.328906
0.298000	-0.349463
0.299000	-0.328906
0.300000	-0.349463
0.301000	-0.349463
0.302000	-0.349463
0.303000	-0.349463
0.304000	-0.328906
0.305000	-0.328906
0.306000	-0.308350
0.307000	-0.267236
0.308000	-0.205566
0.309000	-0.226123
0.310000	-0.205566
0.311000	-0.185010
0.312000	-0.164453
0.313000	-0.164453
0.314000	-0.205566
0.315000	-0.205566
0.316000	-0.185010
0.317000	-0.185010
0.318000	-0.185010
0.319000	-0.185010
0.320000	-0.143896
0.321000	-0.102783
0.322000	-0.102783
0.323000	-0.082227
0.324000	-0.061670
0.325000	-0.020557
0.326000	0.000000
0.327000	0.020557
0.328000	0.041113
0.329000	0.041113
0.330000	0.041113
0.331000	0.082227
0.332000	0.082227
0.333000	0.082227
0.334000	0.102783
0.335000	0.123340
0.336000	0.123340
0.337000	0.164453
0.338000	0.164453
0.339000	0.205566
0.340000	0.226123
0.341000	0.246680
0.342000	0.287793
0.343000	0.308350
0.344000	0.308350
0.345000	0.308350
0.346000	0.349463
0.347000	0.328906
0.348000	0.370020
0.349000	0.370020
0.350000	0.370020
0.351000	0.411133
0.352000	0.411133
0.353000	0.411133
0.354000	0.452246
0.355000	0.431689
0.356000	0.452246
0.357000	0.472803
0.358000	0.513916
0.359000	0.493359
0.360000	0.493359
0.361000	0.513916
0.362000	0.513916
0.363000	0.534473
0.364000	0.534473
0.365000	0.555029
0.366000	0.575586
0.367000	0.575586
0.368000	0.575586
0.369000	0.575586
0.370000	0.637256
0.371000	0.657813
0.372000	0.637256
0.373000	0.637256
0.374000	0.637256
0.375000	0.698926
0.376000	0.698926
0.377000	0.719482
0.378000	0.698926
0.379000	0.719482
0.380000	0.719482
0.381000	0.719482
0.382000	0.740039
0.383000	0.719482
0.384000	0.719482
0.385000	0.719482
0.386000	0.740039
0.387000	0.760596
0.388000	0.781152
0.389000	0.801709
0.390000	0.863379
0.391000	0.863379
0.392000	0.863379
0.393000	0.863379
0.394000	0.863379
0.395000	0.863379
0.396000	0.842822
0.397000	0.863379
0.398000	0.842822
0.399000	0.863379
0.400000	0.842822
0.401000	0.863379
0.402000	0.883936
0.403000	0.904492
0.404000	0.925049
0.405000	0.945605
0.406000	0.945605
0.407000	0.945605
0.408000	0.945605
0.409000	0.945605
0.410000	0.945605
0.411000	0.966162
0.412000	0.925049
0.413000	0.945605
0.414000	0.966162
0.415000	0.925049
0.416000	0.966162
0.417000	0.966162
0.418000	0.966162
0.419000	0.986719
0.420000	1.027830
0.421000	1.007280
0.422000	0.986719
0.423000	1.027830
0.424000	1.007280
0.425000	1.027830
0.426000	1.007280
0.427000	1.007280
0.428000	1.007280
0.429000	1.007280
0.430000	1.007280
0.431000	0.986719
0.432000	1.007280
0.433000	1.027830
0.434000	1.048390
0.435000	1.048390
0.436000	1.027830
0.437000	1.068950
0.438000	1.048390
0.439000	1.110060
0.440000	1.048390
0.441000	1.007280
0.442000	1.007280
0.443000	1.110060
0.444000	1.151170
0.445000	1.151170
0.446000	1.048390
0.447000	0.966162
0.448000	0.966162
0.449000	0.986719
0.450000	0.925049
0.451000	0.863379
0.452000	0.822266
0.453000	0.925049
0.454000	1.027830
0.455000	1.068950
0.456000	1.110060
0.457000	1.110060
0.458000	1.110060
0.459000	1.130620
0.460000	1.068950
0.461000	1.027830
0.462000	0.986719
0.463000	0.945605
0.464000	0.925049
0.465000	0.925049
0.466000	0.945605
0.467000	0.986719
0.468000	1.027830
0.469000	1.048390
0.470000	1.068950
0.471000	1.048390
0.472000	1.068950
0.473000	1.048390
0.474000	1.068950
0.475000	0.966162
0.476000	0.904492
0.477000	0.842822
0.478000	0.842822
0.479000	0.863379
0.480000	0.863379
0.481000	0.883936
0.482000	0.904492
0.483000	0.986719
0.484000	1.007280
0.485000	1.027830
0.486000	1.068950
0.487000	1.068950
0.488000	1.027830
0.489000	1.027830
0.490000	1.007280
0.491000	0.986719
0.492000	0.966162
0.493000	0.966162
0.494000	0.945605
0.495000	0.945605
0.496000	1.007280
0.497000	1.048390
0.498000	1.068950
0.499000	0.986719
0.500000	0.966162
0.501000	0.925049
0.502000	0.925049
0.503000	0.883936
0.504000	0.863379
0.505000	0.801709
0.506000	0.822266
0.507000	0.822266
0.508000	0.863379
0.509000	0.883936
0.510000	0.904492
0.511000	0.925049
0.512000	0.925049
0.513000	0.904492
0.514000	0.904492
0.515000	0.883936
0.516000	0.863379
0.517000	0.863379
0.518000	0.883936
0.519000	0.863379
0.520000	0.925049
0.521000	0.925049
0.522000	0.904492
0.523000	0.904492
0.524000	0.904492
0.525000	0.863379
0.526000	0.925049
0.527000	0.904492
0.528000	0.863379
0.529000	0.863379
0.530000	0.863379
0.531000	0.863379
0.532000	0.883936
0.533000	0.863379
0.534000	0.822266
0.535000	0.842822
0.536000	0.863379
0.537000	0.863379
0.538000	0.863379
0.539000	0.863379
0.540000	0.842822
0.541000	0.842822
0.542000	0.842822
0.543000	0.842822
0.544000	0.863379
0.545000	0.822266
0.546000	0.842822
0.547000	0.822266
0.548000	0.781152
0.549000	0.781152
0.550000	0.781152
0.551000	0.781152
0.552000	0.781152
0.553000	0.781152
0.554000	0.760596
0.555000	0.760596
0.556000	0.801709
0.557000	0.801709
0.558000	0.822266
0.559000	0.863379
0.560000	0.863379
0.561000	0.822266
0.562000	0.822266
0.563000	0.781152
0.564000	0.760596
0.565000	0.740039
0.566000	0.740039
0.567000	0.719482
0.568000	0.760596
0.569000	0.781152
0.570000	0.781152
0.571000	0.781152
0.572000	0.801709
0.573000	0.822266
0.574000	0.801709
0.575000	0.740039
0.576000	0.740039
0.577000	0.740039
0.578000	0.719482
0.579000	0.678369
0.580000	0.698926
0.581000	0.678369
0.582000	0.719482
0.583000	0.760596
0.584000	0.760596
0.585000	0.781152
0.586000	0.781152
0.587000	0.822266
0.588000	0.781152
0.589000	0.740039
0.590000	0.760596
0.591000	0.698926
0.592000	0.698926
0.593000	0.698926
0.594000	0.698926
0.595000	0.698926
0.596000	0.698926
0.597000	0.719482
0.598000	0.740039
0.599000	0.740039
0.600000	0.740039
0.601000	0.740039
0.602000	0.719482
0.603000	0.719482
0.604000	0.698926
0.605000	0.678369
0.606000	0.698926
0.607000	0.657813
0.608000	0.678369
0.609000	0.698926
0.610000	0.698926
0.611000	0.719482
0.612000	0.719482
0.613000	0.719482
0.614000	0.698926
0.615000	0.719482
0.616000	0.719482
0.617000	0.698926
0.618000	0.657813
0.619000	0.678369
0.620000	0.719482
0.621000	0.719482
0.622000	0.698926
0.623000	0.740039
0.624000	0.698926
0.625000	0.719482
0.626000	0.822266
0.627000	0.925049
0.628000	0.986719
0.629000	0.966162
0.630000	0.822266
0.631000	0.698926
0.632000	0.698926
0.633000	0.657813
0.634000	0.575586
0.635000	0.534473
0.636000	0.411133
0.637000	0.452246
0.638000	0.534473
0.639000	0.575586
0.640000	0.637256
0.641000	0.678369
0.642000	0.698926
0.643000	0.719482
0.644000	0.719482
0.645000	0.698926
0.646000	0.698926
0.647000	0.637256
0.648000	0.637256
0.649000	0.616699
0.650000	0.657813
0.651000	0.698926
0.652000	0.719482
0.653000	0.760596
0.654000	0.740039
0.655000	0.781152
0.656000	0.760596
0.657000	0.760596
0.658000	0.698926
0.659000	0.678369
0.660000	0.637256
0.661000	0.616699
0.662000	0.575586
0.663000	0.596143
0.664000	0.575586
0.665000	0.596143
0.666000	0.575586
0.667000	0.616699
0.668000	0.637256
0.669000	0.637256
0.670000	0.678369
0.671000	0.719482
0.672000	0.760596
0.673000	0.801709
0.674000	0.822266
0.675000	0.842822
0.676000	0.822266
0.677000	0.863379
0.678000	0.822266
0.679000	0.801709
0.680000	0.760596
0.681000	0.740039
0.682000	0.698926
0.683000	0.698926
0.684000	0.719482
0.685000	0.698926
0.686000	0.740039
0.687000	0.740039
0.688000	0.719482
0.689000	0.719482
0.690000	0.740039
0.691000	0.719482
0.692000	0.698926
0.693000	0.698926
0.694000	0.678369
0.695000	0.678369
0.696000	0.698926
0.697000	0.740039
0.698000	0.781152
0.699000	0.822266
0.700000	0.842822
0.701000	0.883936
0.702000	0.904492
0.703000	0.925049
0.704000	0.904492
0.705000	0.883936
0.706000	0.842822
0.707000	0.822266
0.708000	0.781152
0.709000	0.740039
0.710000	0.740039
0.711000	0.740039
0.712000	0.781152
0.713000	0.842822
0.714000	0.842822
0.715000	0.863379
0.716000	0.883936
0.717000	0.883936
0.718000	0.863379
0.719000	0.822266
0.720000	0.801709
0.721000	0.801709
0.722000	0.781152
0.723000	0.781152
0.724000	0.781152
0.725000	0.822266
0.726000	0.842822
0.727000	0.863379
0.728000	0.904492
0.729000	0.883936
0.730000	0.904492
0.731000	0.925049
0.732000	0.883936
0.733000	0.904492
0.734000	0.904492
0.735000	0.904492
0.736000	0.883936
0.737000	0.883936
0.738000	0.863379
0.739000	0.904492
0.740000	0.863379
0.741000	0.883936
0.742000	0.883936
0.743000	0.904492
0.744000	0.904492
0.745000	0.883936
0.746000	0.883936
0.747000	0.883936
0.748000	0.904492
0.749000	0.925049
0.750000	0.904492
0.751000	0.904492
0.752000	0.925049
0.753000	0.925049
0.754000	0.925049
0.755000	0.945605
0.756000	0.925049
0.757000	0.925049
0.758000	0.945605
0.759000	0.945605
0.760000	0.966162
0.761000	0.966162
0.762000	0.945605
0.763000	0.966162
0.764000	0.966162
0.765000	0.986719
0.766000	0.986719
0.767000	0.986719
0.768000	1.007280
0.769000	1.007280
0.770000	0.986719
0.771000	0.986719
0.772000	0.986719
0.773000	0.966162
0.774000	0.986719
0.775000	0.986719
0.776000	1.007280
0.777000	1.048390
0.778000	1.048390
0.779000	1.068950
0.780000	1.068950
0.781000	1.048390
0.782000	1.068950
0.783000	1.068950
0.784000	1.048390
0.785000	1.048390
0.786000	1.027830
0.787000	1.027830
0.788000	1.027830
0.789000	1.068950
0.790000	1.068950
0.791000	1.068950
0.792000	1.110060
0.793000	1.110060
0.794000	1.110060
0.795000	1.130620
0.796000	1.110060
0.797000	1.130620
0.798000	1.110060
0.799000	1.110060
0.800000	1.130620
0.801000	1.110060
0.802000	1.089500
0.803000	1.130620
0.804000	1.110060
0.805000	1.130620
0.806000	1.130620
0.807000	1.130620
0.808000	1.151170
0.809000	1.151170
0.810000	1.151170
0.811000	1.110060
0.812000	1.130620
0.813000	1.110060
0.814000	1.151170
0.815000	1.151170
0.816000	1.110060
0.817000	1.151170
0.818000	1.151170
0.819000	1.151170
0.820000	1.171730
0.821000	1.151170
0.822000	1.110060
0.823000	1.130620
0.824000	1.130620
0.825000	1.130620
0.826000	1.130620
0.827000	1.130620
0.828000	1.151170
0.829000	1.151170
0.830000	1.151170
0.831000	1.171730
0.832000	1.151170
0.833000	1.130620
0.834000	1.110060
0.835000	1.089500
0.836000	1.089500
0.837000	1.110060
0.838000	1.110060
0.839000	1.089500
0.840000	1.089500
0.841000	1.130620
0.842000	1.151170
0.843000	1.151170
0.844000	1.171730
0.845000	1.130620
0.846000	1.110060
0.847000	1.130620
0.848000	1.110060
0.849000	1.089500
0.850000	1.089500
0.851000	1.068950
0.852000	1.089500
0.853000	1.110060
0.854000	1.151170
0.855000	1.130620
0.856000	1.110060
0.857000	1.171730
0.858000	1.151170
0.859000	1.151170
0.860000	1.130620
0.861000	1.110060
0.862000	1.089500
0.863000	1.089500
0.864000	1.068950
0.865000	1.089500
0.866000	1.110060
0.867000	1.110060
0.868000	1.130620
0.869000	1.130620
0.870000	1.151170
0.871000	1.130620
