0.000000	0.000000
-5.977000	-0.196923
-6.008000	-0.111572
-5.998000	0.315186
-6.171000	0.485889
-6.539000	-0.282275
-7.147000	-0.794384
-8.000000	-1.733250
-8.997000	-2.202680
-9.996000	-3.354930
-10.912000	-5.232670
-11.731000	-5.872800
-11.731000	-6.640970
-13.150000	-9.073490
-13.807000	-8.817430
-14.553000	-10.183100
-15.143000	-10.609800
-15.750000	-11.250000
-16.309000	-12.018100
-16.879000	-12.359500
-17.480000	-13.085000
-18.048000	-13.597100
-18.563999	-13.938500
-19.229000	-14.279900
-19.832001	-14.962700
-20.511000	-14.962700
-21.089001	-14.664000
-21.759001	-13.938500
-22.362000	-13.469100
-22.362000	-12.829000
-23.823000	-13.170400
-24.614000	-12.871600
-25.372999	-13.511800
-26.235001	-12.957000
-26.215000	-12.231500
-27.690001	-12.274200
-28.459999	-11.847400
-29.216999	-11.121900
-29.216999	-10.993900
-30.788000	-9.884330
-31.608000	-7.622510
-32.507000	-5.915480
-33.500999	-5.318020
-34.613998	-4.848580
