0.000000	4.630310
0.001000	3.824650
0.002000	3.824650
0.003000	3.824650
0.004000	4.630310
0.005000	3.824650
0.006000	3.824650
0.007000	3.824650
0.008000	4.630310
0.009000	4.630310
0.010000	5.435980
0.011000	7.047310
0.012000	8.658630
0.013000	8.658630
0.014000	10.270000
0.015000	9.464300
0.016000	10.270000
0.017000	12.687000
0.018000	15.103900
0.019000	18.326599
0.020000	19.132299
0.021000	17.520901
0.022000	15.103900
0.023000	11.075600
0.024000	8.658630
0.025000	7.852970
0.026000	8.658630
0.027000	9.464300
0.028000	11.881300
0.029000	12.687000
0.030000	11.881300
0.031000	11.075600
0.032000	10.270000
0.033000	8.658630
0.034000	8.658630
0.035000	9.464300
0.036000	9.464300
0.037000	8.658630
0.038000	7.852970
0.039000	7.852970
0.040000	5.435980
0.041000	4.630310
0.042000	2.213320
0.043000	3.018980
0.044000	2.213320
0.045000	4.630310
0.046000	4.630310
0.047000	4.630310
0.048000	5.435980
0.049000	5.435980
0.050000	5.435980
0.051000	6.241640
0.052000	7.047310
0.053000	7.852970
0.054000	7.852970
0.055000	8.658630
0.056000	7.852970
0.057000	7.852970
0.058000	7.047310
0.059000	7.852970
0.060000	7.047310
0.061000	8.658630
0.062000	7.852970
0.063000	9.464300
0.064000	9.464300
0.065000	9.464300
0.066000	9.464300
0.067000	11.075600
0.068000	9.464300
0.069000	9.464300
0.070000	9.464300
0.071000	8.658630
0.072000	9.464300
0.073000	9.464300
0.074000	10.270000
0.075000	11.881300
0.076000	12.687000
0.077000	10.270000
0.078000	7.852970
0.079000	6.241640
0.080000	3.824650
0.081000	3.018980
0.082000	1.407660
0.083000	2.213320
0.084000	3.824650
0.085000	9.464300
0.086000	11.881300
0.087000	15.103900
0.088000	17.520901
0.089000	18.326599
0.090000	19.132299
0.091000	19.937901
0.092000	19.937901
0.093000	20.743601
0.094000	23.160601
0.095000	23.160601
0.096000	15.909600
0.097000	15.909600
0.098000	4.630310
0.099000	-1.815000
0.100000	-4.231990
0.101000	-5.843320
0.102000	-8.260310
0.103000	-6.648980
0.104000	-5.037660
0.105000	-4.231990
0.106000	-2.620660
0.107000	-0.203673
0.108000	-0.203673
0.109000	4.630310
0.110000	6.241640
0.111000	8.658630
0.112000	13.492600
0.113000	16.715300
0.114000	20.743601
0.115000	24.771900
0.116000	26.383200
0.117000	27.994600
0.118000	27.188900
0.119000	25.577600
0.120000	23.966200
0.121000	21.549299
0.122000	19.132299
0.123000	17.520901
0.124000	15.909600
0.125000	14.298300
0.126000	12.687000
0.127000	13.492600
0.128000	14.298300
0.129000	17.520901
0.130000	18.326599
0.131000	21.549299
0.132000	23.160601
0.133000	25.577600
0.134000	28.800200
0.135000	32.828602
0.136000	44.913502
0.137000	57.804100
0.138000	65.860802
0.139000	60.221100
0.140000	46.524799
0.141000	32.022900
0.142000	28.800200
0.143000	22.354900
0.144000	19.937901
0.145000	14.298300
0.146000	12.687000
0.147000	12.687000
0.148000	10.270000
0.149000	7.852970
0.150000	6.241640
0.151000	5.435980
0.152000	1.407660
0.153000	-4.231990
0.154000	-5.037660
0.155000	-8.260310
0.156000	-9.065980
0.157000	-9.871640
0.158000	-11.483000
0.159000	-9.871640
0.160000	-8.260310
0.161000	-8.260310
0.162000	-8.260310
0.163000	-6.648980
0.164000	-3.426330
0.165000	-1.009340
0.166000	3.824650
0.167000	6.241640
0.168000	10.270000
0.169000	12.687000
0.170000	16.715300
0.171000	19.937901
0.172000	20.743601
0.173000	22.354900
0.174000	22.354900
0.175000	23.966200
0.176000	23.160601
0.177000	21.549299
0.178000	19.132299
0.179000	17.520901
0.180000	14.298300
0.181000	12.687000
0.182000	11.075600
0.183000	11.075600
0.184000	10.270000
0.185000	10.270000
0.186000	10.270000
0.187000	10.270000
0.188000	11.075600
0.189000	11.075600
0.190000	12.687000
0.191000	14.298300
0.192000	15.103900
0.193000	15.909600
0.194000	15.103900
0.195000	16.715300
0.196000	17.520901
0.197000	16.715300
0.198000	17.520901
0.199000	17.520901
0.200000	17.520901
0.201000	17.520901
0.202000	17.520901
0.203000	16.715300
0.204000	17.520901
0.205000	16.715300
0.206000	15.103900
0.207000	15.103900
0.208000	15.103900
0.209000	14.298300
0.210000	12.687000
0.211000	12.687000
0.212000	11.075600
0.213000	11.075600
0.214000	8.658630
0.215000	8.658630
0.216000	8.658630
0.217000	7.852970
0.218000	7.852970
0.219000	7.047310
0.220000	7.047310
0.221000	7.852970
0.222000	7.047310
0.223000	7.852970
0.224000	7.852970
0.225000	9.464300
0.226000	9.464300
0.227000	10.270000
0.228000	11.075600
0.229000	10.270000
0.230000	10.270000
0.231000	10.270000
0.232000	9.464300
0.233000	11.075600
0.234000	11.075600
0.235000	11.075600
0.236000	11.075600
0.237000	11.881300
0.238000	11.075600
0.239000	11.075600
0.240000	11.881300
0.241000	10.270000
0.242000	11.075600
0.243000	11.075600
0.244000	10.270000
0.245000	10.270000
0.246000	9.464300
0.247000	9.464300
0.248000	10.270000
0.249000	11.075600
0.250000	10.270000
0.251000	11.881300
0.252000	11.075600
0.253000	10.270000
0.254000	11.075600
0.255000	11.075600
0.256000	11.881300
0.257000	10.270000
0.258000	11.075600
0.259000	11.075600
0.260000	11.075600
0.261000	11.075600
0.262000	11.881300
0.263000	12.687000
0.264000	14.298300
0.265000	17.520901
0.266000	17.520901
0.267000	15.909600
0.268000	11.881300
0.269000	5.435980
0.270000	-1.815000
0.271000	-6.648980
0.272000	-11.483000
0.273000	-17.928301
0.274000	-17.928301
0.275000	-16.316999
0.276000	-10.677300
0.277000	-6.648980
0.278000	-4.231990
0.279000	-4.231990
0.280000	-6.648980
0.281000	-9.065980
0.282000	-7.454650
0.283000	-5.843320
0.284000	-4.231990
0.285000	-2.620660
0.286000	-1.815000
0.287000	-1.009340
0.288000	-1.815000
0.289000	-3.426330
0.290000	-1.815000
0.291000	-1.815000
0.292000	-2.620660
0.293000	-1.009340
0.294000	-1.009340
0.295000	-2.620660
0.296000	-2.620660
0.297000	-3.426330
0.298000	-5.037660
0.299000	-4.231990
0.300000	-3.426330
0.301000	-4.231990
0.302000	-34.847198
0.303000	-71.102097
0.304000	-14.705600
0.305000	4.630310
0.306000	-13.094300
0.307000	-28.401899
0.308000	15.909600
0.309000	27.188900
0.310000	19.937901
0.311000	31.217199
0.312000	36.051201
0.313000	42.496498
0.314000	29.605900
0.315000	27.994600
0.316000	31.217199
0.317000	17.520901
0.318000	7.047310
0.319000	-8.260310
0.320000	-13.094300
0.321000	-25.179300
0.322000	-30.818899
0.323000	-39.681198
0.324000	-34.847198
