0.000000	0.020557
0.001000	-0.041113
0.002000	0.020557
0.003000	-0.020557
0.004000	-0.020557
0.005000	0.000000
0.006000	0.020557
0.007000	0.020557
0.008000	0.020557
0.009000	0.041113
0.010000	0.102783
0.011000	0.123340
0.012000	0.123340
0.013000	0.123340
0.014000	0.143896
0.015000	0.123340
0.016000	0.185010
0.017000	0.226123
0.018000	0.205566
0.019000	0.226123
0.020000	0.246680
0.021000	0.246680
0.022000	0.267236
0.023000	0.205566
0.024000	0.164453
0.025000	0.123340
0.026000	0.061670
0.027000	0.041113
0.028000	-0.041113
0.029000	-0.061670
0.030000	-0.020557
0.031000	0.041113
0.032000	0.123340
0.033000	0.226123
0.034000	0.267236
0.035000	0.246680
0.036000	0.308350
0.037000	0.287793
0.038000	0.246680
0.039000	0.164453
0.040000	0.061670
0.041000	-0.061670
0.042000	-0.164453
0.043000	-0.287793
0.044000	-0.308350
0.045000	-0.370020
0.046000	-0.390576
0.047000	-0.287793
0.048000	-0.267236
0.049000	-0.287793
0.050000	-0.164453
0.051000	-0.143896
0.052000	-0.123340
0.053000	-0.061670
0.054000	-0.082227
0.055000	-0.082227
0.056000	-0.123340
0.057000	-0.143896
0.058000	-0.164453
0.059000	-0.205566
0.060000	-0.246680
0.061000	-0.287793
0.062000	-0.267236
0.063000	-0.246680
0.064000	-0.205566
0.065000	-0.226123
0.066000	-0.287793
0.067000	-0.287793
0.068000	-0.328906
0.069000	-0.452246
0.070000	-0.431689
0.071000	-0.493359
0.072000	-0.534473
0.073000	-0.493359
0.074000	-0.411133
0.075000	-0.411133
0.076000	-0.411133
0.077000	-0.452246
0.078000	-0.452246
0.079000	-0.370020
0.080000	-0.287793
0.081000	-0.102783
0.082000	0.061670
0.083000	0.164453
0.084000	0.287793
0.085000	0.308350
0.086000	0.205566
0.087000	0.143896
0.088000	0.041113
0.089000	-0.061670
0.090000	-0.061670
0.091000	-0.082227
0.092000	-0.102783
0.093000	-0.082227
0.094000	-0.102783
0.095000	-0.082227
0.096000	0.205566
0.097000	0.698926
0.098000	0.781152
0.099000	0.678369
0.100000	0.616699
0.101000	0.637256
0.102000	0.596143
0.103000	0.349463
0.104000	0.164453
0.105000	-0.020557
0.106000	-0.123340
0.107000	-0.143896
0.108000	-0.164453
0.109000	-0.102783
0.110000	0.041113
0.111000	0.185010
0.112000	0.246680
0.113000	0.308350
0.114000	0.308350
0.115000	0.308350
0.116000	0.185010
0.117000	0.000000
0.118000	-0.082227
0.119000	-0.205566
0.120000	-0.328906
0.121000	-0.370020
0.122000	-0.287793
0.123000	-0.246680
0.124000	-0.205566
0.125000	-0.205566
0.126000	-0.246680
0.127000	-0.287793
0.128000	-0.328906
0.129000	-0.472803
0.130000	-0.637256
0.131000	-0.781152
0.132000	-0.842822
0.133000	-0.842822
0.134000	-0.945605
0.135000	-0.863379
0.136000	-0.801709
0.137000	-0.863379
0.138000	-1.007280
0.139000	-1.212840
0.140000	-1.336180
0.141000	-1.418410
0.142000	-1.274510
0.143000	-1.151170
0.144000	-0.986719
0.145000	-0.925049
0.146000	-0.863379
0.147000	-0.822266
0.148000	-0.863379
0.149000	-0.986719
0.150000	-1.089500
0.151000	-0.966162
0.152000	-0.596143
0.153000	-0.431689
0.154000	-0.349463
0.155000	-0.185010
0.156000	-0.123340
0.157000	-0.020557
0.158000	-0.041113
0.159000	-0.082227
0.160000	-0.123340
0.161000	-0.185010
0.162000	-0.287793
0.163000	-0.411133
0.164000	-0.452246
0.165000	-0.493359
0.166000	-0.493359
0.167000	-0.411133
0.168000	-0.349463
0.169000	-0.164453
0.170000	-0.061670
0.171000	-0.020557
0.172000	0.123340
0.173000	0.185010
0.174000	0.164453
0.175000	0.082227
0.176000	-0.061670
0.177000	-0.164453
0.178000	-0.308350
0.179000	-0.431689
0.180000	-0.472803
0.181000	-0.493359
0.182000	-0.534473
0.183000	-0.596143
0.184000	-0.596143
0.185000	-0.657813
0.186000	-0.698926
0.187000	-0.822266
0.188000	-1.027830
0.189000	-1.089500
0.190000	-1.253960
0.191000	-1.397850
0.192000	-1.500630
0.193000	-1.562300
0.194000	-1.562300
0.195000	-1.562300
0.196000	-1.562300
0.197000	-1.521190
0.198000	-1.438960
0.199000	-1.377290
0.200000	-1.295070
0.201000	-1.212840
0.202000	-1.233400
0.203000	-1.192290
0.204000	-1.171730
0.205000	-1.295070
0.206000	-1.253960
0.207000	-1.336180
0.208000	-1.377290
0.209000	-1.377290
0.210000	-1.356740
0.211000	-1.274510
0.212000	-1.212840
0.213000	-1.151170
0.214000	-1.048390
0.215000	-0.966162
0.216000	-0.945605
0.217000	-0.863379
0.218000	-0.842822
0.219000	-0.883936
0.220000	-0.883936
0.221000	-0.883936
0.222000	-0.986719
0.223000	-0.986719
0.224000	-0.986719
0.225000	-0.966162
0.226000	-0.883936
0.227000	-0.801709
0.228000	-0.719482
0.229000	-0.678369
0.230000	-0.657813
0.231000	-0.596143
0.232000	-0.575586
0.233000	-0.657813
0.234000	-0.719482
0.235000	-0.822266
0.236000	-0.945605
0.237000	-0.986719
0.238000	-1.089500
0.239000	-1.192290
0.240000	-1.212840
0.241000	-1.233400
0.242000	-1.295070
0.243000	-1.274510
0.244000	-1.336180
0.245000	-1.356740
0.246000	-1.377290
0.247000	-1.397850
0.248000	-1.397850
0.249000	-1.418410
0.250000	-1.438960
0.251000	-1.480080
0.252000	-1.521190
0.253000	-1.603420
0.254000	-1.603420
0.255000	-1.644530
0.256000	-1.706200
0.257000	-1.685640
0.258000	-1.685640
0.259000	-1.665090
0.260000	-1.623970
0.261000	-1.623970
0.262000	-1.562300
0.263000	-1.562300
0.264000	-1.623970
0.265000	-1.665090
0.266000	-1.788430
0.267000	-1.891210
0.268000	-1.891210
0.269000	-1.850100
0.270000	-1.788430
0.271000	-1.665090
0.272000	-1.582860
0.273000	-1.582860
0.274000	-1.603420
0.275000	-1.644530
0.276000	-1.685640
0.277000	-1.685640
0.278000	-1.665090
0.279000	-1.603420
0.280000	-1.582860
0.281000	-1.541750
0.282000	-1.480080
0.283000	-1.480080
0.284000	-1.521190
0.285000	-1.500630
0.286000	-1.541750
0.287000	-1.562300
0.288000	-1.541750
0.289000	-1.521190
0.290000	-1.562300
0.291000	-1.459520
0.292000	-1.459520
0.293000	-1.459520
0.294000	-1.500630
0.295000	-1.521190
0.296000	-1.541750
0.297000	-1.562300
0.298000	-1.644530
0.299000	-1.706200
0.300000	-1.788430
0.301000	-1.870650
0.302000	-2.446240
0.303000	-2.590140
0.304000	-1.233400
0.305000	-0.390576
0.306000	0.205566
0.307000	-1.911770
0.308000	-3.330180
0.309000	-2.466800
0.310000	-1.377290
0.311000	-0.698926
0.312000	-0.575586
0.313000	-0.863379
0.314000	-1.192290
0.315000	-1.438960
0.316000	-1.706200
0.317000	-2.055660
0.318000	-2.055660
0.319000	-1.644530
0.320000	-1.788430
0.321000	-2.343460
0.322000	-2.713480
0.323000	-2.384570
0.324000	-2.158450
