0.000000	1.404650
0.001000	1.404650
0.002000	-0.475236
0.003000	1.404650
0.004000	-0.475236
0.005000	-0.475236
0.006000	-2.355120
0.007000	-2.355120
0.008000	-2.355120
0.009000	-4.235000
0.010000	-7.994760
0.011000	-6.114880
0.012000	-7.994760
0.013000	-11.754500
0.014000	-11.754500
0.015000	-11.754500
0.016000	-13.634400
0.017000	-17.394199
0.018000	-13.634400
0.019000	-11.754500
0.020000	-11.754500
0.021000	-4.235000
0.022000	5.164410
0.023000	14.563800
0.024000	16.443701
0.025000	20.203501
0.026000	20.203501
0.027000	22.083401
0.028000	18.323601
0.029000	10.804100
0.030000	7.044290
0.031000	3.284530
0.032000	-0.475236
0.033000	-2.355120
0.034000	-2.355120
0.035000	-2.355120
0.036000	-0.475236
0.037000	7.044290
0.038000	8.924180
0.039000	7.044290
0.040000	5.164410
0.041000	5.164410
0.042000	5.164410
0.043000	3.284530
0.044000	3.284530
0.045000	5.164410
0.046000	1.404650
0.047000	1.404650
0.048000	1.404650
0.049000	-0.475236
0.050000	-0.475236
0.051000	-0.475236
0.052000	-0.475236
0.053000	3.284530
0.054000	5.164410
0.055000	5.164410
0.056000	7.044290
0.057000	5.164410
0.058000	1.404650
0.059000	3.284530
0.060000	-0.475236
0.061000	-2.355120
0.062000	-4.235000
0.063000	-6.114880
0.064000	-7.994760
0.065000	-6.114880
0.066000	-6.114880
0.067000	-2.355120
0.068000	1.404650
0.069000	5.164410
0.070000	8.924180
0.071000	8.924180
0.072000	5.164410
0.073000	5.164410
0.074000	-2.355120
0.075000	-4.235000
0.076000	-11.754500
0.077000	-15.514300
0.078000	-15.514300
0.079000	-19.274099
0.080000	-15.514300
0.081000	-7.994760
0.082000	-6.114880
0.083000	-0.475236
0.084000	1.404650
0.085000	-2.355120
0.086000	-6.114880
0.087000	-13.634400
0.088000	-13.634400
0.089000	-15.514300
0.090000	-15.514300
0.091000	-13.634400
0.092000	-11.754500
0.093000	-11.754500
0.094000	-15.514300
0.095000	-17.394199
0.096000	-32.433201
0.097000	-47.472301
0.098000	-34.313099
0.099000	-28.673500
0.100000	-19.274099
0.101000	-21.153900
0.102000	-28.673500
0.103000	-26.793600
0.104000	-30.553400
0.105000	-34.313099
0.106000	-30.553400
0.107000	-36.193001
0.108000	-30.553400
0.109000	-28.673500
0.110000	-26.793600
0.111000	-26.793600
0.112000	-26.793600
0.113000	-28.673500
0.114000	-30.553400
0.115000	-32.433201
0.116000	-30.553400
0.117000	-32.433201
0.118000	-34.313099
0.119000	-32.433201
0.120000	-32.433201
0.121000	-32.433201
0.122000	-34.313099
0.123000	-30.553400
0.124000	-28.673500
0.125000	-28.673500
0.126000	-23.033800
0.127000	-24.913700
0.128000	-24.913700
0.129000	-26.793600
0.130000	-28.673500
0.131000	-32.433201
0.132000	-34.313099
0.133000	-32.433201
0.134000	-24.913700
0.135000	-17.394199
0.136000	-13.634400
0.137000	-13.634400
0.138000	-32.433201
0.139000	-41.832699
0.140000	-47.472301
0.141000	-45.592400
0.142000	-36.193001
0.143000	-30.553400
0.144000	-30.553400
0.145000	-24.913700
0.146000	-34.313099
0.147000	-45.592400
0.148000	-45.592400
0.149000	-43.712502
0.150000	-45.592400
0.151000	-51.232101
0.152000	-60.631500
0.153000	-60.631500
0.154000	-53.112000
0.155000	-49.352200
0.156000	-49.352200
0.157000	-54.991798
0.158000	-56.871700
0.159000	-60.631500
0.160000	-62.511398
0.161000	-58.751598
0.162000	-54.991798
0.163000	-54.991798
0.164000	-53.112000
0.165000	-54.991798
0.166000	-53.112000
0.167000	-56.871700
0.168000	-53.112000
0.169000	-53.112000
0.170000	-53.112000
0.171000	-49.352200
0.172000	-51.232101
0.173000	-49.352200
0.174000	-53.112000
0.175000	-56.871700
0.176000	-58.751598
0.177000	-58.751598
0.178000	-53.112000
0.179000	-54.991798
0.180000	-51.232101
0.181000	-51.232101
0.182000	-49.352200
0.183000	-51.232101
0.184000	-53.112000
0.185000	-54.991798
0.186000	-54.991798
0.187000	-56.871700
0.188000	-54.991798
0.189000	-56.871700
0.190000	-60.631500
0.191000	-60.631500
0.192000	-60.631500
0.193000	-60.631500
0.194000	-60.631500
0.195000	-60.631500
0.196000	-56.871700
0.197000	-56.871700
0.198000	-58.751598
0.199000	-58.751598
0.200000	-58.751598
0.201000	-58.751598
0.202000	-60.631500
0.203000	-60.631500
0.204000	-62.511398
0.205000	-62.511398
0.206000	-64.391197
0.207000	-60.631500
0.208000	-60.631500
0.209000	-60.631500
0.210000	-60.631500
0.211000	-62.511398
0.212000	-62.511398
0.213000	-62.511398
0.214000	-66.271103
0.215000	-62.511398
0.216000	-66.271103
0.217000	-66.271103
0.218000	-68.151001
0.219000	-64.391197
0.220000	-66.271103
0.221000	-66.271103
0.222000	-64.391197
0.223000	-68.151001
0.224000	-70.030899
0.225000	-68.151001
0.226000	-71.910797
0.227000	-71.910797
0.228000	-68.151001
0.229000	-68.151001
0.230000	-66.271103
0.231000	-68.151001
0.232000	-66.271103
0.233000	-66.271103
0.234000	-66.271103
0.235000	-66.271103
0.236000	-68.151001
0.237000	-68.151001
0.238000	-68.151001
0.239000	-68.151001
0.240000	-68.151001
0.241000	-70.030899
0.242000	-70.030899
0.243000	-70.030899
0.244000	-68.151001
0.245000	-70.030899
0.246000	-68.151001
0.247000	-71.910797
0.248000	-71.910797
0.249000	-70.030899
0.250000	-73.790703
0.251000	-71.910797
0.252000	-71.910797
0.253000	-70.030899
0.254000	-68.151001
0.255000	-70.030899
0.256000	-71.910797
0.257000	-71.910797
0.258000	-73.790703
0.259000	-71.910797
0.260000	-71.910797
0.261000	-71.910797
0.262000	-70.030899
0.263000	-68.151001
0.264000	-68.151001
0.265000	-68.151001
0.266000	-71.910797
0.267000	-85.070000
0.268000	-90.709602
0.269000	-94.469398
0.270000	-90.709602
0.271000	-83.190102
0.272000	-77.550400
0.273000	-75.670502
0.274000	-77.550400
0.275000	-79.430298
0.276000	-88.829697
0.277000	-92.589500
0.278000	-94.469398
0.279000	-92.589500
0.280000	-86.949799
0.281000	-85.070000
0.282000	-86.949799
0.283000	-86.949799
0.284000	-90.709602
0.285000	-94.469398
0.286000	-92.589500
0.287000	-90.709602
0.288000	-90.709602
0.289000	-88.829697
0.290000	-86.949799
0.291000	-86.949799
0.292000	-90.709602
0.293000	-90.709602
0.294000	-90.709602
0.295000	-90.709602
0.296000	-90.709602
0.297000	-90.709602
0.298000	-92.589500
0.299000	-92.589500
0.300000	-96.349297
0.301000	-96.349297
0.302000	-15.514300
0.303000	-2.355120
0.304000	-141.466003
0.305000	-162.145004
0.306000	-137.707001
0.307000	-75.670502
0.308000	-9.874650
0.309000	-85.070000
0.310000	-92.589500
0.311000	-98.229103
0.312000	-148.985992
0.313000	-107.628998
0.314000	-92.589500
0.315000	-85.070000
0.316000	-60.631500
0.317000	-66.271103
0.318000	-71.910797
0.319000	-103.869003
0.320000	-109.508003
0.321000	-103.869003
0.322000	-71.910797
0.323000	-86.949799
0.324000	-86.949799
