0.000000	-2.989760
0.001000	-1.109880
0.002000	-2.989760
0.003000	-4.869650
0.004000	-2.989760
0.005000	-2.989760
0.006000	-2.989760
0.007000	-2.989760
0.008000	-4.869650
0.009000	-2.989760
0.010000	-4.869650
0.011000	-4.869650
0.012000	-4.869650
0.013000	-6.749530
0.014000	-4.869650
0.015000	-8.629410
0.016000	-8.629410
0.017000	-8.629410
0.018000	-10.509300
0.019000	-10.509300
0.020000	-12.389200
0.021000	-12.389200
0.022000	-14.269100
0.023000	-14.269100
0.024000	-16.148899
0.025000	-18.028799
0.026000	-18.028799
0.027000	-19.908701
0.028000	-16.148899
0.029000	-18.028799
0.030000	-16.148899
0.031000	-16.148899
0.032000	-18.028799
0.033000	-14.269100
0.034000	-14.269100
0.035000	-12.389200
0.036000	-12.389200
0.037000	-14.269100
0.038000	-12.389200
0.039000	-10.509300
0.040000	-12.389200
0.041000	-10.509300
0.042000	-8.629410
0.043000	-10.509300
0.044000	-6.749530
0.045000	-6.749530
0.046000	-2.989760
0.047000	-4.869650
0.048000	-4.869650
0.049000	-6.749530
0.050000	-6.749530
0.051000	-6.749530
0.052000	-8.629410
0.053000	-6.749530
0.054000	-6.749530
0.055000	-4.869650
0.056000	-6.749530
0.057000	-6.749530
0.058000	-8.629410
0.059000	-6.749530
0.060000	-8.629410
0.061000	-6.749530
0.062000	-6.749530
0.063000	-6.749530
0.064000	-6.749530
0.065000	-4.869650
0.066000	-2.989760
0.067000	-2.989760
0.068000	-2.989760
0.069000	0.770000
0.070000	0.770000
0.071000	2.649880
0.072000	2.649880
0.073000	2.649880
0.074000	6.409650
0.075000	4.529760
0.076000	4.529760
0.077000	4.529760
0.078000	2.649880
0.079000	4.529760
0.080000	-1.109880
0.081000	0.770000
0.082000	-2.989760
0.083000	-2.989760
0.084000	-4.869650
0.085000	-4.869650
0.086000	-6.749530
0.087000	-6.749530
0.088000	-6.749530
0.089000	-2.989760
0.090000	-4.869650
0.091000	-4.869650
0.092000	-2.989760
0.093000	-2.989760
0.094000	-2.989760
0.095000	2.649880
0.096000	-1.109880
0.097000	2.649880
0.098000	2.649880
0.099000	0.770000
0.100000	2.649880
0.101000	2.649880
0.102000	2.649880
0.103000	-1.109880
0.104000	-1.109880
0.105000	-1.109880
0.106000	-1.109880
0.107000	-1.109880
0.108000	-2.989760
0.109000	-2.989760
0.110000	-2.989760
0.111000	-2.989760
0.112000	-1.109880
0.113000	0.770000
0.114000	0.770000
0.115000	0.770000
0.116000	-2.989760
0.117000	-4.869650
0.118000	-2.989760
0.119000	-4.869650
0.120000	-2.989760
0.121000	-2.989760
0.122000	-2.989760
0.123000	-4.869650
0.124000	-2.989760
0.125000	-4.869650
0.126000	-4.869650
0.127000	-6.749530
0.128000	-4.869650
0.129000	-4.869650
0.130000	-6.749530
0.131000	-6.749530
0.132000	-8.629410
0.133000	-8.629410
0.134000	-8.629410
0.135000	-10.509300
0.136000	-8.629410
0.137000	-8.629410
0.138000	-10.509300
0.139000	-10.509300
0.140000	-12.389200
0.141000	-12.389200
0.142000	-14.269100
0.143000	-12.389200
0.144000	-12.389200
0.145000	-10.509300
0.146000	-14.269100
0.147000	-16.148899
0.148000	-16.148899
0.149000	-16.148899
0.150000	-14.269100
0.151000	-18.028799
0.152000	-14.269100
0.153000	-14.269100
0.154000	-12.389200
0.155000	-12.389200
0.156000	-12.389200
0.157000	-14.269100
0.158000	-14.269100
0.159000	-16.148899
0.160000	-14.269100
0.161000	-14.269100
0.162000	-16.148899
0.163000	-16.148899
0.164000	-18.028799
0.165000	-18.028799
0.166000	-18.028799
0.167000	-18.028799
0.168000	-18.028799
0.169000	-18.028799
0.170000	-16.148899
0.171000	-12.389200
0.172000	-12.389200
0.173000	-12.389200
0.174000	-12.389200
0.175000	-14.269100
0.176000	-12.389200
0.177000	-16.148899
0.178000	-18.028799
0.179000	-16.148899
0.180000	-16.148899
0.181000	-19.908701
0.182000	-18.028799
0.183000	-19.908701
0.184000	-19.908701
0.185000	-18.028799
0.186000	-18.028799
0.187000	-16.148899
0.188000	-18.028799
0.189000	-18.028799
0.190000	-14.269100
0.191000	-18.028799
0.192000	-18.028799
0.193000	-19.908701
0.194000	-19.908701
0.195000	-18.028799
0.196000	-21.788601
0.197000	-21.788601
0.198000	-23.668501
0.199000	-21.788601
0.200000	-21.788601
0.201000	-18.028799
0.202000	-19.908701
0.203000	-21.788601
0.204000	-19.908701
0.205000	-19.908701
0.206000	-19.908701
0.207000	-18.028799
0.208000	-21.788601
0.209000	-21.788601
0.210000	-21.788601
0.211000	-19.908701
0.212000	-18.028799
0.213000	-19.908701
0.214000	-19.908701
0.215000	-23.668501
0.216000	-23.668501
0.217000	-21.788601
0.218000	-21.788601
0.219000	0.770000
0.220000	-23.668501
0.221000	-34.947800
0.222000	-40.587399
0.223000	-42.467300
0.224000	-40.587399
0.225000	-27.428200
0.226000	-27.428200
0.227000	-33.067902
0.228000	-27.428200
0.229000	-29.308100
0.230000	-31.188000
0.231000	-16.148899
0.232000	-16.148899
0.233000	-14.269100
0.234000	-12.389200
0.235000	-16.148899
0.236000	-21.788601
0.237000	-19.908701
0.238000	-19.908701
0.239000	-23.668501
0.240000	-23.668501
0.241000	-23.668501
0.242000	-33.067902
0.243000	-29.308100
0.244000	-27.428200
0.245000	-27.428200
0.246000	-21.788601
0.247000	-23.668501
0.248000	-27.428200
0.249000	-27.428200
0.250000	-25.548401
0.251000	-23.668501
0.252000	-19.908701
0.253000	-19.908701
0.254000	-25.548401
0.255000	-25.548401
0.256000	-25.548401
0.257000	-27.428200
0.258000	-23.668501
0.259000	-23.668501
0.260000	-23.668501
0.261000	-21.788601
0.262000	-23.668501
0.263000	-21.788601
0.264000	-21.788601
0.265000	-19.908701
0.266000	-21.788601
0.267000	-21.788601
0.268000	-23.668501
0.269000	-25.548401
0.270000	-25.548401
0.271000	-23.668501
0.272000	-23.668501
0.273000	-27.428200
0.274000	-25.548401
0.275000	-23.668501
0.276000	-23.668501
0.277000	-23.668501
0.278000	-23.668501
0.279000	-21.788601
0.280000	-25.548401
0.281000	-23.668501
0.282000	-23.668501
0.283000	-25.548401
0.284000	-25.548401
0.285000	-21.788601
0.286000	-19.908701
0.287000	-23.668501
0.288000	-25.548401
0.289000	-29.308100
0.290000	-29.308100
0.291000	-27.428200
0.292000	-25.548401
0.293000	-19.908701
0.294000	-25.548401
0.295000	-21.788601
0.296000	-23.668501
0.297000	-18.028799
0.298000	-19.908701
0.299000	-29.308100
0.300000	-27.428200
0.301000	-29.308100
0.302000	-31.188000
0.303000	-33.067902
0.304000	-33.067902
0.305000	-36.827702
0.306000	-38.707500
0.307000	-34.947800
0.308000	-29.308100
0.309000	-23.668501
0.310000	-27.428200
0.311000	-12.389200
0.312000	8.289530
0.313000	0.770000
0.314000	27.088400
0.315000	-63.146000
0.316000	-87.584503
0.317000	-78.185097
0.318000	-57.506401
0.319000	-46.227100
0.320000	-21.788601
0.321000	-19.908701
0.322000	-40.587399
0.323000	-42.467300
0.324000	-49.986801
0.325000	-80.065002
0.326000	-53.746601
0.327000	-27.428200
0.328000	8.289530
