0.000000	0.213379
0.001000	0.213379
0.002000	0.213379
0.003000	0.213379
0.004000	0.170703
0.005000	0.213379
0.006000	0.170703
0.007000	0.170703
0.008000	0.128027
0.009000	0.085351
0.010000	0.085351
0.011000	0.000000
0.012000	-0.042676
0.013000	-0.085351
0.014000	-0.085351
0.015000	-0.170703
0.016000	-0.256055
0.017000	-0.256055
0.018000	-0.298730
0.019000	-0.341406
0.020000	-0.384082
0.021000	-0.469434
0.022000	-0.469434
0.023000	-0.512109
0.024000	-0.512109
0.025000	-0.554785
0.026000	-0.597461
0.027000	-0.554785
0.028000	-0.554785
0.029000	-0.512109
0.030000	-0.512109
0.031000	-0.426758
0.032000	-0.384082
0.033000	-0.341406
0.034000	-0.341406
0.035000	-0.341406
0.036000	-0.256055
0.037000	-0.213379
0.038000	-0.170703
0.039000	-0.128027
0.040000	-0.085351
0.041000	-0.042676
0.042000	-0.042676
0.043000	0.000000
0.044000	0.128027
0.045000	0.128027
0.046000	0.170703
0.047000	0.213379
0.048000	0.170703
0.049000	0.170703
0.050000	0.213379
0.051000	0.213379
0.052000	0.170703
0.053000	0.213379
0.054000	0.170703
0.055000	0.170703
0.056000	0.170703
0.057000	0.128027
0.058000	0.170703
0.059000	0.170703
0.060000	0.213379
0.061000	0.213379
0.062000	0.298730
0.063000	0.384082
0.064000	0.469434
0.065000	0.554785
0.066000	0.640137
0.067000	0.810840
0.068000	0.896191
0.069000	1.024220
0.070000	1.109570
0.071000	1.237600
0.072000	1.408300
0.073000	1.450980
0.074000	1.579000
0.075000	1.664360
0.076000	1.707030
0.077000	1.707030
0.078000	1.792380
0.079000	1.792380
0.080000	1.749710
0.081000	1.749710
0.082000	1.749710
0.083000	1.749710
0.084000	1.792380
0.085000	1.877730
0.086000	1.920410
0.087000	2.048440
0.088000	2.219140
0.089000	2.219140
0.090000	2.389840
0.091000	2.560550
0.092000	2.688570
0.093000	2.816600
0.094000	3.072660
0.095000	3.158010
0.096000	3.286040
0.097000	3.542090
0.098000	3.670120
0.099000	3.755470
0.100000	3.926170
0.101000	4.139550
0.102000	4.224900
0.103000	4.310250
0.104000	4.523630
0.105000	4.608980
0.106000	4.779690
0.107000	4.907710
0.108000	5.078420
0.109000	5.206450
0.110000	5.419820
0.111000	5.547850
0.112000	5.761230
0.113000	5.889260
0.114000	6.017290
0.115000	6.187990
0.116000	6.316020
0.117000	6.444040
0.118000	6.572070
0.119000	6.700100
0.120000	6.828130
0.121000	7.041500
0.122000	7.126860
0.123000	7.254880
0.124000	7.382910
0.125000	7.510940
0.126000	7.596290
0.127000	7.681640
0.128000	7.766990
0.129000	7.852340
0.130000	7.937700
0.131000	8.023050
0.132000	8.108400
0.133000	8.193750
0.134000	8.279100
0.135000	8.364450
0.136000	8.492480
0.137000	8.620510
0.138000	8.705860
0.139000	8.748540
0.140000	8.876560
0.141000	8.961910
0.142000	9.047270
0.143000	9.175290
0.144000	9.217970
0.145000	9.303320
0.146000	9.388670
0.147000	9.474020
0.148000	9.602050
0.149000	9.687400
0.150000	9.815430
0.151000	9.986130
0.152000	10.156800
0.153000	10.284900
0.154000	10.412900
0.155000	10.540900
0.156000	10.626300
0.157000	10.754300
0.158000	10.839600
0.159000	10.882300
0.160000	10.967700
0.161000	11.010400
0.162000	11.095700
0.163000	11.223700
0.164000	11.309100
0.165000	11.394400
0.166000	11.522500
0.167000	11.650500
0.168000	11.821200
0.169000	11.949200
0.170000	12.119900
0.171000	12.205300
0.172000	12.376000
0.173000	12.461300
0.174000	12.546700
0.175000	12.632000
0.176000	12.674700
0.177000	12.717400
0.178000	12.802700
0.179000	12.845400
0.180000	12.930800
0.181000	13.016100
0.182000	13.144100
0.183000	13.229500
0.184000	13.357500
0.185000	13.442900
0.186000	13.613600
0.187000	13.741600
0.188000	13.827000
0.189000	13.912300
0.190000	13.997700
0.191000	14.083000
0.192000	14.168400
0.193000	14.211000
0.194000	14.339100
0.195000	14.381700
0.196000	14.467100
0.197000	14.552400
0.198000	14.637800
0.199000	14.680500
0.200000	14.765800
0.201000	14.851200
0.202000	14.936500
0.203000	15.021900
0.204000	15.149900
0.205000	15.235300
0.206000	15.320600
0.207000	15.363300
0.208000	15.448600
0.209000	15.534000
0.210000	15.576700
0.211000	15.704700
0.212000	15.747400
0.213000	15.832700
0.214000	15.619300
0.215000	15.918100
0.216000	15.832700
0.217000	15.747400
0.218000	15.832700
0.219000	13.912300
0.220000	14.936500
0.221000	14.765800
0.222000	14.253700
0.223000	14.339100
0.224000	14.595100
0.225000	14.296400
0.226000	14.637800
0.227000	15.192600
0.228000	14.936500
0.229000	15.448600
0.230000	15.918100
0.231000	15.832700
0.232000	16.259501
0.233000	16.515499
0.234000	16.600901
0.235000	16.643600
0.236000	16.899599
0.237000	16.686199
0.238000	16.600901
0.239000	16.814301
0.240000	16.600901
0.241000	16.558201
0.242000	16.771601
0.243000	16.600901
0.244000	16.728901
0.245000	16.771601
0.246000	16.771601
0.247000	16.728901
0.248000	17.027599
0.249000	17.027599
0.250000	16.942301
0.251000	17.411699
0.252000	17.240999
0.253000	17.411699
0.254000	17.454399
0.255000	17.497101
0.256000	17.582399
0.257000	17.667801
0.258000	17.753099
0.259000	17.795799
0.260000	17.923800
0.261000	18.051901
0.262000	18.179899
0.263000	18.222601
0.264000	18.265200
0.265000	18.307899
0.266000	18.179899
0.267000	18.307899
0.268000	18.307899
0.269000	18.265200
0.270000	18.222601
0.271000	18.393299
0.272000	18.265200
0.273000	18.393299
0.274000	18.393299
0.275000	18.478600
0.276000	18.563999
0.277000	18.563999
0.278000	18.691999
0.279000	18.691999
0.280000	18.649300
0.281000	18.734699
0.282000	18.777300
0.283000	18.862700
0.284000	18.862700
0.285000	18.948000
0.286000	18.691999
0.287000	18.905399
0.288000	18.777300
0.289000	18.905399
0.290000	18.905399
0.291000	18.990700
0.292000	18.990700
0.293000	18.948000
0.294000	18.948000
0.295000	18.862700
0.296000	18.905399
0.297000	18.521299
0.298000	17.539700
0.299000	18.563999
0.300000	17.497101
0.301000	17.368999
0.302000	17.368999
0.303000	16.686199
0.304000	16.643600
0.305000	16.558201
0.306000	16.259501
0.307000	16.515499
0.308000	16.302099
0.309000	16.131399
0.310000	16.686199
0.311000	16.259501
0.312000	14.125700
0.313000	15.277900
0.314000	8.791210
0.315000	11.821200
0.316000	10.839600
0.317000	9.260640
0.318000	9.815430
0.319000	10.668900
0.320000	9.986130
0.321000	10.540900
0.322000	10.797000
0.323000	10.028800
0.324000	9.602050
0.325000	11.010400
0.326000	10.668900
0.327000	11.437100
0.328000	11.906500
