0.000000	-0.539000
0.053500	-0.539000
-0.130000	-0.539000
-0.138000	-0.539000
-0.008290	-0.539000
-0.044600	-0.539000
-0.132000	-0.539000
-0.140000	-0.539000
0.000890	0.394000
-0.014200	0.753000
-0.133000	0.968000
0.578000	-0.431000
1.640000	-4.090000
2.320000	-4.090000
3.590000	-9.010000
4.090000	-13.100000
4.370000	-10.500000
5.000000	-7.360000
5.200000	-7.500000
5.790000	-11.500000
6.050000	-14.000000
6.840000	-14.300000
6.940000	-14.400000
7.140000	-15.000000
7.620000	-15.000000
7.840000	-16.400000
8.200000	-16.200001
8.730000	-16.900000
8.880000	-17.900000
9.270000	-18.400000
9.690000	-19.299999
9.990000	-20.200001
10.000000	-20.299999
10.200000	-20.799999
10.200000	-21.400000
10.700000	-21.700001
10.800000	-23.000000
10.900000	-23.900000
11.600000	-24.400000
11.700000	-25.200001
11.800000	-25.700001
12.100000	-26.100000
12.100000	6.740000
12.100000	-29.900000
13.000000	-30.400000
13.200000	-25.600000
13.300000	-26.200001
14.000000	-19.200001
14.100000	-19.700001
14.700000	-31.200001
14.600000	-28.200001
14.800000	-26.299999
15.000000	-30.200001
15.200000	-28.500000
15.500000	-25.700001
16.000000	-23.600000
16.100000	-17.799999
16.500000	-14.500000
16.799999	-12.400000
17.299999	-13.100000
17.700001	-5.960000
17.600000	-9.080000
18.200001	-2.260000
18.200001	0.179000
18.500000	-9.900000
19.100000	17.500000
19.400000	2.080000
19.799999	3.190000
20.299999	5.630000
21.000000	2.330000
23.100000	6.060000
26.900000	2.010000
30.900000	-0.324000
30.900000	-0.790000
