0.000000	0.000000
-20.424999	-1.390820
-20.478001	-1.262790
-20.573000	-0.409280
-21.045000	-0.836040
-21.632999	-1.902930
-22.292999	-5.146290
-23.034000	-8.859080
-23.642000	-10.096700
-24.236000	-9.627250
-24.798000	-10.694100
-25.266001	-11.078200
-25.641001	-10.864800
-26.014000	-11.462300
-26.405001	-13.212000
-26.780001	-14.449600
-27.207001	-14.663000
-27.575001	-14.577600
-27.851000	-15.089700
-28.164000	-15.516500
-28.466999	-15.985900
-28.730000	-16.711399
-28.993999	-17.394199
-29.283001	-18.077101
-29.558001	-18.589199
-29.822001	-18.546499
-30.099001	-18.930599
-30.389000	-19.442699
-30.653999	-20.125500
-30.639999	-20.936300
-31.233000	-21.789801
-31.445999	-22.942101
-31.812000	-23.667601
-32.105999	-24.222401
-32.396999	-24.606400
-32.402000	-24.990499
-33.058998	-25.331900
-33.422001	-25.886700
-33.808998	-26.825600
-34.150002	-27.721800
-35.111000	-28.532600
-35.000000	-29.215401
-35.483002	-29.812901
-35.924000	-30.026300
-36.750999	-25.673300
