0.000000	-34.521500
0.001000	-33.535198
0.002000	-34.521500
0.003000	-33.535198
0.004000	-33.535198
0.005000	-33.535198
0.006000	-34.521500
0.007000	-33.535198
0.008000	-34.521500
0.009000	-34.521500
0.010000	-33.535198
0.011000	-33.535198
0.012000	-35.507801
0.013000	-32.548801
0.014000	-33.535198
0.015000	-35.507801
0.016000	-34.521500
0.017000	-35.507801
0.018000	-37.480499
0.019000	-37.480499
0.020000	-37.480499
0.021000	-37.480499
0.022000	-35.507801
0.023000	-35.507801
0.024000	-32.548801
0.025000	-31.562500
0.026000	-30.576200
0.027000	-31.562500
0.028000	-32.548801
0.029000	-33.535198
0.030000	-31.562500
0.031000	-33.535198
0.032000	-33.535198
0.033000	-33.535198
0.034000	-33.535198
0.035000	-32.548801
0.036000	-31.562500
0.037000	-31.562500
0.038000	-31.562500
0.039000	-30.576200
0.040000	-30.576200
0.041000	-30.576200
0.042000	-30.576200
0.043000	-31.562500
0.044000	-32.548801
0.045000	-30.576200
0.046000	-31.562500
0.047000	-32.548801
0.048000	-31.562500
0.049000	-30.576200
0.050000	-30.576200
0.051000	-29.589800
0.052000	-30.576200
0.053000	-29.589800
0.054000	-29.589800
0.055000	-27.617201
0.056000	-28.603500
0.057000	-31.562500
0.058000	-29.589800
0.059000	-30.576200
0.060000	-29.589800
0.061000	-30.576200
0.062000	-31.562500
0.063000	-29.589800
0.064000	-31.562500
0.065000	-32.548801
0.066000	-30.576200
0.067000	-31.562500
0.068000	-29.589800
0.069000	-29.589800
0.070000	-32.548801
0.071000	-29.589800
0.072000	-29.589800
0.073000	-32.548801
0.074000	-31.562500
0.075000	-29.589800
0.076000	-33.535198
0.077000	-32.548801
0.078000	-31.562500
0.079000	-32.548801
0.080000	-31.562500
0.081000	-33.535198
0.082000	-33.535198
0.083000	-31.562500
0.084000	-33.535198
0.085000	-32.548801
0.086000	-32.548801
0.087000	-32.548801
0.088000	-33.535198
0.089000	-34.521500
0.090000	-32.548801
0.091000	-32.548801
0.092000	-31.562500
0.093000	-31.562500
0.094000	-34.521500
0.095000	-31.562500
0.096000	-31.562500
0.097000	-31.562500
0.098000	-31.562500
0.099000	-29.589800
0.100000	-30.576200
0.101000	-29.589800
0.102000	-29.589800
0.103000	-29.589800
0.104000	-29.589800
0.105000	-29.589800
0.106000	-29.589800
0.107000	-29.589800
0.108000	-29.589800
0.109000	-30.576200
0.110000	-29.589800
0.111000	-29.589800
0.112000	-29.589800
0.113000	-29.589800
0.114000	-30.576200
0.115000	-30.576200
0.116000	-29.589800
0.117000	-29.589800
0.118000	-29.589800
0.119000	-29.589800
0.120000	-29.589800
0.121000	-30.576200
0.122000	-28.603500
0.123000	-28.603500
0.124000	-29.589800
0.125000	-29.589800
0.126000	-29.589800
0.127000	-29.589800
0.128000	-29.589800
0.129000	-29.589800
0.130000	-28.603500
0.131000	-28.603500
0.132000	-27.617201
0.133000	-28.603500
0.134000	-28.603500
0.135000	-29.589800
0.136000	-28.603500
0.137000	-29.589800
0.138000	-29.589800
0.139000	-29.589800
0.140000	-28.603500
0.141000	-29.589800
0.142000	-29.589800
0.143000	-30.576200
0.144000	-31.562500
0.145000	-31.562500
0.146000	-32.548801
0.147000	-30.576200
0.148000	-31.562500
0.149000	-31.562500
0.150000	-29.589800
0.151000	-30.576200
0.152000	-30.576200
0.153000	-31.562500
0.154000	-30.576200
0.155000	-28.603500
0.156000	-29.589800
0.157000	-30.576200
0.158000	-31.562500
0.159000	-29.589800
0.160000	-28.603500
0.161000	-29.589800
0.162000	-28.603500
0.163000	-28.603500
0.164000	-28.603500
0.165000	-27.617201
0.166000	-28.603500
0.167000	-29.589800
0.168000	-28.603500
0.169000	-29.589800
0.170000	-28.603500
0.171000	-28.603500
0.172000	-29.589800
0.173000	-29.589800
0.174000	-30.576200
0.175000	-29.589800
0.176000	-27.617201
0.177000	-28.603500
0.178000	-29.589800
0.179000	-28.603500
0.180000	-28.603500
0.181000	-30.576200
0.182000	-27.617201
0.183000	-28.603500
0.184000	-28.603500
0.185000	-28.603500
0.186000	-28.603500
0.187000	-30.576200
0.188000	-27.617201
0.189000	-28.603500
0.190000	-28.603500
0.191000	-28.603500
0.192000	-29.589800
0.193000	-28.603500
0.194000	-29.589800
0.195000	-29.589800
0.196000	-28.603500
0.197000	-28.603500
0.198000	-29.589800
0.199000	-29.589800
0.200000	-28.603500
0.201000	-28.603500
0.202000	-30.576200
0.203000	-28.603500
0.204000	-29.589800
0.205000	-31.562500
0.206000	-32.548801
0.207000	-28.603500
0.208000	-29.589800
0.209000	-33.535198
0.210000	-33.535198
0.211000	-30.576200
0.212000	-31.562500
0.213000	-29.589800
0.214000	-33.535198
0.215000	-31.562500
0.216000	-28.603500
0.217000	-28.603500
0.218000	-29.589800
0.219000	-28.603500
0.220000	-26.630899
0.221000	-28.603500
0.222000	-29.589800
0.223000	-28.603500
0.224000	-26.630899
0.225000	-27.617201
0.226000	-28.603500
0.227000	-29.589800
0.228000	-27.617201
0.229000	-27.617201
0.230000	-26.630899
0.231000	-27.617201
0.232000	-27.617201
0.233000	-27.617201
0.234000	-27.617201
0.235000	-26.630899
0.236000	-29.589800
0.237000	-27.617201
0.238000	-27.617201
0.239000	-26.630899
0.240000	-25.644501
0.241000	-27.617201
0.242000	-28.603500
0.243000	-26.630899
0.244000	-25.644501
0.245000	-27.617201
0.246000	-26.630899
0.247000	-26.630899
0.248000	-27.617201
0.249000	-27.617201
0.250000	-24.658199
0.251000	-26.630899
0.252000	-27.617201
0.253000	-27.617201
0.254000	-26.630899
0.255000	-27.617201
0.256000	-27.617201
0.257000	-26.630899
0.258000	-28.603500
0.259000	-27.617201
0.260000	-27.617201
0.261000	-28.603500
0.262000	-27.617201
0.263000	-28.603500
0.264000	-28.603500
0.265000	-28.603500
0.266000	-28.603500
0.267000	-30.576200
0.268000	-28.603500
0.269000	-27.617201
0.270000	-28.603500
0.271000	-26.630899
0.272000	-29.589800
0.273000	-28.603500
0.274000	-28.603500
0.275000	-29.589800
0.276000	-30.576200
0.277000	-28.603500
0.278000	-27.617201
0.279000	-30.576200
0.280000	-29.589800
0.281000	-27.617201
0.282000	-29.589800
0.283000	-29.589800
0.284000	-29.589800
0.285000	-29.589800
0.286000	-29.589800
0.287000	-28.603500
0.288000	-28.603500
0.289000	-28.603500
0.290000	-27.617201
0.291000	-29.589800
0.292000	-28.603500
0.293000	-26.630899
0.294000	-26.630899
0.295000	-29.589800
0.296000	-25.644501
0.297000	-26.630899
0.298000	-28.603500
0.299000	-29.589800
0.300000	-27.617201
0.301000	-27.617201
0.302000	-27.617201
0.303000	-27.617201
0.304000	-29.589800
0.305000	-26.630899
0.306000	-26.630899
0.307000	-27.617201
0.308000	-28.603500
0.309000	-26.630899
0.310000	-28.603500
0.311000	-26.630899
0.312000	-25.644501
0.313000	-28.603500
0.314000	-27.617201
0.315000	-27.617201
0.316000	-27.617201
0.317000	-27.617201
0.318000	-24.658199
0.319000	-27.617201
0.320000	-28.603500
0.321000	-25.644501
0.322000	-25.644501
0.323000	-26.630899
0.324000	-26.630899
0.325000	-24.658199
0.326000	-26.630899
0.327000	-26.630899
0.328000	-25.644501
0.329000	-26.630899
0.330000	-27.617201
0.331000	-27.617201
0.332000	-25.644501
0.333000	-26.630899
0.334000	-27.617201
0.335000	-27.617201
0.336000	-27.617201
0.337000	-29.589800
0.338000	-25.644501
0.339000	-14.794900
0.340000	-27.617201
0.341000	-9.863280
0.342000	-18.740200
0.343000	-25.644501
0.344000	-40.439499
0.345000	-27.617201
0.346000	-29.589800
0.347000	-25.644501
0.348000	-14.794900
0.349000	-27.617201
0.350000	-9.863280
0.351000	-18.740200
0.352000	-25.644501
0.353000	-40.439499
