0.000000	0.042680
0.002000	0.085350
0.004000	0.085350
0.006000	0.085350
0.008000	0.085350
0.010000	0.085350
0.012000	0.042680
0.014000	0.042680
0.016000	0.042680
0.018000	-0.085350
0.020000	-0.341410
0.022000	-0.682810
0.024000	-0.938870
0.026000	-0.810840
0.028000	-0.597460
0.030000	-0.554790
0.032000	-0.597460
0.034000	-0.554790
0.036000	-0.341410
0.038000	-0.170700
0.040000	-0.170700
0.042000	-0.170700
0.044000	-0.085350
0.046000	0.128030
0.048000	0.341410
0.050000	0.298730
0.052000	0.170700
0.054000	0.042680
0.056000	0.170700
0.058000	0.256050
0.060000	0.256050
0.062000	0.213380
0.064000	0.298730
0.066000	0.426760
0.068000	0.384080
0.070000	0.426760
0.072000	0.426760
0.074000	0.469430
0.076000	0.426760
0.078000	0.384080
0.080000	0.341410
0.082000	0.384080
0.084000	0.426760
0.086000	0.469430
0.088000	0.469430
0.090000	0.512110
0.092000	0.597460
0.094000	0.682810
0.096000	0.768160
0.098000	0.853520
0.100000	0.981540
0.102000	1.109570
0.104000	1.237600
0.106000	1.322950
0.108000	1.365630
0.110000	1.450980
0.112000	1.579000
0.114000	1.707030
0.116000	1.877730
0.118000	2.048440
0.120000	2.304490
0.122000	2.560550
0.124000	2.773930
0.126000	2.944630
0.128000	3.115330
0.130000	3.243360
0.132000	3.371390
0.134000	3.584770
0.136000	3.883500
0.138000	4.267580
0.140000	4.651660
0.142000	4.993070
0.144000	5.291800
0.146000	5.547850
0.148000	5.718550
0.150000	5.889260
0.152000	6.059960
0.154000	6.230660
0.156000	6.486720
0.158000	6.742770
0.160000	7.084180
0.162000	7.468260
0.164000	7.766990
0.166000	7.980370
0.168000	8.151070
0.170000	8.193750
0.172000	8.236430
0.174000	8.535160
0.176000	8.919240
0.178000	9.217970
0.180000	9.260640
0.182000	9.260640
0.184000	9.431350
0.186000	9.602050
0.188000	9.815430
0.190000	9.858110
0.192000	9.943460
0.194000	10.199510
0.196000	10.455570
0.198000	10.711620
0.200000	10.882320
0.202000	10.925000
0.204000	10.925000
0.206000	10.796970
0.208000	10.668950
0.210000	10.882320
0.212000	11.693160
0.214000	12.632030
0.216000	13.186820
0.218000	13.656250
0.220000	13.912300
0.222000	14.040330
0.224000	13.741600
0.226000	13.613570
0.228000	13.826950
0.230000	14.296390
0.232000	14.680470
0.234000	15.064550
0.236000	15.405960
0.238000	15.662010
0.240000	15.747360
0.242000	15.747360
0.244000	15.747360
0.246000	15.918070
0.248000	16.046089
0.250000	16.174120
0.252000	16.344820
0.254000	16.558201
0.256000	16.771580
0.258000	16.899611
0.260000	16.942289
0.262000	16.942289
0.264000	16.984961
0.266000	17.027639
0.268000	17.027639
0.270000	17.155661
0.272000	17.198339
0.274000	16.046089
0.276000	12.717380
0.278000	10.626270
0.280000	13.400200
