0.000000	0.164450
0.002000	0.123340
0.004000	0.123340
0.006000	0.143900
0.008000	0.164450
0.010000	0.205570
0.012000	0.205570
0.014000	0.205570
0.016000	0.164450
0.018000	0.143900
0.020000	0.123340
0.022000	0.123340
0.024000	0.143900
0.026000	0.164450
0.028000	0.164450
0.030000	0.185010
0.032000	0.164450
0.034000	0.123340
0.036000	0.102780
0.038000	0.123340
0.040000	0.143900
0.042000	0.185010
0.044000	0.205570
0.046000	0.205570
0.048000	0.185010
0.050000	0.164450
0.052000	0.143900
0.054000	0.123340
0.056000	0.143900
0.058000	0.185010
0.060000	0.226120
0.062000	0.246680
0.064000	0.226120
0.066000	0.205570
0.068000	0.164450
0.070000	0.164450
0.072000	0.164450
0.074000	0.185010
0.076000	0.205570
0.078000	0.226120
0.080000	0.226120
0.082000	0.205570
0.084000	0.164450
0.086000	0.143900
0.088000	0.143900
0.090000	0.164450
0.092000	0.205570
0.094000	0.226120
0.096000	0.246680
0.098000	0.226120
0.100000	0.205570
0.102000	0.164450
0.104000	0.164450
0.106000	0.185010
0.108000	0.205570
0.110000	0.246680
0.112000	0.267240
0.114000	0.246680
0.116000	0.226120
0.118000	0.185010
0.120000	0.164450
0.122000	0.164450
0.124000	0.185010
0.126000	0.226120
0.128000	0.226120
0.130000	1.253960
0.132000	1.027830
0.134000	0.801710
0.136000	0.616700
0.138000	0.513920
0.140000	0.431690
0.142000	0.390580
0.144000	0.370020
0.146000	0.349460
0.148000	0.287790
0.150000	0.246680
0.152000	0.226120
0.154000	0.205570
0.156000	0.226120
0.158000	0.267240
0.160000	0.308350
0.162000	0.328910
0.164000	0.328910
0.166000	0.308350
0.168000	0.287790
0.170000	0.287790
0.172000	0.287790
0.174000	0.308350
0.176000	0.349460
0.178000	0.370020
0.180000	0.370020
0.182000	0.328910
0.184000	0.267240
0.186000	0.246680
0.188000	0.226120
0.190000	0.246680
0.192000	0.267240
0.194000	0.267240
0.196000	0.267240
0.198000	0.267240
0.200000	0.205570
0.202000	0.164450
0.204000	0.164450
0.206000	0.164450
0.208000	0.164450
0.210000	0.185010
0.212000	0.205570
0.214000	0.205570
0.216000	0.164450
0.218000	0.143900
0.220000	0.123340
0.222000	0.123340
0.224000	0.143900
0.226000	0.164450
0.228000	0.185010
0.230000	0.185010
0.232000	0.164450
0.234000	0.123340
0.236000	0.102780
0.238000	0.102780
0.240000	0.143900
0.242000	0.164450
0.244000	0.185010
0.246000	0.185010
0.248000	0.185010
0.250000	0.123340
0.252000	0.102780
0.254000	0.082230
0.256000	0.082230
0.258000	0.102780
0.260000	0.123340
0.262000	0.164450
0.264000	0.123340
0.266000	0.082230
0.268000	0.061670
0.270000	0.041110
0.272000	0.041110
0.274000	0.061670
0.276000	-0.020560
0.278000	-0.164450
0.280000	-0.123340
