0.000000	10.554400
0.001000	10.554400
0.002000	12.434300
0.003000	10.554400
0.004000	10.554400
0.005000	12.434300
0.006000	12.434300
0.007000	10.554400
0.008000	12.434300
0.009000	8.674530
0.010000	12.434300
0.011000	10.554400
0.012000	8.674530
0.013000	12.434300
0.014000	16.194099
0.015000	14.314200
0.016000	19.953800
0.017000	23.713600
0.018000	29.353201
0.019000	34.992901
0.020000	34.992901
0.021000	34.992901
0.022000	23.713600
0.023000	18.073900
0.024000	12.434300
0.025000	8.674530
0.026000	3.034880
0.027000	6.794650
0.028000	8.674530
0.029000	6.794650
0.030000	8.674530
0.031000	8.674530
0.032000	12.434300
0.033000	12.434300
0.034000	14.314200
0.035000	16.194099
0.036000	19.953800
0.037000	19.953800
0.038000	18.073900
0.039000	18.073900
0.040000	18.073900
0.041000	16.194099
0.042000	16.194099
0.043000	14.314200
0.044000	14.314200
0.045000	12.434300
0.046000	12.434300
0.047000	12.434300
0.048000	10.554400
0.049000	10.554400
0.050000	10.554400
0.051000	12.434300
0.052000	12.434300
0.053000	14.314200
0.054000	12.434300
0.055000	12.434300
0.056000	12.434300
0.057000	10.554400
0.058000	14.314200
0.059000	16.194099
0.060000	14.314200
0.061000	16.194099
0.062000	16.194099
0.063000	14.314200
0.064000	12.434300
0.065000	18.073900
0.066000	16.194099
0.067000	18.073900
0.068000	14.314200
0.069000	18.073900
0.070000	12.434300
0.071000	12.434300
0.072000	10.554400
0.073000	10.554400
0.074000	8.674530
0.075000	10.554400
0.076000	10.554400
0.077000	10.554400
0.078000	8.674530
0.079000	10.554400
0.080000	6.794650
0.081000	6.794650
0.082000	4.914760
0.083000	6.794650
0.084000	8.674530
0.085000	8.674530
0.086000	8.674530
0.087000	6.794650
0.088000	8.674530
0.089000	4.914760
0.090000	4.914760
0.091000	8.674530
0.092000	6.794650
0.093000	6.794650
0.094000	6.794650
0.095000	6.794650
0.096000	8.674530
0.097000	6.794650
0.098000	8.674530
0.099000	6.794650
0.100000	10.554400
0.101000	8.674530
0.102000	12.434300
0.103000	10.554400
0.104000	10.554400
0.105000	6.794650
0.106000	6.794650
0.107000	6.794650
0.108000	4.914760
0.109000	4.914760
0.110000	4.914760
0.111000	6.794650
0.112000	4.914760
0.113000	6.794650
0.114000	8.674530
0.115000	4.914760
0.116000	4.914760
0.117000	4.914760
0.118000	4.914760
0.119000	4.914760
0.120000	1.155000
0.121000	3.034880
0.122000	3.034880
0.123000	1.155000
0.124000	4.914760
0.125000	3.034880
0.126000	6.794650
0.127000	6.794650
0.128000	6.794650
0.129000	8.674530
0.130000	6.794650
0.131000	10.554400
0.132000	4.914760
0.133000	1.155000
0.134000	3.034880
0.135000	1.155000
0.136000	4.914760
0.137000	4.914760
0.138000	3.034880
0.139000	4.914760
0.140000	3.034880
0.141000	3.034880
0.142000	3.034880
0.143000	3.034880
0.144000	-0.724882
0.145000	-2.604760
0.146000	-4.484650
0.147000	-2.604760
0.148000	-2.604760
0.149000	40.632500
0.150000	6.794650
0.151000	-21.403601
0.152000	-6.364530
0.153000	6.794650
0.154000	6.794650
0.155000	1.155000
0.156000	1.155000
0.157000	4.914760
0.158000	1.155000
0.159000	6.794650
0.160000	-2.604760
0.161000	3.034880
0.162000	1.155000
0.163000	-0.724882
0.164000	-0.724882
0.165000	4.914760
0.166000	4.914760
0.167000	1.155000
0.168000	1.155000
0.169000	1.155000
0.170000	-0.724882
0.171000	-0.724882
0.172000	-0.724882
0.173000	1.155000
0.174000	-2.604760
0.175000	-2.604760
0.176000	-4.484650
0.177000	-2.604760
0.178000	-2.604760
0.179000	-4.484650
0.180000	-0.724882
0.181000	-2.604760
0.182000	-2.604760
0.183000	-4.484650
0.184000	-2.604760
0.185000	-4.484650
0.186000	-6.364530
0.187000	-6.364530
0.188000	-2.604760
0.189000	-0.724882
0.190000	-2.604760
0.191000	-2.604760
0.192000	-4.484650
0.193000	-2.604760
0.194000	-0.724882
0.195000	34.992901
0.196000	-10.124300
0.197000	-36.442699
0.198000	-0.724882
0.199000	16.194099
0.200000	4.914760
0.201000	-12.004200
0.202000	-10.124300
0.203000	-13.884100
0.204000	-8.244410
0.205000	-6.364530
0.206000	-4.484650
0.207000	-2.604760
0.208000	-12.004200
0.209000	-6.364530
0.210000	-8.244410
0.211000	1.155000
0.212000	8.674530
0.213000	-2.604760
0.214000	-10.124300
0.215000	-2.604760
0.216000	-8.244410
0.217000	-12.004200
0.218000	-6.364530
0.219000	-13.884100
0.220000	-17.643801
0.221000	-12.004200
0.222000	-6.364530
0.223000	-8.244410
0.224000	-12.004200
0.225000	-13.884100
0.226000	-12.004200
0.227000	-8.244410
0.228000	-8.244410
0.229000	-6.364530
0.230000	-10.124300
0.231000	-0.724882
0.232000	-12.004200
0.233000	-17.643801
0.234000	-17.643801
0.235000	-12.004200
0.236000	-12.004200
0.237000	-13.884100
0.238000	-15.763900
0.239000	-17.643801
0.240000	-12.004200
0.241000	-15.763900
0.242000	-19.523701
0.243000	-12.004200
0.244000	-12.004200
0.245000	-13.884100
0.246000	-15.763900
0.247000	-12.004200
0.248000	-13.884100
0.249000	-19.523701
0.250000	-17.643801
0.251000	-13.884100
0.252000	-13.884100
0.253000	-17.643801
0.254000	-17.643801
0.255000	-17.643801
0.256000	-15.763900
0.257000	-13.884100
0.258000	-15.763900
0.259000	-15.763900
0.260000	-17.643801
0.261000	-17.643801
0.262000	-19.523701
0.263000	-15.763900
0.264000	-17.643801
0.265000	-19.523701
0.266000	-19.523701
0.267000	-17.643801
0.268000	-13.884100
0.269000	-15.763900
0.270000	-17.643801
0.271000	-17.643801
0.272000	-19.523701
0.273000	-19.523701
0.274000	-17.643801
0.275000	-17.643801
0.276000	-19.523701
0.277000	-17.643801
0.278000	-15.763900
0.279000	-17.643801
0.280000	-17.643801
0.281000	-17.643801
0.282000	-17.643801
0.283000	-19.523701
0.284000	-0.724882
0.285000	-23.283501
0.286000	-28.923100
0.287000	-10.124300
0.288000	-13.884100
0.289000	-21.403601
0.290000	-19.523701
0.291000	-17.643801
0.292000	-17.643801
0.293000	-13.884100
0.294000	-15.763900
0.295000	-21.403601
0.296000	-13.884100
0.297000	-19.523701
0.298000	-19.523701
0.299000	-17.643801
0.300000	-17.643801
0.301000	-19.523701
0.302000	-17.643801
0.303000	-19.523701
0.304000	-17.643801
0.305000	-17.643801
0.306000	-23.283501
0.307000	-19.523701
0.308000	-10.124300
0.309000	-17.643801
0.310000	38.752701
0.311000	-13.884100
0.312000	-53.361599
0.313000	-10.124300
0.314000	-2.604760
0.315000	-0.724882
0.316000	-25.163401
0.317000	-25.163401
0.318000	-21.403601
0.319000	-19.523701
0.320000	-8.244410
0.321000	-10.124300
0.322000	-8.244410
0.323000	-19.523701
0.324000	-15.763900
0.325000	-25.163401
0.326000	-17.643801
0.327000	-10.124300
0.328000	-12.004200
0.329000	-13.884100
0.330000	-17.643801
0.331000	-17.643801
0.332000	-19.523701
0.333000	-19.523701
0.334000	-19.523701
0.335000	-21.403601
0.336000	-23.283501
0.337000	-27.043200
0.338000	-6.364530
0.339000	-13.884100
0.340000	-17.643801
0.341000	-17.643801
0.342000	-19.523701
0.343000	-21.403601
0.344000	-17.643801
0.345000	-13.884100
0.346000	-13.884100
0.347000	-19.523701
0.348000	-19.523701
0.349000	-17.643801
0.350000	-13.884100
0.351000	-21.403601
0.352000	-6.364530
0.353000	-13.884100
0.354000	-13.884100
