0.000000	-0.050391
0.001000	-0.050391
0.002000	-0.050391
0.003000	-0.093067
0.004000	-0.050391
0.005000	-0.050391
0.006000	-0.050391
0.007000	-0.007716
0.008000	-0.007716
0.009000	-0.007716
0.010000	0.077636
0.011000	0.077636
0.012000	0.205663
0.013000	0.461718
0.014000	0.675097
0.015000	1.016500
0.016000	1.229880
0.017000	1.998050
0.018000	2.168750
0.019000	1.912690
0.020000	2.595510
0.021000	1.784670
0.022000	1.272560
0.023000	1.101850
0.024000	0.419042
0.025000	-0.007716
0.026000	0.120312
0.027000	-0.135743
0.028000	-0.221095
0.029000	-0.391798
0.030000	-0.562501
0.031000	-0.861231
0.032000	-1.074610
0.033000	-0.903907
0.034000	-0.861231
0.035000	-0.562501
0.036000	-0.178419
0.037000	0.034960
0.038000	0.077636
0.039000	-0.050391
0.040000	-0.263770
0.041000	-0.519825
0.042000	-0.818556
0.043000	-1.074610
0.044000	-1.202640
0.045000	-1.373340
0.046000	-1.586720
0.047000	-1.714750
0.048000	-2.013480
0.049000	-2.312210
0.050000	-2.610940
0.051000	-2.781640
0.052000	-2.909670
0.053000	-2.866990
0.054000	-2.738970
0.055000	-2.696290
0.056000	-2.696290
0.057000	-2.738970
0.058000	-2.866990
0.059000	-3.080370
0.060000	-3.208400
0.061000	-3.507130
0.062000	-3.635160
0.063000	-3.933890
0.064000	-4.104590
0.065000	-4.446000
0.066000	-4.787400
0.067000	-5.000780
0.068000	-5.256840
0.069000	-5.299510
0.070000	-5.384860
0.071000	-5.342190
0.072000	-5.342190
0.073000	-5.384860
0.074000	-5.512890
0.075000	-5.640920
0.076000	-5.811620
0.077000	-5.982330
0.078000	-6.195700
0.079000	-6.451760
0.080000	-6.622460
0.081000	-6.793170
0.082000	-6.963870
0.083000	-7.134570
0.084000	-7.305270
0.085000	-7.305270
0.086000	-7.347950
0.087000	-7.433300
0.088000	-7.433300
0.089000	-7.475980
0.090000	-7.561330
0.091000	-7.518650
0.092000	-7.604000
0.093000	-7.604000
0.094000	-7.774710
0.095000	-7.817380
0.096000	-7.902740
0.097000	-7.945410
0.098000	-7.860060
0.099000	-7.860060
0.100000	-7.860060
0.101000	-7.902740
0.102000	-7.988090
0.103000	-8.116110
0.104000	-8.329490
0.105000	-8.500200
0.106000	-8.628220
0.107000	-8.798930
0.108000	-8.841600
0.109000	-8.926950
0.110000	-8.926950
0.111000	-8.926950
0.112000	-9.012310
0.113000	-8.969630
0.114000	-9.097660
0.115000	-9.183010
0.116000	-9.353710
0.117000	-9.524410
0.118000	-9.780470
0.119000	-9.951170
0.120000	-10.164600
0.121000	-10.335300
0.122000	-10.420600
0.123000	-10.591300
0.124000	-10.676700
0.125000	-10.847400
0.126000	-10.975400
0.127000	-11.103400
0.128000	-11.231400
0.129000	-11.359500
0.130000	-11.487500
0.131000	-11.658200
0.132000	-11.615500
0.133000	-11.956900
0.134000	-12.042300
0.135000	-11.914300
0.136000	-11.999600
0.137000	-11.914300
0.138000	-11.786200
0.139000	-11.786200
0.140000	-11.871600
0.141000	-12.042300
0.142000	-12.255700
0.143000	-12.426400
0.144000	-12.682400
0.145000	-12.725100
0.146000	-12.853100
0.147000	-12.981200
0.148000	-12.895800
0.149000	-13.407900
0.150000	-11.658200
0.151000	-13.237200
0.152000	-12.639700
0.153000	-11.658200
0.154000	-11.999600
0.155000	-11.188800
0.156000	-10.676700
0.157000	-11.146100
0.158000	-10.804700
0.159000	-11.615500
0.160000	-12.554400
0.161000	-12.597100
0.162000	-13.706600
0.163000	-13.706600
0.164000	-13.920000
0.165000	-14.261400
0.166000	-13.962700
0.167000	-14.304100
0.168000	-13.962700
0.169000	-14.090700
0.170000	-13.877300
0.171000	-14.048000
0.172000	-13.834700
0.173000	-14.048000
0.174000	-14.133400
0.175000	-14.304100
0.176000	-14.474800
0.177000	-14.517500
0.178000	-14.773500
0.179000	-14.816200
0.180000	-15.029600
0.181000	-15.114900
0.182000	-15.328300
0.183000	-15.413700
0.184000	-15.499000
0.185000	-15.584400
0.186000	-15.627100
0.187000	-15.627100
0.188000	-15.755100
0.189000	-15.755100
0.190000	-15.712400
0.191000	-15.883100
0.192000	-15.755100
0.193000	-15.840400
0.194000	-15.968500
0.195000	-13.578600
0.196000	-13.962700
0.197000	-15.285600
0.198000	-13.450600
0.199000	-14.176100
0.200000	-14.005400
0.201000	-13.664000
0.202000	-13.578600
0.203000	-13.706600
0.204000	-13.706600
0.205000	-15.029600
0.206000	-14.901600
0.207000	-15.968500
0.208000	-16.395201
0.209000	-16.437901
0.210000	-16.992701
0.211000	-16.523199
0.212000	-15.968500
0.213000	-15.456300
0.214000	-15.925800
0.215000	-14.944200
0.216000	-15.114900
0.217000	-15.243000
0.218000	-15.029600
0.219000	-14.474800
0.220000	-15.371000
0.221000	-15.413700
0.222000	-15.755100
0.223000	-16.181801
0.224000	-16.224501
0.225000	-16.608601
0.226000	-16.480600
0.227000	-16.267200
0.228000	-16.267200
0.229000	-15.669700
0.230000	-15.968500
0.231000	-15.925800
0.232000	-15.840400
0.233000	-16.352501
0.234000	-16.352501
0.235000	-16.523199
0.236000	-16.864599
0.237000	-16.822001
0.238000	-16.950001
0.239000	-17.035400
0.240000	-16.651300
0.241000	-16.907301
0.242000	-16.693899
0.243000	-16.693899
0.244000	-16.822001
0.245000	-16.907301
0.246000	-17.163401
0.247000	-17.206100
0.248000	-17.376801
0.249000	-17.376801
0.250000	-17.291401
0.251000	-17.291401
0.252000	-17.291401
0.253000	-17.334101
0.254000	-17.291401
0.255000	-17.334101
0.256000	-17.291401
0.257000	-17.206100
0.258000	-17.248699
0.259000	-17.334101
0.260000	-17.376801
0.261000	-17.462099
0.262000	-17.547501
0.263000	-17.590099
0.264000	-17.675501
0.265000	-17.718201
0.266000	-17.803499
0.267000	-17.846201
0.268000	-17.888901
0.269000	-17.846201
0.270000	-17.931499
0.271000	-17.974199
0.272000	-18.016899
0.273000	-18.059601
0.274000	-18.144899
0.275000	-18.144899
0.276000	-18.273001
0.277000	-18.358299
0.278000	-18.358299
0.279000	-18.443701
0.280000	-18.528999
0.281000	-18.657000
0.282000	-18.785101
0.283000	-18.955799
0.284000	-18.230301
0.285000	-17.974199
0.286000	-18.528999
0.287000	-17.803499
0.288000	-18.315599
0.289000	-18.486300
0.290000	-18.528999
0.291000	-18.870399
0.292000	-18.870399
0.293000	-18.614401
0.294000	-18.785101
0.295000	-18.614401
0.296000	-18.571699
0.297000	-18.785101
0.298000	-18.913099
0.299000	-18.998400
0.300000	-19.169100
0.301000	-19.126499
0.302000	-19.169100
0.303000	-19.169100
0.304000	-19.169100
0.305000	-18.614401
0.306000	-18.870399
0.307000	-18.657000
0.308000	-18.400999
0.309000	-18.358299
0.310000	-14.261400
0.311000	-14.304100
0.312000	-14.474800
0.313000	-11.743600
0.314000	-13.151900
0.315000	-13.151900
0.316000	-13.621300
0.317000	-14.517500
0.318000	-13.407900
0.319000	-13.621300
0.320000	-13.322600
0.321000	-11.743600
0.322000	-12.597100
0.323000	-11.956900
0.324000	-12.127600
0.325000	-12.469000
0.326000	-12.042300
0.327000	-12.639700
0.328000	-12.170300
0.329000	-12.255700
0.330000	-12.639700
0.331000	-12.469000
0.332000	-12.554400
0.333000	-12.213000
0.334000	-11.786200
0.335000	-11.743600
0.336000	-11.572900
0.337000	-11.956900
0.338000	-12.170300
0.339000	-12.682400
0.340000	-13.194500
0.341000	-13.450600
0.342000	-13.194500
0.343000	-12.895800
0.344000	-12.042300
0.345000	-11.700900
0.346000	-11.402100
0.347000	-11.402100
0.348000	-11.914300
0.349000	-11.999600
0.350000	-12.213000
0.351000	-11.999600
0.352000	-10.975400
0.353000	-10.207200
0.354000	-9.396390
