0.000000	-0.719482
0.001000	-0.719482
0.002000	-0.698926
0.003000	-0.698926
0.004000	-0.698926
0.005000	-0.698926
0.006000	-0.719482
0.007000	-0.698926
0.008000	-0.719482
0.009000	-0.719482
0.010000	-0.698926
0.011000	-0.698926
0.012000	-0.678369
0.013000	-0.657813
0.014000	-0.616699
0.015000	-0.534473
0.016000	-0.452246
0.017000	-0.370020
0.018000	-0.123340
0.019000	-0.123340
0.020000	-0.267236
0.021000	-0.308350
0.022000	-0.411133
0.023000	-0.596143
0.024000	-0.719482
0.025000	-0.822266
0.026000	-0.945605
0.027000	-0.863379
0.028000	-0.801709
0.029000	-0.719482
0.030000	-0.698926
0.031000	-0.657813
0.032000	-0.657813
0.033000	-0.781152
0.034000	-0.842822
0.035000	-0.883936
0.036000	-0.904492
0.037000	-0.883936
0.038000	-0.822266
0.039000	-0.760596
0.040000	-0.760596
0.041000	-0.760596
0.042000	-0.801709
0.043000	-0.883936
0.044000	-0.966162
0.045000	-1.007280
0.046000	-0.966162
0.047000	-0.966162
0.048000	-1.027830
0.049000	-1.007280
0.050000	-1.089500
0.051000	-1.192290
0.052000	-1.233400
0.053000	-1.315630
0.054000	-1.336180
0.055000	-1.356740
0.056000	-1.253960
0.057000	-1.130620
0.058000	-0.986719
0.059000	-0.904492
0.060000	-0.842822
0.061000	-0.842822
0.062000	-0.925049
0.063000	-0.966162
0.064000	-1.048390
0.065000	-1.089500
0.066000	-1.068950
0.067000	-1.027830
0.068000	-0.966162
0.069000	-0.966162
0.070000	-1.007280
0.071000	-1.089500
0.072000	-1.089500
0.073000	-1.048390
0.074000	-0.986719
0.075000	-0.883936
0.076000	-0.822266
0.077000	-0.760596
0.078000	-0.719482
0.079000	-0.781152
0.080000	-0.822266
0.081000	-0.863379
0.082000	-0.925049
0.083000	-0.904492
0.084000	-0.863379
0.085000	-0.801709
0.086000	-0.781152
0.087000	-0.822266
0.088000	-0.822266
0.089000	-0.904492
0.090000	-1.048390
0.091000	-1.171730
0.092000	-1.274510
0.093000	-1.356740
0.094000	-1.336180
0.095000	-1.315630
0.096000	-1.377290
0.097000	-1.356740
0.098000	-1.356740
0.099000	-1.418410
0.100000	-1.397850
0.101000	-1.438960
0.102000	-1.459520
0.103000	-1.541750
0.104000	-1.623970
0.105000	-1.706200
0.106000	-1.747310
0.107000	-1.747310
0.108000	-1.726760
0.109000	-1.685640
0.110000	-1.623970
0.111000	-1.562300
0.112000	-1.541750
0.113000	-1.562300
0.114000	-1.541750
0.115000	-1.603420
0.116000	-1.562300
0.117000	-1.562300
0.118000	-1.603420
0.119000	-1.562300
0.120000	-1.582860
0.121000	-1.582860
0.122000	-1.562300
0.123000	-1.541750
0.124000	-1.603420
0.125000	-1.603420
0.126000	-1.582860
0.127000	-1.541750
0.128000	-1.500630
0.129000	-1.418410
0.130000	-1.377290
0.131000	-1.336180
0.132000	-1.274510
0.133000	-1.253960
0.134000	-1.171730
0.135000	-1.130620
0.136000	-1.089500
0.137000	-1.089500
0.138000	-1.130620
0.139000	-1.151170
0.140000	-1.233400
0.141000	-1.253960
0.142000	-1.356740
0.143000	-1.397850
0.144000	-1.459520
0.145000	-1.500630
0.146000	-1.541750
0.147000	-1.562300
0.148000	-1.582860
0.149000	-1.521190
0.150000	-1.295070
0.151000	-1.623970
0.152000	-2.364010
0.153000	-2.713480
0.154000	-2.425680
0.155000	-2.117330
0.156000	-1.932320
0.157000	-1.459520
0.158000	-1.192290
0.159000	-1.007280
0.160000	-1.110060
0.161000	-1.459520
0.162000	-1.480080
0.163000	-1.644530
0.164000	-1.891210
0.165000	-2.096780
0.166000	-2.261230
0.167000	-2.364010
0.168000	-2.569580
0.169000	-2.590140
0.170000	-2.528470
0.171000	-2.343460
0.172000	-2.179000
0.173000	-2.014550
0.174000	-2.035110
0.175000	-2.220120
0.176000	-2.364010
0.177000	-2.507910
0.178000	-2.590140
0.179000	-2.569580
0.180000	-2.528470
0.181000	-2.507910
0.182000	-2.343460
0.183000	-2.179000
0.184000	-2.076220
0.185000	-2.035110
0.186000	-2.055660
0.187000	-2.158450
0.188000	-2.240670
0.189000	-2.322900
0.190000	-2.302340
0.191000	-2.322900
0.192000	-2.302340
0.193000	-2.261230
0.194000	-2.179000
0.195000	-2.672360
0.196000	-2.137890
0.197000	-1.295070
0.198000	-0.966162
0.199000	-0.719482
0.200000	-0.945605
0.201000	-1.377290
0.202000	-1.726760
0.203000	-1.767870
0.204000	-1.767870
0.205000	-1.685640
0.206000	-1.726760
0.207000	-1.644530
0.208000	-1.685640
0.209000	-2.117330
0.210000	-2.425680
0.211000	-2.692920
0.212000	-2.549020
0.213000	-2.220120
0.214000	-2.507910
0.215000	-2.919040
0.216000	-2.857370
0.217000	-2.795700
0.218000	-2.754590
0.219000	-2.857370
0.220000	-2.610690
0.221000	-2.507910
0.222000	-2.322900
0.223000	-2.261230
0.224000	-2.199560
0.225000	-2.240670
0.226000	-2.446240
0.227000	-2.569580
0.228000	-2.590140
0.229000	-2.364010
0.230000	-2.261230
0.231000	-2.425680
0.232000	-2.775150
0.233000	-2.713480
0.234000	-2.610690
0.235000	-2.364010
0.236000	-2.117330
0.237000	-2.014550
0.238000	-1.973440
0.239000	-2.137890
0.240000	-2.364010
0.241000	-2.528470
0.242000	-2.507910
0.243000	-2.322900
0.244000	-1.993990
0.245000	-1.767870
0.246000	-1.665090
0.247000	-1.685640
0.248000	-1.767870
0.249000	-1.932320
0.250000	-2.014550
0.251000	-2.179000
0.252000	-2.281790
0.253000	-2.220120
0.254000	-2.261230
0.255000	-2.261230
0.256000	-2.240670
0.257000	-2.322900
0.258000	-2.322900
0.259000	-2.322900
0.260000	-2.322900
0.261000	-2.364010
0.262000	-2.322900
0.263000	-2.302340
0.264000	-2.322900
0.265000	-2.425680
0.266000	-2.507910
0.267000	-2.590140
0.268000	-2.672360
0.269000	-2.713480
0.270000	-2.651810
0.271000	-2.631250
0.272000	-2.631250
0.273000	-2.651810
0.274000	-2.610690
0.275000	-2.610690
0.276000	-2.590140
0.277000	-2.569580
0.278000	-2.610690
0.279000	-2.610690
0.280000	-2.610690
0.281000	-2.590140
0.282000	-2.610690
0.283000	-2.631250
0.284000	-2.610690
0.285000	-2.713480
0.286000	-3.206840
0.287000	-3.659080
0.288000	-3.515190
0.289000	-3.186280
0.290000	-2.836820
0.291000	-2.302340
0.292000	-1.932320
0.293000	-2.096780
0.294000	-2.425680
0.295000	-2.734030
0.296000	-2.898490
0.297000	-2.919040
0.298000	-2.816260
0.299000	-2.692920
0.300000	-2.466800
0.301000	-2.343460
0.302000	-2.405130
0.303000	-2.631250
0.304000	-2.836820
0.305000	-3.001270
0.306000	-3.062940
0.307000	-3.206840
0.308000	-3.165720
0.309000	-2.980710
0.310000	-3.535740
0.311000	-3.597410
0.312000	-3.021830
0.313000	-3.083500
0.314000	-3.576860
0.315000	-4.152440
0.316000	-4.563570
0.317000	-4.337450
0.318000	-3.617970
0.319000	-2.692920
0.320000	-2.096780
0.321000	-1.973440
0.322000	-1.706200
0.323000	-2.158450
0.324000	-3.124610
0.325000	-3.864650
0.326000	-4.193550
0.327000	-3.823540
0.328000	-3.206840
0.329000	-2.322900
0.330000	-1.829540
0.331000	-1.767870
0.332000	-2.055660
0.333000	-2.364010
0.334000	-2.672360
0.335000	-2.569580
0.336000	-2.322900
0.337000	-2.076220
0.338000	-1.623970
0.339000	-1.027830
0.340000	-0.123340
0.341000	0.822266
0.342000	1.500630
0.343000	1.500630
0.344000	0.698926
0.345000	-0.205566
0.346000	-0.822266
0.347000	-1.007280
0.348000	-0.781152
0.349000	-0.267236
0.350000	0.411133
0.351000	1.110060
0.352000	1.438960
0.353000	1.480080
0.354000	1.582860
