0.000000	-0.271993
0.001000	-0.271993
0.002000	-0.271993
0.003000	-1.077660
0.004000	-0.271993
0.005000	-1.077660
0.006000	-0.271993
0.007000	-1.077660
0.008000	-0.271993
0.009000	-1.077660
0.010000	-0.271993
0.011000	0.533673
0.012000	-0.271993
0.013000	0.533673
0.014000	2.950660
0.015000	4.561990
0.016000	9.395980
0.017000	10.201600
0.018000	15.035600
0.019000	21.480900
0.020000	17.452600
0.021000	19.869600
0.022000	14.230000
0.023000	7.784650
0.024000	3.756330
0.025000	2.145000
0.026000	2.145000
0.027000	2.950660
0.028000	6.173320
0.029000	3.756330
0.030000	0.533673
0.031000	-1.883320
0.032000	-3.494650
0.033000	-5.911640
0.034000	-2.688980
0.035000	0.533673
0.036000	4.561990
0.037000	6.173320
0.038000	9.395980
0.039000	9.395980
0.040000	6.173320
0.041000	2.950660
0.042000	0.533673
0.043000	-0.271993
0.044000	0.533673
0.045000	-0.271993
0.046000	-0.271993
0.047000	-1.883320
0.048000	-2.688980
0.049000	-4.300310
0.050000	-6.717310
0.051000	-8.328630
0.052000	-8.328630
0.053000	-7.522970
0.054000	-5.105980
0.055000	-2.688980
0.056000	-0.271993
0.057000	0.533673
0.058000	-0.271993
0.059000	-1.077660
0.060000	-1.077660
0.061000	-0.271993
0.062000	-0.271993
0.063000	0.533673
0.064000	-1.077660
0.065000	-1.077660
0.066000	-3.494650
0.067000	-4.300310
0.068000	-5.105980
0.069000	-4.300310
0.070000	-2.688980
0.071000	-1.077660
0.072000	1.339340
0.073000	2.145000
0.074000	2.145000
0.075000	2.145000
0.076000	2.145000
0.077000	2.145000
0.078000	1.339340
0.079000	0.533673
0.080000	0.533673
0.081000	-1.077660
0.082000	-2.688980
0.083000	-3.494650
0.084000	-1.883320
0.085000	-1.077660
0.086000	-0.271993
0.087000	0.533673
0.088000	-0.271993
0.089000	-1.077660
0.090000	0.533673
0.091000	1.339340
0.092000	2.950660
0.093000	2.950660
0.094000	2.950660
0.095000	1.339340
0.096000	3.756330
0.097000	2.950660
0.098000	4.561990
0.099000	6.978980
0.100000	6.978980
0.101000	7.784650
0.102000	7.784650
0.103000	6.978980
0.104000	5.367660
0.105000	4.561990
0.106000	4.561990
0.107000	4.561990
0.108000	4.561990
0.109000	4.561990
0.110000	6.173320
0.111000	6.173320
0.112000	7.784650
0.113000	7.784650
0.114000	6.978980
0.115000	7.784650
0.116000	6.978980
0.117000	6.173320
0.118000	5.367660
0.119000	4.561990
0.120000	4.561990
0.121000	3.756330
0.122000	3.756330
0.123000	5.367660
0.124000	4.561990
0.125000	5.367660
0.126000	4.561990
0.127000	4.561990
0.128000	3.756330
0.129000	3.756330
0.130000	3.756330
0.131000	3.756330
0.132000	2.145000
0.133000	2.950660
0.134000	1.339340
0.135000	1.339340
0.136000	2.950660
0.137000	6.978980
0.138000	7.784650
0.139000	9.395980
0.140000	9.395980
0.141000	9.395980
0.142000	6.978980
0.143000	6.978980
0.144000	6.173320
0.145000	5.367660
0.146000	5.367660
0.147000	5.367660
0.148000	3.756330
0.149000	2.145000
0.150000	-7.522970
0.151000	4.561990
0.152000	1.339340
0.153000	-2.688980
0.154000	3.756330
0.155000	11.813000
0.156000	19.869600
0.157000	31.148899
0.158000	25.509300
0.159000	16.646999
0.160000	11.007300
0.161000	2.950660
0.162000	3.756330
0.163000	4.561990
0.164000	3.756330
0.165000	6.978980
0.166000	3.756330
0.167000	3.756330
0.168000	2.950660
0.169000	6.173320
0.170000	7.784650
0.171000	11.813000
0.172000	10.201600
0.173000	12.618600
0.174000	10.201600
0.175000	10.201600
0.176000	10.201600
0.177000	9.395980
0.178000	10.201600
0.179000	8.590310
0.180000	8.590310
0.181000	6.173320
0.182000	6.173320
0.183000	6.173320
0.184000	6.173320
0.185000	6.173320
0.186000	6.173320
0.187000	6.173320
0.188000	6.173320
0.189000	7.784650
0.190000	9.395980
0.191000	11.007300
0.192000	10.201600
0.193000	10.201600
0.194000	7.784650
0.195000	-1.077660
0.196000	3.756330
0.197000	23.092300
0.198000	8.590310
0.199000	3.756330
0.200000	3.756330
0.201000	11.007300
0.202000	19.869600
0.203000	26.314899
0.204000	20.675301
0.205000	16.646999
0.206000	6.173320
0.207000	3.756330
0.208000	2.950660
0.209000	2.950660
0.210000	7.784650
0.211000	5.367660
0.212000	-0.271993
0.213000	0.533673
0.214000	11.813000
0.215000	11.007300
0.216000	13.424300
0.217000	15.841300
0.218000	13.424300
0.219000	9.395980
0.220000	15.841300
0.221000	14.230000
0.222000	12.618600
0.223000	6.978980
0.224000	2.950660
0.225000	2.950660
0.226000	3.756330
0.227000	7.784650
0.228000	11.813000
0.229000	9.395980
0.230000	11.007300
0.231000	10.201600
0.232000	6.978980
0.233000	8.590310
0.234000	6.978980
0.235000	5.367660
0.236000	6.173320
0.237000	6.173320
0.238000	6.173320
0.239000	6.173320
0.240000	4.561990
0.241000	8.590310
0.242000	10.201600
0.243000	10.201600
0.244000	10.201600
0.245000	6.978980
0.246000	6.173320
0.247000	3.756330
0.248000	5.367660
0.249000	5.367660
0.250000	4.561990
0.251000	6.173320
0.252000	6.173320
0.253000	6.978980
0.254000	6.978980
0.255000	6.978980
0.256000	8.590310
0.257000	9.395980
0.258000	10.201600
0.259000	10.201600
0.260000	8.590310
0.261000	9.395980
0.262000	7.784650
0.263000	8.590310
0.264000	8.590310
0.265000	7.784650
0.266000	6.978980
0.267000	7.784650
0.268000	7.784650
0.269000	8.590310
0.270000	8.590310
0.271000	9.395980
0.272000	9.395980
0.273000	8.590310
0.274000	8.590310
0.275000	8.590310
0.276000	7.784650
0.277000	9.395980
0.278000	8.590310
0.279000	8.590310
0.280000	7.784650
0.281000	7.784650
0.282000	6.978980
0.283000	6.978980
0.284000	1.339340
0.285000	5.367660
0.286000	12.618600
0.287000	10.201600
0.288000	9.395980
0.289000	7.784650
0.290000	5.367660
0.291000	2.950660
0.292000	3.756330
0.293000	5.367660
0.294000	9.395980
0.295000	10.201600
0.296000	7.784650
0.297000	6.978980
0.298000	6.173320
0.299000	5.367660
0.300000	6.173320
0.301000	5.367660
0.302000	5.367660
0.303000	6.173320
0.304000	6.173320
0.305000	3.756330
0.306000	6.978980
0.307000	7.784650
0.308000	6.978980
0.309000	6.978980
0.310000	-13.162600
0.311000	9.395980
0.312000	35.177200
0.313000	31.954599
0.314000	27.120600
0.315000	11.813000
0.316000	-0.271993
0.317000	-2.688980
0.318000	-5.105980
0.319000	4.561990
0.320000	15.841300
0.321000	16.646999
0.322000	22.286600
0.323000	15.035600
0.324000	9.395980
0.325000	6.978980
0.326000	5.367660
0.327000	10.201600
0.328000	11.007300
0.329000	9.395980
0.330000	6.978980
0.331000	0.533673
0.332000	0.533673
0.333000	2.145000
0.334000	4.561990
0.335000	11.813000
0.336000	13.424300
0.337000	12.618600
0.338000	7.784650
0.339000	0.533673
0.340000	0.533673
0.341000	-9.134300
0.342000	-9.939960
0.343000	-2.688980
0.344000	2.950660
0.345000	11.813000
0.346000	14.230000
0.347000	11.813000
0.348000	4.561990
0.349000	-5.105980
0.350000	-9.134300
0.351000	-11.551300
0.352000	-9.134300
0.353000	-0.271993
0.354000	8.590310
