0.000000	0.000000
-1.962000	-0.050391
-1.930000	-0.007716
-2.048000	1.229880
-2.511000	0.419042
-3.178000	-1.074610
-4.294000	-0.263770
-5.404000	-2.013480
-6.504000	-2.696290
-7.618000	-4.104590
-8.657000	-5.342190
-9.550000	-6.622460
-10.406000	-7.433300
-11.122000	-7.902740
-11.863000	-8.329490
-12.703000	-9.012310
-13.523000	-10.164600
-14.335000	-11.231400
-15.127000	-11.999600
-15.893000	-12.682400
-16.726999	-12.639700
-17.514000	-12.554400
-18.378000	-13.962700
-18.992001	-14.474800
-19.905001	-15.499000
-20.629000	-15.755100
-21.343000	-14.005400
-22.167999	-16.395201
-22.044001	-15.114900
-23.600000	-16.224501
-24.618999	-15.840400
-25.188999	-16.651300
-26.020000	-17.376801
-26.823000	-17.291401
-27.466999	-17.675501
-28.046000	-18.016899
-28.576000	-18.528999
-29.254000	-18.315599
-29.822001	-18.571699
-30.591999	-19.169100
-31.299000	-14.474800
-32.126999	-13.322600
-33.469002	-12.170300
-34.986000	-11.572900
-36.590000	-12.042300
