0.000000	-0.145664
0.001000	-0.145664
0.002000	0.660000
0.003000	-0.145664
0.004000	0.660000
0.005000	-0.145664
0.006000	0.660000
0.007000	0.660000
0.008000	-0.145664
0.009000	-0.145664
0.010000	-0.145664
0.011000	-0.145664
0.012000	-0.951327
0.013000	-1.756990
0.014000	-1.756990
0.015000	-3.368320
0.016000	-4.173980
0.017000	-5.785310
0.018000	-6.590980
0.019000	-7.396640
0.020000	-7.396640
0.021000	-6.590980
0.022000	-7.396640
0.023000	-6.590980
0.024000	-5.785310
0.025000	-4.173980
0.026000	-4.979650
0.027000	-3.368320
0.028000	-4.173980
0.029000	-3.368320
0.030000	-4.173980
0.031000	-5.785310
0.032000	-6.590980
0.033000	-7.396640
0.034000	-7.396640
0.035000	-7.396640
0.036000	-7.396640
0.037000	-4.979650
0.038000	-4.173980
0.039000	-2.562660
0.040000	-2.562660
0.041000	-2.562660
0.042000	-0.951327
0.043000	-0.951327
0.044000	-0.951327
0.045000	-0.951327
0.046000	-0.951327
0.047000	-0.145664
0.048000	-0.145664
0.049000	1.465660
0.050000	0.660000
0.051000	2.271330
0.052000	2.271330
0.053000	2.271330
0.054000	0.660000
0.055000	1.465660
0.056000	0.660000
0.057000	-0.145664
0.058000	-0.951327
0.059000	-0.951327
0.060000	-0.145664
0.061000	-0.145664
0.062000	1.465660
0.063000	1.465660
0.064000	0.660000
0.065000	0.660000
0.066000	1.465660
0.067000	2.271330
0.068000	2.271330
0.069000	2.271330
0.070000	2.271330
0.071000	2.271330
0.072000	1.465660
0.073000	1.465660
0.074000	0.660000
0.075000	-0.145664
0.076000	-0.951327
0.077000	-3.368320
0.078000	-4.173980
0.079000	-4.979650
0.080000	-6.590980
0.081000	-8.202310
0.082000	-6.590980
0.083000	-5.785310
0.084000	-5.785310
0.085000	-4.173980
0.086000	-2.562660
0.087000	2.271330
0.088000	3.076990
0.089000	5.493980
0.090000	9.522310
0.091000	7.910980
0.092000	7.105310
0.093000	5.493980
0.094000	3.076990
0.095000	1.465660
0.096000	-0.145664
0.097000	-1.756990
0.098000	-2.562660
0.099000	-4.173980
0.100000	-4.979650
0.101000	-4.979650
0.102000	-4.173980
0.103000	-4.979650
0.104000	-4.979650
0.105000	-4.173980
0.106000	-3.368320
0.107000	-2.562660
0.108000	-3.368320
0.109000	-2.562660
0.110000	-2.562660
0.111000	-2.562660
0.112000	-2.562660
0.113000	-2.562660
0.114000	-2.562660
0.115000	-3.368320
0.116000	-4.173980
0.117000	-4.173980
0.118000	-6.590980
0.119000	-11.425000
0.120000	-17.870300
0.121000	-29.149599
0.122000	-37.206200
0.123000	-42.040199
0.124000	-43.651501
0.125000	-41.234501
0.126000	-38.011902
0.127000	-35.594898
0.128000	-33.983601
0.129000	-38.817501
0.130000	-29.149599
0.131000	-9.007970
0.132000	-0.951327
0.133000	-3.368320
0.134000	-13.842000
0.135000	-9.007970
0.136000	-4.979650
0.137000	-0.951327
0.138000	4.688320
0.139000	14.356300
0.140000	23.218599
0.141000	29.663900
0.142000	28.052601
0.143000	29.663900
0.144000	44.971500
0.145000	56.250801
0.146000	57.862099
0.147000	50.611198
0.148000	40.943199
0.149000	31.275200
0.150000	11.939300
0.151000	1.465660
0.152000	-7.396640
0.153000	-17.870300
0.154000	-26.732599
0.155000	-26.732599
0.156000	-28.343901
0.157000	-23.509899
0.158000	-13.842000
0.159000	-8.202310
0.160000	2.271330
0.161000	11.133600
0.162000	18.384600
0.163000	24.829901
0.164000	26.441200
0.165000	25.635599
0.166000	20.801600
0.167000	14.356300
0.168000	5.493980
0.169000	-1.756990
0.170000	-6.590980
0.171000	-13.842000
0.172000	-16.258900
0.173000	-16.258900
0.174000	-15.453300
0.175000	-11.425000
0.176000	-5.785310
0.177000	-0.951327
0.178000	4.688320
0.179000	8.716640
0.180000	9.522310
0.181000	7.910980
0.182000	4.688320
0.183000	-1.756990
0.184000	-4.979650
0.185000	-8.202310
0.186000	-12.230600
0.187000	-13.842000
0.188000	-15.453300
0.189000	-16.258900
0.190000	-17.064600
0.191000	-13.842000
0.192000	-10.619300
0.193000	-7.396640
0.194000	-3.368320
0.195000	-0.951327
0.196000	-0.145664
0.197000	2.271330
0.198000	1.465660
0.199000	0.660000
0.200000	0.660000
0.201000	-1.756990
0.202000	-4.173980
0.203000	-6.590980
0.204000	-6.590980
0.205000	-9.007970
0.206000	-10.619300
0.207000	-10.619300
0.208000	-9.007970
0.209000	-8.202310
0.210000	-6.590980
0.211000	-3.368320
0.212000	-3.368320
0.213000	-1.756990
0.214000	-0.951327
0.215000	-0.951327
0.216000	-2.562660
0.217000	-2.562660
0.218000	-2.562660
0.219000	-3.368320
0.220000	-4.173980
0.221000	-7.396640
0.222000	-7.396640
0.223000	-8.202310
0.224000	-7.396640
0.225000	-6.590980
0.226000	-4.979650
0.227000	-4.173980
0.228000	-4.173980
0.229000	-3.368320
0.230000	-3.368320
0.231000	-4.979650
0.232000	-3.368320
0.233000	10.328000
0.234000	19.190300
0.235000	-4.173980
0.236000	-6.590980
0.237000	-2.562660
0.238000	-10.619300
0.239000	-10.619300
0.240000	-14.647600
0.241000	-32.372200
0.242000	-28.343901
0.243000	-12.230600
0.244000	-11.425000
0.245000	-4.979650
0.246000	6.299650
0.247000	-0.145664
0.248000	-0.951327
0.249000	-1.756990
0.250000	-6.590980
0.251000	-7.396640
0.252000	1.465660
0.253000	-1.756990
0.254000	-4.979650
0.255000	-1.756990
0.256000	-9.813630
0.257000	-13.842000
0.258000	-6.590980
0.259000	-7.396640
0.260000	-0.951327
0.261000	3.076990
0.262000	7.910980
0.263000	10.328000
0.264000	1.465660
0.265000	-0.145664
