0.000000	0.232907
0.001000	0.190232
0.002000	0.190232
0.003000	0.232907
0.004000	0.190232
0.005000	0.190232
0.006000	0.190232
0.007000	0.190232
0.008000	0.190232
0.009000	0.232907
0.010000	0.147556
0.011000	0.147556
0.012000	0.147556
0.013000	0.019529
0.014000	-0.023147
0.015000	-0.065823
0.016000	-0.236526
0.017000	-0.279202
0.018000	-0.321878
0.019000	-0.407229
0.020000	-0.321878
0.021000	-0.279202
0.022000	-0.321878
0.023000	-0.108499
0.024000	-0.065823
0.025000	-0.023147
0.026000	0.104880
0.027000	0.190232
0.028000	0.147556
0.029000	0.104880
0.030000	0.104880
0.031000	0.019529
0.032000	-0.023147
0.033000	-0.023147
0.034000	-0.023147
0.035000	0.019529
0.036000	0.062204
0.037000	0.232907
0.038000	0.360935
0.039000	0.531638
0.040000	0.616989
0.041000	0.702341
0.042000	0.787693
0.043000	0.873044
0.044000	0.958396
0.045000	1.001070
0.046000	1.086420
0.047000	1.214450
0.048000	1.385150
0.049000	1.470510
0.050000	1.598530
0.051000	1.683880
0.052000	1.769240
0.053000	1.854590
0.054000	1.982610
0.055000	2.067970
0.056000	2.153320
0.057000	2.281340
0.058000	2.366700
0.059000	2.580080
0.060000	2.750780
0.061000	2.964160
0.062000	3.177540
0.063000	3.433590
0.064000	3.646970
0.065000	3.903020
0.066000	4.116400
0.067000	4.372460
0.068000	4.628510
0.069000	4.841890
0.070000	5.055270
0.071000	5.225970
0.072000	5.396680
0.073000	5.482030
0.074000	5.652730
0.075000	5.652730
0.076000	5.695410
0.077000	5.823430
0.078000	5.823430
0.079000	5.994140
0.080000	6.164840
0.081000	6.292870
0.082000	6.591600
0.083000	6.933000
0.084000	7.189060
0.085000	7.615820
0.086000	8.127930
0.087000	8.383980
0.088000	8.896090
0.089000	9.280170
0.090000	9.450880
0.091000	9.706930
0.092000	9.834960
0.093000	9.749610
0.094000	9.834960
0.095000	9.834960
0.096000	9.706930
0.097000	9.834960
0.098000	9.834960
0.099000	9.834960
0.100000	10.005700
0.101000	10.176400
0.102000	10.261700
0.103000	10.475100
0.104000	10.645800
0.105000	10.773800
0.106000	10.901900
0.107000	11.072600
0.108000	11.200600
0.109000	11.328600
0.110000	11.542000
0.111000	11.670000
0.112000	11.840700
0.113000	11.968700
0.114000	12.054100
0.115000	12.139500
0.116000	12.224800
0.117000	12.139500
0.118000	12.011400
0.119000	11.670000
0.120000	11.115200
0.121000	10.432400
0.122000	9.664260
0.123000	9.237500
0.124000	9.066790
0.125000	9.152150
0.126000	9.578900
0.127000	9.664260
0.128000	9.365520
0.129000	10.176400
0.130000	11.115200
0.131000	11.755400
0.132000	12.523500
0.133000	12.822300
0.134000	12.864900
0.135000	12.438200
0.136000	12.480900
0.137000	12.950300
0.138000	13.974500
0.139000	14.913400
0.140000	15.724200
0.141000	16.193600
0.142000	17.004499
0.143000	17.900700
0.144000	18.540800
0.145000	19.095600
0.146000	19.735701
0.147000	19.863800
0.148000	19.223600
0.149000	18.071400
0.150000	17.345900
0.151000	15.937600
0.152000	14.486600
0.153000	13.974500
0.154000	13.505100
0.155000	13.163700
0.156000	13.505100
0.157000	14.059900
0.158000	14.828000
0.159000	16.193600
0.160000	17.004499
0.161000	17.858000
0.162000	18.882200
0.163000	19.479700
0.164000	19.607700
0.165000	19.607700
0.166000	19.351700
0.167000	18.711500
0.168000	18.156700
0.169000	17.388599
0.170000	16.620399
0.171000	16.278999
0.172000	16.065599
0.173000	16.022900
0.174000	16.321699
0.175000	16.791100
0.176000	17.260500
0.177000	17.986000
0.178000	18.412800
0.179000	18.711500
0.180000	19.010300
0.181000	18.839500
0.182000	18.711500
0.183000	18.498100
0.184000	18.028700
0.185000	17.730000
0.186000	17.516600
0.187000	17.217899
0.188000	17.175200
0.189000	17.260500
0.190000	17.303200
0.191000	17.644600
0.192000	18.156700
0.193000	18.455500
0.194000	18.839500
0.195000	19.309000
0.196000	19.522400
0.197000	19.735701
0.198000	19.906401
0.199000	19.821100
0.200000	19.778400
0.201000	19.650400
0.202000	19.522400
0.203000	19.351700
0.204000	19.181000
0.205000	19.095600
0.206000	19.095600
0.207000	19.181000
0.208000	19.181000
0.209000	19.437000
0.210000	19.650400
0.211000	19.821100
0.212000	20.034500
0.213000	20.205200
0.214000	20.333200
0.215000	20.418600
0.216000	20.418600
0.217000	20.333200
0.218000	20.247801
0.219000	20.205200
0.220000	20.119801
0.221000	20.077101
0.222000	19.991800
0.223000	19.991800
0.224000	20.034500
0.225000	20.162500
0.226000	20.290501
0.227000	20.418600
0.228000	20.461201
0.229000	20.546600
0.230000	20.631901
0.231000	20.631901
0.232000	20.589300
0.233000	20.290501
0.234000	17.559299
0.235000	19.223600
0.236000	18.583500
0.237000	16.748400
0.238000	17.772699
0.239000	16.407000
0.240000	15.553500
0.241000	16.577700
0.242000	16.108299
0.243000	15.809600
0.244000	16.449699
0.245000	17.089800
0.246000	16.620399
0.247000	17.644600
0.248000	17.559299
0.249000	16.919100
0.250000	17.858000
0.251000	18.156700
0.252000	17.217899
0.253000	17.858000
0.254000	18.071400
0.255000	16.961800
0.256000	17.559299
0.257000	17.858000
0.258000	17.388599
0.259000	18.156700
0.260000	18.284800
0.261000	18.498100
0.262000	18.412800
0.263000	17.345900
0.264000	18.071400
0.265000	17.345900
