0.000000	2.416990
0.002000	2.416990
0.004000	3.222660
0.006000	3.222660
0.008000	3.222660
0.010000	2.416990
0.012000	2.416990
0.014000	6.445310
0.016000	10.473630
0.018000	12.084960
0.020000	16.918940
0.022000	4.028320
0.024000	-4.833980
0.026000	4.028320
0.028000	7.250980
0.030000	5.639650
0.032000	4.833980
0.034000	-1.611330
0.036000	-4.028320
0.038000	8.862310
0.040000	14.501950
0.042000	10.473630
0.044000	4.028320
0.046000	-1.611330
0.048000	-4.028320
0.050000	1.611330
0.052000	4.028320
0.054000	1.611330
0.056000	-2.416990
0.058000	-4.028320
0.060000	-4.833980
0.062000	-1.611330
0.064000	2.416990
0.066000	9.667970
0.068000	24.975590
0.070000	14.501950
0.072000	-12.084960
0.074000	-15.307620
0.076000	0.805660
0.078000	9.667970
0.080000	10.473630
0.082000	8.862310
0.084000	3.222660
0.086000	1.611330
0.088000	2.416990
0.090000	4.028320
0.092000	8.056640
0.094000	7.250980
0.096000	6.445310
0.098000	1.611330
0.100000	0.805660
0.102000	2.416990
0.104000	2.416990
0.106000	4.833980
0.108000	4.833980
0.110000	5.639650
0.112000	5.639650
0.114000	4.028320
0.116000	4.028320
0.118000	4.833980
0.120000	4.833980
0.122000	5.639650
0.124000	5.639650
0.126000	6.445310
0.128000	5.639650
0.130000	3.222660
0.132000	7.250980
0.134000	8.056640
0.136000	11.279300
0.138000	8.056640
0.140000	8.056640
0.142000	4.028320
0.144000	4.028320
0.146000	6.445310
0.148000	6.445310
0.150000	7.250980
0.152000	8.862310
0.154000	8.056640
0.156000	1.611330
0.158000	11.279300
0.160000	5.639650
0.162000	0.000000
0.164000	7.250980
0.166000	8.862310
0.168000	11.279300
0.170000	6.445310
0.172000	11.279300
0.174000	4.028320
0.176000	4.833980
0.178000	7.250980
0.180000	8.056640
0.182000	8.862310
0.184000	8.056640
0.186000	8.862310
0.188000	5.639650
0.190000	6.445310
0.192000	7.250980
0.194000	5.639650
0.196000	6.445310
0.198000	-4.833980
0.200000	-5.639650
0.202000	69.287109
0.204000	-10.473630
0.206000	-6.445310
0.208000	-34.643559
0.210000	15.307620
0.212000	35.449219
0.214000	25.781250
0.216000	23.364260
0.218000	1.611330
