0.000000	7.890630
0.002000	5.917970
0.004000	7.890630
0.006000	6.904300
0.008000	5.917970
0.010000	5.917970
0.012000	5.917970
0.014000	3.945310
0.016000	6.904300
0.018000	4.931640
0.020000	5.917970
0.022000	8.876950
0.024000	8.876950
0.026000	9.863280
0.028000	8.876950
0.030000	7.890630
0.032000	8.876950
0.034000	6.904300
0.036000	4.931640
0.038000	6.904300
0.040000	7.890630
0.042000	5.917970
0.044000	9.863280
0.046000	9.863280
0.048000	10.849610
0.050000	12.822270
0.052000	6.904300
0.054000	7.890630
0.056000	8.876950
0.058000	6.904300
0.060000	6.904300
0.062000	4.931640
0.064000	8.876950
0.066000	5.917970
0.068000	6.904300
0.070000	16.767580
0.072000	15.781250
0.074000	4.931640
0.076000	4.931640
0.078000	6.904300
0.080000	1.972660
0.082000	8.876950
0.084000	15.781250
0.086000	14.794920
0.088000	11.835940
0.090000	7.890630
0.092000	9.863280
0.094000	10.849610
0.096000	10.849610
0.098000	9.863280
0.100000	10.849610
0.102000	8.876950
0.104000	7.890630
0.106000	8.876950
0.108000	15.781250
0.110000	15.781250
0.112000	11.835940
0.114000	9.863280
0.116000	11.835940
0.118000	9.863280
0.120000	8.876950
0.122000	11.835940
0.124000	13.808590
0.126000	11.835940
0.128000	12.822270
0.130000	11.835940
0.132000	10.849610
0.134000	10.849610
0.136000	11.835940
0.138000	11.835940
0.140000	12.822270
0.142000	12.822270
0.144000	10.849610
0.146000	13.808590
0.148000	11.835940
0.150000	12.822270
0.152000	11.835940
0.154000	11.835940
0.156000	20.712891
0.158000	2.958980
0.160000	3.945310
0.162000	16.767580
0.164000	11.835940
0.166000	11.835940
0.168000	16.767580
0.170000	16.767580
0.172000	10.849610
0.174000	9.863280
0.176000	8.876950
0.178000	9.863280
0.180000	13.808590
0.182000	12.822270
0.184000	9.863280
0.186000	13.808590
0.188000	13.808590
0.190000	9.863280
0.192000	8.876950
0.194000	12.822270
0.196000	11.835940
0.198000	36.494141
0.200000	14.794920
0.202000	-15.781250
0.204000	-104.550781
0.206000	-33.535160
0.208000	32.548828
0.210000	4.931640
0.212000	-52.275391
0.214000	-43.398441
0.216000	-3.945310
0.218000	34.521481
