0.000000	0.000000
-2.145000	-0.155272
-2.103000	-0.112596
-2.081000	0.612892
-2.347000	-2.161030
-2.865000	-0.923436
-3.582000	-4.977630
-4.238000	-6.770020
-4.810000	-8.861130
-5.321000	-7.580860
-5.653000	-11.464400
-5.639000	-12.061800
-6.438000	-13.640800
-6.837000	-14.665000
-7.187000	-16.243999
-7.560000	-17.438999
-7.816000	-18.335199
-8.111000	-19.700800
-8.475000	-20.767700
-8.791000	-22.176001
-9.187000	-22.901501
-9.390000	-24.096399
-9.665000	-25.035299
-9.933000	-25.974100
-10.229000	-26.913000
-10.502000	-27.467800
-10.794000	-28.492001
-11.028000	-29.260201
-11.360000	-30.327000
-11.643000	-30.839199
-11.920000	-31.223200
-12.231000	-32.460800
-12.549000	-33.783798
-12.921000	-34.637299
-13.171000	-35.704201
-13.434000	-36.131001
-13.746000	-37.197800
-13.728000	-37.880699
-14.317000	-38.734200
-14.669000	-39.544998
-14.936000	-40.611900
-15.241000	-41.508099
-15.457000	-27.254400
-16.084000	-39.758400
