0.000000	72.205498
0.001000	13.929200
0.002000	-33.067902
0.003000	-76.305199
0.004000	-106.383003
0.005000	-127.061996
0.006000	-87.584503
0.007000	-63.146000
0.008000	-48.106998
0.009000	-33.067902
0.010000	21.448700
0.011000	68.445801
0.012000	107.922997
0.013000	115.443001
0.014000	104.164001
0.015000	87.244598
0.016000	79.725098
0.017000	66.565903
0.018000	0.770000
0.019000	-42.467300
0.020000	-87.584503
0.021000	-113.903000
0.022000	-112.023003
0.023000	-74.425301
0.024000	-63.146000
0.025000	-49.986801
0.026000	-12.389200
0.027000	34.607899
0.028000	77.845200
0.029000	113.563004
0.030000	130.481995
0.031000	96.643997
0.032000	83.484802
0.033000	72.205498
0.034000	44.007301
0.035000	-18.028799
0.036000	-57.506401
0.037000	-89.464401
0.038000	-112.023003
0.039000	-85.704597
0.040000	-63.146000
0.041000	-48.106998
0.042000	-53.746601
0.043000	21.448700
0.044000	59.046398
0.045000	94.764099
0.046000	122.961998
0.047000	119.203003
0.048000	91.004402
0.049000	74.085403
0.050000	66.565903
0.051000	19.568800
0.052000	-34.947800
0.053000	-76.305199
0.054000	-110.142998
0.055000	-121.421997
0.056000	-93.224098
0.057000	-70.665497
0.058000	-59.386299
0.059000	-34.947800
0.060000	13.929200
0.061000	60.926300
0.062000	98.523903
0.063000	113.563004
0.064000	98.523903
0.065000	85.364700
0.066000	74.085403
0.067000	62.806099
0.068000	-2.989760
0.069000	-51.866699
0.070000	-93.224098
0.071000	-121.421997
0.072000	-117.663002
0.073000	-80.065002
0.074000	-68.785698
0.075000	-53.746601
0.076000	-12.389200
0.077000	36.487801
0.078000	83.484802
0.079000	111.682999
0.080000	128.602005
0.081000	92.884300
0.082000	85.364700
0.083000	66.565903
0.084000	34.607899
0.085000	-25.548401
0.086000	-59.386299
0.087000	-102.624001
0.088000	-121.421997
0.089000	-96.983902
0.090000	-65.025902
0.091000	-57.506401
0.092000	-65.025902
0.093000	10.169400
0.094000	59.046398
0.095000	87.244598
0.096000	121.083000
0.097000	113.563004
0.098000	94.764099
0.099000	74.085403
0.100000	66.565903
0.101000	13.929200
0.102000	-29.308100
0.103000	-78.185097
0.104000	-110.142998
0.105000	-123.302002
0.106000	-87.584503
0.107000	-65.025902
0.108000	-53.746601
0.109000	-31.188000
0.110000	21.448700
0.111000	68.445801
0.112000	104.164001
0.113000	119.203003
0.114000	100.403999
0.115000	85.364700
0.116000	74.085403
0.117000	62.806099
0.118000	-6.749530
0.119000	-49.986801
0.120000	-93.224098
0.121000	-112.023003
0.122000	-115.782997
0.123000	-74.425301
0.124000	-61.266102
0.125000	-42.467300
0.126000	-8.629410
0.127000	38.367699
0.128000	81.605003
0.129000	121.083000
0.130000	128.602005
0.131000	94.764099
0.132000	83.484802
0.133000	74.085403
0.134000	34.607899
0.135000	-25.548401
0.136000	-63.146000
0.137000	-95.103996
0.138000	-121.421997
0.139000	-95.103996
0.140000	-68.785698
0.141000	-49.986801
0.142000	-63.146000
0.143000	12.049300
0.144000	57.166500
0.145000	91.004402
0.146000	121.083000
0.147000	115.443001
0.148000	92.884300
0.149000	74.085403
0.150000	66.565903
0.151000	12.049300
0.152000	-33.067902
0.153000	-78.185097
0.154000	-110.142998
0.155000	-123.302002
0.156000	-85.704597
0.157000	-65.025902
0.158000	-51.866699
0.159000	-27.428200
0.160000	25.208500
0.161000	72.205498
0.162000	107.922997
0.163000	121.083000
0.164000	109.803001
0.165000	85.364700
0.166000	74.085403
0.167000	64.685997
0.168000	-1.109880
0.169000	-51.866699
0.170000	-93.224098
0.171000	-115.782997
0.172000	-106.383003
0.173000	-74.425301
0.174000	-59.386299
0.175000	-48.106998
0.176000	-1.109880
0.177000	40.247501
0.178000	83.484802
0.179000	115.443001
0.180000	134.242004
0.181000	92.884300
0.182000	81.605003
0.183000	70.325699
0.184000	40.247501
0.185000	-25.548401
0.186000	-65.025902
0.187000	-100.744003
0.188000	-121.421997
0.189000	-93.224098
0.190000	-66.905800
0.191000	-53.746601
0.192000	-59.386299
0.193000	13.929200
0.194000	59.046398
0.195000	94.764099
0.196000	122.961998
0.197000	115.443001
0.198000	94.764099
0.199000	75.965302
0.200000	66.565903
0.201000	13.929200
0.202000	-33.067902
0.203000	-68.785698
0.204000	-110.142998
0.205000	-121.421997
0.206000	-83.824699
0.207000	-55.626499
0.208000	-49.986801
0.209000	-25.548401
0.210000	28.968201
0.211000	77.845200
0.212000	106.042999
0.213000	121.083000
0.214000	106.042999
0.215000	92.884300
0.216000	74.085403
0.217000	60.926300
0.218000	-6.749530
0.219000	-46.227100
0.220000	-95.103996
0.221000	-113.903000
0.222000	-110.142998
0.223000	-66.905800
0.224000	-61.266102
0.225000	-46.227100
0.226000	-4.869650
0.227000	47.767101
0.228000	81.605003
0.229000	117.322998
0.230000	128.602005
0.231000	91.004402
0.232000	83.484802
0.233000	72.205498
0.234000	36.487801
0.235000	-25.548401
0.236000	-63.146000
0.237000	-100.744003
0.238000	-119.542999
0.239000	-93.224098
0.240000	-66.905800
0.241000	-51.866699
0.242000	-57.506401
0.243000	13.929200
0.244000	59.046398
0.245000	92.884300
0.246000	126.722000
0.247000	111.682999
0.248000	92.884300
0.249000	75.965302
0.250000	72.205498
0.251000	10.169400
0.252000	-34.947800
0.253000	-76.305199
0.254000	-104.502998
0.255000	-123.302002
0.256000	-83.824699
0.257000	-61.266102
0.258000	-44.347198
0.259000	-25.548401
0.260000	27.088400
0.261000	72.205498
0.262000	109.803001
0.263000	119.203003
0.264000	100.403999
0.265000	85.364700
0.266000	77.845200
0.267000	42.127399
0.268000	-8.629410
0.269000	-53.746601
0.270000	-95.103996
0.271000	-115.782997
0.272000	-110.142998
0.273000	-72.545403
0.274000	-63.146000
0.275000	-48.106998
0.276000	-4.869650
0.277000	42.127399
0.278000	81.605003
0.279000	117.322998
0.280000	126.722000
0.281000	92.884300
0.282000	77.845200
0.283000	68.445801
0.284000	32.728001
0.285000	-27.428200
0.286000	-66.905800
0.287000	-104.502998
0.288000	-123.302002
0.289000	-89.464401
0.290000	-68.785698
0.291000	-53.746601
0.292000	-57.506401
0.293000	19.568800
0.294000	57.166500
0.295000	91.004402
0.296000	117.322998
0.297000	113.563004
0.298000	87.244598
0.299000	72.205498
0.300000	64.685997
0.301000	12.049300
0.302000	-38.707500
0.303000	-78.185097
0.304000	-112.023003
0.305000	-119.542999
0.306000	-87.584503
0.307000	-65.025902
0.308000	-51.866699
0.309000	-23.668501
0.310000	25.208500
0.311000	68.445801
0.312000	106.042999
0.313000	117.322998
0.314000	98.523903
0.315000	83.484802
0.316000	72.205498
0.317000	45.887199
0.318000	-10.509300
0.319000	-55.626499
0.320000	-95.103996
0.321000	-117.663002
0.322000	-115.782997
0.323000	-74.425301
0.324000	-70.665497
0.325000	-57.506401
0.326000	-10.509300
0.327000	40.247501
0.328000	87.244598
0.329000	121.083000
0.330000	138.001007
0.331000	109.803001
0.332000	102.283997
0.333000	85.364700
0.334000	44.007301
0.335000	-14.269100
0.336000	-59.386299
