0.000000	0.020557
0.001000	0.020557
0.002000	0.000000
0.003000	-0.020557
0.004000	-0.041113
0.005000	0.000000
0.006000	0.000000
0.007000	-0.041113
0.008000	-0.041113
0.009000	-0.020557
0.010000	-0.020557
0.011000	0.041113
0.012000	0.000000
0.013000	-0.205566
0.014000	-0.123340
0.015000	0.020557
0.016000	0.020557
0.017000	0.082227
0.018000	0.123340
0.019000	0.164453
0.020000	0.226123
0.021000	0.123340
0.022000	0.020557
0.023000	0.000000
0.024000	-0.123340
0.025000	-0.328906
0.026000	-0.513916
0.027000	-0.698926
0.028000	-0.801709
0.029000	-0.781152
0.030000	-0.740039
0.031000	-0.657813
0.032000	-0.637256
0.033000	-0.575586
0.034000	-0.472803
0.035000	-0.287793
0.036000	-0.246680
0.037000	-0.349463
0.038000	-0.472803
0.039000	-0.678369
0.040000	-0.925049
0.041000	-1.171730
0.042000	-1.336180
0.043000	-1.397850
0.044000	-1.356740
0.045000	-1.274510
0.046000	-1.171730
0.047000	-1.192290
0.048000	-1.151170
0.049000	-1.048390
0.050000	-0.883936
0.051000	-0.740039
0.052000	-0.801709
0.053000	-0.842822
0.054000	-0.801709
0.055000	-0.760596
0.056000	-0.472803
0.057000	-0.349463
0.058000	-0.185010
0.059000	0.000000
0.060000	0.000000
0.061000	0.000000
0.062000	-0.123340
0.063000	-0.534473
0.064000	-1.151170
0.065000	-1.665090
0.066000	-1.706200
0.067000	-1.295070
0.068000	-0.801709
0.069000	-0.555029
0.070000	-0.226123
0.071000	-0.370020
0.072000	-0.678369
0.073000	-0.719482
0.074000	-0.698926
0.075000	-0.698926
0.076000	-1.130620
0.077000	-1.665090
0.078000	-2.117330
0.079000	-2.055660
0.080000	-1.541750
0.081000	-1.171730
0.082000	-1.027830
0.083000	-1.438960
0.084000	-1.952880
0.085000	-2.179000
0.086000	-1.891210
0.087000	-1.480080
0.088000	-1.336180
0.089000	-1.253960
0.090000	-1.212840
0.091000	-1.212840
0.092000	-1.110060
0.093000	-1.007280
0.094000	-1.007280
0.095000	-1.171730
0.096000	-1.192290
0.097000	-1.521190
0.098000	-1.808980
0.099000	-1.808980
0.100000	-1.726760
0.101000	-1.582860
0.102000	-1.336180
0.103000	-1.459520
0.104000	-1.747310
0.105000	-1.829540
0.106000	-1.870650
0.107000	-1.870650
0.108000	-1.829540
0.109000	-1.911770
0.110000	-2.076220
0.111000	-2.220120
0.112000	-2.261230
0.113000	-2.384570
0.114000	-2.569580
0.115000	-2.713480
0.116000	-2.816260
0.117000	-2.754590
0.118000	-2.610690
0.119000	-2.507910
0.120000	-2.446240
0.121000	-2.425680
0.122000	-2.364010
0.123000	-2.281790
0.124000	-2.117330
0.125000	-2.035110
0.126000	-2.014550
0.127000	-2.014550
0.128000	-1.993990
0.129000	-2.014550
0.130000	-2.014550
0.131000	-2.076220
0.132000	-2.179000
0.133000	-2.220120
0.134000	-2.302340
0.135000	-2.343460
0.136000	-2.343460
0.137000	-2.343460
0.138000	-2.302340
0.139000	-2.343460
0.140000	-2.384570
0.141000	-2.446240
0.142000	-2.507910
0.143000	-2.549020
0.144000	-2.631250
0.145000	-2.713480
0.146000	-2.775150
0.147000	-2.857370
0.148000	-2.939600
0.149000	-3.083500
0.150000	-3.186280
0.151000	-3.289060
0.152000	-3.330180
0.153000	-3.289060
0.154000	-3.289060
0.155000	-3.289060
0.156000	-3.309620
0.157000	-3.371290
0.158000	-3.330180
0.159000	-3.330180
0.160000	-3.289060
0.161000	-3.289060
0.162000	-3.268510
0.163000	-3.289060
0.164000	-3.289060
0.165000	-3.289060
0.166000	-3.289060
0.167000	-3.330180
0.168000	-3.412400
0.169000	-3.474070
0.170000	-3.556300
0.171000	-3.617970
0.172000	-3.638530
0.173000	-3.659080
0.174000	-3.679640
0.175000	-3.720750
0.176000	-3.802980
0.177000	-3.864650
0.178000	-3.926320
0.179000	-3.946870
0.180000	-3.926320
0.181000	-3.946870
0.182000	-3.987990
0.183000	-4.029100
0.184000	-4.070210
0.185000	-4.090770
0.186000	-4.131880
0.187000	-4.131880
0.188000	-4.152440
0.189000	-4.193550
0.190000	-4.173000
0.191000	-4.152440
0.192000	-4.152440
0.193000	-4.131880
0.194000	-4.111330
0.195000	-4.111330
0.196000	-4.152440
0.197000	-4.152440
0.198000	-4.152440
0.199000	-4.152440
0.200000	-4.152440
0.201000	-4.193550
0.202000	-4.234670
0.203000	-4.358010
0.204000	-4.584130
0.205000	-4.686910
0.206000	-4.707470
0.207000	-4.769140
0.208000	-4.769140
0.209000	-4.769140
0.210000	-4.830810
0.211000	-4.892480
0.212000	-4.933590
0.213000	-4.954150
0.214000	-4.933590
0.215000	-5.015820
0.216000	-5.139160
0.217000	-5.159720
0.218000	-5.056930
0.219000	-5.118600
0.220000	-5.180270
0.221000	-5.139160
0.222000	-5.139160
0.223000	-5.139160
0.224000	-5.200830
0.225000	-5.221390
0.226000	-5.200830
0.227000	-5.098050
0.228000	-5.447510
0.229000	-5.406400
0.230000	-5.262500
0.231000	-5.550290
0.232000	-5.879200
0.233000	-5.591410
0.234000	-5.283060
0.235000	-5.262500
0.236000	-5.098050
0.237000	-4.892480
0.238000	-4.748580
0.239000	-4.769140
0.240000	-4.851370
0.241000	-4.933590
0.242000	-5.118600
0.243000	-5.488620
0.244000	-5.714750
0.245000	-5.714750
0.246000	-5.673630
0.247000	-5.550290
0.248000	-5.673630
0.249000	-5.591410
0.250000	-5.488620
0.251000	-5.385840
0.252000	-5.303610
0.253000	-5.344730
0.254000	-5.365280
0.255000	-5.447510
0.256000	-5.509180
0.257000	-5.529740
0.258000	-5.591410
0.259000	-5.632520
0.260000	-5.735300
0.261000	-6.002540
0.262000	-6.249220
0.263000	-6.310890
0.264000	-6.208110
0.265000	-6.084770
0.266000	-5.940870
0.267000	-5.838090
0.268000	-5.796970
0.269000	-5.796970
0.270000	-5.755860
0.271000	-5.714750
0.272000	-5.694190
0.273000	-5.735300
0.274000	-5.714750
0.275000	-5.673630
0.276000	-5.694190
0.277000	-5.735300
0.278000	-5.796970
0.279000	-5.879200
0.280000	-5.899760
0.281000	-5.940870
0.282000	-5.920310
0.283000	-5.879200
0.284000	-5.858640
0.285000	-5.838090
0.286000	-5.858640
0.287000	-5.796970
0.288000	-5.858640
0.289000	-5.961430
0.290000	-5.961430
0.291000	-6.043650
0.292000	-6.002540
0.293000	-6.002540
0.294000	-5.940870
0.295000	-5.858640
0.296000	-5.879200
0.297000	-5.858640
0.298000	-5.858640
0.299000	-5.858640
0.300000	-5.858640
0.301000	-5.858640
0.302000	-5.796970
0.303000	-5.735300
0.304000	-5.673630
0.305000	-5.632520
0.306000	-5.632520
0.307000	-5.653080
0.308000	-5.714750
0.309000	-5.755860
0.310000	-5.755860
0.311000	-5.714750
0.312000	-5.673630
0.313000	-5.632520
0.314000	-5.632520
0.315000	-5.632520
0.316000	-5.632520
0.317000	-5.714750
0.318000	-5.755860
0.319000	-5.755860
0.320000	-5.735300
0.321000	-5.817530
0.322000	-5.940870
0.323000	-7.441500
0.324000	-5.077490
0.325000	-1.110060
0.326000	-3.494630
0.327000	-5.776420
0.328000	-4.769140
0.329000	-4.029100
0.330000	-4.913040
0.331000	-6.125880
0.332000	-5.920310
0.333000	-3.864650
0.334000	-2.199560
0.335000	-1.130620
0.336000	-0.472803
