-18.500000	-0.817000
-18.500000	-0.754000
-18.500000	-0.880000
-18.500000	-0.817000
-18.500000	-0.880000
-18.500000	-0.942000
-18.500000	-0.880000
-18.500000	-0.691000
-18.500000	0.503000
-18.600000	3.080000
-19.000000	3.520000
-19.600000	-0.062800
-21.000000	-6.970000
-21.700001	-13.000000
-21.900000	-14.500000
-22.299999	-11.000000
-22.400000	-7.160000
-22.700001	-5.470000
-23.100000	-5.910000
-23.400000	-12.200000
-23.900000	-15.900000
-24.000000	-15.000000
-24.299999	-13.000000
-24.700001	-12.800000
-25.000000	-13.900000
-25.100000	-15.600000
-25.400000	-18.000000
-25.700001	-18.100000
-26.000000	-16.700001
-26.100000	-16.900000
-26.400000	-18.799999
-26.700001	-20.799999
-27.100000	-21.700001
-27.100000	-21.299999
-27.500000	-21.400000
-27.799999	-22.600000
-28.100000	-24.299999
-28.200001	-25.900000
-28.500000	-26.600000
-28.700001	-27.400000
-29.100000	-28.000000
-29.200001	-28.600000
-29.500000	-30.000000
-29.900000	-31.299999
-30.200001	-32.599998
-30.299999	-33.599998
-30.700001	-35.000000
-31.000000	-36.200001
-31.200001	-37.400002
-31.400000	-38.500000
-31.799999	-39.700001
-32.000000	-41.000000
-32.099998	-42.200001
-32.500000	-43.000000
-32.900002	-44.400002
-33.099998	-45.700001
-33.200001	-46.700001
-33.500000	-47.099998
-33.799999	-47.700001
-34.000000	-48.599998
-34.200001	-49.099998
-34.400002	-49.700001
-34.599998	-50.299999
-34.900002	-50.599998
-35.099998	-51.000000
-35.299999	-50.599998
-35.500000	-50.599998
-35.700001	-50.799999
-35.900002	-51.099998
-36.299999	-51.299999
-36.500000	-51.099998
-36.599998	-51.299999
-36.799999	-51.400002
-37.000000	-51.599998
-37.299999	-51.799999
-37.400002	-51.799999
-37.400002	-51.299999
-38.099998	-51.299999
-38.400002	-52.500000
-38.500000	-54.299999
-38.700001	-54.500000
-39.000000	-54.200001
-39.200001	-53.500000
-39.200001	-53.799999
-39.700001	-55.000000
-40.200001	-56.299999
-42.099998	-53.000000
-45.200001	-6.850000
-49.099998	15.500000
