-0.500000	-0.768289
-0.499000	-0.893999
-0.498000	-0.831080
-0.497000	-0.893999
-0.496000	-0.893999
-0.495000	-0.893999
-0.494000	-0.831080
-0.493000	-0.893999
-0.492000	-0.893999
-0.491000	-0.893999
-0.490000	-0.893999
-0.489000	-0.831080
-0.488000	-0.893999
-0.487000	-0.893999
-0.486000	-0.831080
-0.485000	-0.831080
-0.484000	-0.893999
-0.483000	-0.893999
-0.482000	-0.893999
-0.481000	-0.831080
-0.480000	-0.956790
-0.479000	-0.831080
-0.478000	-0.893999
-0.477000	-0.831080
-0.476000	-0.831080
-0.475000	-0.831080
-0.474000	-0.956790
-0.473000	-0.893999
-0.472000	-0.956790
-0.471000	-0.831080
-0.470000	-0.893999
-0.469000	-0.956790
-0.468000	-0.893999
-0.467000	-0.893999
-0.466000	-0.893999
-0.465000	-0.893999
-0.464000	-0.893999
-0.463000	-0.956790
-0.462000	-0.831080
-0.461000	-0.831080
-0.460000	-0.831080
-0.459000	-0.893999
-0.458000	-0.893999
-0.457000	-0.893999
-0.456000	-0.831080
-0.455000	-0.831080
-0.454000	-0.893999
-0.453000	-0.831080
-0.452000	-0.768289
-0.451000	-0.831080
-0.450000	-0.893999
-0.449000	-0.893999
-0.448000	-0.893999
-0.447000	-0.956790
-0.446000	-0.956790
-0.445000	-0.831080
-0.444000	-0.956790
-0.443000	-0.893999
-0.442000	-0.893999
-0.441000	-0.893999
-0.440000	-0.831080
-0.439000	-0.831080
-0.438000	-0.893999
-0.437000	-0.893999
-0.436000	-0.893999
-0.435000	-0.893999
-0.434000	-0.831080
-0.433000	-0.893999
-0.432000	-0.831080
-0.431000	-0.956790
-0.430000	-0.956790
-0.429000	-0.893999
-0.428000	-0.831080
-0.427000	-0.956790
-0.426000	-0.831080
-0.425000	-0.893999
-0.424000	-0.893999
-0.423000	-0.893999
-0.422000	-0.893999
-0.421000	-0.893999
-0.420000	-0.893999
-0.419000	-0.831080
-0.418000	-0.893999
-0.417000	-0.893999
-0.416000	-0.893999
-0.415000	-0.893999
-0.414000	-0.893999
-0.413000	-0.893999
-0.412000	-0.893999
-0.411000	-0.956790
-0.410000	-0.831080
-0.409000	-0.893999
-0.408000	-0.831080
-0.407000	-0.893999
-0.406000	-0.893999
-0.405000	-0.831080
-0.404000	-0.831080
-0.403000	-0.893999
-0.402000	-0.893999
-0.401000	-0.831080
-0.400000	-0.831080
-0.399000	-0.893999
-0.398000	-0.831080
-0.397000	-0.831080
-0.396000	-0.831080
-0.395000	-0.831080
-0.394000	-0.956790
-0.393000	-0.893999
-0.392000	-0.956790
-0.391000	-0.831080
-0.390000	-0.831080
-0.389000	-0.956790
-0.388000	-0.831080
-0.387000	-0.956790
-0.386000	-0.956790
-0.385000	-0.893999
-0.384000	-0.893999
-0.383000	-0.893999
-0.382000	-0.956790
-0.381000	-0.956790
-0.380000	-0.831080
-0.379000	-0.831080
-0.378000	-0.831080
-0.377000	-0.893999
-0.376000	-0.956790
-0.375000	-0.831080
-0.374000	-0.893999
-0.373000	-0.893999
-0.372000	-0.831080
-0.371000	-0.831080
-0.370000	-0.893999
-0.369000	-0.893999
-0.368000	-0.831080
-0.367000	-0.893999
-0.366000	-0.893999
-0.365000	-0.831080
-0.364000	-0.893999
-0.363000	-0.893999
-0.362000	-0.956790
-0.361000	-0.893999
-0.360000	-0.893999
-0.359000	-1.019580
-0.358000	-0.893999
-0.357000	-0.893999
-0.356000	-0.893999
-0.355000	-0.893999
-0.354000	-0.831080
-0.353000	-0.893999
-0.352000	-0.893999
-0.351000	-0.831080
-0.350000	-0.831080
-0.349000	-0.893999
-0.348000	-0.893999
-0.347000	-0.893999
-0.346000	-0.831080
-0.345000	-0.831080
-0.344000	-0.831080
-0.343000	-0.831080
-0.342000	-0.831080
-0.341000	-0.893999
-0.340000	-0.893999
-0.339000	-0.956790
-0.338000	-0.893999
-0.337000	-0.893999
-0.336000	-0.893999
-0.335000	-0.831080
-0.334000	-0.831080
-0.333000	-0.893999
-0.332000	-0.831080
-0.331000	-0.893999
-0.330000	-0.956790
-0.329000	-0.893999
-0.328000	-0.956790
-0.327000	-0.893999
-0.326000	-0.893999
-0.325000	-0.831080
-0.324000	-0.893999
-0.323000	-0.893999
-0.322000	-0.768289
-0.321000	-0.893999
-0.320000	-0.893999
-0.319000	-0.893999
-0.318000	-0.831080
-0.317000	-0.831080
-0.316000	-0.831080
-0.315000	-0.893999
-0.314000	-0.893999
-0.313000	-0.893999
-0.312000	-0.893999
-0.311000	-0.831080
-0.310000	-0.893999
-0.309000	-0.831080
-0.308000	-0.893999
-0.307000	-0.893999
-0.306000	-0.893999
-0.305000	-0.893999
-0.304000	-0.831080
-0.303000	-0.893999
-0.302000	-0.768289
-0.301000	-0.831080
-0.300000	-0.831080
-0.299000	-0.893999
-0.298000	-0.956790
-0.297000	-0.893999
-0.296000	-0.956790
-0.295000	-0.893999
-0.294000	-0.893999
-0.293000	-0.831080
-0.292000	-0.893999
-0.291000	-0.893999
-0.290000	-0.893999
-0.289000	-0.831080
-0.288000	-0.831080
-0.287000	-0.831080
-0.286000	-0.893999
-0.285000	-0.956790
-0.284000	-0.893999
-0.283000	-0.831080
-0.282000	-0.956790
-0.281000	-0.893999
-0.280000	-0.893999
-0.279000	-0.831080
-0.278000	-0.893999
-0.277000	-0.831080
-0.276000	-0.893999
-0.275000	-0.831080
-0.274000	-0.831080
-0.273000	-0.893999
-0.272000	-0.831080
-0.271000	-0.893999
-0.270000	-0.893999
-0.269000	-0.831080
-0.268000	-0.831080
-0.267000	-0.893999
-0.266000	-0.893999
-0.265000	-0.831080
-0.264000	-0.956790
-0.263000	-0.893999
-0.262000	-0.831080
-0.261000	-0.831080
-0.260000	-0.831080
-0.259000	-0.893999
-0.258000	-0.831080
-0.257000	-0.831080
-0.256000	-0.831080
-0.255000	-0.893999
-0.254000	-0.893999
-0.253000	-0.956790
-0.252000	-0.893999
-0.251000	-0.831080
-0.250000	-0.893999
-0.249000	-0.831080
-0.248000	-0.831080
-0.247000	-0.956790
-0.246000	-0.831080
-0.245000	-0.893999
-0.244000	-0.893999
-0.243000	-0.893999
-0.242000	-0.956790
-0.241000	-0.893999
-0.240000	-0.893999
-0.239000	-0.831080
-0.238000	-0.831080
-0.237000	-0.956790
-0.236000	-0.893999
-0.235000	-0.831080
-0.234000	-0.893999
-0.233000	-0.831080
-0.232000	-0.893999
-0.231000	-0.956790
-0.230000	-0.956790
-0.229000	-0.893999
-0.228000	-0.831080
-0.227000	-0.893999
-0.226000	-0.893999
-0.225000	-0.956790
-0.224000	-0.956790
-0.223000	-0.831080
-0.222000	-0.893999
-0.221000	-0.893999
-0.220000	-0.893999
-0.219000	-0.768289
-0.218000	-0.831080
-0.217000	-0.956790
-0.216000	-0.893999
-0.215000	-0.893999
-0.214000	-0.893999
-0.213000	-0.831080
-0.212000	-0.768289
-0.211000	-0.831080
-0.210000	-0.956790
-0.209000	-0.893999
-0.208000	-0.893999
-0.207000	-0.893999
-0.206000	-0.831080
-0.205000	-0.956790
-0.204000	-0.893999
-0.203000	-0.893999
-0.202000	-0.893999
-0.201000	-0.893999
-0.200000	-0.893999
-0.199000	-0.893999
-0.198000	-0.893999
-0.197000	-0.893999
-0.196000	-0.956790
-0.195000	-0.893999
-0.194000	-0.831080
-0.193000	-0.956790
-0.192000	-0.893999
-0.191000	-0.831080
-0.190000	-0.831080
-0.189000	-0.831080
-0.188000	-0.831080
-0.187000	-0.831080
-0.186000	-0.831080
-0.185000	-0.831080
-0.184000	-0.893999
-0.183000	-0.893999
-0.182000	-0.893999
-0.181000	-0.831080
-0.180000	-0.893999
-0.179000	-0.893999
-0.178000	-0.956790
-0.177000	-0.831080
-0.176000	-0.831080
-0.175000	-0.893999
-0.174000	-0.893999
-0.173000	-0.893999
-0.172000	-0.893999
-0.171000	-0.893999
-0.170000	-0.831080
-0.169000	-0.831080
-0.168000	-0.893999
-0.167000	-0.831080
-0.166000	-0.893999
-0.165000	-0.831080
-0.164000	-0.956790
-0.163000	-0.893999
-0.162000	-0.768289
-0.161000	-0.831080
-0.160000	-0.956790
-0.159000	-0.768289
-0.158000	-0.893999
-0.157000	-0.831080
-0.156000	-0.831080
-0.155000	-0.893999
-0.154000	-0.893999
-0.153000	-0.956790
-0.152000	-0.893999
-0.151000	-0.831080
-0.150000	-0.768289
-0.149000	-0.893999
-0.148000	-0.831080
-0.147000	-0.831080
-0.146000	-0.831080
-0.145000	-0.893999
-0.144000	-0.893999
-0.143000	-0.893999
-0.142000	-0.893999
-0.141000	-0.831080
-0.140000	-0.893999
-0.139000	-0.831080
-0.138000	-0.893999
-0.137000	-0.893999
-0.136000	-0.956790
-0.135000	-0.893999
-0.134000	-0.893999
-0.133000	-0.831080
-0.132000	-0.893999
-0.131000	-0.893999
-0.130000	-0.956790
-0.129000	-0.893999
-0.128000	-0.831080
-0.127000	-0.893999
-0.126000	-0.831080
-0.125000	-0.831080
-0.124000	-0.893999
-0.123000	-0.893999
-0.122000	-0.831080
-0.121000	-0.831080
-0.120000	-0.831080
-0.119000	-0.831080
-0.118000	-0.831080
-0.117000	-0.831080
-0.116000	-0.956790
-0.115000	-0.956790
-0.114000	-0.893999
-0.113000	-0.893999
-0.112000	-0.831080
-0.111000	-0.831080
-0.110000	-0.893999
-0.109000	-0.956790
-0.108000	-0.893999
-0.107000	-0.831080
-0.106000	-0.831080
-0.105000	-0.831080
-0.104000	-0.831080
-0.103000	-0.893999
-0.102000	-0.831080
-0.101000	-0.893999
-0.100000	-0.956790
-0.099000	-0.831080
-0.098000	-0.893999
-0.097000	-0.893999
-0.096000	-0.956790
-0.095000	-0.893999
-0.094000	-0.956790
-0.093000	-0.893999
-0.092000	-0.893999
-0.091000	-0.893999
-0.090000	-0.893999
-0.089000	-0.893999
-0.088000	-0.768289
-0.087000	-0.893999
-0.086000	-0.893999
-0.085000	-0.893999
-0.084000	-0.831080
-0.083000	-0.893999
-0.082000	-0.893999
-0.081000	-0.831080
-0.080000	-0.956790
-0.079000	-0.893999
-0.078000	-0.831080
-0.077000	-0.893999
-0.076000	-0.956790
-0.075000	-0.893999
-0.074000	-0.893999
-0.073000	-0.893999
-0.072000	-0.831080
-0.071000	-0.956790
-0.070000	-0.893999
-0.069000	-0.893999
-0.068000	-0.893999
-0.067000	-0.831080
-0.066000	-0.893999
-0.065000	-1.019580
-0.064000	-0.893999
-0.063000	-0.956790
-0.062000	-0.956790
-0.061000	-0.956790
-0.060000	-0.956790
-0.059000	-0.893999
-0.058000	-0.956790
-0.057000	-0.893999
-0.056000	-0.893999
-0.055000	-0.893999
-0.054000	-0.893999
-0.053000	-0.893999
-0.052000	-1.019580
-0.051000	-0.893999
-0.050000	-0.956790
-0.049000	-0.893999
-0.048000	-0.956790
-0.047000	-1.019580
-0.046000	-0.956790
-0.045000	-0.893999
-0.044000	-0.956790
-0.043000	-0.893999
-0.042000	-0.956790
-0.041000	-0.893999
-0.040000	-0.956790
-0.039000	-0.831080
-0.038000	-0.831080
-0.037000	-0.956790
-0.036000	-0.768289
-0.035000	-0.516996
-0.034000	-0.454205
-0.033000	-0.391285
-0.032000	-0.768289
-0.031000	-0.265704
-0.030000	-0.391285
-0.029000	0.362592
-0.028000	0.425383
-0.027000	0.739595
-0.026000	0.990888
-0.025000	1.179390
-0.024000	1.367760
-0.023000	1.996060
-0.022000	2.624350
-0.021000	3.126940
-0.020000	3.001360
-0.019000	3.315440
-0.018000	3.692440
-0.017000	3.880940
-0.016000	3.755230
-0.015000	3.629650
-0.014000	3.378230
-0.013000	3.378230
-0.012000	3.441150
-0.011000	3.126940
-0.010000	2.561560
-0.009000	2.247350
-0.008000	1.807560
-0.007000	1.367760
-0.006000	0.990888
-0.005000	0.613885
-0.004000	-0.139993
-0.003000	-0.768289
-0.002000	-1.522170
-0.001000	-2.338960
0.000000	-3.344260
0.001000	-4.223850
0.002000	-4.977730
0.003000	-5.794520
0.004000	-7.050990
0.005000	-7.867780
0.006000	-8.810160
0.007000	-9.689750
0.008000	-10.506500
0.009000	-11.009100
0.010000	-11.825900
0.011000	-12.391300
0.012000	-13.082400
0.013000	-13.145300
0.014000	-13.773500
0.015000	-14.213300
0.016000	-14.464600
0.017000	-14.464600
0.018000	-14.590300
0.019000	-14.778800
0.020000	-14.527500
0.021000	-14.276200
0.022000	-14.276200
0.023000	-13.710700
0.024000	-13.396600
0.025000	-12.893900
0.026000	-12.328500
0.027000	-11.637400
0.028000	-11.071900
0.029000	-10.820600
0.030000	-10.066800
0.031000	-9.564040
0.032000	-9.061460
0.033000	-8.558870
0.034000	-7.993370
0.035000	-7.553570
0.036000	-7.239490
0.037000	-6.862490
0.038000	-6.359900
0.039000	-6.108610
0.040000	-5.982900
0.041000	-5.543100
0.042000	-5.543100
0.043000	-5.417520
0.044000	-5.543100
0.045000	-5.229020
0.046000	-4.852020
0.047000	-4.914940
0.048000	-4.852020
0.049000	-4.726440
0.050000	-4.852020
0.051000	-5.229020
0.052000	-5.982900
0.053000	-6.485610
0.054000	-6.925410
0.055000	-7.553570
0.056000	-8.370370
0.057000	-9.249960
0.058000	-10.129500
0.059000	-11.134800
0.060000	-12.265700
0.061000	-13.145300
0.062000	-13.836400
0.063000	-14.464600
0.064000	-14.967300
0.065000	-15.344200
0.066000	-15.532700
0.067000	-15.846900
0.068000	-15.972500
0.069000	-15.972500
0.070000	-15.721200
0.071000	-15.407100
0.072000	-15.281400
0.073000	-15.344200
0.074000	-15.281400
0.075000	-15.155800
0.076000	-15.030100
0.077000	-14.841600
0.078000	-14.590300
0.079000	-14.401800
0.080000	-14.150500
0.081000	-13.773500
0.082000	-13.459400
0.083000	-13.270900
0.084000	-13.082400
0.085000	-12.893900
0.086000	-12.768300
0.087000	-12.705500
0.088000	-12.642600
0.089000	-12.705500
0.090000	-12.768300
0.091000	-12.705500
0.092000	-12.831100
0.093000	-12.831100
0.094000	-13.082400
0.095000	-13.208100
0.096000	-13.270900
0.097000	-13.459400
0.098000	-13.710700
0.099000	-13.899200
0.100000	-14.024800
0.101000	-14.087700
0.102000	-14.276200
0.103000	-14.590300
0.104000	-14.841600
0.105000	-15.030100
0.106000	-15.155800
0.107000	-15.344200
0.108000	-15.658400
0.109000	-15.909700
0.110000	-16.286699
0.111000	-16.538000
0.112000	-16.851999
0.113000	-17.229000
0.114000	-17.543100
0.115000	-17.857300
0.116000	-18.045700
0.117000	-18.234200
0.118000	-18.485500
0.119000	-18.674000
0.120000	-18.611200
0.121000	-18.548401
0.122000	-18.422701
0.123000	-18.359900
0.124000	-18.171400
0.125000	-17.982901
0.126000	-17.794399
0.127000	-17.668800
0.128000	-17.480301
0.129000	-17.229000
0.130000	-17.103300
0.131000	-16.914801
0.132000	-16.789200
0.133000	-16.600700
0.134000	-16.600700
0.135000	-16.538000
0.136000	-16.600700
0.137000	-16.663500
0.138000	-16.851999
0.139000	-16.977699
0.140000	-16.977699
0.141000	-17.229000
0.142000	-17.543100
0.143000	-17.668800
0.144000	-17.982901
0.145000	-18.108601
0.146000	-18.359900
0.147000	-18.611200
0.148000	-18.862499
0.149000	-19.113800
0.150000	-19.427999
0.151000	-19.616400
0.152000	-19.867800
0.153000	-20.181900
0.154000	-20.307600
0.155000	-20.621700
0.156000	-20.872999
0.157000	-21.124300
0.158000	-21.124300
0.159000	-21.312799
0.160000	-21.438499
0.161000	-21.564100
0.162000	-21.689800
0.163000	-21.689800
0.164000	-21.815399
0.165000	-21.689800
0.166000	-21.689800
0.167000	-21.689800
0.168000	-21.626900
0.169000	-21.564100
0.170000	-21.501301
0.171000	-21.438499
0.172000	-21.375601
0.173000	-21.375601
0.174000	-21.438499
0.175000	-21.438499
0.176000	-21.312799
0.177000	-21.438499
0.178000	-21.375601
0.179000	-21.501301
0.180000	-21.438499
0.181000	-21.689800
0.182000	-21.752600
0.183000	-21.815399
0.184000	-22.003901
0.185000	-22.129601
0.186000	-22.380899
0.187000	-22.569401
0.188000	-22.694901
0.189000	-22.883400
0.190000	-23.134701
0.191000	-23.386000
0.192000	-23.574499
0.193000	-23.700199
0.194000	-23.888700
0.195000	-24.139999
0.196000	-24.391300
0.197000	-24.642599
0.198000	-24.831100
0.199000	-25.082399
0.200000	-25.270901
0.201000	-25.522200
0.202000	-25.647800
0.203000	-25.773500
0.204000	-26.024799
0.205000	-26.087601
0.206000	-26.213301
0.207000	-26.276100
0.208000	-26.401800
0.209000	-26.464600
0.210000	-26.527399
0.211000	-26.590300
0.212000	-26.653099
0.213000	-26.778799
0.214000	-26.778799
0.215000	-26.904400
0.216000	-27.092899
0.217000	-27.218599
0.218000	-27.281401
0.219000	-27.407000
0.220000	-27.469900
0.221000	-27.469900
0.222000	-27.658300
0.223000	-27.721201
0.224000	-27.909700
0.225000	-27.972500
0.226000	-28.035299
0.227000	-28.035299
0.228000	-28.098101
0.229000	-28.160999
0.230000	-28.349501
0.231000	-28.349501
0.232000	-28.349501
0.233000	-28.349501
0.234000	-28.412300
0.235000	-28.600800
0.236000	-28.663601
0.237000	-28.789301
0.238000	-28.852100
0.239000	-29.103399
0.240000	-29.354601
0.241000	-29.605900
0.242000	-29.668699
0.243000	-29.920099
0.244000	-30.108500
0.245000	-30.297001
0.246000	-30.485500
0.247000	-30.548300
0.248000	-30.736799
0.249000	-30.988100
0.250000	-30.988100
0.251000	-31.176600
0.252000	-31.365101
0.253000	-31.553600
0.254000	-31.742100
0.255000	-31.867701
0.256000	-32.056198
0.257000	-32.307499
0.258000	-32.495998
0.259000	-32.495998
0.260000	-32.684502
0.261000	-32.684502
0.262000	-32.810200
0.263000	-32.935799
0.264000	-32.935799
0.265000	-33.187099
0.266000	-33.312801
0.267000	-33.501301
0.268000	-33.689701
0.269000	-33.815399
0.270000	-33.878201
0.271000	-34.129501
0.272000	-34.380901
0.273000	-34.569302
0.274000	-34.883499
0.275000	-35.008999
0.276000	-35.071999
0.277000	-35.260502
0.278000	-35.260502
0.279000	-35.448799
0.280000	-35.637299
0.281000	-35.763100
0.282000	-35.888599
0.283000	-36.077099
0.284000	-36.265598
0.285000	-36.516899
0.286000	-36.642601
0.287000	-36.768200
0.288000	-36.831100
0.289000	-36.956699
0.290000	-37.208000
0.291000	-37.396500
0.292000	-37.522202
0.293000	-37.647800
0.294000	-37.710602
0.295000	-37.773499
0.296000	-37.962002
0.297000	-38.150398
0.298000	-38.276100
0.299000	-38.401798
0.300000	-38.527401
0.301000	-38.653099
0.302000	-38.904400
0.303000	-38.967201
0.304000	-39.155701
0.305000	-39.281399
0.306000	-39.469799
0.307000	-39.658298
0.308000	-39.784000
0.309000	-39.972500
0.310000	-40.160900
0.311000	-40.223801
0.312000	-40.475101
0.313000	-40.600700
0.314000	-40.726398
0.315000	-40.977699
0.316000	-41.103401
0.317000	-41.291901
0.318000	-41.417500
0.319000	-41.605999
0.320000	-41.668800
0.321000	-41.794498
0.322000	-41.919998
0.323000	-41.983002
0.324000	-42.234299
0.325000	-42.234299
0.326000	-42.359798
0.327000	-42.485500
0.328000	-42.548302
0.329000	-42.736801
0.330000	-42.862598
0.331000	-42.988098
0.332000	-43.050900
0.333000	-43.239399
0.334000	-43.427898
0.335000	-43.553600
0.336000	-43.804901
0.337000	-43.930500
0.338000	-44.056198
0.339000	-44.244701
0.340000	-44.433201
0.341000	-44.621601
0.342000	-44.810101
0.343000	-44.935799
0.344000	-45.124298
0.345000	-45.312801
0.346000	-45.501202
0.347000	-45.689701
0.348000	-45.815399
0.349000	-46.003899
0.350000	-46.129501
0.351000	-46.255199
0.352000	-46.380798
0.353000	-46.569302
0.354000	-46.695000
0.355000	-46.757801
0.356000	-46.757801
0.357000	-46.883499
0.358000	-46.883499
0.359000	-47.009102
0.360000	-47.071899
0.361000	-47.071899
0.362000	-47.197601
0.363000	-47.197601
0.364000	-47.197601
0.365000	-47.323299
0.366000	-47.386101
0.367000	-47.511700
0.368000	-47.511700
0.369000	-47.700199
0.370000	-47.825901
0.371000	-47.825901
0.372000	-47.825901
0.373000	-47.951401
0.374000	-48.077202
0.375000	-48.077202
0.376000	-48.265701
0.377000	-48.328499
0.378000	-48.391201
0.379000	-48.454201
0.380000	-48.642502
0.381000	-48.705502
0.382000	-48.768200
0.383000	-48.831001
0.384000	-48.956699
0.385000	-49.019501
0.386000	-49.145199
0.387000	-49.208000
0.388000	-49.145199
0.389000	-49.270802
0.390000	-49.333801
0.391000	-49.459301
0.392000	-49.522099
0.393000	-49.584999
0.394000	-49.710602
0.395000	-49.647800
0.396000	-49.773399
0.397000	-49.836300
0.398000	-49.899101
0.399000	-49.961899
0.400000	-50.087601
0.401000	-50.150398
0.402000	-50.213200
0.403000	-50.213200
0.404000	-50.338902
0.405000	-50.276100
0.406000	-50.464600
0.407000	-50.527401
0.408000	-50.527401
0.409000	-50.527401
0.410000	-50.715900
0.411000	-50.653000
0.412000	-50.715900
0.413000	-50.904400
0.414000	-50.841499
0.415000	-50.904400
0.416000	-50.967201
0.417000	-50.967201
0.418000	-50.967201
0.419000	-50.967201
0.420000	-51.029999
0.421000	-50.967201
0.422000	-50.967201
0.423000	-50.841499
0.424000	-50.841499
0.425000	-50.841499
0.426000	-50.778702
0.427000	-50.715900
0.428000	-50.715900
0.429000	-50.715900
0.430000	-50.590199
0.431000	-50.653000
0.432000	-50.527401
0.433000	-50.590199
0.434000	-50.527401
0.435000	-50.590199
0.436000	-50.653000
0.437000	-50.527401
0.438000	-50.527401
0.439000	-50.653000
0.440000	-50.590199
0.441000	-50.653000
0.442000	-50.715900
0.443000	-50.841499
0.444000	-50.904400
0.445000	-50.778702
0.446000	-50.841499
0.447000	-50.967201
0.448000	-50.967201
0.449000	-51.029999
0.450000	-51.092800
0.451000	-51.155701
0.452000	-51.218498
0.453000	-51.155701
0.454000	-51.344200
0.455000	-51.281300
0.456000	-51.155701
0.457000	-51.281300
0.458000	-51.281300
0.459000	-51.281300
0.460000	-51.344200
0.461000	-51.344200
0.462000	-51.344200
0.463000	-51.344200
0.464000	-51.281300
0.465000	-51.218498
0.466000	-51.344200
0.467000	-51.281300
0.468000	-51.218498
0.469000	-51.281300
0.470000	-51.218498
0.471000	-51.281300
0.472000	-51.344200
0.473000	-51.281300
0.474000	-51.344200
0.475000	-51.344200
0.476000	-51.344200
0.477000	-51.281300
0.478000	-51.281300
0.479000	-51.281300
0.480000	-51.281300
0.481000	-51.344200
0.482000	-51.407001
0.483000	-51.407001
0.484000	-51.469799
0.485000	-51.469799
0.486000	-51.469799
0.487000	-51.469799
0.488000	-51.407001
0.489000	-51.532600
0.490000	-51.532600
0.491000	-51.595501
0.492000	-51.658298
0.493000	-51.595501
0.494000	-51.532600
0.495000	-51.595501
0.496000	-51.721100
0.497000	-51.846802
0.498000	-51.658298
0.499000	-51.783901
0.500000	-51.909599
0.501000	-51.909599
0.502000	-51.909599
0.503000	-51.972401
0.504000	-52.035301
0.505000	-51.846802
0.506000	-51.846802
0.507000	-51.909599
0.508000	-51.909599
0.509000	-51.658298
0.510000	-51.407001
0.511000	-51.595501
0.512000	-51.658298
0.513000	-51.469799
0.514000	-51.407001
0.515000	-51.281300
0.516000	-51.407001
0.517000	-51.092800
0.518000	-50.841499
0.519000	-50.841499
0.520000	-51.155701
0.521000	-51.029999
0.522000	-50.841499
0.523000	-51.029999
0.524000	-51.344200
0.525000	-51.281300
0.526000	-51.344200
0.527000	-51.721100
0.528000	-51.846802
0.529000	-52.098099
0.530000	-52.286598
0.531000	-52.475101
0.532000	-52.600700
0.533000	-52.914902
0.534000	-53.229000
0.535000	-53.543098
0.536000	-53.668800
0.537000	-53.920101
0.538000	-54.045799
0.539000	-54.234100
0.540000	-54.422600
0.541000	-54.548401
0.542000	-54.611198
0.543000	-54.611198
0.544000	-54.673901
0.545000	-54.673901
0.546000	-54.736900
0.547000	-54.799702
0.548000	-54.611198
0.549000	-54.548401
0.550000	-54.673901
0.551000	-54.548401
0.552000	-54.548401
0.553000	-54.422600
0.554000	-54.422600
0.555000	-54.234100
0.556000	-54.234100
0.557000	-54.234100
0.558000	-54.108601
0.559000	-53.982899
0.560000	-53.857300
0.561000	-53.794399
0.562000	-53.731602
0.563000	-53.731602
0.564000	-53.605999
0.565000	-53.668800
0.566000	-53.605999
0.567000	-53.605999
0.568000	-53.605999
0.569000	-53.605999
0.570000	-53.668800
0.571000	-53.731602
0.572000	-53.857300
0.573000	-53.920101
0.574000	-53.982899
0.575000	-54.171398
0.576000	-54.234100
0.577000	-54.485600
0.578000	-54.611198
0.579000	-54.799702
0.580000	-55.050900
0.581000	-55.239399
0.582000	-55.365200
0.583000	-55.553501
0.584000	-55.867699
0.585000	-55.993301
0.586000	-56.181801
0.587000	-56.307499
0.588000	-56.370300
0.589000	-56.495998
0.590000	-56.684399
0.591000	-56.621601
0.592000	-58.883400
0.593000	-59.763000
0.594000	-55.239399
0.595000	-54.862400
0.596000	-53.103298
0.597000	-49.773399
0.598000	-45.124298
0.599000	-39.092899
0.600000	-33.501301
0.601000	-28.914900
0.602000	-20.433201
0.603000	-12.517000
0.604000	-6.925410
0.605000	-0.579787
0.606000	4.446320
0.607000	10.100900
0.608000	12.739500
0.609000	14.875700
0.610000	16.132299
0.611000	16.320601
0.612000	15.441000
0.613000	14.058900
0.614000	18.331100
0.615000	14.247400
0.616000	9.284060
0.617000	10.540600
0.618000	8.655760
0.619000	4.949030
0.620000	1.493470
0.621000	-0.139993
0.622000	-3.344260
0.623000	-6.171400
0.624000	-8.872950
0.625000	-9.689750
0.626000	-9.501250
0.627000	-9.689750
0.628000	-10.318000
0.629000	-9.249960
0.630000	-6.485610
0.631000	-5.606020
0.632000	-5.103440
0.633000	-6.548400
0.634000	-5.731610
0.635000	-5.480310
0.636000	-5.920110
0.637000	-6.108610
0.638000	-4.726440
0.639000	-3.784060
0.640000	-3.218550
0.641000	-0.579787
0.642000	1.242180
0.643000	3.378230
0.644000	4.195030
0.645000	5.765700
0.646000	8.027460
0.647000	8.718550
0.648000	8.969970
0.649000	9.786640
0.650000	9.849430
0.651000	11.043200
0.652000	10.603400
0.653000	10.980400
0.654000	11.985600
0.655000	11.420100
0.656000	11.483000
0.657000	10.854700
0.658000	11.294500
0.659000	12.488200
0.660000	10.666200
0.661000	11.231700
0.662000	11.294500
0.663000	12.551100
0.664000	14.812900
0.665000	15.064200
0.666000	15.001400
0.667000	16.886101
0.668000	18.268299
0.669000	19.524900
0.670000	19.524900
0.671000	18.896601
0.672000	18.519600
0.673000	18.645300
0.674000	19.273600
0.675000	18.708099
0.676000	17.891300
0.677000	17.011801
0.678000	17.074600
0.679000	18.142700
0.680000	18.268299
0.681000	18.017000
0.682000	17.891300
0.683000	18.268299
0.684000	18.833799
0.685000	19.085100
0.686000	18.582500
0.687000	18.205500
0.688000	17.639999
0.689000	17.451500
0.690000	16.948900
0.691000	15.566800
0.692000	13.807600
0.693000	11.734300
0.694000	10.226400
0.695000	8.844260
0.696000	6.519710
0.697000	4.760530
0.698000	2.938570
0.699000	1.242180
0.700000	-0.328495
0.701000	-1.899170
0.702000	-2.778760
0.703000	-3.532630
0.704000	-3.784060
0.705000	-4.349430
0.706000	-6.045820
0.707000	-4.914940
0.708000	-3.846850
0.709000	-4.223850
0.710000	-4.852020
0.711000	-4.412220
0.712000	-2.904470
0.713000	-1.836380
0.714000	-1.836380
0.715000	-1.899170
0.716000	-1.961960
0.717000	-1.396580
0.718000	-0.893999
0.719000	-1.396580
0.720000	-1.899170
0.721000	-2.276170
0.722000	-2.464670
0.723000	-2.715970
0.724000	-3.281340
0.725000	-3.595550
0.726000	-3.846850
0.727000	-4.035350
0.728000	-3.721140
0.729000	-3.972430
0.730000	-4.160930
0.731000	-3.909640
0.732000	-3.344260
0.733000	-2.338960
0.734000	-1.836380
0.735000	-1.019580
0.736000	-0.202913
0.737000	0.551094
0.738000	1.304970
0.739000	1.681970
0.740000	2.561560
0.741000	3.315440
0.742000	3.566730
0.743000	4.006530
0.744000	3.880940
0.745000	4.195030
0.746000	4.069450
0.747000	3.880940
0.748000	3.441150
0.749000	3.378230
0.750000	2.938570
0.751000	1.807560
0.752000	0.488303
0.753000	-1.270870
0.754000	-2.024880
0.755000	-4.349430
0.756000	-5.543100
0.757000	-6.736900
0.758000	-8.244790
0.759000	-9.941040
0.760000	-10.757800
0.761000	-11.448900
0.762000	-11.888700
0.763000	-12.705500
0.764000	-13.396600
0.765000	-13.773500
0.766000	-14.213300
0.767000	-14.716000
0.768000	-15.281400
0.769000	-15.532700
0.770000	-15.909700
0.771000	-16.035200
0.772000	-16.035200
0.773000	-16.412201
0.774000	-16.349501
0.775000	-16.600700
0.776000	-16.726500
0.777000	-16.914801
0.778000	-17.417500
0.779000	-18.045700
0.780000	-18.422701
0.781000	-18.611200
0.782000	-18.422701
0.783000	-18.297100
0.784000	-18.108601
0.785000	-17.920099
0.786000	-17.920099
0.787000	-17.857300
0.788000	-17.731600
0.789000	-17.857300
0.790000	-17.166300
0.791000	-16.914801
0.792000	-16.098200
0.793000	-15.595400
0.794000	-15.595400
0.795000	-15.155800
0.796000	-15.155800
0.797000	-14.967300
0.798000	-15.030100
0.799000	-15.030100
0.800000	-15.344200
0.801000	-15.407100
0.802000	-15.972500
0.803000	-16.538000
0.804000	-17.417500
0.805000	-17.920099
0.806000	-18.485500
0.807000	-19.302299
0.808000	-20.307600
0.809000	-21.187201
0.810000	-22.192400
0.811000	-23.071899
0.812000	-24.202801
0.813000	-25.082399
0.814000	-25.584999
0.815000	-26.213301
0.816000	-26.715900
0.817000	-27.469900
0.818000	-28.035299
0.819000	-28.726299
0.820000	-29.103399
0.821000	-29.291901
0.822000	-29.166100
0.823000	-29.354601
0.824000	-29.229099
0.825000	-29.229099
0.826000	-29.103399
0.827000	-29.040600
0.828000	-28.789301
0.829000	-28.600800
0.830000	-28.286600
0.831000	-27.846800
0.832000	-27.344200
0.833000	-27.218599
0.834000	-26.904400
0.835000	-26.401800
0.836000	-26.276100
0.837000	-25.836300
0.838000	-25.647800
0.839000	-25.145201
0.840000	-24.831100
0.841000	-24.579800
0.842000	-24.454100
0.843000	-24.391300
0.844000	-24.328501
0.845000	-24.202801
0.846000	-24.014299
0.847000	-23.700199
0.848000	-23.448900
0.849000	-23.323200
0.850000	-23.009199
0.851000	-22.883400
0.852000	-22.506399
0.853000	-22.066601
0.854000	-21.752600
0.855000	-21.438499
0.856000	-21.250000
0.857000	-21.124300
0.858000	-20.872999
0.859000	-20.747400
0.860000	-20.496000
0.861000	-20.181900
0.862000	-19.930599
0.863000	-19.867800
0.864000	-19.867800
0.865000	-19.804899
0.866000	-19.679300
0.867000	-19.930599
0.868000	-20.119101
0.869000	-20.307600
0.870000	-20.307600
0.871000	-20.558901
0.872000	-20.810200
0.873000	-20.872999
0.874000	-20.935801
0.875000	-20.935801
0.876000	-21.061501
0.877000	-20.998699
0.878000	-20.935801
0.879000	-20.935801
0.880000	-20.935801
0.881000	-20.935801
0.882000	-20.872999
0.883000	-20.747400
0.884000	-20.558901
0.885000	-20.433201
0.886000	-20.370399
0.887000	-20.119101
0.888000	-19.867800
0.889000	-19.804899
0.890000	-19.742100
0.891000	-19.616400
0.892000	-19.302299
0.893000	-19.176701
0.894000	-18.988199
0.895000	-18.862499
0.896000	-18.799700
0.897000	-18.548401
0.898000	-18.359900
0.899000	-18.171400
0.900000	-18.234200
0.901000	-18.297100
0.902000	-17.857300
0.903000	-17.920099
0.904000	-17.794399
0.905000	-17.668800
0.906000	-17.417500
0.907000	-17.229000
0.908000	-17.229000
0.909000	-17.229000
0.910000	-16.914801
0.911000	-16.726500
0.912000	-16.600700
0.913000	-16.475000
0.914000	-16.349501
0.915000	-16.286699
0.916000	-16.098200
0.917000	-16.098200
0.918000	-16.098200
0.919000	-15.909700
0.920000	-15.783900
0.921000	-15.783900
0.922000	-15.783900
0.923000	-15.783900
0.924000	-15.783900
0.925000	-15.658400
0.926000	-15.658400
0.927000	-15.532700
0.928000	-15.469900
0.929000	-15.218600
0.930000	-15.030100
0.931000	-14.841600
0.932000	-14.716000
0.933000	-14.401800
0.934000	-14.024800
0.935000	-13.647900
0.936000	-13.396600
0.937000	-13.019600
0.938000	-12.705500
0.939000	-12.454100
0.940000	-12.140000
0.941000	-12.014300
0.942000	-11.888700
0.943000	-11.763000
0.944000	-11.700200
0.945000	-11.763000
0.946000	-11.763000
0.947000	-11.825900
0.948000	-11.637400
0.949000	-11.763000
0.950000	-11.637400
0.951000	-11.637400
0.952000	-11.511700
0.953000	-11.260400
0.954000	-11.260400
0.955000	-11.071900
0.956000	-10.695100
0.957000	-10.506500
0.958000	-10.192300
0.959000	-9.941040
0.960000	-9.626960
0.961000	-9.249960
0.962000	-9.061460
0.963000	-8.935870
0.964000	-8.747370
0.965000	-8.244790
0.966000	-8.181870
0.967000	-7.804990
0.968000	-7.679280
0.969000	-7.365200
0.970000	-7.050990
0.971000	-6.799690
0.972000	-6.359900
0.973000	-5.920110
0.974000	-5.291810
0.975000	-4.726440
0.976000	-4.349430
0.977000	-3.909640
0.978000	-3.532630
0.979000	-3.218550
0.980000	-2.527460
0.981000	-2.150460
0.982000	-1.836380
0.983000	-1.522170
0.984000	-1.459380
0.985000	-1.270870
0.986000	-1.459380
0.987000	-1.333790
0.988000	-1.270870
0.989000	-1.019580
0.990000	-0.705498
0.991000	-0.328495
0.992000	-0.202913
0.993000	-0.139993
0.994000	0.299801
0.995000	0.802386
0.996000	0.865177
0.997000	0.802386
0.998000	0.802386
0.999000	0.676676
1.000000	1.179390
1.001000	1.116470
1.002000	1.179390
1.003000	1.304970
1.004000	1.179390
1.005000	1.367760
1.006000	1.367760
1.007000	1.367760
1.008000	1.367760
1.009000	1.430680
1.010000	1.619180
1.011000	1.870480
1.012000	2.310270
1.013000	2.624350
1.014000	2.812850
1.015000	3.315440
1.016000	3.818020
1.017000	4.320740
1.018000	4.949030
1.019000	5.640120
1.020000	6.456790
1.021000	7.022290
1.022000	7.776170
1.023000	8.404470
1.024000	8.844260
1.025000	9.535350
1.026000	10.100900
1.027000	10.854700
1.028000	11.231700
1.029000	11.608600
1.030000	11.859900
1.031000	12.236900
1.032000	12.236900
1.033000	12.488200
1.034000	12.488200
1.035000	12.551100
1.036000	12.425400
1.037000	12.299700
1.038000	12.299700
1.039000	12.111300
1.040000	12.111300
1.041000	11.922800
1.042000	11.734300
1.043000	11.545800
1.044000	11.483000
1.045000	11.357300
1.046000	11.483000
1.047000	11.357300
1.048000	11.545800
1.049000	11.608600
1.050000	11.797100
1.051000	11.922800
1.052000	12.111300
1.053000	12.299700
1.054000	12.362600
1.055000	12.551100
1.056000	12.676700
1.057000	12.990900
1.058000	13.179300
1.059000	13.305000
1.060000	13.367800
1.061000	13.367800
1.062000	13.493500
1.063000	13.493500
1.064000	13.556300
1.065000	13.619100
1.066000	13.619100
1.067000	13.493500
1.068000	13.556300
1.069000	13.367800
1.070000	13.430600
1.071000	13.556300
1.072000	13.493500
1.073000	13.367800
1.074000	13.367800
1.075000	13.367800
1.076000	13.305000
1.077000	13.430600
1.078000	13.493500
1.079000	13.430600
1.080000	13.367800
1.081000	13.430600
1.082000	13.430600
1.083000	13.305000
1.084000	13.116500
1.085000	12.990900
1.086000	12.739500
1.087000	12.551100
1.088000	12.236900
1.089000	11.859900
1.090000	11.420100
1.091000	11.106000
1.092000	10.603400
1.093000	10.226400
1.094000	9.786640
1.095000	9.535350
1.096000	9.158340
1.097000	8.718550
1.098000	8.404470
1.099000	8.027460
1.100000	7.650590
1.101000	7.336380
1.102000	7.022290
1.103000	6.708080
1.104000	6.456790
1.105000	6.268290
1.106000	6.017000
1.107000	5.702910
1.108000	5.514410
1.109000	5.200330
1.110000	5.011830
1.111000	4.886110
1.112000	4.697610
1.113000	4.509240
1.114000	4.446320
1.115000	4.446320
1.116000	4.320740
1.117000	4.195030
1.118000	4.195030
1.119000	4.195030
1.120000	4.195030
1.121000	4.320740
1.122000	4.320740
1.123000	4.320740
1.124000	4.383530
1.125000	4.572030
1.126000	4.572030
1.127000	4.697610
1.128000	4.760530
1.129000	4.760530
1.130000	4.697610
1.131000	4.634820
1.132000	4.572030
1.133000	4.446320
1.134000	4.195030
1.135000	3.943740
1.136000	3.566730
1.137000	3.441150
1.138000	3.001360
1.139000	2.687140
1.140000	2.184560
1.141000	1.807560
1.142000	1.367760
1.143000	0.990888
1.144000	0.362592
1.145000	0.048509
1.146000	-0.391285
1.147000	-0.768289
1.148000	-1.270870
1.149000	-1.773590
1.150000	-2.087670
1.151000	-2.527460
1.152000	-2.967260
1.153000	-3.218550
1.154000	-3.721140
1.155000	-3.846850
1.156000	-4.160930
1.157000	-4.412220
1.158000	-4.600720
1.159000	-4.977730
1.160000	-5.229020
1.161000	-5.480310
1.162000	-5.606020
1.163000	-5.857320
1.164000	-6.045820
1.165000	-6.297110
1.166000	-6.297110
1.167000	-6.548400
1.168000	-6.799690
1.169000	-6.799690
1.170000	-6.988200
1.171000	-7.113910
1.172000	-7.365200
1.173000	-7.553570
1.174000	-7.679280
1.175000	-7.742070
1.176000	-7.930580
1.177000	-8.244790
1.178000	-8.370370
1.179000	-8.496080
1.180000	-8.684580
1.181000	-8.810160
1.182000	-8.935870
1.183000	-8.935870
1.184000	-9.061460
1.185000	-9.249960
1.186000	-9.375670
1.187000	-9.564040
1.188000	-9.752540
1.189000	-9.878250
1.190000	-10.129500
1.191000	-10.318000
1.192000	-10.443600
1.193000	-10.569300
1.194000	-10.820600
1.195000	-10.946300
1.196000	-11.197600
1.197000	-11.323200
1.198000	-11.637400
1.199000	-11.700200
1.200000	-11.888700
1.201000	-12.077200
1.202000	-12.265700
1.203000	-12.391300
1.204000	-12.517000
1.205000	-12.579800
1.206000	-12.831100
1.207000	-12.893900
1.208000	-13.019600
1.209000	-13.082400
1.210000	-13.270900
1.211000	-13.396600
1.212000	-13.522200
1.213000	-13.773500
1.214000	-13.710700
1.215000	-13.836400
1.216000	-13.899200
1.217000	-14.024800
1.218000	-13.962000
1.219000	-14.087700
1.220000	-14.024800
1.221000	-14.087700
1.222000	-14.087700
1.223000	-14.276200
1.224000	-14.213300
1.225000	-14.276200
1.226000	-14.401800
1.227000	-14.401800
1.228000	-14.339000
1.229000	-14.276200
1.230000	-14.339000
1.231000	-14.213300
1.232000	-14.087700
1.233000	-13.962000
1.234000	-13.773500
1.235000	-13.647900
1.236000	-13.585000
1.237000	-13.459400
1.238000	-13.208100
1.239000	-13.082400
1.240000	-12.956800
1.241000	-12.956800
1.242000	-12.768300
1.243000	-12.642600
1.244000	-12.454100
1.245000	-12.391300
1.246000	-12.265700
1.247000	-12.140000
1.248000	-12.077200
1.249000	-12.014300
1.250000	-11.825900
1.251000	-11.763000
1.252000	-11.700200
1.253000	-11.511700
1.254000	-11.511700
1.255000	-11.323200
1.256000	-11.323200
1.257000	-11.197600
1.258000	-11.071900
1.259000	-11.009100
1.260000	-10.820600
1.261000	-10.695100
1.262000	-10.569300
1.263000	-10.443600
1.264000	-10.318000
1.265000	-10.192300
1.266000	-10.003800
1.267000	-9.815460
1.268000	-9.689750
1.269000	-9.626960
1.270000	-9.438460
1.271000	-9.375670
1.272000	-9.312750
1.273000	-9.187170
1.274000	-8.998670
1.275000	-8.935870
1.276000	-8.935870
1.277000	-8.872950
1.278000	-8.872950
1.279000	-8.935870
1.280000	-8.872950
1.281000	-8.747370
1.282000	-8.621660
1.283000	-8.621660
1.284000	-8.244790
1.285000	-8.056290
1.286000	-7.930580
1.287000	-7.804990
1.288000	-7.553570
1.289000	-7.302280
1.290000	-7.050990
1.291000	-6.925410
1.292000	-6.736900
1.293000	-6.548400
1.294000	-6.297110
1.295000	-6.108610
1.296000	-5.920110
1.297000	-5.857320
1.298000	-5.543100
1.299000	-5.417520
1.300000	-5.291810
1.301000	-4.977730
1.302000	-4.914940
1.303000	-4.852020
1.304000	-4.789230
1.305000	-4.537930
1.306000	-4.537930
1.307000	-4.349430
1.308000	-4.349430
1.309000	-4.286640
1.310000	-4.035350
1.311000	-3.972430
1.312000	-3.909640
1.313000	-3.846850
1.314000	-3.721140
1.315000	-3.721140
1.316000	-3.721140
1.317000	-3.469840
1.318000	-3.344260
1.319000	-3.344260
1.320000	-3.344260
1.321000	-3.218550
1.322000	-3.030050
1.323000	-2.967260
1.324000	-2.841550
1.325000	-2.653180
1.326000	-2.653180
1.327000	-2.590260
1.328000	-2.527460
1.329000	-2.401750
1.330000	-2.401750
1.331000	-2.338960
1.332000	-2.338960
1.333000	-2.338960
1.334000	-2.338960
1.335000	-2.087670
1.336000	-2.150460
1.337000	-2.087670
1.338000	-2.024880
1.339000	-1.961960
1.340000	-1.899170
1.341000	-1.773590
1.342000	-1.773590
1.343000	-1.647880
1.344000	-1.585090
1.345000	-1.522170
1.346000	-1.333790
1.347000	-1.270870
1.348000	-1.208080
1.349000	-1.019580
1.350000	-0.956790
1.351000	-0.831080
1.352000	-0.768289
1.353000	-0.705498
1.354000	-0.516996
1.355000	-0.391285
1.356000	-0.328495
1.357000	-0.391285
1.358000	-0.265704
1.359000	-0.328495
1.360000	-0.202913
1.361000	-0.202913
1.362000	-0.202913
1.363000	-0.202913
1.364000	-0.202913
1.365000	-0.202913
1.366000	-0.202913
1.367000	-0.265704
1.368000	-0.328495
1.369000	-0.328495
1.370000	-0.391285
1.371000	-0.454205
1.372000	-0.516996
1.373000	-0.579787
1.374000	-0.705498
1.375000	-0.768289
1.376000	-0.768289
1.377000	-0.831080
1.378000	-0.831080
1.379000	-0.956790
1.380000	-0.893999
1.381000	-0.831080
1.382000	-0.768289
1.383000	-0.768289
1.384000	-0.705498
1.385000	-0.579787
1.386000	-0.516996
1.387000	-0.516996
1.388000	-0.391285
1.389000	-0.391285
1.390000	-0.391285
1.391000	-0.265704
1.392000	-0.202913
1.393000	-0.014411
1.394000	-0.077202
1.395000	-0.077202
1.396000	-0.202913
1.397000	-0.265704
1.398000	-0.328495
1.399000	-0.454205
1.400000	-0.642707
1.401000	-0.705498
1.402000	-0.893999
1.403000	-0.956790
1.404000	-1.145290
1.405000	-1.270870
1.406000	-1.333790
1.407000	-1.585090
1.408000	-1.522170
1.409000	-1.647880
1.410000	-1.647880
1.411000	-1.710670
1.412000	-1.773590
1.413000	-1.710670
1.414000	-1.585090
1.415000	-1.647880
1.416000	-1.585090
1.417000	-1.459380
1.418000	-1.522170
1.419000	-1.459380
1.420000	-1.459380
1.421000	-1.396580
1.422000	-1.459380
1.423000	-1.459380
1.424000	-1.333790
1.425000	-1.396580
1.426000	-1.522170
1.427000	-1.522170
1.428000	-1.522170
1.429000	-1.647880
1.430000	-1.710670
1.431000	-1.836380
1.432000	-1.899170
1.433000	-2.024880
1.434000	-2.213380
1.435000	-2.276170
1.436000	-2.401750
1.437000	-2.527460
1.438000	-2.527460
1.439000	-2.653180
1.440000	-2.590260
1.441000	-2.841550
1.442000	-2.715970
1.443000	-2.715970
1.444000	-2.778760
1.445000	-2.715970
1.446000	-2.778760
1.447000	-2.778760
1.448000	-2.715970
1.449000	-2.778760
1.450000	-2.778760
1.451000	-2.778760
1.452000	-2.841550
1.453000	-2.904470
1.454000	-2.904470
1.455000	-3.030050
1.456000	-3.155760
1.457000	-3.281340
1.458000	-3.281340
1.459000	-3.469840
1.460000	-3.344260
1.461000	-3.469840
1.462000	-3.721140
1.463000	-3.784060
1.464000	-3.784060
1.465000	-3.909640
1.466000	-3.972430
1.467000	-4.035350
1.468000	-4.035350
1.469000	-4.098140
1.470000	-4.035350
1.471000	-4.035350
1.472000	-3.972430
1.473000	-3.909640
1.474000	-3.909640
1.475000	-3.721140
1.476000	-3.721140
1.477000	-3.595550
1.478000	-3.469840
1.479000	-3.407050
1.480000	-3.218550
1.481000	-3.218550
1.482000	-3.030050
1.483000	-2.967260
1.484000	-2.967260
1.485000	-2.904470
1.486000	-2.841550
1.487000	-2.715970
1.488000	-2.653180
1.489000	-2.653180
1.490000	-2.527460
1.491000	-2.464670
1.492000	-2.401750
1.493000	-2.401750
1.494000	-2.213380
1.495000	-2.087670
1.496000	-1.961960
1.497000	-1.836380
1.498000	-1.585090
1.499000	-1.333790
1.500000	-1.208080
1.501000	-0.831080
1.502000	-0.579787
1.503000	-0.265704
1.504000	0.048509
1.505000	0.299801
1.506000	0.676676
1.507000	1.179390
1.508000	1.744770
1.509000	2.310270
1.510000	2.938570
1.511000	3.566730
1.512000	4.069450
1.513000	4.634820
1.514000	5.200330
1.515000	5.514410
1.516000	6.017000
1.517000	6.331210
1.518000	6.833790
1.519000	7.273590
1.520000	7.713380
1.521000	8.153170
1.522000	8.467260
1.523000	9.032760
1.524000	9.661060
1.525000	10.289200
1.526000	10.980400
1.527000	11.545800
1.528000	12.048400
1.529000	12.676700
1.530000	13.116500
1.531000	13.619100
1.532000	14.058900
1.533000	14.435900
1.534000	15.001400
1.535000	15.566800
1.536000	16.006500
1.537000	16.634800
1.538000	17.074600
1.539000	17.263100
1.540000	17.577200
1.541000	17.765699
1.542000	17.702900
1.543000	17.765699
1.544000	17.639999
1.545000	17.514400
1.546000	17.137400
1.547000	16.760401
1.548000	16.383600
1.549000	16.195000
1.550000	15.692500
1.551000	15.378300
1.552000	14.875700
1.553000	14.624400
1.554000	14.247400
1.555000	14.247400
1.556000	15.252700
1.557000	18.017000
1.558000	19.085100
1.559000	18.645300
1.560000	19.713400
1.561000	22.477699
1.562000	23.420099
1.563000	22.917500
1.564000	21.535400
1.565000	21.221201
1.566000	20.781401
1.567000	19.713400
1.568000	17.263100
1.569000	14.812900
1.570000	13.619100
1.571000	11.922800
1.572000	9.284060
1.573000	8.090380
1.574000	6.519710
1.575000	5.577200
1.576000	4.069450
1.577000	2.750060
1.578000	2.435850
1.579000	1.681970
1.580000	0.802386
1.581000	0.865177
1.582000	1.053680
1.583000	1.367760
1.584000	0.739595
1.585000	0.676676
1.586000	1.116470
1.587000	0.488303
1.588000	0.613885
1.589000	0.299801
1.590000	0.739595
1.591000	0.928097
1.592000	0.865177
1.593000	1.493470
1.594000	2.310270
1.595000	2.373060
1.596000	2.561560
1.597000	3.001360
1.598000	3.880940
1.599000	4.257820
1.600000	4.634820
1.601000	4.446320
1.602000	4.823320
1.603000	5.200330
1.604000	5.514410
1.605000	5.828490
1.606000	6.268290
1.607000	6.833790
1.608000	6.456790
1.609000	5.765700
1.610000	4.949030
1.611000	4.069450
1.612000	3.378230
1.613000	1.619180
1.614000	0.299801
1.615000	0.236881
1.616000	-0.516996
1.617000	-0.265704
1.618000	-0.705498
1.619000	-0.579787
1.620000	-0.956790
1.621000	-1.082500
1.622000	-1.145290
1.623000	-1.082500
1.624000	-1.522170
1.625000	-2.150460
1.626000	-2.213380
1.627000	-1.961960
1.628000	-2.276170
1.629000	-2.150460
1.630000	-2.087670
1.631000	-1.961960
1.632000	-1.836380
1.633000	-2.024880
1.634000	-1.773590
1.635000	-1.333790
1.636000	-0.831080
1.637000	-0.391285
1.638000	0.425383
1.639000	0.739595
1.640000	1.242180
1.641000	1.744770
1.642000	1.996060
1.643000	2.561560
1.644000	2.875650
1.645000	2.750060
1.646000	3.189860
1.647000	3.252650
1.648000	3.692440
1.649000	3.629650
1.650000	3.943740
1.651000	4.132240
1.652000	4.383530
1.653000	4.320740
1.654000	4.446320
1.655000	4.257820
1.656000	4.006530
1.657000	3.629650
1.658000	3.001360
1.659000	2.435850
1.660000	1.807560
1.661000	1.242180
1.662000	0.613885
1.663000	0.111300
1.664000	-0.265704
1.665000	-0.705498
1.666000	-1.019580
1.667000	-1.270870
1.668000	-1.522170
1.669000	-1.836380
1.670000	-2.338960
1.671000	-2.967260
1.672000	-3.469840
1.673000	-4.098140
1.674000	-4.537930
1.675000	-5.040520
1.676000	-5.291810
1.677000	-5.480310
1.678000	-5.480310
1.679000	-5.417520
1.680000	-5.354730
1.681000	-5.103440
1.682000	-4.789230
1.683000	-4.412220
1.684000	-3.784060
1.685000	-3.469840
1.686000	-2.841550
1.687000	-2.590260
1.688000	-2.024880
1.689000	-1.836380
1.690000	-1.270870
1.691000	-1.145290
1.692000	-0.768289
1.693000	-0.642707
1.694000	-0.579787
1.695000	-0.579787
1.696000	-0.768289
1.697000	-0.893999
1.698000	-1.145290
1.699000	-1.396580
1.700000	-1.836380
1.701000	-2.401750
1.702000	-3.030050
1.703000	-3.721140
1.704000	-4.412220
1.705000	-4.852020
1.706000	-5.606020
1.707000	-5.982900
1.708000	-6.234320
1.709000	-6.171400
1.710000	-6.171400
1.711000	-6.359900
1.712000	-6.234320
1.713000	-6.171400
1.714000	-6.045820
1.715000	-5.920110
1.716000	-5.920110
1.717000	-5.857320
1.718000	-5.857320
1.719000	-5.731610
1.720000	-5.480310
1.721000	-5.480310
1.722000	-5.229020
1.723000	-5.040520
1.724000	-4.789230
1.725000	-4.663640
1.726000	-4.600720
1.727000	-4.726440
1.728000	-4.663640
1.729000	-4.663640
1.730000	-4.852020
1.731000	-5.040520
1.732000	-5.229020
1.733000	-5.606020
1.734000	-5.794520
1.735000	-5.920110
1.736000	-6.108610
1.737000	-6.234320
1.738000	-6.171400
1.739000	-6.234320
1.740000	-6.045820
1.741000	-6.045820
1.742000	-6.045820
1.743000	-5.982900
1.744000	-6.045820
1.745000	-6.045820
1.746000	-6.234320
1.747000	-6.108610
1.748000	-6.234320
1.749000	-6.045820
1.750000	-6.108610
1.751000	-6.108610
1.752000	-5.982900
1.753000	-5.982900
1.754000	-5.920110
1.755000	-5.857320
1.756000	-5.794520
1.757000	-5.857320
1.758000	-5.857320
1.759000	-5.857320
1.760000	-5.731610
1.761000	-5.857320
1.762000	-5.606020
1.763000	-5.543100
1.764000	-5.291810
1.765000	-5.229020
1.766000	-4.977730
1.767000	-4.726440
1.768000	-4.600720
1.769000	-4.475140
1.770000	-4.160930
1.771000	-4.035350
1.772000	-3.909640
1.773000	-3.846850
1.774000	-3.721140
1.775000	-3.658350
1.776000	-3.658350
1.777000	-3.784060
1.778000	-3.721140
1.779000	-3.721140
1.780000	-3.784060
1.781000	-3.846850
1.782000	-3.972430
1.783000	-4.098140
1.784000	-4.160930
1.785000	-4.475140
1.786000	-4.600720
1.787000	-4.726440
1.788000	-4.726440
1.789000	-4.977730
1.790000	-5.040520
1.791000	-5.103440
1.792000	-5.040520
1.793000	-5.103440
1.794000	-5.103440
1.795000	-5.103440
1.796000	-5.040520
1.797000	-4.977730
1.798000	-4.914940
1.799000	-4.789230
1.800000	-4.789230
1.801000	-4.726440
1.802000	-4.537930
1.803000	-4.537930
1.804000	-4.600720
1.805000	-4.349430
1.806000	-4.223850
1.807000	-4.160930
1.808000	-4.098140
1.809000	-3.909640
1.810000	-3.784060
1.811000	-3.532630
1.812000	-3.469840
1.813000	-3.407050
1.814000	-3.092970
1.815000	-2.967260
1.816000	-2.967260
1.817000	-2.904470
1.818000	-2.904470
1.819000	-2.778760
1.820000	-2.778760
1.821000	-2.715970
1.822000	-2.778760
1.823000	-2.841550
1.824000	-2.841550
1.825000	-2.904470
1.826000	-2.841550
1.827000	-3.030050
1.828000	-2.967260
1.829000	-3.092970
1.830000	-3.155760
1.831000	-3.281340
1.832000	-3.344260
1.833000	-3.281340
1.834000	-3.469840
1.835000	-3.532630
1.836000	-3.595550
1.837000	-3.532630
1.838000	-3.532630
1.839000	-3.595550
1.840000	-3.658350
1.841000	-3.595550
1.842000	-3.407050
1.843000	-3.344260
1.844000	-3.218550
1.845000	-2.967260
1.846000	-2.841550
1.847000	-2.464670
1.848000	-2.276170
1.849000	-2.087670
1.850000	-2.024880
1.851000	-1.773590
1.852000	-1.647880
1.853000	-1.522170
1.854000	-1.585090
1.855000	-1.522170
1.856000	-1.585090
1.857000	-1.647880
1.858000	-1.773590
1.859000	-1.899170
1.860000	-1.961960
1.861000	-2.087670
1.862000	-2.213380
1.863000	-2.464670
1.864000	-2.527460
1.865000	-2.590260
1.866000	-2.715970
1.867000	-2.778760
1.868000	-2.841550
1.869000	-2.841550
1.870000	-2.715970
1.871000	-2.778760
1.872000	-2.715970
1.873000	-2.590260
1.874000	-2.527460
1.875000	-2.590260
1.876000	-2.527460
1.877000	-2.464670
1.878000	-2.338960
1.879000	-2.338960
1.880000	-2.213380
1.881000	-2.276170
1.882000	-2.213380
1.883000	-2.087670
1.884000	-2.087670
1.885000	-2.087670
1.886000	-2.087670
1.887000	-2.024880
1.888000	-2.087670
1.889000	-2.213380
1.890000	-2.276170
1.891000	-2.213380
1.892000	-2.213380
1.893000	-2.150460
1.894000	-2.150460
1.895000	-2.150460
1.896000	-2.087670
1.897000	-2.087670
1.898000	-2.150460
1.899000	-2.024880
1.900000	-2.087670
1.901000	-2.087670
1.902000	-2.150460
1.903000	-2.087670
1.904000	-2.087670
1.905000	-2.087670
1.906000	-2.087670
1.907000	-2.024880
1.908000	-2.024880
1.909000	-2.024880
1.910000	-2.024880
1.911000	-1.899170
1.912000	-1.961960
1.913000	-1.961960
1.914000	-1.899170
1.915000	-1.836380
1.916000	-1.836380
1.917000	-1.836380
1.918000	-1.710670
1.919000	-1.710670
1.920000	-1.585090
1.921000	-1.522170
1.922000	-1.459380
1.923000	-1.459380
1.924000	-1.396580
1.925000	-1.333790
1.926000	-1.333790
1.927000	-1.333790
1.928000	-1.333790
1.929000	-1.396580
1.930000	-1.333790
1.931000	-1.333790
1.932000	-1.333790
1.933000	-1.396580
1.934000	-1.396580
1.935000	-1.396580
1.936000	-1.333790
1.937000	-1.396580
1.938000	-1.333790
1.939000	-1.333790
1.940000	-1.459380
1.941000	-1.459380
1.942000	-1.459380
1.943000	-1.522170
1.944000	-1.459380
1.945000	-1.522170
1.946000	-1.522170
1.947000	-1.585090
1.948000	-1.585090
1.949000	-1.585090
1.950000	-1.647880
1.951000	-1.647880
1.952000	-1.647880
1.953000	-1.710670
1.954000	-1.647880
1.955000	-1.647880
1.956000	-1.710670
1.957000	-1.647880
1.958000	-1.710670
1.959000	-1.647880
1.960000	-1.585090
1.961000	-1.647880
1.962000	-1.647880
1.963000	-1.522170
1.964000	-1.459380
1.965000	-1.459380
1.966000	-1.396580
1.967000	-1.396580
1.968000	-1.333790
1.969000	-1.333790
1.970000	-1.333790
1.971000	-1.270870
1.972000	-1.333790
1.973000	-1.396580
1.974000	-1.522170
1.975000	-1.522170
1.976000	-1.522170
1.977000	-1.585090
1.978000	-1.585090
1.979000	-1.647880
1.980000	-1.710670
1.981000	-1.647880
1.982000	-1.647880
1.983000	-1.710670
1.984000	-1.710670
1.985000	-1.773590
1.986000	-1.710670
1.987000	-1.899170
1.988000	-1.836380
1.989000	-1.899170
1.990000	-2.024880
1.991000	-1.899170
1.992000	-2.087670
1.993000	-2.213380
1.994000	-2.213380
1.995000	-2.276170
1.996000	-2.338960
1.997000	-2.276170
1.998000	-2.338960
1.999000	-2.464670
2.000000	-2.401750
2.001000	-2.338960
2.002000	-2.401750
2.003000	-2.213380
2.004000	-2.213380
2.005000	-2.087670
2.006000	-1.961960
2.007000	-1.899170
2.008000	-1.647880
2.009000	-1.585090
2.010000	-1.459380
2.011000	-1.396580
2.012000	-1.270870
2.013000	-1.270870
2.014000	-1.270870
2.015000	-1.145290
2.016000	-1.145290
2.017000	-1.208080
2.018000	-1.270870
2.019000	-1.208080
2.020000	-1.333790
2.021000	-1.396580
2.022000	-1.522170
2.023000	-1.710670
2.024000	-1.710670
2.025000	-1.773590
2.026000	-1.836380
2.027000	-1.836380
2.028000	-1.961960
2.029000	-1.961960
2.030000	-1.961960
2.031000	-1.961960
2.032000	-1.836380
2.033000	-1.836380
2.034000	-1.773590
2.035000	-1.710670
2.036000	-1.710670
2.037000	-1.647880
2.038000	-1.585090
2.039000	-1.459380
2.040000	-1.396580
2.041000	-1.396580
2.042000	-1.270870
2.043000	-1.208080
2.044000	-1.208080
2.045000	-1.270870
2.046000	-1.208080
2.047000	-1.208080
2.048000	-1.145290
2.049000	-1.145290
2.050000	-1.208080
2.051000	-1.082500
2.052000	-1.145290
2.053000	-1.082500
2.054000	-1.082500
2.055000	-1.019580
2.056000	-0.956790
2.057000	-1.019580
2.058000	-0.956790
2.059000	-0.956790
2.060000	-0.956790
2.061000	-0.893999
2.062000	-1.019580
2.063000	-0.956790
2.064000	-0.893999
2.065000	-0.956790
2.066000	-1.082500
2.067000	-1.082500
2.068000	-1.145290
2.069000	-1.208080
2.070000	-1.208080
2.071000	-1.208080
2.072000	-1.208080
2.073000	-1.208080
2.074000	-1.145290
2.075000	-1.082500
2.076000	-1.019580
2.077000	-1.082500
2.078000	-0.956790
2.079000	-0.956790
2.080000	-0.956790
2.081000	-0.831080
2.082000	-0.831080
2.083000	-0.831080
2.084000	-0.831080
2.085000	-0.768289
2.086000	-0.768289
2.087000	-0.831080
2.088000	-0.831080
2.089000	-0.831080
2.090000	-0.893999
2.091000	-0.831080
2.092000	-0.831080
2.093000	-0.768289
2.094000	-0.768289
2.095000	-0.831080
2.096000	-0.768289
2.097000	-0.831080
2.098000	-0.642707
2.099000	-0.642707
2.100000	-0.642707
2.101000	-0.579787
2.102000	-0.642707
2.103000	-0.579787
2.104000	-0.516996
2.105000	-0.516996
2.106000	-0.516996
2.107000	-0.516996
2.108000	-0.516996
2.109000	-0.579787
2.110000	-0.454205
2.111000	-0.579787
2.112000	-0.454205
2.113000	-0.516996
2.114000	-0.579787
2.115000	-0.579787
2.116000	-0.579787
2.117000	-0.579787
2.118000	-0.579787
2.119000	-0.516996
2.120000	-0.454205
2.121000	-0.516996
2.122000	-0.516996
2.123000	-0.454205
2.124000	-0.328495
2.125000	-0.328495
2.126000	-0.328495
2.127000	-0.391285
2.128000	-0.328495
2.129000	-0.328495
2.130000	-0.391285
2.131000	-0.328495
2.132000	-0.391285
2.133000	-0.391285
2.134000	-0.516996
2.135000	-0.391285
2.136000	-0.454205
2.137000	-0.391285
2.138000	-0.454205
2.139000	-0.391285
2.140000	-0.454205
2.141000	-0.454205
2.142000	-0.454205
2.143000	-0.391285
2.144000	-0.454205
2.145000	-0.391285
2.146000	-0.454205
2.147000	-0.391285
2.148000	-0.328495
2.149000	-0.328495
2.150000	-0.391285
2.151000	-0.454205
2.152000	-0.516996
2.153000	-0.516996
2.154000	-0.454205
2.155000	-0.579787
2.156000	-0.516996
2.157000	-0.705498
2.158000	-0.642707
2.159000	-0.642707
2.160000	-0.579787
2.161000	-0.705498
2.162000	-0.642707
2.163000	-0.642707
2.164000	-0.705498
2.165000	-0.579787
2.166000	-0.642707
2.167000	-0.516996
2.168000	-0.516996
2.169000	-0.579787
2.170000	-0.579787
2.171000	-0.391285
2.172000	-0.454205
2.173000	-0.454205
2.174000	-0.328495
2.175000	-0.328495
2.176000	-0.328495
2.177000	-0.202913
2.178000	-0.265704
2.179000	-0.265704
2.180000	-0.202913
2.181000	-0.202913
2.182000	-0.202913
2.183000	-0.202913
2.184000	-0.328495
2.185000	-0.202913
2.186000	-0.202913
2.187000	-0.202913
2.188000	-0.139993
2.189000	-0.139993
2.190000	-0.202913
2.191000	-0.202913
2.192000	-0.139993
2.193000	-0.077202
2.194000	-0.014411
2.195000	-0.077202
2.196000	-0.014411
2.197000	0.048509
2.198000	0.111300
2.199000	0.111300
2.200000	0.048509
2.201000	0.111300
2.202000	0.048509
2.203000	0.174091
2.204000	0.111300
2.205000	0.048509
2.206000	0.048509
2.207000	0.048509
2.208000	0.111300
2.209000	0.048509
2.210000	0.048509
2.211000	-0.014411
2.212000	0.048509
2.213000	-0.014411
2.214000	0.111300
2.215000	0.048509
2.216000	0.048509
2.217000	-0.014411
2.218000	0.048509
2.219000	0.048509
2.220000	0.111300
2.221000	0.111300
2.222000	0.111300
2.223000	0.048509
2.224000	-0.014411
2.225000	0.111300
2.226000	0.111300
2.227000	0.174091
2.228000	0.111300
2.229000	0.174091
2.230000	0.111300
2.231000	0.174091
2.232000	0.174091
2.233000	0.299801
2.234000	0.299801
2.235000	0.299801
2.236000	0.362592
2.237000	0.362592
2.238000	0.362592
2.239000	0.362592
2.240000	0.425383
2.241000	0.362592
2.242000	0.488303
2.243000	0.488303
2.244000	0.425383
2.245000	0.488303
2.246000	0.425383
2.247000	0.425383
2.248000	0.425383
2.249000	0.488303
2.250000	0.362592
2.251000	0.362592
2.252000	0.425383
2.253000	0.299801
2.254000	0.299801
2.255000	0.236881
2.256000	0.111300
2.257000	0.111300
2.258000	0.111300
2.259000	0.111300
2.260000	0.048509
2.261000	-0.014411
2.262000	0.048509
2.263000	-0.077202
2.264000	0.048509
2.265000	-0.077202
2.266000	-0.014411
2.267000	0.111300
2.268000	0.048509
2.269000	0.048509
2.270000	-0.014411
2.271000	0.048509
2.272000	0.111300
2.273000	-0.014411
2.274000	0.048509
2.275000	-0.014411
2.276000	0.174091
2.277000	0.111300
2.278000	0.111300
2.279000	0.174091
2.280000	0.111300
2.281000	0.174091
2.282000	0.236881
2.283000	0.174091
2.284000	0.236881
2.285000	0.174091
2.286000	0.299801
2.287000	0.236881
2.288000	0.299801
2.289000	0.362592
2.290000	0.299801
2.291000	0.362592
2.292000	0.299801
2.293000	0.299801
2.294000	0.299801
2.295000	0.425383
2.296000	0.362592
2.297000	0.299801
2.298000	0.362592
2.299000	0.299801
2.300000	0.236881
2.301000	0.174091
2.302000	0.236881
2.303000	0.174091
2.304000	0.174091
2.305000	0.174091
2.306000	0.048509
2.307000	0.048509
2.308000	0.174091
2.309000	0.111300
2.310000	0.048509
2.311000	0.111300
2.312000	0.111300
2.313000	-0.014411
2.314000	0.048509
2.315000	0.048509
2.316000	-0.014411
2.317000	-0.077202
2.318000	-0.077202
2.319000	-0.077202
2.320000	-0.139993
2.321000	-0.139993
2.322000	-0.139993
2.323000	-0.139993
2.324000	-0.202913
2.325000	-0.139993
2.326000	-0.202913
2.327000	-0.139993
2.328000	-0.202913
2.329000	-0.139993
2.330000	-0.077202
2.331000	-0.139993
2.332000	-0.014411
2.333000	-0.014411
2.334000	-0.014411
2.335000	-0.014411
2.336000	0.048509
2.337000	-0.014411
2.338000	0.048509
2.339000	-0.014411
2.340000	0.048509
2.341000	-0.014411
2.342000	-0.014411
2.343000	-0.014411
2.344000	-0.014411
2.345000	-0.014411
2.346000	-0.014411
2.347000	-0.077202
2.348000	-0.014411
2.349000	-0.077202
2.350000	-0.014411
2.351000	-0.077202
2.352000	-0.014411
2.353000	0.048509
2.354000	0.048509
2.355000	0.111300
2.356000	0.174091
2.357000	0.111300
2.358000	0.174091
2.359000	0.174091
2.360000	0.299801
2.361000	0.299801
2.362000	0.425383
2.363000	0.362592
2.364000	0.425383
2.365000	0.425383
2.366000	0.488303
2.367000	0.488303
2.368000	0.488303
2.369000	0.488303
2.370000	0.425383
2.371000	0.488303
2.372000	0.488303
2.373000	0.488303
2.374000	0.488303
2.375000	0.551094
2.376000	0.676676
2.377000	0.551094
2.378000	0.551094
2.379000	0.551094
2.380000	0.488303
2.381000	0.425383
2.382000	0.362592
2.383000	0.362592
2.384000	0.174091
2.385000	0.174091
2.386000	0.174091
2.387000	0.174091
2.388000	0.236881
2.389000	0.236881
2.390000	0.236881
2.391000	0.174091
2.392000	0.299801
2.393000	0.299801
2.394000	0.236881
2.395000	0.236881
2.396000	0.299801
2.397000	0.174091
2.398000	0.174091
2.399000	0.236881
2.400000	0.236881
2.401000	0.299801
2.402000	0.425383
2.403000	0.362592
2.404000	0.425383
2.405000	0.488303
2.406000	0.551094
2.407000	0.488303
2.408000	0.551094
2.409000	0.613885
2.410000	0.613885
2.411000	0.551094
2.412000	0.551094
2.413000	0.551094
2.414000	0.488303
2.415000	0.551094
2.416000	0.488303
2.417000	0.488303
2.418000	0.425383
2.419000	0.425383
2.420000	0.362592
2.421000	0.362592
2.422000	0.362592
2.423000	0.299801
2.424000	0.299801
2.425000	0.362592
2.426000	0.299801
2.427000	0.299801
2.428000	0.299801
2.429000	0.299801
2.430000	0.299801
2.431000	0.299801
2.432000	0.299801
2.433000	0.174091
2.434000	0.111300
2.435000	-0.014411
2.436000	-0.077202
2.437000	-0.077202
2.438000	-0.077202
2.439000	-0.077202
2.440000	-0.014411
2.441000	-0.014411
2.442000	0.048509
2.443000	-0.014411
2.444000	0.111300
2.445000	0.048509
2.446000	-0.014411
2.447000	0.048509
2.448000	0.048509
2.449000	-0.014411
2.450000	0.048509
2.451000	0.111300
2.452000	0.111300
2.453000	0.174091
2.454000	0.236881
2.455000	0.299801
2.456000	0.236881
2.457000	0.362592
2.458000	0.299801
2.459000	0.299801
2.460000	0.299801
2.461000	0.299801
2.462000	0.236881
2.463000	0.299801
2.464000	0.362592
2.465000	0.299801
2.466000	0.362592
2.467000	0.362592
2.468000	0.236881
2.469000	0.362592
2.470000	0.362592
2.471000	0.425383
2.472000	0.362592
2.473000	0.425383
2.474000	0.299801
2.475000	0.362592
2.476000	0.362592
2.477000	0.174091
2.478000	0.174091
2.479000	0.111300
2.480000	0.111300
2.481000	0.111300
2.482000	0.111300
2.483000	0.111300
2.484000	0.111300
2.485000	-0.014411
2.486000	-0.014411
2.487000	0.048509
2.488000	0.111300
2.489000	0.048509
2.490000	0.048509
2.491000	0.048509
2.492000	0.048509
2.493000	0.048509
2.494000	0.174091
2.495000	0.174091
2.496000	0.111300
2.497000	0.236881
2.498000	0.299801
2.499000	0.362592
