-0.500000	12.595700
-0.499000	14.767700
-0.498000	12.595700
-0.497000	16.939699
-0.496000	14.767700
-0.495000	14.767700
-0.494000	14.767700
-0.493000	16.939699
-0.492000	14.767700
-0.491000	14.767700
-0.490000	16.939699
-0.489000	12.595700
-0.488000	16.939699
-0.487000	14.767700
-0.486000	14.767700
-0.485000	14.767700
-0.484000	14.767700
-0.483000	14.767700
-0.482000	14.767700
-0.481000	14.767700
-0.480000	14.767700
-0.479000	14.767700
-0.478000	14.767700
-0.477000	16.939699
-0.476000	14.767700
-0.475000	12.595700
-0.474000	14.767700
-0.473000	14.767700
-0.472000	16.939699
-0.471000	14.767700
-0.470000	14.767700
-0.469000	14.767700
-0.468000	12.595700
-0.467000	14.767700
-0.466000	14.767700
-0.465000	12.595700
-0.464000	12.595700
-0.463000	14.767700
-0.462000	16.939699
-0.461000	16.939699
-0.460000	16.939699
-0.459000	12.595700
-0.458000	16.939699
-0.457000	16.939699
-0.456000	14.767700
-0.455000	16.939699
-0.454000	14.767700
-0.453000	16.939699
-0.452000	12.595700
-0.451000	14.767700
-0.450000	14.767700
-0.449000	12.595700
-0.448000	14.767700
-0.447000	14.767700
-0.446000	12.595700
-0.445000	14.767700
-0.444000	12.595700
-0.443000	14.767700
-0.442000	14.767700
-0.441000	14.767700
-0.440000	14.767700
-0.439000	14.767700
-0.438000	14.767700
-0.437000	16.939699
-0.436000	14.767700
-0.435000	14.767700
-0.434000	14.767700
-0.433000	14.767700
-0.432000	16.939699
-0.431000	14.767700
-0.430000	14.767700
-0.429000	14.767700
-0.428000	14.767700
-0.427000	14.767700
-0.426000	14.767700
-0.425000	12.595700
-0.424000	14.767700
-0.423000	14.767700
-0.422000	14.767700
-0.421000	14.767700
-0.420000	14.767700
-0.419000	14.767700
-0.418000	16.939699
-0.417000	14.767700
-0.416000	16.939699
-0.415000	14.767700
-0.414000	12.595700
-0.413000	14.767700
-0.412000	14.767700
-0.411000	16.939699
-0.410000	16.939699
-0.409000	14.767700
-0.408000	16.939699
-0.407000	16.939699
-0.406000	12.595700
-0.405000	14.767700
-0.404000	16.939699
-0.403000	14.767700
-0.402000	12.595700
-0.401000	16.939699
-0.400000	14.767700
-0.399000	14.767700
-0.398000	14.767700
-0.397000	19.116100
-0.396000	16.939699
-0.395000	14.767700
-0.394000	12.595700
-0.393000	16.939699
-0.392000	16.939699
-0.391000	14.767700
-0.390000	16.939699
-0.389000	14.767700
-0.388000	14.767700
-0.387000	14.767700
-0.386000	12.595700
-0.385000	14.767700
-0.384000	12.595700
-0.383000	16.939699
-0.382000	16.939699
-0.381000	12.595700
-0.380000	16.939699
-0.379000	14.767700
-0.378000	16.939699
-0.377000	16.939699
-0.376000	14.767700
-0.375000	14.767700
-0.374000	14.767700
-0.373000	14.767700
-0.372000	16.939699
-0.371000	14.767700
-0.370000	14.767700
-0.369000	12.595700
-0.368000	16.939699
-0.367000	14.767700
-0.366000	16.939699
-0.365000	14.767700
-0.364000	14.767700
-0.363000	14.767700
-0.362000	14.767700
-0.361000	16.939699
-0.360000	12.595700
-0.359000	14.767700
-0.358000	12.595700
-0.357000	14.767700
-0.356000	14.767700
-0.355000	12.595700
-0.354000	14.767700
-0.353000	16.939699
-0.352000	12.595700
-0.351000	14.767700
-0.350000	12.595700
-0.349000	14.767700
-0.348000	14.767700
-0.347000	14.767700
-0.346000	14.767700
-0.345000	14.767700
-0.344000	14.767700
-0.343000	14.767700
-0.342000	14.767700
-0.341000	12.595700
-0.340000	12.595700
-0.339000	12.595700
-0.338000	12.595700
-0.337000	14.767700
-0.336000	14.767700
-0.335000	14.767700
-0.334000	12.595700
-0.333000	14.767700
-0.332000	19.116100
-0.331000	16.939699
-0.330000	12.595700
-0.329000	16.939699
-0.328000	12.595700
-0.327000	16.939699
-0.326000	14.767700
-0.325000	14.767700
-0.324000	14.767700
-0.323000	12.595700
-0.322000	12.595700
-0.321000	14.767700
-0.320000	14.767700
-0.319000	12.595700
-0.318000	16.939699
-0.317000	12.595700
-0.316000	14.767700
-0.315000	10.419300
-0.314000	12.595700
-0.313000	14.767700
-0.312000	12.595700
-0.311000	12.595700
-0.310000	12.595700
-0.309000	12.595700
-0.308000	14.767700
-0.307000	14.767700
-0.306000	14.767700
-0.305000	14.767700
-0.304000	16.939699
-0.303000	14.767700
-0.302000	12.595700
-0.301000	16.939699
-0.300000	16.939699
-0.299000	12.595700
-0.298000	14.767700
-0.297000	16.939699
-0.296000	12.595700
-0.295000	14.767700
-0.294000	14.767700
-0.293000	12.595700
-0.292000	19.116100
-0.291000	14.767700
-0.290000	14.767700
-0.289000	14.767700
-0.288000	14.767700
-0.287000	14.767700
-0.286000	12.595700
-0.285000	16.939699
-0.284000	16.939699
-0.283000	14.767700
-0.282000	14.767700
-0.281000	12.595700
-0.280000	12.595700
-0.279000	14.767700
-0.278000	14.767700
-0.277000	14.767700
-0.276000	14.767700
-0.275000	14.767700
-0.274000	14.767700
-0.273000	14.767700
-0.272000	14.767700
-0.271000	14.767700
-0.270000	12.595700
-0.269000	16.939699
-0.268000	14.767700
-0.267000	14.767700
-0.266000	19.116100
-0.265000	12.595700
-0.264000	12.595700
-0.263000	12.595700
-0.262000	14.767700
-0.261000	12.595700
-0.260000	12.595700
-0.259000	14.767700
-0.258000	16.939699
-0.257000	16.939699
-0.256000	12.595700
-0.255000	14.767700
-0.254000	16.939699
-0.253000	14.767700
-0.252000	14.767700
-0.251000	14.767700
-0.250000	12.595700
-0.249000	14.767700
-0.248000	14.767700
-0.247000	12.595700
-0.246000	12.595700
-0.245000	14.767700
-0.244000	12.595700
-0.243000	14.767700
-0.242000	14.767700
-0.241000	14.767700
-0.240000	16.939699
-0.239000	16.939699
-0.238000	16.939699
-0.237000	16.939699
-0.236000	14.767700
-0.235000	14.767700
-0.234000	12.595700
-0.233000	16.939699
-0.232000	14.767700
-0.231000	14.767700
-0.230000	14.767700
-0.229000	16.939699
-0.228000	14.767700
-0.227000	14.767700
-0.226000	14.767700
-0.225000	16.939699
-0.224000	12.595700
-0.223000	16.939699
-0.222000	16.939699
-0.221000	14.767700
-0.220000	14.767700
-0.219000	12.595700
-0.218000	16.939699
-0.217000	12.595700
-0.216000	14.767700
-0.215000	16.939699
-0.214000	12.595700
-0.213000	14.767700
-0.212000	14.767700
-0.211000	12.595700
-0.210000	12.595700
-0.209000	14.767700
-0.208000	16.939699
-0.207000	16.939699
-0.206000	14.767700
-0.205000	14.767700
-0.204000	16.939699
-0.203000	14.767700
-0.202000	12.595700
-0.201000	14.767700
-0.200000	14.767700
-0.199000	14.767700
-0.198000	14.767700
-0.197000	14.767700
-0.196000	14.767700
-0.195000	14.767700
-0.194000	14.767700
-0.193000	14.767700
-0.192000	16.939699
-0.191000	16.939699
-0.190000	16.939699
-0.189000	12.595700
-0.188000	12.595700
-0.187000	16.939699
-0.186000	16.939699
-0.185000	12.595700
-0.184000	14.767700
-0.183000	14.767700
-0.182000	14.767700
-0.181000	16.939699
-0.180000	12.595700
-0.179000	12.595700
-0.178000	12.595700
-0.177000	16.939699
-0.176000	14.767700
-0.175000	14.767700
-0.174000	14.767700
-0.173000	14.767700
-0.172000	16.939699
-0.171000	14.767700
-0.170000	14.767700
-0.169000	14.767700
-0.168000	14.767700
-0.167000	16.939699
-0.166000	14.767700
-0.165000	16.939699
-0.164000	14.767700
-0.163000	12.595700
-0.162000	14.767700
-0.161000	12.595700
-0.160000	14.767700
-0.159000	14.767700
-0.158000	12.595700
-0.157000	12.595700
-0.156000	14.767700
-0.155000	16.939699
-0.154000	14.767700
-0.153000	12.595700
-0.152000	14.767700
-0.151000	16.939699
-0.150000	14.767700
-0.149000	14.767700
-0.148000	14.767700
-0.147000	12.595700
-0.146000	12.595700
-0.145000	14.767700
-0.144000	16.939699
-0.143000	14.767700
-0.142000	14.767700
-0.141000	14.767700
-0.140000	16.939699
-0.139000	12.595700
-0.138000	14.767700
-0.137000	16.939699
-0.136000	12.595700
-0.135000	16.939699
-0.134000	16.939699
-0.133000	12.595700
-0.132000	12.595700
-0.131000	12.595700
-0.130000	14.767700
-0.129000	12.595700
-0.128000	14.767700
-0.127000	16.939699
-0.126000	14.767700
-0.125000	16.939699
-0.124000	14.767700
-0.123000	16.939699
-0.122000	14.767700
-0.121000	14.767700
-0.120000	16.939699
-0.119000	14.767700
-0.118000	14.767700
-0.117000	14.767700
-0.116000	14.767700
-0.115000	12.595700
-0.114000	16.939699
-0.113000	19.116100
-0.112000	14.767700
-0.111000	14.767700
-0.110000	14.767700
-0.109000	14.767700
-0.108000	14.767700
-0.107000	16.939699
-0.106000	12.595700
-0.105000	12.595700
-0.104000	14.767700
-0.103000	14.767700
-0.102000	14.767700
-0.101000	16.939699
-0.100000	16.939699
-0.099000	14.767700
-0.098000	14.767700
-0.097000	16.939699
-0.096000	14.767700
-0.095000	16.939699
-0.094000	14.767700
-0.093000	16.939699
-0.092000	14.767700
-0.091000	16.939699
-0.090000	16.939699
-0.089000	12.595700
-0.088000	14.767700
-0.087000	12.595700
-0.086000	16.939699
-0.085000	14.767700
-0.084000	14.767700
-0.083000	16.939699
-0.082000	14.767700
-0.081000	16.939699
-0.080000	16.939699
-0.079000	14.767700
-0.078000	16.939699
-0.077000	12.595700
-0.076000	16.939699
-0.075000	16.939699
-0.074000	14.767700
-0.073000	14.767700
-0.072000	16.939699
-0.071000	12.595700
-0.070000	14.767700
-0.069000	14.767700
-0.068000	14.767700
-0.067000	16.939699
-0.066000	14.767700
-0.065000	14.767700
-0.064000	14.767700
-0.063000	14.767700
-0.062000	16.939699
-0.061000	14.767700
-0.060000	12.595700
-0.059000	16.939699
-0.058000	14.767700
-0.057000	16.939699
-0.056000	16.939699
-0.055000	14.767700
-0.054000	14.767700
-0.053000	14.767700
-0.052000	16.939699
-0.051000	14.767700
-0.050000	19.116100
-0.049000	14.767700
-0.048000	14.767700
-0.047000	14.767700
-0.046000	14.767700
-0.045000	14.767700
-0.044000	14.767700
-0.043000	14.767700
-0.042000	12.595700
-0.041000	16.939699
-0.040000	16.939699
-0.039000	16.939699
-0.038000	16.939699
-0.037000	16.939699
-0.036000	14.767700
-0.035000	14.767700
-0.034000	14.767700
-0.033000	16.939699
-0.032000	16.939699
-0.031000	10.419300
-0.030000	10.419300
-0.029000	10.419300
-0.028000	25.632000
-0.027000	21.288099
-0.026000	25.632000
-0.025000	8.247290
-0.024000	16.939699
-0.023000	38.672798
-0.022000	45.193199
-0.021000	53.885502
-0.020000	32.152401
-0.019000	25.632000
-0.018000	21.288099
-0.017000	25.632000
-0.016000	21.288099
-0.015000	16.939699
-0.014000	12.595700
-0.013000	12.595700
-0.012000	16.939699
-0.011000	21.288099
-0.010000	25.632000
-0.009000	19.116100
-0.008000	19.116100
-0.007000	25.632000
-0.006000	34.328800
-0.005000	43.021198
-0.004000	36.500801
-0.003000	32.152401
-0.002000	23.459999
-0.001000	29.980400
0.000000	25.632000
0.001000	27.808500
0.002000	27.808500
0.003000	29.980400
0.004000	29.980400
0.005000	32.152401
0.006000	38.672798
0.007000	38.672798
0.008000	43.021198
0.009000	38.672798
0.010000	45.193199
0.011000	45.193199
0.012000	45.193199
0.013000	51.713600
0.014000	45.193199
0.015000	43.021198
0.016000	38.672798
0.017000	40.844799
0.018000	40.844799
0.019000	45.193199
0.020000	40.844799
0.021000	43.021198
0.022000	40.844799
0.023000	47.365200
0.024000	51.713600
0.025000	60.405899
0.026000	60.405899
0.027000	56.057499
0.028000	53.885502
0.029000	51.713600
0.030000	56.057499
0.031000	53.885502
0.032000	51.713600
0.033000	53.885502
0.034000	53.885502
0.035000	56.057499
0.036000	60.405899
0.037000	62.577900
0.038000	60.405899
0.039000	60.405899
0.040000	60.405899
0.041000	62.577900
0.042000	60.405899
0.043000	62.577900
0.044000	64.749901
0.045000	60.405899
0.046000	62.577900
0.047000	62.577900
0.048000	60.405899
0.049000	62.577900
0.050000	58.234001
0.051000	51.713600
0.052000	29.980400
0.053000	8.247290
0.054000	-9.137440
0.055000	-35.219002
0.056000	-37.390999
0.057000	-24.350201
0.058000	1.726900
0.059000	36.500801
0.060000	62.577900
0.061000	82.139099
0.062000	90.831398
0.063000	99.523804
0.064000	106.043999
0.065000	95.175400
0.066000	82.139099
0.067000	60.405899
0.068000	47.365200
0.069000	32.152401
0.070000	34.328800
0.071000	34.328800
0.072000	38.672798
0.073000	38.672798
0.074000	29.980400
0.075000	34.328800
0.076000	34.328800
0.077000	34.328800
0.078000	36.500801
0.079000	36.500801
0.080000	34.328800
0.081000	27.808500
0.082000	34.328800
0.083000	36.500801
0.084000	47.365200
0.085000	51.713600
0.086000	56.057499
0.087000	58.234001
0.088000	58.234001
0.089000	58.234001
0.090000	56.057499
0.091000	49.537102
0.092000	45.193199
0.093000	38.672798
0.094000	34.328800
0.095000	29.980400
0.096000	29.980400
0.097000	32.152401
0.098000	34.328800
0.099000	36.500801
0.100000	36.500801
0.101000	38.672798
0.102000	32.152401
0.103000	29.980400
0.104000	32.152401
0.105000	32.152401
0.106000	32.152401
0.107000	34.328800
0.108000	32.152401
0.109000	34.328800
0.110000	38.672798
0.111000	38.672798
0.112000	38.672798
0.113000	38.672798
0.114000	36.500801
0.115000	36.500801
0.116000	36.500801
0.117000	34.328800
0.118000	36.500801
0.119000	32.152401
0.120000	29.980400
0.121000	27.808500
0.122000	29.980400
0.123000	29.980400
0.124000	32.152401
0.125000	34.328800
0.126000	36.500801
0.127000	38.672798
0.128000	32.152401
0.129000	34.328800
0.130000	32.152401
0.131000	32.152401
0.132000	34.328800
0.133000	29.980400
0.134000	36.500801
0.135000	34.328800
0.136000	40.844799
0.137000	40.844799
0.138000	45.193199
0.139000	53.885502
0.140000	45.193199
0.141000	38.672798
0.142000	29.980400
0.143000	36.500801
0.144000	27.808500
0.145000	34.328800
0.146000	34.328800
0.147000	29.980400
0.148000	29.980400
0.149000	25.632000
0.150000	29.980400
0.151000	25.632000
0.152000	23.459999
0.153000	25.632000
0.154000	29.980400
0.155000	36.500801
0.156000	34.328800
0.157000	32.152401
0.158000	36.500801
0.159000	32.152401
0.160000	34.328800
0.161000	32.152401
0.162000	36.500801
0.163000	36.500801
0.164000	34.328800
0.165000	32.152401
0.166000	32.152401
0.167000	25.632000
0.168000	27.808500
0.169000	25.632000
0.170000	27.808500
0.171000	27.808500
0.172000	29.980400
0.173000	27.808500
0.174000	29.980400
0.175000	27.808500
0.176000	27.808500
0.177000	27.808500
0.178000	27.808500
0.179000	27.808500
0.180000	29.980400
0.181000	27.808500
0.182000	29.980400
0.183000	32.152401
0.184000	27.808500
0.185000	29.980400
0.186000	29.980400
0.187000	29.980400
0.188000	29.980400
0.189000	29.980400
0.190000	29.980400
0.191000	29.980400
0.192000	29.980400
0.193000	34.328800
0.194000	32.152401
0.195000	29.980400
0.196000	29.980400
0.197000	29.980400
0.198000	32.152401
0.199000	32.152401
0.200000	34.328800
0.201000	32.152401
0.202000	34.328800
0.203000	32.152401
0.204000	32.152401
0.205000	34.328800
0.206000	32.152401
0.207000	32.152401
0.208000	29.980400
0.209000	32.152401
0.210000	29.980400
0.211000	29.980400
0.212000	29.980400
0.213000	29.980400
0.214000	27.808500
0.215000	29.980400
0.216000	32.152401
0.217000	27.808500
0.218000	29.980400
0.219000	27.808500
0.220000	27.808500
0.221000	25.632000
0.222000	25.632000
0.223000	27.808500
0.224000	29.980400
0.225000	29.980400
0.226000	27.808500
0.227000	27.808500
0.228000	25.632000
0.229000	27.808500
0.230000	23.459999
0.231000	27.808500
0.232000	27.808500
0.233000	27.808500
0.234000	29.980400
0.235000	27.808500
0.236000	29.980400
0.237000	29.980400
0.238000	27.808500
0.239000	27.808500
0.240000	29.980400
0.241000	25.632000
0.242000	25.632000
0.243000	27.808500
0.244000	29.980400
0.245000	27.808500
0.246000	27.808500
0.247000	29.980400
0.248000	29.980400
0.249000	29.980400
0.250000	27.808500
0.251000	27.808500
0.252000	29.980400
0.253000	29.980400
0.254000	27.808500
0.255000	29.980400
0.256000	29.980400
0.257000	29.980400
0.258000	27.808500
0.259000	32.152401
0.260000	32.152401
0.261000	29.980400
0.262000	29.980400
0.263000	32.152401
0.264000	29.980400
0.265000	29.980400
0.266000	27.808500
0.267000	29.980400
0.268000	32.152401
0.269000	27.808500
0.270000	27.808500
0.271000	25.632000
0.272000	29.980400
0.273000	25.632000
0.274000	27.808500
0.275000	25.632000
0.276000	23.459999
0.277000	27.808500
0.278000	23.459999
0.279000	27.808500
0.280000	25.632000
0.281000	25.632000
0.282000	25.632000
0.283000	25.632000
0.284000	23.459999
0.285000	21.288099
0.286000	21.288099
0.287000	25.632000
0.288000	25.632000
0.289000	25.632000
0.290000	27.808500
0.291000	32.152401
0.292000	25.632000
0.293000	27.808500
0.294000	32.152401
0.295000	27.808500
0.296000	27.808500
0.297000	27.808500
0.298000	27.808500
0.299000	25.632000
0.300000	25.632000
0.301000	25.632000
0.302000	27.808500
0.303000	25.632000
0.304000	27.808500
0.305000	27.808500
0.306000	27.808500
0.307000	25.632000
0.308000	25.632000
0.309000	27.808500
0.310000	27.808500
0.311000	27.808500
0.312000	29.980400
0.313000	27.808500
0.314000	27.808500
0.315000	27.808500
0.316000	27.808500
0.317000	25.632000
0.318000	25.632000
0.319000	21.288099
0.320000	27.808500
0.321000	23.459999
0.322000	25.632000
0.323000	23.459999
0.324000	23.459999
0.325000	25.632000
0.326000	25.632000
0.327000	25.632000
0.328000	25.632000
0.329000	23.459999
0.330000	23.459999
0.331000	23.459999
0.332000	23.459999
0.333000	23.459999
0.334000	23.459999
0.335000	23.459999
0.336000	23.459999
0.337000	23.459999
0.338000	21.288099
0.339000	23.459999
0.340000	21.288099
0.341000	23.459999
0.342000	21.288099
0.343000	21.288099
0.344000	21.288099
0.345000	19.116100
0.346000	21.288099
0.347000	21.288099
0.348000	19.116100
0.349000	16.939699
0.350000	19.116100
0.351000	19.116100
0.352000	21.288099
0.353000	19.116100
0.354000	19.116100
0.355000	21.288099
0.356000	19.116100
0.357000	21.288099
0.358000	23.459999
0.359000	21.288099
0.360000	23.459999
0.361000	21.288099
0.362000	23.459999
0.363000	23.459999
0.364000	23.459999
0.365000	19.116100
0.366000	21.288099
0.367000	21.288099
0.368000	21.288099
0.369000	19.116100
0.370000	23.459999
0.371000	21.288099
0.372000	19.116100
0.373000	19.116100
0.374000	19.116100
0.375000	16.939699
0.376000	19.116100
0.377000	19.116100
0.378000	21.288099
0.379000	16.939699
0.380000	19.116100
0.381000	19.116100
0.382000	16.939699
0.383000	23.459999
0.384000	16.939699
0.385000	16.939699
0.386000	14.767700
0.387000	14.767700
0.388000	16.939699
0.389000	16.939699
0.390000	16.939699
0.391000	19.116100
0.392000	16.939699
0.393000	14.767700
0.394000	16.939699
0.395000	14.767700
0.396000	16.939699
0.397000	16.939699
0.398000	23.459999
0.399000	23.459999
0.400000	19.116100
0.401000	14.767700
0.402000	14.767700
0.403000	14.767700
0.404000	12.595700
0.405000	19.116100
0.406000	16.939699
0.407000	14.767700
0.408000	12.595700
0.409000	12.595700
0.410000	14.767700
0.411000	10.419300
0.412000	14.767700
0.413000	12.595700
0.414000	16.939699
0.415000	21.288099
0.416000	21.288099
0.417000	21.288099
0.418000	19.116100
0.419000	16.939699
0.420000	16.939699
0.421000	19.116100
0.422000	19.116100
0.423000	19.116100
0.424000	16.939699
0.425000	16.939699
0.426000	19.116100
0.427000	19.116100
0.428000	16.939699
0.429000	16.939699
0.430000	12.595700
0.431000	12.595700
0.432000	14.767700
0.433000	14.767700
0.434000	16.939699
0.435000	19.116100
0.436000	16.939699
0.437000	16.939699
0.438000	12.595700
0.439000	19.116100
0.440000	16.939699
0.441000	21.288099
0.442000	23.459999
0.443000	21.288099
0.444000	23.459999
0.445000	16.939699
0.446000	19.116100
0.447000	16.939699
0.448000	16.939699
0.449000	16.939699
0.450000	12.595700
0.451000	16.939699
0.452000	14.767700
0.453000	14.767700
0.454000	14.767700
0.455000	16.939699
0.456000	19.116100
0.457000	19.116100
0.458000	19.116100
0.459000	16.939699
0.460000	23.459999
0.461000	19.116100
0.462000	19.116100
0.463000	12.595700
0.464000	14.767700
0.465000	16.939699
0.466000	12.595700
0.467000	16.939699
0.468000	19.116100
0.469000	16.939699
0.470000	16.939699
0.471000	19.116100
0.472000	19.116100
0.473000	21.288099
0.474000	16.939699
0.475000	19.116100
0.476000	23.459999
0.477000	21.288099
0.478000	21.288099
0.479000	21.288099
0.480000	21.288099
0.481000	21.288099
0.482000	19.116100
0.483000	21.288099
0.484000	19.116100
0.485000	19.116100
0.486000	19.116100
0.487000	21.288099
0.488000	21.288099
0.489000	19.116100
0.490000	21.288099
0.491000	23.459999
0.492000	19.116100
0.493000	19.116100
0.494000	21.288099
0.495000	19.116100
0.496000	21.288099
0.497000	19.116100
0.498000	21.288099
0.499000	21.288099
0.500000	19.116100
0.501000	19.116100
0.502000	19.116100
0.503000	21.288099
0.504000	19.116100
0.505000	19.116100
0.506000	19.116100
0.507000	21.288099
0.508000	19.116100
0.509000	23.459999
0.510000	23.459999
0.511000	23.459999
0.512000	23.459999
0.513000	19.116100
0.514000	23.459999
0.515000	21.288099
0.516000	21.288099
0.517000	23.459999
0.518000	21.288099
0.519000	19.116100
0.520000	19.116100
0.521000	21.288099
0.522000	23.459999
0.523000	21.288099
0.524000	19.116100
0.525000	21.288099
0.526000	21.288099
0.527000	21.288099
0.528000	19.116100
0.529000	19.116100
0.530000	19.116100
0.531000	19.116100
0.532000	21.288099
0.533000	23.459999
0.534000	19.116100
0.535000	19.116100
0.536000	19.116100
0.537000	19.116100
0.538000	16.939699
0.539000	16.939699
0.540000	21.288099
0.541000	16.939699
0.542000	21.288099
0.543000	21.288099
0.544000	19.116100
0.545000	19.116100
0.546000	21.288099
0.547000	21.288099
0.548000	19.116100
0.549000	21.288099
0.550000	21.288099
0.551000	21.288099
0.552000	19.116100
0.553000	21.288099
0.554000	19.116100
0.555000	19.116100
0.556000	23.459999
0.557000	19.116100
0.558000	16.939699
0.559000	19.116100
0.560000	16.939699
0.561000	19.116100
0.562000	21.288099
0.563000	21.288099
0.564000	21.288099
0.565000	19.116100
0.566000	21.288099
0.567000	19.116100
0.568000	19.116100
0.569000	19.116100
0.570000	19.116100
0.571000	21.288099
0.572000	19.116100
0.573000	21.288099
0.574000	19.116100
0.575000	23.459999
0.576000	19.116100
0.577000	21.288099
0.578000	16.939699
0.579000	19.116100
0.580000	23.459999
0.581000	19.116100
0.582000	21.288099
0.583000	16.939699
0.584000	16.939699
0.585000	21.288099
0.586000	19.116100
0.587000	21.288099
0.588000	16.939699
0.589000	25.632000
0.590000	21.288099
0.591000	19.116100
0.592000	14.767700
0.593000	10.419300
0.594000	16.939699
0.595000	19.116100
0.596000	21.288099
0.597000	19.116100
0.598000	21.288099
0.599000	21.288099
0.600000	21.288099
0.601000	21.288099
0.602000	19.116100
0.603000	25.632000
0.604000	32.152401
0.605000	25.632000
0.606000	21.288099
0.607000	8.247290
0.608000	19.116100
0.609000	12.595700
0.610000	16.939699
0.611000	21.288099
0.612000	14.767700
0.613000	19.116100
0.614000	12.595700
0.615000	14.767700
0.616000	12.595700
0.617000	16.939699
0.618000	19.116100
0.619000	23.459999
0.620000	25.632000
0.621000	21.288099
0.622000	21.288099
0.623000	19.116100
0.624000	21.288099
0.625000	21.288099
0.626000	19.116100
0.627000	25.632000
0.628000	21.288099
0.629000	23.459999
0.630000	19.116100
0.631000	23.459999
0.632000	23.459999
0.633000	21.288099
0.634000	23.459999
0.635000	19.116100
0.636000	19.116100
0.637000	21.288099
0.638000	19.116100
0.639000	21.288099
0.640000	21.288099
0.641000	27.808500
0.642000	21.288099
0.643000	23.459999
0.644000	19.116100
0.645000	19.116100
0.646000	19.116100
0.647000	21.288099
0.648000	25.632000
0.649000	16.939699
0.650000	19.116100
0.651000	21.288099
0.652000	19.116100
0.653000	21.288099
0.654000	19.116100
0.655000	21.288099
0.656000	21.288099
0.657000	25.632000
0.658000	21.288099
0.659000	19.116100
0.660000	19.116100
0.661000	21.288099
0.662000	23.459999
0.663000	21.288099
0.664000	23.459999
0.665000	21.288099
0.666000	21.288099
0.667000	21.288099
0.668000	21.288099
0.669000	19.116100
0.670000	21.288099
0.671000	21.288099
0.672000	21.288099
0.673000	21.288099
0.674000	23.459999
0.675000	25.632000
0.676000	25.632000
0.677000	19.116100
0.678000	25.632000
0.679000	19.116100
0.680000	21.288099
0.681000	16.939699
0.682000	16.939699
0.683000	16.939699
0.684000	16.939699
0.685000	19.116100
0.686000	23.459999
0.687000	21.288099
0.688000	19.116100
0.689000	21.288099
0.690000	19.116100
0.691000	21.288099
0.692000	21.288099
0.693000	21.288099
0.694000	23.459999
0.695000	19.116100
0.696000	19.116100
0.697000	19.116100
0.698000	21.288099
0.699000	25.632000
0.700000	-22.178200
0.701000	-6.965470
0.702000	86.483002
0.703000	116.908997
0.704000	106.043999
0.705000	169.067001
0.706000	62.577900
0.707000	-69.988503
0.708000	-50.427299
0.709000	-154.744995
0.710000	-28.698601
0.711000	-85.201202
0.712000	-126.490997
0.713000	-98.241997
0.714000	-172.128998
0.715000	-119.971001
0.716000	-165.608994
0.717000	-148.223999
0.718000	-106.933998
0.719000	-163.436996
0.720000	-122.147003
0.721000	-80.852798
0.722000	-69.988503
0.723000	-50.427299
0.724000	-87.373199
0.725000	-37.390999
0.726000	-46.083302
0.727000	-6.965470
0.728000	-15.657800
0.729000	-56.947701
0.730000	-89.549599
0.731000	-102.585999
0.732000	-152.572998
0.733000	-137.360001
0.734000	-150.395996
0.735000	-111.278000
0.736000	-198.210999
0.737000	-113.455002
0.738000	-85.201202
0.739000	-117.799004
0.740000	-69.988503
0.741000	-50.427299
0.742000	-76.508797
0.743000	-69.988503
0.744000	-65.640099
0.745000	-39.563000
0.746000	-52.603699
0.747000	-83.029198
0.748000	-91.721603
0.749000	-87.373199
0.750000	-91.721603
0.751000	-87.373199
0.752000	-83.029198
0.753000	-63.468102
0.754000	-80.852798
0.755000	-85.201202
0.756000	-83.029198
0.757000	-76.508797
0.758000	-76.508797
0.759000	-78.680801
0.760000	-80.852798
0.761000	-69.988503
0.762000	-65.640099
0.763000	-48.255299
0.764000	-41.734901
0.765000	-52.603699
0.766000	-74.336899
0.767000	-67.816498
0.768000	-63.468102
0.769000	-67.816498
0.770000	-69.988503
0.771000	-65.640099
0.772000	-76.508797
0.773000	-76.508797
0.774000	-80.852798
0.775000	-85.201202
0.776000	-85.201202
0.777000	-98.241997
0.778000	-96.065598
0.779000	-96.065598
0.780000	-104.762001
0.781000	-115.626999
0.782000	-135.182999
0.783000	-122.147003
0.784000	-113.455002
0.785000	-100.414001
0.786000	-100.414001
0.787000	-98.241997
0.788000	-102.585999
0.789000	-106.933998
0.790000	-72.160400
0.791000	-65.640099
0.792000	-109.106003
0.793000	-41.734901
0.794000	-80.852798
0.795000	-59.124100
0.796000	-39.563000
0.797000	-69.988503
0.798000	-39.563000
0.799000	-56.947701
0.800000	-50.427299
0.801000	-50.427299
0.802000	-6.965470
0.803000	-33.042599
0.804000	-24.350201
0.805000	12.595700
0.806000	-22.178200
0.807000	-2.617060
0.808000	-26.522200
0.809000	-50.427299
0.810000	-52.603699
0.811000	-61.296101
0.812000	-39.563000
0.813000	-39.563000
0.814000	-43.911400
0.815000	-35.219002
0.816000	-24.350201
0.817000	-28.698601
0.818000	-4.793490
0.819000	-4.793490
0.820000	-13.485900
0.821000	-4.793490
0.822000	-24.350201
0.823000	-15.657800
0.824000	-17.829800
0.825000	-15.657800
0.826000	-6.965470
0.827000	-11.309400
0.828000	-20.006201
0.829000	-24.350201
0.830000	-22.178200
0.831000	-15.657800
0.832000	-26.522200
0.833000	-28.698601
0.834000	-41.734901
0.835000	-41.734901
0.836000	-41.734901
0.837000	-43.911400
0.838000	-35.219002
0.839000	-41.734901
0.840000	-43.911400
0.841000	-50.427299
0.842000	-50.427299
0.843000	-48.255299
0.844000	-43.911400
0.845000	-41.734901
0.846000	-39.563000
0.847000	-41.734901
0.848000	-43.911400
0.849000	-46.083302
0.850000	-43.911400
0.851000	-28.698601
0.852000	-39.563000
0.853000	-43.911400
0.854000	-50.427299
0.855000	-48.255299
0.856000	-43.911400
0.857000	-54.775700
0.858000	-50.427299
0.859000	-46.083302
0.860000	-41.734901
0.861000	-30.870600
0.862000	-33.042599
0.863000	-24.350201
0.864000	-24.350201
0.865000	-30.870600
0.866000	-35.219002
0.867000	-43.911400
0.868000	-35.219002
0.869000	-39.563000
0.870000	-43.911400
0.871000	-50.427299
0.872000	-50.427299
0.873000	-41.734901
0.874000	-41.734901
0.875000	-46.083302
0.876000	-50.427299
0.877000	-52.603699
0.878000	-52.603699
0.879000	-54.775700
0.880000	-61.296101
0.881000	-59.124100
0.882000	-69.988503
0.883000	-69.988503
0.884000	-76.508797
0.885000	-72.160400
0.886000	-67.816498
0.887000	-65.640099
0.888000	-65.640099
0.889000	-69.988503
0.890000	-63.468102
0.891000	-65.640099
0.892000	-63.468102
0.893000	-65.640099
0.894000	-65.640099
0.895000	-69.988503
0.896000	-69.988503
0.897000	-69.988503
0.898000	-65.640099
0.899000	-67.816498
0.900000	-69.988503
0.901000	-69.988503
0.902000	-67.816498
0.903000	-63.468102
0.904000	-59.124100
0.905000	-52.603699
0.906000	-59.124100
0.907000	-61.296101
0.908000	-65.640099
0.909000	-65.640099
0.910000	-69.988503
0.911000	-78.680801
0.912000	-85.201202
0.913000	-91.721603
0.914000	-91.721603
0.915000	-83.029198
0.916000	-98.241997
0.917000	-87.373199
0.918000	-91.721603
0.919000	-87.373199
0.920000	-83.029198
0.921000	-83.029198
0.922000	-85.201202
0.923000	-85.201202
0.924000	-83.029198
0.925000	-80.852798
0.926000	-87.373199
0.927000	-87.373199
0.928000	-89.549599
0.929000	-87.373199
0.930000	-89.549599
0.931000	-89.549599
0.932000	-91.721603
0.933000	-96.065598
0.934000	-96.065598
0.935000	-100.414001
0.936000	-100.414001
0.937000	-98.241997
0.938000	-100.414001
0.939000	-96.065598
0.940000	-98.241997
0.941000	-98.241997
0.942000	-100.414001
0.943000	-102.585999
0.944000	-106.933998
0.945000	-109.106003
0.946000	-109.106003
0.947000	-106.933998
0.948000	-109.106003
0.949000	-113.455002
0.950000	-115.626999
0.951000	-109.106003
0.952000	-113.455002
0.953000	-109.106003
0.954000	-106.933998
0.955000	-106.933998
0.956000	-104.762001
0.957000	-106.933998
0.958000	-100.414001
0.959000	-102.585999
0.960000	-98.241997
0.961000	-102.585999
0.962000	-109.106003
0.963000	-109.106003
0.964000	-102.585999
0.965000	-115.626999
0.966000	-104.762001
0.967000	-119.971001
0.968000	-141.703995
0.969000	-133.011002
0.970000	-150.395996
0.971000	-139.531998
0.972000	-146.052002
0.973000	-133.011002
0.974000	-133.011002
0.975000	-141.703995
0.976000	-130.839005
0.977000	-117.799004
0.978000	-104.762001
0.979000	-119.971001
0.980000	-139.531998
0.981000	-146.052002
0.982000	-152.572998
0.983000	-139.531998
0.984000	-141.703995
0.985000	-133.011002
0.986000	-146.052002
0.987000	-143.880005
0.988000	-146.052002
0.989000	-139.531998
0.990000	-139.531998
0.991000	-135.182999
0.992000	-137.360001
0.993000	-135.182999
0.994000	-130.839005
0.995000	-126.490997
0.996000	-133.011002
0.997000	-133.011002
0.998000	-143.880005
0.999000	-137.360001
1.000000	-137.360001
1.001000	-137.360001
1.002000	-135.182999
1.003000	-137.360001
1.004000	-137.360001
1.005000	-137.360001
1.006000	-133.011002
1.007000	-133.011002
1.008000	-135.182999
1.009000	-130.839005
1.010000	-124.319000
1.011000	-119.971001
1.012000	-122.147003
1.013000	-126.490997
1.014000	-130.839005
1.015000	-137.360001
1.016000	-135.182999
1.017000	-133.011002
1.018000	-126.490997
1.019000	-130.839005
1.020000	-128.667007
1.021000	-126.490997
1.022000	-128.667007
1.023000	-130.839005
1.024000	-130.839005
1.025000	-130.839005
1.026000	-128.667007
1.027000	-128.667007
1.028000	-126.490997
1.029000	-119.971001
1.030000	-122.147003
1.031000	-124.319000
1.032000	-119.971001
1.033000	-119.971001
1.034000	-117.799004
1.035000	-119.971001
1.036000	-117.799004
1.037000	-122.147003
1.038000	-119.971001
1.039000	-115.626999
1.040000	-113.455002
1.041000	-113.455002
1.042000	-117.799004
1.043000	-117.799004
1.044000	-117.799004
1.045000	-119.971001
1.046000	-122.147003
1.047000	-119.971001
1.048000	-122.147003
1.049000	-124.319000
1.050000	-122.147003
1.051000	-119.971001
1.052000	-117.799004
1.053000	-119.971001
1.054000	-122.147003
1.055000	-119.971001
1.056000	-117.799004
1.057000	-117.799004
1.058000	-119.971001
1.059000	-119.971001
1.060000	-122.147003
1.061000	-119.971001
1.062000	-119.971001
1.063000	-113.455002
1.064000	-113.455002
1.065000	-113.455002
1.066000	-111.278000
1.067000	-111.278000
1.068000	-109.106003
1.069000	-113.455002
1.070000	-113.455002
1.071000	-111.278000
1.072000	-109.106003
1.073000	-106.933998
1.074000	-106.933998
1.075000	-106.933998
1.076000	-106.933998
1.077000	-102.585999
1.078000	-102.585999
1.079000	-100.414001
1.080000	-102.585999
1.081000	-100.414001
1.082000	-102.585999
1.083000	-100.414001
1.084000	-100.414001
1.085000	-98.241997
1.086000	-96.065598
1.087000	-93.893600
1.088000	-93.893600
1.089000	-93.893600
1.090000	-93.893600
1.091000	-96.065598
1.092000	-91.721603
1.093000	-93.893600
1.094000	-93.893600
1.095000	-96.065598
1.096000	-91.721603
1.097000	-93.893600
1.098000	-93.893600
1.099000	-89.549599
1.100000	-89.549599
1.101000	-87.373199
1.102000	-89.549599
1.103000	-87.373199
1.104000	-91.721603
1.105000	-93.893600
1.106000	-91.721603
1.107000	-89.549599
1.108000	-91.721603
1.109000	-91.721603
1.110000	-91.721603
1.111000	-85.201202
1.112000	-85.201202
1.113000	-91.721603
1.114000	-87.373199
1.115000	-93.893600
1.116000	-91.721603
1.117000	-91.721603
1.118000	-87.373199
1.119000	-87.373199
1.120000	-87.373199
1.121000	-87.373199
1.122000	-85.201202
1.123000	-87.373199
1.124000	-87.373199
1.125000	-85.201202
1.126000	-80.852798
1.127000	-83.029198
1.128000	-83.029198
1.129000	-87.373199
1.130000	-83.029198
1.131000	-76.508797
1.132000	-76.508797
1.133000	-78.680801
1.134000	-80.852798
1.135000	-76.508797
1.136000	-72.160400
1.137000	-76.508797
1.138000	-74.336899
1.139000	-69.988503
1.140000	-72.160400
1.141000	-74.336899
1.142000	-67.816498
1.143000	-69.988503
1.144000	-65.640099
1.145000	-65.640099
1.146000	-67.816498
1.147000	-65.640099
1.148000	-72.160400
1.149000	-69.988503
1.150000	-67.816498
1.151000	-63.468102
1.152000	-67.816498
1.153000	-67.816498
1.154000	-67.816498
1.155000	-67.816498
1.156000	-65.640099
1.157000	-69.988503
1.158000	-67.816498
1.159000	-67.816498
1.160000	-65.640099
1.161000	-69.988503
1.162000	-69.988503
1.163000	-67.816498
1.164000	-63.468102
1.165000	-63.468102
1.166000	-63.468102
1.167000	-59.124100
1.168000	-61.296101
1.169000	-56.947701
1.170000	-61.296101
1.171000	-61.296101
1.172000	-61.296101
1.173000	-61.296101
1.174000	-59.124100
1.175000	-63.468102
1.176000	-65.640099
1.177000	-65.640099
1.178000	-65.640099
1.179000	-65.640099
1.180000	-69.988503
1.181000	-72.160400
1.182000	-69.988503
1.183000	-69.988503
1.184000	-69.988503
1.185000	-67.816498
1.186000	-67.816498
1.187000	-67.816498
1.188000	-65.640099
1.189000	-65.640099
1.190000	-65.640099
1.191000	-65.640099
1.192000	-67.816498
1.193000	-63.468102
1.194000	-67.816498
1.195000	-80.852798
1.196000	-67.816498
1.197000	-76.508797
1.198000	-74.336899
1.199000	-67.816498
1.200000	-69.988503
1.201000	-65.640099
1.202000	-65.640099
1.203000	-65.640099
1.204000	-69.988503
1.205000	-74.336899
1.206000	-74.336899
1.207000	-67.816498
1.208000	-69.988503
1.209000	-69.988503
1.210000	-74.336899
1.211000	-74.336899
1.212000	-72.160400
1.213000	-74.336899
1.214000	-76.508797
1.215000	-76.508797
1.216000	-76.508797
1.217000	-78.680801
1.218000	-78.680801
1.219000	-83.029198
1.220000	-83.029198
1.221000	-87.373199
1.222000	-87.373199
1.223000	-87.373199
1.224000	-89.549599
1.225000	-91.721603
1.226000	-91.721603
1.227000	-93.893600
1.228000	-93.893600
1.229000	-96.065598
1.230000	-100.414001
1.231000	-100.414001
1.232000	-100.414001
1.233000	-102.585999
1.234000	-96.065598
1.235000	-93.893600
1.236000	-96.065598
1.237000	-98.241997
1.238000	-96.065598
1.239000	-100.414001
1.240000	-100.414001
1.241000	-102.585999
1.242000	-100.414001
1.243000	-104.762001
1.244000	-104.762001
1.245000	-102.585999
1.246000	-102.585999
1.247000	-100.414001
1.248000	-102.585999
1.249000	-102.585999
1.250000	-104.762001
1.251000	-109.106003
1.252000	-109.106003
1.253000	-104.762001
1.254000	-109.106003
1.255000	-109.106003
1.256000	-109.106003
1.257000	-109.106003
1.258000	-109.106003
1.259000	-109.106003
1.260000	-109.106003
1.261000	-109.106003
1.262000	-109.106003
1.263000	-109.106003
1.264000	-113.455002
1.265000	-111.278000
1.266000	-113.455002
1.267000	-113.455002
1.268000	-111.278000
1.269000	-117.799004
1.270000	-115.626999
1.271000	-115.626999
1.272000	-117.799004
1.273000	-117.799004
1.274000	-119.971001
1.275000	-119.971001
1.276000	-122.147003
1.277000	-117.799004
1.278000	-119.971001
1.279000	-119.971001
1.280000	-122.147003
1.281000	-122.147003
1.282000	-122.147003
1.283000	-122.147003
1.284000	-122.147003
1.285000	-122.147003
1.286000	-124.319000
1.287000	-128.667007
1.288000	-126.490997
1.289000	-126.490997
1.290000	-126.490997
1.291000	-128.667007
1.292000	-126.490997
1.293000	-130.839005
1.294000	-126.490997
1.295000	-126.490997
1.296000	-128.667007
1.297000	-128.667007
1.298000	-130.839005
1.299000	-128.667007
1.300000	-128.667007
1.301000	-128.667007
1.302000	-126.490997
1.303000	-130.839005
1.304000	-128.667007
1.305000	-128.667007
1.306000	-128.667007
1.307000	-128.667007
1.308000	-130.839005
1.309000	-130.839005
1.310000	-135.182999
1.311000	-133.011002
1.312000	-135.182999
1.313000	-133.011002
1.314000	-137.360001
1.315000	-133.011002
1.316000	-135.182999
1.317000	-133.011002
1.318000	-133.011002
1.319000	-135.182999
1.320000	-135.182999
1.321000	-130.839005
1.322000	-133.011002
1.323000	-133.011002
1.324000	-130.839005
1.325000	-133.011002
1.326000	-128.667007
1.327000	-130.839005
1.328000	-133.011002
1.329000	-135.182999
1.330000	-130.839005
1.331000	-133.011002
1.332000	-130.839005
1.333000	-130.839005
1.334000	-130.839005
1.335000	-130.839005
1.336000	-128.667007
1.337000	-128.667007
1.338000	-126.490997
1.339000	-128.667007
1.340000	-128.667007
1.341000	-126.490997
1.342000	-128.667007
1.343000	-130.839005
1.344000	-128.667007
1.345000	-126.490997
1.346000	-128.667007
1.347000	-130.839005
1.348000	-133.011002
1.349000	-133.011002
1.350000	-128.667007
1.351000	-126.490997
1.352000	-130.839005
1.353000	-126.490997
1.354000	-124.319000
1.355000	-126.490997
1.356000	-126.490997
1.357000	-126.490997
1.358000	-128.667007
1.359000	-126.490997
1.360000	-126.490997
1.361000	-126.490997
1.362000	-124.319000
1.363000	-124.319000
1.364000	-124.319000
1.365000	-124.319000
1.366000	-122.147003
1.367000	-119.971001
1.368000	-117.799004
1.369000	-119.971001
1.370000	-117.799004
1.371000	-117.799004
1.372000	-117.799004
1.373000	-117.799004
1.374000	-115.626999
1.375000	-117.799004
1.376000	-115.626999
1.377000	-113.455002
1.378000	-111.278000
1.379000	-113.455002
1.380000	-115.626999
1.381000	-111.278000
1.382000	-113.455002
1.383000	-111.278000
1.384000	-111.278000
1.385000	-109.106003
1.386000	-109.106003
1.387000	-104.762001
1.388000	-102.585999
1.389000	-98.241997
1.390000	-100.414001
1.391000	-100.414001
1.392000	-96.065598
1.393000	-96.065598
1.394000	-91.721603
1.395000	-89.549599
1.396000	-89.549599
1.397000	-91.721603
1.398000	-91.721603
1.399000	-85.201202
1.400000	-85.201202
1.401000	-80.852798
1.402000	-83.029198
1.403000	-87.373199
1.404000	-85.201202
1.405000	-85.201202
1.406000	-87.373199
1.407000	-87.373199
1.408000	-85.201202
1.409000	-85.201202
1.410000	-87.373199
1.411000	-87.373199
1.412000	-89.549599
1.413000	-87.373199
1.414000	-83.029198
1.415000	-85.201202
1.416000	-85.201202
1.417000	-85.201202
1.418000	-67.816498
1.419000	-78.680801
1.420000	-67.816498
1.421000	-65.640099
1.422000	-74.336899
1.423000	-72.160400
1.424000	-76.508797
1.425000	-78.680801
1.426000	-76.508797
1.427000	-74.336899
1.428000	-72.160400
1.429000	-72.160400
1.430000	-74.336899
1.431000	-69.988503
1.432000	-67.816498
1.433000	-67.816498
1.434000	-52.603699
1.435000	-56.947701
1.436000	-56.947701
1.437000	-61.296101
1.438000	-76.508797
1.439000	-78.680801
1.440000	-80.852798
1.441000	-74.336899
1.442000	-67.816498
1.443000	-65.640099
1.444000	-65.640099
1.445000	-65.640099
1.446000	-67.816498
1.447000	-69.988503
1.448000	-69.988503
1.449000	-69.988503
1.450000	-69.988503
1.451000	-76.508797
1.452000	-74.336899
1.453000	-76.508797
1.454000	-78.680801
1.455000	-76.508797
1.456000	-78.680801
1.457000	-78.680801
1.458000	-83.029198
1.459000	-80.852798
1.460000	-80.852798
1.461000	-83.029198
1.462000	-83.029198
1.463000	-83.029198
1.464000	-83.029198
1.465000	-83.029198
1.466000	-83.029198
1.467000	-83.029198
1.468000	-78.680801
1.469000	-76.508797
1.470000	-78.680801
1.471000	-63.468102
1.472000	-74.336899
1.473000	-65.640099
1.474000	-89.549599
1.475000	-87.373199
1.476000	-80.852798
1.477000	-87.373199
1.478000	-89.549599
1.479000	-87.373199
1.480000	-87.373199
1.481000	-83.029198
1.482000	-87.373199
1.483000	-87.373199
1.484000	-87.373199
1.485000	-91.721603
1.486000	-93.893600
1.487000	-89.549599
1.488000	-91.721603
1.489000	-85.201202
1.490000	-87.373199
1.491000	-87.373199
1.492000	-83.029198
1.493000	-87.373199
1.494000	-83.029198
1.495000	-78.680801
1.496000	-80.852798
1.497000	-85.201202
1.498000	-87.373199
1.499000	-89.549599
1.500000	-89.549599
1.501000	-89.549599
1.502000	-87.373199
1.503000	-89.549599
1.504000	-85.201202
1.505000	-78.680801
1.506000	-83.029198
1.507000	-85.201202
1.508000	-83.029198
1.509000	-85.201202
1.510000	-89.549599
1.511000	-89.549599
1.512000	-87.373199
1.513000	-87.373199
1.514000	-87.373199
1.515000	-85.201202
1.516000	-87.373199
1.517000	-83.029198
1.518000	-85.201202
1.519000	-83.029198
1.520000	-83.029198
1.521000	-85.201202
1.522000	-83.029198
1.523000	-76.508797
1.524000	-72.160400
1.525000	-74.336899
1.526000	-65.640099
1.527000	-63.468102
1.528000	-61.296101
1.529000	-61.296101
1.530000	-61.296101
1.531000	-63.468102
1.532000	-72.160400
1.533000	-74.336899
1.534000	-78.680801
1.535000	-76.508797
1.536000	-76.508797
1.537000	-69.988503
1.538000	-65.640099
1.539000	-63.468102
1.540000	-61.296101
1.541000	-54.775700
1.542000	-52.603699
1.543000	-54.775700
1.544000	-52.603699
1.545000	-56.947701
1.546000	-52.603699
1.547000	-48.255299
1.548000	-48.255299
1.549000	-56.947701
1.550000	-54.775700
1.551000	-52.603699
1.552000	-50.427299
1.553000	-43.911400
1.554000	-43.911400
1.555000	-48.255299
1.556000	-48.255299
1.557000	-41.734901
1.558000	-39.563000
1.559000	-39.563000
1.560000	-37.390999
1.561000	-41.734901
1.562000	-41.734901
1.563000	-39.563000
1.564000	-39.563000
1.565000	-39.563000
1.566000	-33.042599
1.567000	-39.563000
1.568000	-41.734901
1.569000	-39.563000
1.570000	-39.563000
1.571000	-37.390999
1.572000	-37.390999
1.573000	-37.390999
1.574000	-37.390999
1.575000	-33.042599
1.576000	-33.042599
1.577000	-30.870600
1.578000	-30.870600
1.579000	-28.698601
1.580000	-28.698601
1.581000	-26.522200
1.582000	-24.350201
1.583000	-24.350201
1.584000	-20.006201
1.585000	-24.350201
1.586000	-17.829800
1.587000	-20.006201
1.588000	-15.657800
1.589000	-13.485900
1.590000	-22.178200
1.591000	-17.829800
1.592000	-17.829800
1.593000	-13.485900
1.594000	-9.137440
1.595000	-11.309400
1.596000	-9.137440
1.597000	-15.657800
1.598000	-13.485900
1.599000	-13.485900
1.600000	-11.309400
1.601000	-6.965470
1.602000	-11.309400
1.603000	-11.309400
1.604000	-9.137440
1.605000	-13.485900
1.606000	-11.309400
1.607000	-13.485900
1.608000	-13.485900
1.609000	-9.137440
1.610000	-13.485900
1.611000	-11.309400
1.612000	-13.485900
1.613000	-6.965470
1.614000	-9.137440
1.615000	-2.617060
1.616000	-4.793490
1.617000	23.459999
1.618000	8.247290
1.619000	14.767700
1.620000	25.632000
1.621000	10.419300
1.622000	14.767700
1.623000	-11.309400
1.624000	-20.006201
1.625000	-15.657800
1.626000	-11.309400
1.627000	-6.965470
1.628000	-0.445078
1.629000	8.247290
1.630000	3.903330
1.631000	1.726900
1.632000	-0.445078
1.633000	-4.793490
1.634000	-9.137440
1.635000	-2.617060
1.636000	-6.965470
1.637000	-4.793490
1.638000	3.903330
1.639000	-0.445078
1.640000	6.075310
1.641000	3.903330
1.642000	1.726900
1.643000	1.726900
1.644000	1.726900
1.645000	-0.445078
1.646000	3.903330
1.647000	3.903330
1.648000	8.247290
1.649000	3.903330
1.650000	6.075310
1.651000	1.726900
1.652000	1.726900
1.653000	6.075310
1.654000	10.419300
1.655000	6.075310
1.656000	1.726900
1.657000	3.903330
1.658000	6.075310
1.659000	6.075310
1.660000	3.903330
1.661000	3.903330
1.662000	3.903330
1.663000	8.247290
1.664000	6.075310
1.665000	6.075310
1.666000	-0.445078
1.667000	-2.617060
1.668000	-0.445078
1.669000	-2.617060
1.670000	-0.445078
1.671000	-2.617060
1.672000	-0.445078
1.673000	-0.445078
1.674000	-4.793490
1.675000	-4.793490
1.676000	-4.793490
1.677000	-4.793490
1.678000	-4.793490
1.679000	-9.137440
1.680000	-6.965470
1.681000	-2.617060
1.682000	-2.617060
1.683000	-2.617060
1.684000	-2.617060
1.685000	-6.965470
1.686000	-2.617060
1.687000	-2.617060
1.688000	-4.793490
1.689000	-2.617060
1.690000	-4.793490
1.691000	-0.445078
1.692000	1.726900
1.693000	-2.617060
1.694000	1.726900
1.695000	1.726900
1.696000	-0.445078
1.697000	-0.445078
1.698000	-4.793490
1.699000	-0.445078
1.700000	-2.617060
1.701000	1.726900
1.702000	1.726900
1.703000	-2.617060
1.704000	1.726900
1.705000	3.903330
1.706000	6.075310
1.707000	-0.445078
1.708000	6.075310
1.709000	1.726900
1.710000	3.903330
1.711000	8.247290
1.712000	8.247290
1.713000	6.075310
1.714000	8.247290
1.715000	8.247290
1.716000	8.247290
1.717000	6.075310
1.718000	3.903330
1.719000	3.903330
1.720000	8.247290
1.721000	1.726900
1.722000	1.726900
1.723000	3.903330
1.724000	-0.445078
1.725000	1.726900
1.726000	-4.793490
1.727000	-0.445078
1.728000	-0.445078
1.729000	3.903330
1.730000	1.726900
1.731000	-0.445078
1.732000	-2.617060
1.733000	-6.965470
1.734000	-0.445078
1.735000	-2.617060
1.736000	-2.617060
1.737000	-2.617060
1.738000	-2.617060
1.739000	-0.445078
1.740000	-0.445078
1.741000	1.726900
1.742000	-4.793490
1.743000	-4.793490
1.744000	-4.793490
1.745000	-6.965470
1.746000	-4.793490
1.747000	-4.793490
1.748000	-0.445078
1.749000	-0.445078
1.750000	-0.445078
1.751000	-2.617060
1.752000	-4.793490
1.753000	-2.617060
1.754000	-0.445078
1.755000	-4.793490
1.756000	-2.617060
1.757000	1.726900
1.758000	-0.445078
1.759000	-2.617060
1.760000	-0.445078
1.761000	1.726900
1.762000	3.903330
1.763000	-0.445078
1.764000	1.726900
1.765000	3.903330
1.766000	1.726900
1.767000	6.075310
1.768000	6.075310
1.769000	3.903330
1.770000	1.726900
1.771000	3.903330
1.772000	-0.445078
1.773000	-0.445078
1.774000	-0.445078
1.775000	1.726900
1.776000	1.726900
1.777000	3.903330
1.778000	3.903330
1.779000	1.726900
1.780000	3.903330
1.781000	1.726900
1.782000	-0.445078
1.783000	-0.445078
1.784000	-0.445078
1.785000	1.726900
1.786000	1.726900
1.787000	1.726900
1.788000	1.726900
1.789000	1.726900
1.790000	1.726900
1.791000	1.726900
1.792000	-0.445078
1.793000	3.903330
1.794000	3.903330
1.795000	1.726900
1.796000	3.903330
1.797000	-2.617060
1.798000	-0.445078
1.799000	-0.445078
1.800000	-4.793490
1.801000	-2.617060
1.802000	-0.445078
1.803000	-2.617060
1.804000	-2.617060
1.805000	-0.445078
1.806000	-2.617060
1.807000	-4.793490
1.808000	-2.617060
1.809000	-0.445078
1.810000	-2.617060
1.811000	-0.445078
1.812000	-0.445078
1.813000	1.726900
1.814000	1.726900
1.815000	1.726900
1.816000	3.903330
1.817000	1.726900
1.818000	-0.445078
1.819000	-2.617060
1.820000	1.726900
1.821000	-0.445078
1.822000	-0.445078
1.823000	3.903330
1.824000	1.726900
1.825000	6.075310
1.826000	1.726900
1.827000	1.726900
1.828000	-0.445078
1.829000	1.726900
1.830000	-0.445078
1.831000	1.726900
1.832000	1.726900
1.833000	1.726900
1.834000	6.075310
1.835000	1.726900
1.836000	-0.445078
1.837000	3.903330
1.838000	1.726900
1.839000	3.903330
1.840000	1.726900
1.841000	1.726900
1.842000	-0.445078
1.843000	1.726900
1.844000	1.726900
1.845000	3.903330
1.846000	3.903330
1.847000	3.903330
1.848000	1.726900
1.849000	3.903330
1.850000	3.903330
1.851000	3.903330
1.852000	3.903330
1.853000	3.903330
1.854000	-0.445078
1.855000	1.726900
1.856000	-0.445078
1.857000	-0.445078
1.858000	1.726900
1.859000	-0.445078
1.860000	1.726900
1.861000	-0.445078
1.862000	-0.445078
1.863000	-0.445078
1.864000	-0.445078
1.865000	-0.445078
1.866000	-4.793490
1.867000	-0.445078
1.868000	-2.617060
1.869000	-0.445078
1.870000	-0.445078
1.871000	-2.617060
1.872000	-2.617060
1.873000	-2.617060
1.874000	-0.445078
1.875000	1.726900
1.876000	-0.445078
1.877000	-0.445078
1.878000	-0.445078
1.879000	-0.445078
1.880000	1.726900
1.881000	1.726900
1.882000	-2.617060
1.883000	-0.445078
1.884000	1.726900
1.885000	-0.445078
1.886000	-2.617060
1.887000	-0.445078
1.888000	-0.445078
1.889000	-2.617060
1.890000	-2.617060
1.891000	-0.445078
1.892000	-2.617060
1.893000	-2.617060
1.894000	1.726900
1.895000	1.726900
1.896000	1.726900
1.897000	1.726900
1.898000	3.903330
1.899000	1.726900
1.900000	1.726900
1.901000	3.903330
1.902000	1.726900
1.903000	1.726900
1.904000	1.726900
1.905000	1.726900
1.906000	1.726900
1.907000	1.726900
1.908000	3.903330
1.909000	1.726900
1.910000	1.726900
1.911000	1.726900
1.912000	1.726900
1.913000	1.726900
1.914000	1.726900
1.915000	1.726900
1.916000	1.726900
1.917000	3.903330
1.918000	3.903330
1.919000	1.726900
1.920000	1.726900
1.921000	3.903330
1.922000	1.726900
1.923000	1.726900
1.924000	1.726900
1.925000	-0.445078
1.926000	-2.617060
1.927000	-2.617060
1.928000	-0.445078
1.929000	-0.445078
1.930000	-0.445078
1.931000	-0.445078
1.932000	-0.445078
1.933000	-2.617060
1.934000	-4.793490
1.935000	-2.617060
1.936000	-2.617060
1.937000	-2.617060
1.938000	1.726900
1.939000	3.903330
1.940000	1.726900
1.941000	1.726900
1.942000	1.726900
1.943000	-0.445078
1.944000	-0.445078
1.945000	-0.445078
1.946000	-0.445078
1.947000	1.726900
1.948000	1.726900
1.949000	-0.445078
1.950000	-0.445078
1.951000	-0.445078
1.952000	-0.445078
1.953000	1.726900
1.954000	3.903330
1.955000	1.726900
1.956000	-0.445078
1.957000	-0.445078
1.958000	3.903330
1.959000	1.726900
1.960000	3.903330
1.961000	3.903330
1.962000	3.903330
1.963000	6.075310
1.964000	3.903330
1.965000	3.903330
1.966000	3.903330
1.967000	3.903330
1.968000	1.726900
1.969000	1.726900
1.970000	1.726900
1.971000	1.726900
1.972000	-0.445078
1.973000	3.903330
1.974000	-0.445078
1.975000	1.726900
1.976000	1.726900
1.977000	1.726900
1.978000	3.903330
1.979000	3.903330
1.980000	3.903330
1.981000	3.903330
1.982000	-0.445078
1.983000	1.726900
1.984000	1.726900
1.985000	3.903330
1.986000	-0.445078
1.987000	-2.617060
1.988000	-2.617060
1.989000	-0.445078
1.990000	-0.445078
1.991000	-0.445078
1.992000	1.726900
1.993000	-2.617060
1.994000	-0.445078
1.995000	-2.617060
1.996000	-4.793490
1.997000	-2.617060
1.998000	-0.445078
1.999000	-2.617060
2.000000	-2.617060
2.001000	-2.617060
2.002000	1.726900
2.003000	1.726900
2.004000	-0.445078
2.005000	1.726900
2.006000	-0.445078
2.007000	-2.617060
2.008000	-2.617060
2.009000	-2.617060
2.010000	1.726900
2.011000	1.726900
2.012000	-0.445078
2.013000	-2.617060
2.014000	-0.445078
2.015000	-2.617060
2.016000	-0.445078
2.017000	1.726900
2.018000	1.726900
2.019000	1.726900
2.020000	-0.445078
2.021000	3.903330
2.022000	1.726900
2.023000	1.726900
2.024000	1.726900
2.025000	1.726900
2.026000	-0.445078
2.027000	-0.445078
2.028000	-0.445078
2.029000	-0.445078
2.030000	1.726900
2.031000	-0.445078
2.032000	1.726900
2.033000	1.726900
2.034000	1.726900
2.035000	1.726900
2.036000	1.726900
2.037000	1.726900
2.038000	1.726900
2.039000	1.726900
2.040000	3.903330
2.041000	-0.445078
2.042000	1.726900
2.043000	1.726900
2.044000	1.726900
2.045000	-0.445078
2.046000	3.903330
2.047000	1.726900
2.048000	1.726900
2.049000	-0.445078
2.050000	-0.445078
2.051000	1.726900
2.052000	-2.617060
2.053000	-2.617060
2.054000	-0.445078
2.055000	-0.445078
2.056000	1.726900
2.057000	-0.445078
2.058000	1.726900
2.059000	-0.445078
2.060000	-0.445078
2.061000	-0.445078
2.062000	-2.617060
2.063000	-0.445078
2.064000	-0.445078
2.065000	-2.617060
2.066000	-2.617060
2.067000	1.726900
2.068000	1.726900
2.069000	-0.445078
2.070000	1.726900
2.071000	-2.617060
2.072000	-0.445078
2.073000	-2.617060
2.074000	-0.445078
2.075000	-0.445078
2.076000	-0.445078
2.077000	1.726900
2.078000	-0.445078
2.079000	-0.445078
2.080000	3.903330
2.081000	-0.445078
2.082000	1.726900
2.083000	3.903330
2.084000	-0.445078
2.085000	-0.445078
2.086000	1.726900
2.087000	1.726900
2.088000	1.726900
2.089000	3.903330
2.090000	1.726900
2.091000	1.726900
2.092000	1.726900
2.093000	1.726900
2.094000	1.726900
2.095000	3.903330
2.096000	1.726900
2.097000	3.903330
2.098000	1.726900
2.099000	1.726900
2.100000	1.726900
2.101000	3.903330
2.102000	1.726900
2.103000	-2.617060
2.104000	-0.445078
2.105000	1.726900
2.106000	1.726900
2.107000	-0.445078
2.108000	1.726900
2.109000	1.726900
2.110000	-0.445078
2.111000	1.726900
2.112000	-0.445078
2.113000	3.903330
2.114000	1.726900
2.115000	1.726900
2.116000	-0.445078
2.117000	3.903330
2.118000	-0.445078
2.119000	1.726900
2.120000	1.726900
2.121000	1.726900
2.122000	1.726900
2.123000	-0.445078
2.124000	-2.617060
2.125000	-0.445078
2.126000	-2.617060
2.127000	-2.617060
2.128000	-0.445078
2.129000	-2.617060
2.130000	-2.617060
2.131000	-0.445078
2.132000	-2.617060
2.133000	-4.793490
2.134000	-2.617060
2.135000	-0.445078
2.136000	-0.445078
2.137000	-0.445078
2.138000	1.726900
2.139000	-0.445078
2.140000	-0.445078
2.141000	-0.445078
2.142000	-0.445078
2.143000	-0.445078
2.144000	-0.445078
2.145000	1.726900
2.146000	1.726900
2.147000	-0.445078
2.148000	3.903330
2.149000	1.726900
2.150000	1.726900
2.151000	-0.445078
2.152000	-0.445078
2.153000	1.726900
2.154000	1.726900
2.155000	1.726900
2.156000	3.903330
2.157000	-0.445078
2.158000	-0.445078
2.159000	1.726900
2.160000	1.726900
2.161000	3.903330
2.162000	1.726900
2.163000	1.726900
2.164000	1.726900
2.165000	1.726900
2.166000	1.726900
2.167000	1.726900
2.168000	1.726900
2.169000	3.903330
2.170000	1.726900
2.171000	-0.445078
2.172000	3.903330
2.173000	3.903330
2.174000	1.726900
2.175000	-2.617060
2.176000	1.726900
2.177000	-0.445078
2.178000	1.726900
2.179000	-0.445078
2.180000	1.726900
2.181000	1.726900
2.182000	3.903330
2.183000	3.903330
2.184000	-0.445078
2.185000	-0.445078
2.186000	-0.445078
2.187000	-0.445078
2.188000	-2.617060
2.189000	-0.445078
2.190000	-0.445078
2.191000	-2.617060
2.192000	-0.445078
2.193000	1.726900
2.194000	1.726900
2.195000	-0.445078
2.196000	1.726900
2.197000	-0.445078
2.198000	-0.445078
2.199000	-0.445078
2.200000	-2.617060
2.201000	-0.445078
2.202000	-2.617060
2.203000	-2.617060
2.204000	-0.445078
2.205000	-0.445078
2.206000	-0.445078
2.207000	-0.445078
2.208000	1.726900
2.209000	1.726900
2.210000	-0.445078
2.211000	1.726900
2.212000	1.726900
2.213000	1.726900
2.214000	1.726900
2.215000	-0.445078
2.216000	1.726900
2.217000	3.903330
2.218000	3.903330
2.219000	3.903330
2.220000	1.726900
2.221000	1.726900
2.222000	1.726900
2.223000	1.726900
2.224000	1.726900
2.225000	3.903330
2.226000	3.903330
2.227000	3.903330
2.228000	1.726900
2.229000	3.903330
2.230000	1.726900
2.231000	1.726900
2.232000	3.903330
2.233000	1.726900
2.234000	3.903330
2.235000	3.903330
2.236000	-2.617060
2.237000	-0.445078
2.238000	1.726900
2.239000	-0.445078
2.240000	1.726900
2.241000	1.726900
2.242000	-0.445078
2.243000	-0.445078
2.244000	-0.445078
2.245000	-0.445078
2.246000	-0.445078
2.247000	-0.445078
2.248000	-0.445078
2.249000	1.726900
2.250000	-0.445078
2.251000	-0.445078
2.252000	-0.445078
2.253000	-2.617060
2.254000	-0.445078
2.255000	-0.445078
2.256000	-0.445078
2.257000	-0.445078
2.258000	-0.445078
2.259000	-2.617060
2.260000	-0.445078
2.261000	1.726900
2.262000	-0.445078
2.263000	-0.445078
2.264000	1.726900
2.265000	1.726900
2.266000	-0.445078
2.267000	-0.445078
2.268000	-0.445078
2.269000	1.726900
2.270000	-2.617060
2.271000	1.726900
2.272000	1.726900
2.273000	1.726900
2.274000	-0.445078
2.275000	1.726900
2.276000	1.726900
2.277000	1.726900
2.278000	1.726900
2.279000	-0.445078
2.280000	1.726900
2.281000	1.726900
2.282000	1.726900
2.283000	3.903330
2.284000	1.726900
2.285000	3.903330
2.286000	1.726900
2.287000	1.726900
2.288000	1.726900
2.289000	1.726900
2.290000	-0.445078
2.291000	3.903330
2.292000	-0.445078
2.293000	-0.445078
2.294000	-0.445078
2.295000	-0.445078
2.296000	-0.445078
2.297000	3.903330
2.298000	1.726900
2.299000	1.726900
2.300000	1.726900
2.301000	-0.445078
2.302000	-0.445078
2.303000	1.726900
2.304000	1.726900
2.305000	-0.445078
2.306000	-0.445078
2.307000	-0.445078
2.308000	-0.445078
2.309000	1.726900
2.310000	-2.617060
2.311000	1.726900
2.312000	1.726900
2.313000	-0.445078
2.314000	-2.617060
2.315000	-2.617060
2.316000	1.726900
2.317000	-0.445078
2.318000	-0.445078
2.319000	-0.445078
2.320000	-0.445078
2.321000	1.726900
2.322000	-0.445078
2.323000	1.726900
2.324000	-2.617060
2.325000	-0.445078
2.326000	-0.445078
2.327000	-0.445078
2.328000	1.726900
2.329000	1.726900
2.330000	-0.445078
2.331000	-0.445078
2.332000	-0.445078
2.333000	1.726900
2.334000	1.726900
2.335000	1.726900
2.336000	1.726900
2.337000	-0.445078
2.338000	1.726900
2.339000	1.726900
2.340000	1.726900
2.341000	1.726900
2.342000	-2.617060
2.343000	1.726900
2.344000	1.726900
2.345000	1.726900
2.346000	1.726900
2.347000	1.726900
2.348000	3.903330
2.349000	3.903330
2.350000	1.726900
2.351000	1.726900
2.352000	3.903330
2.353000	-0.445078
2.354000	3.903330
2.355000	-0.445078
2.356000	1.726900
2.357000	-0.445078
2.358000	1.726900
2.359000	-0.445078
2.360000	1.726900
2.361000	3.903330
2.362000	-0.445078
2.363000	-0.445078
2.364000	1.726900
2.365000	-2.617060
2.366000	-0.445078
2.367000	-0.445078
2.368000	1.726900
2.369000	1.726900
2.370000	-0.445078
2.371000	-0.445078
2.372000	1.726900
2.373000	1.726900
2.374000	-0.445078
2.375000	-0.445078
2.376000	-0.445078
2.377000	-2.617060
2.378000	-0.445078
2.379000	-0.445078
2.380000	-0.445078
2.381000	1.726900
2.382000	-0.445078
2.383000	-0.445078
2.384000	-0.445078
2.385000	1.726900
2.386000	-0.445078
2.387000	-0.445078
2.388000	1.726900
2.389000	-0.445078
2.390000	1.726900
2.391000	-0.445078
2.392000	-0.445078
2.393000	1.726900
2.394000	1.726900
2.395000	1.726900
2.396000	-0.445078
2.397000	1.726900
2.398000	-0.445078
2.399000	-0.445078
2.400000	-0.445078
2.401000	1.726900
2.402000	-0.445078
2.403000	-0.445078
2.404000	1.726900
2.405000	-0.445078
2.406000	1.726900
2.407000	1.726900
2.408000	1.726900
2.409000	3.903330
2.410000	-0.445078
2.411000	1.726900
2.412000	1.726900
2.413000	1.726900
2.414000	1.726900
2.415000	3.903330
2.416000	-0.445078
2.417000	1.726900
2.418000	-0.445078
2.419000	3.903330
2.420000	1.726900
2.421000	1.726900
2.422000	1.726900
2.423000	1.726900
2.424000	1.726900
2.425000	1.726900
2.426000	1.726900
2.427000	1.726900
2.428000	-0.445078
2.429000	1.726900
2.430000	1.726900
2.431000	1.726900
2.432000	-0.445078
2.433000	-0.445078
2.434000	-0.445078
2.435000	1.726900
2.436000	1.726900
2.437000	3.903330
2.438000	1.726900
2.439000	1.726900
2.440000	-0.445078
2.441000	1.726900
2.442000	1.726900
2.443000	1.726900
2.444000	1.726900
2.445000	1.726900
2.446000	1.726900
2.447000	-2.617060
2.448000	3.903330
2.449000	1.726900
2.450000	1.726900
2.451000	1.726900
2.452000	1.726900
2.453000	-0.445078
2.454000	-0.445078
2.455000	-0.445078
2.456000	1.726900
2.457000	-0.445078
2.458000	1.726900
2.459000	1.726900
2.460000	-2.617060
2.461000	1.726900
2.462000	-0.445078
2.463000	-0.445078
2.464000	-2.617060
2.465000	-2.617060
2.466000	-0.445078
2.467000	-0.445078
2.468000	1.726900
2.469000	1.726900
2.470000	3.903330
2.471000	-0.445078
2.472000	-0.445078
2.473000	1.726900
2.474000	1.726900
2.475000	1.726900
2.476000	-0.445078
2.477000	3.903330
2.478000	1.726900
2.479000	1.726900
2.480000	1.726900
2.481000	1.726900
2.482000	1.726900
2.483000	-0.445078
2.484000	-0.445078
2.485000	1.726900
2.486000	3.903330
2.487000	-0.445078
2.488000	1.726900
2.489000	3.903330
2.490000	-2.617060
2.491000	1.726900
2.492000	3.903330
2.493000	-2.617060
2.494000	1.726900
2.495000	1.726900
2.496000	1.726900
2.497000	3.903330
2.498000	-0.445078
2.499000	1.726900
2.500000	-0.445078
2.501000	1.726900
2.502000	-0.445078
2.503000	3.903330
2.504000	-0.445078
2.505000	-0.445078
2.506000	1.726900
2.507000	-0.445078
2.508000	-0.445078
2.509000	-0.445078
2.510000	1.726900
2.511000	1.726900
2.512000	-0.445078
2.513000	-0.445078
2.514000	1.726900
2.515000	-2.617060
2.516000	-0.445078
2.517000	-0.445078
2.518000	-0.445078
2.519000	1.726900
2.520000	-2.617060
2.521000	1.726900
2.522000	-0.445078
2.523000	1.726900
2.524000	1.726900
2.525000	1.726900
2.526000	3.903330
2.527000	1.726900
2.528000	-0.445078
2.529000	-0.445078
2.530000	1.726900
2.531000	1.726900
2.532000	1.726900
2.533000	-0.445078
2.534000	1.726900
2.535000	1.726900
2.536000	1.726900
2.537000	1.726900
2.538000	3.903330
2.539000	3.903330
2.540000	3.903330
2.541000	1.726900
2.542000	-0.445078
2.543000	-0.445078
2.544000	1.726900
2.545000	1.726900
2.546000	-0.445078
2.547000	-0.445078
2.548000	1.726900
2.549000	3.903330
2.550000	-0.445078
2.551000	1.726900
2.552000	3.903330
2.553000	1.726900
2.554000	1.726900
2.555000	1.726900
2.556000	1.726900
2.557000	-0.445078
2.558000	1.726900
2.559000	1.726900
2.560000	-0.445078
2.561000	-0.445078
2.562000	-4.793490
2.563000	1.726900
2.564000	-0.445078
2.565000	-0.445078
2.566000	1.726900
2.567000	-0.445078
2.568000	1.726900
2.569000	-0.445078
2.570000	1.726900
2.571000	1.726900
2.572000	-0.445078
2.573000	-0.445078
2.574000	-0.445078
2.575000	-0.445078
2.576000	3.903330
2.577000	-0.445078
2.578000	1.726900
2.579000	1.726900
2.580000	-0.445078
2.581000	-0.445078
2.582000	1.726900
2.583000	-0.445078
2.584000	1.726900
2.585000	-0.445078
2.586000	1.726900
2.587000	1.726900
2.588000	3.903330
2.589000	1.726900
2.590000	3.903330
2.591000	1.726900
2.592000	1.726900
2.593000	1.726900
2.594000	-0.445078
2.595000	-0.445078
2.596000	1.726900
2.597000	3.903330
2.598000	1.726900
2.599000	1.726900
2.600000	1.726900
2.601000	1.726900
2.602000	1.726900
2.603000	1.726900
2.604000	1.726900
2.605000	1.726900
2.606000	1.726900
2.607000	3.903330
2.608000	1.726900
2.609000	1.726900
2.610000	3.903330
2.611000	1.726900
2.612000	-0.445078
2.613000	1.726900
2.614000	1.726900
2.615000	1.726900
2.616000	-0.445078
2.617000	3.903330
2.618000	1.726900
2.619000	3.903330
2.620000	-0.445078
2.621000	-0.445078
2.622000	1.726900
2.623000	-0.445078
2.624000	1.726900
2.625000	-0.445078
2.626000	-0.445078
2.627000	1.726900
2.628000	1.726900
2.629000	-0.445078
2.630000	1.726900
2.631000	-2.617060
2.632000	-0.445078
2.633000	1.726900
2.634000	-0.445078
2.635000	1.726900
2.636000	1.726900
2.637000	-2.617060
2.638000	-0.445078
2.639000	3.903330
2.640000	1.726900
2.641000	1.726900
2.642000	1.726900
2.643000	-0.445078
2.644000	1.726900
2.645000	1.726900
2.646000	-0.445078
2.647000	1.726900
2.648000	-0.445078
2.649000	1.726900
2.650000	1.726900
2.651000	3.903330
2.652000	-0.445078
2.653000	-0.445078
2.654000	-0.445078
2.655000	1.726900
2.656000	-0.445078
2.657000	1.726900
2.658000	6.075310
2.659000	1.726900
2.660000	1.726900
2.661000	1.726900
2.662000	1.726900
2.663000	3.903330
2.664000	1.726900
2.665000	1.726900
2.666000	1.726900
2.667000	1.726900
2.668000	1.726900
2.669000	1.726900
2.670000	3.903330
2.671000	1.726900
2.672000	-0.445078
2.673000	1.726900
2.674000	3.903330
2.675000	-0.445078
2.676000	1.726900
2.677000	1.726900
2.678000	1.726900
2.679000	-0.445078
2.680000	-0.445078
2.681000	1.726900
2.682000	-0.445078
2.683000	-0.445078
2.684000	-0.445078
2.685000	-0.445078
2.686000	1.726900
2.687000	1.726900
2.688000	1.726900
2.689000	1.726900
2.690000	-0.445078
2.691000	-0.445078
2.692000	-0.445078
2.693000	-0.445078
2.694000	1.726900
2.695000	-0.445078
2.696000	-0.445078
2.697000	-0.445078
2.698000	1.726900
2.699000	-0.445078
2.700000	-0.445078
2.701000	1.726900
2.702000	1.726900
2.703000	-0.445078
2.704000	-0.445078
2.705000	1.726900
2.706000	-0.445078
2.707000	1.726900
2.708000	1.726900
2.709000	-0.445078
2.710000	1.726900
2.711000	3.903330
2.712000	1.726900
2.713000	1.726900
2.714000	-0.445078
2.715000	1.726900
2.716000	-0.445078
2.717000	-0.445078
2.718000	3.903330
2.719000	-0.445078
2.720000	-0.445078
2.721000	1.726900
2.722000	-0.445078
2.723000	-0.445078
2.724000	1.726900
2.725000	1.726900
2.726000	-0.445078
2.727000	1.726900
2.728000	3.903330
2.729000	1.726900
2.730000	-0.445078
2.731000	-0.445078
2.732000	1.726900
2.733000	-0.445078
2.734000	-0.445078
2.735000	1.726900
2.736000	1.726900
2.737000	-0.445078
2.738000	-0.445078
2.739000	-0.445078
2.740000	-0.445078
2.741000	-0.445078
2.742000	1.726900
2.743000	-0.445078
2.744000	1.726900
2.745000	-0.445078
2.746000	1.726900
2.747000	1.726900
2.748000	-0.445078
2.749000	-0.445078
2.750000	-0.445078
2.751000	-0.445078
2.752000	-2.617060
2.753000	-2.617060
2.754000	1.726900
2.755000	-0.445078
2.756000	-0.445078
2.757000	1.726900
2.758000	1.726900
2.759000	-0.445078
2.760000	1.726900
2.761000	1.726900
2.762000	1.726900
2.763000	-0.445078
2.764000	-0.445078
2.765000	1.726900
2.766000	-0.445078
2.767000	-0.445078
2.768000	1.726900
2.769000	-0.445078
2.770000	-0.445078
2.771000	1.726900
2.772000	-0.445078
2.773000	-0.445078
2.774000	-2.617060
2.775000	-2.617060
2.776000	-0.445078
2.777000	1.726900
2.778000	3.903330
2.779000	1.726900
2.780000	1.726900
2.781000	1.726900
2.782000	1.726900
2.783000	3.903330
2.784000	1.726900
2.785000	1.726900
2.786000	-0.445078
2.787000	1.726900
2.788000	-0.445078
2.789000	1.726900
2.790000	-0.445078
2.791000	1.726900
2.792000	1.726900
2.793000	-0.445078
2.794000	1.726900
2.795000	1.726900
2.796000	-0.445078
2.797000	-0.445078
2.798000	-0.445078
2.799000	1.726900
2.800000	1.726900
2.801000	-0.445078
2.802000	3.903330
2.803000	-0.445078
2.804000	-0.445078
2.805000	1.726900
2.806000	-0.445078
2.807000	1.726900
2.808000	1.726900
2.809000	-0.445078
2.810000	1.726900
2.811000	1.726900
2.812000	1.726900
2.813000	1.726900
2.814000	-0.445078
2.815000	1.726900
2.816000	1.726900
2.817000	1.726900
2.818000	1.726900
2.819000	1.726900
2.820000	-0.445078
2.821000	1.726900
2.822000	1.726900
2.823000	1.726900
2.824000	1.726900
2.825000	1.726900
2.826000	-2.617060
2.827000	1.726900
2.828000	-2.617060
2.829000	1.726900
2.830000	-2.617060
2.831000	-0.445078
2.832000	1.726900
2.833000	1.726900
2.834000	1.726900
2.835000	1.726900
2.836000	1.726900
2.837000	3.903330
2.838000	1.726900
2.839000	-0.445078
2.840000	-0.445078
2.841000	-0.445078
2.842000	-0.445078
2.843000	-2.617060
2.844000	1.726900
2.845000	1.726900
2.846000	1.726900
2.847000	-0.445078
2.848000	-0.445078
2.849000	1.726900
2.850000	-0.445078
2.851000	-0.445078
2.852000	1.726900
2.853000	-0.445078
2.854000	1.726900
2.855000	-0.445078
2.856000	1.726900
2.857000	-0.445078
2.858000	1.726900
2.859000	1.726900
2.860000	-0.445078
2.861000	3.903330
2.862000	-0.445078
2.863000	1.726900
2.864000	1.726900
2.865000	1.726900
2.866000	1.726900
2.867000	1.726900
2.868000	3.903330
2.869000	1.726900
2.870000	-0.445078
2.871000	1.726900
2.872000	-2.617060
2.873000	-0.445078
2.874000	-0.445078
2.875000	-0.445078
2.876000	-0.445078
2.877000	-2.617060
2.878000	1.726900
2.879000	1.726900
2.880000	-0.445078
2.881000	-0.445078
2.882000	-0.445078
2.883000	1.726900
2.884000	-0.445078
2.885000	-0.445078
2.886000	1.726900
2.887000	1.726900
2.888000	-0.445078
2.889000	1.726900
2.890000	-0.445078
2.891000	-0.445078
2.892000	1.726900
2.893000	3.903330
2.894000	-0.445078
2.895000	1.726900
2.896000	-0.445078
2.897000	1.726900
2.898000	1.726900
2.899000	1.726900
2.900000	-0.445078
2.901000	-2.617060
2.902000	-0.445078
2.903000	-0.445078
2.904000	-0.445078
2.905000	1.726900
2.906000	-0.445078
2.907000	1.726900
2.908000	-0.445078
2.909000	-0.445078
2.910000	-0.445078
2.911000	-0.445078
2.912000	-0.445078
2.913000	1.726900
2.914000	1.726900
2.915000	3.903330
2.916000	1.726900
2.917000	1.726900
2.918000	1.726900
2.919000	1.726900
2.920000	-0.445078
2.921000	3.903330
2.922000	1.726900
2.923000	1.726900
2.924000	3.903330
2.925000	1.726900
2.926000	-0.445078
2.927000	1.726900
2.928000	1.726900
2.929000	3.903330
2.930000	1.726900
2.931000	1.726900
2.932000	1.726900
2.933000	3.903330
2.934000	1.726900
2.935000	-0.445078
2.936000	-0.445078
2.937000	1.726900
2.938000	-0.445078
2.939000	1.726900
2.940000	-2.617060
2.941000	1.726900
2.942000	-0.445078
2.943000	-0.445078
2.944000	-2.617060
2.945000	1.726900
2.946000	1.726900
2.947000	1.726900
2.948000	1.726900
2.949000	-2.617060
2.950000	-0.445078
2.951000	1.726900
2.952000	-0.445078
2.953000	1.726900
2.954000	1.726900
2.955000	1.726900
2.956000	-0.445078
2.957000	1.726900
2.958000	-0.445078
2.959000	-0.445078
2.960000	-0.445078
2.961000	3.903330
2.962000	1.726900
2.963000	-0.445078
2.964000	1.726900
2.965000	1.726900
2.966000	1.726900
2.967000	1.726900
2.968000	1.726900
2.969000	-0.445078
2.970000	1.726900
2.971000	3.903330
2.972000	1.726900
2.973000	-2.617060
2.974000	1.726900
2.975000	1.726900
2.976000	1.726900
2.977000	1.726900
2.978000	1.726900
2.979000	1.726900
2.980000	-0.445078
2.981000	1.726900
2.982000	-2.617060
2.983000	-0.445078
2.984000	-0.445078
2.985000	1.726900
2.986000	1.726900
2.987000	-0.445078
2.988000	-0.445078
2.989000	1.726900
2.990000	1.726900
2.991000	-2.617060
2.992000	1.726900
2.993000	-2.617060
2.994000	-0.445078
2.995000	-0.445078
2.996000	1.726900
2.997000	1.726900
2.998000	-0.445078
2.999000	1.726900
