-0.691000	-16.700001
-0.754000	-16.700001
-0.691000	-16.700001
-0.691000	-16.700001
-0.754000	-16.700001
-0.691000	-16.700001
-0.691000	-16.700001
-0.880000	-16.600000
-0.691000	-16.700001
3.330000	-16.900000
6.600000	-17.700001
1.510000	-18.400000
-5.530000	-20.100000
-10.300000	-19.799999
-12.600000	-20.500000
-9.360000	-21.200001
-4.840000	-21.700001
-5.780000	-22.000000
-7.100000	-22.700001
-9.050000	-23.500000
-14.300000	-24.100000
-18.299999	-24.600000
-14.600000	-24.600000
-12.900000	-25.200001
-13.900000	-25.500000
-14.100000	-25.799999
-16.100000	-26.100000
-19.100000	-26.500000
-20.100000	-26.700001
-17.799999	-27.000000
-17.700001	-27.500000
-19.600000	-27.799999
-21.000000	-28.200001
-22.200001	-28.600000
-22.200001	-29.000000
-22.100000	-29.299999
-23.400000	-29.500000
-24.600000	-30.100000
-25.400000	-30.400000
-26.500000	-30.700001
-26.799999	-31.100000
-27.100000	-31.400000
-28.000000	-31.700001
-29.299999	-32.000000
-30.799999	-32.299999
-31.299999	-32.599998
-31.900000	-32.900002
-32.200001	-33.200001
-33.900002	-33.500000
-35.700001	-33.799999
-37.099998	-34.200001
-38.200001	-34.500000
-38.200001	-34.799999
-38.299999	-35.099998
-39.700001	-35.400002
-41.700001	-35.700001
-43.400002	-36.000000
-44.599998	-36.299999
-45.900002	-36.599998
-47.400002	-36.900002
-48.799999	-37.200001
-49.700001	-37.500000
-49.799999	-37.799999
-50.000000	-38.200001
-52.099998	-38.500000
-54.599998	-38.799999
-55.700001	-39.000000
-56.200001	-39.299999
-56.500000	-39.500000
-57.200001	-39.799999
-58.000000	-40.099998
-59.400002	-40.400002
-61.200001	-40.700001
-61.400002	-40.900002
-61.200001	-41.099998
-60.900002	-41.400002
-61.700001	-41.599998
-62.500000	-41.799999
-62.799999	-42.000000
-62.799999	-42.299999
-63.099998	-42.500000
-63.700001	-42.700001
-64.000000	-42.900002
-63.799999	-43.099998
-64.500000	-43.400002
-64.800003	-43.500000
-63.799999	-43.799999
-62.599998	-44.000000
-63.299999	-44.200001
-63.599998	-44.500000
-64.000000	-44.799999
-64.599998	-45.000000
-64.800003	-45.299999
-64.699997	-45.500000
-64.400002	-45.500000
-64.800003	-46.000000
-65.699997	-46.299999
-65.599998	-46.599998
-65.400002	-46.599998
-66.400002	-49.000000
-57.200001	-52.799999
-6.410000	-58.500000
