-0.500000	-0.779612
-0.499000	-0.716821
-0.498000	-0.779612
-0.497000	-0.779612
-0.496000	-0.716821
-0.495000	-0.779612
-0.494000	-0.716821
-0.493000	-0.779612
-0.492000	-0.716821
-0.491000	-0.716821
-0.490000	-0.779612
-0.489000	-0.779612
-0.488000	-0.716821
-0.487000	-0.779612
-0.486000	-0.779612
-0.485000	-0.654030
-0.484000	-0.779612
-0.483000	-0.716821
-0.482000	-0.654030
-0.481000	-0.716821
-0.480000	-0.779612
-0.479000	-0.716821
-0.478000	-0.779612
-0.477000	-0.716821
-0.476000	-0.779612
-0.475000	-0.716821
-0.474000	-0.654030
-0.473000	-0.779612
-0.472000	-0.779612
-0.471000	-0.779612
-0.470000	-0.716821
-0.469000	-0.716821
-0.468000	-0.779612
-0.467000	-0.779612
-0.466000	-0.779612
-0.465000	-0.716821
-0.464000	-0.779612
-0.463000	-0.779612
-0.462000	-0.779612
-0.461000	-0.779612
-0.460000	-0.716821
-0.459000	-0.716821
-0.458000	-0.779612
-0.457000	-0.779612
-0.456000	-0.779612
-0.455000	-0.716821
-0.454000	-0.779612
-0.453000	-0.842531
-0.452000	-0.779612
-0.451000	-0.779612
-0.450000	-0.716821
-0.449000	-0.842531
-0.448000	-0.716821
-0.447000	-0.716821
-0.446000	-0.842531
-0.445000	-0.716821
-0.444000	-0.716821
-0.443000	-0.779612
-0.442000	-0.716821
-0.441000	-0.716821
-0.440000	-0.779612
-0.439000	-0.716821
-0.438000	-0.716821
-0.437000	-0.779612
-0.436000	-0.779612
-0.435000	-0.716821
-0.434000	-0.779612
-0.433000	-0.779612
-0.432000	-0.716821
-0.431000	-0.716821
-0.430000	-0.654030
-0.429000	-0.654030
-0.428000	-0.716821
-0.427000	-0.716821
-0.426000	-0.716821
-0.425000	-0.716821
-0.424000	-0.654030
-0.423000	-0.716821
-0.422000	-0.654030
-0.421000	-0.779612
-0.420000	-0.779612
-0.419000	-0.779612
-0.418000	-0.905322
-0.417000	-0.779612
-0.416000	-0.779612
-0.415000	-0.654030
-0.414000	-0.716821
-0.413000	-0.779612
-0.412000	-0.842531
-0.411000	-0.779612
-0.410000	-0.779612
-0.409000	-0.779612
-0.408000	-0.716821
-0.407000	-0.779612
-0.406000	-0.779612
-0.405000	-0.779612
-0.404000	-0.716821
-0.403000	-0.842531
-0.402000	-0.779612
-0.401000	-0.779612
-0.400000	-0.716821
-0.399000	-0.779612
-0.398000	-0.716821
-0.397000	-0.716821
-0.396000	-0.779612
-0.395000	-0.716821
-0.394000	-0.779612
-0.393000	-0.779612
-0.392000	-0.779612
-0.391000	-0.716821
-0.390000	-0.779612
-0.389000	-0.779612
-0.388000	-0.842531
-0.387000	-0.716821
-0.386000	-0.779612
-0.385000	-0.779612
-0.384000	-0.779612
-0.383000	-0.716821
-0.382000	-0.716821
-0.381000	-0.779612
-0.380000	-0.716821
-0.379000	-0.779612
-0.378000	-0.716821
-0.377000	-0.779612
-0.376000	-0.716821
-0.375000	-0.654030
-0.374000	-0.779612
-0.373000	-0.779612
-0.372000	-0.779612
-0.371000	-0.779612
-0.370000	-0.779612
-0.369000	-0.779612
-0.368000	-0.779612
-0.367000	-0.779612
-0.366000	-0.716821
-0.365000	-0.716821
-0.364000	-0.716821
-0.363000	-0.716821
-0.362000	-0.716821
-0.361000	-0.779612
-0.360000	-0.779612
-0.359000	-0.779612
-0.358000	-0.716821
-0.357000	-0.842531
-0.356000	-0.716821
-0.355000	-0.716821
-0.354000	-0.716821
-0.353000	-0.716821
-0.352000	-0.779612
-0.351000	-0.779612
-0.350000	-0.716821
-0.349000	-0.654030
-0.348000	-0.779612
-0.347000	-0.716821
-0.346000	-0.779612
-0.345000	-0.716821
-0.344000	-0.779612
-0.343000	-0.779612
-0.342000	-0.654030
-0.341000	-0.716821
-0.340000	-0.779612
-0.339000	-0.779612
-0.338000	-0.779612
-0.337000	-0.779612
-0.336000	-0.716821
-0.335000	-0.716821
-0.334000	-0.716821
-0.333000	-0.779612
-0.332000	-0.779612
-0.331000	-0.716821
-0.330000	-0.716821
-0.329000	-0.779612
-0.328000	-0.716821
-0.327000	-0.716821
-0.326000	-0.654030
-0.325000	-0.654030
-0.324000	-0.716821
-0.323000	-0.716821
-0.322000	-0.716821
-0.321000	-0.716821
-0.320000	-0.716821
-0.319000	-0.716821
-0.318000	-0.779612
-0.317000	-0.779612
-0.316000	-0.779612
-0.315000	-0.716821
-0.314000	-0.716821
-0.313000	-0.716821
-0.312000	-0.779612
-0.311000	-0.779612
-0.310000	-0.654030
-0.309000	-0.716821
-0.308000	-0.716821
-0.307000	-0.779612
-0.306000	-0.716821
-0.305000	-0.716821
-0.304000	-0.779612
-0.303000	-0.779612
-0.302000	-0.779612
-0.301000	-0.779612
-0.300000	-0.716821
-0.299000	-0.716821
-0.298000	-0.779612
-0.297000	-0.716821
-0.296000	-0.716821
-0.295000	-0.716821
-0.294000	-0.716821
-0.293000	-0.779612
-0.292000	-0.716821
-0.291000	-0.716821
-0.290000	-0.779612
-0.289000	-0.716821
-0.288000	-0.716821
-0.287000	-0.716821
-0.286000	-0.842531
-0.285000	-0.779612
-0.284000	-0.779612
-0.283000	-0.716821
-0.282000	-0.716821
-0.281000	-0.716821
-0.280000	-0.716821
-0.279000	-0.779612
-0.278000	-0.716821
-0.277000	-0.779612
-0.276000	-0.654030
-0.275000	-0.779612
-0.274000	-0.716821
-0.273000	-0.779612
-0.272000	-0.716821
-0.271000	-0.716821
-0.270000	-0.779612
-0.269000	-0.779612
-0.268000	-0.779612
-0.267000	-0.779612
-0.266000	-0.716821
-0.265000	-0.716821
-0.264000	-0.779612
-0.263000	-0.779612
-0.262000	-0.716821
-0.261000	-0.779612
-0.260000	-0.842531
-0.259000	-0.779612
-0.258000	-0.779612
-0.257000	-0.842531
-0.256000	-0.779612
-0.255000	-0.716821
-0.254000	-0.779612
-0.253000	-0.779612
-0.252000	-0.779612
-0.251000	-0.779612
-0.250000	-0.779612
-0.249000	-0.716821
-0.248000	-0.716821
-0.247000	-0.779612
-0.246000	-0.716821
-0.245000	-0.842531
-0.244000	-0.779612
-0.243000	-0.779612
-0.242000	-0.716821
-0.241000	-0.716821
-0.240000	-0.842531
-0.239000	-0.779612
-0.238000	-0.779612
-0.237000	-0.716821
-0.236000	-0.779612
-0.235000	-0.779612
-0.234000	-0.779612
-0.233000	-0.779612
-0.232000	-0.779612
-0.231000	-0.779612
-0.230000	-0.779612
-0.229000	-0.779612
-0.228000	-0.716821
-0.227000	-0.779612
-0.226000	-0.779612
-0.225000	-0.716821
-0.224000	-0.779612
-0.223000	-0.779612
-0.222000	-0.716821
-0.221000	-0.779612
-0.220000	-0.716821
-0.219000	-0.779612
-0.218000	-0.779612
-0.217000	-0.779612
-0.216000	-0.716821
-0.215000	-0.654030
-0.214000	-0.716821
-0.213000	-0.779612
-0.212000	-0.716821
-0.211000	-0.716821
-0.210000	-0.716821
-0.209000	-0.779612
-0.208000	-0.716821
-0.207000	-0.716821
-0.206000	-0.779612
-0.205000	-0.779612
-0.204000	-0.779612
-0.203000	-0.716821
-0.202000	-0.716821
-0.201000	-0.779612
-0.200000	-0.716821
-0.199000	-0.779612
-0.198000	-0.779612
-0.197000	-0.716821
-0.196000	-0.842531
-0.195000	-0.716821
-0.194000	-0.779612
-0.193000	-0.779612
-0.192000	-0.779612
-0.191000	-0.716821
-0.190000	-0.842531
-0.189000	-0.716821
-0.188000	-0.716821
-0.187000	-0.779612
-0.186000	-0.842531
-0.185000	-0.842531
-0.184000	-0.779612
-0.183000	-0.779612
-0.182000	-0.779612
-0.181000	-0.779612
-0.180000	-0.842531
-0.179000	-0.779612
-0.178000	-0.779612
-0.177000	-0.779612
-0.176000	-0.654030
-0.175000	-0.716821
-0.174000	-0.654030
-0.173000	-0.716821
-0.172000	-0.779612
-0.171000	-0.716821
-0.170000	-0.716821
-0.169000	-0.779612
-0.168000	-0.654030
-0.167000	-0.779612
-0.166000	-0.716821
-0.165000	-0.654030
-0.164000	-0.654030
-0.163000	-0.716821
-0.162000	-0.716821
-0.161000	-0.716821
-0.160000	-0.716821
-0.159000	-0.716821
-0.158000	-0.654030
-0.157000	-0.842531
-0.156000	-0.716821
-0.155000	-0.716821
-0.154000	-0.716821
-0.153000	-0.905322
-0.152000	-0.654030
-0.151000	-0.779612
-0.150000	-0.716821
-0.149000	-0.716821
-0.148000	-0.716821
-0.147000	-0.716821
-0.146000	-0.779612
-0.145000	-0.779612
-0.144000	-0.716821
-0.143000	-0.716821
-0.142000	-0.779612
-0.141000	-0.716821
-0.140000	-0.779612
-0.139000	-0.654030
-0.138000	-0.716821
-0.137000	-0.716821
-0.136000	-0.779612
-0.135000	-0.779612
-0.134000	-0.779612
-0.133000	-0.654030
-0.132000	-0.716821
-0.131000	-0.716821
-0.130000	-0.779612
-0.129000	-0.779612
-0.128000	-0.842531
-0.127000	-0.716821
-0.126000	-0.716821
-0.125000	-0.716821
-0.124000	-0.779612
-0.123000	-0.779612
-0.122000	-0.716821
-0.121000	-0.779612
-0.120000	-0.779612
-0.119000	-0.716821
-0.118000	-0.779612
-0.117000	-0.779612
-0.116000	-0.779612
-0.115000	-0.716821
-0.114000	-0.716821
-0.113000	-0.779612
-0.112000	-0.716821
-0.111000	-0.716821
-0.110000	-0.779612
-0.109000	-0.779612
-0.108000	-0.716821
-0.107000	-0.716821
-0.106000	-0.716821
-0.105000	-0.716821
-0.104000	-0.779612
-0.103000	-0.716821
-0.102000	-0.779612
-0.101000	-0.779612
-0.100000	-0.716821
-0.099000	-0.842531
-0.098000	-0.716821
-0.097000	-0.654030
-0.096000	-0.716821
-0.095000	-0.716821
-0.094000	-0.779612
-0.093000	-0.716821
-0.092000	-0.716821
-0.091000	-0.716821
-0.090000	-0.779612
-0.089000	-0.716821
-0.088000	-0.779612
-0.087000	-0.716821
-0.086000	-0.842531
-0.085000	-0.842531
-0.084000	-0.779612
-0.083000	-0.779612
-0.082000	-0.779612
-0.081000	-0.779612
-0.080000	-0.716821
-0.079000	-0.779612
-0.078000	-0.779612
-0.077000	-0.716821
-0.076000	-0.716821
-0.075000	-0.716821
-0.074000	-0.716821
-0.073000	-0.654030
-0.072000	-0.779612
-0.071000	-0.779612
-0.070000	-0.716821
-0.069000	-0.716821
-0.068000	-0.716821
-0.067000	-0.716821
-0.066000	-0.716821
-0.065000	-0.654030
-0.064000	-0.716821
-0.063000	-0.779612
-0.062000	-0.591239
-0.061000	-0.779612
-0.060000	-0.779612
-0.059000	-0.716821
-0.058000	-0.716821
-0.057000	-0.779612
-0.056000	-0.716821
-0.055000	-0.716821
-0.054000	-0.716821
-0.053000	-0.779612
-0.052000	-0.716821
-0.051000	-0.779612
-0.050000	-0.716821
-0.049000	-0.716821
-0.048000	-0.779612
-0.047000	-0.779612
-0.046000	-0.716821
-0.045000	-0.779612
-0.044000	-0.716821
-0.043000	-0.716821
-0.042000	-0.716821
-0.041000	-0.905322
-0.040000	-0.842531
-0.039000	-0.779612
-0.038000	-0.842531
-0.037000	-0.842531
-0.036000	-0.905322
-0.035000	-0.905322
-0.034000	-0.842531
-0.033000	-0.842531
-0.032000	-0.842531
-0.031000	-0.591239
-0.030000	-0.779612
-0.029000	-0.779612
-0.028000	-0.716821
-0.027000	-0.339817
-0.026000	-0.214236
-0.025000	0.162768
-0.024000	0.162768
-0.023000	1.105150
-0.022000	1.482150
-0.021000	2.361740
-0.020000	3.304120
-0.019000	4.120910
-0.018000	4.623500
-0.017000	5.126080
-0.016000	5.817170
-0.015000	6.445470
-0.014000	6.571180
-0.013000	6.759550
-0.012000	6.571180
-0.011000	6.445470
-0.010000	6.068460
-0.009000	5.565880
-0.008000	4.812000
-0.007000	3.806700
-0.006000	3.304120
-0.005000	2.424530
-0.004000	1.482150
-0.003000	0.539771
-0.002000	-0.277027
-0.001000	-1.219410
0.000000	-2.161910
0.001000	-3.355580
0.002000	-4.235170
0.003000	-4.989050
0.004000	-5.554560
0.005000	-6.434140
0.006000	-7.313730
0.007000	-8.130400
0.008000	-8.633110
0.009000	-9.009990
0.010000	-9.386990
0.011000	-9.889580
0.012000	-10.329400
0.013000	-10.580700
0.014000	-10.957700
0.015000	-11.460300
0.016000	-11.774500
0.017000	-11.900000
0.018000	-12.214300
0.019000	-12.528300
0.020000	-12.591100
0.021000	-12.339800
0.022000	-12.214300
0.023000	-11.962800
0.024000	-11.586000
0.025000	-11.209000
0.026000	-10.643600
0.027000	-9.952370
0.028000	-9.386990
0.029000	-8.695900
0.030000	-8.256110
0.031000	-7.565020
0.032000	-6.999520
0.033000	-6.308430
0.034000	-5.680140
0.035000	-5.177550
0.036000	-4.863470
0.037000	-4.737760
0.038000	-4.549260
0.039000	-4.612180
0.040000	-4.674970
0.041000	-4.926260
0.042000	-5.051970
0.043000	-5.428840
0.044000	-5.805850
0.045000	-5.994350
0.046000	-6.371220
0.047000	-6.496930
0.048000	-6.748230
0.049000	-6.936730
0.050000	-6.999520
0.051000	-7.188020
0.052000	-7.125230
0.053000	-7.125230
0.054000	-7.250810
0.055000	-8.004820
0.056000	-7.753530
0.057000	-7.565020
0.058000	-8.130400
0.059000	-8.695900
0.060000	-9.072910
0.061000	-9.386990
0.062000	-10.015300
0.063000	-10.706400
0.064000	-11.334700
0.065000	-11.962800
0.066000	-12.591100
0.067000	-13.533500
0.068000	-14.287500
0.069000	-14.915800
0.070000	-15.732500
0.071000	-16.423599
0.072000	-17.240400
0.073000	-17.742901
0.074000	-18.371201
0.075000	-18.371201
0.076000	-18.371201
0.077000	-18.057199
0.078000	-17.491699
0.079000	-16.989100
0.080000	-16.423599
0.081000	-15.858200
0.082000	-15.418400
0.083000	-15.041400
0.084000	-14.601600
0.085000	-14.036200
0.086000	-13.973300
0.087000	-13.784900
0.088000	-13.407900
0.089000	-13.030900
0.090000	-12.968100
0.091000	-12.905300
0.092000	-12.968100
0.093000	-13.093800
0.094000	-13.345100
0.095000	-13.407900
0.096000	-13.596400
0.097000	-13.596400
0.098000	-13.722000
0.099000	-13.847700
0.100000	-13.910500
0.101000	-13.973300
0.102000	-13.973300
0.103000	-14.036200
0.104000	-13.973300
0.105000	-14.036200
0.106000	-14.099000
0.107000	-13.973300
0.108000	-14.099000
0.109000	-14.224700
0.110000	-14.476000
0.111000	-14.664500
0.112000	-14.978600
0.113000	-15.292700
0.114000	-15.606900
0.115000	-15.921000
0.116000	-16.172300
0.117000	-16.549299
0.118000	-16.926300
0.119000	-17.366100
0.120000	-17.680201
0.121000	-17.994200
0.122000	-18.371201
0.123000	-18.811001
0.124000	-19.125299
0.125000	-19.502100
0.126000	-19.753401
0.127000	-19.941900
0.128000	-20.067600
0.129000	-20.130400
0.130000	-20.193199
0.131000	-20.067600
0.132000	-20.130400
0.133000	-19.879101
0.134000	-19.627800
0.135000	-19.376499
0.136000	-19.250799
0.137000	-18.936701
0.138000	-18.685499
0.139000	-17.994200
0.140000	-17.868700
0.141000	-17.742901
0.142000	-17.994200
0.143000	-17.680201
0.144000	-17.491699
0.145000	-17.680201
0.146000	-17.931499
0.147000	-17.805901
0.148000	-17.742901
0.149000	-17.994200
0.150000	-18.434000
0.151000	-18.685499
0.152000	-18.748199
0.153000	-18.873800
0.154000	-19.313601
0.155000	-19.627800
0.156000	-19.627800
0.157000	-19.753401
0.158000	-20.067600
0.159000	-20.444500
0.160000	-20.444500
0.161000	-20.444500
0.162000	-20.821501
0.163000	-20.947201
0.164000	-21.010000
0.165000	-21.072800
0.166000	-21.324100
0.167000	-21.575399
0.168000	-21.638300
0.169000	-21.826799
0.170000	-21.952400
0.171000	-22.140900
0.172000	-22.203699
0.173000	-22.266600
0.174000	-22.329399
0.175000	-22.392200
0.176000	-22.266600
0.177000	-22.266600
0.178000	-22.329399
0.179000	-22.329399
0.180000	-22.266600
0.181000	-22.266600
0.182000	-22.140900
0.183000	-22.203699
0.184000	-22.203699
0.185000	-22.078100
0.186000	-22.140900
0.187000	-22.140900
0.188000	-22.140900
0.189000	-22.140900
0.190000	-22.329399
0.191000	-22.455000
0.192000	-22.580700
0.193000	-22.769199
0.194000	-22.957701
0.195000	-23.146200
0.196000	-23.460300
0.197000	-23.523100
0.198000	-23.837299
0.199000	-23.962900
0.200000	-24.088600
0.201000	-24.277100
0.202000	-24.402700
0.203000	-24.465401
0.204000	-24.591200
0.205000	-24.591200
0.206000	-24.779699
0.207000	-24.842400
0.208000	-24.968201
0.209000	-25.093700
0.210000	-25.282200
0.211000	-25.408001
0.212000	-25.470699
0.213000	-25.659201
0.214000	-25.847700
0.215000	-25.973301
0.216000	-26.161800
0.217000	-26.287500
0.218000	-26.350300
0.219000	-26.350300
0.220000	-26.538799
0.221000	-26.601601
0.222000	-26.601601
0.223000	-26.601601
0.224000	-26.664400
0.225000	-26.601601
0.226000	-26.727301
0.227000	-26.790100
0.228000	-26.790100
0.229000	-26.790100
0.230000	-26.790100
0.231000	-26.915701
0.232000	-26.852900
0.233000	-26.915701
0.234000	-26.915701
0.235000	-27.041401
0.236000	-27.104200
0.237000	-27.167101
0.238000	-27.292700
0.239000	-27.355499
0.240000	-27.481199
0.241000	-27.481199
0.242000	-27.669701
0.243000	-27.795300
0.244000	-27.983801
0.245000	-28.172300
0.246000	-28.172300
0.247000	-28.360800
0.248000	-28.486401
0.249000	-28.737801
0.250000	-28.926201
0.251000	-29.114700
0.252000	-29.365999
0.253000	-29.554501
0.254000	-29.805799
0.255000	-29.994301
0.256000	-30.182800
0.257000	-30.371300
0.258000	-30.559799
0.259000	-30.685400
0.260000	-30.873899
0.261000	-30.999599
0.262000	-31.125099
0.263000	-31.188101
0.264000	-31.250900
0.265000	-31.188101
0.266000	-31.376400
0.267000	-31.439400
0.268000	-31.313601
0.269000	-31.376400
0.270000	-31.502100
0.271000	-31.690599
0.272000	-31.627701
0.273000	-31.564899
0.274000	-31.690599
0.275000	-31.753401
0.276000	-31.879200
0.277000	-31.879200
0.278000	-31.879200
0.279000	-31.941900
0.280000	-32.004700
0.281000	-32.130402
0.282000	-32.256001
0.283000	-32.256001
0.284000	-32.256001
0.285000	-32.256001
0.286000	-32.570202
0.287000	-32.695801
0.288000	-32.884300
0.289000	-33.072800
0.290000	-33.386902
0.291000	-33.638199
0.292000	-33.952400
0.293000	-34.203701
0.294000	-34.455002
0.295000	-34.643501
0.296000	-34.957600
0.297000	-35.020500
0.298000	-35.209000
0.299000	-35.523102
0.300000	-35.711601
0.301000	-35.900101
0.302000	-36.088501
0.303000	-36.277000
0.304000	-36.528301
0.305000	-36.716801
0.306000	-36.905300
0.307000	-36.967999
0.308000	-37.156601
0.309000	-37.282299
0.310000	-37.470798
0.311000	-37.659100
0.312000	-37.659100
0.313000	-37.722099
0.314000	-37.973301
0.315000	-38.098900
0.316000	-38.224602
0.317000	-38.224602
0.318000	-38.287399
0.319000	-38.287399
0.320000	-38.350399
0.321000	-38.350399
0.322000	-38.350399
0.323000	-38.224602
0.324000	-38.224602
0.325000	-38.224602
0.326000	-38.098900
0.327000	-38.161800
0.328000	-38.224602
0.329000	-38.224602
0.330000	-38.287399
0.331000	-38.287399
0.332000	-38.350399
0.333000	-38.475899
0.334000	-38.601601
0.335000	-38.664398
0.336000	-38.852901
0.337000	-39.041401
0.338000	-39.355499
0.339000	-39.606800
0.340000	-39.732498
0.341000	-39.983799
0.342000	-40.360802
0.343000	-40.549198
0.344000	-40.737701
0.345000	-41.051899
0.346000	-41.366001
0.347000	-41.491699
0.348000	-41.743000
0.349000	-42.057098
0.350000	-42.245602
0.351000	-42.496899
0.352000	-42.685398
0.353000	-42.936699
0.354000	-43.125198
0.355000	-43.250900
0.356000	-43.376499
0.357000	-43.564999
0.358000	-43.690498
0.359000	-43.879002
0.360000	-44.130299
0.361000	-44.130299
0.362000	-44.381802
0.363000	-44.444500
0.364000	-44.632999
0.365000	-44.758598
0.366000	-44.884300
0.367000	-45.009899
0.368000	-45.198399
0.369000	-45.324100
0.370000	-45.575401
0.371000	-45.701000
0.372000	-45.889500
0.373000	-46.015202
0.374000	-46.266499
0.375000	-46.517799
0.376000	-46.643501
0.377000	-46.894798
0.378000	-47.083302
0.379000	-47.146099
0.380000	-47.460201
0.381000	-47.585899
0.382000	-47.774399
0.383000	-47.962898
0.384000	-48.151299
0.385000	-48.214199
0.386000	-48.402699
0.387000	-48.591099
0.388000	-48.779598
0.389000	-48.905300
0.390000	-49.030899
0.391000	-49.156601
0.392000	-49.219398
0.393000	-49.407902
0.394000	-49.533600
0.395000	-49.596401
0.396000	-49.721901
0.397000	-49.784901
0.398000	-49.659199
0.399000	-49.533600
0.400000	-49.596401
0.401000	-49.847698
0.402000	-49.973400
0.403000	-49.847698
0.404000	-49.847698
0.405000	-50.036201
0.406000	-49.973400
0.407000	-49.721901
0.408000	-49.784901
0.409000	-49.973400
0.410000	-50.161701
0.411000	-50.098999
0.412000	-50.036201
0.413000	-50.224701
0.414000	-50.476002
0.415000	-50.727200
0.416000	-50.978500
0.417000	-51.229801
0.418000	-51.606800
0.419000	-51.920898
0.420000	-52.172199
0.421000	-52.486401
0.422000	-52.926201
0.423000	-53.240299
0.424000	-53.491600
0.425000	-53.868599
0.426000	-54.119900
0.427000	-54.434101
0.428000	-54.622501
0.429000	-54.873901
0.430000	-55.062302
0.431000	-55.188000
0.432000	-55.313702
0.433000	-55.502102
0.434000	-55.564999
0.435000	-55.502102
0.436000	-55.690601
0.437000	-55.753399
0.438000	-55.690601
0.439000	-55.753399
0.440000	-55.941898
0.441000	-56.067600
0.442000	-56.067600
0.443000	-56.193100
0.444000	-56.256100
0.445000	-56.256100
0.446000	-56.381599
0.447000	-56.507401
0.448000	-56.381599
0.449000	-56.444599
0.450000	-56.444599
0.451000	-56.507401
0.452000	-56.507401
0.453000	-56.570202
0.454000	-56.821400
0.455000	-56.821400
0.456000	-56.821400
0.457000	-56.947201
0.458000	-57.072701
0.459000	-57.072701
0.460000	-57.198399
0.461000	-57.198399
0.462000	-57.198399
0.463000	-57.449699
0.464000	-57.575500
0.465000	-57.512501
0.466000	-57.701000
0.467000	-57.826698
0.468000	-58.015202
0.469000	-58.077999
0.470000	-58.329300
0.471000	-58.580601
0.472000	-58.706299
0.473000	-58.831902
0.474000	-59.020401
0.475000	-59.271702
0.476000	-59.460201
0.477000	-59.711498
0.478000	-59.900002
0.479000	-60.214100
0.480000	-60.465500
0.481000	-60.716801
0.482000	-60.842400
0.483000	-61.030899
0.484000	-61.219398
0.485000	-61.282200
0.486000	-61.407902
0.487000	-61.596401
0.488000	-61.596401
0.489000	-61.596401
0.490000	-61.596401
0.491000	-61.533501
0.492000	-61.470699
0.493000	-61.596401
0.494000	-61.533501
0.495000	-61.470699
0.496000	-61.345100
0.497000	-61.345100
0.498000	-61.345100
0.499000	-61.219398
0.500000	-61.219398
0.501000	-61.030899
0.502000	-61.030899
0.503000	-61.030899
0.504000	-60.968102
0.505000	-60.905300
0.506000	-60.842400
0.507000	-60.905300
0.508000	-60.905300
0.509000	-60.968102
0.510000	-61.093700
0.511000	-61.093700
0.512000	-61.219398
0.513000	-61.345100
0.514000	-61.407902
0.515000	-61.596401
0.516000	-61.722000
0.517000	-61.847698
0.518000	-61.910500
0.519000	-62.098999
0.520000	-62.224602
0.521000	-62.287498
0.522000	-62.476002
0.523000	-62.538799
0.524000	-62.538799
0.525000	-62.601601
0.526000	-62.727299
0.527000	-62.790100
0.528000	-62.852901
0.529000	-62.790100
0.530000	-62.790100
0.531000	-62.852901
0.532000	-62.790100
0.533000	-62.790100
0.534000	-62.664299
0.535000	-62.664299
0.536000	-62.852901
0.537000	-62.790100
0.538000	-62.727299
0.539000	-62.790100
0.540000	-62.852901
0.541000	-62.852901
0.542000	-62.915798
0.543000	-62.852901
0.544000	-63.041401
0.545000	-63.041401
0.546000	-62.978600
0.547000	-63.041401
0.548000	-63.167099
0.549000	-63.167099
0.550000	-63.292599
0.551000	-63.292599
0.552000	-63.292599
0.553000	-63.543900
0.554000	-63.606899
0.555000	-63.543900
0.556000	-63.732399
0.557000	-63.795200
0.558000	-63.858101
0.559000	-63.858101
0.560000	-63.983700
0.561000	-63.920898
0.562000	-63.920898
0.563000	-63.983700
0.564000	-64.046700
0.565000	-64.046700
0.566000	-63.858101
0.567000	-63.858101
0.568000	-63.858101
0.569000	-63.795200
0.570000	-63.795200
0.571000	-63.732399
0.572000	-63.795200
0.573000	-63.795200
0.574000	-63.983700
0.575000	-63.920898
0.576000	-64.046700
0.577000	-64.172203
0.578000	-64.297897
0.579000	-64.423500
0.580000	-64.549202
0.581000	-64.612000
0.582000	-64.800499
0.583000	-64.863297
0.584000	-64.863297
0.585000	-64.800499
0.586000	-64.926201
0.587000	-64.863297
0.588000	-64.800499
0.589000	-64.988998
0.590000	-64.612000
0.591000	-64.549202
0.592000	-64.423500
0.593000	-64.423500
0.594000	-64.046700
0.595000	-63.983700
0.596000	-63.795200
0.597000	-63.858101
0.598000	-63.858101
0.599000	-63.732399
0.600000	-63.669601
0.601000	-63.669601
0.602000	-63.669601
0.603000	-63.481098
0.604000	-62.664299
0.605000	-62.978600
0.606000	-63.292599
0.607000	-63.543900
0.608000	-63.292599
0.609000	-63.104099
0.610000	-63.543900
0.611000	-63.920898
0.612000	-63.355598
0.613000	-63.167099
0.614000	-63.543900
0.615000	-63.858101
0.616000	-63.669601
0.617000	-63.292599
0.618000	-63.292599
0.619000	-63.606899
0.620000	-63.669601
0.621000	-63.606899
0.622000	-63.418400
0.623000	-63.795200
0.624000	-63.983700
0.625000	-63.606899
0.626000	-63.606899
0.627000	-63.920898
0.628000	-64.046700
0.629000	-64.109398
0.630000	-64.172203
0.631000	-64.360703
0.632000	-64.360703
0.633000	-64.423500
0.634000	-64.549202
0.635000	-64.486397
0.636000	-64.612000
0.637000	-64.737701
0.638000	-64.800499
0.639000	-64.737701
0.640000	-64.674797
0.641000	-64.423500
0.642000	-64.486397
0.643000	-64.674797
0.644000	-64.800499
0.645000	-64.737701
0.646000	-64.549202
0.647000	-64.486397
0.648000	-64.737701
0.649000	-64.612000
0.650000	-64.360703
0.651000	-64.549202
0.652000	-64.737701
0.653000	-64.612000
0.654000	-64.423500
0.655000	-64.297897
0.656000	-64.423500
0.657000	-64.486397
0.658000	-64.360703
0.659000	-64.235001
0.660000	-64.423500
0.661000	-64.423500
0.662000	-64.360703
0.663000	-64.423500
0.664000	-64.549202
0.665000	-64.612000
0.666000	-64.800499
0.667000	-64.800499
0.668000	-64.863297
0.669000	-65.051804
0.670000	-65.051804
0.671000	-65.240303
0.672000	-65.303101
0.673000	-65.428802
0.674000	-65.303101
0.675000	-65.554398
0.676000	-65.680099
0.677000	-65.554398
0.678000	-65.491600
0.679000	-65.554398
0.680000	-65.617302
0.681000	-65.491600
0.682000	-65.491600
0.683000	-65.554398
0.684000	-65.617302
0.685000	-65.617302
0.686000	-65.554398
0.687000	-65.680099
0.688000	-65.805702
0.689000	-65.805702
0.690000	-65.742897
0.691000	-65.680099
0.692000	-65.428802
0.693000	-65.365997
0.694000	-65.491600
0.695000	-65.303101
0.696000	-65.177498
0.697000	-64.988998
0.698000	-64.988998
0.699000	-64.988998
0.700000	-66.433998
0.701000	-71.900002
0.702000	-73.533501
0.703000	-66.433998
0.704000	-65.931396
0.705000	-71.523003
0.706000	-68.884300
0.707000	-61.722000
0.708000	-57.261200
0.709000	-53.366001
0.710000	-46.957600
0.711000	-39.355499
0.712000	-30.120001
0.713000	-24.842400
0.714000	-20.381701
0.715000	-14.601600
0.716000	-6.434140
0.717000	-3.606880
0.718000	-2.161910
0.719000	2.361740
0.720000	5.126080
0.721000	7.010970
0.722000	7.073760
0.723000	9.461110
0.724000	9.524020
0.725000	12.728200
0.726000	10.403600
0.727000	11.534500
0.728000	12.916700
0.729000	11.408800
0.730000	9.838110
0.731000	9.712530
0.732000	12.037100
0.733000	9.712530
0.734000	9.461110
0.735000	7.953350
0.736000	14.110300
0.737000	12.414100
0.738000	9.963820
0.739000	12.728200
0.740000	15.806700
0.741000	16.874800
0.742000	16.434999
0.743000	15.743900
0.744000	17.126101
0.745000	17.251699
0.746000	16.623501
0.747000	15.052800
0.748000	14.864300
0.749000	14.864300
0.750000	12.414100
0.751000	9.775320
0.752000	9.775320
0.753000	8.832940
0.754000	7.387850
0.755000	5.063290
0.756000	4.246500
0.757000	4.497790
0.758000	3.492620
0.759000	2.361740
0.760000	3.492620
0.761000	4.686290
0.762000	4.435000
0.763000	3.618200
0.764000	4.120910
0.765000	5.000500
0.766000	4.372210
0.767000	4.372210
0.768000	5.000500
0.769000	5.754380
0.770000	6.131380
0.771000	5.691590
0.772000	6.445470
0.773000	7.325050
0.774000	7.513560
0.775000	7.639140
0.776000	8.016140
0.777000	8.707230
0.778000	8.770020
0.779000	8.644440
0.780000	9.021440
0.781000	9.335520
0.782000	9.900900
0.783000	10.026600
0.784000	11.094700
0.785000	11.911400
0.786000	12.162800
0.787000	11.848600
0.788000	12.539700
0.789000	13.796300
0.790000	14.236000
0.791000	15.869500
0.792000	15.806700
0.793000	17.565901
0.794000	17.314600
0.795000	16.246500
0.796000	14.361600
0.797000	13.796300
0.798000	11.974300
0.799000	10.403600
0.800000	8.016140
0.801000	6.633970
0.802000	4.057990
0.803000	1.105150
0.804000	-2.790080
0.805000	-6.119930
0.806000	-8.758700
0.807000	-12.402600
0.808000	-16.486500
0.809000	-18.622499
0.810000	-20.318899
0.811000	-21.952400
0.812000	-23.020500
0.813000	-23.711599
0.814000	-23.962900
0.815000	-24.653900
0.816000	-25.030899
0.817000	-24.653900
0.818000	-24.716900
0.819000	-24.214100
0.820000	-24.025600
0.821000	-23.900101
0.822000	-22.455000
0.823000	-21.010000
0.824000	-20.256100
0.825000	-19.564899
0.826000	-19.188000
0.827000	-18.559700
0.828000	-17.680201
0.829000	-16.737801
0.830000	-15.921000
0.831000	-15.544000
0.832000	-14.852900
0.833000	-14.727300
0.834000	-14.161800
0.835000	-13.470700
0.836000	-12.842400
0.837000	-12.339800
0.838000	-11.900000
0.839000	-11.334700
0.840000	-10.832000
0.841000	-10.580700
0.842000	-10.392200
0.843000	-10.015300
0.844000	-9.889580
0.845000	-10.266600
0.846000	-10.517900
0.847000	-10.643600
0.848000	-11.334700
0.849000	-12.025800
0.850000	-13.030900
0.851000	-14.538800
0.852000	-15.544000
0.853000	-17.051901
0.854000	-18.434000
0.855000	-20.193199
0.856000	-21.952400
0.857000	-23.460300
0.858000	-25.408001
0.859000	-26.978600
0.860000	-28.172300
0.861000	-29.051901
0.862000	-29.554501
0.863000	-30.434099
0.864000	-30.811100
0.865000	-30.873899
0.866000	-30.685400
0.867000	-30.308500
0.868000	-29.805799
0.869000	-28.989100
0.870000	-28.046600
0.871000	-26.852900
0.872000	-25.722000
0.873000	-24.653900
0.874000	-23.523100
0.875000	-22.517900
0.876000	-21.386999
0.877000	-20.507401
0.878000	-19.627800
0.879000	-18.936701
0.880000	-18.559700
0.881000	-18.559700
0.882000	-18.559700
0.883000	-18.999500
0.884000	-19.753401
0.885000	-20.570200
0.886000	-21.575399
0.887000	-22.832001
0.888000	-24.151400
0.889000	-25.344999
0.890000	-26.790100
0.891000	-28.046600
0.892000	-29.491699
0.893000	-30.559799
0.894000	-31.941900
0.895000	-32.821499
0.896000	-33.763901
0.897000	-34.517799
0.898000	-35.020500
0.899000	-35.837200
0.900000	-36.088501
0.901000	-36.402699
0.902000	-36.277000
0.903000	-36.277000
0.904000	-35.837200
0.905000	-35.146099
0.906000	-34.769199
0.907000	-34.140900
0.908000	-33.324100
0.909000	-32.067501
0.910000	-31.062401
0.911000	-29.931499
0.912000	-28.800600
0.913000	-27.355499
0.914000	-25.973301
0.915000	-24.779699
0.916000	-23.774401
0.917000	-22.580700
0.918000	-21.386999
0.919000	-20.444500
0.920000	-19.502100
0.921000	-18.434000
0.922000	-17.742901
0.923000	-17.491699
0.924000	-17.051901
0.925000	-16.674999
0.926000	-17.051901
0.927000	-17.114799
0.928000	-17.805901
0.929000	-18.245701
0.930000	-18.999500
0.931000	-20.067600
0.932000	-21.135700
0.933000	-22.455000
0.934000	-23.774401
0.935000	-25.093700
0.936000	-26.099001
0.937000	-27.355499
0.938000	-28.612101
0.939000	-29.617300
0.940000	-30.685400
0.941000	-31.690599
0.942000	-32.444500
0.943000	-33.009998
0.944000	-33.449799
0.945000	-33.638199
0.946000	-33.826698
0.947000	-33.638199
0.948000	-33.386902
0.949000	-33.072800
0.950000	-32.444500
0.951000	-32.004700
0.952000	-31.125099
0.953000	-30.245600
0.954000	-29.554501
0.955000	-28.800600
0.956000	-28.109501
0.957000	-27.292700
0.958000	-26.538799
0.959000	-25.847700
0.960000	-25.156700
0.961000	-24.653900
0.962000	-24.214100
0.963000	-23.962900
0.964000	-24.528400
0.965000	-24.716900
0.966000	-24.842400
0.967000	-25.596300
0.968000	-25.659201
0.969000	-26.413099
0.970000	-25.847700
0.971000	-25.533501
0.972000	-25.282200
0.973000	-25.093700
0.974000	-23.900101
0.975000	-23.146200
0.976000	-22.140900
0.977000	-22.266600
0.978000	-22.015200
0.979000	-22.266600
0.980000	-22.203699
0.981000	-22.580700
0.982000	-22.832001
0.983000	-23.146200
0.984000	-23.460300
0.985000	-23.648800
0.986000	-23.585899
0.987000	-23.460300
0.988000	-23.334600
0.989000	-23.397499
0.990000	-24.214100
0.991000	-24.528400
0.992000	-24.779699
0.993000	-25.030899
0.994000	-25.344999
0.995000	-25.784800
0.996000	-25.784800
0.997000	-26.099001
0.998000	-26.099001
0.999000	-26.036100
1.000000	-26.036100
1.001000	-26.161800
1.002000	-26.350300
1.003000	-26.287500
1.004000	-26.287500
1.005000	-26.601601
1.006000	-26.978600
1.007000	-27.104200
1.008000	-26.852900
1.009000	-26.287500
1.010000	-25.910500
1.011000	-25.659201
1.012000	-25.722000
1.013000	-25.722000
1.014000	-25.596300
1.015000	-25.470699
1.016000	-25.156700
1.017000	-25.156700
1.018000	-25.156700
1.019000	-25.030899
1.020000	-24.842400
1.021000	-24.905199
1.022000	-24.716900
1.023000	-24.716900
1.024000	-24.591200
1.025000	-24.591200
1.026000	-24.339899
1.027000	-24.151400
1.028000	-23.962900
1.029000	-23.774401
1.030000	-23.837299
1.031000	-23.648800
1.032000	-23.271799
1.033000	-23.020500
1.034000	-22.769199
1.035000	-22.517900
1.036000	-22.266600
1.037000	-21.952400
1.038000	-21.763901
1.039000	-21.386999
1.040000	-21.072800
1.041000	-20.758699
1.042000	-20.570200
1.043000	-20.507401
1.044000	-20.318899
1.045000	-20.318899
1.046000	-20.381701
1.047000	-20.256100
1.048000	-20.130400
1.049000	-20.130400
1.050000	-20.004700
1.051000	-20.004700
1.052000	-19.941900
1.053000	-19.941900
1.054000	-19.941900
1.055000	-20.004700
1.056000	-19.879101
1.057000	-19.879101
1.058000	-20.067600
1.059000	-20.004700
1.060000	-20.067600
1.061000	-19.941900
1.062000	-19.941900
1.063000	-19.816299
1.064000	-19.627800
1.065000	-19.250799
1.066000	-18.873800
1.067000	-18.497000
1.068000	-18.120001
1.069000	-17.617399
1.070000	-17.303200
1.071000	-17.051901
1.072000	-16.549299
1.073000	-16.235201
1.074000	-15.795400
1.075000	-15.544000
1.076000	-15.229900
1.077000	-15.041400
1.078000	-14.727300
1.079000	-14.476000
1.080000	-14.099000
1.081000	-13.847700
1.082000	-13.722000
1.083000	-13.533500
1.084000	-13.407900
1.085000	-13.282200
1.086000	-13.345100
1.087000	-13.407900
1.088000	-13.407900
1.089000	-13.345100
1.090000	-13.345100
1.091000	-13.345100
1.092000	-13.219400
1.093000	-13.156600
1.094000	-12.968100
1.095000	-12.654100
1.096000	-12.465500
1.097000	-12.214300
1.098000	-11.900000
1.099000	-11.586000
1.100000	-11.209000
1.101000	-10.957700
1.102000	-10.580700
1.103000	-10.329400
1.104000	-9.763990
1.105000	-9.449780
1.106000	-8.947200
1.107000	-8.570190
1.108000	-8.130400
1.109000	-7.565020
1.110000	-7.188020
1.111000	-6.811020
1.112000	-6.559730
1.113000	-5.994350
1.114000	-5.680140
1.115000	-5.240340
1.116000	-4.989050
1.117000	-4.926260
1.118000	-4.800550
1.119000	-4.486470
1.120000	-4.423670
1.121000	-4.235170
1.122000	-4.046670
1.123000	-3.858170
1.124000	-3.669670
1.125000	-3.481170
1.126000	-3.229870
1.127000	-3.041500
1.128000	-2.664500
1.129000	-2.476000
1.130000	-2.287500
1.131000	-2.224700
1.132000	-2.036200
1.133000	-1.910490
1.134000	-1.596410
1.135000	-1.533620
1.136000	-1.470700
1.137000	-1.219410
1.138000	-0.968113
1.139000	-0.779612
1.140000	-0.779612
1.141000	-0.528319
1.142000	-0.465528
1.143000	-0.465528
1.144000	-0.528319
1.145000	-0.402737
1.146000	-0.277027
1.147000	-0.214236
1.148000	-0.277027
1.149000	-0.402737
1.150000	-0.402737
1.151000	-0.339817
1.152000	-0.277027
1.153000	-0.214236
1.154000	-0.151445
1.155000	-0.088525
1.156000	0.099977
1.157000	0.351269
1.158000	0.476851
1.159000	0.602562
1.160000	0.853854
1.161000	1.105150
1.162000	1.419230
1.163000	1.544940
1.164000	1.733440
1.165000	1.984730
1.166000	2.173240
1.167000	2.298820
1.168000	2.487320
1.169000	2.613030
1.170000	2.801530
1.171000	2.801530
1.172000	2.738610
1.173000	2.675820
1.174000	2.675820
1.175000	2.550240
1.176000	2.361740
1.177000	2.236030
1.178000	2.110450
1.179000	2.110450
1.180000	2.047530
1.181000	1.984730
1.182000	1.921940
1.183000	1.859020
1.184000	1.796230
1.185000	1.733440
1.186000	1.796230
1.187000	1.859020
1.188000	1.859020
1.189000	2.047530
1.190000	2.173240
1.191000	2.173240
1.192000	2.424530
1.193000	2.675820
1.194000	2.864320
1.195000	2.990030
1.196000	3.618200
1.197000	4.057990
1.198000	3.932410
1.199000	4.372210
1.200000	4.749080
1.201000	4.435000
1.202000	4.372210
1.203000	4.497790
1.204000	4.372210
1.205000	4.246500
1.206000	4.183710
1.207000	4.183710
1.208000	4.057990
1.209000	3.806700
1.210000	3.743910
1.211000	3.555410
1.212000	3.241330
1.213000	3.115620
1.214000	2.738610
1.215000	2.424530
1.216000	2.173240
1.217000	1.796230
1.218000	1.544940
1.219000	1.544940
1.220000	1.167940
1.221000	0.853854
1.222000	0.728144
1.223000	0.665353
1.224000	0.476851
1.225000	0.225559
1.226000	-0.025734
1.227000	-0.214236
1.228000	-0.402737
1.229000	-0.716821
1.230000	-0.842531
1.231000	-1.031030
1.232000	-1.093820
1.233000	-1.156610
1.234000	-1.031030
1.235000	-0.968113
1.236000	-0.842531
1.237000	-0.779612
1.238000	-0.716821
1.239000	-0.654030
1.240000	-0.402737
1.241000	-0.402737
1.242000	-0.402737
1.243000	-0.277027
1.244000	-0.402737
1.245000	-0.277027
1.246000	-0.277027
1.247000	-0.339817
1.248000	-0.402737
1.249000	-0.465528
1.250000	-0.591239
1.251000	-0.779612
1.252000	-0.968113
1.253000	-1.282330
1.254000	-1.596410
1.255000	-1.847700
1.256000	-2.098990
1.257000	-2.350290
1.258000	-2.664500
1.259000	-2.915790
1.260000	-3.167080
1.261000	-3.292790
1.262000	-3.669670
1.263000	-3.858170
1.264000	-4.109460
1.265000	-4.297960
1.266000	-4.674970
1.267000	-4.926260
1.268000	-5.177550
1.269000	-5.491640
1.270000	-5.805850
1.271000	-6.119930
1.272000	-6.434140
1.273000	-6.685440
1.274000	-6.936730
1.275000	-7.062440
1.276000	-7.502100
1.277000	-7.753530
1.278000	-7.879110
1.279000	-8.004820
1.280000	-8.004820
1.281000	-8.318900
1.282000	-8.193320
1.283000	-8.130400
1.284000	-8.067610
1.285000	-8.004820
1.286000	-7.941900
1.287000	-7.816320
1.288000	-7.753530
1.289000	-7.565020
1.290000	-7.439310
1.291000	-7.376520
1.292000	-7.250810
1.293000	-7.062440
1.294000	-6.999520
1.295000	-6.936730
1.296000	-6.936730
1.297000	-6.748230
1.298000	-6.748230
1.299000	-6.811020
1.300000	-6.873940
1.301000	-7.062440
1.302000	-7.188020
1.303000	-7.313730
1.304000	-7.565020
1.305000	-7.690610
1.306000	-8.004820
1.307000	-8.256110
1.308000	-8.507400
1.309000	-8.633110
1.310000	-9.009990
1.311000	-9.261280
1.312000	-9.449780
1.313000	-9.701070
1.314000	-9.952370
1.315000	-10.203800
1.316000	-10.455100
1.317000	-10.706400
1.318000	-10.894900
1.319000	-11.083400
1.320000	-11.271700
1.321000	-11.209000
1.322000	-11.209000
1.323000	-11.209000
1.324000	-11.146200
1.325000	-11.020500
1.326000	-11.020500
1.327000	-10.832000
1.328000	-10.706400
1.329000	-10.455100
1.330000	-10.266600
1.331000	-10.203800
1.332000	-9.952370
1.333000	-9.701070
1.334000	-9.449780
1.335000	-9.198490
1.336000	-8.821490
1.337000	-8.507400
1.338000	-8.193320
1.339000	-7.879110
1.340000	-7.627810
1.341000	-7.439310
1.342000	-7.313730
1.343000	-7.188020
1.344000	-7.188020
1.345000	-7.125230
1.346000	-7.188020
1.347000	-7.313730
1.348000	-7.439310
1.349000	-7.690610
1.350000	-7.816320
1.351000	-7.879110
1.352000	-7.941900
1.353000	-8.193320
1.354000	-8.318900
1.355000	-8.507400
1.356000	-8.570190
1.357000	-8.695900
1.358000	-8.695900
1.359000	-8.758700
1.360000	-8.758700
1.361000	-8.821490
1.362000	-8.758700
1.363000	-8.695900
1.364000	-8.570190
1.365000	-8.507400
1.366000	-8.318900
1.367000	-8.067610
1.368000	-7.816320
1.369000	-7.565020
1.370000	-7.313730
1.371000	-6.936730
1.372000	-6.559730
1.373000	-6.308430
1.374000	-6.057140
1.375000	-5.617350
1.376000	-5.303260
1.377000	-5.051970
1.378000	-4.549260
1.379000	-4.172380
1.380000	-3.858170
1.381000	-3.355580
1.382000	-2.978580
1.383000	-2.476000
1.384000	-2.224700
1.385000	-1.722120
1.386000	-1.345120
1.387000	-0.842531
1.388000	-0.465528
1.389000	0.037057
1.390000	0.539771
1.391000	0.853854
1.392000	1.356440
1.393000	1.859020
1.394000	2.298820
1.395000	2.738610
1.396000	3.115620
1.397000	3.492620
1.398000	3.932410
1.399000	4.372210
1.400000	4.686290
1.401000	5.000500
1.402000	5.314590
1.403000	5.565880
1.404000	5.628670
1.405000	5.754380
1.406000	5.691590
1.407000	5.628670
1.408000	5.503090
1.409000	5.377380
1.410000	5.126080
1.411000	4.874790
1.412000	4.686290
1.413000	4.372210
1.414000	4.057990
1.415000	3.806700
1.416000	3.492620
1.417000	3.178410
1.418000	2.738610
1.419000	2.047530
1.420000	1.544940
1.421000	1.293650
1.422000	0.979565
1.423000	0.476851
1.424000	-0.151445
1.425000	-0.214236
1.426000	-0.402737
1.427000	-0.591239
1.428000	-0.465528
1.429000	-0.277027
1.430000	-0.025734
1.431000	0.351269
1.432000	0.728144
1.433000	1.230860
1.434000	1.356440
1.435000	1.607730
1.436000	2.110450
1.437000	1.984730
1.438000	2.298820
1.439000	2.487320
1.440000	3.178410
1.441000	3.806700
1.442000	4.372210
1.443000	5.000500
1.444000	5.691590
1.445000	6.256960
1.446000	6.633970
1.447000	6.885260
1.448000	7.136550
1.449000	7.199340
1.450000	6.948050
1.451000	6.885260
1.452000	6.885260
1.453000	6.633970
1.454000	6.319760
1.455000	6.068460
1.456000	5.942880
1.457000	5.628670
1.458000	5.251790
1.459000	5.000500
1.460000	4.686290
1.461000	4.309290
1.462000	3.995200
1.463000	3.555410
1.464000	3.178410
1.465000	2.927110
1.466000	2.738610
1.467000	2.550240
1.468000	2.424530
1.469000	2.298820
1.470000	2.110450
1.471000	0.979565
1.472000	1.230860
1.473000	0.791063
1.474000	-0.214236
1.475000	-0.591239
1.476000	-1.345120
1.477000	-2.098990
1.478000	-2.476000
1.479000	-2.601710
1.480000	-2.853000
1.481000	-3.167080
1.482000	-3.229870
1.483000	-3.167080
1.484000	-3.041500
1.485000	-2.915790
1.486000	-2.915790
1.487000	-2.790080
1.488000	-2.476000
1.489000	-2.413210
1.490000	-2.287500
1.491000	-1.847700
1.492000	-1.533620
1.493000	-1.219410
1.494000	-1.156610
1.495000	-0.905322
1.496000	-0.716821
1.497000	-0.654030
1.498000	-0.654030
1.499000	-0.779612
1.500000	-0.779612
1.501000	-0.905322
1.502000	-1.156610
1.503000	-1.345120
1.504000	-1.596410
1.505000	-1.910490
1.506000	-1.973410
1.507000	-2.036200
1.508000	-2.350290
1.509000	-2.476000
1.510000	-2.790080
1.511000	-2.978580
1.512000	-3.167080
1.513000	-3.544090
1.514000	-3.795380
1.515000	-3.858170
1.516000	-3.858170
1.517000	-4.109460
1.518000	-4.297960
1.519000	-4.423670
1.520000	-4.549260
1.521000	-4.549260
1.522000	-4.674970
1.523000	-4.549260
1.524000	-4.235170
1.525000	-4.046670
1.526000	-3.669670
1.527000	-3.229870
1.528000	-2.538790
1.529000	-1.847700
1.530000	-1.219410
1.531000	-0.528319
1.532000	0.162768
1.533000	0.728144
1.534000	1.419230
1.535000	1.796230
1.536000	2.361740
1.537000	2.801530
1.538000	3.178410
1.539000	3.492620
1.540000	3.618200
1.541000	3.806700
1.542000	3.806700
1.543000	3.743910
1.544000	3.618200
1.545000	3.492620
1.546000	3.304120
1.547000	2.990030
1.548000	2.738610
1.549000	2.487320
1.550000	2.173240
1.551000	2.047530
1.552000	1.921940
1.553000	1.733440
1.554000	1.482150
1.555000	1.230860
1.556000	1.042360
1.557000	0.602562
1.558000	0.099977
1.559000	-0.339817
1.560000	-0.779612
1.561000	-1.219410
1.562000	-1.722120
1.563000	-2.287500
1.564000	-2.664500
1.565000	-2.978580
1.566000	-3.292790
1.567000	-3.418380
1.568000	-3.481170
1.569000	-3.355580
1.570000	-3.544090
1.571000	-3.418380
1.572000	-3.167080
1.573000	-2.853000
1.574000	-2.601710
1.575000	-2.287500
1.576000	-1.784910
1.577000	-1.407910
1.578000	-1.031030
1.579000	-0.465528
1.580000	0.225559
1.581000	0.853854
1.582000	1.607730
1.583000	2.424530
1.584000	3.178410
1.585000	3.932410
1.586000	4.560710
1.587000	5.251790
1.588000	5.691590
1.589000	6.131380
1.590000	6.382680
1.591000	6.571180
1.592000	6.696760
1.593000	6.822470
1.594000	6.696760
1.595000	6.822470
1.596000	6.885260
1.597000	7.010970
1.598000	7.010970
1.599000	6.885260
1.600000	6.822470
1.601000	6.885260
1.602000	6.885260
1.603000	6.759550
1.604000	6.696760
1.605000	6.696760
1.606000	6.822470
1.607000	6.633970
1.608000	6.319760
1.609000	6.005670
1.610000	5.817170
1.611000	5.440170
1.612000	5.251790
1.613000	4.874790
1.614000	4.309290
1.615000	3.995200
1.616000	3.366910
1.617000	2.236030
1.618000	1.042360
1.619000	0.225559
1.620000	-1.156610
1.621000	-2.350290
1.622000	-3.481170
1.623000	-4.800550
1.624000	-4.989050
1.625000	-5.177550
1.626000	-5.554560
1.627000	-5.491640
1.628000	-5.554560
1.629000	-5.428840
1.630000	-5.114760
1.631000	-4.989050
1.632000	-4.486470
1.633000	-4.360750
1.634000	-3.795380
1.635000	-3.292790
1.636000	-2.413210
1.637000	-1.407910
1.638000	-0.716821
1.639000	-0.088525
1.640000	0.728144
1.641000	0.979565
1.642000	1.419230
1.643000	1.859020
1.644000	2.236030
1.645000	2.613030
1.646000	2.738610
1.647000	3.052820
1.648000	3.115620
1.649000	3.178410
1.650000	3.304120
1.651000	3.304120
1.652000	3.555410
1.653000	3.555410
1.654000	3.555410
1.655000	3.555410
1.656000	3.366910
1.657000	3.178410
1.658000	2.990030
1.659000	2.613030
1.660000	2.173240
1.661000	1.796230
1.662000	1.356440
1.663000	0.979565
1.664000	0.539771
1.665000	-0.025734
1.666000	-0.591239
1.667000	-1.219410
1.668000	-1.596410
1.669000	-2.036200
1.670000	-2.601710
1.671000	-2.978580
1.672000	-3.292790
1.673000	-3.606880
1.674000	-3.858170
1.675000	-3.983880
1.676000	-4.046670
1.677000	-3.983880
1.678000	-3.544090
1.679000	-3.229870
1.680000	-2.727290
1.681000	-2.413210
1.682000	-1.910490
1.683000	-1.156610
1.684000	-0.716821
1.685000	-0.151445
1.686000	0.351269
1.687000	0.791063
1.688000	1.356440
1.689000	1.796230
1.690000	2.047530
1.691000	2.424530
1.692000	2.738610
1.693000	2.927110
1.694000	3.115620
1.695000	3.178410
1.696000	3.178410
1.697000	3.052820
1.698000	2.801530
1.699000	2.487320
1.700000	2.298820
1.701000	1.796230
1.702000	1.544940
1.703000	1.105150
1.704000	0.728144
1.705000	0.225559
1.706000	-0.088525
1.707000	-0.465528
1.708000	-0.716821
1.709000	-0.905322
1.710000	-1.282330
1.711000	-1.722120
1.712000	-1.910490
1.713000	-2.224700
1.714000	-2.476000
1.715000	-2.727290
1.716000	-2.978580
1.717000	-2.978580
1.718000	-2.915790
1.719000	-2.727290
1.720000	-2.664500
1.721000	-2.476000
1.722000	-2.413210
1.723000	-2.098990
1.724000	-1.596410
1.725000	-1.407910
1.726000	-1.031030
1.727000	-0.654030
1.728000	-0.402737
1.729000	-0.088525
1.730000	0.414060
1.731000	0.791063
1.732000	1.230860
1.733000	1.482150
1.734000	1.859020
1.735000	2.110450
1.736000	2.361740
1.737000	2.487320
1.738000	2.550240
1.739000	2.550240
1.740000	2.487320
1.741000	2.361740
1.742000	2.173240
1.743000	1.796230
1.744000	1.419230
1.745000	1.105150
1.746000	0.602562
1.747000	0.162768
1.748000	-0.151445
1.749000	-0.402737
1.750000	-0.779612
1.751000	-1.031030
1.752000	-1.282330
1.753000	-1.345120
1.754000	-1.596410
1.755000	-1.470700
1.756000	-1.533620
1.757000	-1.470700
1.758000	-1.345120
1.759000	-1.219410
1.760000	-1.093820
1.761000	-0.842531
1.762000	-0.654030
1.763000	-0.402737
1.764000	-0.214236
1.765000	0.037057
1.766000	0.351269
1.767000	0.602562
1.768000	0.791063
1.769000	0.979565
1.770000	0.916645
1.771000	0.979565
1.772000	0.916645
1.773000	1.042360
1.774000	1.042360
1.775000	0.979565
1.776000	0.916645
1.777000	0.791063
1.778000	0.791063
1.779000	0.791063
1.780000	0.728144
1.781000	0.602562
1.782000	0.602562
1.783000	0.665353
1.784000	0.414060
1.785000	0.351269
1.786000	0.225559
1.787000	0.099977
1.788000	0.099977
1.789000	0.037057
1.790000	-0.025734
1.791000	-0.214236
1.792000	0.037057
1.793000	0.037057
1.794000	-0.025734
1.795000	0.099977
1.796000	0.099977
1.797000	0.162768
1.798000	0.225559
1.799000	0.162768
1.800000	0.037057
1.801000	0.162768
1.802000	-0.025734
1.803000	0.037057
1.804000	-0.088525
1.805000	-0.025734
1.806000	-0.025734
1.807000	0.099977
1.808000	0.162768
1.809000	0.099977
1.810000	0.099977
1.811000	0.225559
1.812000	0.288349
1.813000	0.351269
1.814000	0.414060
1.815000	0.351269
1.816000	0.414060
1.817000	0.539771
1.818000	0.414060
1.819000	0.728144
1.820000	0.665353
1.821000	0.791063
1.822000	0.853854
1.823000	0.979565
1.824000	1.042360
1.825000	0.979565
1.826000	1.042360
1.827000	0.979565
1.828000	0.853854
1.829000	0.728144
1.830000	0.602562
1.831000	0.351269
1.832000	0.225559
1.833000	0.037057
1.834000	-0.214236
1.835000	-0.277027
1.836000	-0.465528
1.837000	-0.654030
1.838000	-0.968113
1.839000	-1.093820
1.840000	-1.156610
1.841000	-1.282330
1.842000	-1.345120
1.843000	-1.470700
1.844000	-1.659200
1.845000	-1.784910
1.846000	-1.722120
1.847000	-1.659200
1.848000	-1.596410
1.849000	-1.470700
1.850000	-1.282330
1.851000	-1.093820
1.852000	-0.842531
1.853000	-0.654030
1.854000	-0.465528
1.855000	-0.214236
1.856000	-0.088525
1.857000	0.162768
1.858000	0.351269
1.859000	0.539771
1.860000	0.728144
1.861000	0.728144
1.862000	0.791063
1.863000	0.853854
1.864000	0.791063
1.865000	0.853854
1.866000	0.791063
1.867000	0.728144
1.868000	0.539771
1.869000	0.414060
1.870000	0.288349
1.871000	0.225559
1.872000	0.099977
1.873000	-0.025734
1.874000	-0.151445
1.875000	-0.277027
1.876000	-0.339817
1.877000	-0.402737
1.878000	-0.402737
1.879000	-0.465528
1.880000	-0.402737
1.881000	-0.402737
1.882000	-0.339817
1.883000	-0.214236
1.884000	-0.151445
1.885000	-0.151445
1.886000	-0.088525
1.887000	0.037057
1.888000	0.037057
1.889000	0.037057
1.890000	0.162768
1.891000	0.225559
1.892000	0.225559
1.893000	0.288349
1.894000	0.162768
1.895000	0.162768
1.896000	0.351269
1.897000	0.288349
1.898000	0.225559
1.899000	0.162768
1.900000	0.225559
1.901000	0.099977
1.902000	0.162768
1.903000	0.099977
1.904000	0.037057
1.905000	-0.088525
1.906000	-0.088525
1.907000	-0.151445
1.908000	-0.088525
1.909000	-0.151445
1.910000	-0.088525
1.911000	-0.088525
1.912000	-0.025734
1.913000	-0.025734
1.914000	0.037057
1.915000	0.288349
1.916000	0.476851
1.917000	0.539771
1.918000	0.602562
1.919000	0.791063
1.920000	0.916645
1.921000	1.105150
1.922000	1.105150
1.923000	1.105150
1.924000	1.167940
1.925000	1.105150
1.926000	1.167940
1.927000	1.042360
1.928000	0.979565
1.929000	0.916645
1.930000	0.665353
1.931000	0.602562
1.932000	0.602562
1.933000	0.414060
1.934000	0.225559
1.935000	0.037057
1.936000	-0.088525
1.937000	-0.214236
1.938000	-0.277027
1.939000	-0.214236
1.940000	-0.214236
1.941000	-0.277027
1.942000	-0.277027
1.943000	-0.214236
1.944000	-0.088525
1.945000	-0.088525
1.946000	0.037057
1.947000	0.162768
1.948000	0.225559
1.949000	0.037057
1.950000	0.225559
1.951000	0.225559
1.952000	0.162768
1.953000	0.225559
1.954000	0.162768
1.955000	0.225559
1.956000	0.225559
1.957000	0.288349
1.958000	0.288349
1.959000	0.414060
1.960000	0.351269
1.961000	0.414060
1.962000	0.539771
1.963000	0.476851
1.964000	0.351269
1.965000	0.539771
1.966000	0.414060
1.967000	0.414060
1.968000	0.351269
1.969000	0.351269
1.970000	0.288349
1.971000	0.225559
1.972000	0.225559
1.973000	0.162768
1.974000	0.162768
1.975000	0.099977
1.976000	0.162768
1.977000	0.288349
1.978000	0.288349
1.979000	0.225559
1.980000	0.162768
1.981000	0.099977
1.982000	0.225559
1.983000	0.162768
1.984000	0.099977
1.985000	-0.025734
1.986000	0.037057
1.987000	-0.025734
1.988000	0.037057
1.989000	-0.151445
1.990000	-0.151445
1.991000	-0.277027
1.992000	-0.277027
1.993000	-0.402737
1.994000	-0.465528
1.995000	-0.465528
1.996000	-0.528319
1.997000	-0.654030
1.998000	-0.654030
1.999000	-0.654030
2.000000	-0.528319
2.001000	-0.528319
2.002000	-0.339817
2.003000	-0.277027
2.004000	-0.214236
2.005000	-0.151445
2.006000	-0.088525
2.007000	0.099977
2.008000	0.099977
2.009000	0.225559
2.010000	0.162768
2.011000	0.225559
2.012000	0.225559
2.013000	0.288349
2.014000	0.288349
2.015000	0.351269
2.016000	0.351269
2.017000	0.414060
2.018000	0.351269
2.019000	0.414060
2.020000	0.288349
2.021000	0.288349
2.022000	0.225559
2.023000	0.225559
2.024000	0.225559
2.025000	0.162768
2.026000	0.099977
2.027000	-0.088525
2.028000	-0.088525
2.029000	-0.088525
2.030000	-0.277027
2.031000	-0.339817
2.032000	-0.339817
2.033000	-0.402737
2.034000	-0.402737
2.035000	-0.528319
2.036000	-0.465528
2.037000	-0.465528
2.038000	-0.465528
2.039000	-0.402737
2.040000	-0.402737
2.041000	-0.277027
2.042000	-0.402737
2.043000	-0.339817
2.044000	-0.339817
2.045000	-0.214236
2.046000	-0.151445
2.047000	-0.151445
2.048000	-0.088525
2.049000	-0.088525
2.050000	0.037057
2.051000	0.099977
2.052000	0.162768
2.053000	0.225559
2.054000	0.225559
2.055000	0.351269
2.056000	0.414060
2.057000	0.476851
2.058000	0.539771
2.059000	0.602562
2.060000	0.602562
2.061000	0.539771
2.062000	0.665353
2.063000	0.602562
2.064000	0.602562
2.065000	0.414060
2.066000	0.414060
2.067000	0.351269
2.068000	0.288349
2.069000	0.225559
2.070000	0.288349
2.071000	0.162768
2.072000	0.099977
2.073000	0.037057
2.074000	-0.025734
2.075000	-0.025734
2.076000	0.037057
2.077000	0.037057
2.078000	0.037057
2.079000	0.099977
2.080000	0.037057
2.081000	0.037057
2.082000	-0.025734
2.083000	0.037057
2.084000	0.037057
2.085000	0.099977
2.086000	0.162768
2.087000	0.225559
2.088000	0.288349
2.089000	0.225559
2.090000	0.288349
2.091000	0.351269
2.092000	0.351269
2.093000	0.351269
2.094000	0.351269
2.095000	0.351269
2.096000	0.414060
2.097000	0.351269
2.098000	0.351269
2.099000	0.476851
2.100000	0.351269
2.101000	0.414060
2.102000	0.414060
2.103000	0.351269
2.104000	0.288349
2.105000	0.225559
2.106000	0.288349
2.107000	0.162768
2.108000	0.162768
2.109000	0.099977
2.110000	0.037057
2.111000	-0.025734
2.112000	0.037057
2.113000	0.037057
2.114000	0.099977
2.115000	0.037057
2.116000	-0.025734
2.117000	0.037057
2.118000	-0.025734
2.119000	0.037057
2.120000	-0.025734
2.121000	0.037057
2.122000	0.099977
2.123000	0.099977
2.124000	0.099977
2.125000	0.037057
2.126000	0.162768
2.127000	0.099977
2.128000	0.099977
2.129000	0.225559
2.130000	0.225559
2.131000	0.288349
2.132000	0.351269
2.133000	0.351269
2.134000	0.414060
2.135000	0.351269
2.136000	0.476851
2.137000	0.414060
2.138000	0.476851
2.139000	0.476851
2.140000	0.476851
2.141000	0.539771
2.142000	0.476851
2.143000	0.414060
2.144000	0.414060
2.145000	0.476851
2.146000	0.351269
2.147000	0.288349
2.148000	0.162768
2.149000	0.162768
2.150000	0.037057
2.151000	-0.025734
2.152000	-0.025734
2.153000	-0.088525
2.154000	-0.151445
2.155000	-0.277027
2.156000	-0.277027
2.157000	-0.277027
2.158000	-0.402737
2.159000	-0.339817
2.160000	-0.402737
2.161000	-0.402737
2.162000	-0.402737
2.163000	-0.402737
2.164000	-0.465528
2.165000	-0.402737
2.166000	-0.465528
2.167000	-0.402737
2.168000	-0.402737
2.169000	-0.402737
2.170000	-0.277027
2.171000	-0.339817
2.172000	-0.277027
2.173000	-0.151445
2.174000	-0.214236
2.175000	-0.151445
2.176000	-0.025734
2.177000	0.037057
2.178000	-0.025734
2.179000	0.037057
2.180000	-0.025734
2.181000	-0.025734
2.182000	0.037057
2.183000	0.099977
2.184000	0.037057
2.185000	0.037057
2.186000	0.162768
2.187000	0.162768
2.188000	0.162768
2.189000	0.162768
2.190000	0.225559
2.191000	0.225559
2.192000	0.099977
2.193000	0.099977
2.194000	0.099977
2.195000	0.099977
2.196000	0.099977
2.197000	0.099977
2.198000	0.099977
2.199000	-0.025734
2.200000	0.037057
2.201000	-0.151445
2.202000	-0.025734
2.203000	-0.088525
2.204000	-0.088525
2.205000	-0.151445
2.206000	-0.151445
2.207000	-0.151445
2.208000	-0.214236
2.209000	-0.151445
2.210000	-0.151445
2.211000	-0.088525
2.212000	-0.025734
2.213000	0.037057
2.214000	0.037057
2.215000	0.037057
2.216000	0.099977
2.217000	0.099977
2.218000	0.225559
2.219000	0.225559
2.220000	0.225559
2.221000	0.288349
2.222000	0.288349
2.223000	0.225559
2.224000	0.288349
2.225000	0.288349
2.226000	0.288349
2.227000	0.225559
2.228000	0.225559
2.229000	0.288349
2.230000	0.288349
2.231000	0.351269
2.232000	0.225559
2.233000	0.162768
2.234000	0.225559
2.235000	0.288349
2.236000	0.288349
2.237000	0.225559
2.238000	0.225559
2.239000	0.162768
2.240000	0.225559
2.241000	0.225559
2.242000	0.225559
2.243000	0.162768
2.244000	0.225559
2.245000	0.162768
2.246000	0.288349
2.247000	0.225559
2.248000	0.225559
2.249000	0.225559
2.250000	0.288349
2.251000	0.288349
2.252000	0.225559
2.253000	0.288349
2.254000	0.351269
2.255000	0.288349
2.256000	0.414060
2.257000	0.414060
2.258000	0.351269
2.259000	0.351269
2.260000	0.414060
2.261000	0.351269
2.262000	0.414060
2.263000	0.414060
2.264000	0.351269
2.265000	0.351269
2.266000	0.351269
2.267000	0.288349
2.268000	0.351269
2.269000	0.351269
2.270000	0.288349
2.271000	0.288349
2.272000	0.225559
2.273000	0.225559
2.274000	0.162768
2.275000	0.162768
2.276000	0.162768
2.277000	0.162768
2.278000	0.037057
2.279000	0.037057
2.280000	0.037057
2.281000	0.037057
2.282000	-0.088525
2.283000	-0.025734
2.284000	-0.025734
2.285000	-0.025734
2.286000	-0.088525
2.287000	-0.088525
2.288000	-0.151445
2.289000	-0.088525
2.290000	-0.151445
2.291000	-0.151445
2.292000	-0.088525
2.293000	-0.151445
2.294000	-0.151445
2.295000	-0.151445
2.296000	-0.088525
2.297000	-0.088525
2.298000	-0.151445
2.299000	-0.088525
2.300000	-0.025734
2.301000	-0.025734
2.302000	0.037057
2.303000	0.099977
2.304000	0.037057
2.305000	0.037057
2.306000	0.099977
2.307000	0.037057
2.308000	0.162768
2.309000	0.225559
2.310000	0.225559
2.311000	0.162768
2.312000	0.162768
2.313000	0.225559
2.314000	0.225559
2.315000	0.225559
2.316000	0.162768
2.317000	0.099977
2.318000	0.162768
2.319000	0.225559
2.320000	0.162768
2.321000	0.162768
2.322000	0.162768
2.323000	0.162768
2.324000	0.162768
2.325000	0.162768
2.326000	0.099977
2.327000	0.099977
2.328000	0.037057
2.329000	0.037057
2.330000	-0.025734
2.331000	-0.025734
2.332000	-0.088525
2.333000	-0.025734
2.334000	-0.151445
2.335000	-0.151445
2.336000	-0.151445
2.337000	-0.151445
2.338000	-0.088525
2.339000	-0.214236
2.340000	-0.151445
2.341000	-0.088525
2.342000	-0.151445
2.343000	-0.151445
2.344000	-0.151445
2.345000	-0.088525
2.346000	-0.151445
2.347000	-0.025734
2.348000	0.037057
2.349000	-0.025734
2.350000	-0.025734
2.351000	-0.025734
2.352000	-0.025734
2.353000	0.037057
2.354000	0.099977
2.355000	0.037057
2.356000	0.099977
2.357000	0.099977
2.358000	0.099977
2.359000	0.099977
2.360000	0.099977
2.361000	-0.025734
2.362000	0.162768
2.363000	0.037057
2.364000	0.099977
2.365000	0.037057
2.366000	-0.025734
2.367000	-0.025734
2.368000	-0.025734
2.369000	0.037057
2.370000	0.037057
2.371000	-0.025734
2.372000	0.037057
2.373000	0.037057
2.374000	0.099977
2.375000	0.099977
2.376000	0.099977
2.377000	0.099977
2.378000	0.162768
2.379000	0.099977
2.380000	0.099977
2.381000	0.225559
2.382000	0.099977
2.383000	0.162768
2.384000	0.099977
2.385000	0.162768
2.386000	0.225559
2.387000	0.162768
2.388000	0.037057
2.389000	0.037057
2.390000	0.037057
2.391000	0.037057
2.392000	0.099977
2.393000	0.037057
2.394000	-0.025734
2.395000	0.037057
2.396000	0.162768
2.397000	0.099977
2.398000	0.162768
2.399000	0.162768
2.400000	0.162768
2.401000	0.099977
2.402000	0.162768
2.403000	0.225559
2.404000	0.162768
2.405000	0.162768
2.406000	0.099977
2.407000	0.162768
2.408000	0.162768
2.409000	0.162768
2.410000	0.162768
2.411000	0.162768
2.412000	0.162768
2.413000	0.225559
2.414000	0.225559
2.415000	0.162768
2.416000	0.162768
2.417000	0.162768
2.418000	0.225559
2.419000	0.225559
2.420000	0.162768
2.421000	0.162768
2.422000	0.099977
2.423000	0.225559
2.424000	0.162768
2.425000	0.162768
2.426000	0.225559
2.427000	0.099977
2.428000	0.162768
2.429000	0.162768
2.430000	0.099977
2.431000	0.162768
2.432000	0.099977
2.433000	0.099977
2.434000	0.099977
2.435000	0.037057
2.436000	0.225559
2.437000	0.162768
2.438000	0.099977
2.439000	0.099977
2.440000	0.162768
2.441000	0.162768
2.442000	0.225559
2.443000	0.225559
2.444000	0.225559
2.445000	0.225559
2.446000	0.225559
2.447000	0.288349
2.448000	0.288349
2.449000	0.225559
2.450000	0.225559
2.451000	0.225559
2.452000	0.225559
2.453000	0.225559
2.454000	0.225559
2.455000	0.099977
2.456000	0.225559
2.457000	0.162768
2.458000	0.162768
2.459000	0.225559
2.460000	0.162768
2.461000	0.099977
2.462000	0.099977
2.463000	0.162768
2.464000	0.099977
2.465000	0.099977
2.466000	0.162768
2.467000	0.037057
2.468000	0.162768
2.469000	0.099977
2.470000	0.037057
2.471000	0.037057
2.472000	0.037057
2.473000	0.037057
2.474000	0.037057
2.475000	0.037057
2.476000	0.037057
2.477000	-0.025734
2.478000	-0.025734
2.479000	0.037057
2.480000	0.037057
2.481000	0.037057
2.482000	0.037057
2.483000	0.037057
2.484000	0.037057
2.485000	0.037057
2.486000	0.099977
2.487000	0.037057
2.488000	0.037057
2.489000	0.037057
2.490000	-0.025734
2.491000	0.037057
2.492000	0.037057
2.493000	0.037057
2.494000	0.037057
2.495000	0.037057
2.496000	-0.025734
2.497000	0.037057
2.498000	-0.025734
2.499000	0.037057
2.500000	0.037057
2.501000	0.037057
2.502000	0.099977
2.503000	0.037057
2.504000	0.099977
2.505000	0.099977
2.506000	0.037057
2.507000	0.037057
2.508000	0.162768
2.509000	0.099977
2.510000	0.162768
2.511000	0.037057
2.512000	0.099977
2.513000	0.037057
2.514000	0.162768
2.515000	0.099977
2.516000	0.099977
2.517000	0.037057
2.518000	0.037057
2.519000	0.162768
2.520000	0.099977
2.521000	0.037057
2.522000	0.037057
2.523000	0.037057
2.524000	0.037057
2.525000	0.099977
2.526000	-0.025734
2.527000	0.037057
2.528000	0.037057
2.529000	-0.025734
2.530000	-0.025734
2.531000	0.037057
2.532000	0.037057
2.533000	-0.088525
2.534000	-0.088525
2.535000	0.037057
2.536000	0.037057
2.537000	-0.088525
2.538000	-0.025734
2.539000	0.037057
2.540000	0.037057
2.541000	0.037057
2.542000	0.037057
2.543000	-0.025734
2.544000	-0.025734
2.545000	0.037057
2.546000	-0.025734
2.547000	0.037057
2.548000	0.037057
2.549000	0.037057
2.550000	-0.088525
2.551000	0.037057
2.552000	0.037057
2.553000	0.037057
2.554000	0.037057
2.555000	-0.025734
2.556000	-0.025734
2.557000	-0.025734
2.558000	0.099977
2.559000	-0.025734
2.560000	0.099977
2.561000	-0.025734
2.562000	0.037057
2.563000	0.037057
2.564000	0.037057
2.565000	-0.025734
2.566000	0.037057
2.567000	0.037057
2.568000	0.099977
2.569000	0.162768
2.570000	0.225559
2.571000	0.162768
2.572000	0.162768
2.573000	0.162768
2.574000	0.162768
2.575000	0.225559
2.576000	0.225559
2.577000	0.225559
2.578000	0.225559
2.579000	0.225559
2.580000	0.225559
2.581000	0.288349
2.582000	0.225559
2.583000	0.288349
2.584000	0.225559
2.585000	0.225559
2.586000	0.225559
2.587000	0.288349
2.588000	0.225559
2.589000	0.225559
2.590000	0.225559
2.591000	0.162768
2.592000	0.162768
2.593000	0.037057
2.594000	0.037057
2.595000	0.099977
2.596000	0.099977
2.597000	0.099977
2.598000	0.037057
2.599000	0.037057
2.600000	0.037057
2.601000	-0.025734
2.602000	-0.025734
2.603000	0.037057
2.604000	-0.025734
2.605000	-0.025734
2.606000	-0.025734
2.607000	-0.088525
2.608000	0.037057
2.609000	-0.025734
2.610000	0.037057
2.611000	0.037057
2.612000	0.037057
2.613000	0.099977
2.614000	0.037057
2.615000	0.037057
2.616000	0.037057
2.617000	0.099977
2.618000	0.037057
2.619000	0.162768
2.620000	0.225559
2.621000	0.225559
2.622000	0.225559
2.623000	0.288349
2.624000	0.288349
2.625000	0.288349
2.626000	0.288349
2.627000	0.225559
2.628000	0.351269
2.629000	0.288349
2.630000	0.288349
2.631000	0.225559
2.632000	0.288349
2.633000	0.225559
2.634000	0.288349
2.635000	0.288349
2.636000	0.288349
2.637000	0.225559
2.638000	0.225559
2.639000	0.225559
2.640000	0.099977
2.641000	0.162768
2.642000	0.099977
2.643000	0.099977
2.644000	0.099977
2.645000	0.099977
2.646000	0.099977
2.647000	0.037057
2.648000	-0.025734
2.649000	0.037057
2.650000	-0.025734
2.651000	-0.025734
2.652000	-0.025734
2.653000	0.037057
2.654000	-0.025734
2.655000	-0.025734
2.656000	0.037057
2.657000	-0.025734
2.658000	0.037057
2.659000	0.099977
2.660000	0.099977
2.661000	0.037057
2.662000	0.037057
2.663000	0.037057
2.664000	0.099977
2.665000	-0.025734
2.666000	-0.025734
2.667000	0.037057
2.668000	0.037057
2.669000	-0.025734
2.670000	0.037057
2.671000	0.037057
2.672000	-0.025734
2.673000	0.037057
2.674000	0.037057
2.675000	0.037057
2.676000	0.037057
2.677000	0.037057
2.678000	-0.025734
2.679000	0.037057
2.680000	0.099977
2.681000	0.037057
2.682000	0.037057
2.683000	0.099977
2.684000	0.037057
2.685000	0.037057
2.686000	0.162768
2.687000	0.037057
2.688000	0.099977
2.689000	0.099977
2.690000	0.099977
2.691000	0.099977
2.692000	0.099977
2.693000	0.099977
2.694000	0.162768
2.695000	0.162768
2.696000	0.099977
2.697000	0.037057
2.698000	0.099977
2.699000	0.162768
2.700000	0.162768
2.701000	0.037057
2.702000	0.099977
2.703000	0.099977
2.704000	0.099977
2.705000	0.037057
2.706000	0.037057
2.707000	0.037057
2.708000	0.037057
2.709000	0.037057
2.710000	0.037057
2.711000	-0.025734
2.712000	0.037057
2.713000	0.037057
2.714000	0.037057
2.715000	0.099977
2.716000	0.037057
2.717000	0.037057
2.718000	-0.025734
2.719000	-0.025734
2.720000	-0.025734
2.721000	0.037057
2.722000	0.037057
2.723000	0.037057
2.724000	0.099977
2.725000	0.037057
2.726000	0.037057
2.727000	0.099977
2.728000	0.037057
2.729000	0.099977
2.730000	0.099977
2.731000	0.099977
2.732000	0.099977
2.733000	0.162768
2.734000	0.099977
2.735000	0.037057
2.736000	0.162768
2.737000	0.099977
2.738000	0.162768
2.739000	0.162768
2.740000	0.162768
2.741000	0.099977
2.742000	0.225559
2.743000	0.225559
2.744000	0.162768
2.745000	0.162768
2.746000	0.162768
2.747000	0.099977
2.748000	0.099977
2.749000	0.162768
2.750000	0.099977
2.751000	0.162768
2.752000	0.162768
2.753000	0.162768
2.754000	0.225559
2.755000	0.099977
2.756000	0.162768
2.757000	0.162768
2.758000	0.162768
2.759000	0.162768
2.760000	0.225559
2.761000	0.099977
2.762000	0.162768
2.763000	0.099977
2.764000	0.099977
2.765000	0.037057
2.766000	0.037057
2.767000	0.037057
2.768000	0.099977
2.769000	0.037057
2.770000	0.099977
2.771000	0.037057
2.772000	-0.025734
2.773000	0.099977
2.774000	-0.025734
2.775000	-0.025734
2.776000	-0.025734
2.777000	0.037057
2.778000	-0.088525
2.779000	-0.025734
2.780000	-0.025734
2.781000	0.037057
2.782000	0.037057
2.783000	0.037057
2.784000	0.037057
2.785000	0.037057
2.786000	0.099977
2.787000	0.099977
2.788000	0.099977
2.789000	-0.025734
2.790000	0.037057
2.791000	0.099977
2.792000	0.099977
2.793000	0.037057
2.794000	0.037057
2.795000	0.099977
2.796000	0.099977
2.797000	0.162768
2.798000	0.037057
2.799000	0.037057
2.800000	0.099977
2.801000	0.037057
2.802000	0.037057
2.803000	0.099977
2.804000	0.099977
2.805000	0.037057
2.806000	0.037057
2.807000	0.099977
2.808000	0.099977
2.809000	0.162768
2.810000	0.099977
2.811000	0.099977
2.812000	0.099977
2.813000	0.162768
2.814000	0.037057
2.815000	0.037057
2.816000	0.037057
2.817000	0.162768
2.818000	0.099977
2.819000	0.037057
2.820000	0.037057
2.821000	0.099977
2.822000	0.162768
2.823000	0.162768
2.824000	0.099977
2.825000	0.099977
2.826000	0.099977
2.827000	0.099977
2.828000	0.099977
2.829000	0.099977
2.830000	0.162768
2.831000	0.162768
2.832000	0.162768
2.833000	0.162768
2.834000	0.099977
2.835000	0.099977
2.836000	0.099977
2.837000	0.099977
2.838000	0.037057
2.839000	0.225559
2.840000	0.162768
2.841000	0.099977
2.842000	0.099977
2.843000	0.162768
2.844000	0.162768
2.845000	0.162768
2.846000	0.162768
2.847000	0.225559
2.848000	0.162768
2.849000	0.162768
2.850000	0.162768
2.851000	0.162768
2.852000	0.099977
2.853000	0.099977
2.854000	0.162768
2.855000	0.162768
2.856000	0.162768
2.857000	0.037057
2.858000	0.099977
2.859000	0.099977
2.860000	0.099977
2.861000	0.037057
2.862000	0.037057
2.863000	0.037057
2.864000	-0.025734
2.865000	-0.025734
2.866000	0.037057
2.867000	0.037057
2.868000	-0.025734
2.869000	0.099977
2.870000	0.037057
2.871000	-0.088525
2.872000	0.037057
2.873000	0.037057
2.874000	-0.025734
2.875000	0.099977
2.876000	0.099977
2.877000	0.037057
2.878000	0.037057
2.879000	0.099977
2.880000	0.099977
2.881000	0.037057
2.882000	0.037057
2.883000	0.099977
2.884000	0.162768
2.885000	-0.025734
2.886000	0.099977
2.887000	0.099977
2.888000	0.099977
2.889000	0.099977
2.890000	0.162768
2.891000	0.099977
2.892000	0.099977
2.893000	0.225559
2.894000	0.099977
2.895000	0.099977
2.896000	0.099977
2.897000	0.099977
2.898000	0.037057
2.899000	0.099977
2.900000	0.099977
2.901000	0.099977
2.902000	0.162768
2.903000	0.099977
2.904000	0.099977
2.905000	0.099977
2.906000	0.099977
2.907000	0.037057
2.908000	0.099977
2.909000	0.099977
2.910000	0.162768
2.911000	0.037057
2.912000	0.099977
2.913000	0.099977
2.914000	0.099977
2.915000	0.037057
2.916000	-0.025734
2.917000	0.037057
2.918000	0.037057
2.919000	0.099977
2.920000	-0.025734
2.921000	-0.025734
2.922000	0.037057
2.923000	-0.025734
2.924000	0.037057
2.925000	0.037057
2.926000	0.099977
2.927000	0.037057
2.928000	0.037057
2.929000	0.099977
2.930000	0.099977
2.931000	0.037057
2.932000	0.162768
2.933000	0.037057
2.934000	0.099977
2.935000	0.162768
2.936000	0.099977
2.937000	0.162768
2.938000	0.162768
2.939000	0.225559
2.940000	0.162768
2.941000	0.225559
2.942000	0.099977
2.943000	0.162768
2.944000	0.099977
2.945000	0.162768
2.946000	0.162768
2.947000	0.099977
2.948000	0.099977
2.949000	0.099977
2.950000	0.099977
2.951000	0.037057
2.952000	0.037057
2.953000	0.037057
2.954000	0.099977
2.955000	0.099977
2.956000	0.099977
2.957000	0.099977
2.958000	0.162768
2.959000	0.037057
2.960000	0.099977
2.961000	0.099977
2.962000	0.037057
2.963000	0.037057
2.964000	0.037057
2.965000	-0.088525
2.966000	0.099977
2.967000	0.037057
2.968000	0.037057
2.969000	0.037057
2.970000	-0.025734
2.971000	-0.088525
2.972000	-0.025734
2.973000	0.037057
2.974000	-0.025734
2.975000	-0.025734
2.976000	-0.025734
2.977000	0.037057
2.978000	-0.088525
2.979000	0.037057
2.980000	0.037057
2.981000	-0.025734
2.982000	0.099977
2.983000	-0.088525
2.984000	-0.025734
2.985000	0.099977
2.986000	0.037057
2.987000	-0.025734
2.988000	0.037057
2.989000	0.099977
2.990000	0.037057
2.991000	0.037057
2.992000	0.099977
2.993000	0.037057
2.994000	0.099977
2.995000	0.099977
2.996000	0.099977
2.997000	0.037057
2.998000	0.099977
2.999000	0.037057
