-0.500000	-0.535535
-0.499000	5.404030
-0.498000	2.434250
-0.497000	-0.535535
-0.496000	-0.535535
-0.495000	2.434250
-0.494000	2.434250
-0.493000	-0.535535
-0.492000	-0.535535
-0.491000	2.434250
-0.490000	-0.535535
-0.489000	-0.535535
-0.488000	-0.535535
-0.487000	-0.535535
-0.486000	2.434250
-0.485000	5.404030
-0.484000	5.404030
-0.483000	2.434250
-0.482000	2.434250
-0.481000	-0.535535
-0.480000	-0.535535
-0.479000	-0.535535
-0.478000	-0.535535
-0.477000	2.434250
-0.476000	2.434250
-0.475000	-0.535535
-0.474000	2.434250
-0.473000	-0.535535
-0.472000	5.404030
-0.471000	-0.535535
-0.470000	2.434250
-0.469000	-0.535535
-0.468000	-0.535535
-0.467000	-0.535535
-0.466000	2.434250
-0.465000	2.434250
-0.464000	5.404030
-0.463000	-0.535535
-0.462000	5.404030
-0.461000	2.434250
-0.460000	-0.535535
-0.459000	2.434250
-0.458000	-0.535535
-0.457000	2.434250
-0.456000	-0.535535
-0.455000	2.434250
-0.454000	2.434250
-0.453000	-0.535535
-0.452000	2.434250
-0.451000	2.434250
-0.450000	5.404030
-0.449000	2.434250
-0.448000	-0.535535
-0.447000	2.434250
-0.446000	5.404030
-0.445000	-0.535535
-0.444000	-0.535535
-0.443000	2.434250
-0.442000	-0.535535
-0.441000	-0.535535
-0.440000	-0.535535
-0.439000	-0.535535
-0.438000	2.434250
-0.437000	-3.511400
-0.436000	2.434250
-0.435000	5.404030
-0.434000	-0.535535
-0.433000	2.434250
-0.432000	5.404030
-0.431000	2.434250
-0.430000	2.434250
-0.429000	2.434250
-0.428000	-0.535535
-0.427000	5.404030
-0.426000	2.434250
-0.425000	2.434250
-0.424000	2.434250
-0.423000	-0.535535
-0.422000	2.434250
-0.421000	-0.535535
-0.420000	-0.535535
-0.419000	5.404030
-0.418000	-0.535535
-0.417000	-0.535535
-0.416000	2.434250
-0.415000	-0.535535
-0.414000	-0.535535
-0.413000	-0.535535
-0.412000	5.404030
-0.411000	-0.535535
-0.410000	-0.535535
-0.409000	2.434250
-0.408000	-0.535535
-0.407000	2.434250
-0.406000	2.434250
-0.405000	2.434250
-0.404000	-3.511400
-0.403000	2.434250
-0.402000	-0.535535
-0.401000	-0.535535
-0.400000	2.434250
-0.399000	5.404030
-0.398000	-0.535535
-0.397000	-0.535535
-0.396000	2.434250
-0.395000	5.404030
-0.394000	2.434250
-0.393000	-0.535535
-0.392000	-0.535535
-0.391000	-0.535535
-0.390000	5.404030
-0.389000	-0.535535
-0.388000	-0.535535
-0.387000	-0.535535
-0.386000	-0.535535
-0.385000	2.434250
-0.384000	-0.535535
-0.383000	2.434250
-0.382000	2.434250
-0.381000	2.434250
-0.380000	2.434250
-0.379000	5.404030
-0.378000	2.434250
-0.377000	-0.535535
-0.376000	2.434250
-0.375000	2.434250
-0.374000	2.434250
-0.373000	-0.535535
-0.372000	2.434250
-0.371000	2.434250
-0.370000	5.404030
-0.369000	2.434250
-0.368000	5.404030
-0.367000	2.434250
-0.366000	-0.535535
-0.365000	5.404030
-0.364000	-0.535535
-0.363000	-0.535535
-0.362000	-0.535535
-0.361000	2.434250
-0.360000	2.434250
-0.359000	5.404030
-0.358000	2.434250
-0.357000	-0.535535
-0.356000	2.434250
-0.355000	-3.511400
-0.354000	2.434250
-0.353000	-0.535535
-0.352000	-0.535535
-0.351000	5.404030
-0.350000	5.404030
-0.349000	2.434250
-0.348000	-0.535535
-0.347000	2.434250
-0.346000	-0.535535
-0.345000	2.434250
-0.344000	2.434250
-0.343000	2.434250
-0.342000	2.434250
-0.341000	2.434250
-0.340000	-0.535535
-0.339000	2.434250
-0.338000	2.434250
-0.337000	2.434250
-0.336000	2.434250
-0.335000	2.434250
-0.334000	2.434250
-0.333000	2.434250
-0.332000	-0.535535
-0.331000	2.434250
-0.330000	5.404030
-0.329000	-0.535535
-0.328000	2.434250
-0.327000	5.404030
-0.326000	-0.535535
-0.325000	2.434250
-0.324000	2.434250
-0.323000	2.434250
-0.322000	2.434250
-0.321000	2.434250
-0.320000	-0.535535
-0.319000	-0.535535
-0.318000	2.434250
-0.317000	-0.535535
-0.316000	-0.535535
-0.315000	2.434250
-0.314000	-0.535535
-0.313000	-0.535535
-0.312000	2.434250
-0.311000	2.434250
-0.310000	-0.535535
-0.309000	-0.535535
-0.308000	2.434250
-0.307000	2.434250
-0.306000	2.434250
-0.305000	-0.535535
-0.304000	5.404030
-0.303000	2.434250
-0.302000	2.434250
-0.301000	2.434250
-0.300000	2.434250
-0.299000	2.434250
-0.298000	5.404030
-0.297000	2.434250
-0.296000	-0.535535
-0.295000	-0.535535
-0.294000	5.404030
-0.293000	-0.535535
-0.292000	2.434250
-0.291000	-0.535535
-0.290000	-0.535535
-0.289000	-0.535535
-0.288000	2.434250
-0.287000	-0.535535
-0.286000	-0.535535
-0.285000	-0.535535
-0.284000	2.434250
-0.283000	-0.535535
-0.282000	2.434250
-0.281000	2.434250
-0.280000	2.434250
-0.279000	-0.535535
-0.278000	2.434250
-0.277000	2.434250
-0.276000	2.434250
-0.275000	2.434250
-0.274000	-0.535535
-0.273000	2.434250
-0.272000	2.434250
-0.271000	-0.535535
-0.270000	-3.511400
-0.269000	2.434250
-0.268000	2.434250
-0.267000	2.434250
-0.266000	5.404030
-0.265000	-3.511400
-0.264000	2.434250
-0.263000	2.434250
-0.262000	2.434250
-0.261000	-0.535535
-0.260000	-3.511400
-0.259000	-0.535535
-0.258000	2.434250
-0.257000	2.434250
-0.256000	2.434250
-0.255000	-0.535535
-0.254000	2.434250
-0.253000	2.434250
-0.252000	2.434250
-0.251000	2.434250
-0.250000	-0.535535
-0.249000	2.434250
-0.248000	2.434250
-0.247000	2.434250
-0.246000	2.434250
-0.245000	2.434250
-0.244000	-0.535535
-0.243000	2.434250
-0.242000	5.404030
-0.241000	-0.535535
-0.240000	2.434250
-0.239000	-0.535535
-0.238000	-0.535535
-0.237000	-0.535535
-0.236000	-0.535535
-0.235000	2.434250
-0.234000	5.404030
-0.233000	5.404030
-0.232000	5.404030
-0.231000	5.404030
-0.230000	2.434250
-0.229000	-0.535535
-0.228000	5.404030
-0.227000	2.434250
-0.226000	5.404030
-0.225000	-0.535535
-0.224000	-0.535535
-0.223000	2.434250
-0.222000	-0.535535
-0.221000	2.434250
-0.220000	-0.535535
-0.219000	-0.535535
-0.218000	2.434250
-0.217000	-3.511400
-0.216000	2.434250
-0.215000	2.434250
-0.214000	2.434250
-0.213000	2.434250
-0.212000	-0.535535
-0.211000	2.434250
-0.210000	2.434250
-0.209000	2.434250
-0.208000	2.434250
-0.207000	2.434250
-0.206000	5.404030
-0.205000	-0.535535
-0.204000	-0.535535
-0.203000	-0.535535
-0.202000	2.434250
-0.201000	-0.535535
-0.200000	-0.535535
-0.199000	-0.535535
-0.198000	2.434250
-0.197000	-0.535535
-0.196000	5.404030
-0.195000	2.434250
-0.194000	2.434250
-0.193000	5.404030
-0.192000	2.434250
-0.191000	2.434250
-0.190000	-0.535535
-0.189000	-0.535535
-0.188000	-3.511400
-0.187000	-0.535535
-0.186000	-0.535535
-0.185000	5.404030
-0.184000	2.434250
-0.183000	5.404030
-0.182000	2.434250
-0.181000	5.404030
-0.180000	2.434250
-0.179000	2.434250
-0.178000	2.434250
-0.177000	-0.535535
-0.176000	2.434250
-0.175000	-0.535535
-0.174000	2.434250
-0.173000	-0.535535
-0.172000	5.404030
-0.171000	2.434250
-0.170000	-0.535535
-0.169000	2.434250
-0.168000	5.404030
-0.167000	2.434250
-0.166000	-0.535535
-0.165000	-0.535535
-0.164000	2.434250
-0.163000	2.434250
-0.162000	-0.535535
-0.161000	2.434250
-0.160000	-0.535535
-0.159000	2.434250
-0.158000	-0.535535
-0.157000	-3.511400
-0.156000	-0.535535
-0.155000	-0.535535
-0.154000	-0.535535
-0.153000	2.434250
-0.152000	2.434250
-0.151000	-0.535535
-0.150000	2.434250
-0.149000	5.404030
-0.148000	2.434250
-0.147000	2.434250
-0.146000	-0.535535
-0.145000	2.434250
-0.144000	-0.535535
-0.143000	-0.535535
-0.142000	2.434250
-0.141000	2.434250
-0.140000	2.434250
-0.139000	-0.535535
-0.138000	-0.535535
-0.137000	-0.535535
-0.136000	-0.535535
-0.135000	2.434250
-0.134000	-0.535535
-0.133000	-3.511400
-0.132000	-0.535535
-0.131000	-0.535535
-0.130000	-0.535535
-0.129000	-0.535535
-0.128000	2.434250
-0.127000	2.434250
-0.126000	2.434250
-0.125000	2.434250
-0.124000	-0.535535
-0.123000	2.434250
-0.122000	2.434250
-0.121000	-0.535535
-0.120000	-0.535535
-0.119000	2.434250
-0.118000	2.434250
-0.117000	5.404030
-0.116000	2.434250
-0.115000	-0.535535
-0.114000	-0.535535
-0.113000	5.404030
-0.112000	5.404030
-0.111000	2.434250
-0.110000	-0.535535
-0.109000	2.434250
-0.108000	2.434250
-0.107000	-0.535535
-0.106000	2.434250
-0.105000	-0.535535
-0.104000	-0.535535
-0.103000	2.434250
-0.102000	-0.535535
-0.101000	2.434250
-0.100000	2.434250
-0.099000	2.434250
-0.098000	2.434250
-0.097000	2.434250
-0.096000	5.404030
-0.095000	2.434250
-0.094000	2.434250
-0.093000	-3.511400
-0.092000	2.434250
-0.091000	-0.535535
-0.090000	2.434250
-0.089000	-3.511400
-0.088000	-3.511400
-0.087000	-0.535535
-0.086000	-0.535535
-0.085000	-0.535535
-0.084000	-0.535535
-0.083000	2.434250
-0.082000	5.404030
-0.081000	-0.535535
-0.080000	2.434250
-0.079000	-0.535535
-0.078000	5.404030
-0.077000	-0.535535
-0.076000	2.434250
-0.075000	-3.511400
-0.074000	2.434250
-0.073000	2.434250
-0.072000	2.434250
-0.071000	2.434250
-0.070000	-0.535535
-0.069000	-0.535535
-0.068000	-0.535535
-0.067000	2.434250
-0.066000	2.434250
-0.065000	2.434250
-0.064000	2.434250
-0.063000	5.404030
-0.062000	2.434250
-0.061000	-0.535535
-0.060000	-0.535535
-0.059000	-0.535535
-0.058000	2.434250
-0.057000	5.404030
-0.056000	2.434250
-0.055000	-0.535535
-0.054000	-0.535535
-0.053000	-0.535535
-0.052000	2.434250
-0.051000	2.434250
-0.050000	2.434250
-0.049000	-0.535535
-0.048000	2.434250
-0.047000	2.434250
-0.046000	2.434250
-0.045000	-0.535535
-0.044000	2.434250
-0.043000	2.434250
-0.042000	2.434250
-0.041000	2.434250
-0.040000	2.434250
-0.039000	-0.535535
-0.038000	2.434250
-0.037000	2.434250
-0.036000	-0.535535
-0.035000	-0.535535
-0.034000	-0.535535
-0.033000	2.434250
-0.032000	2.434250
-0.031000	2.434250
-0.030000	-0.535535
-0.029000	-0.535535
-0.028000	2.434250
-0.027000	5.404030
-0.026000	11.349700
-0.025000	8.379900
-0.024000	-0.535535
-0.023000	5.404030
-0.022000	2.434250
-0.021000	8.379900
-0.020000	5.404030
-0.019000	-0.535535
-0.018000	-9.450970
-0.017000	-18.366400
-0.016000	-15.396600
-0.015000	-21.336201
-0.014000	-24.312099
-0.013000	-27.281799
-0.012000	-30.251600
-0.011000	-30.251600
-0.010000	-21.336201
-0.009000	-21.336201
-0.008000	-18.366400
-0.007000	-24.312099
-0.006000	-18.366400
-0.005000	-12.420800
-0.004000	-12.420800
-0.003000	-15.396600
-0.002000	-12.420800
-0.001000	-12.420800
0.000000	-9.450970
0.001000	-9.450970
0.002000	-6.481190
0.003000	-12.420800
0.004000	-0.535535
0.005000	-0.535535
0.006000	2.434250
0.007000	2.434250
0.008000	8.379900
0.009000	5.404030
0.010000	11.349700
0.011000	8.379900
0.012000	5.404030
0.013000	2.434250
0.014000	-0.535535
0.015000	-0.535535
0.016000	-0.535535
0.017000	5.404030
0.018000	2.434250
0.019000	5.404030
0.020000	5.404030
0.021000	8.379900
0.022000	11.349700
0.023000	8.379900
0.024000	2.434250
0.025000	-0.535535
0.026000	-0.535535
0.027000	-3.511400
0.028000	-6.481190
0.029000	-12.420800
0.030000	-15.396600
0.031000	-15.396600
0.032000	-18.366400
0.033000	-21.336201
0.034000	-21.336201
0.035000	-24.312099
0.036000	-24.312099
0.037000	-27.281799
0.038000	-24.312099
0.039000	-27.281799
0.040000	-24.312099
0.041000	-21.336201
0.042000	-24.312099
0.043000	-21.336201
0.044000	-21.336201
0.045000	-15.396600
0.046000	-18.366400
0.047000	-21.336201
0.048000	-18.366400
0.049000	-18.366400
0.050000	-18.366400
0.051000	-15.396600
0.052000	-9.450970
0.053000	-9.450970
0.054000	-15.396600
0.055000	-36.197300
0.056000	-42.136799
0.057000	-42.136799
0.058000	-39.167099
0.059000	-36.197300
0.060000	-33.221401
0.061000	-30.251600
0.062000	-21.336201
0.063000	-15.396600
0.064000	-15.396600
0.065000	-15.396600
0.066000	-3.511400
0.067000	-15.396600
0.068000	-27.281799
0.069000	-30.251600
0.070000	-30.251600
0.071000	-18.366400
0.072000	-12.420800
0.073000	-9.450970
0.074000	-6.481190
0.075000	-3.511400
0.076000	-0.535535
0.077000	-3.511400
0.078000	-9.450970
0.079000	-18.366400
0.080000	-21.336201
0.081000	-24.312099
0.082000	-24.312099
0.083000	-27.281799
0.084000	-24.312099
0.085000	-24.312099
0.086000	-27.281799
0.087000	-33.221401
0.088000	-33.221401
0.089000	-39.167099
0.090000	-36.197300
0.091000	-33.221401
0.092000	-39.167099
0.093000	-39.167099
0.094000	-36.197300
0.095000	-39.167099
0.096000	-36.197300
0.097000	-33.221401
0.098000	-30.251600
0.099000	-36.197300
0.100000	-36.197300
0.101000	-39.167099
0.102000	-39.167099
0.103000	-39.167099
0.104000	-39.167099
0.105000	-39.167099
0.106000	-42.136799
0.107000	-48.082500
0.108000	-42.136799
0.109000	-39.167099
0.110000	-36.197300
0.111000	-42.136799
0.112000	-39.167099
0.113000	-42.136799
0.114000	-39.167099
0.115000	-39.167099
0.116000	-36.197300
0.117000	-39.167099
0.118000	-39.167099
0.119000	-36.197300
0.120000	-39.167099
0.121000	-36.197300
0.122000	-36.197300
0.123000	-36.197300
0.124000	-36.197300
0.125000	-36.197300
0.126000	-36.197300
0.127000	-39.167099
0.128000	-39.167099
0.129000	-36.197300
0.130000	-36.197300
0.131000	-42.136799
0.132000	-39.167099
0.133000	-39.167099
0.134000	-39.167099
0.135000	-42.136799
0.136000	-42.136799
0.137000	-45.112701
0.138000	-42.136799
0.139000	-39.167099
0.140000	-48.082500
0.141000	-45.112701
0.142000	-45.112701
0.143000	-39.167099
0.144000	-45.112701
0.145000	-51.052299
0.146000	-56.997898
0.147000	-45.112701
0.148000	-45.112701
0.149000	-56.997898
0.150000	-56.997898
0.151000	-45.112701
0.152000	-42.136799
0.153000	-51.052299
0.154000	-51.052299
0.155000	-56.997898
0.156000	-51.052299
0.157000	-54.021999
0.158000	-51.052299
0.159000	-48.082500
0.160000	-48.082500
0.161000	-48.082500
0.162000	-48.082500
0.163000	-54.021999
0.164000	-48.082500
0.165000	-51.052299
0.166000	-48.082500
0.167000	-51.052299
0.168000	-51.052299
0.169000	-51.052299
0.170000	-48.082500
0.171000	-51.052299
0.172000	-54.021999
0.173000	-51.052299
0.174000	-48.082500
0.175000	-51.052299
0.176000	-48.082500
0.177000	-54.021999
0.178000	-54.021999
0.179000	-51.052299
0.180000	-54.021999
0.181000	-56.997898
0.182000	-56.997898
0.183000	-56.997898
0.184000	-56.997898
0.185000	-56.997898
0.186000	-56.997898
0.187000	-56.997898
0.188000	-56.997898
0.189000	-54.021999
0.190000	-56.997898
0.191000	-59.967701
0.192000	-59.967701
0.193000	-59.967701
0.194000	-56.997898
0.195000	-59.967701
0.196000	-59.967701
0.197000	-56.997898
0.198000	-62.937500
0.199000	-59.967701
0.200000	-56.997898
0.201000	-59.967701
0.202000	-62.937500
0.203000	-56.997898
0.204000	-56.997898
0.205000	-59.967701
0.206000	-59.967701
0.207000	-56.997898
0.208000	-62.937500
0.209000	-59.967701
0.210000	-62.937500
0.211000	-62.937500
0.212000	-59.967701
0.213000	-62.937500
0.214000	-54.021999
0.215000	-56.997898
0.216000	-56.997898
0.217000	-59.967701
0.218000	-59.967701
0.219000	-59.967701
0.220000	-56.997898
0.221000	-59.967701
0.222000	-59.967701
0.223000	-59.967701
0.224000	-59.967701
0.225000	-62.937500
0.226000	-62.937500
0.227000	-65.907303
0.228000	-65.907303
0.229000	-62.937500
0.230000	-62.937500
0.231000	-62.937500
0.232000	-68.883102
0.233000	-65.907303
0.234000	-62.937500
0.235000	-68.883102
0.236000	-62.937500
0.237000	-62.937500
0.238000	-65.907303
0.239000	-65.907303
0.240000	-65.907303
0.241000	-65.907303
0.242000	-68.883102
0.243000	-62.937500
0.244000	-68.883102
0.245000	-68.883102
0.246000	-68.883102
0.247000	-68.883102
0.248000	-68.883102
0.249000	-68.883102
0.250000	-68.883102
0.251000	-62.937500
0.252000	-62.937500
0.253000	-65.907303
0.254000	-65.907303
0.255000	-65.907303
0.256000	-65.907303
0.257000	-68.883102
0.258000	-68.883102
0.259000	-68.883102
0.260000	-65.907303
0.261000	-65.907303
0.262000	-68.883102
0.263000	-71.852898
0.264000	-68.883102
0.265000	-71.852898
0.266000	-68.883102
0.267000	-65.907303
0.268000	-65.907303
0.269000	-62.937500
0.270000	-68.883102
0.271000	-68.883102
0.272000	-65.907303
0.273000	-62.937500
0.274000	-68.883102
0.275000	-68.883102
0.276000	-71.852898
0.277000	-71.852898
0.278000	-68.883102
0.279000	-68.883102
0.280000	-68.883102
0.281000	-62.937500
0.282000	-68.883102
0.283000	-68.883102
0.284000	-68.883102
0.285000	-68.883102
0.286000	-74.822701
0.287000	-74.822701
0.288000	-77.798599
0.289000	-74.822701
0.290000	-71.852898
0.291000	-68.883102
0.292000	-71.852898
0.293000	-68.883102
0.294000	-71.852898
0.295000	-71.852898
0.296000	-68.883102
0.297000	-71.852898
0.298000	-71.852898
0.299000	-68.883102
0.300000	-68.883102
0.301000	-65.907303
0.302000	-65.907303
0.303000	-68.883102
0.304000	-68.883102
0.305000	-68.883102
0.306000	-71.852898
0.307000	-68.883102
0.308000	-68.883102
0.309000	-68.883102
0.310000	-68.883102
0.311000	-65.907303
0.312000	-68.883102
0.313000	-68.883102
0.314000	-68.883102
0.315000	-68.883102
0.316000	-65.907303
0.317000	-68.883102
0.318000	-71.852898
0.319000	-68.883102
0.320000	-68.883102
0.321000	-68.883102
0.322000	-71.852898
0.323000	-71.852898
0.324000	-71.852898
0.325000	-74.822701
0.326000	-71.852898
0.327000	-77.798599
0.328000	-71.852898
0.329000	-77.798599
0.330000	-77.798599
0.331000	-74.822701
0.332000	-74.822701
0.333000	-77.798599
0.334000	-77.798599
0.335000	-74.822701
0.336000	-77.798599
0.337000	-74.822701
0.338000	-77.798599
0.339000	-77.798599
0.340000	-74.822701
0.341000	-74.822701
0.342000	-71.852898
0.343000	-77.798599
0.344000	-74.822701
0.345000	-77.798599
0.346000	-74.822701
0.347000	-74.822701
0.348000	-71.852898
0.349000	-74.822701
0.350000	-71.852898
0.351000	-74.822701
0.352000	-74.822701
0.353000	-71.852898
0.354000	-71.852898
0.355000	-74.822701
0.356000	-74.822701
0.357000	-68.883102
0.358000	-68.883102
0.359000	-71.852898
0.360000	-71.852898
0.361000	-74.822701
0.362000	-74.822701
0.363000	-74.822701
0.364000	-74.822701
0.365000	-74.822701
0.366000	-74.822701
0.367000	-71.852898
0.368000	-74.822701
0.369000	-71.852898
0.370000	-71.852898
0.371000	-71.852898
0.372000	-71.852898
0.373000	-74.822701
0.374000	-71.852898
0.375000	-71.852898
0.376000	-71.852898
0.377000	-71.852898
0.378000	-74.822701
0.379000	-74.822701
0.380000	-71.852898
0.381000	-74.822701
0.382000	-71.852898
0.383000	-68.883102
0.384000	-68.883102
0.385000	-74.822701
0.386000	-71.852898
0.387000	-71.852898
0.388000	-71.852898
0.389000	-71.852898
0.390000	-71.852898
0.391000	-71.852898
0.392000	-71.852898
0.393000	-71.852898
0.394000	-74.822701
0.395000	-74.822701
0.396000	-74.822701
0.397000	-71.852898
0.398000	-65.907303
0.399000	-68.883102
0.400000	-71.852898
0.401000	-74.822701
0.402000	-65.907303
0.403000	-62.937500
0.404000	-65.907303
0.405000	-77.798599
0.406000	-77.798599
0.407000	-74.822701
0.408000	-71.852898
0.409000	-74.822701
0.410000	-74.822701
0.411000	-74.822701
0.412000	-74.822701
0.413000	-77.798599
0.414000	-74.822701
0.415000	-80.768303
0.416000	-80.768303
0.417000	-71.852898
0.418000	-74.822701
0.419000	-77.798599
0.420000	-77.798599
0.421000	-74.822701
0.422000	-74.822701
0.423000	-74.822701
0.424000	-74.822701
0.425000	-74.822701
0.426000	-74.822701
0.427000	-74.822701
0.428000	-74.822701
0.429000	-71.852898
0.430000	-74.822701
0.431000	-71.852898
0.432000	-71.852898
0.433000	-74.822701
0.434000	-71.852898
0.435000	-71.852898
0.436000	-71.852898
0.437000	-71.852898
0.438000	-71.852898
0.439000	-74.822701
0.440000	-71.852898
0.441000	-80.768303
0.442000	-77.798599
0.443000	-74.822701
0.444000	-74.822701
0.445000	-74.822701
0.446000	-77.798599
0.447000	-74.822701
0.448000	-71.852898
0.449000	-77.798599
0.450000	-77.798599
0.451000	-77.798599
0.452000	-77.798599
0.453000	-77.798599
0.454000	-77.798599
0.455000	-74.822701
0.456000	-77.798599
0.457000	-77.798599
0.458000	-77.798599
0.459000	-80.768303
0.460000	-77.798599
0.461000	-77.798599
0.462000	-80.768303
0.463000	-80.768303
0.464000	-77.798599
0.465000	-80.768303
0.466000	-77.798599
0.467000	-77.798599
0.468000	-80.768303
0.469000	-80.768303
0.470000	-80.768303
0.471000	-80.768303
0.472000	-77.798599
0.473000	-77.798599
0.474000	-77.798599
0.475000	-77.798599
0.476000	-80.768303
0.477000	-80.768303
0.478000	-77.798599
0.479000	-80.768303
0.480000	-80.768303
0.481000	-80.768303
0.482000	-77.798599
0.483000	-77.798599
0.484000	-77.798599
0.485000	-77.798599
0.486000	-77.798599
0.487000	-74.822701
0.488000	-77.798599
0.489000	-77.798599
0.490000	-74.822701
0.491000	-80.768303
0.492000	-77.798599
0.493000	-77.798599
0.494000	-86.707901
0.495000	-80.768303
0.496000	-83.738098
0.497000	-83.738098
0.498000	-86.707901
0.499000	-83.738098
0.500000	-86.707901
0.501000	-83.738098
0.502000	-83.738098
0.503000	-86.707901
0.504000	-83.738098
0.505000	-83.738098
0.506000	-86.707901
0.507000	-83.738098
0.508000	-83.738098
0.509000	-86.707901
0.510000	-89.683800
0.511000	-89.683800
0.512000	-89.683800
0.513000	-86.707901
0.514000	-86.707901
0.515000	-86.707901
0.516000	-86.707901
0.517000	-86.707901
0.518000	-86.707901
0.519000	-86.707901
0.520000	-89.683800
0.521000	-92.653603
0.522000	-86.707901
0.523000	-89.683800
0.524000	-89.683800
0.525000	-86.707901
0.526000	-86.707901
0.527000	-86.707901
0.528000	-89.683800
0.529000	-89.683800
0.530000	-92.653603
0.531000	-95.623299
0.532000	-89.683800
0.533000	-92.653603
0.534000	-86.707901
0.535000	-92.653603
0.536000	-95.623299
0.537000	-92.653603
0.538000	-92.653603
0.539000	-89.683800
0.540000	-95.623299
0.541000	-92.653603
0.542000	-92.653603
0.543000	-89.683800
0.544000	-95.623299
0.545000	-95.623299
0.546000	-92.653603
0.547000	-95.623299
0.548000	-98.599197
0.549000	-98.599197
0.550000	-95.623299
0.551000	-92.653603
0.552000	-95.623299
0.553000	-95.623299
0.554000	-89.683800
0.555000	-95.623299
0.556000	-95.623299
0.557000	-95.623299
0.558000	-92.653603
0.559000	-95.623299
0.560000	-98.599197
0.561000	-98.599197
0.562000	-95.623299
0.563000	-98.599197
0.564000	-98.599197
0.565000	-95.623299
0.566000	-95.623299
0.567000	-95.623299
0.568000	-95.623299
0.569000	-101.569000
0.570000	-101.569000
0.571000	-101.569000
0.572000	-98.599197
0.573000	-98.599197
0.574000	-98.599197
0.575000	-104.539001
0.576000	-98.599197
0.577000	-104.539001
0.578000	-101.569000
0.579000	-98.599197
0.580000	-101.569000
0.581000	-101.569000
0.582000	-101.569000
0.583000	-101.569000
0.584000	-98.599197
0.585000	-98.599197
0.586000	-101.569000
0.587000	-98.599197
0.588000	-95.623299
0.589000	-98.599197
0.590000	-98.599197
0.591000	-95.623299
0.592000	-98.599197
0.593000	-107.509003
0.594000	-104.539001
0.595000	-104.539001
0.596000	-107.509003
0.597000	-107.509003
0.598000	-104.539001
0.599000	-104.539001
0.600000	-104.539001
0.601000	-104.539001
0.602000	-104.539001
0.603000	-104.539001
0.604000	-95.623299
0.605000	-119.400002
0.606000	-119.400002
0.607000	-107.509003
0.608000	-92.653603
0.609000	-101.569000
0.610000	-113.454002
0.611000	-116.424004
0.612000	-104.539001
0.613000	-101.569000
0.614000	-113.454002
0.615000	-110.484001
0.616000	-107.509003
0.617000	-101.569000
0.618000	-107.509003
0.619000	-107.509003
0.620000	-113.454002
0.621000	-110.484001
0.622000	-98.599197
0.623000	-101.569000
0.624000	-113.454002
0.625000	-110.484001
0.626000	-107.509003
0.627000	-110.484001
0.628000	-110.484001
0.629000	-113.454002
0.630000	-107.509003
0.631000	-107.509003
0.632000	-116.424004
0.633000	-113.454002
0.634000	-107.509003
0.635000	-104.539001
0.636000	-107.509003
0.637000	-113.454002
0.638000	-116.424004
0.639000	-107.509003
0.640000	-107.509003
0.641000	-101.569000
0.642000	-119.400002
0.643000	-116.424004
0.644000	-116.424004
0.645000	-104.539001
0.646000	-107.509003
0.647000	-110.484001
0.648000	-119.400002
0.649000	-116.424004
0.650000	-104.539001
0.651000	-110.484001
0.652000	-113.454002
0.653000	-113.454002
0.654000	-107.509003
0.655000	-107.509003
0.656000	-110.484001
0.657000	-116.424004
0.658000	-119.400002
0.659000	-113.454002
0.660000	-110.484001
0.661000	-116.424004
0.662000	-116.424004
0.663000	-113.454002
0.664000	-113.454002
0.665000	-116.424004
0.666000	-113.454002
0.667000	-116.424004
0.668000	-113.454002
0.669000	-113.454002
0.670000	-116.424004
0.671000	-116.424004
0.672000	-113.454002
0.673000	-113.454002
0.674000	-116.424004
0.675000	-119.400002
0.676000	-116.424004
0.677000	-110.484001
0.678000	-113.454002
0.679000	-116.424004
0.680000	-113.454002
0.681000	-116.424004
0.682000	-113.454002
0.683000	-113.454002
0.684000	-116.424004
0.685000	-116.424004
0.686000	-113.454002
0.687000	-113.454002
0.688000	-116.424004
0.689000	-116.424004
0.690000	-119.400002
0.691000	-113.454002
0.692000	-110.484001
0.693000	-113.454002
0.694000	-122.370003
0.695000	-119.400002
0.696000	-116.424004
0.697000	-119.400002
0.698000	-113.454002
0.699000	-122.370003
0.700000	-155.056000
0.701000	-208.542007
0.702000	-95.623299
0.703000	100.491997
0.704000	32.150299
0.705000	-27.281799
0.706000	106.436996
0.707000	133.177994
0.708000	85.636803
0.709000	67.806000
0.710000	67.806000
0.711000	-30.251600
0.712000	-45.112701
0.713000	-24.312099
0.714000	-15.396600
0.715000	-24.312099
0.716000	-62.937500
0.717000	-125.338997
0.718000	-125.338997
0.719000	-107.509003
0.720000	-172.886002
0.721000	-166.940994
0.722000	-113.454002
0.723000	-77.798599
0.724000	-92.653603
0.725000	-104.539001
0.726000	-125.338997
0.727000	-113.454002
0.728000	-77.798599
0.729000	-65.907303
0.730000	-51.052299
0.731000	-80.768303
0.732000	-86.707901
0.733000	-89.683800
0.734000	-27.281799
0.735000	-51.052299
0.736000	-27.281799
0.737000	-33.221401
0.738000	-51.052299
0.739000	-48.082500
0.740000	-51.052299
0.741000	-56.997898
0.742000	-48.082500
0.743000	-51.052299
0.744000	-77.798599
0.745000	-110.484001
0.746000	-65.907303
0.747000	-42.136799
0.748000	-48.082500
0.749000	-51.052299
0.750000	-48.082500
0.751000	-45.112701
0.752000	-36.197300
0.753000	-48.082500
0.754000	-27.281799
0.755000	-12.420800
0.756000	-27.281799
0.757000	-27.281799
0.758000	-27.281799
0.759000	-27.281799
0.760000	-27.281799
0.761000	-33.221401
0.762000	-21.336201
0.763000	-21.336201
0.764000	-33.221401
0.765000	-30.251600
0.766000	-33.221401
0.767000	-18.366400
0.768000	-30.251600
0.769000	-33.221401
0.770000	-18.366400
0.771000	-27.281799
0.772000	-36.197300
0.773000	-36.197300
0.774000	-42.136799
0.775000	-36.197300
0.776000	-39.167099
0.777000	-39.167099
0.778000	-36.197300
0.779000	-36.197300
0.780000	-18.366400
0.781000	-21.336201
0.782000	-36.197300
0.783000	-42.136799
0.784000	-39.167099
0.785000	-54.021999
0.786000	-54.021999
0.787000	-54.021999
0.788000	-59.967701
0.789000	-65.907303
0.790000	-83.738098
0.791000	-68.883102
0.792000	-95.623299
0.793000	-86.707901
0.794000	-104.539001
0.795000	-98.599197
0.796000	-104.539001
0.797000	-86.707901
0.798000	-62.937500
0.799000	-62.937500
0.800000	-77.798599
0.801000	-74.822701
0.802000	-80.768303
0.803000	-77.798599
0.804000	-77.798599
0.805000	-68.883102
0.806000	-42.136799
0.807000	-9.450970
0.808000	-21.336201
0.809000	-18.366400
0.810000	8.379900
0.811000	11.349700
0.812000	14.319500
0.813000	17.289200
0.814000	14.319500
0.815000	11.349700
0.816000	8.379900
0.817000	14.319500
0.818000	8.379900
0.819000	14.319500
0.820000	2.434250
0.821000	-21.336201
0.822000	-27.281799
0.823000	-24.312099
0.824000	-24.312099
0.825000	-21.336201
0.826000	-21.336201
0.827000	-36.197300
0.828000	-42.136799
0.829000	-45.112701
0.830000	-36.197300
0.831000	-45.112701
0.832000	-36.197300
0.833000	-45.112701
0.834000	-51.052299
0.835000	-54.021999
0.836000	-51.052299
0.837000	-45.112701
0.838000	-51.052299
0.839000	-56.997898
0.840000	-59.967701
0.841000	-56.997898
0.842000	-59.967701
0.843000	-65.907303
0.844000	-56.997898
0.845000	-56.997898
0.846000	-62.937500
0.847000	-65.907303
0.848000	-62.937500
0.849000	-56.997898
0.850000	-54.021999
0.851000	-54.021999
0.852000	-48.082500
0.853000	-42.136799
0.854000	-33.221401
0.855000	-33.221401
0.856000	-27.281799
0.857000	-18.366400
0.858000	-21.336201
0.859000	-21.336201
0.860000	-15.396600
0.861000	-9.450970
0.862000	-9.450970
0.863000	-12.420800
0.864000	-15.396600
0.865000	-6.481190
0.866000	-3.511400
0.867000	-0.535535
0.868000	-6.481190
0.869000	-15.396600
0.870000	-15.396600
0.871000	-15.396600
0.872000	-27.281799
0.873000	-39.167099
0.874000	-39.167099
0.875000	-33.221401
0.876000	-33.221401
0.877000	-42.136799
0.878000	-54.021999
0.879000	-51.052299
0.880000	-48.082500
0.881000	-51.052299
0.882000	-48.082500
0.883000	-39.167099
0.884000	-42.136799
0.885000	-45.112701
0.886000	-36.197300
0.887000	-33.221401
0.888000	-33.221401
0.889000	-27.281799
0.890000	-27.281799
0.891000	-24.312099
0.892000	-15.396600
0.893000	-15.396600
0.894000	-12.420800
0.895000	-12.420800
0.896000	-6.481190
0.897000	-3.511400
0.898000	-0.535535
0.899000	2.434250
0.900000	-0.535535
0.901000	5.404030
0.902000	2.434250
0.903000	-0.535535
0.904000	-0.535535
0.905000	2.434250
0.906000	2.434250
0.907000	2.434250
0.908000	8.379900
0.909000	11.349700
0.910000	5.404030
0.911000	5.404030
0.912000	5.404030
0.913000	-0.535535
0.914000	-3.511400
0.915000	-12.420800
0.916000	-21.336201
0.917000	-21.336201
0.918000	-21.336201
0.919000	-24.312099
0.920000	-30.251600
0.921000	-24.312099
0.922000	-18.366400
0.923000	-27.281799
0.924000	-27.281799
0.925000	-27.281799
0.926000	-27.281799
0.927000	-21.336201
0.928000	-30.251600
0.929000	-30.251600
0.930000	-27.281799
0.931000	-21.336201
0.932000	-15.396600
0.933000	-9.450970
0.934000	-3.511400
0.935000	2.434250
0.936000	8.379900
0.937000	17.289200
0.938000	17.289200
0.939000	20.265100
0.940000	20.265100
0.941000	23.234900
0.942000	29.180500
0.943000	29.180500
0.944000	32.150299
0.945000	32.150299
0.946000	26.204700
0.947000	32.150299
0.948000	32.150299
0.949000	29.180500
0.950000	26.204700
0.951000	26.204700
0.952000	23.234900
0.953000	20.265100
0.954000	14.319500
0.955000	8.379900
0.956000	5.404030
0.957000	2.434250
0.958000	-0.535535
0.959000	-3.511400
0.960000	-6.481190
0.961000	-3.511400
0.962000	-3.511400
0.963000	-15.396600
0.964000	-9.450970
0.965000	-0.535535
0.966000	-0.535535
0.967000	11.349700
0.968000	20.265100
0.969000	20.265100
0.970000	35.120098
0.971000	49.981201
0.972000	49.981201
0.973000	23.234900
0.974000	14.319500
0.975000	-0.535535
0.976000	14.319500
0.977000	-3.511400
0.978000	-0.535535
0.979000	5.404030
0.980000	20.265100
0.981000	35.120098
0.982000	29.180500
0.983000	26.204700
0.984000	23.234900
0.985000	29.180500
0.986000	29.180500
0.987000	26.204700
0.988000	17.289200
0.989000	20.265100
0.990000	23.234900
0.991000	17.289200
0.992000	20.265100
0.993000	29.180500
0.994000	32.150299
0.995000	23.234900
0.996000	26.204700
0.997000	26.204700
0.998000	35.120098
0.999000	29.180500
1.000000	17.289200
1.001000	17.289200
1.002000	8.379900
1.003000	23.234900
1.004000	38.089901
1.005000	35.120098
1.006000	35.120098
1.007000	32.150299
1.008000	32.150299
1.009000	32.150299
1.010000	29.180500
1.011000	29.180500
1.012000	26.204700
1.013000	26.204700
1.014000	29.180500
1.015000	29.180500
1.016000	32.150299
1.017000	26.204700
1.018000	26.204700
1.019000	23.234900
1.020000	23.234900
1.021000	17.289200
1.022000	20.265100
1.023000	20.265100
1.024000	20.265100
1.025000	17.289200
1.026000	23.234900
1.027000	23.234900
1.028000	23.234900
1.029000	17.289200
1.030000	17.289200
1.031000	17.289200
1.032000	20.265100
1.033000	20.265100
1.034000	23.234900
1.035000	20.265100
1.036000	17.289200
1.037000	20.265100
1.038000	20.265100
1.039000	20.265100
1.040000	14.319500
1.041000	17.289200
1.042000	17.289200
1.043000	14.319500
1.044000	14.319500
1.045000	14.319500
1.046000	17.289200
1.047000	14.319500
1.048000	17.289200
1.049000	17.289200
1.050000	17.289200
1.051000	17.289200
1.052000	14.319500
1.053000	17.289200
1.054000	20.265100
1.055000	17.289200
1.056000	17.289200
1.057000	20.265100
1.058000	20.265100
1.059000	23.234900
1.060000	17.289200
1.061000	17.289200
1.062000	17.289200
1.063000	17.289200
1.064000	17.289200
1.065000	11.349700
1.066000	11.349700
1.067000	11.349700
1.068000	11.349700
1.069000	14.319500
1.070000	11.349700
1.071000	8.379900
1.072000	5.404030
1.073000	5.404030
1.074000	2.434250
1.075000	5.404030
1.076000	2.434250
1.077000	2.434250
1.078000	-3.511400
1.079000	-3.511400
1.080000	-3.511400
1.081000	-0.535535
1.082000	-6.481190
1.083000	-3.511400
1.084000	-3.511400
1.085000	-3.511400
1.086000	-6.481190
1.087000	-6.481190
1.088000	-6.481190
1.089000	-6.481190
1.090000	-3.511400
1.091000	-3.511400
1.092000	-6.481190
1.093000	-6.481190
1.094000	-0.535535
1.095000	-0.535535
1.096000	-3.511400
1.097000	-6.481190
1.098000	-6.481190
1.099000	-6.481190
1.100000	-3.511400
1.101000	-3.511400
1.102000	-6.481190
1.103000	-6.481190
1.104000	-6.481190
1.105000	-12.420800
1.106000	-9.450970
1.107000	-15.396600
1.108000	-15.396600
1.109000	-15.396600
1.110000	-18.366400
1.111000	-12.420800
1.112000	-18.366400
1.113000	-24.312099
1.114000	-18.366400
1.115000	-18.366400
1.116000	-18.366400
1.117000	-24.312099
1.118000	-21.336201
1.119000	-21.336201
1.120000	-21.336201
1.121000	-21.336201
1.122000	-24.312099
1.123000	-21.336201
1.124000	-21.336201
1.125000	-24.312099
1.126000	-30.251600
1.127000	-30.251600
1.128000	-27.281799
1.129000	-27.281799
1.130000	-27.281799
1.131000	-24.312099
1.132000	-24.312099
1.133000	-24.312099
1.134000	-27.281799
1.135000	-27.281799
1.136000	-33.221401
1.137000	-27.281799
1.138000	-27.281799
1.139000	-30.251600
1.140000	-33.221401
1.141000	-33.221401
1.142000	-33.221401
1.143000	-33.221401
1.144000	-33.221401
1.145000	-30.251600
1.146000	-33.221401
1.147000	-30.251600
1.148000	-30.251600
1.149000	-33.221401
1.150000	-30.251600
1.151000	-30.251600
1.152000	-30.251600
1.153000	-27.281799
1.154000	-27.281799
1.155000	-33.221401
1.156000	-30.251600
1.157000	-30.251600
1.158000	-30.251600
1.159000	-36.197300
1.160000	-36.197300
1.161000	-33.221401
1.162000	-39.167099
1.163000	-39.167099
1.164000	-39.167099
1.165000	-36.197300
1.166000	-36.197300
1.167000	-39.167099
1.168000	-39.167099
1.169000	-45.112701
1.170000	-39.167099
1.171000	-36.197300
1.172000	-39.167099
1.173000	-42.136799
1.174000	-39.167099
1.175000	-39.167099
1.176000	-36.197300
1.177000	-36.197300
1.178000	-36.197300
1.179000	-33.221401
1.180000	-33.221401
1.181000	-33.221401
1.182000	-33.221401
1.183000	-36.197300
1.184000	-33.221401
1.185000	-27.281799
1.186000	-30.251600
1.187000	-27.281799
1.188000	-27.281799
1.189000	-33.221401
1.190000	-30.251600
1.191000	-36.197300
1.192000	-33.221401
1.193000	-36.197300
1.194000	-33.221401
1.195000	-27.281799
1.196000	-42.136799
1.197000	-36.197300
1.198000	-39.167099
1.199000	-39.167099
1.200000	-39.167099
1.201000	-39.167099
1.202000	-39.167099
1.203000	-36.197300
1.204000	-39.167099
1.205000	-36.197300
1.206000	-33.221401
1.207000	-33.221401
1.208000	-36.197300
1.209000	-36.197300
1.210000	-33.221401
1.211000	-33.221401
1.212000	-36.197300
1.213000	-33.221401
1.214000	-30.251600
1.215000	-30.251600
1.216000	-27.281799
1.217000	-27.281799
1.218000	-24.312099
1.219000	-27.281799
1.220000	-24.312099
1.221000	-21.336201
1.222000	-21.336201
1.223000	-24.312099
1.224000	-27.281799
1.225000	-27.281799
1.226000	-27.281799
1.227000	-24.312099
1.228000	-24.312099
1.229000	-21.336201
1.230000	-21.336201
1.231000	-15.396600
1.232000	-15.396600
1.233000	-12.420800
1.234000	-12.420800
1.235000	-15.396600
1.236000	-18.366400
1.237000	-18.366400
1.238000	-21.336201
1.239000	-27.281799
1.240000	-21.336201
1.241000	-21.336201
1.242000	-18.366400
1.243000	-21.336201
1.244000	-27.281799
1.245000	-21.336201
1.246000	-24.312099
1.247000	-21.336201
1.248000	-27.281799
1.249000	-24.312099
1.250000	-21.336201
1.251000	-18.366400
1.252000	-15.396600
1.253000	-21.336201
1.254000	-21.336201
1.255000	-15.396600
1.256000	-15.396600
1.257000	-21.336201
1.258000	-21.336201
1.259000	-15.396600
1.260000	-15.396600
1.261000	-15.396600
1.262000	-9.450970
1.263000	-12.420800
1.264000	-12.420800
1.265000	-9.450970
1.266000	-9.450970
1.267000	-12.420800
1.268000	-3.511400
1.269000	-6.481190
1.270000	-6.481190
1.271000	-3.511400
1.272000	-6.481190
1.273000	-3.511400
1.274000	-3.511400
1.275000	-0.535535
1.276000	-6.481190
1.277000	-0.535535
1.278000	-0.535535
1.279000	-0.535535
1.280000	-0.535535
1.281000	-3.511400
1.282000	-3.511400
1.283000	-3.511400
1.284000	-3.511400
1.285000	-0.535535
1.286000	-3.511400
1.287000	-6.481190
1.288000	-3.511400
1.289000	-6.481190
1.290000	-0.535535
1.291000	-6.481190
1.292000	-9.450970
1.293000	-9.450970
1.294000	-12.420800
1.295000	-9.450970
1.296000	-12.420800
1.297000	-9.450970
1.298000	-9.450970
1.299000	-12.420800
1.300000	-9.450970
1.301000	-9.450970
1.302000	-6.481190
1.303000	-6.481190
1.304000	-6.481190
1.305000	-6.481190
1.306000	-3.511400
1.307000	-9.450970
1.308000	-6.481190
1.309000	-6.481190
1.310000	-6.481190
1.311000	-3.511400
1.312000	-3.511400
1.313000	-6.481190
1.314000	-0.535535
1.315000	-0.535535
1.316000	-3.511400
1.317000	2.434250
1.318000	-0.535535
1.319000	2.434250
1.320000	5.404030
1.321000	2.434250
1.322000	2.434250
1.323000	2.434250
1.324000	2.434250
1.325000	2.434250
1.326000	2.434250
1.327000	-0.535535
1.328000	-0.535535
1.329000	2.434250
1.330000	2.434250
1.331000	-0.535535
1.332000	-0.535535
1.333000	-3.511400
1.334000	-0.535535
1.335000	-6.481190
1.336000	-3.511400
1.337000	-3.511400
1.338000	-3.511400
1.339000	-6.481190
1.340000	-3.511400
1.341000	-6.481190
1.342000	-9.450970
1.343000	-9.450970
1.344000	-12.420800
1.345000	-9.450970
1.346000	-9.450970
1.347000	-9.450970
1.348000	-9.450970
1.349000	-6.481190
1.350000	-6.481190
1.351000	-6.481190
1.352000	-6.481190
1.353000	-0.535535
1.354000	-6.481190
1.355000	-0.535535
1.356000	-3.511400
1.357000	-6.481190
1.358000	-0.535535
1.359000	-3.511400
1.360000	-3.511400
1.361000	-9.450970
1.362000	-3.511400
1.363000	-3.511400
1.364000	-6.481190
1.365000	-6.481190
1.366000	-3.511400
1.367000	-0.535535
1.368000	-3.511400
1.369000	-9.450970
1.370000	-6.481190
1.371000	-3.511400
1.372000	-6.481190
1.373000	-9.450970
1.374000	-6.481190
1.375000	-9.450970
1.376000	-15.396600
1.377000	-12.420800
1.378000	-12.420800
1.379000	-15.396600
1.380000	-12.420800
1.381000	-15.396600
1.382000	-15.396600
1.383000	-9.450970
1.384000	-15.396600
1.385000	-21.336201
1.386000	-18.366400
1.387000	-18.366400
1.388000	-21.336201
1.389000	-24.312099
1.390000	-21.336201
1.391000	-24.312099
1.392000	-24.312099
1.393000	-24.312099
1.394000	-21.336201
1.395000	-24.312099
1.396000	-27.281799
1.397000	-27.281799
1.398000	-27.281799
1.399000	-24.312099
1.400000	-27.281799
1.401000	-27.281799
1.402000	-33.221401
1.403000	-30.251600
1.404000	-30.251600
1.405000	-36.197300
1.406000	-36.197300
1.407000	-39.167099
1.408000	-30.251600
1.409000	-33.221401
1.410000	-30.251600
1.411000	-33.221401
1.412000	-30.251600
1.413000	-33.221401
1.414000	-27.281799
1.415000	-33.221401
1.416000	-24.312099
1.417000	-21.336201
1.418000	-30.251600
1.419000	-30.251600
1.420000	-27.281799
1.421000	-24.312099
1.422000	-15.396600
1.423000	-21.336201
1.424000	-24.312099
1.425000	-15.396600
1.426000	-9.450970
1.427000	-12.420800
1.428000	-12.420800
1.429000	-12.420800
1.430000	-12.420800
1.431000	-18.366400
1.432000	-18.366400
1.433000	-24.312099
1.434000	-36.197300
1.435000	-24.312099
1.436000	-18.366400
1.437000	-27.281799
1.438000	-21.336201
1.439000	-27.281799
1.440000	-27.281799
1.441000	-24.312099
1.442000	-27.281799
1.443000	-33.221401
1.444000	-36.197300
1.445000	-39.167099
1.446000	-39.167099
1.447000	-45.112701
1.448000	-42.136799
1.449000	-39.167099
1.450000	-42.136799
1.451000	-42.136799
1.452000	-42.136799
1.453000	-36.197300
1.454000	-36.197300
1.455000	-36.197300
1.456000	-33.221401
1.457000	-36.197300
1.458000	-33.221401
1.459000	-30.251600
1.460000	-30.251600
1.461000	-27.281799
1.462000	-27.281799
1.463000	-27.281799
1.464000	-24.312099
1.465000	-24.312099
1.466000	-21.336201
1.467000	-24.312099
1.468000	-27.281799
1.469000	-27.281799
1.470000	-21.336201
1.471000	-36.197300
1.472000	-30.251600
1.473000	-21.336201
1.474000	-18.366400
1.475000	-12.420800
1.476000	-15.396600
1.477000	-15.396600
1.478000	-9.450970
1.479000	-3.511400
1.480000	-6.481190
1.481000	-12.420800
1.482000	-15.396600
1.483000	-9.450970
1.484000	-12.420800
1.485000	-12.420800
1.486000	-15.396600
1.487000	-12.420800
1.488000	-9.450970
1.489000	-9.450970
1.490000	-15.396600
1.491000	-12.420800
1.492000	-18.366400
1.493000	-15.396600
1.494000	-18.366400
1.495000	-24.312099
1.496000	-27.281799
1.497000	-21.336201
1.498000	-21.336201
1.499000	-18.366400
1.500000	-18.366400
1.501000	-15.396600
1.502000	-18.366400
1.503000	-15.396600
1.504000	-15.396600
1.505000	-18.366400
1.506000	-15.396600
1.507000	-15.396600
1.508000	-15.396600
1.509000	-12.420800
1.510000	-9.450970
1.511000	-9.450970
1.512000	-9.450970
1.513000	-9.450970
1.514000	-9.450970
1.515000	-9.450970
1.516000	-9.450970
1.517000	-9.450970
1.518000	-9.450970
1.519000	-9.450970
1.520000	-9.450970
1.521000	-3.511400
1.522000	-6.481190
1.523000	-3.511400
1.524000	-3.511400
1.525000	2.434250
1.526000	-0.535535
1.527000	-3.511400
1.528000	-0.535535
1.529000	-3.511400
1.530000	-6.481190
1.531000	-12.420800
1.532000	-12.420800
1.533000	-15.396600
1.534000	-15.396600
1.535000	-21.336201
1.536000	-18.366400
1.537000	-21.336201
1.538000	-21.336201
1.539000	-21.336201
1.540000	-21.336201
1.541000	-18.366400
1.542000	-24.312099
1.543000	-18.366400
1.544000	-18.366400
1.545000	-18.366400
1.546000	-15.396600
1.547000	-12.420800
1.548000	-15.396600
1.549000	-6.481190
1.550000	-9.450970
1.551000	-6.481190
1.552000	-6.481190
1.553000	-6.481190
1.554000	-3.511400
1.555000	-3.511400
1.556000	-3.511400
1.557000	-6.481190
1.558000	-12.420800
1.559000	-9.450970
1.560000	-12.420800
1.561000	-9.450970
1.562000	-3.511400
1.563000	-0.535535
1.564000	2.434250
1.565000	2.434250
1.566000	8.379900
1.567000	14.319500
1.568000	11.349700
1.569000	11.349700
1.570000	14.319500
1.571000	14.319500
1.572000	5.404030
1.573000	8.379900
1.574000	5.404030
1.575000	5.404030
1.576000	5.404030
1.577000	5.404030
1.578000	-0.535535
1.579000	-0.535535
1.580000	-3.511400
1.581000	-3.511400
1.582000	-3.511400
1.583000	-9.450970
1.584000	-9.450970
1.585000	-12.420800
1.586000	-15.396600
1.587000	-15.396600
1.588000	-21.336201
1.589000	-21.336201
1.590000	-18.366400
1.591000	-18.366400
1.592000	-27.281799
1.593000	-24.312099
1.594000	-18.366400
1.595000	-18.366400
1.596000	-24.312099
1.597000	-18.366400
1.598000	-15.396600
1.599000	-12.420800
1.600000	-15.396600
1.601000	-12.420800
1.602000	-9.450970
1.603000	-6.481190
1.604000	-18.366400
1.605000	-12.420800
1.606000	-12.420800
1.607000	-9.450970
1.608000	-9.450970
1.609000	-15.396600
1.610000	-12.420800
1.611000	-9.450970
1.612000	-9.450970
1.613000	-9.450970
1.614000	-6.481190
1.615000	-3.511400
1.616000	-9.450970
1.617000	-24.312099
1.618000	-27.281799
1.619000	-21.336201
1.620000	-15.396600
1.621000	2.434250
1.622000	17.289200
1.623000	8.379900
1.624000	20.265100
1.625000	29.180500
1.626000	23.234900
1.627000	26.204700
1.628000	17.289200
1.629000	14.319500
1.630000	14.319500
1.631000	20.265100
1.632000	11.349700
1.633000	11.349700
1.634000	20.265100
1.635000	11.349700
1.636000	2.434250
1.637000	5.404030
1.638000	2.434250
1.639000	-0.535535
1.640000	2.434250
1.641000	2.434250
1.642000	-3.511400
1.643000	-3.511400
1.644000	-3.511400
1.645000	-6.481190
1.646000	-9.450970
1.647000	-6.481190
1.648000	-15.396600
1.649000	-12.420800
1.650000	-12.420800
1.651000	-12.420800
1.652000	-9.450970
1.653000	-15.396600
1.654000	-6.481190
1.655000	-9.450970
1.656000	-6.481190
1.657000	-9.450970
1.658000	-3.511400
1.659000	-3.511400
1.660000	-6.481190
1.661000	-9.450970
1.662000	-6.481190
1.663000	-6.481190
1.664000	-3.511400
1.665000	2.434250
1.666000	5.404030
1.667000	5.404030
1.668000	11.349700
1.669000	11.349700
1.670000	11.349700
1.671000	11.349700
1.672000	11.349700
1.673000	14.319500
1.674000	11.349700
1.675000	14.319500
1.676000	17.289200
1.677000	11.349700
1.678000	11.349700
1.679000	14.319500
1.680000	8.379900
1.681000	8.379900
1.682000	2.434250
1.683000	8.379900
1.684000	5.404030
1.685000	5.404030
1.686000	-0.535535
1.687000	-3.511400
1.688000	-0.535535
1.689000	-9.450970
1.690000	-6.481190
1.691000	-9.450970
1.692000	-9.450970
1.693000	-12.420800
1.694000	-9.450970
1.695000	-6.481190
1.696000	-9.450970
1.697000	-6.481190
1.698000	-6.481190
1.699000	-9.450970
1.700000	-3.511400
1.701000	-0.535535
1.702000	-6.481190
1.703000	-0.535535
1.704000	-0.535535
1.705000	-0.535535
1.706000	-0.535535
1.707000	8.379900
1.708000	8.379900
1.709000	8.379900
1.710000	8.379900
1.711000	8.379900
1.712000	8.379900
1.713000	8.379900
1.714000	8.379900
1.715000	11.349700
1.716000	11.349700
1.717000	8.379900
1.718000	14.319500
1.719000	14.319500
1.720000	11.349700
1.721000	11.349700
1.722000	11.349700
1.723000	11.349700
1.724000	5.404030
1.725000	5.404030
1.726000	8.379900
1.727000	5.404030
1.728000	-0.535535
1.729000	-3.511400
1.730000	-0.535535
1.731000	-3.511400
1.732000	-0.535535
1.733000	-0.535535
1.734000	-6.481190
1.735000	-3.511400
1.736000	-3.511400
1.737000	-3.511400
1.738000	-6.481190
1.739000	-6.481190
1.740000	-6.481190
1.741000	-6.481190
1.742000	-3.511400
1.743000	-9.450970
1.744000	-3.511400
1.745000	-6.481190
1.746000	-0.535535
1.747000	-0.535535
1.748000	-0.535535
1.749000	5.404030
1.750000	2.434250
1.751000	5.404030
1.752000	2.434250
1.753000	8.379900
1.754000	5.404030
1.755000	8.379900
1.756000	5.404030
1.757000	5.404030
1.758000	5.404030
1.759000	2.434250
1.760000	5.404030
1.761000	5.404030
1.762000	2.434250
1.763000	2.434250
1.764000	-0.535535
1.765000	-0.535535
1.766000	-0.535535
1.767000	-3.511400
1.768000	-0.535535
1.769000	-0.535535
1.770000	-0.535535
1.771000	-0.535535
1.772000	-0.535535
1.773000	-3.511400
1.774000	-3.511400
1.775000	-0.535535
1.776000	-3.511400
1.777000	-6.481190
1.778000	-3.511400
1.779000	-3.511400
1.780000	-3.511400
1.781000	-0.535535
1.782000	-0.535535
1.783000	-3.511400
1.784000	-0.535535
1.785000	2.434250
1.786000	-0.535535
1.787000	5.404030
1.788000	2.434250
1.789000	-0.535535
1.790000	-0.535535
1.791000	-0.535535
1.792000	-0.535535
1.793000	2.434250
1.794000	2.434250
1.795000	-0.535535
1.796000	-0.535535
1.797000	-0.535535
1.798000	2.434250
1.799000	2.434250
1.800000	-0.535535
1.801000	-0.535535
1.802000	2.434250
1.803000	2.434250
1.804000	2.434250
1.805000	2.434250
1.806000	2.434250
1.807000	-0.535535
1.808000	-0.535535
1.809000	-0.535535
1.810000	-0.535535
1.811000	2.434250
1.812000	2.434250
1.813000	2.434250
1.814000	-0.535535
1.815000	-0.535535
1.816000	2.434250
1.817000	-0.535535
1.818000	2.434250
1.819000	-3.511400
1.820000	-3.511400
1.821000	-0.535535
1.822000	-3.511400
1.823000	-6.481190
1.824000	-6.481190
1.825000	-3.511400
1.826000	-3.511400
1.827000	-0.535535
1.828000	-3.511400
1.829000	-0.535535
1.830000	-0.535535
1.831000	-0.535535
1.832000	5.404030
1.833000	2.434250
1.834000	-0.535535
1.835000	2.434250
1.836000	8.379900
1.837000	5.404030
1.838000	5.404030
1.839000	8.379900
1.840000	8.379900
1.841000	8.379900
1.842000	8.379900
1.843000	8.379900
1.844000	8.379900
1.845000	8.379900
1.846000	5.404030
1.847000	5.404030
1.848000	8.379900
1.849000	5.404030
1.850000	5.404030
1.851000	-0.535535
1.852000	8.379900
1.853000	5.404030
1.854000	2.434250
1.855000	5.404030
1.856000	5.404030
1.857000	-0.535535
1.858000	-3.511400
1.859000	-0.535535
1.860000	2.434250
1.861000	-3.511400
1.862000	-0.535535
1.863000	-3.511400
1.864000	-3.511400
1.865000	-3.511400
1.866000	-0.535535
1.867000	-3.511400
1.868000	-0.535535
1.869000	-3.511400
1.870000	2.434250
1.871000	-0.535535
1.872000	-0.535535
1.873000	5.404030
1.874000	-0.535535
1.875000	2.434250
1.876000	2.434250
1.877000	5.404030
1.878000	-0.535535
1.879000	-0.535535
1.880000	2.434250
1.881000	2.434250
1.882000	2.434250
1.883000	-0.535535
1.884000	2.434250
1.885000	2.434250
1.886000	5.404030
1.887000	2.434250
1.888000	2.434250
1.889000	5.404030
1.890000	-0.535535
1.891000	-0.535535
1.892000	-0.535535
1.893000	2.434250
1.894000	-0.535535
1.895000	-0.535535
1.896000	-0.535535
1.897000	2.434250
1.898000	2.434250
1.899000	-3.511400
1.900000	2.434250
1.901000	2.434250
1.902000	5.404030
1.903000	2.434250
1.904000	2.434250
1.905000	2.434250
1.906000	2.434250
1.907000	-0.535535
1.908000	2.434250
1.909000	-3.511400
1.910000	-0.535535
1.911000	-0.535535
1.912000	-0.535535
1.913000	-0.535535
1.914000	2.434250
1.915000	2.434250
1.916000	-0.535535
1.917000	-0.535535
1.918000	-3.511400
1.919000	-3.511400
1.920000	-0.535535
1.921000	-0.535535
1.922000	2.434250
1.923000	-3.511400
1.924000	-3.511400
1.925000	-3.511400
1.926000	-6.481190
1.927000	-0.535535
1.928000	-6.481190
1.929000	-0.535535
1.930000	-3.511400
1.931000	-3.511400
1.932000	-0.535535
1.933000	-0.535535
1.934000	2.434250
1.935000	-0.535535
1.936000	2.434250
1.937000	2.434250
1.938000	2.434250
1.939000	2.434250
1.940000	-0.535535
1.941000	2.434250
1.942000	2.434250
1.943000	2.434250
1.944000	2.434250
1.945000	5.404030
1.946000	-0.535535
1.947000	8.379900
1.948000	2.434250
1.949000	-0.535535
1.950000	2.434250
1.951000	-0.535535
1.952000	-3.511400
1.953000	2.434250
1.954000	-3.511400
1.955000	-3.511400
1.956000	2.434250
1.957000	-0.535535
1.958000	2.434250
1.959000	-3.511400
1.960000	-0.535535
1.961000	-0.535535
1.962000	2.434250
1.963000	-0.535535
1.964000	-0.535535
1.965000	-0.535535
1.966000	-3.511400
1.967000	-0.535535
1.968000	-0.535535
1.969000	-3.511400
1.970000	-3.511400
1.971000	2.434250
1.972000	5.404030
1.973000	-0.535535
1.974000	-0.535535
1.975000	-3.511400
1.976000	-3.511400
1.977000	-0.535535
1.978000	-0.535535
1.979000	-0.535535
1.980000	-0.535535
1.981000	2.434250
1.982000	-0.535535
1.983000	-0.535535
1.984000	2.434250
1.985000	-0.535535
1.986000	-0.535535
1.987000	5.404030
1.988000	2.434250
1.989000	-0.535535
1.990000	-0.535535
1.991000	2.434250
1.992000	2.434250
1.993000	-0.535535
1.994000	5.404030
1.995000	-3.511400
1.996000	-3.511400
1.997000	2.434250
1.998000	2.434250
1.999000	5.404030
2.000000	5.404030
2.001000	5.404030
2.002000	2.434250
2.003000	5.404030
2.004000	2.434250
2.005000	2.434250
2.006000	2.434250
2.007000	2.434250
2.008000	2.434250
2.009000	-0.535535
2.010000	-0.535535
2.011000	2.434250
2.012000	-0.535535
2.013000	-0.535535
2.014000	-0.535535
2.015000	-0.535535
2.016000	-0.535535
2.017000	-0.535535
2.018000	2.434250
2.019000	-0.535535
2.020000	-3.511400
2.021000	-0.535535
2.022000	-0.535535
2.023000	5.404030
2.024000	5.404030
2.025000	-0.535535
2.026000	-0.535535
2.027000	-0.535535
2.028000	5.404030
2.029000	2.434250
2.030000	-0.535535
2.031000	2.434250
2.032000	2.434250
2.033000	2.434250
2.034000	5.404030
2.035000	-0.535535
2.036000	2.434250
2.037000	5.404030
2.038000	2.434250
2.039000	5.404030
2.040000	5.404030
2.041000	2.434250
2.042000	5.404030
2.043000	2.434250
2.044000	2.434250
2.045000	2.434250
2.046000	-0.535535
2.047000	5.404030
2.048000	-0.535535
2.049000	2.434250
2.050000	-3.511400
2.051000	-0.535535
2.052000	-0.535535
2.053000	2.434250
2.054000	-0.535535
2.055000	-3.511400
2.056000	2.434250
2.057000	-0.535535
2.058000	-0.535535
2.059000	-3.511400
2.060000	2.434250
2.061000	-3.511400
2.062000	-0.535535
2.063000	-0.535535
2.064000	-0.535535
2.065000	-3.511400
2.066000	-3.511400
2.067000	-0.535535
2.068000	-0.535535
2.069000	2.434250
2.070000	-3.511400
2.071000	2.434250
2.072000	-0.535535
2.073000	2.434250
2.074000	2.434250
2.075000	-0.535535
2.076000	2.434250
2.077000	2.434250
2.078000	2.434250
2.079000	2.434250
2.080000	5.404030
2.081000	-3.511400
2.082000	2.434250
2.083000	-0.535535
2.084000	-0.535535
2.085000	2.434250
2.086000	2.434250
2.087000	-0.535535
2.088000	-0.535535
2.089000	-0.535535
2.090000	-0.535535
2.091000	-0.535535
2.092000	-0.535535
2.093000	-0.535535
2.094000	-0.535535
2.095000	-0.535535
2.096000	-0.535535
2.097000	-0.535535
2.098000	-6.481190
2.099000	-0.535535
2.100000	-0.535535
2.101000	2.434250
2.102000	-0.535535
2.103000	2.434250
2.104000	2.434250
2.105000	2.434250
2.106000	2.434250
2.107000	-0.535535
2.108000	-0.535535
2.109000	-0.535535
2.110000	-0.535535
2.111000	-0.535535
2.112000	-0.535535
2.113000	-0.535535
2.114000	-3.511400
2.115000	2.434250
2.116000	2.434250
2.117000	-0.535535
2.118000	2.434250
2.119000	2.434250
2.120000	2.434250
2.121000	-0.535535
2.122000	2.434250
2.123000	-0.535535
2.124000	-0.535535
2.125000	-3.511400
2.126000	-0.535535
2.127000	-3.511400
2.128000	2.434250
2.129000	5.404030
2.130000	-0.535535
2.131000	-0.535535
2.132000	-3.511400
2.133000	2.434250
2.134000	-0.535535
2.135000	-3.511400
2.136000	-0.535535
2.137000	-0.535535
2.138000	2.434250
2.139000	-0.535535
2.140000	-0.535535
2.141000	-0.535535
2.142000	-3.511400
2.143000	-3.511400
2.144000	-0.535535
2.145000	-0.535535
2.146000	2.434250
2.147000	-0.535535
2.148000	-0.535535
2.149000	-0.535535
2.150000	5.404030
2.151000	5.404030
2.152000	2.434250
2.153000	2.434250
2.154000	5.404030
2.155000	5.404030
2.156000	2.434250
2.157000	2.434250
2.158000	5.404030
2.159000	2.434250
2.160000	5.404030
2.161000	5.404030
2.162000	5.404030
2.163000	2.434250
2.164000	5.404030
2.165000	-0.535535
2.166000	-0.535535
2.167000	2.434250
2.168000	2.434250
2.169000	2.434250
2.170000	2.434250
2.171000	2.434250
2.172000	2.434250
2.173000	2.434250
2.174000	-0.535535
2.175000	2.434250
2.176000	2.434250
2.177000	2.434250
2.178000	2.434250
2.179000	-0.535535
2.180000	-0.535535
2.181000	-0.535535
2.182000	-0.535535
2.183000	2.434250
2.184000	2.434250
2.185000	-0.535535
2.186000	2.434250
2.187000	2.434250
2.188000	2.434250
2.189000	2.434250
2.190000	2.434250
2.191000	-0.535535
2.192000	-0.535535
2.193000	-0.535535
2.194000	-0.535535
2.195000	-0.535535
2.196000	-0.535535
2.197000	-0.535535
2.198000	-0.535535
2.199000	-0.535535
2.200000	2.434250
2.201000	2.434250
2.202000	-0.535535
2.203000	2.434250
2.204000	2.434250
2.205000	-0.535535
2.206000	2.434250
2.207000	-0.535535
2.208000	-0.535535
2.209000	2.434250
2.210000	2.434250
2.211000	-0.535535
2.212000	-3.511400
2.213000	-0.535535
2.214000	-0.535535
2.215000	-0.535535
2.216000	-0.535535
2.217000	2.434250
2.218000	-0.535535
2.219000	-0.535535
2.220000	-0.535535
2.221000	-0.535535
2.222000	2.434250
2.223000	2.434250
2.224000	-0.535535
2.225000	-3.511400
2.226000	2.434250
2.227000	2.434250
2.228000	2.434250
2.229000	5.404030
2.230000	-0.535535
2.231000	-0.535535
2.232000	-3.511400
2.233000	-0.535535
2.234000	2.434250
2.235000	-3.511400
2.236000	-0.535535
2.237000	-3.511400
2.238000	2.434250
2.239000	2.434250
2.240000	-0.535535
2.241000	-0.535535
2.242000	-0.535535
2.243000	2.434250
2.244000	-6.481190
2.245000	-0.535535
2.246000	-0.535535
2.247000	2.434250
2.248000	-0.535535
2.249000	2.434250
2.250000	-0.535535
2.251000	-0.535535
2.252000	-0.535535
2.253000	8.379900
2.254000	2.434250
2.255000	2.434250
2.256000	-0.535535
2.257000	-3.511400
2.258000	2.434250
2.259000	-0.535535
2.260000	2.434250
2.261000	-0.535535
2.262000	-3.511400
2.263000	-0.535535
2.264000	-0.535535
2.265000	-3.511400
2.266000	-0.535535
2.267000	-0.535535
2.268000	2.434250
2.269000	-0.535535
2.270000	2.434250
2.271000	2.434250
2.272000	-0.535535
2.273000	-0.535535
2.274000	-0.535535
2.275000	-0.535535
2.276000	2.434250
2.277000	-0.535535
2.278000	2.434250
2.279000	5.404030
2.280000	-0.535535
2.281000	5.404030
2.282000	-0.535535
2.283000	-0.535535
2.284000	-0.535535
2.285000	2.434250
2.286000	2.434250
2.287000	2.434250
2.288000	2.434250
2.289000	5.404030
2.290000	2.434250
2.291000	2.434250
2.292000	2.434250
2.293000	-0.535535
2.294000	2.434250
2.295000	2.434250
2.296000	-0.535535
2.297000	-0.535535
2.298000	-0.535535
2.299000	2.434250
2.300000	-0.535535
2.301000	2.434250
2.302000	-0.535535
2.303000	5.404030
2.304000	2.434250
2.305000	2.434250
2.306000	-0.535535
2.307000	2.434250
2.308000	5.404030
2.309000	-0.535535
2.310000	-0.535535
2.311000	-0.535535
2.312000	-3.511400
2.313000	2.434250
2.314000	-0.535535
2.315000	2.434250
2.316000	2.434250
2.317000	2.434250
2.318000	2.434250
2.319000	-3.511400
2.320000	-0.535535
2.321000	2.434250
2.322000	-0.535535
2.323000	-0.535535
2.324000	-0.535535
2.325000	-0.535535
2.326000	2.434250
2.327000	-0.535535
2.328000	-3.511400
2.329000	2.434250
2.330000	-0.535535
2.331000	2.434250
2.332000	-0.535535
2.333000	-3.511400
2.334000	-0.535535
2.335000	2.434250
2.336000	2.434250
2.337000	2.434250
2.338000	-0.535535
2.339000	5.404030
2.340000	2.434250
2.341000	-0.535535
2.342000	-0.535535
2.343000	2.434250
2.344000	2.434250
2.345000	2.434250
2.346000	-0.535535
2.347000	2.434250
2.348000	2.434250
2.349000	-0.535535
2.350000	2.434250
2.351000	-0.535535
2.352000	2.434250
2.353000	2.434250
2.354000	-0.535535
2.355000	2.434250
2.356000	-0.535535
2.357000	2.434250
2.358000	-0.535535
2.359000	-0.535535
2.360000	2.434250
2.361000	2.434250
2.362000	2.434250
2.363000	-0.535535
2.364000	-0.535535
2.365000	2.434250
2.366000	2.434250
2.367000	2.434250
2.368000	-0.535535
2.369000	2.434250
2.370000	2.434250
2.371000	2.434250
2.372000	5.404030
2.373000	2.434250
2.374000	-0.535535
2.375000	-0.535535
2.376000	-0.535535
2.377000	2.434250
2.378000	-0.535535
2.379000	2.434250
2.380000	-0.535535
2.381000	-0.535535
2.382000	-0.535535
2.383000	-0.535535
2.384000	5.404030
2.385000	2.434250
2.386000	-0.535535
2.387000	-0.535535
2.388000	-0.535535
2.389000	-0.535535
2.390000	-0.535535
2.391000	-0.535535
2.392000	2.434250
2.393000	2.434250
2.394000	-0.535535
2.395000	-0.535535
2.396000	2.434250
2.397000	2.434250
2.398000	5.404030
2.399000	2.434250
2.400000	-3.511400
2.401000	2.434250
2.402000	-0.535535
2.403000	2.434250
2.404000	2.434250
2.405000	-0.535535
2.406000	5.404030
2.407000	2.434250
2.408000	-0.535535
2.409000	-0.535535
2.410000	-0.535535
2.411000	-0.535535
2.412000	2.434250
2.413000	-3.511400
2.414000	-0.535535
2.415000	2.434250
2.416000	-0.535535
2.417000	-0.535535
2.418000	2.434250
2.419000	2.434250
2.420000	2.434250
2.421000	2.434250
2.422000	2.434250
2.423000	5.404030
2.424000	-0.535535
2.425000	-0.535535
2.426000	-3.511400
2.427000	-0.535535
2.428000	-0.535535
2.429000	-3.511400
2.430000	-3.511400
2.431000	-0.535535
2.432000	-0.535535
2.433000	2.434250
2.434000	-0.535535
2.435000	5.404030
2.436000	-3.511400
2.437000	2.434250
2.438000	-0.535535
2.439000	2.434250
2.440000	8.379900
2.441000	-0.535535
2.442000	-0.535535
2.443000	-0.535535
2.444000	-0.535535
2.445000	-3.511400
2.446000	2.434250
2.447000	-0.535535
2.448000	2.434250
2.449000	-0.535535
2.450000	2.434250
2.451000	-0.535535
2.452000	-0.535535
2.453000	-0.535535
2.454000	-0.535535
2.455000	-3.511400
2.456000	-0.535535
2.457000	2.434250
2.458000	-3.511400
2.459000	2.434250
2.460000	-0.535535
2.461000	2.434250
2.462000	-0.535535
2.463000	-0.535535
2.464000	-0.535535
2.465000	-3.511400
2.466000	-0.535535
2.467000	5.404030
2.468000	2.434250
2.469000	2.434250
2.470000	-0.535535
2.471000	5.404030
2.472000	-0.535535
2.473000	-0.535535
2.474000	-3.511400
2.475000	-3.511400
2.476000	-3.511400
2.477000	-0.535535
2.478000	-0.535535
2.479000	2.434250
2.480000	-0.535535
2.481000	2.434250
2.482000	-0.535535
2.483000	-3.511400
2.484000	-0.535535
2.485000	2.434250
2.486000	2.434250
2.487000	2.434250
2.488000	2.434250
2.489000	-0.535535
2.490000	2.434250
2.491000	-0.535535
2.492000	-0.535535
2.493000	2.434250
2.494000	2.434250
2.495000	-0.535535
2.496000	2.434250
2.497000	-3.511400
2.498000	-0.535535
2.499000	5.404030
2.500000	2.434250
2.501000	-0.535535
2.502000	-0.535535
2.503000	5.404030
2.504000	5.404030
2.505000	-0.535535
2.506000	-0.535535
2.507000	-0.535535
2.508000	2.434250
2.509000	-0.535535
2.510000	-0.535535
2.511000	-0.535535
2.512000	2.434250
2.513000	-0.535535
2.514000	-0.535535
2.515000	-0.535535
2.516000	2.434250
2.517000	2.434250
2.518000	-0.535535
2.519000	-0.535535
2.520000	-0.535535
2.521000	5.404030
2.522000	-0.535535
2.523000	2.434250
2.524000	-0.535535
2.525000	-0.535535
2.526000	-0.535535
2.527000	2.434250
2.528000	2.434250
2.529000	2.434250
2.530000	2.434250
2.531000	2.434250
2.532000	2.434250
2.533000	2.434250
2.534000	5.404030
2.535000	2.434250
2.536000	-0.535535
2.537000	5.404030
2.538000	2.434250
2.539000	-0.535535
2.540000	-0.535535
2.541000	2.434250
2.542000	2.434250
2.543000	-0.535535
2.544000	2.434250
2.545000	2.434250
2.546000	-3.511400
2.547000	2.434250
2.548000	2.434250
2.549000	-0.535535
2.550000	-0.535535
2.551000	-0.535535
2.552000	2.434250
2.553000	2.434250
2.554000	2.434250
2.555000	5.404030
2.556000	5.404030
2.557000	-0.535535
2.558000	2.434250
2.559000	-0.535535
2.560000	2.434250
2.561000	5.404030
2.562000	2.434250
2.563000	-0.535535
2.564000	-0.535535
2.565000	-0.535535
2.566000	-0.535535
2.567000	2.434250
2.568000	-0.535535
2.569000	-0.535535
2.570000	-0.535535
2.571000	2.434250
2.572000	2.434250
2.573000	-0.535535
2.574000	-0.535535
2.575000	5.404030
2.576000	-0.535535
2.577000	2.434250
2.578000	-0.535535
2.579000	-0.535535
2.580000	-0.535535
2.581000	-0.535535
2.582000	-0.535535
2.583000	2.434250
2.584000	-0.535535
2.585000	-0.535535
2.586000	-3.511400
2.587000	2.434250
2.588000	2.434250
2.589000	5.404030
2.590000	-0.535535
2.591000	-0.535535
2.592000	-0.535535
2.593000	-0.535535
2.594000	2.434250
2.595000	-3.511400
2.596000	-3.511400
2.597000	-0.535535
2.598000	2.434250
2.599000	2.434250
2.600000	2.434250
2.601000	-0.535535
2.602000	-0.535535
2.603000	2.434250
2.604000	-0.535535
2.605000	2.434250
2.606000	-0.535535
2.607000	-0.535535
2.608000	2.434250
2.609000	-0.535535
2.610000	-0.535535
2.611000	2.434250
2.612000	-0.535535
2.613000	-0.535535
2.614000	-0.535535
2.615000	-3.511400
2.616000	2.434250
2.617000	2.434250
2.618000	-0.535535
2.619000	2.434250
2.620000	-0.535535
2.621000	-0.535535
2.622000	-3.511400
2.623000	-0.535535
2.624000	-0.535535
2.625000	2.434250
2.626000	-0.535535
2.627000	2.434250
2.628000	-3.511400
2.629000	2.434250
2.630000	-3.511400
2.631000	-0.535535
2.632000	2.434250
2.633000	-0.535535
2.634000	2.434250
2.635000	-0.535535
2.636000	-6.481190
2.637000	-0.535535
2.638000	-0.535535
2.639000	-0.535535
2.640000	2.434250
2.641000	-0.535535
2.642000	2.434250
2.643000	-3.511400
2.644000	-0.535535
2.645000	2.434250
2.646000	-0.535535
2.647000	-0.535535
2.648000	-0.535535
2.649000	-0.535535
2.650000	2.434250
2.651000	5.404030
2.652000	2.434250
2.653000	2.434250
2.654000	2.434250
2.655000	2.434250
2.656000	2.434250
2.657000	-0.535535
2.658000	2.434250
2.659000	2.434250
2.660000	2.434250
2.661000	2.434250
2.662000	2.434250
2.663000	-0.535535
2.664000	-3.511400
2.665000	-0.535535
2.666000	-0.535535
2.667000	2.434250
2.668000	2.434250
2.669000	2.434250
2.670000	2.434250
2.671000	5.404030
2.672000	2.434250
2.673000	-0.535535
2.674000	-0.535535
2.675000	2.434250
2.676000	-0.535535
2.677000	2.434250
2.678000	-3.511400
2.679000	2.434250
2.680000	-0.535535
2.681000	-3.511400
2.682000	-0.535535
2.683000	2.434250
2.684000	2.434250
2.685000	-0.535535
2.686000	-0.535535
2.687000	-0.535535
2.688000	-0.535535
2.689000	-0.535535
2.690000	-0.535535
2.691000	5.404030
2.692000	-0.535535
2.693000	-3.511400
2.694000	2.434250
2.695000	-0.535535
2.696000	-3.511400
2.697000	-0.535535
2.698000	-0.535535
2.699000	-0.535535
2.700000	2.434250
2.701000	2.434250
2.702000	-0.535535
2.703000	2.434250
2.704000	2.434250
2.705000	5.404030
2.706000	-0.535535
2.707000	-0.535535
2.708000	2.434250
2.709000	-0.535535
2.710000	2.434250
2.711000	2.434250
2.712000	5.404030
2.713000	-0.535535
2.714000	-0.535535
2.715000	2.434250
2.716000	2.434250
2.717000	2.434250
2.718000	2.434250
2.719000	5.404030
2.720000	5.404030
2.721000	2.434250
2.722000	2.434250
2.723000	-0.535535
2.724000	-0.535535
2.725000	2.434250
2.726000	2.434250
2.727000	2.434250
2.728000	-0.535535
2.729000	2.434250
2.730000	2.434250
2.731000	2.434250
2.732000	-0.535535
2.733000	-3.511400
2.734000	2.434250
2.735000	-0.535535
2.736000	-3.511400
2.737000	-0.535535
2.738000	2.434250
2.739000	2.434250
2.740000	-0.535535
2.741000	-0.535535
2.742000	-0.535535
2.743000	-0.535535
2.744000	2.434250
2.745000	2.434250
2.746000	-0.535535
2.747000	2.434250
2.748000	2.434250
2.749000	-0.535535
2.750000	-0.535535
2.751000	-0.535535
2.752000	5.404030
2.753000	-0.535535
2.754000	2.434250
2.755000	-0.535535
2.756000	-0.535535
2.757000	5.404030
2.758000	2.434250
2.759000	-0.535535
2.760000	-0.535535
2.761000	2.434250
2.762000	-0.535535
2.763000	-3.511400
2.764000	2.434250
2.765000	-0.535535
2.766000	2.434250
2.767000	2.434250
2.768000	2.434250
2.769000	2.434250
2.770000	2.434250
2.771000	-0.535535
2.772000	2.434250
2.773000	-0.535535
2.774000	-3.511400
2.775000	2.434250
2.776000	-0.535535
2.777000	-0.535535
2.778000	-3.511400
2.779000	2.434250
2.780000	2.434250
2.781000	-0.535535
2.782000	2.434250
2.783000	2.434250
2.784000	-0.535535
2.785000	2.434250
2.786000	-0.535535
2.787000	2.434250
2.788000	2.434250
2.789000	2.434250
2.790000	2.434250
2.791000	-0.535535
2.792000	-0.535535
2.793000	2.434250
2.794000	2.434250
2.795000	-0.535535
2.796000	-0.535535
2.797000	-0.535535
2.798000	2.434250
2.799000	2.434250
2.800000	-0.535535
2.801000	2.434250
2.802000	-0.535535
2.803000	-3.511400
2.804000	2.434250
2.805000	2.434250
2.806000	-0.535535
2.807000	2.434250
2.808000	-0.535535
2.809000	2.434250
2.810000	2.434250
2.811000	2.434250
2.812000	-0.535535
2.813000	2.434250
2.814000	-0.535535
2.815000	-0.535535
2.816000	2.434250
2.817000	2.434250
2.818000	-0.535535
2.819000	-0.535535
2.820000	-0.535535
2.821000	-3.511400
2.822000	2.434250
2.823000	2.434250
2.824000	-0.535535
2.825000	-0.535535
2.826000	-0.535535
2.827000	2.434250
2.828000	-3.511400
2.829000	2.434250
2.830000	-3.511400
2.831000	2.434250
2.832000	2.434250
2.833000	2.434250
2.834000	2.434250
2.835000	-0.535535
2.836000	-0.535535
2.837000	2.434250
2.838000	2.434250
2.839000	-0.535535
2.840000	-0.535535
2.841000	2.434250
2.842000	2.434250
2.843000	2.434250
2.844000	-3.511400
2.845000	-0.535535
2.846000	-0.535535
2.847000	2.434250
2.848000	-0.535535
2.849000	-0.535535
2.850000	-0.535535
2.851000	2.434250
2.852000	-0.535535
2.853000	-3.511400
2.854000	-0.535535
2.855000	2.434250
2.856000	2.434250
2.857000	-0.535535
2.858000	2.434250
2.859000	2.434250
2.860000	-3.511400
2.861000	-0.535535
2.862000	-0.535535
2.863000	2.434250
2.864000	-0.535535
2.865000	2.434250
2.866000	-0.535535
2.867000	-0.535535
2.868000	-0.535535
2.869000	-0.535535
2.870000	5.404030
2.871000	-0.535535
2.872000	-0.535535
2.873000	2.434250
2.874000	2.434250
2.875000	-0.535535
2.876000	-0.535535
2.877000	-3.511400
2.878000	2.434250
2.879000	-0.535535
2.880000	-0.535535
2.881000	2.434250
2.882000	-0.535535
2.883000	-0.535535
2.884000	-0.535535
2.885000	-0.535535
2.886000	2.434250
2.887000	2.434250
2.888000	5.404030
2.889000	2.434250
2.890000	-0.535535
2.891000	2.434250
2.892000	5.404030
2.893000	2.434250
2.894000	-0.535535
2.895000	-0.535535
2.896000	-0.535535
2.897000	-0.535535
2.898000	-0.535535
2.899000	-0.535535
2.900000	5.404030
2.901000	-0.535535
2.902000	-0.535535
2.903000	-0.535535
2.904000	-0.535535
2.905000	2.434250
2.906000	-0.535535
2.907000	-0.535535
2.908000	2.434250
2.909000	-0.535535
2.910000	-0.535535
2.911000	-0.535535
2.912000	2.434250
2.913000	2.434250
2.914000	2.434250
2.915000	-0.535535
2.916000	5.404030
2.917000	2.434250
2.918000	-3.511400
2.919000	-0.535535
2.920000	5.404030
2.921000	-3.511400
2.922000	2.434250
2.923000	-0.535535
2.924000	2.434250
2.925000	2.434250
2.926000	-0.535535
2.927000	2.434250
2.928000	-0.535535
2.929000	-3.511400
2.930000	2.434250
2.931000	-0.535535
2.932000	-3.511400
2.933000	-0.535535
2.934000	-3.511400
2.935000	-0.535535
2.936000	-0.535535
2.937000	2.434250
2.938000	-0.535535
2.939000	-0.535535
2.940000	5.404030
2.941000	2.434250
2.942000	2.434250
2.943000	-0.535535
2.944000	-0.535535
2.945000	-0.535535
2.946000	-0.535535
2.947000	2.434250
2.948000	2.434250
2.949000	-0.535535
2.950000	-0.535535
2.951000	-0.535535
2.952000	-0.535535
2.953000	2.434250
2.954000	2.434250
2.955000	2.434250
2.956000	-0.535535
2.957000	-0.535535
2.958000	-0.535535
2.959000	2.434250
2.960000	-0.535535
2.961000	5.404030
2.962000	-0.535535
2.963000	-0.535535
2.964000	-0.535535
2.965000	2.434250
2.966000	2.434250
2.967000	-3.511400
2.968000	5.404030
2.969000	-0.535535
2.970000	5.404030
2.971000	5.404030
2.972000	2.434250
2.973000	2.434250
2.974000	-0.535535
2.975000	5.404030
2.976000	-0.535535
2.977000	2.434250
2.978000	2.434250
2.979000	-0.535535
2.980000	2.434250
2.981000	-0.535535
2.982000	-0.535535
2.983000	2.434250
2.984000	2.434250
2.985000	2.434250
2.986000	-0.535535
2.987000	2.434250
2.988000	2.434250
2.989000	5.404030
2.990000	2.434250
2.991000	-0.535535
2.992000	-0.535535
2.993000	-0.535535
2.994000	2.434250
2.995000	-0.535535
2.996000	-0.535535
2.997000	-3.511400
2.998000	2.434250
2.999000	-0.535535
