-0.500000	0.035671
-0.499000	0.040764
-0.498000	0.035671
-0.497000	0.035671
-0.496000	0.030578
-0.495000	0.035671
-0.494000	0.025475
-0.493000	0.035671
-0.492000	0.035671
-0.491000	0.040764
-0.490000	0.040764
-0.489000	0.040764
-0.488000	0.030578
-0.487000	0.035671
-0.486000	0.030578
-0.485000	0.035671
-0.484000	0.035671
-0.483000	0.040764
-0.482000	0.040764
-0.481000	0.035671
-0.480000	0.035671
-0.479000	0.030578
-0.478000	0.035671
-0.477000	0.035671
-0.476000	0.040764
-0.475000	0.045867
-0.474000	0.040764
-0.473000	0.035671
-0.472000	0.030578
-0.471000	0.040764
-0.470000	0.035671
-0.469000	0.035671
-0.468000	0.040764
-0.467000	0.040764
-0.466000	0.035671
-0.465000	0.040764
-0.464000	0.030578
-0.463000	0.040764
-0.462000	0.035671
-0.461000	0.035671
-0.460000	0.040764
-0.459000	0.030578
-0.458000	0.035671
-0.457000	0.030578
-0.456000	0.035671
-0.455000	0.040764
-0.454000	0.040764
-0.453000	0.030578
-0.452000	0.035671
-0.451000	0.035671
-0.450000	0.040764
-0.449000	0.040764
-0.448000	0.035671
-0.447000	0.030578
-0.446000	0.035671
-0.445000	0.035671
-0.444000	0.035671
-0.443000	0.040764
-0.442000	0.040764
-0.441000	0.030578
-0.440000	0.030578
-0.439000	0.030578
-0.438000	0.040764
-0.437000	0.040764
-0.436000	0.030578
-0.435000	0.035671
-0.434000	0.040764
-0.433000	0.040764
-0.432000	0.035671
-0.431000	0.035671
-0.430000	0.030578
-0.429000	0.040764
-0.428000	0.035671
-0.427000	0.030578
-0.426000	0.035671
-0.425000	0.035671
-0.424000	0.035671
-0.423000	0.035671
-0.422000	0.040764
-0.421000	0.035671
-0.420000	0.040764
-0.419000	0.040764
-0.418000	0.030578
-0.417000	0.040764
-0.416000	0.040764
-0.415000	0.040764
-0.414000	0.030578
-0.413000	0.035671
-0.412000	0.040764
-0.411000	0.035671
-0.410000	0.035671
-0.409000	0.040764
-0.408000	0.040764
-0.407000	0.035671
-0.406000	0.035671
-0.405000	0.035671
-0.404000	0.035671
-0.403000	0.035671
-0.402000	0.040764
-0.401000	0.040764
-0.400000	0.035671
-0.399000	0.025475
-0.398000	0.035671
-0.397000	0.040764
-0.396000	0.030578
-0.395000	0.035671
-0.394000	0.035671
-0.393000	0.030578
-0.392000	0.030578
-0.391000	0.030578
-0.390000	0.035671
-0.389000	0.040764
-0.388000	0.030578
-0.387000	0.035671
-0.386000	0.040764
-0.385000	0.040764
-0.384000	0.030578
-0.383000	0.040764
-0.382000	0.035671
-0.381000	0.035671
-0.380000	0.025475
-0.379000	0.040764
-0.378000	0.035671
-0.377000	0.035671
-0.376000	0.035671
-0.375000	0.035671
-0.374000	0.035671
-0.373000	0.040764
-0.372000	0.040764
-0.371000	0.035671
-0.370000	0.040764
-0.369000	0.035671
-0.368000	0.035671
-0.367000	0.030578
-0.366000	0.035671
-0.365000	0.030578
-0.364000	0.040764
-0.363000	0.040764
-0.362000	0.040764
-0.361000	0.035671
-0.360000	0.030578
-0.359000	0.030578
-0.358000	0.035671
-0.357000	0.040764
-0.356000	0.035671
-0.355000	0.030578
-0.354000	0.035671
-0.353000	0.035671
-0.352000	0.040764
-0.351000	0.035671
-0.350000	0.040764
-0.349000	0.035671
-0.348000	0.030578
-0.347000	0.035671
-0.346000	0.035671
-0.345000	0.035671
-0.344000	0.040764
-0.343000	0.035671
-0.342000	0.035671
-0.341000	0.040764
-0.340000	0.035671
-0.339000	0.035671
-0.338000	0.030578
-0.337000	0.035671
-0.336000	0.030578
-0.335000	0.040764
-0.334000	0.030578
-0.333000	0.040764
-0.332000	0.035671
-0.331000	0.030578
-0.330000	0.035671
-0.329000	0.035671
-0.328000	0.035671
-0.327000	0.030578
-0.326000	0.030578
-0.325000	0.035671
-0.324000	0.035671
-0.323000	0.040764
-0.322000	0.035671
-0.321000	0.040764
-0.320000	0.035671
-0.319000	0.040764
-0.318000	0.030578
-0.317000	0.035671
-0.316000	0.040764
-0.315000	0.030578
-0.314000	0.040764
-0.313000	0.035671
-0.312000	0.040764
-0.311000	0.035671
-0.310000	0.030578
-0.309000	0.040764
-0.308000	0.040764
-0.307000	0.040764
-0.306000	0.040764
-0.305000	0.035671
-0.304000	0.035671
-0.303000	0.035671
-0.302000	0.035671
-0.301000	0.040764
-0.300000	0.035671
-0.299000	0.035671
-0.298000	0.030578
-0.297000	0.040764
-0.296000	0.035671
-0.295000	0.035671
-0.294000	0.035671
-0.293000	0.035671
-0.292000	0.035671
-0.291000	0.035671
-0.290000	0.035671
-0.289000	0.030578
-0.288000	0.035671
-0.287000	0.040764
-0.286000	0.035671
-0.285000	0.040764
-0.284000	0.035671
-0.283000	0.030578
-0.282000	0.035671
-0.281000	0.035671
-0.280000	0.040764
-0.279000	0.040764
-0.278000	0.035671
-0.277000	0.035671
-0.276000	0.040764
-0.275000	0.030578
-0.274000	0.035671
-0.273000	0.035671
-0.272000	0.040764
-0.271000	0.030578
-0.270000	0.045867
-0.269000	0.045867
-0.268000	0.035671
-0.267000	0.030578
-0.266000	0.035671
-0.265000	0.030578
-0.264000	0.035671
-0.263000	0.040764
-0.262000	0.045867
-0.261000	0.035671
-0.260000	0.030578
-0.259000	0.035671
-0.258000	0.035671
-0.257000	0.040764
-0.256000	0.040764
-0.255000	0.040764
-0.254000	0.030578
-0.253000	0.035671
-0.252000	0.040764
-0.251000	0.040764
-0.250000	0.040764
-0.249000	0.040764
-0.248000	0.035671
-0.247000	0.035671
-0.246000	0.035671
-0.245000	0.040764
-0.244000	0.040764
-0.243000	0.035671
-0.242000	0.045867
-0.241000	0.040764
-0.240000	0.035671
-0.239000	0.035671
-0.238000	0.035671
-0.237000	0.035671
-0.236000	0.040764
-0.235000	0.035671
-0.234000	0.035671
-0.233000	0.040764
-0.232000	0.035671
-0.231000	0.035671
-0.230000	0.040764
-0.229000	0.040764
-0.228000	0.040764
-0.227000	0.040764
-0.226000	0.030578
-0.225000	0.035671
-0.224000	0.035671
-0.223000	0.035671
-0.222000	0.040764
-0.221000	0.030578
-0.220000	0.030578
-0.219000	0.035671
-0.218000	0.030578
-0.217000	0.040764
-0.216000	0.035671
-0.215000	0.030578
-0.214000	0.035671
-0.213000	0.035671
-0.212000	0.035671
-0.211000	0.030578
-0.210000	0.035671
-0.209000	0.035671
-0.208000	0.040764
-0.207000	0.040764
-0.206000	0.035671
-0.205000	0.035671
-0.204000	0.040764
-0.203000	0.040764
-0.202000	0.040764
-0.201000	0.040764
-0.200000	0.040764
-0.199000	0.040764
-0.198000	0.035671
-0.197000	0.040764
-0.196000	0.035671
-0.195000	0.030578
-0.194000	0.035671
-0.193000	0.040764
-0.192000	0.040764
-0.191000	0.030578
-0.190000	0.035671
-0.189000	0.040764
-0.188000	0.045867
-0.187000	0.035671
-0.186000	0.035671
-0.185000	0.040764
-0.184000	0.030578
-0.183000	0.040764
-0.182000	0.030578
-0.181000	0.030578
-0.180000	0.030578
-0.179000	0.035671
-0.178000	0.040764
-0.177000	0.035671
-0.176000	0.030578
-0.175000	0.035671
-0.174000	0.040764
-0.173000	0.040764
-0.172000	0.040764
-0.171000	0.040764
-0.170000	0.040764
-0.169000	0.035671
-0.168000	0.035671
-0.167000	0.035671
-0.166000	0.035671
-0.165000	0.040764
-0.164000	0.035671
-0.163000	0.030578
-0.162000	0.035671
-0.161000	0.040764
-0.160000	0.030578
-0.159000	0.035671
-0.158000	0.045867
-0.157000	0.040764
-0.156000	0.035671
-0.155000	0.035671
-0.154000	0.035671
-0.153000	0.040764
-0.152000	0.035671
-0.151000	0.040764
-0.150000	0.030578
-0.149000	0.035671
-0.148000	0.035671
-0.147000	0.030578
-0.146000	0.035671
-0.145000	0.035671
-0.144000	0.040764
-0.143000	0.035671
-0.142000	0.040764
-0.141000	0.035671
-0.140000	0.035671
-0.139000	0.030578
-0.138000	0.035671
-0.137000	0.035671
-0.136000	0.040764
-0.135000	0.040764
-0.134000	0.030578
-0.133000	0.040764
-0.132000	0.030578
-0.131000	0.035671
-0.130000	0.035671
-0.129000	0.040764
-0.128000	0.035671
-0.127000	0.035671
-0.126000	0.035671
-0.125000	0.035671
-0.124000	0.035671
-0.123000	0.035671
-0.122000	0.040764
-0.121000	0.030578
-0.120000	0.040764
-0.119000	0.040764
-0.118000	0.030578
-0.117000	0.035671
-0.116000	0.035671
-0.115000	0.035671
-0.114000	0.030578
-0.113000	0.035671
-0.112000	0.030578
-0.111000	0.035671
-0.110000	0.035671
-0.109000	0.035671
-0.108000	0.040764
-0.107000	0.040764
-0.106000	0.030578
-0.105000	0.035671
-0.104000	0.040764
-0.103000	0.035671
-0.102000	0.035671
-0.101000	0.040764
-0.100000	0.035671
-0.099000	0.030578
-0.098000	0.035671
-0.097000	0.030578
-0.096000	0.035671
-0.095000	0.035671
-0.094000	0.035671
-0.093000	0.035671
-0.092000	0.030578
-0.091000	0.040764
-0.090000	0.040764
-0.089000	0.035671
-0.088000	0.040764
-0.087000	0.040764
-0.086000	0.035671
-0.085000	0.040764
-0.084000	0.040764
-0.083000	0.035671
-0.082000	0.035671
-0.081000	0.030578
-0.080000	0.035671
-0.079000	0.035671
-0.078000	0.040764
-0.077000	0.035671
-0.076000	0.035671
-0.075000	0.035671
-0.074000	0.035671
-0.073000	0.040764
-0.072000	0.040764
-0.071000	0.040764
-0.070000	0.030578
-0.069000	0.040764
-0.068000	0.035671
-0.067000	0.035671
-0.066000	0.030578
-0.065000	0.035671
-0.064000	0.035671
-0.063000	0.040764
-0.062000	0.035671
-0.061000	0.040764
-0.060000	0.030578
-0.059000	0.040764
-0.058000	0.030578
-0.057000	0.030578
-0.056000	0.035671
-0.055000	0.035671
-0.054000	0.035671
-0.053000	0.035671
-0.052000	0.035671
-0.051000	0.035671
-0.050000	0.030578
-0.049000	0.030578
-0.048000	0.040764
-0.047000	0.030578
-0.046000	0.040764
-0.045000	0.040764
-0.044000	0.035671
-0.043000	0.040764
-0.042000	0.040764
-0.041000	0.035671
-0.040000	0.045867
-0.039000	0.040764
-0.038000	0.035671
-0.037000	0.035671
-0.036000	0.035671
-0.035000	0.040764
-0.034000	0.040764
-0.033000	0.035671
-0.032000	0.035671
-0.031000	0.035671
-0.030000	0.025475
-0.029000	0.040764
-0.028000	0.035671
-0.027000	0.035671
-0.026000	0.040764
-0.025000	0.045867
-0.024000	0.056053
-0.023000	0.061146
-0.022000	0.076435
-0.021000	0.091724
-0.020000	0.101920
-0.019000	0.112106
-0.018000	0.122302
-0.017000	0.132488
-0.016000	0.147777
-0.015000	0.152869
-0.014000	0.163066
-0.013000	0.173262
-0.012000	0.183448
-0.011000	0.188540
-0.010000	0.198737
-0.009000	0.198737
-0.008000	0.203829
-0.007000	0.208933
-0.006000	0.198737
-0.005000	0.193644
-0.004000	0.183448
-0.003000	0.193644
-0.002000	0.198737
-0.001000	0.188540
0.000000	0.203829
0.001000	0.219118
0.002000	0.208933
0.003000	0.183448
0.004000	0.193644
0.005000	0.208933
0.006000	0.198737
0.007000	0.168158
0.008000	0.152869
0.009000	0.173262
0.010000	0.168158
0.011000	0.147777
0.012000	0.127395
0.013000	0.117199
0.014000	0.152869
0.015000	0.163066
0.016000	0.137591
0.017000	0.107013
0.018000	0.107013
0.019000	0.137591
0.020000	0.163066
0.021000	0.208933
0.022000	0.239500
0.023000	0.270078
0.024000	0.178355
0.025000	0.193644
0.026000	0.366895
0.027000	0.458619
0.028000	0.351606
0.029000	0.122302
0.030000	0.208933
0.031000	0.509579
0.032000	0.606395
0.033000	0.366895
0.034000	0.142684
0.035000	0.264986
0.036000	0.545250
0.037000	0.519775
0.038000	0.234407
0.039000	0.045867
0.040000	0.193644
0.041000	0.407669
0.042000	0.290460
0.043000	-0.025475
0.044000	-0.178355
0.045000	-0.035671
0.046000	0.112106
0.047000	0.005093
0.048000	-0.244604
0.049000	-0.305749
0.050000	-0.127395
0.051000	0.000000
0.052000	-0.086631
0.053000	-0.224211
0.054000	-0.157973
0.055000	0.025475
0.056000	0.112106
0.057000	0.010196
0.058000	-0.081538
0.059000	-0.025475
0.060000	0.107013
0.061000	0.147777
0.062000	0.086631
0.063000	0.056053
0.064000	0.107013
0.065000	0.152869
0.066000	0.076435
0.067000	-0.020382
0.068000	0.010196
0.069000	0.142684
0.070000	0.132488
0.071000	-0.045867
0.072000	-0.152869
0.073000	-0.020382
0.074000	0.081538
0.075000	-0.025475
0.076000	-0.234407
0.077000	-0.285367
0.078000	-0.163066
0.079000	-0.096817
0.080000	-0.224211
0.081000	-0.468815
0.082000	-0.586014
0.083000	-0.412762
0.084000	-0.305749
0.085000	-0.473908
0.086000	-0.606395
0.087000	-0.428051
0.088000	-0.117199
0.089000	-0.056053
0.090000	-0.219118
0.091000	-0.198737
0.092000	-0.086631
0.093000	-0.096817
0.094000	-0.163066
0.095000	-0.157973
0.096000	-0.142684
0.097000	-0.203829
0.098000	-0.234407
0.099000	-0.214026
0.100000	-0.198737
0.101000	-0.198737
0.102000	-0.285367
0.103000	-0.417855
0.104000	-0.479001
0.105000	-0.382184
0.106000	-0.336327
0.107000	-0.479001
0.108000	-0.652262
0.109000	-0.652262
0.110000	-0.596210
0.111000	-0.621684
0.112000	-0.764368
0.113000	-0.850999
0.114000	-0.749079
0.115000	-0.596210
0.116000	-0.586014
0.117000	-0.713408
0.118000	-0.749079
0.119000	-0.591117
0.120000	-0.494290
0.121000	-0.596210
0.122000	-0.662459
0.123000	-0.560539
0.124000	-0.422948
0.125000	-0.402566
0.126000	-0.509579
0.127000	-0.586014
0.128000	-0.555446
0.129000	-0.443330
0.130000	-0.443330
0.131000	-0.596210
0.132000	-0.718511
0.133000	-0.672644
0.134000	-0.580921
0.135000	-0.626788
0.136000	-0.800039
0.137000	-0.871381
0.138000	-0.800039
0.139000	-0.733801
0.140000	-0.835710
0.141000	-1.008970
0.142000	-1.039540
0.143000	-0.901959
0.144000	-0.825524
0.145000	-0.937630
0.146000	-1.090500
0.147000	-1.054830
0.148000	-0.896866
0.149000	-0.835710
0.150000	-0.937630
0.151000	-1.014060
0.152000	-0.937630
0.153000	-0.784750
0.154000	-0.764368
0.155000	-0.861195
0.156000	-0.907052
0.157000	-0.820421
0.158000	-0.728697
0.159000	-0.769461
0.160000	-0.876474
0.161000	-0.907052
0.162000	-0.825524
0.163000	-0.774564
0.164000	-0.866288
0.165000	-0.973301
0.166000	-0.963105
0.167000	-0.891763
0.168000	-0.876474
0.169000	-0.983487
0.170000	-1.059930
0.171000	-1.029350
0.172000	-0.978394
0.173000	-1.003870
0.174000	-1.059930
0.175000	-1.080310
0.176000	-1.034450
0.177000	-1.003870
0.178000	-1.034450
0.179000	-1.080310
0.180000	-1.054830
0.181000	-1.014060
0.182000	-0.952919
0.183000	-0.998776
0.184000	-1.014060
0.185000	-0.968198
0.186000	-0.942723
0.187000	-0.922341
0.188000	-0.958012
0.189000	-0.973301
0.190000	-0.850999
0.191000	-0.759275
0.192000	-0.779657
0.193000	-0.978394
0.194000	-1.126170
0.195000	-0.861195
0.196000	-0.545250
0.197000	-0.519775
0.198000	-0.896866
0.199000	-1.177130
0.200000	-0.774564
0.201000	-0.234407
0.202000	-0.259882
0.203000	-0.596210
0.204000	-0.473908
0.205000	0.361802
0.206000	0.565632
0.207000	-0.224211
0.208000	-1.019160
0.209000	-1.131260
0.210000	-0.468815
0.211000	0.025475
0.212000	-0.402566
0.213000	-1.172040
0.214000	-1.238280
0.215000	-0.366895
0.216000	0.377091
0.217000	-0.239500
0.218000	-1.044640
0.219000	-0.718511
0.220000	0.137591
0.221000	0.361802
0.222000	-0.295553
0.223000	-0.774564
0.224000	-0.499393
0.225000	0.005093
0.226000	0.193644
0.227000	-0.310842
0.228000	-0.428051
0.229000	0.244604
0.230000	0.723604
0.231000	0.509579
0.232000	-0.173262
0.233000	-0.208933
0.234000	0.524868
0.235000	0.856092
0.236000	0.407669
0.237000	-0.254789
0.238000	-0.183448
0.239000	0.428051
0.240000	0.453526
0.241000	-0.157973
0.242000	-0.407669
0.243000	0.152869
0.244000	0.820421
0.245000	0.555446
0.246000	-0.132488
0.247000	-0.183448
0.248000	0.392380
0.249000	0.835710
0.250000	0.468815
0.251000	-0.040764
0.252000	0.050960
0.253000	0.504486
0.254000	0.611499
0.255000	0.045867
0.256000	-0.361802
0.257000	-0.030578
0.258000	0.422948
0.259000	0.315935
0.260000	-0.183448
0.261000	-0.336327
0.262000	0.076435
0.263000	0.310842
0.264000	-0.056053
0.265000	-0.504486
0.266000	-0.346513
0.267000	0.188540
0.268000	0.336327
0.269000	-0.142684
0.270000	-0.591117
0.271000	-0.259882
0.272000	0.371998
0.273000	0.168158
0.274000	-0.631881
0.275000	-0.835710
0.276000	-0.193644
0.277000	0.183448
0.278000	-0.101920
0.279000	-0.453526
0.280000	-0.346513
0.281000	0.219118
0.282000	0.371998
0.283000	-0.310842
0.284000	-0.896866
0.285000	-0.351606
0.286000	0.443330
0.287000	0.091724
0.288000	-0.891763
0.289000	-0.789853
0.290000	0.147777
0.291000	0.417855
0.292000	-0.122302
0.293000	-0.535064
0.294000	-0.392380
0.295000	0.066249
0.296000	0.336327
0.297000	-0.025475
0.298000	-0.417855
0.299000	-0.035671
0.300000	0.677737
0.301000	0.606395
0.302000	-0.264986
0.303000	-0.479001
0.304000	0.387277
0.305000	0.856092
0.306000	0.224211
0.307000	-0.529961
0.308000	-0.336327
0.309000	0.728697
0.310000	1.182220
0.311000	0.407669
0.312000	-0.570735
0.313000	-0.336327
0.314000	1.100700
0.315000	1.324910
0.316000	0.234407
0.317000	-0.479001
0.318000	-0.147777
0.319000	0.591117
0.320000	0.326131
0.321000	-0.570735
0.322000	-0.723604
0.323000	0.081538
0.324000	0.922341
0.325000	0.586014
0.326000	-0.188540
0.327000	0.224211
0.328000	1.166930
0.329000	1.243380
0.330000	0.259882
0.331000	-0.789853
0.332000	-0.336327
0.333000	1.049740
0.334000	1.508350
0.335000	0.703222
0.336000	-0.397473
0.337000	-0.280264
0.338000	0.514672
0.339000	0.570735
0.340000	-0.152869
0.341000	-0.382184
0.342000	0.815328
0.343000	1.834490
0.344000	1.115980
0.345000	-0.331224
0.346000	-0.749079
0.347000	0.336327
0.348000	1.294330
0.349000	0.591117
0.350000	-0.540157
0.351000	-0.377091
0.352000	0.499393
0.353000	0.845906
0.354000	0.086631
0.355000	-0.524868
0.356000	-0.025475
0.357000	0.917248
0.358000	1.054830
0.359000	0.000000
0.360000	-0.718511
0.361000	0.015289
0.362000	0.993683
0.363000	0.886670
0.364000	-0.071342
0.365000	-0.438237
0.366000	0.254789
0.367000	0.723604
0.368000	0.081538
0.369000	-0.601303
0.370000	-0.377091
0.371000	0.438237
0.372000	0.631881
0.373000	-0.285367
0.374000	-1.075210
0.375000	-0.723604
0.376000	0.346513
0.377000	0.825524
0.378000	0.173262
0.379000	-0.468815
0.380000	-0.198737
0.381000	0.489197
0.382000	0.351606
0.383000	-0.596210
0.384000	-0.958012
0.385000	-0.270078
0.386000	0.407669
0.387000	0.101920
0.388000	-0.642066
0.389000	-0.713408
0.390000	-0.061146
0.391000	0.305749
0.392000	-0.127395
0.393000	-0.718511
0.394000	-0.300656
0.395000	0.412762
0.396000	0.417855
0.397000	-0.259882
0.398000	-0.693026
0.399000	-0.198737
0.400000	0.392380
0.401000	0.122302
0.402000	-0.428051
0.403000	-0.509579
0.404000	-0.040764
0.405000	0.321038
0.406000	0.112106
0.407000	-0.096817
0.408000	0.107013
0.409000	0.494290
0.410000	0.417855
0.411000	-0.183448
0.412000	-0.366895
0.413000	0.152869
0.414000	0.616592
0.415000	0.397473
0.416000	-0.163066
0.417000	-0.259882
0.418000	0.239500
0.419000	0.550343
0.420000	0.290460
0.421000	-0.132488
0.422000	-0.005093
0.423000	0.489197
0.424000	0.647170
0.425000	0.280264
0.426000	-0.152869
0.427000	0.045867
0.428000	0.524868
0.429000	0.407669
0.430000	-0.127395
0.431000	-0.229315
0.432000	0.285367
0.433000	0.647170
0.434000	0.254789
0.435000	-0.229315
0.436000	-0.040764
0.437000	0.504486
0.438000	0.631881
0.439000	0.122302
0.440000	-0.239500
0.441000	0.112106
0.442000	0.616592
0.443000	0.458619
0.444000	-0.117199
0.445000	-0.234407
0.446000	0.208933
0.447000	0.550343
0.448000	0.224211
0.449000	-0.239500
0.450000	-0.117199
0.451000	0.494290
0.452000	0.616592
0.453000	0.040764
0.454000	-0.203829
0.455000	0.081538
0.456000	0.529961
0.457000	0.448433
0.458000	-0.173262
0.459000	-0.249697
0.460000	0.208933
0.461000	0.417855
0.462000	0.270078
0.463000	-0.137591
0.464000	-0.234407
0.465000	0.157973
0.466000	0.407669
0.467000	0.147777
0.468000	-0.173262
0.469000	-0.040764
0.470000	0.397473
0.471000	0.382184
0.472000	-0.035671
0.473000	-0.203829
0.474000	0.030578
0.475000	0.326131
0.476000	0.142684
0.477000	-0.198737
0.478000	-0.168158
0.479000	0.045867
0.480000	0.275171
0.481000	0.112106
0.482000	-0.203829
0.483000	-0.101920
0.484000	0.101920
0.485000	0.076435
0.486000	-0.050960
0.487000	-0.137591
0.488000	-0.071342
0.489000	0.081538
0.490000	0.076435
0.491000	-0.183448
0.492000	-0.315935
0.493000	-0.056053
0.494000	0.086631
0.495000	-0.020382
0.496000	-0.219118
0.497000	-0.249697
0.498000	0.050960
0.499000	0.219118
0.500000	-0.015289
0.501000	-0.147777
0.502000	-0.147777
0.503000	0.045867
0.504000	0.244604
0.505000	-0.020382
0.506000	-0.280264
0.507000	-0.101920
0.508000	0.214026
0.509000	0.147777
0.510000	-0.112106
0.511000	-0.152869
0.512000	0.091724
0.513000	0.275171
0.514000	0.208933
0.515000	-0.025475
0.516000	-0.122302
0.517000	0.137591
0.518000	0.346513
0.519000	0.117199
0.520000	-0.193644
0.521000	-0.107013
0.522000	0.254789
0.523000	0.270078
0.524000	-0.030578
0.525000	-0.117199
0.526000	0.122302
0.527000	0.331224
0.528000	0.244604
0.529000	-0.030578
0.530000	-0.127395
0.531000	0.122302
0.532000	0.341420
0.533000	0.147777
0.534000	-0.137591
0.535000	-0.137591
0.536000	0.183448
0.537000	0.336327
0.538000	0.076435
0.539000	-0.091724
0.540000	0.030578
0.541000	0.193644
0.542000	0.234407
0.543000	0.066249
0.544000	-0.076435
0.545000	0.010196
0.546000	0.208933
0.547000	0.198737
0.548000	0.000000
0.549000	-0.117199
0.550000	0.050960
0.551000	0.173262
0.552000	0.050960
0.553000	-0.071342
0.554000	-0.066249
0.555000	0.071342
0.556000	0.152869
0.557000	0.096817
0.558000	-0.076435
0.559000	-0.086631
0.560000	0.045867
0.561000	0.071342
0.562000	0.005093
0.563000	0.020382
0.564000	0.132488
0.565000	0.081538
0.566000	0.056053
0.567000	0.101920
0.568000	0.040764
0.569000	-0.040764
0.570000	-0.040764
0.571000	0.061146
0.572000	0.091724
0.573000	-0.056053
0.574000	-0.117199
0.575000	-0.010196
0.576000	0.030578
0.577000	-0.025475
0.578000	-0.137591
0.579000	-0.122302
0.580000	-0.045867
0.581000	-0.025475
0.582000	-0.076435
0.583000	-0.193644
0.584000	-0.137591
0.585000	0.030578
0.586000	0.050960
0.587000	-0.086631
0.588000	-0.163066
0.589000	-0.071342
0.590000	0.112106
0.591000	0.015289
0.592000	-0.122302
0.593000	-0.096817
0.594000	-0.040764
0.595000	0.071342
0.596000	0.050960
0.597000	-0.056053
0.598000	-0.040764
0.599000	0.107013
0.600000	0.122302
0.601000	0.025475
0.602000	-0.040764
0.603000	0.025475
0.604000	0.040764
0.605000	0.000000
0.606000	0.056053
0.607000	0.000000
0.608000	-0.076435
0.609000	-0.025475
0.610000	-0.015289
0.611000	0.015289
0.612000	0.030578
0.613000	-0.035671
0.614000	-0.050960
0.615000	-0.107013
0.616000	-0.050960
0.617000	0.061146
0.618000	-0.056053
0.619000	-0.173262
0.620000	-0.137591
0.621000	-0.040764
0.622000	-0.015289
0.623000	-0.147777
0.624000	-0.234407
0.625000	-0.071342
0.626000	0.025475
0.627000	-0.061146
0.628000	-0.198737
0.629000	-0.183448
0.630000	-0.020382
0.631000	0.061146
0.632000	-0.040764
0.633000	-0.173262
0.634000	-0.122302
0.635000	0.000000
0.636000	0.010196
0.637000	-0.086631
0.638000	-0.101920
0.639000	-0.050960
0.640000	0.015289
0.641000	0.020382
0.642000	-0.061146
0.643000	-0.061146
0.644000	-0.010196
0.645000	0.066249
0.646000	0.015289
0.647000	-0.101920
0.648000	-0.061146
0.649000	0.112106
0.650000	0.076435
0.651000	-0.066249
0.652000	-0.056053
0.653000	0.035671
0.654000	0.086631
0.655000	0.035671
0.656000	-0.035671
0.657000	-0.040764
0.658000	0.025475
0.659000	0.107013
0.660000	0.050960
0.661000	-0.040764
0.662000	-0.066249
0.663000	0.015289
0.664000	0.117199
0.665000	0.030578
0.666000	-0.096817
0.667000	-0.071342
0.668000	0.020382
0.669000	0.096817
0.670000	0.010196
0.671000	-0.091724
0.672000	0.005093
0.673000	0.101920
0.674000	0.050960
0.675000	-0.030578
0.676000	-0.030578
0.677000	0.066249
0.678000	0.086631
0.679000	0.020382
0.680000	-0.020382
0.681000	0.005093
0.682000	0.050960
0.683000	0.035671
0.684000	0.000000
0.685000	0.010196
0.686000	0.025475
0.687000	0.045867
0.688000	0.030578
0.689000	-0.035671
0.690000	-0.005093
0.691000	0.050960
0.692000	0.056053
0.693000	0.020382
0.694000	-0.035671
0.695000	-0.050960
0.696000	-0.010196
0.697000	-0.015289
0.698000	-0.040764
0.699000	-0.045867
0.700000	-0.030578
0.701000	-0.020382
0.702000	-0.076435
0.703000	-0.091724
0.704000	-0.061146
0.705000	-0.035671
0.706000	-0.071342
0.707000	-0.122302
0.708000	-0.122302
0.709000	-0.096817
0.710000	-0.071342
0.711000	-0.081538
0.712000	-0.157973
0.713000	-0.142684
0.714000	-0.076435
0.715000	-0.071342
0.716000	-0.096817
0.717000	-0.127395
0.718000	-0.107013
0.719000	-0.071342
0.720000	-0.061146
0.721000	-0.071342
0.722000	-0.107013
0.723000	-0.086631
0.724000	-0.035671
0.725000	-0.050960
0.726000	-0.081538
0.727000	-0.096817
0.728000	-0.056053
0.729000	-0.005093
0.730000	-0.020382
0.731000	-0.045867
0.732000	-0.045867
0.733000	-0.020382
0.734000	0.025475
0.735000	0.010196
0.736000	-0.020382
0.737000	-0.015289
0.738000	0.010196
0.739000	0.045867
0.740000	0.040764
0.741000	-0.010196
0.742000	0.000000
0.743000	0.040764
0.744000	0.056053
0.745000	0.050960
0.746000	0.030578
0.747000	0.040764
0.748000	0.066249
0.749000	0.086631
0.750000	0.050960
0.751000	0.015289
0.752000	0.040764
0.753000	0.086631
0.754000	0.091724
0.755000	0.045867
0.756000	0.030578
0.757000	0.091724
0.758000	0.122302
0.759000	0.112106
0.760000	0.091724
0.761000	0.096817
0.762000	0.096817
0.763000	0.101920
0.764000	0.107013
0.765000	0.096817
0.766000	0.066249
0.767000	0.076435
0.768000	0.132488
0.769000	0.091724
0.770000	0.040764
0.771000	0.040764
0.772000	0.076435
0.773000	0.117199
0.774000	0.071342
0.775000	0.030578
0.776000	0.061146
0.777000	0.081538
0.778000	0.066249
0.779000	0.035671
0.780000	0.005093
0.781000	0.025475
0.782000	0.015289
0.783000	0.010196
0.784000	0.010196
0.785000	-0.005093
0.786000	-0.025475
0.787000	-0.015289
0.788000	0.005093
0.789000	-0.010196
0.790000	-0.056053
0.791000	-0.040764
0.792000	-0.040764
0.793000	-0.040764
0.794000	-0.030578
0.795000	0.000000
0.796000	-0.015289
0.797000	-0.061146
0.798000	-0.066249
0.799000	-0.020382
0.800000	-0.061146
0.801000	-0.096817
0.802000	-0.050960
0.803000	-0.010196
0.804000	-0.020382
0.805000	-0.020382
0.806000	-0.061146
0.807000	-0.040764
0.808000	0.025475
0.809000	0.035671
0.810000	-0.010196
0.811000	-0.035671
0.812000	-0.010196
0.813000	0.025475
0.814000	-0.015289
0.815000	0.030578
0.816000	0.020382
0.817000	-0.025475
0.818000	0.015289
0.819000	0.071342
0.820000	0.010196
0.821000	-0.061146
0.822000	-0.010196
0.823000	0.081538
0.824000	0.081538
0.825000	-0.010196
0.826000	-0.020382
0.827000	0.056053
0.828000	0.076435
0.829000	0.045867
0.830000	0.056053
0.831000	0.005093
0.832000	0.010196
0.833000	0.096817
0.834000	0.112106
0.835000	-0.010196
0.836000	-0.101920
0.837000	0.045867
0.838000	0.157973
0.839000	0.035671
0.840000	-0.081538
0.841000	-0.015289
0.842000	0.132488
0.843000	0.096817
0.844000	-0.040764
0.845000	-0.071342
0.846000	0.030578
0.847000	0.117199
0.848000	0.096817
0.849000	-0.020382
0.850000	-0.035671
0.851000	0.030578
0.852000	0.096817
0.853000	0.096817
0.854000	0.010196
0.855000	-0.025475
0.856000	0.045867
0.857000	0.137591
0.858000	0.050960
0.859000	-0.056053
0.860000	0.030578
0.861000	0.122302
0.862000	0.096817
0.863000	0.050960
0.864000	0.015289
0.865000	0.035671
0.866000	0.071342
0.867000	0.096817
0.868000	0.076435
0.869000	-0.066249
0.870000	0.040764
0.871000	0.183448
0.872000	0.056053
0.873000	-0.040764
0.874000	-0.035671
0.875000	0.056053
0.876000	0.086631
0.877000	0.035671
0.878000	0.030578
0.879000	-0.010196
0.880000	0.025475
0.881000	0.101920
0.882000	0.025475
0.883000	-0.015289
0.884000	0.050960
0.885000	0.091724
0.886000	0.066249
0.887000	-0.010196
0.888000	-0.020382
0.889000	0.030578
0.890000	0.061146
0.891000	-0.005093
0.892000	-0.050960
0.893000	0.010196
0.894000	0.107013
0.895000	0.081538
0.896000	-0.050960
0.897000	-0.096817
0.898000	0.117199
0.899000	0.229315
0.900000	0.045867
0.901000	-0.066249
0.902000	0.010196
0.903000	0.183448
0.904000	0.086631
0.905000	-0.101920
0.906000	0.040764
0.907000	0.183448
0.908000	0.152869
0.909000	0.020382
0.910000	-0.056053
0.911000	0.000000
0.912000	0.101920
0.913000	0.188540
0.914000	0.066249
0.915000	-0.107013
0.916000	-0.030578
0.917000	0.203829
0.918000	0.198737
0.919000	-0.056053
0.920000	-0.168158
0.921000	0.147777
0.922000	0.290460
0.923000	0.050960
0.924000	-0.112106
0.925000	-0.015289
0.926000	0.239500
0.927000	0.244604
0.928000	0.020382
0.929000	-0.076435
0.930000	-0.071342
0.931000	0.178355
0.932000	0.275171
0.933000	-0.035671
0.934000	-0.152869
0.935000	0.050960
0.936000	0.280264
0.937000	0.239500
0.938000	-0.066249
0.939000	-0.096817
0.940000	0.173262
0.941000	0.249697
0.942000	0.152869
0.943000	-0.035671
0.944000	-0.025475
0.945000	0.203829
0.946000	0.270078
0.947000	0.086631
0.948000	-0.056053
0.949000	0.040764
0.950000	0.193644
0.951000	0.219118
0.952000	0.152869
0.953000	-0.030578
0.954000	-0.010196
0.955000	0.219118
0.956000	0.275171
0.957000	0.117199
0.958000	-0.071342
0.959000	0.025475
0.960000	0.285367
0.961000	0.229315
0.962000	0.015289
0.963000	-0.035671
0.964000	0.178355
0.965000	0.290460
0.966000	0.107013
0.967000	0.071342
0.968000	0.061146
0.969000	0.081538
0.970000	0.254789
0.971000	0.188540
0.972000	0.066249
0.973000	0.025475
0.974000	0.020382
0.975000	0.234407
0.976000	0.254789
0.977000	0.010196
0.978000	-0.015289
0.979000	0.147777
0.980000	0.310842
0.981000	0.091724
0.982000	-0.081538
0.983000	0.061146
0.984000	0.229315
0.985000	0.249697
0.986000	0.020382
0.987000	-0.081538
0.988000	0.147777
0.989000	0.300656
0.990000	0.336327
0.991000	0.076435
0.992000	-0.127395
0.993000	0.101920
0.994000	0.244604
0.995000	0.173262
0.996000	0.030578
0.997000	-0.061146
0.998000	0.142684
0.999000	0.315935
1.000000	0.203829
1.001000	-0.045867
1.002000	-0.112106
1.003000	0.142684
1.004000	0.244604
1.005000	0.071342
1.006000	-0.076435
1.007000	-0.076435
1.008000	0.132488
1.009000	0.224211
1.010000	0.030578
1.011000	-0.107013
1.012000	-0.040764
1.013000	0.147777
1.014000	0.188540
1.015000	-0.050960
1.016000	-0.142684
1.017000	0.045867
1.018000	0.203829
1.019000	0.157973
1.020000	-0.056053
1.021000	-0.117199
1.022000	0.010196
1.023000	0.173262
1.024000	0.142684
1.025000	-0.050960
1.026000	-0.081538
1.027000	0.066249
1.028000	0.203829
1.029000	0.112106
1.030000	-0.066249
1.031000	-0.045867
1.032000	0.107013
1.033000	0.152869
1.034000	0.061146
1.035000	-0.081538
1.036000	-0.066249
1.037000	0.117199
1.038000	0.203829
1.039000	0.086631
1.040000	-0.050960
1.041000	0.035671
1.042000	0.224211
1.043000	0.168158
1.044000	-0.076435
1.045000	-0.096817
1.046000	0.076435
1.047000	0.193644
1.048000	0.096817
1.049000	-0.076435
1.050000	0.000000
1.051000	0.173262
1.052000	0.198737
1.053000	0.000000
1.054000	-0.132488
1.055000	-0.010196
1.056000	0.122302
1.057000	0.061146
1.058000	-0.056053
1.059000	-0.071342
1.060000	0.025475
1.061000	0.061146
1.062000	-0.015289
1.063000	-0.081538
1.064000	-0.076435
1.065000	-0.010196
1.066000	-0.010196
1.067000	-0.066249
1.068000	-0.081538
1.069000	-0.035671
1.070000	0.010196
1.071000	0.040764
1.072000	-0.015289
1.073000	-0.071342
1.074000	-0.035671
1.075000	0.015289
1.076000	0.025475
1.077000	-0.030578
1.078000	-0.035671
1.079000	0.000000
1.080000	0.025475
1.081000	0.010196
1.082000	-0.050960
1.083000	-0.056053
1.084000	-0.020382
1.085000	-0.040764
1.086000	-0.091724
1.087000	-0.091724
1.088000	-0.050960
1.089000	-0.030578
1.090000	-0.066249
1.091000	-0.112106
1.092000	-0.132488
1.093000	-0.117199
1.094000	-0.061146
1.095000	-0.056053
1.096000	-0.112106
1.097000	-0.142684
1.098000	-0.101920
1.099000	-0.045867
1.100000	-0.081538
1.101000	-0.137591
1.102000	-0.132488
1.103000	-0.086631
1.104000	-0.056053
1.105000	-0.142684
1.106000	-0.188540
1.107000	-0.101920
1.108000	-0.010196
1.109000	-0.005093
1.110000	-0.117199
1.111000	-0.178355
1.112000	-0.101920
1.113000	-0.030578
1.114000	-0.066249
1.115000	-0.152869
1.116000	-0.127395
1.117000	-0.010196
1.118000	0.000000
1.119000	-0.091724
1.120000	-0.163066
1.121000	-0.117199
1.122000	-0.015289
1.123000	-0.015289
1.124000	-0.096817
1.125000	-0.112106
1.126000	-0.040764
1.127000	0.015289
1.128000	-0.030578
1.129000	-0.081538
1.130000	-0.050960
1.131000	0.025475
1.132000	0.040764
1.133000	-0.035671
1.134000	-0.101920
1.135000	-0.061146
1.136000	0.020382
1.137000	0.040764
1.138000	0.000000
1.139000	-0.050960
1.140000	-0.020382
1.141000	0.025475
1.142000	0.015289
1.143000	-0.030578
1.144000	-0.056053
1.145000	-0.020382
1.146000	0.015289
1.147000	-0.020382
1.148000	-0.056053
1.149000	-0.061146
1.150000	-0.010196
1.151000	0.030578
1.152000	-0.020382
1.153000	-0.076435
1.154000	-0.056053
1.155000	0.015289
1.156000	0.035671
1.157000	-0.025475
1.158000	-0.056053
1.159000	-0.015289
1.160000	0.050960
1.161000	0.030578
1.162000	-0.030578
1.163000	-0.040764
1.164000	0.000000
1.165000	0.050960
1.166000	0.030578
1.167000	-0.020382
1.168000	-0.025475
1.169000	0.020382
1.170000	0.066249
1.171000	0.050960
1.172000	-0.020382
1.173000	-0.015289
1.174000	0.030578
1.175000	0.081538
1.176000	0.045867
1.177000	-0.020382
1.178000	-0.005093
1.179000	0.086631
1.180000	0.091724
1.181000	0.025475
1.182000	-0.010196
1.183000	0.035671
1.184000	0.101920
1.185000	0.101920
1.186000	0.025475
1.187000	0.005093
1.188000	0.081538
1.189000	0.137591
1.190000	0.112106
1.191000	0.040764
1.192000	0.040764
1.193000	0.112106
1.194000	0.137591
1.195000	0.066249
1.196000	0.030578
1.197000	0.050960
1.198000	0.091724
1.199000	0.122302
1.200000	0.061146
1.201000	0.035671
1.202000	0.056053
1.203000	0.086631
1.204000	0.066249
1.205000	0.010196
1.206000	0.015289
1.207000	0.071342
1.208000	0.107013
1.209000	0.096817
1.210000	0.061146
1.211000	0.061146
1.212000	0.147777
1.213000	0.142684
1.214000	0.056053
1.215000	-0.020382
1.216000	0.020382
1.217000	0.142684
1.218000	0.091724
1.219000	-0.020382
1.220000	0.020382
1.221000	0.091724
1.222000	0.107013
1.223000	0.056053
1.224000	0.020382
1.225000	0.061146
1.226000	0.071342
1.227000	0.050960
1.228000	0.056053
1.229000	0.050960
1.230000	0.045867
1.231000	0.091724
1.232000	0.107013
1.233000	0.071342
1.234000	0.030578
1.235000	0.045867
1.236000	0.137591
1.237000	0.132488
1.238000	0.076435
1.239000	0.045867
1.240000	0.096817
1.241000	0.168158
1.242000	0.035671
1.243000	-0.020382
1.244000	0.071342
1.245000	0.091724
1.246000	0.091724
1.247000	0.005093
1.248000	0.020382
1.249000	0.005093
1.250000	-0.096817
1.251000	-0.015289
1.252000	2.012840
1.253000	3.546680
1.254000	0.433144
1.255000	-2.639630
1.256000	-1.340200
1.257000	2.109660
1.258000	2.323680
1.259000	-1.447210
1.260000	-3.067670
1.261000	-0.270078
1.262000	2.991230
1.263000	1.885450
1.264000	-2.145330
1.265000	-2.598850
1.266000	0.754182
1.267000	2.828170
1.268000	0.601303
1.269000	-2.502040
1.270000	-2.038330
1.271000	1.294330
1.272000	2.318590
1.273000	0.071342
1.274000	-2.079090
1.275000	-0.927434
1.276000	2.038330
1.277000	2.109660
1.278000	-0.810235
1.279000	-2.282920
1.280000	-0.713408
1.281000	2.486750
1.282000	1.977170
1.283000	-1.126170
1.284000	-1.859970
1.285000	0.560539
1.286000	2.405220
1.287000	0.754182
1.288000	-1.895640
1.289000	-1.859970
1.290000	0.514672
1.291000	1.849770
1.292000	0.239500
1.293000	-2.298210
1.294000	-1.217890
1.295000	1.493070
1.296000	1.217890
1.297000	-0.794946
1.298000	-1.987370
1.299000	-0.611499
1.300000	1.992460
1.301000	1.360580
1.302000	-1.166930
1.303000	-1.747850
1.304000	0.168158
1.305000	2.756830
1.306000	1.391160
1.307000	-1.528740
1.308000	-1.661230
1.309000	0.443330
1.310000	2.211580
1.311000	0.529961
1.312000	-1.528740
1.313000	-0.616592
1.314000	1.121080
1.315000	1.498170
1.316000	-0.417855
1.317000	-1.982260
1.318000	-0.504486
1.319000	1.289240
1.320000	0.825524
1.321000	-1.253570
1.322000	-1.778430
1.323000	0.514672
1.324000	1.946590
1.325000	0.290460
1.326000	-1.671420
1.327000	-1.136370
1.328000	1.248470
1.329000	1.880350
1.330000	-0.499393
1.331000	-2.058710
1.332000	-0.489197
1.333000	1.829390
1.334000	1.192420
1.335000	-0.917248
1.336000	-0.850999
1.337000	0.886670
1.338000	1.533840
1.339000	0.091724
1.340000	-1.564410
1.341000	-0.784750
1.342000	1.268850
1.343000	1.431920
1.344000	-0.377091
1.345000	-1.875260
1.346000	-0.759275
1.347000	1.467590
1.348000	1.309620
1.349000	-0.550343
1.350000	-1.625560
1.351000	-0.270078
1.352000	1.202610
1.353000	0.794946
1.354000	-0.580921
1.355000	-0.917248
1.356000	0.422948
1.357000	1.253570
1.358000	-0.096817
1.359000	-1.314720
1.360000	-0.616592
1.361000	0.922341
1.362000	1.080310
1.363000	-0.443330
1.364000	-1.228090
1.365000	-0.315935
1.366000	1.136370
1.367000	1.019160
1.368000	-0.621684
1.369000	-0.983487
1.370000	0.208933
1.371000	1.146550
1.372000	0.448433
1.373000	-1.105790
1.374000	-1.024260
1.375000	0.509579
1.376000	1.294330
1.377000	0.473908
1.378000	-0.738893
1.379000	-0.392380
1.380000	0.912145
1.381000	0.825524
1.382000	-0.616592
1.383000	-1.182220
1.384000	0.198737
1.385000	1.233180
1.386000	0.336327
1.387000	-1.166930
1.388000	-1.233180
1.389000	0.264986
1.390000	1.243380
1.391000	0.310842
1.392000	-0.998776
1.393000	-0.845906
1.394000	0.422948
1.395000	0.927434
1.396000	-0.050960
1.397000	-0.800039
1.398000	-0.224211
1.399000	0.876474
1.400000	0.861195
1.401000	-0.249697
1.402000	-0.764368
1.403000	-0.071342
1.404000	0.958012
1.405000	0.856092
1.406000	-0.458619
1.407000	-0.830617
1.408000	0.173262
1.409000	0.942723
1.410000	0.377091
1.411000	-0.784750
1.412000	-0.754182
1.413000	0.285367
1.414000	0.672644
1.415000	-0.025475
1.416000	-0.794946
1.417000	-0.575828
1.418000	0.412762
1.419000	0.856092
1.420000	0.132488
1.421000	-0.667552
1.422000	-0.499393
1.423000	0.453526
1.424000	0.575828
1.425000	-0.280264
1.426000	-0.682841
1.427000	-0.132488
1.428000	0.815328
1.429000	0.591117
1.430000	-0.494290
1.431000	-0.703222
1.432000	0.275171
1.433000	1.115980
1.434000	0.504486
1.435000	-0.652262
1.436000	-0.580921
1.437000	0.402566
1.438000	0.764368
1.439000	-0.035671
1.440000	-0.743986
1.441000	-0.285367
1.442000	0.550343
1.443000	0.489197
1.444000	-0.336327
1.445000	-0.718511
1.446000	0.000000
1.447000	0.713408
1.448000	0.382184
1.449000	-0.366895
1.450000	-0.499393
1.451000	0.112106
1.452000	0.601303
1.453000	0.122302
1.454000	-0.555446
1.455000	-0.448433
1.456000	0.244604
1.457000	0.586014
1.458000	0.030578
1.459000	-0.545250
1.460000	-0.188540
1.461000	0.555446
1.462000	0.535064
1.463000	-0.168158
1.464000	-0.580921
1.465000	-0.035671
1.466000	0.601303
1.467000	0.290460
1.468000	-0.448433
1.469000	-0.448433
1.470000	0.336327
1.471000	0.713408
1.472000	0.096817
1.473000	-0.509579
1.474000	-0.280264
1.475000	0.514672
1.476000	0.693026
1.477000	-0.086631
1.478000	-0.631881
1.479000	-0.142684
1.480000	0.550343
1.481000	0.377091
1.482000	-0.453526
1.483000	-0.631881
1.484000	0.122302
1.485000	0.519775
1.486000	0.045867
1.487000	-0.596210
1.488000	-0.494290
1.489000	0.300656
1.490000	0.550343
1.491000	-0.010196
1.492000	-0.504486
1.493000	-0.290460
1.494000	0.463722
1.495000	0.570735
1.496000	-0.112106
1.497000	-0.529961
1.498000	0.050960
1.499000	0.723604
1.500000	0.428051
1.501000	-0.285367
1.502000	-0.377091
1.503000	0.259882
1.504000	0.667552
1.505000	0.168158
1.506000	-0.489197
1.507000	-0.326131
1.508000	0.326131
1.509000	0.473908
1.510000	-0.117199
1.511000	-0.550343
1.512000	-0.142684
1.513000	0.402566
1.514000	0.305749
1.515000	-0.300656
1.516000	-0.545250
1.517000	-0.030578
1.518000	0.412762
1.519000	0.152869
1.520000	-0.300656
1.521000	-0.321038
1.522000	0.163066
1.523000	0.443330
1.524000	0.081538
1.525000	-0.275171
1.526000	-0.142684
1.527000	0.295553
1.528000	0.366895
1.529000	-0.061146
1.530000	-0.295553
1.531000	-0.066249
1.532000	0.366895
1.533000	0.371998
1.534000	-0.178355
1.535000	-0.331224
1.536000	0.107013
1.537000	0.438237
1.538000	0.168158
1.539000	-0.336327
1.540000	-0.377091
1.541000	0.096817
1.542000	0.351606
1.543000	0.066249
1.544000	-0.509579
1.545000	-0.800039
1.546000	-0.570735
1.547000	-0.224211
1.548000	-0.428051
1.549000	-0.866288
1.550000	-0.560539
1.551000	0.331224
1.552000	0.657355
1.553000	-0.178355
1.554000	-1.447210
1.555000	-0.810235
1.556000	0.927434
1.557000	1.121080
1.558000	-0.397473
1.559000	-1.375870
1.560000	-0.463722
1.561000	0.983487
1.562000	0.896866
1.563000	-0.361802
1.564000	-1.059930
1.565000	0.000000
1.566000	1.263760
1.567000	0.738893
1.568000	-0.723604
1.569000	-0.891763
1.570000	0.489197
1.571000	1.263760
1.572000	0.193644
1.573000	-1.075210
1.574000	-0.759275
1.575000	0.336327
1.576000	0.545250
1.577000	-0.305749
1.578000	-0.820421
1.579000	-0.229315
1.580000	0.545250
1.581000	0.183448
1.582000	-0.881577
1.583000	-0.958012
1.584000	0.005093
1.585000	0.443330
1.586000	-0.112106
1.587000	-0.636973
1.588000	-0.224211
1.589000	0.565632
1.590000	0.601303
1.591000	-0.076435
1.592000	-0.560539
1.593000	-0.127395
1.594000	0.509579
1.595000	0.300656
1.596000	-0.254789
1.597000	-0.254789
1.598000	0.331224
1.599000	0.652262
1.600000	0.234407
1.601000	-0.203829
1.602000	-0.030578
1.603000	0.407669
1.604000	0.514672
1.605000	0.066249
1.606000	-0.249697
1.607000	0.091724
1.608000	0.621684
1.609000	0.626788
1.610000	0.157973
1.611000	-0.173262
1.612000	-0.045867
1.613000	0.397473
1.614000	0.361802
1.615000	-0.275171
1.616000	-0.473908
1.617000	-0.066249
1.618000	0.529961
1.619000	0.667552
1.620000	0.290460
1.621000	0.387277
1.622000	0.871381
1.623000	0.937630
1.624000	0.458619
1.625000	-0.005093
1.626000	0.137591
1.627000	0.259882
1.628000	0.061146
1.629000	-0.096817
1.630000	-0.030578
1.631000	0.346513
1.632000	0.586014
1.633000	0.300656
1.634000	0.076435
1.635000	0.132488
1.636000	0.275171
1.637000	0.178355
1.638000	-0.050960
1.639000	0.020382
1.640000	0.157973
1.641000	0.117199
1.642000	0.020382
1.643000	-0.020382
1.644000	0.183448
1.645000	0.295553
1.646000	0.086631
1.647000	-0.137591
1.648000	-0.132488
1.649000	0.122302
1.650000	0.193644
1.651000	0.020382
1.652000	-0.086631
1.653000	0.050960
1.654000	0.229315
1.655000	0.132488
1.656000	-0.107013
1.657000	-0.270078
1.658000	-0.234407
1.659000	0.096817
1.660000	0.254789
1.661000	0.086631
1.662000	-0.086631
1.663000	-0.035671
1.664000	0.224211
1.665000	0.275171
1.666000	-0.056053
1.667000	-0.259882
1.668000	-0.020382
1.669000	0.285367
1.670000	0.168158
1.671000	-0.203829
1.672000	-0.214026
1.673000	0.178355
1.674000	0.356709
1.675000	-0.030578
1.676000	-0.336327
1.677000	-0.173262
1.678000	0.249697
1.679000	0.315935
1.680000	-0.010196
1.681000	-0.203829
1.682000	-0.030578
1.683000	0.305749
1.684000	0.214026
1.685000	-0.198737
1.686000	-0.234407
1.687000	0.096817
1.688000	0.321038
1.689000	0.066249
1.690000	-0.295553
1.691000	-0.214026
1.692000	0.076435
1.693000	0.361802
1.694000	0.142684
1.695000	-0.203829
1.696000	-0.076435
1.697000	0.254789
1.698000	0.326131
1.699000	-0.015289
1.700000	-0.315935
1.701000	-0.050960
1.702000	0.305749
1.703000	0.219118
1.704000	-0.101920
1.705000	-0.300656
1.706000	-0.030578
1.707000	0.254789
1.708000	0.086631
1.709000	-0.147777
1.710000	-0.107013
1.711000	0.152869
1.712000	0.214026
1.713000	-0.081538
1.714000	-0.163066
1.715000	-0.061146
1.716000	0.127395
1.717000	0.173262
1.718000	-0.045867
1.719000	-0.157973
1.720000	-0.040764
1.721000	0.117199
1.722000	0.122302
1.723000	0.030578
1.724000	-0.015289
1.725000	0.091724
1.726000	0.244604
1.727000	0.168158
1.728000	-0.010196
1.729000	-0.056053
1.730000	0.030578
1.731000	0.091724
1.732000	-0.020382
1.733000	-0.147777
1.734000	-0.132488
1.735000	0.030578
1.736000	0.071342
1.737000	0.015289
1.738000	-0.066249
1.739000	-0.035671
1.740000	0.081538
1.741000	0.061146
1.742000	-0.045867
1.743000	-0.091724
1.744000	0.010196
1.745000	0.152869
1.746000	0.086631
1.747000	-0.056053
1.748000	-0.061146
1.749000	0.076435
1.750000	0.214026
1.751000	0.147777
1.752000	-0.040764
1.753000	-0.086631
1.754000	0.061146
1.755000	0.168158
1.756000	0.030578
1.757000	-0.137591
1.758000	-0.015289
1.759000	0.168158
1.760000	0.086631
1.761000	-0.132488
1.762000	-0.219118
1.763000	0.030578
1.764000	0.239500
1.765000	0.096817
1.766000	-0.142684
1.767000	-0.137591
1.768000	0.152869
1.769000	0.270078
1.770000	0.030578
1.771000	-0.214026
1.772000	-0.117199
1.773000	0.173262
1.774000	0.147777
1.775000	-0.107013
1.776000	-0.198737
1.777000	0.005093
1.778000	0.249697
1.779000	0.198737
1.780000	-0.107013
1.781000	-0.173262
1.782000	0.050960
1.783000	0.244604
1.784000	0.147777
1.785000	-0.132488
1.786000	-0.163066
1.787000	0.107013
1.788000	0.280264
1.789000	0.127395
1.790000	-0.132488
1.791000	-0.107013
1.792000	0.163066
1.793000	0.254789
1.794000	0.000000
1.795000	-0.219118
1.796000	-0.050960
1.797000	0.234407
1.798000	0.229315
1.799000	-0.081538
1.800000	-0.198737
1.801000	0.015289
1.802000	0.163066
1.803000	0.030578
1.804000	-0.163066
1.805000	-0.239500
1.806000	0.000000
1.807000	0.208933
1.808000	0.112106
1.809000	-0.122302
1.810000	-0.173262
1.811000	0.132488
1.812000	0.305749
1.813000	0.066249
1.814000	-0.137591
1.815000	-0.056053
1.816000	0.178355
1.817000	0.188540
1.818000	0.005093
1.819000	-0.091724
1.820000	0.025475
1.821000	0.219118
1.822000	0.173262
1.823000	-0.117199
1.824000	-0.193644
1.825000	0.061146
1.826000	0.259882
1.827000	0.096817
1.828000	-0.203829
1.829000	-0.203829
1.830000	0.107013
1.831000	0.254789
1.832000	0.066249
1.833000	-0.183448
1.834000	-0.101920
1.835000	0.117199
1.836000	0.168158
1.837000	0.000000
1.838000	-0.173262
1.839000	-0.040764
1.840000	0.163066
1.841000	0.127395
1.842000	-0.050960
1.843000	-0.132488
1.844000	0.015289
1.845000	0.178355
1.846000	0.086631
1.847000	-0.035671
1.848000	-0.081538
1.849000	0.076435
1.850000	0.198737
1.851000	0.040764
1.852000	-0.086631
1.853000	-0.020382
1.854000	0.127395
1.855000	0.132488
1.856000	-0.035671
1.857000	-0.066249
1.858000	0.050960
1.859000	0.147777
1.860000	0.101920
1.861000	-0.045867
1.862000	-0.071342
1.863000	0.040764
1.864000	0.061146
1.865000	0.010196
1.866000	-0.066249
1.867000	-0.035671
1.868000	-0.005093
1.869000	0.000000
1.870000	0.030578
1.871000	0.005093
1.872000	-0.010196
1.873000	0.071342
1.874000	0.076435
1.875000	0.056053
1.876000	0.005093
1.877000	0.005093
1.878000	0.066249
1.879000	0.040764
1.880000	0.025475
1.881000	0.020382
1.882000	0.061146
1.883000	0.081538
1.884000	0.035671
1.885000	0.010196
1.886000	0.010196
1.887000	0.045867
1.888000	0.056053
1.889000	-0.015289
1.890000	-0.025475
1.891000	0.030578
1.892000	0.071342
1.893000	-0.005093
1.894000	-0.061146
1.895000	-0.030578
1.896000	0.061146
1.897000	0.061146
1.898000	-0.045867
1.899000	-0.086631
1.900000	-0.005093
1.901000	0.061146
1.902000	0.035671
1.903000	-0.071342
1.904000	-0.050960
1.905000	0.056053
1.906000	0.066249
1.907000	0.010196
1.908000	0.015289
1.909000	0.040764
1.910000	0.081538
1.911000	0.045867
1.912000	0.030578
1.913000	0.071342
1.914000	0.066249
1.915000	0.056053
1.916000	0.071342
1.917000	0.040764
1.918000	-0.010196
1.919000	-0.005093
1.920000	0.020382
1.921000	0.015289
1.922000	-0.010196
1.923000	0.010196
1.924000	0.030578
1.925000	0.015289
1.926000	-0.015289
1.927000	-0.035671
1.928000	-0.010196
1.929000	0.045867
1.930000	0.066249
1.931000	0.005093
1.932000	-0.081538
1.933000	-0.020382
1.934000	0.066249
1.935000	0.066249
1.936000	0.035671
1.937000	-0.030578
1.938000	-0.015289
1.939000	0.040764
1.940000	0.081538
1.941000	0.050960
1.942000	-0.030578
1.943000	0.000000
1.944000	0.086631
1.945000	0.081538
1.946000	0.030578
1.947000	-0.015289
1.948000	0.030578
1.949000	0.096817
1.950000	0.035671
1.951000	-0.020382
1.952000	0.020382
1.953000	0.101920
1.954000	0.091724
1.955000	-0.010196
1.956000	-0.050960
1.957000	0.025475
1.958000	0.066249
1.959000	0.005093
1.960000	-0.066249
1.961000	-0.030578
1.962000	0.061146
1.963000	0.030578
1.964000	-0.056053
1.965000	-0.061146
1.966000	0.056053
1.967000	0.127395
1.968000	0.030578
1.969000	-0.045867
1.970000	-0.030578
1.971000	0.071342
1.972000	0.132488
1.973000	0.045867
1.974000	-0.030578
1.975000	0.000000
1.976000	0.081538
1.977000	0.132488
1.978000	0.030578
1.979000	-0.035671
1.980000	0.035671
1.981000	0.091724
1.982000	0.086631
1.983000	-0.020382
1.984000	-0.076435
1.985000	-0.035671
1.986000	0.056053
1.987000	0.071342
1.988000	-0.040764
1.989000	-0.091724
1.990000	-0.005093
1.991000	0.086631
1.992000	0.066249
1.993000	-0.050960
1.994000	-0.066249
1.995000	0.081538
1.996000	0.117199
1.997000	0.040764
1.998000	-0.091724
1.999000	-0.040764
2.000000	0.112106
2.001000	0.137591
2.002000	0.005093
2.003000	-0.091724
2.004000	0.010196
2.005000	0.163066
2.006000	0.137591
2.007000	-0.035671
2.008000	-0.086631
2.009000	0.035671
2.010000	0.142684
2.011000	0.066249
2.012000	-0.071342
2.013000	-0.071342
2.014000	0.071342
2.015000	0.127395
2.016000	0.015289
2.017000	-0.071342
2.018000	-0.005093
2.019000	0.096817
2.020000	0.096817
2.021000	-0.035671
2.022000	-0.091724
2.023000	0.025475
2.024000	0.096817
2.025000	0.030578
2.026000	-0.066249
2.027000	-0.066249
2.028000	0.050960
2.029000	0.112106
2.030000	0.010196
2.031000	-0.091724
2.032000	-0.025475
2.033000	0.122302
2.034000	0.117199
2.035000	-0.015289
2.036000	-0.071342
2.037000	0.020382
2.038000	0.147777
2.039000	0.122302
2.040000	-0.035671
2.041000	-0.061146
2.042000	0.066249
2.043000	0.157973
2.044000	0.061146
2.045000	-0.091724
2.046000	-0.030578
2.047000	0.122302
2.048000	0.122302
2.049000	-0.030578
2.050000	-0.132488
2.051000	-0.010196
2.052000	0.152869
2.053000	0.086631
2.054000	-0.107013
2.055000	-0.117199
2.056000	0.056053
2.057000	0.147777
2.058000	0.035671
2.059000	-0.086631
2.060000	-0.071342
2.061000	0.086631
2.062000	0.152869
2.063000	0.000000
2.064000	-0.117199
2.065000	0.005093
2.066000	0.152869
2.067000	0.107013
2.068000	-0.050960
2.069000	-0.071342
2.070000	0.061146
2.071000	0.132488
2.072000	0.061146
2.073000	-0.061146
2.074000	-0.045867
2.075000	0.066249
2.076000	0.117199
2.077000	0.045867
2.078000	-0.071342
2.079000	-0.040764
2.080000	0.071342
2.081000	0.081538
2.082000	-0.010196
2.083000	-0.066249
2.084000	-0.010196
2.085000	0.066249
2.086000	0.035671
2.087000	-0.040764
2.088000	-0.045867
2.089000	0.035671
2.090000	0.107013
2.091000	0.066249
2.092000	-0.050960
2.093000	-0.050960
2.094000	0.056053
2.095000	0.122302
2.096000	0.040764
2.097000	-0.066249
2.098000	0.000000
2.099000	0.122302
2.100000	0.096817
2.101000	0.000000
2.102000	-0.050960
2.103000	-0.066249
2.104000	-0.107013
2.105000	-0.035671
2.106000	0.147777
2.107000	0.397473
2.108000	-0.188540
2.109000	-0.203829
2.110000	0.005093
2.111000	0.275171
2.112000	0.127395
2.113000	-0.280264
2.114000	-0.198737
2.115000	0.076435
2.116000	0.473908
2.117000	0.662459
2.118000	-0.453526
2.119000	-1.370770
2.120000	0.208933
2.121000	1.758050
2.122000	1.059930
2.123000	-1.589890
2.124000	-2.196290
2.125000	0.636973
2.126000	2.201390
2.127000	0.682841
2.128000	-1.080310
2.129000	-1.452300
2.130000	0.336327
2.131000	1.839590
2.132000	0.626788
2.133000	-1.890540
2.134000	-1.284140
2.135000	1.508350
2.136000	1.844680
2.137000	-0.657355
2.138000	-1.671420
2.139000	0.015289
2.140000	1.712190
2.141000	0.682841
2.142000	-1.289240
2.143000	-1.294330
2.144000	0.356709
2.145000	1.442120
2.146000	0.626788
2.147000	-1.324910
2.148000	-1.437010
2.149000	0.708315
2.150000	1.982260
2.151000	0.361802
2.152000	-1.722380
2.153000	-1.273950
2.154000	0.907052
2.155000	1.727470
2.156000	-0.035671
2.157000	-1.431920
2.158000	-0.560539
2.159000	1.126170
2.160000	1.049740
2.161000	-0.586014
2.162000	-1.330000
2.163000	0.224211
2.164000	1.763140
2.165000	0.621684
2.166000	-1.533840
2.167000	-1.493070
2.168000	0.687933
2.169000	2.094380
2.170000	0.484104
2.171000	-1.824300
2.172000	-1.386060
2.173000	0.952919
2.174000	1.645950
2.175000	-0.193644
2.176000	-1.549130
2.177000	-0.412762
2.178000	1.299430
2.179000	1.014060
2.180000	-0.774564
2.181000	-1.284140
2.182000	0.234407
2.183000	1.335100
2.184000	0.351606
2.185000	-1.238280
2.186000	-0.968198
2.187000	0.830617
2.188000	1.564410
2.189000	0.040764
2.190000	-1.431920
2.191000	-0.825524
2.192000	1.039540
2.193000	1.375870
2.194000	-0.290460
2.195000	-1.386060
2.196000	-0.351606
2.197000	1.059930
2.198000	0.769461
2.199000	-0.626788
2.200000	-0.932527
2.201000	0.285367
2.202000	1.110880
2.203000	0.270078
2.204000	-0.988590
2.205000	-0.779657
2.206000	0.621684
2.207000	1.151660
2.208000	0.071342
2.209000	-1.105790
2.210000	-0.657355
2.211000	0.820421
2.212000	1.095590
2.213000	-0.229315
2.214000	-1.156750
2.215000	-0.336327
2.216000	0.958012
2.217000	0.703222
2.218000	-0.555446
2.219000	-0.830617
2.220000	0.234407
2.221000	1.065020
2.222000	0.346513
2.223000	-0.779657
2.224000	-0.693026
2.225000	0.428051
2.226000	0.983487
2.227000	0.076435
2.228000	-0.901959
2.229000	-0.479001
2.230000	0.631881
2.231000	0.825524
2.232000	-0.193644
2.233000	-0.850999
2.234000	-0.147777
2.235000	0.830617
2.236000	0.575828
2.237000	-0.468815
2.238000	-0.769461
2.239000	0.122302
2.240000	0.830617
2.241000	0.361802
2.242000	-0.586014
2.243000	-0.626788
2.244000	0.295553
2.245000	0.774564
2.246000	0.030578
2.247000	-0.743986
2.248000	-0.387277
2.249000	0.606395
2.250000	0.754182
2.251000	-0.188540
2.252000	-0.749079
2.253000	-0.096817
2.254000	0.764368
2.255000	0.545250
2.256000	-0.468815
2.257000	-0.764368
2.258000	0.081538
2.259000	0.815328
2.260000	0.326131
2.261000	-0.626788
2.262000	-0.575828
2.263000	0.392380
2.264000	0.805132
2.265000	0.040764
2.266000	-0.743986
2.267000	-0.331224
2.268000	0.647170
2.269000	0.647170
2.270000	-0.336327
2.271000	-0.810235
2.272000	-0.050960
2.273000	0.820421
2.274000	0.453526
2.275000	-0.545250
2.276000	-0.682841
2.277000	0.254789
2.278000	0.825524
2.279000	0.183448
2.280000	-0.657355
2.281000	-0.402566
2.282000	0.514672
2.283000	0.693026
2.284000	-0.157973
2.285000	-0.749079
2.286000	-0.168158
2.287000	0.677737
2.288000	0.499393
2.289000	-0.428051
2.290000	-0.693026
2.291000	0.101920
2.292000	0.759275
2.293000	0.310842
2.294000	-0.545250
2.295000	-0.519775
2.296000	0.346513
2.297000	0.713408
2.298000	0.035671
2.299000	-0.642066
2.300000	-0.295553
2.301000	0.540157
2.302000	0.575828
2.303000	-0.244604
2.304000	-0.693026
2.305000	-0.081538
2.306000	0.662459
2.307000	0.443330
2.308000	-0.402566
2.309000	-0.575828
2.310000	0.188540
2.311000	0.723604
2.312000	0.198737
2.313000	-0.570735
2.314000	-0.397473
2.315000	0.402566
2.316000	0.611499
2.317000	-0.107013
2.318000	-0.662459
2.319000	-0.183448
2.320000	0.586014
2.321000	0.494290
2.322000	-0.290460
2.323000	-0.555446
2.324000	0.076435
2.325000	0.647170
2.326000	0.264986
2.327000	-0.479001
2.328000	-0.438237
2.329000	0.305749
2.330000	0.606395
2.331000	0.010196
2.332000	-0.555446
2.333000	-0.239500
2.334000	0.453526
2.335000	0.463722
2.336000	-0.214026
2.337000	-0.535064
2.338000	0.000000
2.339000	0.560539
2.340000	0.300656
2.341000	-0.356709
2.342000	-0.407669
2.343000	0.214026
2.344000	0.535064
2.345000	0.076435
2.346000	-0.443330
2.347000	-0.249697
2.348000	0.315935
2.349000	0.407669
2.350000	-0.112106
2.351000	-0.422948
2.352000	-0.040764
2.353000	0.433144
2.354000	0.310842
2.355000	-0.214026
2.356000	-0.351606
2.357000	0.096817
2.358000	0.428051
2.359000	0.132488
2.360000	-0.315935
2.361000	-0.270078
2.362000	0.203829
2.363000	0.361802
2.364000	-0.020382
2.365000	-0.336327
2.366000	-0.112106
2.367000	0.315935
2.368000	0.305749
2.369000	-0.112106
2.370000	-0.290460
2.371000	0.025475
2.372000	0.346513
2.373000	0.198737
2.374000	-0.208933
2.375000	-0.254789
2.376000	0.091724
2.377000	0.290460
2.378000	0.061146
2.379000	-0.239500
2.380000	-0.132488
2.381000	0.214026
2.382000	0.290460
2.383000	-0.010196
2.384000	-0.214026
2.385000	-0.040764
2.386000	0.249697
2.387000	0.208933
2.388000	-0.101920
2.389000	-0.234407
2.390000	-0.010196
2.391000	0.234407
2.392000	0.127395
2.393000	-0.127395
2.394000	-0.132488
2.395000	0.107013
2.396000	0.244604
2.397000	0.061146
2.398000	-0.163066
2.399000	-0.086631
2.400000	0.142684
2.401000	0.193644
2.402000	0.000000
2.403000	-0.168158
2.404000	-0.061146
2.405000	0.157973
2.406000	0.183448
2.407000	-0.035671
2.408000	-0.163066
2.409000	-0.005093
2.410000	0.208933
2.411000	0.142684
2.412000	-0.076435
2.413000	-0.132488
2.414000	0.071342
2.415000	0.219118
2.416000	0.076435
2.417000	-0.127395
2.418000	-0.122302
2.419000	0.091724
2.420000	0.193644
2.421000	0.030578
2.422000	-0.142684
2.423000	-0.061146
2.424000	0.142684
2.425000	0.193644
2.426000	-0.010196
2.427000	-0.163066
2.428000	-0.030578
2.429000	0.178355
2.430000	0.142684
2.431000	-0.086631
2.432000	-0.157973
2.433000	0.045867
2.434000	0.208933
2.435000	0.081538
2.436000	-0.147777
2.437000	-0.132488
2.438000	0.101920
2.439000	0.188540
2.440000	0.010196
2.441000	-0.168158
2.442000	-0.066249
2.443000	0.168158
2.444000	0.178355
2.445000	-0.030578
2.446000	-0.142684
2.447000	-0.010196
2.448000	0.188540
2.449000	0.137591
2.450000	-0.112106
2.451000	-0.178355
2.452000	0.056053
2.453000	0.224211
2.454000	0.086631
2.455000	-0.152869
2.456000	-0.107013
2.457000	0.157973
2.458000	0.239500
2.459000	0.010196
2.460000	-0.183448
2.461000	-0.050960
2.462000	0.178355
2.463000	0.157973
2.464000	-0.081538
2.465000	-0.188540
2.466000	0.015289
2.467000	0.219118
2.468000	0.112106
2.469000	-0.137591
2.470000	-0.137591
2.471000	0.107013
2.472000	0.249697
2.473000	0.045867
2.474000	-0.168158
2.475000	-0.076435
2.476000	0.188540
2.477000	0.203829
2.478000	-0.040764
2.479000	-0.183448
2.480000	0.015289
2.481000	0.234407
2.482000	0.132488
2.483000	-0.127395
2.484000	-0.147777
2.485000	0.101920
2.486000	0.229315
2.487000	0.056053
2.488000	-0.147777
2.489000	-0.086631
2.490000	0.142684
2.491000	0.178355
2.492000	-0.040764
2.493000	-0.163066
2.494000	-0.020382
2.495000	0.178355
2.496000	0.137591
2.497000	-0.086631
2.498000	-0.137591
2.499000	0.076435
2.500000	0.219118
2.501000	0.081538
2.502000	-0.132488
2.503000	-0.081538
2.504000	0.122302
2.505000	0.173262
2.506000	-0.015289
2.507000	-0.137591
2.508000	-0.030578
2.509000	0.152869
2.510000	0.122302
2.511000	-0.045867
2.512000	-0.107013
2.513000	0.040764
2.514000	0.168158
2.515000	0.081538
2.516000	-0.081538
2.517000	-0.076435
2.518000	0.081538
2.519000	0.152869
2.520000	0.020382
2.521000	-0.112106
2.522000	-0.035671
2.523000	0.112106
2.524000	0.122302
2.525000	-0.030578
2.526000	-0.107013
2.527000	0.015289
2.528000	0.132488
2.529000	0.061146
2.530000	-0.071342
2.531000	-0.066249
2.532000	0.061146
2.533000	0.117199
2.534000	0.015289
2.535000	-0.086631
2.536000	-0.040764
2.537000	0.081538
2.538000	0.091724
2.539000	-0.020382
2.540000	-0.076435
2.541000	0.005093
2.542000	0.112106
2.543000	0.086631
2.544000	-0.035671
2.545000	-0.050960
2.546000	0.050960
2.547000	0.112106
2.548000	0.040764
2.549000	-0.071342
2.550000	-0.045867
2.551000	0.061146
2.552000	0.091724
2.553000	0.015289
2.554000	-0.050960
2.555000	-0.005093
2.556000	0.076435
2.557000	0.056053
2.558000	-0.020382
2.559000	-0.035671
2.560000	0.025475
2.561000	0.086631
2.562000	0.045867
2.563000	-0.010196
2.564000	-0.010196
2.565000	0.045867
2.566000	0.086631
2.567000	0.040764
2.568000	-0.020382
2.569000	-0.005093
2.570000	0.056053
2.571000	0.071342
2.572000	0.020382
2.573000	-0.015289
2.574000	0.030578
2.575000	0.071342
2.576000	0.056053
2.577000	0.010196
2.578000	-0.015289
2.579000	0.030578
2.580000	0.066249
2.581000	0.035671
2.582000	-0.005093
2.583000	-0.005093
2.584000	0.035671
2.585000	0.071342
2.586000	0.040764
2.587000	-0.010196
2.588000	-0.010196
2.589000	0.056053
2.590000	0.086631
2.591000	0.035671
2.592000	-0.015289
2.593000	0.010196
2.594000	0.056053
2.595000	0.061146
2.596000	0.005093
2.597000	-0.020382
2.598000	0.015289
2.599000	0.061146
2.600000	0.045867
2.601000	-0.010196
2.602000	-0.015289
2.603000	0.045867
2.604000	0.081538
2.605000	0.045867
2.606000	0.000000
2.607000	-0.015289
2.608000	0.040764
2.609000	0.061146
2.610000	0.040764
2.611000	-0.020382
2.612000	-0.015289
2.613000	0.040764
2.614000	0.061146
2.615000	0.010196
2.616000	-0.010196
2.617000	0.015289
2.618000	0.071342
2.619000	0.050960
2.620000	-0.010196
2.621000	-0.020382
2.622000	0.015289
2.623000	0.061146
2.624000	0.025475
2.625000	-0.025475
2.626000	-0.020382
2.627000	0.030578
2.628000	0.056053
2.629000	0.025475
2.630000	-0.020382
2.631000	0.000000
2.632000	0.045867
2.633000	0.056053
2.634000	0.000000
2.635000	-0.025475
2.636000	0.020382
2.637000	0.061146
2.638000	0.045867
2.639000	-0.005093
2.640000	-0.015289
2.641000	0.025475
2.642000	0.050960
2.643000	0.025475
2.644000	-0.015289
2.645000	0.000000
2.646000	0.045867
2.647000	0.050960
2.648000	0.010196
2.649000	-0.015289
2.650000	0.010196
2.651000	0.045867
2.652000	0.030578
2.653000	-0.005093
2.654000	-0.010196
2.655000	0.025475
2.656000	0.050960
2.657000	0.020382
2.658000	-0.005093
2.659000	0.005093
2.660000	0.040764
2.661000	0.040764
2.662000	0.015289
2.663000	0.000000
2.664000	0.020382
2.665000	0.045867
2.666000	0.035671
2.667000	0.005093
2.668000	0.015289
2.669000	0.030578
2.670000	0.045867
2.671000	0.030578
2.672000	0.000000
2.673000	0.015289
2.674000	0.030578
2.675000	0.030578
2.676000	0.005093
2.677000	0.010196
2.678000	0.020382
2.679000	0.040764
2.680000	0.035671
2.681000	0.020382
2.682000	0.020382
2.683000	0.035671
2.684000	0.040764
2.685000	0.020382
2.686000	0.015289
2.687000	0.025475
2.688000	0.035671
2.689000	0.030578
2.690000	0.020382
2.691000	0.015289
2.692000	0.025475
2.693000	0.035671
2.694000	0.035671
2.695000	0.015289
2.696000	0.010196
2.697000	0.025475
2.698000	0.035671
2.699000	0.025475
2.700000	0.025475
2.701000	0.020382
2.702000	0.035671
2.703000	0.035671
2.704000	0.025475
2.705000	0.020382
2.706000	0.020382
2.707000	0.025475
2.708000	0.020382
2.709000	0.030578
2.710000	0.035671
2.711000	0.025475
2.712000	0.025475
2.713000	0.030578
2.714000	0.035671
2.715000	0.020382
2.716000	0.015289
2.717000	0.010196
2.718000	0.025475
2.719000	0.030578
2.720000	0.020382
2.721000	0.005093
2.722000	0.015289
2.723000	0.030578
2.724000	0.035671
2.725000	0.020382
2.726000	0.010196
2.727000	0.020382
2.728000	0.035671
2.729000	0.030578
2.730000	0.005093
2.731000	0.010196
2.732000	0.030578
2.733000	0.045867
2.734000	0.020382
2.735000	0.005093
2.736000	0.020382
2.737000	0.045867
2.738000	0.045867
2.739000	0.010196
2.740000	-0.010196
2.741000	0.025475
2.742000	0.056053
2.743000	0.030578
2.744000	0.000000
2.745000	0.005093
2.746000	0.035671
2.747000	0.056053
2.748000	0.020382
2.749000	-0.005093
2.750000	0.010196
2.751000	0.050960
2.752000	0.045867
2.753000	0.005093
2.754000	-0.015289
2.755000	0.025475
2.756000	0.061146
2.757000	0.035671
2.758000	-0.005093
2.759000	0.000000
2.760000	0.040764
2.761000	0.056053
2.762000	0.015289
2.763000	-0.010196
2.764000	0.010196
2.765000	0.050960
2.766000	0.030578
2.767000	0.000000
2.768000	-0.010196
2.769000	0.015289
2.770000	0.050960
2.771000	0.030578
2.772000	-0.005093
2.773000	0.010196
2.774000	0.035671
2.775000	0.045867
2.776000	0.025475
2.777000	0.000000
2.778000	0.025475
2.779000	0.045867
2.780000	0.040764
2.781000	0.005093
2.782000	-0.010196
2.783000	0.020382
2.784000	0.045867
2.785000	0.020382
2.786000	-0.005093
2.787000	0.015289
2.788000	0.045867
2.789000	0.045867
2.790000	0.015289
2.791000	0.005093
2.792000	0.020382
2.793000	0.040764
2.794000	0.025475
2.795000	0.005093
2.796000	0.005093
2.797000	0.025475
2.798000	0.035671
2.799000	0.025475
2.800000	0.010196
2.801000	0.005093
2.802000	0.035671
2.803000	0.035671
2.804000	0.020382
2.805000	0.005093
2.806000	0.020382
2.807000	0.045867
2.808000	0.025475
2.809000	0.010196
2.810000	0.010196
2.811000	0.035671
2.812000	0.040764
2.813000	0.020382
2.814000	0.015289
2.815000	0.020382
2.816000	0.035671
2.817000	0.030578
2.818000	0.010196
2.819000	0.020382
2.820000	0.035671
2.821000	0.040764
2.822000	0.025475
2.823000	0.005093
2.824000	0.010196
2.825000	0.030578
2.826000	0.035671
2.827000	0.025475
2.828000	0.010196
2.829000	0.030578
2.830000	0.045867
2.831000	0.030578
2.832000	0.010196
2.833000	0.005093
2.834000	0.030578
2.835000	0.050960
2.836000	0.020382
2.837000	-0.005093
2.838000	0.015289
2.839000	0.050960
2.840000	0.035671
2.841000	0.010196
2.842000	0.010196
2.843000	0.035671
2.844000	0.045867
2.845000	0.020382
2.846000	0.000000
2.847000	0.015289
2.848000	0.040764
2.849000	0.035671
2.850000	0.020382
2.851000	0.005093
2.852000	0.020382
2.853000	0.050960
2.854000	0.040764
2.855000	0.005093
2.856000	0.010196
2.857000	0.030578
2.858000	0.045867
2.859000	0.025475
2.860000	-0.005093
2.861000	0.015289
2.862000	0.040764
2.863000	0.045867
2.864000	0.020382
2.865000	0.005093
2.866000	0.020382
2.867000	0.045867
2.868000	0.030578
2.869000	0.000000
2.870000	0.010196
2.871000	0.025475
2.872000	0.030578
2.873000	0.020382
2.874000	0.005093
2.875000	0.015289
2.876000	0.040764
2.877000	0.030578
2.878000	0.010196
2.879000	0.000000
2.880000	0.015289
2.881000	0.030578
2.882000	0.020382
2.883000	0.005093
2.884000	0.015289
2.885000	0.025475
2.886000	0.025475
2.887000	0.010196
2.888000	0.005093
2.889000	0.020382
2.890000	0.030578
2.891000	0.020382
2.892000	0.015289
2.893000	0.020382
2.894000	0.035671
2.895000	0.030578
2.896000	0.020382
2.897000	0.020382
2.898000	0.030578
2.899000	0.025475
2.900000	0.020382
2.901000	0.010196
2.902000	0.010196
2.903000	0.030578
2.904000	0.035671
2.905000	0.020382
2.906000	0.005093
2.907000	0.020382
2.908000	0.040764
2.909000	0.035671
2.910000	0.015289
2.911000	0.010196
2.912000	0.030578
2.913000	0.035671
2.914000	0.020382
2.915000	0.005093
2.916000	0.020382
2.917000	0.035671
2.918000	0.035671
2.919000	0.025475
2.920000	0.015289
2.921000	0.025475
2.922000	0.030578
2.923000	0.030578
2.924000	0.015289
2.925000	0.015289
2.926000	0.035671
2.927000	0.030578
2.928000	0.025475
2.929000	0.005093
2.930000	0.015289
2.931000	0.035671
2.932000	0.035671
2.933000	0.020382
2.934000	0.010196
2.935000	0.020382
2.936000	0.030578
2.937000	0.030578
2.938000	0.015289
2.939000	0.020382
2.940000	0.025475
2.941000	0.040764
2.942000	0.020382
2.943000	0.015289
2.944000	0.020382
2.945000	0.035671
2.946000	0.035671
2.947000	0.030578
2.948000	0.010196
2.949000	0.025475
2.950000	0.035671
2.951000	0.030578
2.952000	0.015289
2.953000	0.010196
2.954000	0.025475
2.955000	0.030578
2.956000	0.030578
2.957000	0.020382
2.958000	0.025475
2.959000	0.030578
2.960000	0.035671
2.961000	0.020382
2.962000	0.015289
2.963000	0.020382
2.964000	0.030578
2.965000	0.025475
2.966000	0.020382
2.967000	0.015289
2.968000	0.025475
2.969000	0.035671
2.970000	0.025475
2.971000	0.010196
2.972000	0.015289
2.973000	0.020382
2.974000	0.020382
2.975000	0.020382
2.976000	0.015289
2.977000	0.025475
2.978000	0.030578
2.979000	0.015289
2.980000	0.015289
2.981000	0.025475
2.982000	0.030578
2.983000	0.025475
2.984000	0.010196
2.985000	0.015289
2.986000	0.020382
2.987000	0.030578
2.988000	0.025475
2.989000	0.010196
2.990000	0.020382
2.991000	0.030578
2.992000	0.030578
2.993000	0.020382
2.994000	0.010196
2.995000	0.020382
2.996000	0.035671
2.997000	0.025475
2.998000	0.010196
2.999000	0.010196
3.000000	0.025475
3.001000	0.030578
3.002000	0.020382
3.003000	0.010196
3.004000	0.020382
3.005000	0.035671
3.006000	0.035671
3.007000	0.010196
3.008000	0.000000
3.009000	0.020382
3.010000	0.030578
3.011000	0.020382
3.012000	0.010196
3.013000	0.015289
3.014000	0.035671
3.015000	0.030578
3.016000	0.020382
3.017000	0.010196
3.018000	0.015289
3.019000	0.030578
3.020000	0.025475
3.021000	0.020382
3.022000	0.010196
3.023000	0.025475
3.024000	0.035671
3.025000	0.035671
3.026000	0.015289
3.027000	0.020382
3.028000	0.030578
3.029000	0.035671
3.030000	0.025475
3.031000	0.015289
3.032000	0.020382
3.033000	0.030578
3.034000	0.035671
3.035000	0.020382
3.036000	0.020382
3.037000	0.030578
3.038000	0.035671
3.039000	0.025475
3.040000	0.015289
3.041000	0.015289
3.042000	0.030578
3.043000	0.030578
3.044000	0.025475
3.045000	0.020382
3.046000	0.020382
3.047000	0.025475
3.048000	0.030578
3.049000	0.020382
3.050000	0.020382
3.051000	0.025475
3.052000	0.035671
3.053000	0.025475
3.054000	0.020382
3.055000	0.015289
3.056000	0.030578
3.057000	0.035671
3.058000	0.020382
3.059000	0.005093
3.060000	0.010196
3.061000	0.030578
3.062000	0.030578
3.063000	0.020382
3.064000	0.025475
3.065000	0.025475
3.066000	0.030578
3.067000	0.030578
3.068000	0.020382
3.069000	0.025475
3.070000	0.025475
3.071000	0.020382
3.072000	0.025475
3.073000	0.020382
3.074000	0.020382
3.075000	0.030578
3.076000	0.035671
3.077000	0.035671
3.078000	0.025475
3.079000	0.025475
3.080000	0.030578
3.081000	0.030578
3.082000	0.025475
3.083000	0.020382
3.084000	0.020382
3.085000	0.025475
3.086000	0.020382
3.087000	0.020382
3.088000	0.015289
3.089000	0.030578
3.090000	0.025475
3.091000	0.010196
3.092000	0.015289
3.093000	0.025475
3.094000	0.020382
3.095000	0.035671
3.096000	0.020382
3.097000	0.015289
3.098000	0.025475
3.099000	0.030578
3.100000	0.020382
3.101000	0.020382
3.102000	0.015289
3.103000	0.020382
3.104000	0.025475
3.105000	0.020382
3.106000	0.025475
3.107000	0.020382
3.108000	0.025475
3.109000	0.025475
3.110000	0.025475
3.111000	0.020382
3.112000	0.020382
3.113000	0.025475
3.114000	0.020382
3.115000	0.020382
3.116000	0.005093
3.117000	0.015289
3.118000	0.025475
3.119000	0.030578
3.120000	0.010196
3.121000	0.015289
3.122000	0.015289
3.123000	0.025475
3.124000	0.020382
3.125000	0.020382
3.126000	0.025475
3.127000	0.025475
3.128000	0.020382
3.129000	0.020382
3.130000	0.020382
3.131000	0.030578
3.132000	0.030578
3.133000	0.020382
3.134000	0.005093
3.135000	0.020382
3.136000	0.030578
3.137000	0.030578
3.138000	0.015289
3.139000	0.005093
3.140000	0.020382
3.141000	0.035671
3.142000	0.025475
3.143000	0.025475
3.144000	0.010196
3.145000	0.030578
3.146000	0.035671
3.147000	0.025475
3.148000	0.000000
3.149000	0.015289
3.150000	0.025475
3.151000	0.040764
3.152000	0.020382
3.153000	0.005093
3.154000	0.015289
3.155000	0.025475
3.156000	0.030578
3.157000	0.015289
3.158000	0.005093
3.159000	0.030578
3.160000	0.040764
3.161000	0.030578
3.162000	0.010196
3.163000	0.015289
3.164000	0.035671
3.165000	0.040764
3.166000	0.015289
3.167000	0.015289
3.168000	0.015289
3.169000	0.040764
3.170000	0.035671
3.171000	0.020382
3.172000	0.015289
3.173000	0.030578
3.174000	0.040764
3.175000	0.035671
3.176000	0.015289
3.177000	0.005093
3.178000	0.025475
3.179000	0.030578
3.180000	0.025475
3.181000	0.005093
3.182000	0.010196
3.183000	0.030578
3.184000	0.035671
3.185000	0.025475
3.186000	0.005093
3.187000	0.010196
3.188000	0.025475
3.189000	0.030578
3.190000	0.015289
3.191000	0.010196
3.192000	0.035671
3.193000	0.040764
3.194000	0.030578
3.195000	0.020382
3.196000	0.015289
3.197000	0.030578
3.198000	0.030578
3.199000	0.025475
3.200000	0.010196
3.201000	0.020382
3.202000	0.025475
3.203000	0.025475
3.204000	0.020382
3.205000	0.020382
3.206000	0.030578
3.207000	0.035671
3.208000	0.025475
3.209000	0.020382
3.210000	0.015289
3.211000	0.020382
3.212000	0.030578
3.213000	0.025475
3.214000	0.020382
3.215000	0.015289
3.216000	0.025475
3.217000	0.020382
3.218000	0.025475
3.219000	0.015289
3.220000	0.020382
3.221000	0.025475
3.222000	0.020382
3.223000	0.020382
3.224000	0.020382
3.225000	0.020382
3.226000	0.020382
3.227000	0.025475
3.228000	0.020382
3.229000	0.025475
3.230000	0.025475
3.231000	0.015289
3.232000	0.020382
3.233000	0.015289
3.234000	0.015289
3.235000	0.015289
3.236000	0.030578
3.237000	0.030578
3.238000	0.025475
3.239000	0.020382
3.240000	0.020382
3.241000	0.020382
3.242000	0.025475
3.243000	0.025475
3.244000	0.020382
3.245000	0.020382
3.246000	0.020382
3.247000	0.030578
3.248000	0.030578
3.249000	0.020382
3.250000	0.020382
3.251000	0.020382
3.252000	0.030578
3.253000	0.025475
3.254000	0.020382
3.255000	0.020382
3.256000	0.025475
3.257000	0.025475
3.258000	0.020382
3.259000	0.020382
3.260000	0.020382
3.261000	0.020382
3.262000	0.025475
3.263000	0.030578
3.264000	0.010196
3.265000	0.020382
3.266000	0.030578
3.267000	0.025475
3.268000	0.025475
3.269000	0.020382
3.270000	0.030578
3.271000	0.025475
3.272000	0.025475
3.273000	0.020382
3.274000	0.025475
3.275000	0.015289
3.276000	0.025475
3.277000	0.025475
3.278000	0.025475
3.279000	0.020382
3.280000	0.025475
3.281000	0.020382
3.282000	0.025475
3.283000	0.020382
3.284000	0.030578
3.285000	0.025475
3.286000	0.035671
3.287000	0.030578
3.288000	0.025475
3.289000	0.030578
3.290000	0.020382
3.291000	0.025475
3.292000	0.030578
3.293000	0.025475
3.294000	0.025475
3.295000	0.020382
3.296000	0.025475
3.297000	0.025475
3.298000	0.020382
3.299000	0.020382
3.300000	0.025475
3.301000	0.020382
3.302000	0.020382
3.303000	0.020382
3.304000	0.025475
3.305000	0.020382
3.306000	0.020382
3.307000	0.030578
3.308000	0.025475
3.309000	0.025475
3.310000	0.030578
3.311000	0.025475
3.312000	0.025475
3.313000	0.025475
3.314000	0.025475
3.315000	0.030578
3.316000	0.025475
3.317000	0.020382
3.318000	0.015289
3.319000	0.020382
3.320000	0.030578
3.321000	0.025475
3.322000	0.015289
3.323000	0.010196
3.324000	0.025475
3.325000	0.030578
3.326000	0.020382
3.327000	0.010196
3.328000	0.020382
3.329000	0.015289
3.330000	0.025475
3.331000	0.020382
3.332000	0.015289
3.333000	0.020382
3.334000	0.015289
3.335000	0.025475
3.336000	0.015289
3.337000	0.015289
3.338000	0.020382
3.339000	0.030578
3.340000	0.030578
3.341000	0.020382
3.342000	0.015289
3.343000	0.025475
3.344000	0.025475
3.345000	0.015289
3.346000	0.015289
3.347000	0.030578
3.348000	0.025475
3.349000	0.025475
3.350000	0.015289
3.351000	0.020382
3.352000	0.025475
3.353000	0.025475
3.354000	0.030578
3.355000	0.015289
3.356000	0.020382
3.357000	0.030578
3.358000	0.030578
3.359000	0.020382
3.360000	0.015289
3.361000	0.025475
3.362000	0.025475
3.363000	0.035671
3.364000	0.015289
3.365000	0.010196
3.366000	0.025475
3.367000	0.030578
3.368000	0.025475
3.369000	0.020382
3.370000	0.020382
3.371000	0.030578
3.372000	0.025475
3.373000	0.025475
3.374000	0.025475
3.375000	0.025475
3.376000	0.030578
3.377000	0.030578
3.378000	0.020382
3.379000	0.025475
3.380000	0.030578
3.381000	0.040764
3.382000	0.025475
3.383000	0.015289
3.384000	0.005093
3.385000	0.030578
3.386000	0.035671
3.387000	0.025475
3.388000	0.010196
3.389000	0.020382
3.390000	0.030578
3.391000	0.025475
3.392000	0.020382
3.393000	0.010196
3.394000	0.015289
3.395000	0.030578
3.396000	0.030578
3.397000	0.025475
3.398000	0.010196
3.399000	0.020382
3.400000	0.035671
3.401000	0.025475
3.402000	0.015289
3.403000	0.020382
3.404000	0.035671
3.405000	0.030578
3.406000	0.025475
3.407000	0.015289
3.408000	0.020382
3.409000	0.030578
3.410000	0.040764
3.411000	0.010196
3.412000	0.015289
3.413000	0.025475
3.414000	0.035671
3.415000	0.025475
3.416000	0.015289
3.417000	0.015289
3.418000	0.025475
3.419000	0.030578
3.420000	0.015289
3.421000	0.010196
3.422000	0.020382
3.423000	0.030578
3.424000	0.025475
3.425000	0.020382
3.426000	0.015289
3.427000	0.015289
3.428000	0.020382
3.429000	0.025475
3.430000	0.020382
3.431000	0.010196
3.432000	0.030578
3.433000	0.025475
3.434000	0.025475
3.435000	0.020382
3.436000	0.010196
3.437000	0.020382
3.438000	0.020382
3.439000	0.020382
3.440000	0.020382
3.441000	0.020382
3.442000	0.025475
3.443000	0.020382
3.444000	0.025475
3.445000	0.020382
3.446000	0.025475
3.447000	0.025475
3.448000	0.025475
3.449000	0.025475
3.450000	0.020382
3.451000	0.020382
3.452000	0.025475
3.453000	0.025475
3.454000	0.025475
3.455000	0.020382
3.456000	0.020382
3.457000	0.020382
3.458000	0.020382
3.459000	0.015289
3.460000	0.025475
3.461000	0.020382
3.462000	0.020382
3.463000	0.020382
3.464000	0.020382
3.465000	0.020382
3.466000	0.030578
3.467000	0.020382
3.468000	0.030578
3.469000	0.020382
3.470000	0.020382
3.471000	0.020382
3.472000	0.025475
3.473000	0.025475
3.474000	0.025475
3.475000	0.025475
3.476000	0.025475
3.477000	0.020382
3.478000	0.015289
3.479000	0.020382
3.480000	0.025475
3.481000	0.020382
3.482000	0.025475
3.483000	0.020382
3.484000	0.025475
3.485000	0.025475
3.486000	0.025475
3.487000	0.025475
3.488000	0.020382
3.489000	0.020382
3.490000	0.025475
3.491000	0.030578
3.492000	0.020382
3.493000	0.025475
3.494000	0.025475
3.495000	0.025475
3.496000	0.025475
3.497000	0.025475
3.498000	0.020382
3.499000	0.030578
