-0.500000	-0.036452
-0.499000	-0.125395
-0.498000	0.052491
-0.497000	-0.036452
-0.496000	0.052491
-0.495000	-0.036452
-0.494000	0.052491
-0.493000	0.052491
-0.492000	0.052491
-0.491000	0.141616
-0.490000	0.141616
-0.489000	-0.036452
-0.488000	-0.125395
-0.487000	-0.036452
-0.486000	0.052491
-0.485000	0.052491
-0.484000	-0.036452
-0.483000	-0.036452
-0.482000	-0.036452
-0.481000	-0.036452
-0.480000	0.052491
-0.479000	0.141616
-0.478000	-0.036452
-0.477000	0.052491
-0.476000	0.141616
-0.475000	0.052491
-0.474000	0.052491
-0.473000	-0.036452
-0.472000	-0.036452
-0.471000	-0.036452
-0.470000	-0.036452
-0.469000	-0.036452
-0.468000	-0.036452
-0.467000	-0.036452
-0.466000	0.052491
-0.465000	-0.036452
-0.464000	0.052491
-0.463000	0.052491
-0.462000	0.052491
-0.461000	0.052491
-0.460000	0.052491
-0.459000	0.052491
-0.458000	0.052491
-0.457000	0.052491
-0.456000	-0.036452
-0.455000	-0.036452
-0.454000	-0.036452
-0.453000	0.052491
-0.452000	0.052491
-0.451000	0.141616
-0.450000	0.052491
-0.449000	-0.125395
-0.448000	0.052491
-0.447000	0.052491
-0.446000	0.052491
-0.445000	0.141616
-0.444000	0.052491
-0.443000	0.052491
-0.442000	0.141616
-0.441000	0.141616
-0.440000	0.052491
-0.439000	0.052491
-0.438000	0.052491
-0.437000	-0.036452
-0.436000	-0.036452
-0.435000	0.052491
-0.434000	0.052491
-0.433000	-0.036452
-0.432000	0.052491
-0.431000	0.052491
-0.430000	0.141616
-0.429000	0.052491
-0.428000	0.141616
-0.427000	0.052491
-0.426000	-0.036452
-0.425000	0.230559
-0.424000	0.052491
-0.423000	0.052491
-0.422000	0.052491
-0.421000	0.052491
-0.420000	0.052491
-0.419000	0.052491
-0.418000	-0.036452
-0.417000	-0.036452
-0.416000	-0.036452
-0.415000	0.052491
-0.414000	0.052491
-0.413000	0.052491
-0.412000	0.052491
-0.411000	0.141616
-0.410000	0.052491
-0.409000	0.052491
-0.408000	0.141616
-0.407000	0.141616
-0.406000	-0.036452
-0.405000	0.052491
-0.404000	-0.036452
-0.403000	0.052491
-0.402000	0.141616
-0.401000	0.052491
-0.400000	0.052491
-0.399000	0.052491
-0.398000	-0.036452
-0.397000	0.052491
-0.396000	0.141616
-0.395000	0.052491
-0.394000	0.141616
-0.393000	-0.036452
-0.392000	0.141616
-0.391000	0.141616
-0.390000	0.141616
-0.389000	0.052491
-0.388000	0.052491
-0.387000	0.141616
-0.386000	-0.036452
-0.385000	0.052491
-0.384000	-0.036452
-0.383000	-0.036452
-0.382000	0.141616
-0.381000	0.141616
-0.380000	0.141616
-0.379000	0.052491
-0.378000	-0.036452
-0.377000	0.141616
-0.376000	0.052491
-0.375000	0.230559
-0.374000	0.052491
-0.373000	0.052491
-0.372000	0.052491
-0.371000	0.052491
-0.370000	0.141616
-0.369000	0.052491
-0.368000	0.141616
-0.367000	0.052491
-0.366000	-0.125395
-0.365000	0.052491
-0.364000	-0.036452
-0.363000	0.141616
-0.362000	0.052491
-0.361000	-0.036452
-0.360000	-0.036452
-0.359000	0.052491
-0.358000	0.141616
-0.357000	0.052491
-0.356000	0.052491
-0.355000	0.141616
-0.354000	0.141616
-0.353000	-0.125395
-0.352000	-0.036452
-0.351000	0.052491
-0.350000	-0.036452
-0.349000	-0.036452
-0.348000	-0.036452
-0.347000	-0.036452
-0.346000	0.141616
-0.345000	0.052491
-0.344000	-0.036452
-0.343000	-0.036452
-0.342000	-0.036452
-0.341000	0.141616
-0.340000	0.141616
-0.339000	0.052491
-0.338000	-0.036452
-0.337000	-0.036452
-0.336000	-0.036452
-0.335000	0.052491
-0.334000	-0.036452
-0.333000	-0.125395
-0.332000	0.052491
-0.331000	-0.036452
-0.330000	0.141616
-0.329000	0.052491
-0.328000	0.052491
-0.327000	0.052491
-0.326000	0.052491
-0.325000	0.052491
-0.324000	-0.036452
-0.323000	-0.036452
-0.322000	-0.036452
-0.321000	0.052491
-0.320000	0.052491
-0.319000	0.052491
-0.318000	-0.036452
-0.317000	-0.036452
-0.316000	-0.036452
-0.315000	0.052491
-0.314000	0.052491
-0.313000	0.052491
-0.312000	0.141616
-0.311000	0.052491
-0.310000	0.052491
-0.309000	0.052491
-0.308000	0.052491
-0.307000	0.052491
-0.306000	0.052491
-0.305000	-0.036452
-0.304000	-0.036452
-0.303000	-0.036452
-0.302000	-0.036452
-0.301000	0.052491
-0.300000	0.052491
-0.299000	-0.036452
-0.298000	-0.036452
-0.297000	0.141616
-0.296000	-0.036452
-0.295000	0.052491
-0.294000	0.052491
-0.293000	0.052491
-0.292000	-0.036452
-0.291000	0.052491
-0.290000	0.141616
-0.289000	0.052491
-0.288000	-0.036452
-0.287000	-0.036452
-0.286000	-0.036452
-0.285000	0.141616
-0.284000	-0.036452
-0.283000	0.052491
-0.282000	-0.125395
-0.281000	0.052491
-0.280000	0.052491
-0.279000	-0.036452
-0.278000	0.141616
-0.277000	0.141616
-0.276000	0.052491
-0.275000	0.052491
-0.274000	0.052491
-0.273000	-0.036452
-0.272000	0.052491
-0.271000	-0.036452
-0.270000	-0.036452
-0.269000	-0.036452
-0.268000	0.052491
-0.267000	-0.036452
-0.266000	0.052491
-0.265000	-0.036452
-0.264000	0.052491
-0.263000	0.141616
-0.262000	-0.036452
-0.261000	0.052491
-0.260000	0.141616
-0.259000	0.052491
-0.258000	0.052491
-0.257000	0.141616
-0.256000	-0.036452
-0.255000	0.052491
-0.254000	0.052491
-0.253000	0.052491
-0.252000	0.052491
-0.251000	-0.036452
-0.250000	-0.036452
-0.249000	-0.036452
-0.248000	0.052491
-0.247000	0.141616
-0.246000	0.141616
-0.245000	0.141616
-0.244000	0.052491
-0.243000	-0.036452
-0.242000	0.052491
-0.241000	0.141616
-0.240000	0.052491
-0.239000	0.141616
-0.238000	0.052491
-0.237000	0.141616
-0.236000	0.141616
-0.235000	0.141616
-0.234000	0.052491
-0.233000	0.052491
-0.232000	0.052491
-0.231000	-0.036452
-0.230000	0.141616
-0.229000	0.141616
-0.228000	0.052491
-0.227000	0.052491
-0.226000	0.230559
-0.225000	0.141616
-0.224000	0.052491
-0.223000	0.052491
-0.222000	0.052491
-0.221000	0.052491
-0.220000	-0.036452
-0.219000	0.141616
-0.218000	0.052491
-0.217000	0.052491
-0.216000	0.052491
-0.215000	0.052491
-0.214000	0.052491
-0.213000	0.230559
-0.212000	0.052491
-0.211000	-0.036452
-0.210000	0.052491
-0.209000	0.052491
-0.208000	0.052491
-0.207000	0.052491
-0.206000	0.141616
-0.205000	-0.036452
-0.204000	0.052491
-0.203000	0.052491
-0.202000	0.141616
-0.201000	0.052491
-0.200000	-0.036452
-0.199000	0.052491
-0.198000	-0.036452
-0.197000	0.141616
-0.196000	0.141616
-0.195000	0.141616
-0.194000	-0.036452
-0.193000	0.052491
-0.192000	0.052491
-0.191000	0.052491
-0.190000	0.052491
-0.189000	-0.036452
-0.188000	-0.036452
-0.187000	0.052491
-0.186000	0.052491
-0.185000	0.052491
-0.184000	0.052491
-0.183000	-0.036452
-0.182000	-0.036452
-0.181000	0.052491
-0.180000	0.141616
-0.179000	-0.036452
-0.178000	0.052491
-0.177000	0.141616
-0.176000	0.052491
-0.175000	0.052491
-0.174000	0.052491
-0.173000	-0.036452
-0.172000	-0.036452
-0.171000	-0.036452
-0.170000	-0.125395
-0.169000	0.052491
-0.168000	0.052491
-0.167000	0.052491
-0.166000	-0.036452
-0.165000	-0.036452
-0.164000	0.052491
-0.163000	0.052491
-0.162000	0.052491
-0.161000	0.141616
-0.160000	-0.036452
-0.159000	0.052491
-0.158000	0.052491
-0.157000	0.052491
-0.156000	-0.036452
-0.155000	-0.036452
-0.154000	-0.036452
-0.153000	0.052491
-0.152000	-0.036452
-0.151000	-0.036452
-0.150000	-0.036452
-0.149000	-0.036452
-0.148000	0.052491
-0.147000	0.052491
-0.146000	0.141616
-0.145000	0.052491
-0.144000	0.052491
-0.143000	0.052491
-0.142000	0.052491
-0.141000	0.141616
-0.140000	0.052491
-0.139000	-0.036452
-0.138000	-0.125395
-0.137000	-0.036452
-0.136000	-0.036452
-0.135000	0.052491
-0.134000	0.052491
-0.133000	-0.036452
-0.132000	0.052491
-0.131000	0.052491
-0.130000	0.052491
-0.129000	-0.036452
-0.128000	0.052491
-0.127000	0.052491
-0.126000	0.052491
-0.125000	0.052491
-0.124000	0.052491
-0.123000	-0.036452
-0.122000	0.052491
-0.121000	-0.036452
-0.120000	-0.036452
-0.119000	0.052491
-0.118000	0.052491
-0.117000	0.052491
-0.116000	-0.036452
-0.115000	0.052491
-0.114000	-0.036452
-0.113000	0.141616
-0.112000	0.052491
-0.111000	0.052491
-0.110000	0.052491
-0.109000	0.052491
-0.108000	0.052491
-0.107000	0.141616
-0.106000	0.141616
-0.105000	-0.036452
-0.104000	-0.125395
-0.103000	-0.036452
-0.102000	0.052491
-0.101000	0.141616
-0.100000	-0.036452
-0.099000	-0.036452
-0.098000	0.141616
-0.097000	0.052491
-0.096000	0.052491
-0.095000	0.052491
-0.094000	0.141616
-0.093000	0.052491
-0.092000	0.052491
-0.091000	0.052491
-0.090000	0.052491
-0.089000	0.052491
-0.088000	-0.036452
-0.087000	-0.036452
-0.086000	-0.036452
-0.085000	0.052491
-0.084000	-0.036452
-0.083000	-0.036452
-0.082000	-0.036452
-0.081000	0.141616
-0.080000	0.141616
-0.079000	0.052491
-0.078000	0.141616
-0.077000	0.141616
-0.076000	-0.036452
-0.075000	0.052491
-0.074000	0.141616
-0.073000	0.052491
-0.072000	0.052491
-0.071000	-0.036452
-0.070000	0.052491
-0.069000	-0.036452
-0.068000	-0.036452
-0.067000	0.052491
-0.066000	0.052491
-0.065000	0.052491
-0.064000	0.141616
-0.063000	0.052491
-0.062000	0.141616
-0.061000	0.230559
-0.060000	0.052491
-0.059000	0.052491
-0.058000	0.141616
-0.057000	0.141616
-0.056000	-0.036452
-0.055000	0.052491
-0.054000	0.052491
-0.053000	0.141616
-0.052000	0.052491
-0.051000	0.052491
-0.050000	-0.036452
-0.049000	0.052491
-0.048000	0.141616
-0.047000	0.052491
-0.046000	0.141616
-0.045000	0.052491
-0.044000	0.052491
-0.043000	0.141616
-0.042000	0.052491
-0.041000	0.141616
-0.040000	0.141616
-0.039000	-0.036452
-0.038000	0.052491
-0.037000	0.052491
-0.036000	0.052491
-0.035000	0.052491
-0.034000	0.052491
-0.033000	-0.125395
-0.032000	-0.214520
-0.031000	0.052491
-0.030000	0.052491
-0.029000	0.052491
-0.028000	0.052491
-0.027000	0.141616
-0.026000	0.052491
-0.025000	0.141616
-0.024000	0.230559
-0.023000	0.230559
-0.022000	0.052491
-0.021000	-0.125395
-0.020000	-0.303463
-0.019000	-0.392406
-0.018000	-0.303463
-0.017000	-0.392406
-0.016000	-0.303463
-0.015000	-0.392406
-0.014000	-0.303463
-0.013000	-0.659417
-0.012000	-0.659417
-0.011000	-0.570474
-0.010000	-0.570474
-0.009000	-0.659417
-0.008000	-0.392406
-0.007000	-0.748360
-0.006000	-0.748360
-0.005000	-0.570474
-0.004000	-0.570474
-0.003000	-0.570474
-0.002000	-0.214520
-0.001000	-0.125395
0.000000	-0.570474
0.001000	-0.392406
0.002000	-0.214520
0.003000	-0.036452
0.004000	0.052491
0.005000	0.141616
0.006000	0.052491
0.007000	0.408445
0.008000	1.209480
0.009000	1.209480
0.010000	1.209480
0.011000	1.476490
0.012000	1.565430
0.013000	2.277340
0.014000	2.989430
0.015000	2.811360
0.016000	3.790280
0.017000	3.523270
0.018000	3.523270
0.019000	5.659170
0.020000	6.282140
0.021000	5.392160
0.022000	2.010330
0.023000	7.617010
0.024000	5.926180
0.025000	6.371080
0.026000	8.151030
0.027000	4.947270
0.028000	5.036210
0.029000	5.303220
0.030000	4.858140
0.031000	6.193190
0.032000	8.151030
0.033000	6.282140
0.034000	4.235360
0.035000	3.968350
0.036000	3.612390
0.037000	5.125150
0.038000	6.371080
0.039000	3.879220
0.040000	2.811360
0.041000	4.858140
0.042000	6.104070
0.043000	6.816160
0.044000	6.282140
0.045000	4.324300
0.046000	4.146230
0.047000	4.413240
0.048000	6.460210
0.049000	6.994050
0.050000	4.858140
0.051000	4.591310
0.052000	4.769200
0.053000	3.879220
0.054000	3.612390
0.055000	4.146230
0.056000	4.057290
0.057000	3.612390
0.058000	2.989430
0.059000	1.298420
0.060000	1.565430
0.061000	4.057290
0.062000	3.523270
0.063000	2.544350
0.064000	1.921380
0.065000	2.722420
0.066000	3.345380
0.067000	6.460210
0.068000	6.371080
0.069000	4.235360
0.070000	4.769200
0.071000	4.057290
0.072000	6.727030
0.073000	3.790280
0.074000	5.036210
0.075000	5.392160
0.076000	7.617010
0.077000	9.308020
0.078000	4.680250
0.079000	5.036210
0.080000	8.151030
0.081000	13.134700
0.082000	7.083170
0.083000	3.167310
0.084000	12.867700
0.085000	4.680250
0.086000	4.858140
0.087000	5.570230
0.088000	1.832440
0.089000	9.041010
0.090000	-3.240220
0.091000	7.617010
0.092000	6.905100
0.093000	-4.486150
0.094000	1.031410
0.095000	7.705950
0.096000	3.968350
0.097000	-0.303463
0.098000	2.544350
0.099000	5.125150
0.100000	2.188400
0.101000	3.523270
0.102000	3.434330
0.103000	-1.371320
0.104000	1.565430
0.105000	7.083170
0.106000	2.989430
0.107000	0.764581
0.108000	4.413240
0.109000	5.837240
0.110000	7.172110
0.111000	6.015130
0.112000	2.900300
0.113000	4.324300
0.114000	6.193190
0.115000	6.460210
0.116000	5.125150
0.117000	5.837240
0.118000	6.460210
0.119000	6.994050
0.120000	7.261060
0.121000	2.811360
0.122000	2.099450
0.123000	6.015130
0.124000	6.460210
0.125000	6.104070
0.126000	3.078370
0.127000	3.256260
0.128000	5.303220
0.129000	5.659170
0.130000	4.324300
0.131000	3.701340
0.132000	4.324300
0.133000	5.481100
0.134000	5.036210
0.135000	4.591310
0.136000	6.015130
0.137000	5.659170
0.138000	5.748120
0.139000	5.481100
0.140000	5.481100
0.141000	4.858140
0.142000	4.769200
0.143000	6.460210
0.144000	6.549150
0.145000	5.392160
0.146000	4.413240
0.147000	3.968350
0.148000	4.413240
0.149000	5.303220
0.150000	4.680250
0.151000	3.612390
0.152000	3.523270
0.153000	3.078370
0.154000	2.900300
0.155000	3.256260
0.156000	2.811360
0.157000	2.633290
0.158000	2.900300
0.159000	2.455410
0.160000	1.921380
0.161000	1.565430
0.162000	2.010330
0.163000	2.010330
0.164000	1.565430
0.165000	0.764581
0.166000	0.319502
0.167000	1.120530
0.168000	2.277340
0.169000	1.565430
0.170000	0.853524
0.171000	0.497570
0.172000	0.408445
0.173000	1.832440
0.174000	2.366460
0.175000	1.387550
0.176000	0.408445
0.177000	0.942466
0.178000	1.832440
0.179000	1.921380
0.180000	3.612390
0.181000	1.387550
0.182000	-0.659417
0.183000	2.544350
0.184000	4.680250
0.185000	1.743500
0.186000	0.586513
0.187000	2.099450
0.188000	3.167310
0.189000	2.811360
0.190000	0.230559
0.191000	2.989430
0.192000	2.188400
0.193000	2.277340
0.194000	-2.083230
0.195000	-9.380920
0.196000	0.319502
0.197000	8.774000
0.198000	2.099450
0.199000	-8.668830
0.200000	-9.914760
0.201000	2.722420
0.202000	-2.439370
0.203000	-13.474500
0.204000	2.544350
0.205000	17.673401
0.206000	16.071501
0.207000	-0.837485
0.208000	-10.359800
0.209000	-0.570474
0.210000	23.458000
0.211000	27.907700
0.212000	8.862940
0.213000	2.544350
0.214000	5.392160
0.215000	-2.884260
0.216000	8.328920
0.217000	12.600700
0.218000	11.799700
0.219000	10.820800
0.220000	0.052491
0.221000	-3.151280
0.222000	4.502190
0.223000	12.778800
0.224000	14.202600
0.225000	0.141616
0.226000	-8.312880
0.227000	-5.732080
0.228000	4.591310
0.229000	11.265900
0.230000	12.778800
0.231000	9.752910
0.232000	3.879220
0.233000	4.235360
0.234000	8.418040
0.235000	12.422700
0.236000	13.579600
0.237000	9.308020
0.238000	1.921380
0.239000	-3.240220
0.240000	0.497570
0.241000	4.680250
0.242000	1.832440
0.243000	-0.214520
0.244000	-0.748360
0.245000	2.277340
0.246000	3.078370
0.247000	2.277340
0.248000	3.167310
0.249000	1.832440
0.250000	0.230559
0.251000	1.387550
0.252000	-0.392406
0.253000	0.586513
0.254000	2.989430
0.255000	0.230559
0.256000	-4.753160
0.257000	-5.376120
0.258000	-3.151280
0.259000	2.188400
0.260000	2.099450
0.261000	-3.774240
0.262000	-6.889060
0.263000	-5.999090
0.264000	-4.219140
0.265000	-2.083230
0.266000	-1.905350
0.267000	-3.062330
0.268000	-4.041250
0.269000	-7.066950
0.270000	-10.181800
0.271000	-2.884260
0.272000	2.900300
0.273000	-1.638340
0.274000	-6.443980
0.275000	-0.214520
0.276000	-4.130190
0.277000	-1.994290
0.278000	-3.507230
0.279000	-11.605800
0.280000	-3.151280
0.281000	6.727030
0.282000	-5.732080
0.283000	-6.622050
0.284000	3.790280
0.285000	2.277340
0.286000	0.052491
0.287000	5.926180
0.288000	2.366460
0.289000	-7.333960
0.290000	-12.139600
0.291000	-6.266100
0.292000	1.120530
0.293000	5.481100
0.294000	5.837240
0.295000	-3.151280
0.296000	-4.130190
0.297000	5.659170
0.298000	3.701340
0.299000	0.586513
0.300000	6.193190
0.301000	-3.062330
0.302000	-10.359800
0.303000	0.853524
0.304000	2.366460
0.305000	-4.575090
0.306000	0.764581
0.307000	-0.748360
0.308000	-4.753160
0.309000	5.036210
0.310000	8.685050
0.311000	6.994050
0.312000	14.914500
0.313000	-2.172360
0.314000	-28.069700
0.315000	-21.039000
0.316000	0.586513
0.317000	7.884020
0.318000	13.668600
0.319000	10.108900
0.320000	-1.104310
0.321000	1.120530
0.322000	-2.617250
0.323000	-10.359800
0.324000	-9.558810
0.325000	1.921380
0.326000	15.270500
0.327000	18.207399
0.328000	7.705950
0.329000	-0.481349
0.330000	-8.935840
0.331000	-26.200800
0.332000	-11.071700
0.333000	15.003600
0.334000	20.788200
0.335000	16.694500
0.336000	10.108900
0.337000	-1.282380
0.338000	5.125150
0.339000	7.350000
0.340000	2.455410
0.341000	1.476490
0.342000	1.565430
0.343000	-7.066950
0.344000	2.633290
0.345000	9.041010
0.346000	4.591310
0.347000	3.523270
0.348000	3.523270
0.349000	2.900300
0.350000	6.460210
0.351000	6.638090
0.352000	2.900300
0.353000	2.811360
0.354000	5.214280
0.355000	4.057290
0.356000	2.277340
0.357000	0.586513
0.358000	-1.994290
0.359000	-5.465070
0.360000	-3.774240
0.361000	-0.303463
0.362000	-2.261300
0.363000	-1.905350
0.364000	5.481100
0.365000	8.862940
0.366000	2.900300
0.367000	-4.664220
0.368000	-9.024790
0.369000	-7.066950
0.370000	0.497570
0.371000	6.727030
0.372000	1.654370
0.373000	-6.355040
0.374000	-10.181800
0.375000	-13.830600
0.376000	-9.113910
0.377000	-2.795320
0.378000	-3.062330
0.379000	-1.994290
0.380000	-2.528310
0.381000	-3.329160
0.382000	-0.570474
0.383000	-1.816400
0.384000	-5.732080
0.385000	-6.622050
0.386000	-5.198060
0.387000	-0.036452
0.388000	0.230559
0.389000	-5.732080
0.390000	-7.956920
0.391000	-5.643130
0.392000	-5.732080
0.393000	-1.015370
0.394000	0.052491
0.395000	-5.732080
0.396000	-6.088030
0.397000	-0.837485
0.398000	2.455410
0.399000	2.633290
0.400000	2.010330
0.401000	-0.036452
0.402000	-2.350240
0.403000	-1.460450
0.404000	-3.151280
0.405000	-2.350240
0.406000	-1.638340
0.407000	-1.638340
0.408000	-1.282380
0.409000	-0.392406
0.410000	-1.638340
0.411000	-2.172360
0.412000	-0.214520
0.413000	1.120530
0.414000	1.743500
0.415000	1.120530
0.416000	3.078370
0.417000	1.743500
0.418000	-0.125395
0.419000	0.586513
0.420000	1.832440
0.421000	1.743500
0.422000	-3.062330
0.423000	-3.507230
0.424000	0.319502
0.425000	1.120530
0.426000	-0.214520
0.427000	-0.837485
0.428000	-2.439370
0.429000	1.743500
0.430000	4.502190
0.431000	3.523270
0.432000	1.654370
0.433000	1.120530
0.434000	1.120530
0.435000	1.298420
0.436000	-1.193440
0.437000	-3.418290
0.438000	-0.036452
0.439000	-0.481349
0.440000	-1.727280
0.441000	-1.905350
0.442000	-2.884260
0.443000	-1.638340
0.444000	1.743500
0.445000	2.010330
0.446000	1.743500
0.447000	1.387550
0.448000	0.942466
0.449000	1.387550
0.450000	1.921380
0.451000	-1.104310
0.452000	-2.795320
0.453000	-2.795320
0.454000	-3.774240
0.455000	-1.905350
0.456000	-2.172360
0.457000	-2.261300
0.458000	1.832440
0.459000	1.476490
0.460000	-0.214520
0.461000	3.612390
0.462000	3.612390
0.463000	2.900300
0.464000	3.434330
0.465000	-0.926428
0.466000	-2.795320
0.467000	-0.926428
0.468000	-1.994290
0.469000	-3.952130
0.470000	-3.240220
0.471000	-0.570474
0.472000	0.942466
0.473000	0.764581
0.474000	-0.036452
0.475000	-0.303463
0.476000	2.455410
0.477000	3.078370
0.478000	2.277340
0.479000	0.230559
0.480000	0.319502
0.481000	-2.528310
0.482000	-1.727280
0.483000	-1.816400
0.484000	-5.376120
0.485000	-3.418290
0.486000	-0.392406
0.487000	-3.774240
0.488000	0.141616
0.489000	1.921380
0.490000	-0.125395
0.491000	-0.214520
0.492000	0.586513
0.493000	0.942466
0.494000	1.209480
0.495000	1.565430
0.496000	-3.062330
0.497000	-4.486150
0.498000	-2.973210
0.499000	-1.460450
0.500000	-4.931040
0.501000	-5.821020
0.502000	-3.863180
0.503000	-1.638340
0.504000	0.141616
0.505000	0.052491
0.506000	0.764581
0.507000	1.209480
0.508000	-0.125395
0.509000	-1.549390
0.510000	-1.015370
0.511000	-4.041250
0.512000	-6.799940
0.513000	-3.329160
0.514000	-5.554010
0.515000	-4.753160
0.516000	-0.748360
0.517000	-3.062330
0.518000	-1.015370
0.519000	1.120530
0.520000	0.942466
0.521000	0.675456
0.522000	1.031410
0.523000	-1.104310
0.524000	-0.125395
0.525000	0.586513
0.526000	-0.748360
0.527000	-0.837485
0.528000	0.319502
0.529000	-0.659417
0.530000	0.408445
0.531000	1.476490
0.532000	0.853524
0.533000	3.345380
0.534000	3.879220
0.535000	4.324300
0.536000	3.612390
0.537000	4.324300
0.538000	2.455410
0.539000	2.722420
0.540000	2.989430
0.541000	2.099450
0.542000	2.544350
0.543000	2.188400
0.544000	0.853524
0.545000	1.476490
0.546000	2.900300
0.547000	1.031410
0.548000	2.010330
0.549000	2.544350
0.550000	0.319502
0.551000	1.476490
0.552000	0.408445
0.553000	-0.926428
0.554000	0.853524
0.555000	-0.036452
0.556000	-3.329160
0.557000	-2.439370
0.558000	-3.062330
0.559000	-2.261300
0.560000	-2.439370
0.561000	-4.397200
0.562000	-4.130190
0.563000	-2.617250
0.564000	-1.905350
0.565000	-1.905350
0.566000	-0.659417
0.567000	-2.350240
0.568000	-3.596170
0.569000	-2.083230
0.570000	-1.994290
0.571000	-3.062330
0.572000	-4.575090
0.573000	-3.418290
0.574000	-3.418290
0.575000	-2.617250
0.576000	-2.795320
0.577000	-2.617250
0.578000	0.497570
0.579000	2.544350
0.580000	1.031410
0.581000	0.141616
0.582000	-0.214520
0.583000	-0.837485
0.584000	1.654370
0.585000	1.476490
0.586000	-0.214520
0.587000	-0.303463
0.588000	2.544350
0.589000	2.188400
0.590000	2.722420
0.591000	3.879220
0.592000	2.366460
0.593000	3.968350
0.594000	5.926180
0.595000	4.947270
0.596000	4.591310
0.597000	3.256260
0.598000	0.052491
0.599000	2.366460
0.600000	3.879220
0.601000	3.256260
0.602000	2.366460
0.603000	2.455410
0.604000	2.722420
0.605000	1.031410
0.606000	2.544350
0.607000	1.209480
0.608000	0.764581
0.609000	1.387550
0.610000	0.586513
0.611000	-1.282380
0.612000	-1.104310
0.613000	-0.748360
0.614000	-2.528310
0.615000	-1.905350
0.616000	-1.727280
0.617000	-2.884260
0.618000	-2.973210
0.619000	-2.172360
0.620000	-0.926428
0.621000	-2.884260
0.622000	-3.062330
0.623000	-1.816400
0.624000	-2.795320
0.625000	-2.973210
0.626000	-0.481349
0.627000	-1.638340
0.628000	-3.596170
0.629000	-1.282380
0.630000	-0.659417
0.631000	-1.460450
0.632000	0.052491
0.633000	-0.392406
0.634000	-0.392406
0.635000	0.764581
0.636000	2.099450
0.637000	1.921380
0.638000	2.277340
0.639000	2.989430
0.640000	2.989430
0.641000	2.722420
0.642000	2.544350
0.643000	2.277340
0.644000	2.544350
0.645000	3.968350
0.646000	2.989430
0.647000	2.277340
0.648000	3.167310
0.649000	4.502190
0.650000	6.104070
0.651000	4.947270
0.652000	3.701340
0.653000	3.523270
0.654000	2.455410
0.655000	4.324300
0.656000	4.235360
0.657000	1.476490
0.658000	1.565430
0.659000	2.811360
0.660000	2.010330
0.661000	2.989430
0.662000	2.989430
0.663000	0.141616
0.664000	0.141616
0.665000	1.743500
0.666000	1.298420
0.667000	0.230559
0.668000	0.586513
0.669000	-0.392406
0.670000	-1.015370
0.671000	-0.303463
0.672000	-0.392406
0.673000	-1.638340
0.674000	-1.549390
0.675000	-1.638340
0.676000	-1.193440
0.677000	-0.303463
0.678000	-0.837485
0.679000	-1.193440
0.680000	-1.638340
0.681000	-1.460450
0.682000	-0.837485
0.683000	-0.392406
0.684000	-0.481349
0.685000	0.052491
0.686000	0.942466
0.687000	-0.570474
0.688000	-1.193440
0.689000	-0.481349
0.690000	-0.036452
0.691000	1.120530
0.692000	2.366460
0.693000	1.476490
0.694000	1.387550
0.695000	2.277340
0.696000	3.167310
0.697000	3.790280
0.698000	3.523270
0.699000	2.633290
0.700000	2.722420
0.701000	3.256260
0.702000	3.256260
0.703000	2.811360
0.704000	2.900300
0.705000	3.345380
0.706000	3.701340
0.707000	3.968350
0.708000	4.324300
0.709000	3.879220
0.710000	2.900300
0.711000	2.277340
0.712000	2.811360
0.713000	2.722420
0.714000	1.209480
0.715000	0.942466
0.716000	0.853524
0.717000	0.408445
0.718000	-0.481349
0.719000	-0.570474
0.720000	-0.570474
0.721000	-0.570474
0.722000	-0.570474
0.723000	-1.193440
0.724000	-1.816400
0.725000	-1.282380
0.726000	-2.083230
0.727000	-3.062330
0.728000	-2.795320
0.729000	-2.617250
0.730000	-2.884260
0.731000	-3.151280
0.732000	-3.329160
0.733000	-3.062330
0.734000	-2.973210
0.735000	-3.062330
0.736000	-2.617250
0.737000	-1.905350
0.738000	-1.549390
0.739000	-1.727280
0.740000	-1.549390
0.741000	-1.015370
0.742000	-0.659417
0.743000	-0.481349
0.744000	-0.481349
0.745000	0.141616
0.746000	0.853524
0.747000	1.387550
0.748000	1.387550
0.749000	2.010330
0.750000	2.811360
0.751000	3.167310
0.752000	3.701340
0.753000	3.523270
0.754000	3.523270
0.755000	3.701340
0.756000	4.324300
0.757000	4.858140
0.758000	4.947270
0.759000	4.769200
0.760000	5.036210
0.761000	5.570230
0.762000	5.036210
0.763000	4.680250
0.764000	4.324300
0.765000	3.879220
0.766000	3.523270
0.767000	3.612390
0.768000	3.790280
0.769000	3.701340
0.770000	3.167310
0.771000	2.633290
0.772000	2.277340
0.773000	2.277340
0.774000	2.099450
0.775000	1.743500
0.776000	1.298420
0.777000	0.230559
0.778000	-0.303463
0.779000	-0.481349
0.780000	-0.392406
0.781000	-0.303463
0.782000	-1.015370
0.783000	-1.905350
0.784000	-2.083230
0.785000	-1.727280
0.786000	-1.282380
0.787000	-1.282380
0.788000	-1.638340
0.789000	-1.994290
0.790000	-1.816400
0.791000	-2.439370
0.792000	-3.151280
0.793000	-2.261300
0.794000	-1.905350
0.795000	-1.282380
0.796000	-1.282380
0.797000	-1.193440
0.798000	-0.659417
0.799000	0.052491
0.800000	0.586513
0.801000	0.408445
0.802000	0.675456
0.803000	0.853524
0.804000	1.298420
0.805000	2.099450
0.806000	2.544350
0.807000	1.921380
0.808000	2.099450
0.809000	3.167310
0.810000	3.790280
0.811000	3.345380
0.812000	3.345380
0.813000	4.057290
0.814000	4.591310
0.815000	6.371080
0.816000	5.837240
0.817000	3.612390
0.818000	3.523270
0.819000	4.146230
0.820000	4.680250
0.821000	4.591310
0.822000	4.680250
0.823000	4.591310
0.824000	3.879220
0.825000	2.811360
0.826000	2.811360
0.827000	2.544350
0.828000	3.078370
0.829000	2.633290
0.830000	1.832440
0.831000	1.743500
0.832000	2.099450
0.833000	1.387550
0.834000	-0.036452
0.835000	-1.015370
0.836000	-0.303463
0.837000	0.141616
0.838000	-1.460450
0.839000	-1.371320
0.840000	-0.392406
0.841000	-1.460450
0.842000	-1.015370
0.843000	-0.748360
0.844000	-2.261300
0.845000	-2.617250
0.846000	-0.748360
0.847000	-1.104310
0.848000	-0.481349
0.849000	-1.460450
0.850000	-3.151280
0.851000	-0.303463
0.852000	0.319502
0.853000	-2.083230
0.854000	-1.282380
0.855000	0.319502
0.856000	0.853524
0.857000	1.654370
0.858000	0.853524
0.859000	0.052491
0.860000	1.743500
0.861000	3.701340
0.862000	1.921380
0.863000	2.900300
0.864000	3.879220
0.865000	2.544350
0.866000	2.989430
0.867000	4.057290
0.868000	2.989430
0.869000	3.523270
0.870000	4.858140
0.871000	4.235360
0.872000	4.057290
0.873000	5.214280
0.874000	3.879220
0.875000	4.235360
0.876000	4.591310
0.877000	5.481100
0.878000	4.680250
0.879000	3.790280
0.880000	2.010330
0.881000	2.900300
0.882000	3.523270
0.883000	2.277340
0.884000	1.120530
0.885000	1.031410
0.886000	1.565430
0.887000	2.366460
0.888000	1.120530
0.889000	0.408445
0.890000	1.743500
0.891000	0.408445
0.892000	-0.659417
0.893000	0.052491
0.894000	-1.460450
0.895000	-2.261300
0.896000	-1.727280
0.897000	-1.371320
0.898000	-2.884260
0.899000	-3.151280
0.900000	-1.371320
0.901000	-1.104310
0.902000	-1.994290
0.903000	-0.659417
0.904000	-1.371320
0.905000	-1.727280
0.906000	0.497570
0.907000	-0.036452
0.908000	-0.303463
0.909000	-0.036452
0.910000	-1.727280
0.911000	-2.528310
0.912000	1.209480
0.913000	1.921380
0.914000	-1.282380
0.915000	0.141616
0.916000	1.387550
0.917000	3.345380
0.918000	2.989430
0.919000	2.544350
0.920000	2.455410
0.921000	2.455410
0.922000	3.345380
0.923000	4.413240
0.924000	2.900300
0.925000	3.256260
0.926000	4.947270
0.927000	4.057290
0.928000	2.544350
0.929000	3.345380
0.930000	5.659170
0.931000	5.214280
0.932000	2.811360
0.933000	2.989430
0.934000	3.879220
0.935000	5.392160
0.936000	4.858140
0.937000	2.900300
0.938000	2.722420
0.939000	4.413240
0.940000	3.434330
0.941000	1.120530
0.942000	1.743500
0.943000	1.476490
0.944000	2.366460
0.945000	1.031410
0.946000	0.853524
0.947000	0.497570
0.948000	1.387550
0.949000	2.900300
0.950000	0.230559
0.951000	-0.926428
0.952000	1.387550
0.953000	0.764581
0.954000	-0.481349
0.955000	-0.748360
0.956000	-2.528310
0.957000	-1.371320
0.958000	0.942466
0.959000	0.230559
0.960000	-0.481349
0.961000	-0.214520
0.962000	-0.125395
0.963000	0.141616
0.964000	0.764581
0.965000	-0.392406
0.966000	0.319502
0.967000	1.565430
0.968000	1.209480
0.969000	1.209480
0.970000	1.921380
0.971000	1.654370
0.972000	1.476490
0.973000	2.900300
0.974000	2.722420
0.975000	1.565430
0.976000	4.057290
0.977000	4.769200
0.978000	4.769200
0.979000	4.146230
0.980000	3.968350
0.981000	2.366460
0.982000	2.455410
0.983000	5.303220
0.984000	9.308020
0.985000	7.172110
0.986000	3.345380
0.987000	1.832440
0.988000	6.549150
0.989000	9.129950
0.990000	9.930980
0.991000	4.858140
0.992000	0.764581
0.993000	1.565430
0.994000	2.900300
0.995000	4.858140
0.996000	5.837240
0.997000	5.392160
0.998000	6.282140
0.999000	3.701340
1.000000	-1.104310
1.001000	0.675456
1.002000	4.680250
1.003000	2.722420
1.004000	1.476490
1.005000	0.230559
1.006000	-1.816400
1.007000	0.853524
1.008000	4.413240
1.009000	1.209480
1.010000	-4.041250
1.011000	-3.685300
1.012000	-1.460450
1.013000	-0.036452
1.014000	1.031410
1.015000	0.408445
1.016000	-3.062330
1.017000	-3.062330
1.018000	-0.748360
1.019000	0.230559
1.020000	0.675456
1.021000	-1.460450
1.022000	-6.176970
1.023000	-3.507230
1.024000	3.612390
1.025000	5.748120
1.026000	5.125150
1.027000	2.455410
1.028000	-0.570474
1.029000	-1.460450
1.030000	0.853524
1.031000	2.188400
1.032000	3.523270
1.033000	3.078370
1.034000	1.298420
1.035000	-0.481349
1.036000	3.879220
1.037000	8.151030
1.038000	8.239970
1.039000	5.748120
1.040000	5.125150
1.041000	5.125150
1.042000	5.481100
1.043000	6.460210
1.044000	5.036210
1.045000	6.015130
1.046000	5.570230
1.047000	2.455410
1.048000	1.921380
1.049000	5.125150
1.050000	7.439120
1.051000	5.926180
1.052000	3.167310
1.053000	1.209480
1.054000	0.319502
1.055000	2.277340
1.056000	2.722420
1.057000	1.565430
1.058000	1.743500
1.059000	-0.481349
1.060000	-1.549390
1.061000	0.319502
1.062000	-0.214520
1.063000	-2.261300
1.064000	-3.685300
1.065000	-4.575090
1.066000	-4.486150
1.067000	-3.685300
1.068000	-3.685300
1.069000	-4.842100
1.070000	-3.685300
1.071000	-2.884260
1.072000	-4.664220
1.073000	-2.172360
1.074000	0.052491
1.075000	0.141616
1.076000	-0.125395
1.077000	-0.214520
1.078000	-1.193440
1.079000	0.052491
1.080000	0.497570
1.081000	0.853524
1.082000	0.675456
1.083000	-0.481349
1.084000	-1.193440
1.085000	-0.570474
1.086000	1.476490
1.087000	2.722420
1.088000	1.565430
1.089000	-0.481349
1.090000	1.832440
1.091000	4.146230
1.092000	5.303220
1.093000	4.858140
1.094000	3.256260
1.095000	2.900300
1.096000	4.858140
1.097000	5.748120
1.098000	4.947270
1.099000	4.502190
1.100000	3.523270
1.101000	2.099450
1.102000	2.010330
1.103000	3.256260
1.104000	4.057290
1.105000	3.523270
1.106000	1.921380
1.107000	0.675456
1.108000	1.120530
1.109000	2.455410
1.110000	3.078370
1.111000	1.654370
1.112000	-0.303463
1.113000	-0.837485
1.114000	-0.392406
1.115000	0.052491
1.116000	0.497570
1.117000	-0.214520
1.118000	-1.193440
1.119000	-2.083230
1.120000	-2.439370
1.121000	-1.994290
1.122000	-0.837485
1.123000	-1.015370
1.124000	-2.172360
1.125000	-2.706200
1.126000	-2.083230
1.127000	-0.748360
1.128000	-0.125395
1.129000	-1.104310
1.130000	-1.727280
1.131000	-0.926428
1.132000	0.052491
1.133000	0.408445
1.134000	0.853524
1.135000	0.853524
1.136000	0.942466
1.137000	1.209480
1.138000	1.832440
1.139000	2.989430
1.140000	3.701340
1.141000	2.989430
1.142000	2.188400
1.143000	2.188400
1.144000	4.591310
1.145000	5.392160
1.146000	4.591310
1.147000	3.879220
1.148000	3.434330
1.149000	3.701340
1.150000	4.680250
1.151000	5.303220
1.152000	5.125150
1.153000	4.680250
1.154000	4.591310
1.155000	3.968350
1.156000	3.968350
1.157000	4.858140
1.158000	5.570230
1.159000	4.858140
1.160000	3.078370
1.161000	2.366460
1.162000	3.167310
1.163000	3.790280
1.164000	3.790280
1.165000	2.633290
1.166000	1.298420
1.167000	1.476490
1.168000	2.010330
1.169000	1.743500
1.170000	1.476490
1.171000	0.675456
1.172000	0.230559
1.173000	-0.303463
1.174000	-0.659417
1.175000	-0.036452
1.176000	0.141616
1.177000	-0.036452
1.178000	-0.748360
1.179000	-1.015370
1.180000	-0.303463
1.181000	0.497570
1.182000	0.408445
1.183000	-0.303463
1.184000	-0.570474
1.185000	-0.214520
1.186000	0.764581
1.187000	1.209480
1.188000	0.853524
1.189000	0.764581
1.190000	2.900300
1.191000	3.701340
1.192000	4.591310
1.193000	4.057290
1.194000	3.879220
1.195000	4.324300
1.196000	3.790280
1.197000	3.434330
1.198000	3.345380
1.199000	3.879220
1.200000	4.502190
1.201000	2.811360
1.202000	1.298420
1.203000	1.921380
1.204000	3.078370
1.205000	4.146230
1.206000	4.324300
1.207000	3.256260
1.208000	3.879220
1.209000	4.146230
1.210000	4.324300
1.211000	5.303220
1.212000	8.239970
1.213000	7.617010
1.214000	4.235360
1.215000	3.167310
1.216000	5.036210
1.217000	5.036210
1.218000	4.057290
1.219000	3.523270
1.220000	2.633290
1.221000	1.743500
1.222000	3.256260
1.223000	2.544350
1.224000	-0.214520
1.225000	-0.125395
1.226000	1.031410
1.227000	-3.596170
1.228000	-2.439370
1.229000	-2.083230
1.230000	-4.486150
1.231000	-2.795320
1.232000	-1.994290
1.233000	-3.240220
1.234000	-3.685300
1.235000	-4.575090
1.236000	-3.329160
1.237000	-3.062330
1.238000	-3.151280
1.239000	-3.240220
1.240000	-0.659417
1.241000	-0.481349
1.242000	-1.638340
1.243000	-0.748360
1.244000	-2.706200
1.245000	-3.151280
1.246000	0.586513
1.247000	3.523270
1.248000	-10.181800
1.249000	-5.020170
1.250000	12.155800
1.251000	3.523270
1.252000	-11.783700
1.253000	18.474400
1.254000	22.924101
1.255000	-23.174900
1.256000	-15.610400
1.257000	36.540199
1.258000	0.764581
1.259000	-18.636299
1.260000	0.497570
1.261000	4.057290
1.262000	4.858140
1.263000	18.919300
1.264000	-6.443980
1.265000	-29.226500
1.266000	1.832440
1.267000	12.867700
1.268000	5.036210
1.269000	14.647500
1.270000	-13.296600
1.271000	-3.774240
1.272000	12.422700
1.273000	-2.528310
1.274000	7.795080
1.275000	12.511800
1.276000	5.837240
1.277000	-31.718300
1.278000	-21.306000
1.279000	29.687599
1.280000	-0.214520
1.281000	10.464800
1.282000	12.778800
1.283000	-24.064899
1.284000	-15.788500
1.285000	0.497570
1.286000	-11.694700
1.287000	21.589100
1.288000	19.364201
1.289000	-27.268600
1.290000	-3.863180
1.291000	20.788200
1.292000	-14.453600
1.293000	-16.856300
1.294000	7.795080
1.295000	-3.062330
1.296000	-9.291800
1.297000	-19.971100
1.298000	-10.715800
1.299000	15.181500
1.300000	16.160400
1.301000	1.387550
1.302000	0.408445
1.303000	-20.238199
1.304000	-16.856300
1.305000	15.448500
1.306000	23.013100
1.307000	2.455410
1.308000	-14.097400
1.309000	-16.411400
1.310000	0.942466
1.311000	24.525999
1.312000	15.448500
1.313000	-9.647750
1.314000	-1.727280
1.315000	1.654370
1.316000	2.366460
1.317000	6.994050
1.318000	-5.376120
1.319000	-17.568199
1.320000	-9.558810
1.321000	2.455410
1.322000	0.052491
1.323000	-8.134990
1.324000	11.087800
1.325000	17.228500
1.326000	-0.303463
1.327000	-9.024790
1.328000	-2.528310
1.329000	10.731800
1.330000	15.893400
1.331000	8.328920
1.332000	-17.301399
1.333000	-22.819000
1.334000	-6.711000
1.335000	2.366460
1.336000	13.757700
1.337000	2.633290
1.338000	-3.062330
1.339000	2.277340
1.340000	8.239970
1.341000	0.230559
1.342000	6.371080
1.343000	3.434330
1.344000	-9.380920
1.345000	-7.422900
1.346000	-2.617250
1.347000	-3.685300
1.348000	10.998800
1.349000	12.155800
1.350000	-15.432500
1.351000	-17.301399
1.352000	2.099450
1.353000	11.977800
1.354000	15.359600
1.355000	3.078370
1.356000	-7.512030
1.357000	0.675456
1.358000	3.256260
1.359000	3.167310
1.360000	4.057290
1.361000	-4.753160
1.362000	-11.516600
1.363000	-6.443980
1.364000	-0.036452
1.365000	4.413240
1.366000	5.570230
1.367000	6.015130
1.368000	10.820800
1.369000	5.570230
1.370000	-2.706200
1.371000	-1.460450
1.372000	1.743500
1.373000	10.197800
1.374000	4.324300
1.375000	-5.198060
1.376000	-10.092800
1.377000	-5.554010
1.378000	-1.193440
1.379000	9.752910
1.380000	7.705950
1.381000	-1.816400
1.382000	4.146230
1.383000	-0.570474
1.384000	-3.952130
1.385000	2.010330
1.386000	1.743500
1.387000	-7.600970
1.388000	-5.287180
1.389000	-5.999090
1.390000	-5.910150
1.391000	3.345380
1.392000	0.230559
1.393000	-10.626700
1.394000	-6.978010
1.395000	3.078370
1.396000	7.172110
1.397000	3.523270
1.398000	-1.549390
1.399000	-6.266100
1.400000	-5.732080
1.401000	1.743500
1.402000	1.921380
1.403000	-2.884260
1.404000	-0.837485
1.405000	5.570230
1.406000	6.727030
1.407000	1.120530
1.408000	4.057290
1.409000	6.104070
1.410000	2.633290
1.411000	-0.392406
1.412000	-1.371320
1.413000	2.188400
1.414000	9.485900
1.415000	3.345380
1.416000	-3.062330
1.417000	-3.151280
1.418000	0.497570
1.419000	1.832440
1.420000	1.476490
1.421000	3.345380
1.422000	3.790280
1.423000	0.052491
1.424000	0.497570
1.425000	-3.596170
1.426000	-0.392406
1.427000	5.125150
1.428000	2.010330
1.429000	-1.282380
1.430000	1.387550
1.431000	-2.172360
1.432000	3.790280
1.433000	7.350000
1.434000	-4.308260
1.435000	-8.490950
1.436000	-2.706200
1.437000	-4.397200
1.438000	-2.350240
1.439000	5.036210
1.440000	1.031410
1.441000	-3.685300
1.442000	-3.151280
1.443000	-2.261300
1.444000	-1.816400
1.445000	-1.193440
1.446000	-3.418290
1.447000	-1.727280
1.448000	-0.570474
1.449000	-5.198060
1.450000	-7.422900
1.451000	-5.376120
1.452000	-2.083230
1.453000	-1.015370
1.454000	-3.240220
1.455000	-3.240220
1.456000	2.544350
1.457000	0.675456
1.458000	-2.261300
1.459000	-0.926428
1.460000	-3.240220
1.461000	-2.350240
1.462000	1.298420
1.463000	1.209480
1.464000	2.989430
1.465000	3.968350
1.466000	-0.125395
1.467000	-0.926428
1.468000	1.209480
1.469000	3.078370
1.470000	4.769200
1.471000	5.036210
1.472000	6.015130
1.473000	5.125150
1.474000	3.078370
1.475000	2.366460
1.476000	2.544350
1.477000	1.298420
1.478000	1.120530
1.479000	3.612390
1.480000	2.455410
1.481000	-1.193440
1.482000	0.319502
1.483000	0.586513
1.484000	-0.748360
1.485000	2.366460
1.486000	1.832440
1.487000	0.497570
1.488000	-0.392406
1.489000	-1.282380
1.490000	-1.638340
1.491000	-1.282380
1.492000	-5.109110
1.493000	-5.999090
1.494000	-2.261300
1.495000	-2.350240
1.496000	-3.240220
1.497000	-1.193440
1.498000	1.031410
1.499000	-2.083230
1.500000	-4.397200
1.501000	-4.041250
1.502000	-3.863180
1.503000	-2.528310
1.504000	-2.617250
1.505000	-1.638340
1.506000	-1.638340
1.507000	-2.973210
1.508000	-3.774240
1.509000	-2.795320
1.510000	-2.528310
1.511000	-3.774240
1.512000	-1.104310
1.513000	0.586513
1.514000	-0.303463
1.515000	-0.303463
1.516000	0.230559
1.517000	-1.371320
1.518000	1.120530
1.519000	3.968350
1.520000	-0.125395
1.521000	-1.460450
1.522000	1.832440
1.523000	2.188400
1.524000	0.230559
1.525000	0.942466
1.526000	2.010330
1.527000	4.591310
1.528000	6.816160
1.529000	5.392160
1.530000	4.769200
1.531000	7.172110
1.532000	4.769200
1.533000	0.942466
1.534000	1.031410
1.535000	2.010330
1.536000	2.455410
1.537000	3.612390
1.538000	2.455410
1.539000	1.832440
1.540000	1.476490
1.541000	1.387550
1.542000	0.942466
1.543000	2.099450
1.544000	1.743500
1.545000	-0.303463
1.546000	0.586513
1.547000	5.748120
1.548000	2.633290
1.549000	-2.706200
1.550000	-2.706200
1.551000	-2.528310
1.552000	-2.528310
1.553000	-2.261300
1.554000	-3.863180
1.555000	-3.774240
1.556000	-2.439370
1.557000	-3.685300
1.558000	0.141616
1.559000	-1.282380
1.560000	-5.287180
1.561000	-1.104310
1.562000	2.544350
1.563000	-1.282380
1.564000	-3.952130
1.565000	-1.994290
1.566000	-5.020170
1.567000	-3.507230
1.568000	-1.193440
1.569000	-0.659417
1.570000	1.743500
1.571000	3.968350
1.572000	2.188400
1.573000	0.230559
1.574000	-0.659417
1.575000	0.052491
1.576000	4.502190
1.577000	3.345380
1.578000	-1.371320
1.579000	0.319502
1.580000	4.057290
1.581000	3.345380
1.582000	1.120530
1.583000	0.230559
1.584000	-1.638340
1.585000	2.010330
1.586000	7.083170
1.587000	8.862940
1.588000	5.214280
1.589000	3.968350
1.590000	5.303220
1.591000	5.303220
1.592000	4.413240
1.593000	4.591310
1.594000	3.256260
1.595000	2.989430
1.596000	2.900300
1.597000	0.675456
1.598000	0.319502
1.599000	3.434330
1.600000	2.989430
1.601000	3.078370
1.602000	5.303220
1.603000	3.167310
1.604000	3.523270
1.605000	2.455410
1.606000	-1.549390
1.607000	-4.664220
1.608000	-3.596170
1.609000	-0.748360
1.610000	-0.214520
1.611000	-0.481349
1.612000	-6.266100
1.613000	-5.910150
1.614000	-4.486150
1.615000	-2.083230
1.616000	-0.837485
1.617000	-2.172360
1.618000	-1.638340
1.619000	0.764581
1.620000	1.298420
1.621000	3.256260
1.622000	1.120530
1.623000	0.141616
1.624000	-1.104310
1.625000	-1.905350
1.626000	2.900300
1.627000	4.769200
1.628000	1.298420
1.629000	-0.926428
1.630000	2.633290
1.631000	3.434330
1.632000	3.790280
1.633000	8.328920
1.634000	6.371080
1.635000	4.146230
1.636000	2.900300
1.637000	0.319502
1.638000	3.345380
1.639000	3.434330
1.640000	-2.172360
1.641000	-0.303463
1.642000	5.837240
1.643000	4.057290
1.644000	3.078370
1.645000	4.947270
1.646000	3.523270
1.647000	4.502190
1.648000	5.036210
1.649000	0.408445
1.650000	-0.303463
1.651000	1.565430
1.652000	-1.193440
1.653000	-1.371320
1.654000	-1.193440
1.655000	0.853524
1.656000	1.921380
1.657000	-0.214520
1.658000	-4.219140
1.659000	-1.193440
1.660000	2.010330
1.661000	-1.371320
1.662000	-3.062330
1.663000	-2.083230
1.664000	-3.774240
1.665000	-8.045870
1.666000	-7.156070
1.667000	-5.554010
1.668000	-4.575090
1.669000	-3.151280
1.670000	-2.617250
1.671000	-1.905350
1.672000	-5.732080
1.673000	-4.219140
1.674000	0.497570
1.675000	-1.193440
1.676000	-2.706200
1.677000	-3.952130
1.678000	-7.245020
1.679000	-7.066950
1.680000	-4.397200
1.681000	-1.905350
1.682000	-2.439370
1.683000	0.942466
1.684000	2.544350
1.685000	2.277340
1.686000	3.256260
1.687000	2.900300
1.688000	2.989430
1.689000	5.303220
1.690000	4.947270
1.691000	6.193190
1.692000	1.298420
1.693000	-5.020170
1.694000	0.141616
1.695000	6.460210
1.696000	2.811360
1.697000	0.942466
1.698000	4.324300
1.699000	4.235360
1.700000	6.371080
1.701000	7.261060
1.702000	6.193190
1.703000	9.841860
1.704000	8.418040
1.705000	-0.036452
1.706000	-3.774240
1.707000	-0.570474
1.708000	-0.125395
1.709000	-3.952130
1.710000	-6.889060
1.711000	-6.533110
1.712000	0.497570
1.713000	4.591310
1.714000	1.743500
1.715000	-1.015370
1.716000	2.366460
1.717000	3.256260
1.718000	-0.036452
1.719000	-3.507230
1.720000	-6.266100
1.721000	-8.134990
1.722000	-7.778860
1.723000	-4.664220
1.724000	-3.062330
1.725000	-4.308260
1.726000	-4.397200
1.727000	-3.151280
1.728000	-2.884260
1.729000	-1.727280
1.730000	0.586513
1.731000	1.120530
1.732000	-1.994290
1.733000	-3.596170
1.734000	-2.439370
1.735000	-0.303463
1.736000	0.230559
1.737000	-1.104310
1.738000	-2.795320
1.739000	0.141616
1.740000	-0.125395
1.741000	-1.460450
1.742000	-0.214520
1.743000	1.921380
1.744000	4.235360
1.745000	4.858140
1.746000	2.455410
1.747000	2.277340
1.748000	6.549150
1.749000	7.617010
1.750000	5.125150
1.751000	2.366460
1.752000	-0.214520
1.753000	1.654370
1.754000	6.104070
1.755000	4.591310
1.756000	2.277340
1.757000	3.879220
1.758000	4.235360
1.759000	3.701340
1.760000	5.214280
1.761000	3.612390
1.762000	2.455410
1.763000	4.146230
1.764000	3.167310
1.765000	0.853524
1.766000	-0.036452
1.767000	-0.125395
1.768000	0.942466
1.769000	-0.125395
1.770000	-2.884260
1.771000	-1.905350
1.772000	-0.214520
1.773000	-1.460450
1.774000	-1.994290
1.775000	-2.528310
1.776000	-3.062330
1.777000	-1.727280
1.778000	-0.392406
1.779000	-2.795320
1.780000	-2.973210
1.781000	-1.282380
1.782000	-1.994290
1.783000	-2.350240
1.784000	-3.774240
1.785000	-5.198060
1.786000	-2.261300
1.787000	-1.549390
1.788000	-2.795320
1.789000	-2.884260
1.790000	-2.350240
1.791000	-0.481349
1.792000	0.853524
1.793000	-1.193440
1.794000	-1.816400
1.795000	1.387550
1.796000	1.743500
1.797000	-0.926428
1.798000	-1.638340
1.799000	-1.282380
1.800000	-1.193440
1.801000	0.141616
1.802000	0.497570
1.803000	2.277340
1.804000	2.455410
1.805000	-0.125395
1.806000	1.832440
1.807000	3.078370
1.808000	1.031410
1.809000	1.387550
1.810000	2.900300
1.811000	1.209480
1.812000	1.565430
1.813000	2.277340
1.814000	0.319502
1.815000	1.209480
1.816000	2.722420
1.817000	2.544350
1.818000	1.120530
1.819000	0.141616
1.820000	0.141616
1.821000	3.256260
1.822000	2.366460
1.823000	-1.282380
1.824000	-1.015370
1.825000	1.298420
1.826000	2.544350
1.827000	1.743500
1.828000	0.764581
1.829000	0.586513
1.830000	-1.638340
1.831000	-1.104310
1.832000	0.853524
1.833000	-3.507230
1.834000	-3.507230
1.835000	-0.481349
1.836000	-1.193440
1.837000	-1.460450
1.838000	-0.303463
1.839000	-1.727280
1.840000	-1.994290
1.841000	-0.036452
1.842000	-2.973210
1.843000	-2.884260
1.844000	0.141616
1.845000	-1.727280
1.846000	-3.596170
1.847000	-1.549390
1.848000	-2.350240
1.849000	-2.172360
1.850000	-1.193440
1.851000	-1.549390
1.852000	-0.926428
1.853000	1.031410
1.854000	-2.172360
1.855000	-3.507230
1.856000	0.052491
1.857000	-1.549390
1.858000	-1.549390
1.859000	-0.125395
1.860000	-0.570474
1.861000	-1.816400
1.862000	-1.282380
1.863000	-0.125395
1.864000	0.853524
1.865000	0.052491
1.866000	-1.816400
1.867000	-1.282380
1.868000	0.942466
1.869000	3.256260
1.870000	1.743500
1.871000	-1.282380
1.872000	-0.214520
1.873000	2.366460
1.874000	1.921380
1.875000	1.387550
1.876000	1.120530
1.877000	1.031410
1.878000	1.565430
1.879000	1.565430
1.880000	1.387550
1.881000	1.654370
1.882000	2.099450
1.883000	2.099450
1.884000	2.188400
1.885000	1.298420
1.886000	1.387550
1.887000	2.010330
1.888000	1.031410
1.889000	0.764581
1.890000	0.586513
1.891000	0.052491
1.892000	0.052491
1.893000	1.565430
1.894000	0.141616
1.895000	-1.371320
1.896000	-1.104310
1.897000	-1.015370
1.898000	-0.214520
1.899000	-0.125395
1.900000	-1.193440
1.901000	-1.816400
1.902000	-0.926428
1.903000	-0.481349
1.904000	-2.439370
1.905000	-3.062330
1.906000	-1.460450
1.907000	-1.549390
1.908000	-2.795320
1.909000	-2.261300
1.910000	-2.083230
1.911000	-2.706200
1.912000	-0.926428
1.913000	0.052491
1.914000	-1.727280
1.915000	-1.282380
1.916000	0.408445
1.917000	-0.481349
1.918000	-0.570474
1.919000	-0.837485
1.920000	-1.104310
1.921000	0.853524
1.922000	-0.036452
1.923000	-2.261300
1.924000	1.209480
1.925000	1.476490
1.926000	-0.392406
1.927000	2.010330
1.928000	2.544350
1.929000	0.497570
1.930000	2.366460
1.931000	2.188400
1.932000	0.675456
1.933000	2.900300
1.934000	1.743500
1.935000	0.408445
1.936000	2.455410
1.937000	2.455410
1.938000	2.099450
1.939000	3.612390
1.940000	2.010330
1.941000	1.031410
1.942000	2.900300
1.943000	2.722420
1.944000	1.209480
1.945000	1.209480
1.946000	2.099450
1.947000	1.921380
1.948000	1.832440
1.949000	0.675456
1.950000	-0.926428
1.951000	-0.748360
1.952000	0.853524
1.953000	0.141616
1.954000	-0.392406
1.955000	0.319502
1.956000	-1.015370
1.957000	-0.125395
1.958000	0.141616
1.959000	-2.083230
1.960000	-0.659417
1.961000	0.141616
1.962000	-1.015370
1.963000	-2.617250
1.964000	-2.795320
1.965000	-2.884260
1.966000	-0.570474
1.967000	-0.214520
1.968000	-2.617250
1.969000	-2.706200
1.970000	-1.460450
1.971000	-1.104310
1.972000	-1.638340
1.973000	-0.837485
1.974000	-0.214520
1.975000	-0.214520
1.976000	-0.659417
1.977000	-1.460450
1.978000	-1.905350
1.979000	-0.214520
1.980000	-0.481349
1.981000	-1.104310
1.982000	0.141616
1.983000	-0.392406
1.984000	-0.392406
1.985000	1.921380
1.986000	1.654370
1.987000	-1.015370
1.988000	0.141616
1.989000	1.743500
1.990000	0.586513
1.991000	0.675456
1.992000	0.675456
1.993000	0.764581
1.994000	1.921380
1.995000	0.319502
1.996000	-0.570474
1.997000	2.366460
1.998000	2.455410
1.999000	-0.570474
2.000000	-0.214520
2.001000	1.209480
2.002000	1.209480
2.003000	1.832440
2.004000	0.942466
2.005000	0.408445
2.006000	1.209480
2.007000	0.052491
2.008000	0.853524
2.009000	0.942466
2.010000	-1.371320
2.011000	-1.282380
2.012000	0.052491
2.013000	0.586513
2.014000	0.141616
2.015000	-1.371320
2.016000	-2.172360
2.017000	-0.214520
2.018000	-0.214520
2.019000	-1.371320
2.020000	-0.125395
2.021000	0.141616
2.022000	-2.083230
2.023000	-0.926428
2.024000	-2.439370
2.025000	-3.151280
2.026000	-0.481349
2.027000	-1.015370
2.028000	-1.816400
2.029000	-0.659417
2.030000	-2.261300
2.031000	-1.282380
2.032000	1.031410
2.033000	-0.392406
2.034000	-2.439370
2.035000	-1.193440
2.036000	-1.727280
2.037000	-0.214520
2.038000	0.853524
2.039000	-0.926428
2.040000	-1.104310
2.041000	-0.036452
2.042000	0.764581
2.043000	0.497570
2.044000	1.031410
2.045000	-0.125395
2.046000	0.319502
2.047000	1.209480
2.048000	0.319502
2.049000	1.209480
2.050000	0.586513
2.051000	0.319502
2.052000	0.408445
2.053000	1.209480
2.054000	1.120530
2.055000	1.476490
2.056000	0.764581
2.057000	0.497570
2.058000	2.455410
2.059000	1.120530
2.060000	0.853524
2.061000	1.298420
2.062000	-0.214520
2.063000	-0.036452
2.064000	0.408445
2.065000	0.675456
2.066000	0.675456
2.067000	1.654370
2.068000	0.497570
2.069000	-0.303463
2.070000	0.853524
2.071000	-0.303463
2.072000	-0.926428
2.073000	0.141616
2.074000	-1.104310
2.075000	-0.748360
2.076000	-0.570474
2.077000	-0.748360
2.078000	-0.570474
2.079000	-0.125395
2.080000	-1.282380
2.081000	-0.748360
2.082000	-1.816400
2.083000	0.141616
2.084000	-0.392406
2.085000	-1.816400
2.086000	-0.481349
2.087000	-2.172360
2.088000	-1.816400
2.089000	-0.303463
2.090000	-0.659417
2.091000	-0.481349
2.092000	-0.392406
2.093000	-1.371320
2.094000	-0.570474
2.095000	-0.125395
2.096000	0.408445
2.097000	-0.659417
2.098000	0.141616
2.099000	0.586513
2.100000	-1.015370
2.101000	0.586513
2.102000	1.565430
2.103000	-3.774240
2.104000	4.680250
2.105000	-6.799940
2.106000	11.888800
2.107000	0.408445
2.108000	-8.579890
2.109000	31.734400
2.110000	-11.516600
2.111000	-11.338800
2.112000	11.532900
2.113000	-8.401820
2.114000	-11.160700
2.115000	12.333700
2.116000	20.966101
2.117000	-6.978010
2.118000	-27.446699
2.119000	2.277340
2.120000	19.275299
2.121000	-11.249600
2.122000	-2.439370
2.123000	25.237900
2.124000	-7.600970
2.125000	-24.776800
2.126000	2.099450
2.127000	12.244800
2.128000	17.317400
2.129000	-18.636299
2.130000	-13.830600
2.131000	24.703899
2.132000	4.591310
2.133000	-20.060101
2.134000	1.565430
2.135000	9.308020
2.136000	-5.910150
2.137000	8.062090
2.138000	2.544350
2.139000	-21.662001
2.140000	-0.659417
2.141000	14.202600
2.142000	-5.376120
2.143000	-3.952130
2.144000	11.977800
2.145000	11.443700
2.146000	-5.554010
2.147000	-12.050700
2.148000	1.387550
2.149000	-3.507230
2.150000	-3.151280
2.151000	10.464800
2.152000	6.727030
2.153000	-7.512030
2.154000	-0.748360
2.155000	0.408445
2.156000	-1.104310
2.157000	12.778800
2.158000	10.553800
2.159000	-4.842100
2.160000	-12.673600
2.161000	-6.799940
2.162000	2.366460
2.163000	5.392160
2.164000	6.994050
2.165000	2.544350
2.166000	-6.355040
2.167000	-9.736880
2.168000	-1.994290
2.169000	7.528070
2.170000	14.113700
2.171000	1.476490
2.172000	-11.961700
2.173000	-9.291800
2.174000	0.141616
2.175000	4.591310
2.176000	2.366460
2.177000	-1.994290
2.178000	-4.931040
2.179000	-0.659417
2.180000	-2.350240
2.181000	-5.910150
2.182000	-0.125395
2.183000	6.015130
2.184000	4.858140
2.185000	-3.863180
2.186000	-12.228700
2.187000	-3.596170
2.188000	7.172110
2.189000	3.612390
2.190000	-3.151280
2.191000	-5.465070
2.192000	-1.905350
2.193000	3.968350
2.194000	0.675456
2.195000	-5.821020
2.196000	-0.926428
2.197000	4.680250
2.198000	2.366460
2.199000	-2.706200
2.200000	-3.418290
2.201000	1.120530
2.202000	4.591310
2.203000	0.675456
2.204000	-2.528310
2.205000	1.120530
2.206000	4.413240
2.207000	-0.570474
2.208000	-2.261300
2.209000	-1.371320
2.210000	1.565430
2.211000	5.036210
2.212000	2.277340
2.213000	-1.549390
2.214000	-2.350240
2.215000	-1.193440
2.216000	1.743500
2.217000	3.701340
2.218000	3.701340
2.219000	0.052491
2.220000	-2.439370
2.221000	-2.083230
2.222000	-0.570474
2.223000	0.764581
2.224000	-0.748360
2.225000	-1.282380
2.226000	0.497570
2.227000	0.942466
2.228000	-1.816400
2.229000	-1.905350
2.230000	1.654370
2.231000	4.502190
2.232000	0.764581
2.233000	-4.219140
2.234000	-4.664220
2.235000	0.141616
2.236000	2.722420
2.237000	-0.125395
2.238000	-3.774240
2.239000	-3.507230
2.240000	-1.104310
2.241000	0.764581
2.242000	0.230559
2.243000	0.497570
2.244000	1.832440
2.245000	1.476490
2.246000	-1.905350
2.247000	-4.308260
2.248000	-1.282380
2.249000	3.078370
2.250000	1.120530
2.251000	-3.329160
2.252000	-3.418290
2.253000	1.209480
2.254000	2.544350
2.255000	1.031410
2.256000	-0.481349
2.257000	1.298420
2.258000	2.722420
2.259000	1.209480
2.260000	-0.481349
2.261000	-0.214520
2.262000	1.476490
2.263000	1.565430
2.264000	-0.125395
2.265000	-0.570474
2.266000	1.654370
2.267000	2.633290
2.268000	1.298420
2.269000	0.319502
2.270000	1.921380
2.271000	2.633290
2.272000	0.853524
2.273000	-0.748360
2.274000	0.052491
2.275000	1.921380
2.276000	2.099450
2.277000	0.675456
2.278000	0.052491
2.279000	0.586513
2.280000	0.675456
2.281000	-0.125395
2.282000	-0.926428
2.283000	-0.214520
2.284000	1.387550
2.285000	0.497570
2.286000	-1.638340
2.287000	-2.083230
2.288000	0.408445
2.289000	1.921380
2.290000	0.764581
2.291000	-1.193440
2.292000	-1.193440
2.293000	-0.926428
2.294000	-0.837485
2.295000	-1.282380
2.296000	-1.371320
2.297000	-1.638340
2.298000	-1.816400
2.299000	-2.083230
2.300000	-1.816400
2.301000	-0.659417
2.302000	0.675456
2.303000	0.408445
2.304000	-0.748360
2.305000	-1.638340
2.306000	-0.837485
2.307000	0.230559
2.308000	-0.125395
2.309000	-1.460450
2.310000	-1.994290
2.311000	-1.193440
2.312000	-0.570474
2.313000	-0.392406
2.314000	-0.392406
2.315000	0.586513
2.316000	2.099450
2.317000	2.544350
2.318000	1.476490
2.319000	-0.303463
2.320000	-0.214520
2.321000	1.031410
2.322000	1.120530
2.323000	0.141616
2.324000	-0.748360
2.325000	0.141616
2.326000	1.921380
2.327000	2.188400
2.328000	0.586513
2.329000	0.764581
2.330000	2.722420
2.331000	3.434330
2.332000	0.853524
2.333000	-0.926428
2.334000	-0.125395
2.335000	1.832440
2.336000	1.654370
2.337000	-0.214520
2.338000	-1.015370
2.339000	0.141616
2.340000	0.675456
2.341000	-0.214520
2.342000	-0.748360
2.343000	0.052491
2.344000	1.298420
2.345000	0.586513
2.346000	-1.193440
2.347000	-2.083230
2.348000	-0.392406
2.349000	1.031410
2.350000	-0.214520
2.351000	-2.439370
2.352000	-2.706200
2.353000	-1.193440
2.354000	-0.570474
2.355000	-1.460450
2.356000	-1.994290
2.357000	-1.282380
2.358000	-1.015370
2.359000	-1.282380
2.360000	-1.816400
2.361000	-1.015370
2.362000	0.319502
2.363000	0.497570
2.364000	-0.837485
2.365000	-2.528310
2.366000	-2.261300
2.367000	-1.104310
2.368000	-0.481349
2.369000	-0.748360
2.370000	-1.282380
2.371000	-0.748360
2.372000	0.497570
2.373000	1.120530
2.374000	1.031410
2.375000	0.764581
2.376000	0.675456
2.377000	1.120530
2.378000	1.476490
2.379000	0.942466
2.380000	0.586513
2.381000	0.586513
2.382000	1.031410
2.383000	0.586513
2.384000	-0.036452
2.385000	0.408445
2.386000	1.565430
2.387000	2.188400
2.388000	1.743500
2.389000	1.120530
2.390000	1.654370
2.391000	2.277340
2.392000	1.832440
2.393000	0.497570
2.394000	-0.303463
2.395000	0.319502
2.396000	0.764581
2.397000	0.141616
2.398000	-0.748360
2.399000	-0.659417
2.400000	0.230559
2.401000	0.764581
2.402000	0.141616
2.403000	-0.303463
2.404000	0.141616
2.405000	0.230559
2.406000	-0.837485
2.407000	-1.638340
2.408000	-1.371320
2.409000	-0.570474
2.410000	-0.748360
2.411000	-1.816400
2.412000	-2.617250
2.413000	-1.905350
2.414000	-1.104310
2.415000	-1.015370
2.416000	-1.460450
2.417000	-1.282380
2.418000	-0.926428
2.419000	-0.748360
2.420000	-1.015370
2.421000	-1.015370
2.422000	-0.481349
2.423000	-0.570474
2.424000	-1.193440
2.425000	-1.460450
2.426000	-1.015370
2.427000	-0.125395
2.428000	0.230559
2.429000	-0.036452
2.430000	-0.303463
2.431000	-0.125395
2.432000	0.230559
2.433000	0.319502
2.434000	0.586513
2.435000	1.120530
2.436000	1.209480
2.437000	0.942466
2.438000	0.586513
2.439000	0.586513
2.440000	1.031410
2.441000	0.853524
2.442000	0.408445
2.443000	0.408445
2.444000	0.853524
2.445000	1.031410
2.446000	0.942466
2.447000	1.031410
2.448000	1.387550
2.449000	1.565430
2.450000	1.209480
2.451000	1.031410
2.452000	0.675456
2.453000	0.586513
2.454000	0.230559
2.455000	0.052491
2.456000	-0.036452
2.457000	0.052491
2.458000	0.408445
2.459000	0.141616
2.460000	0.052491
2.461000	-0.125395
2.462000	-0.036452
2.463000	0.497570
2.464000	0.675456
2.465000	0.052491
2.466000	-0.392406
2.467000	-0.570474
2.468000	-0.392406
2.469000	-0.481349
2.470000	-0.926428
2.471000	-1.015370
2.472000	-0.748360
2.473000	-0.214520
2.474000	0.052491
2.475000	-0.125395
2.476000	-0.214520
2.477000	-0.303463
2.478000	-0.214520
2.479000	-0.214520
2.480000	-0.303463
2.481000	-0.392406
2.482000	-0.036452
2.483000	-0.214520
2.484000	-0.481349
2.485000	-0.570474
2.486000	-0.036452
2.487000	0.408445
2.488000	0.230559
2.489000	-0.125395
2.490000	0.141616
2.491000	0.764581
2.492000	0.942466
2.493000	0.230559
2.494000	0.230559
2.495000	0.586513
2.496000	0.764581
2.497000	0.408445
2.498000	-0.036452
2.499000	0.230559
2.500000	0.675456
2.501000	0.942466
2.502000	0.408445
2.503000	0.141616
2.504000	0.408445
2.505000	0.942466
2.506000	0.942466
2.507000	0.497570
2.508000	0.497570
2.509000	0.853524
2.510000	1.209480
2.511000	0.853524
2.512000	0.408445
2.513000	0.497570
2.514000	0.675456
2.515000	0.319502
2.516000	-0.392406
2.517000	-0.659417
2.518000	-0.036452
2.519000	0.319502
2.520000	0.230559
2.521000	0.052491
2.522000	-0.036452
2.523000	0.319502
2.524000	0.052491
2.525000	-0.392406
2.526000	-0.926428
2.527000	-1.015370
2.528000	-0.926428
2.529000	-0.748360
2.530000	-0.926428
2.531000	-1.371320
2.532000	-1.193440
2.533000	-1.015370
2.534000	-0.926428
2.535000	-1.282380
2.536000	-1.104310
2.537000	-0.926428
2.538000	-0.570474
2.539000	-0.837485
2.540000	-1.193440
2.541000	-1.282380
2.542000	-0.926428
2.543000	-1.015370
2.544000	-1.371320
2.545000	-1.549390
2.546000	-1.193440
2.547000	-0.570474
2.548000	-0.392406
2.549000	-0.748360
2.550000	-0.748360
2.551000	-0.392406
2.552000	0.230559
2.553000	0.141616
2.554000	-0.125395
2.555000	-0.125395
2.556000	0.141616
2.557000	0.319502
2.558000	0.141616
2.559000	-0.125395
2.560000	0.408445
2.561000	0.586513
2.562000	0.586513
2.563000	0.230559
2.564000	0.586513
2.565000	1.120530
2.566000	1.120530
2.567000	1.031410
2.568000	0.853524
2.569000	0.764581
2.570000	0.675456
2.571000	0.586513
2.572000	0.408445
2.573000	0.319502
2.574000	0.319502
2.575000	0.497570
2.576000	0.230559
2.577000	0.052491
2.578000	0.141616
2.579000	0.408445
2.580000	0.230559
2.581000	0.052491
2.582000	-0.303463
2.583000	-0.125395
2.584000	0.141616
2.585000	0.141616
2.586000	-0.303463
2.587000	-0.481349
2.588000	-0.392406
2.589000	-0.303463
2.590000	-0.570474
2.591000	-0.570474
2.592000	-0.392406
2.593000	-0.214520
2.594000	-0.036452
2.595000	-0.125395
2.596000	-0.125395
2.597000	-0.125395
2.598000	-0.303463
2.599000	-0.125395
2.600000	0.052491
2.601000	0.052491
2.602000	-0.125395
2.603000	-0.125395
2.604000	-0.125395
2.605000	0.141616
2.606000	0.141616
2.607000	0.319502
2.608000	0.586513
2.609000	0.675456
2.610000	0.408445
2.611000	0.586513
2.612000	0.586513
2.613000	0.497570
2.614000	0.497570
2.615000	0.408445
2.616000	0.141616
2.617000	-0.036452
2.618000	0.052491
2.619000	0.141616
2.620000	0.319502
2.621000	0.141616
2.622000	0.319502
2.623000	0.408445
2.624000	0.230559
2.625000	0.052491
2.626000	-0.036452
2.627000	0.052491
2.628000	0.141616
2.629000	-0.214520
2.630000	-0.303463
2.631000	-0.392406
2.632000	-0.303463
2.633000	-0.214520
2.634000	-0.036452
2.635000	-0.125395
2.636000	-0.214520
2.637000	-0.303463
2.638000	-0.125395
2.639000	0.052491
2.640000	0.230559
2.641000	0.141616
2.642000	0.230559
2.643000	0.141616
2.644000	-0.125395
2.645000	-0.303463
2.646000	-0.214520
2.647000	0.141616
2.648000	0.230559
2.649000	0.052491
2.650000	-0.036452
2.651000	0.052491
2.652000	0.319502
2.653000	0.408445
2.654000	0.319502
2.655000	0.319502
2.656000	0.408445
2.657000	0.319502
2.658000	0.230559
2.659000	0.052491
2.660000	0.052491
2.661000	0.141616
2.662000	-0.125395
2.663000	-0.303463
2.664000	-0.481349
2.665000	-0.392406
2.666000	-0.214520
2.667000	-0.214520
2.668000	-0.125395
2.669000	-0.125395
2.670000	-0.125395
2.671000	-0.303463
2.672000	-0.303463
2.673000	-0.481349
2.674000	-0.392406
2.675000	-0.214520
2.676000	-0.659417
2.677000	-0.837485
2.678000	-0.748360
2.679000	-0.570474
2.680000	-0.303463
2.681000	-0.214520
2.682000	-0.214520
2.683000	-0.392406
2.684000	-0.214520
2.685000	-0.125395
2.686000	0.052491
2.687000	0.141616
2.688000	0.230559
2.689000	0.052491
2.690000	0.141616
2.691000	0.141616
2.692000	0.052491
2.693000	0.408445
2.694000	0.675456
2.695000	0.675456
2.696000	0.586513
2.697000	0.586513
2.698000	0.586513
2.699000	0.675456
2.700000	0.853524
2.701000	0.764581
2.702000	0.764581
2.703000	0.675456
2.704000	0.675456
2.705000	0.764581
2.706000	0.586513
2.707000	0.586513
2.708000	0.586513
2.709000	0.408445
2.710000	0.141616
2.711000	0.141616
2.712000	0.319502
2.713000	0.230559
2.714000	0.141616
2.715000	0.052491
2.716000	0.141616
2.717000	-0.125395
2.718000	-0.303463
2.719000	-0.303463
2.720000	-0.392406
2.721000	-0.392406
2.722000	-0.481349
2.723000	-0.659417
2.724000	-0.659417
2.725000	-0.570474
2.726000	-0.570474
2.727000	-0.748360
2.728000	-0.926428
2.729000	-0.748360
2.730000	-0.659417
2.731000	-0.659417
2.732000	-0.748360
2.733000	-0.748360
2.734000	-0.570474
2.735000	-0.570474
2.736000	-0.659417
2.737000	-0.837485
2.738000	-0.659417
2.739000	-0.659417
2.740000	-0.392406
2.741000	-0.303463
2.742000	-0.125395
2.743000	-0.125395
2.744000	-0.125395
2.745000	-0.214520
2.746000	-0.036452
2.747000	0.141616
2.748000	0.052491
2.749000	0.052491
2.750000	-0.125395
2.751000	-0.036452
2.752000	0.052491
2.753000	0.230559
2.754000	0.230559
2.755000	0.052491
2.756000	0.141616
2.757000	0.230559
2.758000	0.408445
2.759000	0.497570
2.760000	0.319502
2.761000	0.408445
2.762000	0.319502
2.763000	0.141616
2.764000	0.141616
2.765000	-0.125395
2.766000	0.052491
2.767000	0.052491
2.768000	-0.125395
2.769000	-0.125395
2.770000	0.052491
2.771000	0.141616
2.772000	0.141616
2.773000	0.052491
2.774000	-0.036452
2.775000	0.052491
2.776000	-0.125395
2.777000	-0.214520
2.778000	-0.214520
2.779000	-0.125395
2.780000	-0.303463
2.781000	-0.303463
2.782000	-0.392406
2.783000	-0.481349
2.784000	-0.303463
2.785000	-0.392406
2.786000	-0.303463
2.787000	-0.303463
2.788000	-0.303463
2.789000	-0.214520
2.790000	-0.125395
2.791000	-0.303463
2.792000	-0.303463
2.793000	-0.303463
2.794000	-0.392406
2.795000	-0.392406
2.796000	-0.570474
2.797000	-0.481349
2.798000	-0.303463
2.799000	-0.214520
2.800000	-0.303463
2.801000	-0.214520
2.802000	-0.036452
2.803000	0.141616
2.804000	0.141616
2.805000	-0.036452
2.806000	0.141616
2.807000	0.319502
2.808000	0.230559
2.809000	0.230559
2.810000	0.230559
2.811000	0.319502
2.812000	0.408445
2.813000	0.497570
2.814000	0.497570
2.815000	0.408445
2.816000	0.675456
2.817000	0.853524
2.818000	1.031410
2.819000	0.853524
2.820000	0.853524
2.821000	0.853524
2.822000	1.120530
2.823000	1.120530
2.824000	1.031410
2.825000	0.942466
2.826000	1.031410
2.827000	1.031410
2.828000	0.853524
2.829000	0.675456
2.830000	0.764581
2.831000	0.764581
2.832000	0.764581
2.833000	0.675456
2.834000	0.497570
2.835000	0.675456
2.836000	0.586513
2.837000	0.497570
2.838000	0.141616
2.839000	-0.036452
2.840000	0.052491
2.841000	-0.125395
2.842000	-0.125395
2.843000	-0.481349
2.844000	-0.303463
2.845000	-0.481349
2.846000	-0.659417
2.847000	-0.837485
2.848000	-0.837485
2.849000	-0.748360
2.850000	-0.837485
2.851000	-0.837485
2.852000	-0.926428
2.853000	-0.570474
2.854000	-0.659417
2.855000	-0.748360
2.856000	-0.837485
2.857000	-0.837485
2.858000	-0.659417
2.859000	-0.659417
2.860000	-0.659417
2.861000	-0.659417
2.862000	-0.481349
2.863000	-0.303463
2.864000	-0.214520
2.865000	-0.303463
2.866000	-0.214520
2.867000	-0.036452
2.868000	0.230559
2.869000	0.230559
2.870000	0.230559
2.871000	0.319502
2.872000	0.408445
2.873000	0.497570
2.874000	0.408445
2.875000	0.319502
2.876000	0.408445
2.877000	0.675456
2.878000	0.586513
2.879000	0.497570
2.880000	0.586513
2.881000	0.675456
2.882000	0.586513
2.883000	0.408445
2.884000	0.319502
2.885000	0.408445
2.886000	0.319502
2.887000	0.141616
2.888000	-0.125395
2.889000	-0.125395
2.890000	-0.036452
2.891000	-0.036452
2.892000	-0.125395
2.893000	-0.481349
2.894000	-0.481349
2.895000	-0.481349
2.896000	-0.570474
2.897000	-0.570474
2.898000	-0.748360
2.899000	-0.837485
2.900000	-0.926428
2.901000	-0.926428
2.902000	-1.104310
2.903000	-0.926428
2.904000	-0.837485
2.905000	-0.926428
2.906000	-0.837485
2.907000	-0.926428
2.908000	-0.659417
2.909000	-0.570474
2.910000	-0.570474
2.911000	-0.748360
2.912000	-0.926428
2.913000	-0.659417
2.914000	-0.392406
2.915000	-0.481349
2.916000	-0.570474
2.917000	-0.392406
2.918000	-0.125395
2.919000	-0.036452
2.920000	-0.036452
2.921000	0.052491
2.922000	0.141616
2.923000	0.319502
2.924000	0.319502
2.925000	0.230559
2.926000	0.408445
2.927000	0.408445
2.928000	0.497570
2.929000	0.408445
2.930000	0.319502
2.931000	0.408445
2.932000	0.408445
2.933000	0.586513
2.934000	0.586513
2.935000	0.497570
2.936000	0.497570
2.937000	0.497570
2.938000	0.675456
2.939000	0.497570
2.940000	0.497570
2.941000	0.497570
2.942000	0.497570
2.943000	0.319502
2.944000	0.230559
2.945000	0.319502
2.946000	0.230559
2.947000	0.230559
2.948000	-0.036452
2.949000	-0.036452
2.950000	0.052491
2.951000	0.230559
2.952000	0.141616
2.953000	-0.036452
2.954000	0.052491
2.955000	0.052491
2.956000	0.230559
2.957000	0.052491
2.958000	-0.214520
2.959000	-0.392406
2.960000	-0.214520
2.961000	-0.036452
2.962000	-0.214520
2.963000	-0.392406
2.964000	-0.214520
2.965000	-0.214520
2.966000	-0.214520
2.967000	-0.303463
2.968000	-0.214520
2.969000	-0.036452
2.970000	-0.036452
2.971000	-0.125395
2.972000	-0.214520
2.973000	-0.125395
2.974000	0.052491
2.975000	0.052491
2.976000	-0.214520
2.977000	-0.303463
2.978000	-0.214520
2.979000	-0.036452
2.980000	-0.125395
2.981000	-0.125395
2.982000	-0.125395
2.983000	0.052491
2.984000	0.052491
2.985000	0.141616
2.986000	0.052491
2.987000	-0.036452
2.988000	0.052491
2.989000	0.052491
2.990000	0.052491
2.991000	0.141616
2.992000	0.230559
2.993000	0.052491
2.994000	0.052491
2.995000	0.052491
2.996000	0.141616
2.997000	0.141616
2.998000	0.141616
2.999000	0.052491
3.000000	0.141616
3.001000	0.319502
3.002000	0.408445
3.003000	0.230559
3.004000	0.052491
3.005000	0.141616
3.006000	0.230559
3.007000	0.052491
3.008000	0.141616
3.009000	0.052491
3.010000	0.141616
3.011000	0.230559
3.012000	0.141616
3.013000	-0.036452
3.014000	0.141616
3.015000	0.052491
3.016000	-0.036452
3.017000	-0.036452
3.018000	0.052491
3.019000	0.052491
3.020000	-0.036452
3.021000	0.052491
3.022000	-0.214520
3.023000	-0.036452
3.024000	-0.125395
3.025000	-0.125395
3.026000	-0.036452
3.027000	-0.125395
3.028000	-0.214520
3.029000	-0.036452
3.030000	-0.036452
3.031000	-0.125395
3.032000	-0.214520
3.033000	-0.125395
3.034000	-0.036452
3.035000	-0.036452
3.036000	-0.036452
3.037000	-0.303463
3.038000	-0.036452
3.039000	0.319502
3.040000	0.230559
3.041000	0.141616
3.042000	0.319502
3.043000	0.052491
3.044000	0.052491
3.045000	0.319502
3.046000	0.497570
3.047000	0.319502
3.048000	0.230559
3.049000	0.141616
3.050000	0.230559
3.051000	0.319502
3.052000	0.408445
3.053000	0.408445
3.054000	0.230559
3.055000	0.052491
3.056000	0.230559
3.057000	0.319502
3.058000	0.319502
3.059000	0.141616
3.060000	-0.036452
3.061000	-0.125395
3.062000	-0.036452
3.063000	-0.125395
3.064000	-0.125395
3.065000	-0.214520
3.066000	-0.036452
3.067000	-0.125395
3.068000	-0.125395
3.069000	-0.125395
3.070000	-0.036452
3.071000	-0.036452
3.072000	-0.036452
3.073000	-0.125395
3.074000	-0.214520
3.075000	-0.125395
3.076000	-0.125395
3.077000	-0.125395
3.078000	-0.214520
3.079000	-0.125395
3.080000	0.052491
3.081000	-0.036452
3.082000	-0.125395
3.083000	-0.214520
3.084000	0.052491
3.085000	0.141616
3.086000	0.141616
3.087000	0.141616
3.088000	0.052491
3.089000	0.052491
3.090000	0.052491
3.091000	0.141616
3.092000	0.052491
3.093000	0.052491
3.094000	0.141616
3.095000	0.052491
3.096000	-0.125395
3.097000	-0.125395
3.098000	-0.125395
3.099000	-0.125395
3.100000	-0.125395
3.101000	-0.125395
3.102000	-0.214520
3.103000	-0.214520
3.104000	-0.303463
3.105000	-0.125395
3.106000	-0.303463
3.107000	-0.392406
3.108000	-0.481349
3.109000	-0.481349
3.110000	-0.659417
3.111000	-0.659417
3.112000	-0.570474
3.113000	-0.659417
3.114000	-0.659417
3.115000	-0.659417
3.116000	-0.659417
3.117000	-0.659417
3.118000	-0.570474
3.119000	-0.481349
3.120000	-0.392406
3.121000	-0.392406
3.122000	-0.392406
3.123000	-0.481349
3.124000	-0.392406
3.125000	-0.392406
3.126000	-0.392406
3.127000	-0.303463
3.128000	-0.125395
3.129000	-0.036452
3.130000	0.052491
3.131000	0.052491
3.132000	0.141616
3.133000	0.230559
3.134000	0.408445
3.135000	0.319502
3.136000	0.319502
3.137000	0.319502
3.138000	0.497570
3.139000	0.675456
3.140000	0.675456
3.141000	0.675456
3.142000	0.675456
3.143000	0.497570
3.144000	0.675456
3.145000	0.675456
3.146000	0.586513
3.147000	0.408445
3.148000	0.497570
3.149000	0.408445
3.150000	0.319502
3.151000	0.408445
3.152000	0.408445
3.153000	0.230559
3.154000	0.052491
3.155000	-0.125395
3.156000	-0.125395
3.157000	0.052491
3.158000	0.052491
3.159000	-0.036452
3.160000	-0.214520
3.161000	-0.303463
3.162000	-0.392406
3.163000	-0.303463
3.164000	-0.392406
3.165000	-0.481349
3.166000	-0.570474
3.167000	-0.392406
3.168000	-0.392406
3.169000	-0.392406
3.170000	-0.659417
3.171000	-0.570474
3.172000	-0.659417
3.173000	-0.303463
3.174000	-0.125395
3.175000	-0.036452
3.176000	-0.214520
3.177000	-0.303463
3.178000	-0.214520
3.179000	-0.214520
3.180000	0.052491
3.181000	0.052491
3.182000	0.230559
3.183000	0.230559
3.184000	0.230559
3.185000	0.497570
3.186000	0.497570
3.187000	0.764581
3.188000	0.764581
3.189000	0.586513
3.190000	0.764581
3.191000	0.853524
3.192000	0.853524
3.193000	0.764581
3.194000	0.764581
3.195000	0.675456
3.196000	0.764581
3.197000	0.853524
3.198000	1.031410
3.199000	0.853524
3.200000	0.586513
3.201000	0.586513
3.202000	0.408445
3.203000	0.497570
3.204000	0.408445
3.205000	0.497570
3.206000	0.408445
3.207000	0.319502
3.208000	0.230559
3.209000	0.052491
3.210000	-0.125395
3.211000	-0.214520
3.212000	-0.303463
3.213000	-0.392406
3.214000	-0.392406
3.215000	-0.392406
3.216000	-0.570474
3.217000	-0.570474
3.218000	-0.659417
3.219000	-0.659417
3.220000	-0.570474
3.221000	-0.570474
3.222000	-0.659417
3.223000	-0.659417
3.224000	-0.481349
3.225000	-0.837485
3.226000	-0.837485
3.227000	-0.837485
3.228000	-0.659417
3.229000	-0.570474
3.230000	-0.659417
3.231000	-0.837485
3.232000	-0.659417
3.233000	-0.659417
3.234000	-0.392406
3.235000	-0.214520
3.236000	-0.392406
3.237000	-0.214520
3.238000	-0.303463
3.239000	-0.125395
3.240000	0.141616
3.241000	0.141616
3.242000	0.052491
3.243000	0.052491
3.244000	0.052491
3.245000	0.230559
3.246000	0.319502
3.247000	0.230559
3.248000	0.319502
3.249000	0.319502
3.250000	0.319502
3.251000	0.497570
3.252000	0.764581
3.253000	0.764581
3.254000	0.675456
3.255000	0.408445
3.256000	0.408445
3.257000	0.497570
3.258000	0.497570
3.259000	0.408445
3.260000	0.408445
3.261000	0.319502
3.262000	0.408445
3.263000	0.230559
3.264000	0.230559
3.265000	0.319502
3.266000	0.052491
3.267000	-0.036452
3.268000	-0.125395
3.269000	-0.036452
3.270000	-0.125395
3.271000	-0.125395
3.272000	-0.214520
3.273000	-0.303463
3.274000	-0.303463
3.275000	-0.214520
3.276000	-0.303463
3.277000	-0.392406
3.278000	-0.659417
3.279000	-0.570474
3.280000	-0.570474
3.281000	-0.659417
3.282000	-0.570474
3.283000	-0.659417
3.284000	-0.570474
3.285000	-0.570474
3.286000	-0.481349
3.287000	-0.303463
3.288000	-0.392406
3.289000	-0.392406
3.290000	-0.392406
3.291000	-0.481349
3.292000	-0.481349
3.293000	-0.303463
3.294000	-0.214520
3.295000	-0.214520
3.296000	-0.125395
3.297000	-0.125395
3.298000	-0.036452
3.299000	0.230559
3.300000	0.319502
3.301000	0.230559
3.302000	0.230559
3.303000	0.141616
3.304000	0.230559
3.305000	0.230559
3.306000	0.408445
3.307000	0.408445
3.308000	0.586513
3.309000	0.497570
3.310000	0.497570
3.311000	0.497570
3.312000	0.586513
3.313000	0.408445
3.314000	0.497570
3.315000	0.319502
3.316000	0.319502
3.317000	0.230559
3.318000	0.408445
3.319000	0.408445
3.320000	0.230559
3.321000	0.052491
3.322000	0.052491
3.323000	0.141616
3.324000	0.141616
3.325000	0.141616
3.326000	-0.125395
3.327000	-0.214520
3.328000	-0.214520
3.329000	-0.214520
3.330000	-0.392406
3.331000	-0.303463
3.332000	-0.481349
3.333000	-0.392406
3.334000	-0.392406
3.335000	-0.392406
3.336000	-0.570474
3.337000	-0.481349
3.338000	-0.570474
3.339000	-0.570474
3.340000	-0.570474
3.341000	-0.481349
3.342000	-0.392406
3.343000	-0.481349
3.344000	-0.481349
3.345000	-0.481349
3.346000	-0.481349
3.347000	-0.481349
3.348000	-0.392406
3.349000	-0.392406
3.350000	-0.392406
3.351000	-0.214520
3.352000	-0.125395
3.353000	-0.036452
3.354000	-0.036452
3.355000	0.052491
3.356000	-0.036452
3.357000	0.230559
3.358000	0.319502
3.359000	0.408445
3.360000	0.230559
3.361000	0.319502
3.362000	0.319502
3.363000	0.408445
3.364000	0.408445
3.365000	0.497570
3.366000	0.497570
3.367000	0.408445
3.368000	0.497570
3.369000	0.586513
3.370000	0.497570
3.371000	0.497570
3.372000	0.497570
3.373000	0.586513
3.374000	0.408445
3.375000	0.408445
3.376000	0.408445
3.377000	0.319502
3.378000	0.230559
3.379000	0.230559
3.380000	0.141616
3.381000	0.319502
3.382000	0.141616
3.383000	0.052491
3.384000	0.052491
3.385000	0.052491
3.386000	0.052491
3.387000	0.052491
3.388000	-0.036452
3.389000	-0.214520
3.390000	0.052491
3.391000	-0.036452
3.392000	-0.036452
3.393000	-0.303463
3.394000	-0.214520
3.395000	-0.125395
3.396000	-0.125395
3.397000	-0.125395
3.398000	-0.214520
3.399000	-0.303463
3.400000	-0.214520
3.401000	-0.036452
3.402000	-0.125395
3.403000	-0.125395
3.404000	-0.036452
3.405000	0.052491
3.406000	0.052491
3.407000	0.052491
3.408000	0.052491
3.409000	-0.036452
3.410000	0.141616
3.411000	0.052491
3.412000	0.052491
3.413000	0.052491
3.414000	0.141616
3.415000	0.141616
3.416000	0.141616
3.417000	-0.125395
3.418000	0.052491
3.419000	0.319502
3.420000	0.141616
3.421000	0.141616
3.422000	-0.036452
3.423000	0.052491
3.424000	0.230559
3.425000	0.141616
3.426000	-0.125395
3.427000	-0.125395
3.428000	0.052491
3.429000	0.052491
3.430000	-0.036452
3.431000	-0.214520
3.432000	-0.125395
3.433000	-0.214520
3.434000	-0.214520
3.435000	-0.036452
3.436000	-0.125395
3.437000	-0.036452
3.438000	-0.125395
3.439000	-0.125395
3.440000	-0.303463
3.441000	-0.303463
3.442000	-0.214520
3.443000	-0.303463
3.444000	-0.214520
3.445000	-0.303463
3.446000	-0.125395
3.447000	-0.214520
3.448000	-0.125395
3.449000	-0.303463
3.450000	-0.303463
3.451000	-0.125395
3.452000	-0.125395
3.453000	-0.303463
3.454000	-0.125395
3.455000	-0.125395
3.456000	-0.125395
3.457000	-0.036452
3.458000	-0.036452
3.459000	-0.214520
3.460000	-0.125395
3.461000	-0.036452
3.462000	-0.036452
3.463000	-0.125395
3.464000	-0.125395
3.465000	-0.125395
3.466000	-0.036452
3.467000	-0.036452
3.468000	0.052491
3.469000	-0.125395
3.470000	-0.036452
3.471000	-0.214520
3.472000	0.052491
3.473000	0.052491
3.474000	-0.125395
3.475000	-0.125395
3.476000	-0.214520
3.477000	-0.214520
3.478000	-0.125395
3.479000	-0.125395
3.480000	-0.125395
3.481000	-0.214520
3.482000	-0.125395
3.483000	-0.214520
3.484000	-0.125395
3.485000	-0.036452
3.486000	-0.125395
3.487000	-0.125395
3.488000	-0.125395
3.489000	-0.125395
3.490000	-0.036452
3.491000	-0.036452
3.492000	-0.036452
3.493000	-0.036452
3.494000	-0.125395
3.495000	-0.036452
3.496000	-0.036452
3.497000	0.052491
3.498000	-0.036452
3.499000	0.052491
