-0.500000	0.575583
-0.499000	0.575583
-0.498000	0.665668
-0.497000	0.665668
-0.496000	0.575583
-0.495000	0.575583
-0.494000	0.575583
-0.493000	0.575583
-0.492000	0.665668
-0.491000	0.575583
-0.490000	0.575583
-0.489000	0.485498
-0.488000	0.485498
-0.487000	0.485498
-0.486000	0.575583
-0.485000	0.575583
-0.484000	0.575583
-0.483000	0.485498
-0.482000	0.665668
-0.481000	0.575583
-0.480000	0.665668
-0.479000	0.575583
-0.478000	0.665668
-0.477000	0.575583
-0.476000	0.485498
-0.475000	0.665668
-0.474000	0.575583
-0.473000	0.575583
-0.472000	0.575583
-0.471000	0.665668
-0.470000	0.665668
-0.469000	0.575583
-0.468000	0.575583
-0.467000	0.755937
-0.466000	0.575583
-0.465000	0.665668
-0.464000	0.665668
-0.463000	0.575583
-0.462000	0.755937
-0.461000	0.575583
-0.460000	0.485498
-0.459000	0.575583
-0.458000	0.665668
-0.457000	0.575583
-0.456000	0.485498
-0.455000	0.575583
-0.454000	0.665668
-0.453000	0.575583
-0.452000	0.575583
-0.451000	0.665668
-0.450000	0.575583
-0.449000	0.575583
-0.448000	0.575583
-0.447000	0.575583
-0.446000	0.665668
-0.445000	0.575583
-0.444000	0.665668
-0.443000	0.575583
-0.442000	0.665668
-0.441000	0.575583
-0.440000	0.575583
-0.439000	0.485498
-0.438000	0.485498
-0.437000	0.485498
-0.436000	0.665668
-0.435000	0.485498
-0.434000	0.575583
-0.433000	0.485498
-0.432000	0.665668
-0.431000	0.665668
-0.430000	0.575583
-0.429000	0.575583
-0.428000	0.485498
-0.427000	0.575583
-0.426000	0.575583
-0.425000	0.665668
-0.424000	0.485498
-0.423000	0.575583
-0.422000	0.575583
-0.421000	0.575583
-0.420000	0.575583
-0.419000	0.665668
-0.418000	0.575583
-0.417000	0.755937
-0.416000	0.575583
-0.415000	0.575583
-0.414000	0.665668
-0.413000	0.665668
-0.412000	0.665668
-0.411000	0.665668
-0.410000	0.575583
-0.409000	0.575583
-0.408000	0.575583
-0.407000	0.575583
-0.406000	0.485498
-0.405000	0.395229
-0.404000	0.485498
-0.403000	0.575583
-0.402000	0.755937
-0.401000	0.665668
-0.400000	0.485498
-0.399000	0.575583
-0.398000	0.575583
-0.397000	0.665668
-0.396000	0.575583
-0.395000	0.575583
-0.394000	0.665668
-0.393000	0.485498
-0.392000	0.575583
-0.391000	0.575583
-0.390000	0.575583
-0.389000	0.575583
-0.388000	0.485498
-0.387000	0.575583
-0.386000	0.665668
-0.385000	0.575583
-0.384000	0.575583
-0.383000	0.485498
-0.382000	0.485498
-0.381000	0.755937
-0.380000	0.575583
-0.379000	0.665668
-0.378000	0.665668
-0.377000	0.665668
-0.376000	0.575583
-0.375000	0.575583
-0.374000	0.575583
-0.373000	0.575583
-0.372000	0.485498
-0.371000	0.485498
-0.370000	0.575583
-0.369000	0.575583
-0.368000	0.485498
-0.367000	0.485498
-0.366000	0.575583
-0.365000	0.575583
-0.364000	0.575583
-0.363000	0.575583
-0.362000	0.575583
-0.361000	0.665668
-0.360000	0.485498
-0.359000	0.575583
-0.358000	0.575583
-0.357000	0.575583
-0.356000	0.575583
-0.355000	0.485498
-0.354000	0.575583
-0.353000	0.575583
-0.352000	0.575583
-0.351000	0.485498
-0.350000	0.485498
-0.349000	0.665668
-0.348000	0.665668
-0.347000	0.575583
-0.346000	0.665668
-0.345000	0.485498
-0.344000	0.485498
-0.343000	0.485498
-0.342000	0.575583
-0.341000	0.485498
-0.340000	0.575583
-0.339000	0.575583
-0.338000	0.485498
-0.337000	0.575583
-0.336000	0.485498
-0.335000	0.485498
-0.334000	0.575583
-0.333000	0.485498
-0.332000	0.575583
-0.331000	0.665668
-0.330000	0.575583
-0.329000	0.665668
-0.328000	0.665668
-0.327000	0.485498
-0.326000	0.575583
-0.325000	0.665668
-0.324000	0.575583
-0.323000	0.575583
-0.322000	0.485498
-0.321000	0.485498
-0.320000	0.575583
-0.319000	0.485498
-0.318000	0.575583
-0.317000	0.575583
-0.316000	0.485498
-0.315000	0.575583
-0.314000	0.575583
-0.313000	0.485498
-0.312000	0.575583
-0.311000	0.575583
-0.310000	0.575583
-0.309000	0.575583
-0.308000	0.485498
-0.307000	0.575583
-0.306000	0.575583
-0.305000	0.575583
-0.304000	0.575583
-0.303000	0.485498
-0.302000	0.575583
-0.301000	0.575583
-0.300000	0.485498
-0.299000	0.575583
-0.298000	0.485498
-0.297000	0.665668
-0.296000	0.575583
-0.295000	0.485498
-0.294000	0.575583
-0.293000	0.485498
-0.292000	0.665668
-0.291000	0.575583
-0.290000	0.575583
-0.289000	0.575583
-0.288000	0.485498
-0.287000	0.665668
-0.286000	0.485498
-0.285000	0.575583
-0.284000	0.575583
-0.283000	0.665668
-0.282000	0.485498
-0.281000	0.575583
-0.280000	0.575583
-0.279000	0.575583
-0.278000	0.485498
-0.277000	0.575583
-0.276000	0.575583
-0.275000	0.575583
-0.274000	0.665668
-0.273000	0.485498
-0.272000	0.575583
-0.271000	0.575583
-0.270000	0.485498
-0.269000	0.575583
-0.268000	0.665668
-0.267000	0.485498
-0.266000	0.485498
-0.265000	0.575583
-0.264000	0.485498
-0.263000	0.665668
-0.262000	0.575583
-0.261000	0.575583
-0.260000	0.575583
-0.259000	0.575583
-0.258000	0.575583
-0.257000	0.575583
-0.256000	0.575583
-0.255000	0.575583
-0.254000	0.665668
-0.253000	0.575583
-0.252000	0.665668
-0.251000	0.665668
-0.250000	0.575583
-0.249000	0.575583
-0.248000	0.575583
-0.247000	0.665668
-0.246000	0.575583
-0.245000	0.665668
-0.244000	0.575583
-0.243000	0.485498
-0.242000	0.575583
-0.241000	0.485498
-0.240000	0.485498
-0.239000	0.575583
-0.238000	0.485498
-0.237000	0.485498
-0.236000	0.485498
-0.235000	0.665668
-0.234000	0.575583
-0.233000	0.485498
-0.232000	0.485498
-0.231000	0.485498
-0.230000	0.575583
-0.229000	0.575583
-0.228000	0.575583
-0.227000	0.575583
-0.226000	0.575583
-0.225000	0.665668
-0.224000	0.575583
-0.223000	0.575583
-0.222000	0.485498
-0.221000	0.575583
-0.220000	0.575583
-0.219000	0.485498
-0.218000	0.575583
-0.217000	0.485498
-0.216000	0.485498
-0.215000	0.575583
-0.214000	0.575583
-0.213000	0.665668
-0.212000	0.575583
-0.211000	0.485498
-0.210000	0.575583
-0.209000	0.575583
-0.208000	0.485498
-0.207000	0.575583
-0.206000	0.485498
-0.205000	0.575583
-0.204000	0.485498
-0.203000	0.575583
-0.202000	0.575583
-0.201000	0.485498
-0.200000	0.485498
-0.199000	0.575583
-0.198000	0.575583
-0.197000	0.665668
-0.196000	0.485498
-0.195000	0.665668
-0.194000	0.575583
-0.193000	0.485498
-0.192000	0.575583
-0.191000	0.575583
-0.190000	0.575583
-0.189000	0.485498
-0.188000	0.575583
-0.187000	0.665668
-0.186000	0.575583
-0.185000	0.485498
-0.184000	0.485498
-0.183000	0.575583
-0.182000	0.665668
-0.181000	0.665668
-0.180000	0.485498
-0.179000	0.575583
-0.178000	0.575583
-0.177000	0.485498
-0.176000	0.575583
-0.175000	0.575583
-0.174000	0.575583
-0.173000	0.575583
-0.172000	0.485498
-0.171000	0.485498
-0.170000	0.575583
-0.169000	0.575583
-0.168000	0.485498
-0.167000	0.665668
-0.166000	0.575583
-0.165000	0.575583
-0.164000	0.575583
-0.163000	0.665668
-0.162000	0.665668
-0.161000	0.755937
-0.160000	0.485498
-0.159000	0.575583
-0.158000	0.575583
-0.157000	0.665668
-0.156000	0.485498
-0.155000	0.575583
-0.154000	0.575583
-0.153000	0.575583
-0.152000	0.485498
-0.151000	0.485498
-0.150000	0.485498
-0.149000	0.485498
-0.148000	0.575583
-0.147000	0.575583
-0.146000	0.665668
-0.145000	0.575583
-0.144000	0.575583
-0.143000	0.665668
-0.142000	0.575583
-0.141000	0.575583
-0.140000	0.485498
-0.139000	0.575583
-0.138000	0.395229
-0.137000	0.485498
-0.136000	0.395229
-0.135000	0.755937
-0.134000	0.665668
-0.133000	0.665668
-0.132000	0.665668
-0.131000	0.575583
-0.130000	0.575583
-0.129000	0.665668
-0.128000	0.665668
-0.127000	0.485498
-0.126000	0.485498
-0.125000	0.575583
-0.124000	0.665668
-0.123000	0.485498
-0.122000	0.485498
-0.121000	0.485498
-0.120000	0.485498
-0.119000	0.575583
-0.118000	0.665668
-0.117000	0.665668
-0.116000	0.575583
-0.115000	0.665668
-0.114000	0.575583
-0.113000	0.575583
-0.112000	0.575583
-0.111000	0.575583
-0.110000	0.575583
-0.109000	0.485498
-0.108000	0.665668
-0.107000	0.575583
-0.106000	0.575583
-0.105000	0.575583
-0.104000	0.485498
-0.103000	0.665668
-0.102000	0.575583
-0.101000	0.575583
-0.100000	0.485498
-0.099000	0.485498
-0.098000	0.665668
-0.097000	0.575583
-0.096000	0.575583
-0.095000	0.575583
-0.094000	0.485498
-0.093000	0.575583
-0.092000	0.485498
-0.091000	0.575583
-0.090000	0.575583
-0.089000	0.485498
-0.088000	0.575583
-0.087000	0.485498
-0.086000	0.485498
-0.085000	0.575583
-0.084000	0.575583
-0.083000	0.575583
-0.082000	0.575583
-0.081000	0.575583
-0.080000	0.575583
-0.079000	0.575583
-0.078000	0.665668
-0.077000	0.575583
-0.076000	0.575583
-0.075000	0.575583
-0.074000	0.485498
-0.073000	0.485498
-0.072000	0.485498
-0.071000	0.575583
-0.070000	0.575583
-0.069000	0.575583
-0.068000	0.485498
-0.067000	0.575583
-0.066000	0.665668
-0.065000	0.575583
-0.064000	0.575583
-0.063000	0.665668
-0.062000	0.665668
-0.061000	0.665668
-0.060000	0.485498
-0.059000	0.575583
-0.058000	0.485498
-0.057000	0.575583
-0.056000	0.575583
-0.055000	0.575583
-0.054000	0.575583
-0.053000	0.575583
-0.052000	0.575583
-0.051000	0.665668
-0.050000	0.485498
-0.049000	0.485498
-0.048000	0.485498
-0.047000	0.575583
-0.046000	0.485498
-0.045000	0.485498
-0.044000	0.485498
-0.043000	0.485498
-0.042000	0.485498
-0.041000	0.665668
-0.040000	0.575583
-0.039000	0.485498
-0.038000	0.395229
-0.037000	0.395229
-0.036000	0.485498
-0.035000	0.485498
-0.034000	0.575583
-0.033000	0.485498
-0.032000	0.575583
-0.031000	0.575583
-0.030000	0.665668
-0.029000	0.575583
-0.028000	0.575583
-0.027000	0.485498
-0.026000	0.575583
-0.025000	0.485498
-0.024000	0.124974
-0.023000	-0.866697
-0.022000	-2.038350
-0.021000	-3.300280
-0.020000	-4.021330
-0.019000	-3.931240
-0.018000	-3.931240
-0.017000	-4.021330
-0.016000	-4.021330
-0.015000	-4.652290
-0.014000	-5.012810
-0.013000	-5.463610
-0.012000	-5.824130
-0.011000	-6.905700
-0.010000	-7.266410
-0.009000	-8.077540
-0.008000	-8.528150
-0.007000	-8.708510
-0.006000	-8.528150
-0.005000	-8.167630
-0.004000	-7.807100
-0.003000	-7.536660
-0.002000	-7.266410
-0.001000	-7.176140
0.000000	-6.815620
0.001000	-6.545180
0.002000	-6.455090
0.003000	-6.184650
0.004000	-5.463610
0.005000	-4.382030
0.006000	-3.480630
0.007000	-2.038350
0.008000	-1.046870
0.009000	-0.415904
0.010000	0.034705
0.011000	0.485498
0.012000	1.657150
0.013000	2.558560
0.014000	3.640310
0.015000	5.172490
0.016000	5.623290
0.017000	7.335820
0.018000	8.327310
0.019000	7.966780
0.020000	3.820480
0.021000	0.575583
0.022000	7.606260
0.023000	9.409060
0.024000	17.791700
0.025000	9.949760
0.026000	5.442930
0.027000	7.245730
0.028000	6.704860
0.029000	13.375000
0.030000	10.580700
0.031000	9.859670
0.032000	7.245730
0.033000	2.648640
0.034000	3.459960
0.035000	4.451440
0.036000	6.163980
0.037000	7.696340
0.038000	4.000840
0.039000	2.107950
0.040000	-1.317310
0.041000	-2.939760
0.042000	-3.210190
0.043000	-3.841160
0.044000	-4.021330
0.045000	-4.291770
0.046000	-5.103080
0.047000	-3.029840
0.048000	-4.922730
0.049000	-5.643780
0.050000	-8.347980
0.051000	-9.699990
0.052000	-9.970430
0.053000	-9.970430
0.054000	-9.970430
0.055000	-8.798590
0.056000	-8.347980
0.057000	-6.455090
0.058000	-4.382030
0.059000	-2.669320
0.060000	-2.398880
0.061000	-2.849670
0.062000	-2.128440
0.063000	-1.587740
0.064000	-0.596258
0.065000	0.124974
0.066000	0.124974
0.067000	-0.776428
0.068000	-2.579230
0.069000	-1.858180
0.070000	2.558560
0.071000	4.090920
0.072000	4.090920
0.073000	0.485498
0.074000	0.034705
0.075000	-2.398880
0.076000	-2.669320
0.077000	-1.767910
0.078000	-4.562200
0.079000	-4.021330
0.080000	-5.283250
0.081000	-1.497660
0.082000	-7.266410
0.083000	-6.455090
0.084000	-6.094570
0.085000	-9.519820
0.086000	-12.494300
0.087000	-16.730700
0.088000	-17.451700
0.089000	-15.108200
0.090000	-7.987460
0.091000	-7.176140
0.092000	-5.373520
0.093000	-6.995970
0.094000	-7.717020
0.095000	-6.905700
0.096000	-5.914210
0.097000	-4.742560
0.098000	-1.948270
0.099000	0.124974
0.100000	1.837510
0.101000	2.198030
0.102000	2.107950
0.103000	1.386900
0.104000	1.476980
0.105000	1.657150
0.106000	1.837510
0.107000	2.558560
0.108000	2.828990
0.109000	4.361360
0.110000	3.099430
0.111000	4.721880
0.112000	3.550040
0.113000	3.910570
0.114000	4.090920
0.115000	0.665668
0.116000	-0.415904
0.117000	-3.390360
0.118000	-5.012810
0.119000	-5.463610
0.120000	-5.103080
0.121000	-6.455090
0.122000	-5.012810
0.123000	-6.905700
0.124000	-6.545180
0.125000	-7.897190
0.126000	-7.626930
0.127000	-9.699990
0.128000	-9.970430
0.129000	-11.052000
0.130000	-9.339470
0.131000	-8.708510
0.132000	-7.626930
0.133000	-7.266410
0.134000	-7.446580
0.135000	-8.167630
0.136000	-8.438070
0.137000	-7.446580
0.138000	-7.807100
0.139000	-7.086060
0.140000	-7.626930
0.141000	-7.626930
0.142000	-6.995970
0.143000	-6.905700
0.144000	-6.274740
0.145000	-6.365010
0.146000	-6.365010
0.147000	-6.274740
0.148000	-6.635450
0.149000	-6.905700
0.150000	-7.446580
0.151000	-7.807100
0.152000	-7.717020
0.153000	-7.266410
0.154000	-7.356490
0.155000	-7.176140
0.156000	-7.717020
0.157000	-7.807100
0.158000	-7.356490
0.159000	-6.815620
0.160000	-6.725530
0.161000	-6.815620
0.162000	-7.626930
0.163000	-7.807100
0.164000	-8.257900
0.165000	-8.167630
0.166000	-7.987460
0.167000	-8.077540
0.168000	-7.807100
0.169000	-7.717020
0.170000	-7.446580
0.171000	-7.356490
0.172000	-7.717020
0.173000	-7.717020
0.174000	-7.987460
0.175000	-7.897190
0.176000	-8.888860
0.177000	-9.249380
0.178000	-10.331000
0.179000	-7.987460
0.180000	-9.790080
0.181000	-11.232400
0.182000	-12.944900
0.183000	-14.116700
0.184000	-15.829300
0.185000	-15.829300
0.186000	-16.009600
0.187000	-17.001101
0.188000	-12.494300
0.189000	-12.494300
0.190000	-5.553690
0.191000	-14.837800
0.192000	-14.296900
0.193000	-24.212000
0.194000	-34.126999
0.195000	-38.363602
0.196000	-38.183201
0.197000	-41.157700
0.198000	-34.487499
0.199000	-38.724098
0.200000	-24.482401
0.201000	-35.388901
0.202000	-31.783501
0.203000	-26.014799
0.204000	-34.577801
0.205000	-32.865101
0.206000	-40.797199
0.207000	-54.407902
0.208000	-45.754799
0.209000	-52.605099
0.210000	-41.247898
0.211000	-21.598000
0.212000	-25.473900
0.213000	-17.992599
0.214000	-41.878899
0.215000	-49.360199
0.216000	-55.128899
0.217000	-56.570999
0.218000	-42.960499
0.219000	-36.380402
0.220000	-29.169600
0.221000	-31.693399
0.222000	-30.792000
0.223000	-20.877001
0.224000	-30.701900
0.225000	-19.434700
0.226000	-20.155899
0.227000	-16.189800
0.228000	-15.018100
0.229000	-25.924700
0.230000	-28.538601
0.231000	-34.848202
0.232000	-27.186600
0.233000	-20.696600
0.234000	-13.035200
0.235000	-7.446580
0.236000	-8.978940
0.237000	-10.781600
0.238000	-15.829300
0.239000	-21.417801
0.240000	-21.417801
0.241000	-20.426399
0.242000	-18.082701
0.243000	-13.035200
0.244000	-10.150800
0.245000	-11.142300
0.246000	-13.936400
0.247000	-17.091200
0.248000	-21.507900
0.249000	-24.572701
0.250000	-24.392300
0.251000	-20.155899
0.252000	-14.026600
0.253000	-9.339470
0.254000	-7.897190
0.255000	-9.069030
0.256000	-14.026600
0.257000	-12.854800
0.258000	-5.643780
0.259000	-1.136950
0.260000	2.558560
0.261000	2.288120
0.262000	-1.677830
0.263000	-6.184650
0.264000	-14.837800
0.265000	-19.525000
0.266000	-23.310699
0.267000	-26.375299
0.268000	-26.555599
0.269000	-29.800501
0.270000	-29.710400
0.271000	-19.705099
0.272000	-8.438070
0.273000	7.606260
0.274000	15.448100
0.275000	11.121600
0.276000	1.837510
0.277000	-14.296900
0.278000	-29.800501
0.279000	-32.684898
0.280000	-44.853401
0.281000	-54.768398
0.282000	-55.219002
0.283000	-47.467300
0.284000	-31.603201
0.285000	-9.249380
0.286000	4.271270
0.287000	8.237220
0.288000	-3.120110
0.289000	-13.215300
0.290000	-15.739200
0.291000	-14.116700
0.292000	-12.223800
0.293000	-1.767910
0.294000	-2.308790
0.295000	-3.931240
0.296000	-4.382030
0.297000	-7.356490
0.298000	-10.150800
0.299000	-8.618420
0.300000	-12.313900
0.301000	-13.665900
0.302000	-10.150800
0.303000	-8.618420
0.304000	-4.562200
0.305000	3.009350
0.306000	-2.398880
0.307000	-8.978940
0.308000	-16.640600
0.309000	-26.735800
0.310000	-39.535198
0.311000	-48.548901
0.312000	-123.092003
0.313000	-168.880997
0.314000	-184.654999
0.315000	-149.953003
0.316000	-82.710800
0.317000	-17.722200
0.318000	26.444901
0.319000	10.851200
0.320000	-24.842899
0.321000	-61.168098
0.322000	-76.851898
0.323000	-58.193501
0.324000	-37.281799
0.325000	-23.671301
0.326000	-41.067600
0.327000	-76.671600
0.328000	-114.889999
0.329000	-126.156998
0.330000	-84.243103
0.331000	-18.443199
0.332000	39.063900
0.333000	63.220501
0.334000	58.804001
0.335000	17.971901
0.336000	-1.317310
0.337000	-5.643780
0.338000	10.941200
0.339000	26.805401
0.340000	15.988900
0.341000	-11.052000
0.342000	-51.343201
0.343000	-66.756500
0.344000	-55.849998
0.345000	-27.817600
0.346000	3.099430
0.347000	15.538300
0.348000	9.679320
0.349000	-2.759400
0.350000	-15.378700
0.351000	-14.567300
0.352000	-15.558800
0.353000	-22.769899
0.354000	-40.166199
0.355000	-61.528702
0.356000	-71.263397
0.357000	-69.190300
0.358000	-53.416401
0.359000	-33.856602
0.360000	-28.448500
0.361000	-22.859900
0.362000	-37.371899
0.363000	-45.304001
0.364000	-56.300800
0.365000	-69.190300
0.366000	-71.623901
0.367000	-68.469101
0.368000	-50.441799
0.369000	-21.868500
0.370000	-0.686343
0.371000	22.478701
0.372000	30.410801
0.373000	29.779900
0.374000	22.659100
0.375000	7.606260
0.376000	-4.382030
0.377000	-23.941700
0.378000	-39.895802
0.379000	-50.982601
0.380000	-56.661301
0.381000	-46.926399
0.382000	-33.495998
0.383000	-16.820801
0.384000	1.476980
0.385000	12.744000
0.386000	20.585899
0.387000	15.448100
0.388000	5.533020
0.389000	-4.382030
0.390000	-15.468700
0.391000	-26.285200
0.392000	-32.775002
0.393000	-42.509701
0.394000	-45.213902
0.395000	-48.188400
0.396000	-43.501400
0.397000	-36.470699
0.398000	-25.203400
0.399000	-12.133800
0.400000	-2.308790
0.401000	1.026190
0.402000	3.459960
0.403000	-2.849670
0.404000	-11.683000
0.405000	-22.679800
0.406000	-30.701900
0.407000	-34.848202
0.408000	-35.388901
0.409000	-28.809000
0.410000	-23.671301
0.411000	-16.640600
0.412000	-11.773200
0.413000	-9.159110
0.414000	-2.489150
0.415000	-1.407390
0.416000	-1.497660
0.417000	-4.472120
0.418000	-13.756200
0.419000	-21.688299
0.420000	-27.727301
0.421000	-30.431499
0.422000	-28.358299
0.423000	-25.293699
0.424000	-19.975599
0.425000	-20.155899
0.426000	-17.992599
0.427000	-18.443199
0.428000	-17.181299
0.429000	-13.936400
0.430000	-15.018100
0.431000	-14.657600
0.432000	-17.361601
0.433000	-22.229000
0.434000	-20.786900
0.435000	-23.130400
0.436000	-20.967100
0.437000	-14.206800
0.438000	-12.584400
0.439000	-8.798590
0.440000	-7.086060
0.441000	-5.463610
0.442000	-4.562200
0.443000	-0.776428
0.444000	-4.742560
0.445000	-3.480630
0.446000	-4.201680
0.447000	-6.184650
0.448000	-5.643780
0.449000	-4.201680
0.450000	-4.922730
0.451000	-1.858180
0.452000	0.936107
0.453000	-2.489150
0.454000	-0.596258
0.455000	-2.218710
0.456000	-5.193170
0.457000	-6.635450
0.458000	-9.429550
0.459000	-13.125200
0.460000	-13.665900
0.461000	-13.936400
0.462000	-12.494300
0.463000	-9.609910
0.464000	-6.365010
0.465000	-6.004480
0.466000	-4.111600
0.467000	-4.742560
0.468000	-7.807100
0.469000	-7.536660
0.470000	-7.717020
0.471000	-10.331000
0.472000	-9.429550
0.473000	-9.159110
0.474000	-8.888860
0.475000	-2.759400
0.476000	-3.570720
0.477000	0.395229
0.478000	0.755937
0.479000	-1.046870
0.480000	0.395229
0.481000	-0.956782
0.482000	-2.308790
0.483000	0.485498
0.484000	-2.038350
0.485000	-1.497660
0.486000	-4.472120
0.487000	-5.914210
0.488000	-5.373520
0.489000	-6.815620
0.490000	-6.455090
0.491000	-4.742560
0.492000	-6.725530
0.493000	-5.283250
0.494000	-3.210190
0.495000	-5.193170
0.496000	-2.489150
0.497000	-6.995970
0.498000	-6.545180
0.499000	-8.257900
0.500000	-12.584400
0.501000	-9.069030
0.502000	-10.691500
0.503000	-9.159110
0.504000	-5.103080
0.505000	-5.103080
0.506000	-0.776428
0.507000	-2.308790
0.508000	0.305144
0.509000	-0.505989
0.510000	-1.587740
0.511000	-3.390360
0.512000	-2.489150
0.513000	-4.652290
0.514000	-5.373520
0.515000	-2.038350
0.516000	-3.390360
0.517000	1.476980
0.518000	3.640310
0.519000	4.541530
0.520000	5.893720
0.521000	3.910570
0.522000	3.550040
0.523000	2.648640
0.524000	-0.055380
0.525000	-0.505989
0.526000	-2.218710
0.527000	-3.120110
0.528000	-0.866697
0.529000	1.476980
0.530000	4.451440
0.531000	6.885210
0.532000	8.507660
0.533000	8.687830
0.534000	8.417390
0.535000	4.541530
0.536000	4.271270
0.537000	2.378390
0.538000	0.665668
0.539000	3.550040
0.540000	6.254250
0.541000	6.254250
0.542000	7.876700
0.543000	3.099430
0.544000	4.451440
0.545000	5.442930
0.546000	7.696340
0.547000	11.932700
0.548000	12.563700
0.549000	9.679320
0.550000	10.941200
0.551000	8.417390
0.552000	7.335820
0.553000	10.040000
0.554000	6.885210
0.555000	8.868180
0.556000	9.859670
0.557000	7.696340
0.558000	11.572200
0.559000	12.113100
0.560000	13.104600
0.561000	15.358000
0.562000	14.907400
0.563000	12.383500
0.564000	12.383500
0.565000	9.048350
0.566000	9.769590
0.567000	9.499150
0.568000	7.876700
0.569000	9.679320
0.570000	8.056870
0.571000	9.589230
0.572000	10.851200
0.573000	10.220200
0.574000	11.301800
0.575000	10.490600
0.576000	8.868180
0.577000	9.499150
0.578000	7.516170
0.579000	11.211700
0.580000	11.392000
0.581000	10.040000
0.582000	13.375000
0.583000	9.589230
0.584000	10.761100
0.585000	12.834100
0.586000	10.670800
0.587000	15.177800
0.588000	15.448100
0.589000	13.645400
0.590000	20.135201
0.591000	14.546800
0.592000	15.808800
0.593000	19.954901
0.594000	13.465100
0.595000	20.225300
0.596000	16.529800
0.597000	14.186100
0.598000	18.242399
0.599000	13.915900
0.600000	15.808800
0.601000	17.070499
0.602000	11.932700
0.603000	16.890301
0.604000	16.079000
0.605000	14.366500
0.606000	19.143801
0.607000	15.628400
0.608000	16.349501
0.609000	17.341000
0.610000	15.538300
0.611000	16.890301
0.612000	18.963400
0.613000	17.070499
0.614000	20.766199
0.615000	19.053699
0.616000	19.053699
0.617000	21.577499
0.618000	19.684601
0.619000	22.839300
0.620000	24.461901
0.621000	25.182899
0.622000	26.805401
0.623000	26.805401
0.624000	26.715300
0.625000	27.706800
0.626000	28.157400
0.627000	27.886999
0.628000	27.796900
0.629000	24.912500
0.630000	25.002600
0.631000	24.822399
0.632000	25.273001
0.633000	27.256001
0.634000	27.706800
0.635000	28.427799
0.636000	26.444901
0.637000	24.461901
0.638000	23.740700
0.639000	24.191500
0.640000	23.470200
0.641000	24.281500
0.642000	24.191500
0.643000	22.388700
0.644000	22.478701
0.645000	22.298599
0.646000	24.281500
0.647000	26.354601
0.648000	26.264500
0.649000	28.337799
0.650000	27.616501
0.651000	26.084299
0.652000	28.247499
0.653000	28.247499
0.654000	29.599701
0.655000	30.591200
0.656000	29.960199
0.657000	30.140400
0.658000	29.148899
0.659000	29.599701
0.660000	29.509399
0.661000	30.320700
0.662000	30.410801
0.663000	30.410801
0.664000	29.599701
0.665000	29.599701
0.666000	29.779900
0.667000	31.041800
0.668000	31.222099
0.669000	30.951700
0.670000	29.779900
0.671000	28.337799
0.672000	28.427799
0.673000	29.419300
0.674000	29.148899
0.675000	29.779900
0.676000	29.869900
0.677000	30.410801
0.678000	30.230600
0.679000	31.131901
0.680000	32.484100
0.681000	33.205101
0.682000	34.106499
0.683000	34.286701
0.684000	33.745800
0.685000	33.745800
0.686000	34.016201
0.687000	34.376801
0.688000	35.548599
0.689000	34.557098
0.690000	34.737499
0.691000	34.466999
0.692000	33.655701
0.693000	34.647202
0.694000	34.917599
0.695000	35.368401
0.696000	35.999401
0.697000	34.827599
0.698000	34.286701
0.699000	33.475498
0.700000	32.484100
0.701000	32.484100
0.702000	31.402300
0.703000	30.050301
0.704000	29.058800
0.705000	27.886999
0.706000	27.075800
0.707000	27.075800
0.708000	26.895500
0.709000	27.075800
0.710000	27.075800
0.711000	27.075800
0.712000	26.444901
0.713000	26.535000
0.714000	26.625000
0.715000	26.535000
0.716000	26.264500
0.717000	25.633600
0.718000	25.182899
0.719000	25.633600
0.720000	25.543501
0.721000	26.805401
0.722000	27.616501
0.723000	28.608000
0.724000	29.689800
0.725000	29.689800
0.726000	30.050301
0.727000	29.869900
0.728000	29.960199
0.729000	30.771299
0.730000	30.410801
0.731000	30.230600
0.732000	29.960199
0.733000	29.599701
0.734000	30.410801
0.735000	30.861401
0.736000	31.492399
0.737000	31.943199
0.738000	31.582701
0.739000	31.853100
0.740000	31.762800
0.741000	31.762800
0.742000	31.402300
0.743000	30.410801
0.744000	29.148899
0.745000	28.247499
0.746000	27.886999
0.747000	27.616501
0.748000	27.706800
0.749000	28.067301
0.750000	28.067301
0.751000	28.608000
0.752000	29.058800
0.753000	29.689800
0.754000	30.230600
0.755000	30.050301
0.756000	29.689800
0.757000	29.058800
0.758000	28.247499
0.759000	27.977100
0.760000	28.067301
0.761000	28.247499
0.762000	28.788401
0.763000	28.878500
0.764000	28.878500
0.765000	29.329201
0.766000	29.779900
0.767000	29.509399
0.768000	30.230600
0.769000	29.599701
0.770000	29.148899
0.771000	28.427799
0.772000	27.165899
0.773000	26.805401
0.774000	25.813900
0.775000	24.642099
0.776000	24.011101
0.777000	23.290100
0.778000	23.200001
0.779000	23.560499
0.780000	24.552000
0.781000	24.822399
0.782000	25.363100
0.783000	24.732201
0.784000	24.101200
0.785000	23.921000
0.786000	23.200001
0.787000	23.921000
0.788000	23.650600
0.789000	23.380100
0.790000	23.200001
0.791000	23.200001
0.792000	23.560499
0.793000	24.281500
0.794000	24.101200
0.795000	25.543501
0.796000	25.273001
0.797000	25.633600
0.798000	24.822399
0.799000	25.813900
0.800000	25.092699
0.801000	25.813900
0.802000	26.084299
0.803000	25.273001
0.804000	25.363100
0.805000	24.101200
0.806000	23.740700
0.807000	23.109699
0.808000	22.929501
0.809000	23.650600
0.810000	23.740700
0.811000	23.380100
0.812000	23.290100
0.813000	22.298599
0.814000	20.856300
0.815000	21.938000
0.816000	21.938000
0.817000	22.388700
0.818000	22.118200
0.819000	20.676100
0.820000	20.225300
0.821000	18.693100
0.822000	19.864799
0.823000	20.946600
0.824000	22.298599
0.825000	23.200001
0.826000	22.839300
0.827000	22.569000
0.828000	21.397200
0.829000	21.036600
0.830000	22.749201
0.831000	22.388700
0.832000	23.109699
0.833000	23.740700
0.834000	21.307100
0.835000	22.208300
0.836000	20.495800
0.837000	21.126699
0.838000	22.298599
0.839000	20.676100
0.840000	21.938000
0.841000	19.684601
0.842000	19.864799
0.843000	18.873301
0.844000	16.890301
0.845000	18.963400
0.846000	17.070499
0.847000	16.619900
0.848000	17.341000
0.849000	14.546800
0.850000	15.538300
0.851000	14.006000
0.852000	14.096100
0.853000	15.538300
0.854000	15.177800
0.855000	15.448100
0.856000	15.808800
0.857000	15.808800
0.858000	14.727000
0.859000	14.727000
0.860000	14.817100
0.861000	14.366500
0.862000	14.546800
0.863000	13.284900
0.864000	13.375000
0.865000	13.284900
0.866000	12.383500
0.867000	13.555200
0.868000	14.456600
0.869000	14.276400
0.870000	15.448100
0.871000	14.636900
0.872000	14.096100
0.873000	13.284900
0.874000	10.851200
0.875000	11.572200
0.876000	10.220200
0.877000	9.949760
0.878000	10.130100
0.879000	8.868180
0.880000	8.868180
0.881000	9.409060
0.882000	7.966780
0.883000	8.687830
0.884000	8.597740
0.885000	7.786430
0.886000	8.687830
0.887000	7.786430
0.888000	6.614770
0.889000	7.245730
0.890000	5.442930
0.891000	6.524690
0.892000	6.344330
0.893000	5.442930
0.894000	9.138620
0.895000	7.696340
0.896000	10.310300
0.897000	9.409060
0.898000	8.417390
0.899000	9.048350
0.900000	6.524690
0.901000	6.975300
0.902000	6.704860
0.903000	5.533020
0.904000	5.803450
0.905000	1.386900
0.906000	3.820480
0.907000	3.189520
0.908000	4.451440
0.909000	6.794940
0.910000	6.073890
0.911000	6.163980
0.912000	3.730400
0.913000	3.099430
0.914000	3.189520
0.915000	1.747420
0.916000	0.936107
0.917000	0.665668
0.918000	-0.415904
0.919000	-0.866697
0.920000	-1.136950
0.921000	0.124974
0.922000	0.936107
0.923000	0.846022
0.924000	0.305144
0.925000	-1.407390
0.926000	-1.317310
0.927000	-2.218710
0.928000	-1.317310
0.929000	1.206550
0.930000	-0.235734
0.931000	0.755937
0.932000	1.476980
0.933000	-1.407390
0.934000	0.485498
0.935000	-1.497660
0.936000	-1.948270
0.937000	-0.776428
0.938000	-3.570720
0.939000	-1.497660
0.940000	-2.398880
0.941000	-3.390360
0.942000	-2.939760
0.943000	-3.570720
0.944000	-5.463610
0.945000	-4.111600
0.946000	-6.635450
0.947000	-5.914210
0.948000	-6.815620
0.949000	-6.545180
0.950000	-5.103080
0.951000	-7.356490
0.952000	-6.545180
0.953000	-6.905700
0.954000	-9.699990
0.955000	-7.807100
0.956000	-11.232400
0.957000	-11.232400
0.958000	-10.060500
0.959000	-11.773200
0.960000	-9.609910
0.961000	-10.511300
0.962000	-9.790080
0.963000	-8.618420
0.964000	-8.708510
0.965000	-8.888860
0.966000	-9.519820
0.967000	-8.708510
0.968000	-9.339470
0.969000	-11.592900
0.970000	-11.322400
0.971000	-12.313900
0.972000	-10.331000
0.973000	-9.249380
0.974000	-10.691500
0.975000	-10.511300
0.976000	-12.313900
0.977000	-15.198300
0.978000	-14.026600
0.979000	-16.460199
0.980000	-14.296900
0.981000	-13.936400
0.982000	-12.584400
0.983000	-11.232400
0.984000	-14.477300
0.985000	-15.198300
0.986000	-15.378700
0.987000	-15.018100
0.988000	-13.665900
0.989000	-14.026600
0.990000	-15.108200
0.991000	-13.485800
0.992000	-13.756200
0.993000	-14.116700
0.994000	-14.747700
0.995000	-17.542000
0.996000	-18.623600
0.997000	-21.237499
0.998000	-23.220501
0.999000	-24.121901
1.000000	-25.113400
1.001000	-21.958500
1.002000	-21.327600
1.003000	-18.443199
1.004000	-17.271500
1.005000	-18.803900
1.006000	-18.443199
1.007000	-21.327600
1.008000	-22.229000
1.009000	-23.400801
1.010000	-25.654200
1.011000	-24.933201
1.012000	-23.400801
1.013000	-22.138901
1.014000	-19.795401
1.015000	-19.164400
1.016000	-20.516399
1.017000	-20.967100
1.018000	-23.851400
1.019000	-24.482401
1.020000	-24.752800
1.021000	-24.302200
1.022000	-21.507900
1.023000	-18.353100
1.024000	-16.730700
1.025000	-17.271500
1.026000	-18.623600
1.027000	-21.688299
1.028000	-24.302200
1.029000	-23.580999
1.030000	-24.121901
1.031000	-23.490900
1.032000	-23.130400
1.033000	-23.130400
1.034000	-22.048800
1.035000	-19.164400
1.036000	-22.499399
1.037000	-19.434700
1.038000	-20.967100
1.039000	-25.023300
1.040000	-24.752800
1.041000	-28.538601
1.042000	-27.817600
1.043000	-26.916201
1.044000	-28.268200
1.045000	-26.014799
1.046000	-27.817600
1.047000	-29.169600
1.048000	-29.620199
1.049000	-33.586300
1.050000	-33.135502
1.051000	-33.766499
1.052000	-34.126999
1.053000	-31.693399
1.054000	-31.423000
1.055000	-28.358299
1.056000	-26.645700
1.057000	-27.727301
1.058000	-25.473900
1.059000	-26.285200
1.060000	-25.113400
1.061000	-23.761299
1.062000	-24.212000
1.063000	-22.138901
1.064000	-21.327600
1.065000	-22.229000
1.066000	-21.417801
1.067000	-23.310699
1.068000	-22.138901
1.069000	-21.598000
1.070000	-20.065701
1.071000	-17.812201
1.072000	-17.361601
1.073000	-17.542000
1.074000	-18.353100
1.075000	-18.082701
1.076000	-18.263000
1.077000	-19.885500
1.078000	-20.967100
1.079000	-22.229000
1.080000	-25.203400
1.081000	-25.383801
1.082000	-27.817600
1.083000	-27.457001
1.084000	-26.735800
1.085000	-28.087799
1.086000	-29.259701
1.087000	-31.513100
1.088000	-33.856602
1.089000	-36.560799
1.090000	-34.217300
1.091000	-32.594799
1.092000	-29.349701
1.093000	-31.242599
1.094000	-33.766499
1.095000	-36.019901
1.096000	-38.724098
1.097000	-37.462200
1.098000	-35.929798
1.099000	-33.946800
1.100000	-33.856602
1.101000	-34.577801
1.102000	-35.298801
1.103000	-34.757999
1.104000	-32.955299
1.105000	-31.152500
1.106000	-30.161100
1.107000	-30.341400
1.108000	-30.972200
1.109000	-31.693399
1.110000	-31.152500
1.111000	-29.890600
1.112000	-27.817600
1.113000	-26.555599
1.114000	-26.465401
1.115000	-26.826099
1.116000	-27.637199
1.117000	-27.907600
1.118000	-27.096300
1.119000	-26.735800
1.120000	-25.564100
1.121000	-24.842899
1.122000	-24.212000
1.123000	-23.490900
1.124000	-23.400801
1.125000	-22.950001
1.126000	-23.130400
1.127000	-23.761299
1.128000	-24.572701
1.129000	-25.383801
1.130000	-24.933201
1.131000	-23.761299
1.132000	-22.229000
1.133000	-21.057301
1.134000	-20.606501
1.135000	-21.327600
1.136000	-23.220501
1.137000	-24.842899
1.138000	-25.383801
1.139000	-24.933201
1.140000	-24.031799
1.141000	-23.671301
1.142000	-24.121901
1.143000	-26.014799
1.144000	-25.744301
1.145000	-26.195101
1.146000	-24.572701
1.147000	-24.302200
1.148000	-24.933201
1.149000	-25.834400
1.150000	-27.547100
1.151000	-27.366800
1.152000	-26.826099
1.153000	-26.555599
1.154000	-25.203400
1.155000	-25.834400
1.156000	-26.014799
1.157000	-26.555599
1.158000	-27.366800
1.159000	-27.276699
1.160000	-27.547100
1.161000	-26.916201
1.162000	-26.465401
1.163000	-26.104799
1.164000	-25.654200
1.165000	-25.564100
1.166000	-25.834400
1.167000	-25.924700
1.168000	-25.924700
1.169000	-25.654200
1.170000	-25.834400
1.171000	-25.383801
1.172000	-25.203400
1.173000	-25.203400
1.174000	-25.023300
1.175000	-24.482401
1.176000	-24.121901
1.177000	-22.950001
1.178000	-22.950001
1.179000	-22.499399
1.180000	-21.688299
1.181000	-22.048800
1.182000	-21.327600
1.183000	-21.868500
1.184000	-22.048800
1.185000	-21.417801
1.186000	-21.958500
1.187000	-21.327600
1.188000	-21.147400
1.189000	-21.057301
1.190000	-19.975599
1.191000	-19.885500
1.192000	-18.082701
1.193000	-17.992599
1.194000	-17.181299
1.195000	-18.082701
1.196000	-18.893999
1.197000	-19.254499
1.198000	-19.795401
1.199000	-18.984100
1.200000	-19.434700
1.201000	-18.443199
1.202000	-17.271500
1.203000	-17.361601
1.204000	-16.550301
1.205000	-17.722200
1.206000	-18.443199
1.207000	-17.902500
1.208000	-18.713600
1.209000	-18.353100
1.210000	-17.992599
1.211000	-18.263000
1.212000	-16.099701
1.213000	-14.927900
1.214000	-13.756200
1.215000	-11.322400
1.216000	-12.133800
1.217000	-11.863300
1.218000	-14.206800
1.219000	-13.846300
1.220000	-13.485800
1.221000	-10.691500
1.222000	-9.429550
1.223000	-8.708510
1.224000	-7.897190
1.225000	-7.987460
1.226000	-7.717020
1.227000	-6.545180
1.228000	-5.283250
1.229000	-6.094570
1.230000	-4.291770
1.231000	-6.635450
1.232000	-6.725530
1.233000	-6.184650
1.234000	-6.365010
1.235000	-2.939760
1.236000	-1.227220
1.237000	-1.587740
1.238000	0.755937
1.239000	-0.776428
1.240000	-2.308790
1.241000	-2.128440
1.242000	-3.390360
1.243000	-2.939760
1.244000	-1.677830
1.245000	-0.956782
1.246000	2.919080
1.247000	2.648640
1.248000	9.228710
1.249000	9.679320
1.250000	9.499150
1.251000	5.262760
1.252000	-56.570999
1.253000	-37.732601
1.254000	-78.654602
1.255000	-45.033501
1.256000	-2.579230
1.257000	27.436399
1.258000	39.153999
1.259000	13.825600
1.260000	-5.734050
1.261000	-11.683000
1.262000	-29.890600
1.263000	-14.657600
1.264000	-28.899099
1.265000	-10.060500
1.266000	-11.773200
1.267000	-16.820801
1.268000	-0.505989
1.269000	-0.686343
1.270000	13.104600
1.271000	40.686401
1.272000	22.839300
1.273000	21.307100
1.274000	9.138620
1.275000	-21.958500
1.276000	-11.322400
1.277000	11.482100
1.278000	39.334400
1.279000	66.555702
1.280000	58.353199
1.281000	39.424500
1.282000	-3.390360
1.283000	-37.552299
1.284000	-38.183201
1.285000	-22.589500
1.286000	9.589230
1.287000	25.813900
1.288000	14.186100
1.289000	-2.669320
1.290000	-31.783501
1.291000	-50.261600
1.292000	-40.076099
1.293000	-33.045399
1.294000	-21.237499
1.295000	-1.136950
1.296000	-13.846300
1.297000	-26.735800
1.298000	-15.018100
1.299000	-15.558800
1.300000	3.820480
1.301000	17.701500
1.302000	15.087500
1.303000	12.293400
1.304000	-4.922730
1.305000	5.803450
1.306000	14.006000
1.307000	24.822399
1.308000	39.694901
1.309000	44.111599
1.310000	43.029900
1.311000	22.388700
1.312000	2.919080
1.313000	-11.142300
1.314000	-19.705099
1.315000	-13.665900
1.316000	-6.545180
1.317000	0.485498
1.318000	8.147140
1.319000	-2.579230
1.320000	-2.308790
1.321000	-14.026600
1.322000	-23.220501
1.323000	-24.031799
1.324000	-33.495998
1.325000	-32.955299
1.326000	-30.341400
1.327000	-18.984100
1.328000	-2.398880
1.329000	15.358000
1.330000	28.698299
1.331000	22.388700
1.332000	13.735500
1.333000	-1.317310
1.334000	-6.545180
1.335000	-6.094570
1.336000	6.704860
1.337000	26.084299
1.338000	31.943199
1.339000	28.788401
1.340000	12.203200
1.341000	1.476980
1.342000	5.893720
1.343000	7.606260
1.344000	15.718500
1.345000	11.392000
1.346000	-0.235734
1.347000	-7.266410
1.348000	-23.130400
1.349000	-16.910999
1.350000	-10.691500
1.351000	8.327310
1.352000	10.220200
1.353000	9.318790
1.354000	-0.596258
1.355000	-20.786900
1.356000	-26.735800
1.357000	-25.383801
1.358000	-31.242599
1.359000	-4.832640
1.360000	2.378390
1.361000	9.859670
1.362000	15.808800
1.363000	2.017680
1.364000	8.778100
1.365000	-3.120110
1.366000	-9.159110
1.367000	0.665668
1.368000	-0.686343
1.369000	11.031500
1.370000	19.143801
1.371000	16.800301
1.372000	21.397200
1.373000	10.941200
1.374000	7.335820
1.375000	7.425900
1.376000	3.189520
1.377000	1.386900
1.378000	6.163980
1.379000	4.992320
1.380000	-3.029840
1.381000	-8.257900
1.382000	-10.331000
1.383000	-14.927900
1.384000	0.124974
1.385000	1.567070
1.386000	1.567070
1.387000	-2.759400
1.388000	-20.967100
1.389000	-31.603201
1.390000	-30.701900
1.391000	-22.499399
1.392000	3.099430
1.393000	14.907400
1.394000	18.963400
1.395000	15.808800
1.396000	-5.283250
1.397000	-11.412500
1.398000	-10.421000
1.399000	-0.686343
1.400000	21.757700
1.401000	28.247499
1.402000	27.886999
1.403000	19.954901
1.404000	3.189520
1.405000	2.468470
1.406000	-0.776428
1.407000	8.507660
1.408000	15.628400
1.409000	11.752600
1.410000	6.794940
1.411000	-5.103080
1.412000	-15.649100
1.413000	-11.592900
1.414000	-11.773200
1.415000	-6.455090
1.416000	-1.227220
1.417000	-9.249380
1.418000	-16.910999
1.419000	-18.893999
1.420000	-24.933201
1.421000	-13.305400
1.422000	-9.790080
1.423000	0.124974
1.424000	5.623290
1.425000	3.009350
1.426000	7.876700
1.427000	3.459960
1.428000	5.983810
1.429000	6.885210
1.430000	6.704860
1.431000	7.786430
1.432000	7.425900
1.433000	8.417390
1.434000	10.490600
1.435000	14.366500
1.436000	16.259399
1.437000	10.851200
1.438000	9.589230
1.439000	-3.570720
1.440000	-2.038350
1.441000	-2.489150
1.442000	0.846022
1.443000	7.696340
1.444000	3.550040
1.445000	-0.596258
1.446000	-4.742560
1.447000	-14.387200
1.448000	-12.584400
1.449000	-16.280100
1.450000	-9.249380
1.451000	-6.365010
1.452000	-5.373520
1.453000	-3.931240
1.454000	-8.798590
1.455000	-6.725530
1.456000	-3.931240
1.457000	1.026190
1.458000	8.056870
1.459000	4.361360
1.460000	2.468470
1.461000	0.305144
1.462000	-3.300280
1.463000	1.116460
1.464000	5.082410
1.465000	11.572200
1.466000	17.070499
1.467000	14.727000
1.468000	12.023000
1.469000	8.417390
1.470000	5.983810
1.471000	9.679320
1.472000	7.065380
1.473000	10.220200
1.474000	7.786430
1.475000	1.206550
1.476000	-1.046870
1.477000	-6.905700
1.478000	-9.609910
1.479000	-8.888860
1.480000	-8.528150
1.481000	-8.978940
1.482000	-10.240900
1.483000	-11.953400
1.484000	-8.347980
1.485000	-8.438070
1.486000	-9.429550
1.487000	-9.249380
1.488000	-10.331000
1.489000	-10.781600
1.490000	-7.356490
1.491000	-7.446580
1.492000	0.034705
1.493000	1.927590
1.494000	4.541530
1.495000	8.417390
1.496000	8.958270
1.497000	9.679320
1.498000	13.555200
1.499000	13.104600
1.500000	15.358000
1.501000	14.186100
1.502000	10.580700
1.503000	9.859670
1.504000	7.155650
1.505000	5.262760
1.506000	4.631800
1.507000	1.476980
1.508000	2.828990
1.509000	-0.596258
1.510000	-4.201680
1.511000	-7.536660
1.512000	-9.159110
1.513000	-9.880350
1.514000	-11.412500
1.515000	-9.699990
1.516000	-8.798590
1.517000	-6.995970
1.518000	-5.643780
1.519000	-7.446580
1.520000	-5.643780
1.521000	-6.274740
1.522000	-5.012810
1.523000	-2.579230
1.524000	-2.759400
1.525000	0.124974
1.526000	5.172490
1.527000	7.966780
1.528000	10.941200
1.529000	10.130100
1.530000	10.670800
1.531000	8.056870
1.532000	6.975300
1.533000	9.048350
1.534000	6.254250
1.535000	8.868180
1.536000	8.868180
1.537000	6.885210
1.538000	7.425900
1.539000	3.189520
1.540000	-1.497660
1.541000	-0.415904
1.542000	-1.317310
1.543000	-6.995970
1.544000	-6.184650
1.545000	-15.378700
1.546000	-20.426399
1.547000	-26.375299
1.548000	-32.414501
1.549000	-26.916201
1.550000	-21.868500
1.551000	-14.116700
1.552000	-5.734050
1.553000	-4.201680
1.554000	-6.545180
1.555000	-8.798590
1.556000	-9.339470
1.557000	-10.331000
1.558000	-5.373520
1.559000	-0.686343
1.560000	2.198030
1.561000	2.558560
1.562000	2.828990
1.563000	2.288120
1.564000	7.245730
1.565000	12.023000
1.566000	15.628400
1.567000	17.070499
1.568000	13.555200
1.569000	9.679320
1.570000	3.550040
1.571000	2.919080
1.572000	3.009350
1.573000	2.198030
1.574000	2.648640
1.575000	1.567070
1.576000	-5.283250
1.577000	-9.880350
1.578000	-13.215300
1.579000	-16.009600
1.580000	-14.026600
1.581000	-12.674500
1.582000	-12.584400
1.583000	-13.936400
1.584000	-12.404200
1.585000	-12.494300
1.586000	-13.485800
1.587000	-14.206800
1.588000	-15.108200
1.589000	-13.485800
1.590000	-12.494300
1.591000	-8.438070
1.592000	-1.767910
1.593000	1.476980
1.594000	8.958270
1.595000	1.567070
1.596000	4.631800
1.597000	2.378390
1.598000	-1.858180
1.599000	0.485498
1.600000	-0.686343
1.601000	-2.849670
1.602000	-0.505989
1.603000	-4.922730
1.604000	-1.227220
1.605000	0.124974
1.606000	-9.790080
1.607000	-7.266410
1.608000	-16.910999
1.609000	-22.138901
1.610000	-22.048800
1.611000	-36.831200
1.612000	-19.344601
1.613000	-5.373520
1.614000	3.189520
1.615000	24.461901
1.616000	19.504299
1.617000	6.704860
1.618000	-8.438070
1.619000	-32.684898
1.620000	-38.002899
1.621000	-42.509701
1.622000	-42.239399
1.623000	-26.916201
1.624000	-19.254499
1.625000	-8.347980
1.626000	6.614770
1.627000	12.203200
1.628000	16.709999
1.629000	16.169300
1.630000	3.640310
1.631000	-4.922730
1.632000	-13.936400
1.633000	-22.409300
1.634000	-16.910999
1.635000	-14.837800
1.636000	-7.176140
1.637000	-0.956782
1.638000	-1.136950
1.639000	2.468470
1.640000	-0.776428
1.641000	-4.562200
1.642000	-7.266410
1.643000	-13.936400
1.644000	-12.313900
1.645000	-10.150800
1.646000	-4.742560
1.647000	3.189520
1.648000	4.811970
1.649000	8.056870
1.650000	2.919080
1.651000	-4.562200
1.652000	-7.356490
1.653000	-9.609910
1.654000	-7.446580
1.655000	3.369870
1.656000	13.645400
1.657000	1.837510
1.658000	5.803450
1.659000	-7.266410
1.660000	-9.609910
1.661000	-9.609910
1.662000	-7.176140
1.663000	1.206550
1.664000	1.476980
1.665000	3.459960
1.666000	-1.136950
1.667000	-6.815620
1.668000	-0.776428
1.669000	-1.497660
1.670000	5.533020
1.671000	3.910570
1.672000	-1.046870
1.673000	0.575583
1.674000	-4.021330
1.675000	-0.325819
1.676000	4.181010
1.677000	4.902050
1.678000	8.507660
1.679000	3.099430
1.680000	-1.587740
1.681000	-3.660800
1.682000	-8.528150
1.683000	-4.382030
1.684000	-0.596258
1.685000	4.090920
1.686000	7.876700
1.687000	6.794940
1.688000	6.524690
1.689000	4.541530
1.690000	1.386900
1.691000	1.476980
1.692000	-0.145465
1.693000	1.116460
1.694000	4.000840
1.695000	3.730400
1.696000	4.451440
1.697000	1.026190
1.698000	0.485498
1.699000	-0.686343
1.700000	0.305144
1.701000	1.927590
1.702000	5.533020
1.703000	4.000840
1.704000	2.828990
1.705000	-2.579230
1.706000	-6.004480
1.707000	-5.553690
1.708000	-6.365010
1.709000	-2.128440
1.710000	2.468470
1.711000	4.451440
1.712000	5.533020
1.713000	0.034705
1.714000	-1.767910
1.715000	-4.652290
1.716000	-5.643780
1.717000	1.927590
1.718000	4.000840
1.719000	7.606260
1.720000	7.425900
1.721000	2.738910
1.722000	1.026190
1.723000	0.034705
1.724000	1.476980
1.725000	6.794940
1.726000	7.065380
1.727000	7.516170
1.728000	3.009350
1.729000	-2.308790
1.730000	-4.111600
1.731000	-4.742560
1.732000	-2.128440
1.733000	1.657150
1.734000	1.026190
1.735000	-0.415904
1.736000	-4.562200
1.737000	-9.970430
1.738000	-8.257900
1.739000	-8.347980
1.740000	-1.858180
1.741000	2.288120
1.742000	5.172490
1.743000	5.442930
1.744000	1.296630
1.745000	-0.956782
1.746000	-1.407390
1.747000	-2.218710
1.748000	2.558560
1.749000	3.640310
1.750000	5.623290
1.751000	6.524690
1.752000	5.983810
1.753000	6.614770
1.754000	6.975300
1.755000	5.262760
1.756000	5.442930
1.757000	2.017680
1.758000	1.657150
1.759000	2.017680
1.760000	0.575583
1.761000	1.476980
1.762000	0.485498
1.763000	0.485498
1.764000	0.034705
1.765000	-1.948270
1.766000	-2.669320
1.767000	-4.201680
1.768000	-4.832640
1.769000	-4.382030
1.770000	-4.201680
1.771000	-1.767910
1.772000	-0.055380
1.773000	2.648640
1.774000	3.369870
1.775000	1.837510
1.776000	0.665668
1.777000	-1.227220
1.778000	-2.669320
1.779000	-1.046870
1.780000	0.124974
1.781000	1.116460
1.782000	5.172490
1.783000	4.721880
1.784000	5.983810
1.785000	7.065380
1.786000	5.623290
1.787000	5.442930
1.788000	3.459960
1.789000	2.017680
1.790000	2.198030
1.791000	2.378390
1.792000	2.558560
1.793000	3.730400
1.794000	2.288120
1.795000	-0.145465
1.796000	-1.677830
1.797000	-5.553690
1.798000	-7.356490
1.799000	-7.536660
1.800000	-6.815620
1.801000	-5.012810
1.802000	-3.029840
1.803000	-2.759400
1.804000	-3.029840
1.805000	-2.489150
1.806000	-3.751070
1.807000	-3.841160
1.808000	-2.218710
1.809000	-2.939760
1.810000	-3.300280
1.811000	-0.866697
1.812000	0.034705
1.813000	0.755937
1.814000	3.189520
1.815000	5.082410
1.816000	6.073890
1.817000	4.451440
1.818000	4.361360
1.819000	3.640310
1.820000	1.927590
1.821000	2.648640
1.822000	2.738910
1.823000	1.476980
1.824000	1.296630
1.825000	0.124974
1.826000	-1.587740
1.827000	-1.317310
1.828000	-3.570720
1.829000	-4.291770
1.830000	-4.472120
1.831000	-4.562200
1.832000	-5.643780
1.833000	-4.291770
1.834000	-3.029840
1.835000	-3.120110
1.836000	-3.390360
1.837000	-4.742560
1.838000	-6.635450
1.839000	-5.734050
1.840000	-3.300280
1.841000	-2.398880
1.842000	0.575583
1.843000	1.116460
1.844000	1.296630
1.845000	2.648640
1.846000	2.919080
1.847000	4.721880
1.848000	5.172490
1.849000	3.369870
1.850000	5.352850
1.851000	3.189520
1.852000	3.820480
1.853000	2.648640
1.854000	1.657150
1.855000	2.198030
1.856000	1.657150
1.857000	3.189520
1.858000	2.648640
1.859000	1.206550
1.860000	-0.866697
1.861000	-2.128440
1.862000	-2.308790
1.863000	-1.407390
1.864000	-2.308790
1.865000	-1.677830
1.866000	-1.046870
1.867000	-2.218710
1.868000	-0.415904
1.869000	-1.677830
1.870000	-2.579230
1.871000	-1.046870
1.872000	-1.317310
1.873000	1.927590
1.874000	3.009350
1.875000	4.721880
1.876000	4.992320
1.877000	4.271270
1.878000	4.000840
1.879000	3.910570
1.880000	4.811970
1.881000	5.082410
1.882000	5.983810
1.883000	5.533020
1.884000	4.451440
1.885000	3.459960
1.886000	3.009350
1.887000	2.288120
1.888000	3.099430
1.889000	2.558560
1.890000	1.567070
1.891000	-0.055380
1.892000	-0.956782
1.893000	-3.931240
1.894000	-5.103080
1.895000	-4.652290
1.896000	-4.021330
1.897000	-2.489150
1.898000	-1.046870
1.899000	-1.497660
1.900000	-1.677830
1.901000	-2.489150
1.902000	-2.669320
1.903000	-1.677830
1.904000	-0.415904
1.905000	1.026190
1.906000	2.558560
1.907000	2.288120
1.908000	3.459960
1.909000	3.189520
1.910000	3.009350
1.911000	4.541530
1.912000	4.992320
1.913000	5.623290
1.914000	4.992320
1.915000	3.910570
1.916000	3.279600
1.917000	3.099430
1.918000	3.009350
1.919000	2.198030
1.920000	1.386900
1.921000	0.846022
1.922000	-1.227220
1.923000	-1.227220
1.924000	-1.858180
1.925000	-3.931240
1.926000	-3.570720
1.927000	-4.021330
1.928000	-4.201680
1.929000	-2.308790
1.930000	-2.579230
1.931000	-1.948270
1.932000	-1.767910
1.933000	-3.480630
1.934000	-2.038350
1.935000	-1.858180
1.936000	-1.136950
1.937000	1.927590
1.938000	3.009350
1.939000	3.730400
1.940000	4.811970
1.941000	3.279600
1.942000	2.468470
1.943000	2.558560
1.944000	2.468470
1.945000	3.369870
1.946000	4.181010
1.947000	4.181010
1.948000	3.730400
1.949000	3.099430
1.950000	1.747420
1.951000	1.657150
1.952000	1.296630
1.953000	1.116460
1.954000	1.206550
1.955000	-1.317310
1.956000	-1.317310
1.957000	-2.128440
1.958000	-3.841160
1.959000	-2.939760
1.960000	-2.759400
1.961000	-2.128440
1.962000	-1.317310
1.963000	-2.669320
1.964000	-2.759400
1.965000	-3.029840
1.966000	-2.308790
1.967000	-0.776428
1.968000	0.485498
1.969000	1.837510
1.970000	2.828990
1.971000	1.657150
1.972000	1.567070
1.973000	1.657150
1.974000	2.288120
1.975000	3.189520
1.976000	4.000840
1.977000	3.640310
1.978000	2.288120
1.979000	1.747420
1.980000	0.755937
1.981000	0.124974
1.982000	0.485498
1.983000	-0.145465
1.984000	-0.596258
1.985000	-1.407390
1.986000	-3.660800
1.987000	-3.480630
1.988000	-4.472120
1.989000	-4.742560
1.990000	-4.021330
1.991000	-3.751070
1.992000	-2.939760
1.993000	-3.210190
1.994000	-3.570720
1.995000	-2.398880
1.996000	-2.218710
1.997000	-1.407390
1.998000	-0.686343
1.999000	-0.686343
2.000000	-0.235734
2.001000	-0.325819
2.002000	0.485498
2.003000	1.206550
2.004000	1.747420
2.005000	2.738910
2.006000	1.567070
2.007000	1.837510
2.008000	1.567070
2.009000	0.395229
2.010000	2.828990
2.011000	2.288120
2.012000	1.657150
2.013000	2.017680
2.014000	-0.055380
2.015000	-0.415904
2.016000	-0.956782
2.017000	-2.579230
2.018000	-1.677830
2.019000	-0.956782
2.020000	-0.415904
2.021000	-1.227220
2.022000	-2.398880
2.023000	-2.759400
2.024000	-2.489150
2.025000	-2.038350
2.026000	-1.497660
2.027000	-0.596258
2.028000	-0.956782
2.029000	0.395229
2.030000	0.124974
2.031000	1.747420
2.032000	2.198030
2.033000	3.189520
2.034000	4.000840
2.035000	3.550040
2.036000	3.550040
2.037000	3.459960
2.038000	3.730400
2.039000	4.902050
2.040000	4.271270
2.041000	4.902050
2.042000	5.352850
2.043000	3.459960
2.044000	3.459960
2.045000	1.927590
2.046000	1.386900
2.047000	1.206550
2.048000	0.936107
2.049000	0.665668
2.050000	0.755937
2.051000	-0.956782
2.052000	-0.776428
2.053000	-1.497660
2.054000	-0.956782
2.055000	-0.325819
2.056000	-0.415904
2.057000	0.124974
2.058000	-0.596258
2.059000	-0.415904
2.060000	0.215059
2.061000	-0.235734
2.062000	1.657150
2.063000	1.837510
2.064000	1.116460
2.065000	2.648640
2.066000	2.288120
2.067000	2.738910
2.068000	2.648640
2.069000	2.919080
2.070000	2.738910
2.071000	2.468470
2.072000	2.648640
2.073000	2.107950
2.074000	2.198030
2.075000	1.837510
2.076000	1.386900
2.077000	0.936107
2.078000	-0.235734
2.079000	-1.136950
2.080000	-1.767910
2.081000	-2.489150
2.082000	-1.227220
2.083000	-0.055380
2.084000	-0.686343
2.085000	0.124974
2.086000	-1.317310
2.087000	-2.308790
2.088000	-1.227220
2.089000	-2.849670
2.090000	-1.136950
2.091000	0.755937
2.092000	-0.415904
2.093000	0.124974
2.094000	0.665668
2.095000	0.305144
2.096000	1.206550
2.097000	1.116460
2.098000	2.738910
2.099000	3.099430
2.100000	1.026190
2.101000	2.558560
2.102000	0.215059
2.103000	-0.415904
2.104000	-10.240900
2.105000	-35.028400
2.106000	-9.069030
2.107000	-14.657600
2.108000	-3.390360
2.109000	-10.060500
2.110000	10.310300
2.111000	5.983810
2.112000	5.983810
2.113000	6.975300
2.114000	4.271270
2.115000	7.696340
2.116000	-4.472120
2.117000	-13.035200
2.118000	-8.708510
2.119000	-21.958500
2.120000	1.386900
2.121000	26.715300
2.122000	29.689800
2.123000	19.504299
2.124000	2.558560
2.125000	-12.043500
2.126000	-21.507900
2.127000	-24.392300
2.128000	6.885210
2.129000	16.349501
2.130000	34.827599
2.131000	30.320700
2.132000	18.783199
2.133000	-13.665900
2.134000	-12.043500
2.135000	-18.443199
2.136000	5.442930
2.137000	19.504299
2.138000	18.963400
2.139000	13.284900
2.140000	-0.776428
2.141000	-19.975599
2.142000	-15.018100
2.143000	-13.575900
2.144000	12.924400
2.145000	20.135201
2.146000	16.619900
2.147000	5.082410
2.148000	-19.705099
2.149000	-29.620199
2.150000	-19.164400
2.151000	-4.562200
2.152000	12.473600
2.153000	27.256001
2.154000	13.014500
2.155000	9.679320
2.156000	-11.052000
2.157000	-14.477300
2.158000	-10.511300
2.159000	2.107950
2.160000	7.155650
2.161000	15.808800
2.162000	8.958270
2.163000	6.524690
2.164000	2.468470
2.165000	-1.046870
2.166000	-6.905700
2.167000	-3.210190
2.168000	-6.455090
2.169000	1.026190
2.170000	2.738910
2.171000	2.828990
2.172000	0.305144
2.173000	-4.021330
2.174000	-6.635450
2.175000	-9.069030
2.176000	-6.274740
2.177000	-2.308790
2.178000	0.665668
2.179000	-0.325819
2.180000	-3.841160
2.181000	-8.708510
2.182000	-4.111600
2.183000	-2.669320
2.184000	3.189520
2.185000	2.558560
2.186000	3.189520
2.187000	-0.145465
2.188000	-0.866697
2.189000	-6.004480
2.190000	-5.012810
2.191000	-3.660800
2.192000	1.206550
2.193000	5.713370
2.194000	8.056870
2.195000	6.434420
2.196000	6.254250
2.197000	-0.596258
2.198000	-5.734050
2.199000	-9.339470
2.200000	-6.094570
2.201000	0.215059
2.202000	6.614770
2.203000	6.975300
2.204000	3.910570
2.205000	-1.497660
2.206000	-5.734050
2.207000	-5.103080
2.208000	-2.579230
2.209000	1.386900
2.210000	3.550040
2.211000	1.476980
2.212000	-0.866697
2.213000	-3.210190
2.214000	-1.767910
2.215000	3.369870
2.216000	6.524690
2.217000	7.966780
2.218000	4.181010
2.219000	0.665668
2.220000	-2.579230
2.221000	-3.570720
2.222000	-1.227220
2.223000	1.837510
2.224000	5.262760
2.225000	6.794940
2.226000	6.434420
2.227000	4.451440
2.228000	2.828990
2.229000	1.657150
2.230000	0.305144
2.231000	0.034705
2.232000	-1.046870
2.233000	-0.686343
2.234000	0.846022
2.235000	2.378390
2.236000	3.099430
2.237000	1.386900
2.238000	-0.686343
2.239000	-2.398880
2.240000	-3.120110
2.241000	-2.579230
2.242000	-0.776428
2.243000	1.026190
2.244000	2.017680
2.245000	2.468470
2.246000	1.296630
2.247000	0.034705
2.248000	0.215059
2.249000	0.305144
2.250000	0.485498
2.251000	-0.145465
2.252000	-0.235734
2.253000	-1.767910
2.254000	-1.677830
2.255000	-0.956782
2.256000	0.124974
2.257000	2.648640
2.258000	3.550040
2.259000	3.730400
2.260000	1.927590
2.261000	-0.776428
2.262000	-2.308790
2.263000	-2.939760
2.264000	-2.579230
2.265000	-1.317310
2.266000	-0.415904
2.267000	0.124974
2.268000	0.034705
2.269000	-1.227220
2.270000	-2.128440
2.271000	-2.759400
2.272000	-1.587740
2.273000	0.034705
2.274000	1.837510
2.275000	2.558560
2.276000	1.386900
2.277000	-0.505989
2.278000	-1.767910
2.279000	-3.210190
2.280000	-2.669320
2.281000	-0.776428
2.282000	0.846022
2.283000	1.747420
2.284000	0.755937
2.285000	-0.686343
2.286000	-1.317310
2.287000	-0.415904
2.288000	1.206550
2.289000	3.009350
2.290000	3.189520
2.291000	1.927590
2.292000	0.034705
2.293000	-1.497660
2.294000	-2.218710
2.295000	-1.587740
2.296000	0.124974
2.297000	1.026190
2.298000	1.026190
2.299000	-0.235734
2.300000	-0.415904
2.301000	0.215059
2.302000	1.476980
2.303000	2.288120
2.304000	3.189520
2.305000	2.738910
2.306000	2.198030
2.307000	1.206550
2.308000	0.034705
2.309000	-0.686343
2.310000	-0.596258
2.311000	0.124974
2.312000	0.215059
2.313000	0.575583
2.314000	1.026190
2.315000	2.107950
2.316000	3.009350
2.317000	3.279600
2.318000	2.468470
2.319000	2.288120
2.320000	1.657150
2.321000	1.116460
2.322000	0.575583
2.323000	-0.145465
2.324000	0.124974
2.325000	0.665668
2.326000	1.116460
2.327000	0.846022
2.328000	1.386900
2.329000	2.017680
2.330000	2.558560
2.331000	1.657150
2.332000	1.116460
2.333000	0.575583
2.334000	0.755937
2.335000	1.116460
2.336000	1.026190
2.337000	1.296630
2.338000	1.476980
2.339000	1.206550
2.340000	0.124974
2.341000	-0.776428
2.342000	-1.317310
2.343000	-0.686343
2.344000	0.395229
2.345000	1.386900
2.346000	1.567070
2.347000	2.107950
2.348000	1.657150
2.349000	0.665668
2.350000	-0.686343
2.351000	-1.767910
2.352000	-1.407390
2.353000	-0.866697
2.354000	-0.596258
2.355000	-0.686343
2.356000	-0.956782
2.357000	-0.866697
2.358000	-0.956782
2.359000	-0.866697
2.360000	-0.505989
2.361000	0.034705
2.362000	0.395229
2.363000	0.124974
2.364000	-1.046870
2.365000	-1.677830
2.366000	-1.407390
2.367000	-0.596258
2.368000	0.034705
2.369000	0.034705
2.370000	-0.235734
2.371000	-0.686343
2.372000	-1.227220
2.373000	-0.956782
2.374000	-0.505989
2.375000	0.846022
2.376000	1.927590
2.377000	2.378390
2.378000	1.927590
2.379000	0.936107
2.380000	0.395229
2.381000	0.305144
2.382000	-0.055380
2.383000	-0.145465
2.384000	-0.145465
2.385000	-0.235734
2.386000	0.124974
2.387000	0.755937
2.388000	1.386900
2.389000	2.107950
2.390000	2.107950
2.391000	1.927590
2.392000	1.026190
2.393000	0.215059
2.394000	0.124974
2.395000	0.395229
2.396000	0.936107
2.397000	1.206550
2.398000	0.846022
2.399000	0.846022
2.400000	0.755937
2.401000	0.846022
2.402000	1.116460
2.403000	1.296630
2.404000	1.657150
2.405000	1.567070
2.406000	1.386900
2.407000	1.386900
2.408000	1.567070
2.409000	1.837510
2.410000	2.198030
2.411000	1.386900
2.412000	1.026190
2.413000	0.305144
2.414000	-0.055380
2.415000	-0.055380
2.416000	0.305144
2.417000	1.206550
2.418000	2.107950
2.419000	2.378390
2.420000	2.017680
2.421000	1.296630
2.422000	0.395229
2.423000	-0.325819
2.424000	-1.136950
2.425000	-1.046870
2.426000	-1.046870
2.427000	-0.776428
2.428000	-0.686343
2.429000	-0.596258
2.430000	-0.505989
2.431000	-0.686343
2.432000	-0.866697
2.433000	-0.866697
2.434000	-1.136950
2.435000	-1.227220
2.436000	-1.407390
2.437000	-1.407390
2.438000	-1.046870
2.439000	-0.776428
2.440000	-0.596258
2.441000	-0.415904
2.442000	-0.956782
2.443000	-1.227220
2.444000	-1.407390
2.445000	-1.497660
2.446000	-1.046870
2.447000	-0.325819
2.448000	0.395229
2.449000	0.936107
2.450000	0.846022
2.451000	0.936107
2.452000	0.395229
2.453000	0.215059
2.454000	-0.235734
2.455000	-0.776428
2.456000	-1.136950
2.457000	-0.866697
2.458000	-0.776428
2.459000	-0.145465
2.460000	-0.055380
2.461000	0.215059
2.462000	0.755937
2.463000	0.395229
2.464000	0.124974
2.465000	-0.325819
2.466000	-0.596258
2.467000	-0.505989
2.468000	-0.415904
2.469000	-0.235734
2.470000	0.124974
2.471000	0.485498
2.472000	1.206550
2.473000	1.386900
2.474000	1.747420
2.475000	2.107950
2.476000	1.747420
2.477000	1.837510
2.478000	1.476980
2.479000	1.476980
2.480000	1.747420
2.481000	2.198030
2.482000	2.468470
2.483000	2.468470
2.484000	2.107950
2.485000	2.107950
2.486000	1.747420
2.487000	1.206550
2.488000	1.026190
2.489000	0.936107
2.490000	0.936107
2.491000	1.116460
2.492000	1.116460
2.493000	1.476980
2.494000	1.657150
2.495000	1.747420
2.496000	1.747420
2.497000	0.846022
2.498000	0.395229
2.499000	0.215059
2.500000	0.395229
2.501000	0.755937
2.502000	1.026190
2.503000	1.657150
2.504000	2.198030
2.505000	2.107950
2.506000	1.747420
2.507000	1.476980
2.508000	1.206550
2.509000	1.567070
2.510000	1.206550
2.511000	1.296630
2.512000	1.296630
2.513000	1.206550
2.514000	1.296630
2.515000	1.116460
2.516000	0.846022
2.517000	0.755937
2.518000	0.846022
2.519000	0.575583
2.520000	0.485498
2.521000	-0.055380
2.522000	0.124974
2.523000	0.034705
2.524000	-0.055380
2.525000	-0.145465
2.526000	-0.415904
2.527000	-0.325819
2.528000	-0.686343
2.529000	-1.136950
2.530000	-1.497660
2.531000	-1.587740
2.532000	-1.317310
2.533000	-1.136950
2.534000	-0.956782
2.535000	-0.686343
2.536000	-0.686343
2.537000	-0.325819
2.538000	-0.235734
2.539000	-0.145465
2.540000	-0.145465
2.541000	-0.325819
2.542000	-0.596258
2.543000	-1.046870
2.544000	-1.136950
2.545000	-1.046870
2.546000	-0.596258
2.547000	-0.235734
2.548000	0.215059
2.549000	0.124974
2.550000	0.034705
2.551000	-0.235734
2.552000	-0.686343
2.553000	-0.776428
2.554000	-0.956782
2.555000	-0.776428
2.556000	-0.505989
2.557000	-0.325819
2.558000	-0.325819
2.559000	-0.235734
2.560000	-0.325819
2.561000	0.034705
2.562000	-0.235734
2.563000	-0.055380
2.564000	0.034705
2.565000	0.124974
2.566000	0.575583
2.567000	0.936107
2.568000	1.116460
2.569000	1.567070
2.570000	1.206550
2.571000	0.936107
2.572000	0.665668
2.573000	0.215059
2.574000	0.575583
2.575000	0.755937
2.576000	1.116460
2.577000	1.386900
2.578000	1.476980
2.579000	1.567070
2.580000	1.386900
2.581000	1.116460
2.582000	1.116460
2.583000	1.206550
2.584000	1.206550
2.585000	1.476980
2.586000	1.026190
2.587000	1.206550
2.588000	1.026190
2.589000	1.026190
2.590000	1.206550
2.591000	1.567070
2.592000	1.567070
2.593000	1.476980
2.594000	1.116460
2.595000	0.936107
2.596000	0.755937
2.597000	0.936107
2.598000	1.386900
2.599000	1.386900
2.600000	1.386900
2.601000	0.936107
2.602000	0.575583
2.603000	0.305144
2.604000	0.395229
2.605000	0.846022
2.606000	1.116460
2.607000	0.936107
2.608000	0.755937
2.609000	0.124974
2.610000	-0.145465
2.611000	0.034705
2.612000	0.395229
2.613000	0.755937
2.614000	0.846022
2.615000	0.485498
2.616000	-0.235734
2.617000	-0.776428
2.618000	-1.046870
2.619000	-0.596258
2.620000	-0.145465
2.621000	0.124974
2.622000	0.124974
2.623000	0.124974
2.624000	-0.145465
2.625000	-0.686343
2.626000	-0.866697
2.627000	-0.956782
2.628000	-0.866697
2.629000	-0.596258
2.630000	-0.325819
2.631000	0.034705
2.632000	0.215059
2.633000	0.305144
2.634000	0.305144
2.635000	-0.055380
2.636000	-0.325819
2.637000	-0.415904
2.638000	-0.415904
2.639000	-0.145465
2.640000	0.215059
2.641000	0.575583
2.642000	0.485498
2.643000	0.305144
2.644000	0.215059
2.645000	0.124974
2.646000	0.215059
2.647000	0.395229
2.648000	0.305144
2.649000	0.215059
2.650000	-0.055380
2.651000	-0.055380
2.652000	0.124974
2.653000	0.305144
2.654000	0.755937
2.655000	0.846022
2.656000	0.846022
2.657000	0.575583
2.658000	0.124974
2.659000	-0.055380
2.660000	0.124974
2.661000	0.485498
2.662000	0.936107
2.663000	1.206550
2.664000	1.116460
2.665000	0.936107
2.666000	0.755937
2.667000	0.485498
2.668000	0.575583
2.669000	0.755937
2.670000	0.846022
2.671000	1.026190
2.672000	0.575583
2.673000	0.485498
2.674000	0.575583
2.675000	0.665668
2.676000	1.026190
2.677000	1.206550
2.678000	1.476980
2.679000	1.476980
2.680000	1.026190
2.681000	0.755937
2.682000	0.395229
2.683000	0.305144
2.684000	0.846022
2.685000	1.206550
2.686000	1.837510
2.687000	1.837510
2.688000	1.476980
2.689000	0.936107
2.690000	0.395229
2.691000	0.124974
2.692000	0.305144
2.693000	0.485498
2.694000	0.936107
2.695000	1.026190
2.696000	1.026190
2.697000	0.936107
2.698000	0.395229
2.699000	0.215059
2.700000	0.034705
2.701000	0.034705
2.702000	0.034705
2.703000	0.034705
2.704000	-0.145465
2.705000	-0.055380
2.706000	-0.055380
2.707000	0.485498
2.708000	0.665668
2.709000	0.665668
2.710000	0.575583
2.711000	0.124974
2.712000	-0.325819
2.713000	-0.415904
2.714000	-0.596258
2.715000	-0.415904
2.716000	0.034705
2.717000	0.395229
2.718000	0.665668
2.719000	0.665668
2.720000	0.485498
2.721000	0.124974
2.722000	-0.055380
2.723000	-0.235734
2.724000	0.034705
2.725000	0.305144
2.726000	0.395229
2.727000	0.305144
2.728000	0.124974
2.729000	0.124974
2.730000	-0.055380
2.731000	0.124974
2.732000	0.034705
2.733000	0.305144
2.734000	0.215059
2.735000	0.215059
2.736000	0.034705
2.737000	-0.145465
2.738000	0.124974
2.739000	0.395229
2.740000	0.485498
2.741000	0.665668
2.742000	0.575583
2.743000	0.215059
2.744000	-0.145465
2.745000	-0.325819
2.746000	-0.235734
2.747000	0.034705
2.748000	0.215059
2.749000	0.575583
2.750000	0.755937
2.751000	0.846022
2.752000	0.665668
2.753000	0.575583
2.754000	0.485498
2.755000	0.485498
2.756000	0.124974
2.757000	0.305144
2.758000	0.215059
2.759000	0.124974
2.760000	0.395229
2.761000	0.575583
2.762000	0.665668
2.763000	0.665668
2.764000	0.665668
2.765000	0.395229
2.766000	0.215059
2.767000	-0.055380
2.768000	0.124974
2.769000	0.305144
2.770000	0.575583
2.771000	0.665668
2.772000	0.846022
2.773000	0.755937
2.774000	0.575583
2.775000	0.305144
2.776000	0.124974
2.777000	0.034705
2.778000	0.305144
2.779000	0.575583
2.780000	0.755937
2.781000	1.026190
2.782000	0.846022
2.783000	0.846022
2.784000	0.665668
2.785000	0.305144
2.786000	0.395229
2.787000	0.124974
2.788000	0.034705
2.789000	-0.055380
2.790000	0.034705
2.791000	0.034705
2.792000	0.124974
2.793000	0.124974
2.794000	0.215059
2.795000	-0.055380
2.796000	0.124974
2.797000	0.034705
2.798000	-0.055380
2.799000	0.034705
2.800000	-0.145465
2.801000	0.124974
2.802000	0.305144
2.803000	0.124974
2.804000	0.485498
2.805000	0.485498
2.806000	0.395229
2.807000	0.485498
2.808000	0.305144
2.809000	0.305144
2.810000	0.215059
2.811000	0.215059
2.812000	0.485498
2.813000	0.755937
2.814000	0.936107
2.815000	1.026190
2.816000	0.846022
2.817000	0.665668
2.818000	0.305144
2.819000	0.034705
2.820000	0.124974
2.821000	0.124974
2.822000	0.215059
2.823000	0.485498
2.824000	0.755937
2.825000	0.846022
2.826000	0.846022
2.827000	1.026190
2.828000	0.846022
2.829000	1.026190
2.830000	0.755937
2.831000	0.755937
2.832000	0.485498
2.833000	0.395229
2.834000	0.755937
2.835000	1.206550
2.836000	1.476980
2.837000	1.567070
2.838000	1.476980
2.839000	1.026190
2.840000	0.846022
2.841000	0.846022
2.842000	0.846022
2.843000	1.116460
2.844000	1.206550
2.845000	1.296630
2.846000	1.026190
2.847000	0.846022
2.848000	0.755937
2.849000	0.485498
2.850000	0.665668
2.851000	0.665668
2.852000	0.755937
2.853000	0.575583
2.854000	0.665668
2.855000	0.575583
2.856000	0.936107
2.857000	1.026190
2.858000	0.936107
2.859000	0.936107
2.860000	0.485498
2.861000	0.395229
2.862000	0.215059
2.863000	0.215059
2.864000	0.215059
2.865000	0.124974
2.866000	0.215059
2.867000	0.305144
2.868000	0.124974
2.869000	0.034705
2.870000	0.034705
2.871000	0.034705
2.872000	-0.145465
2.873000	-0.325819
2.874000	-0.596258
2.875000	-0.956782
2.876000	-1.046870
2.877000	-0.956782
2.878000	-0.686343
2.879000	-0.686343
2.880000	-0.505989
2.881000	-0.505989
2.882000	-0.596258
2.883000	-0.956782
2.884000	-0.776428
2.885000	-0.776428
2.886000	-0.686343
2.887000	-0.415904
2.888000	-0.145465
2.889000	-0.145465
2.890000	-0.145465
2.891000	-0.055380
2.892000	-0.055380
2.893000	0.124974
2.894000	-0.055380
2.895000	-0.055380
2.896000	-0.145465
2.897000	-0.145465
2.898000	0.034705
2.899000	0.034705
2.900000	0.395229
2.901000	0.395229
2.902000	0.395229
2.903000	0.034705
2.904000	0.034705
2.905000	-0.235734
2.906000	-0.325819
2.907000	-0.415904
2.908000	-0.145465
2.909000	-0.055380
2.910000	0.124974
2.911000	0.215059
2.912000	0.485498
2.913000	0.485498
2.914000	0.395229
2.915000	0.305144
2.916000	0.124974
2.917000	0.215059
2.918000	0.395229
2.919000	0.755937
2.920000	0.936107
2.921000	1.206550
2.922000	1.386900
2.923000	1.386900
2.924000	1.116460
2.925000	1.026190
2.926000	0.936107
2.927000	1.026190
2.928000	1.116460
2.929000	1.296630
2.930000	1.296630
2.931000	1.386900
2.932000	1.296630
2.933000	1.116460
2.934000	1.296630
2.935000	1.206550
2.936000	1.206550
2.937000	1.026190
2.938000	0.846022
2.939000	0.755937
2.940000	0.755937
2.941000	0.846022
2.942000	0.846022
2.943000	1.116460
2.944000	1.116460
2.945000	1.116460
2.946000	0.936107
2.947000	0.846022
2.948000	0.575583
2.949000	0.665668
2.950000	0.936107
2.951000	1.206550
2.952000	1.386900
2.953000	1.386900
2.954000	1.386900
2.955000	1.476980
2.956000	1.116460
2.957000	1.206550
2.958000	1.206550
2.959000	1.206550
2.960000	1.026190
2.961000	0.936107
2.962000	0.846022
2.963000	0.755937
2.964000	0.936107
2.965000	0.936107
2.966000	0.846022
2.967000	0.575583
2.968000	0.215059
2.969000	-0.145465
2.970000	-0.235734
2.971000	-0.415904
2.972000	-0.325819
2.973000	-0.145465
2.974000	-0.145465
2.975000	-0.145465
2.976000	-0.235734
2.977000	-0.415904
2.978000	-0.325819
2.979000	-0.505989
2.980000	-0.686343
2.981000	-0.505989
2.982000	-0.505989
2.983000	-0.235734
2.984000	-0.235734
2.985000	-0.055380
2.986000	0.034705
2.987000	-0.055380
2.988000	0.034705
2.989000	-0.055380
2.990000	-0.055380
2.991000	-0.055380
2.992000	-0.055380
2.993000	-0.145465
2.994000	-0.145465
2.995000	-0.145465
2.996000	-0.145465
2.997000	0.034705
2.998000	-0.055380
2.999000	-0.055380
3.000000	-0.235734
3.001000	-0.325819
3.002000	-0.415904
3.003000	-0.325819
3.004000	-0.325819
3.005000	-0.235734
3.006000	-0.145465
3.007000	-0.055380
3.008000	-0.145465
3.009000	-0.055380
3.010000	-0.055380
3.011000	-0.055380
3.012000	0.034705
3.013000	0.034705
3.014000	0.124974
3.015000	0.215059
3.016000	0.305144
3.017000	0.485498
3.018000	0.575583
3.019000	0.665668
3.020000	0.846022
3.021000	0.936107
3.022000	0.755937
3.023000	0.846022
3.024000	0.755937
3.025000	0.755937
3.026000	0.755937
3.027000	0.846022
3.028000	0.936107
3.029000	1.026190
3.030000	0.846022
3.031000	1.026190
3.032000	0.846022
3.033000	0.936107
3.034000	0.665668
3.035000	0.575583
3.036000	0.485498
3.037000	0.575583
3.038000	0.936107
3.039000	1.026190
3.040000	1.026190
3.041000	1.026190
3.042000	0.755937
3.043000	0.575583
3.044000	0.485498
3.045000	0.395229
3.046000	0.755937
3.047000	0.755937
3.048000	0.755937
3.049000	0.665668
3.050000	0.575583
3.051000	0.575583
3.052000	0.485498
3.053000	0.485498
3.054000	0.395229
3.055000	0.305144
3.056000	0.124974
3.057000	0.124974
3.058000	0.124974
3.059000	0.215059
3.060000	0.124974
3.061000	0.215059
3.062000	0.124974
3.063000	0.215059
3.064000	0.124974
3.065000	0.395229
3.066000	0.215059
3.067000	0.215059
3.068000	0.124974
3.069000	0.215059
3.070000	0.575583
3.071000	0.755937
3.072000	0.936107
3.073000	0.846022
3.074000	0.665668
3.075000	0.575583
3.076000	0.395229
3.077000	0.395229
3.078000	0.485498
3.079000	0.575583
3.080000	0.665668
3.081000	0.665668
3.082000	0.485498
3.083000	0.395229
3.084000	0.124974
3.085000	0.395229
3.086000	0.305144
3.087000	0.215059
3.088000	0.124974
3.089000	0.034705
3.090000	-0.145465
3.091000	-0.055380
3.092000	-0.145465
3.093000	0.124974
3.094000	0.305144
3.095000	0.395229
3.096000	0.305144
3.097000	0.124974
3.098000	0.124974
3.099000	0.034705
3.100000	0.124974
3.101000	0.395229
3.102000	0.665668
3.103000	0.846022
3.104000	0.846022
3.105000	0.846022
3.106000	0.665668
3.107000	0.575583
3.108000	0.575583
3.109000	0.575583
3.110000	0.395229
3.111000	0.485498
3.112000	0.215059
3.113000	0.395229
3.114000	0.305144
3.115000	0.305144
3.116000	0.305144
3.117000	0.215059
3.118000	0.124974
3.119000	0.124974
3.120000	0.215059
3.121000	0.124974
3.122000	0.034705
3.123000	0.034705
3.124000	0.124974
3.125000	0.124974
3.126000	0.485498
3.127000	0.485498
3.128000	0.575583
3.129000	0.395229
3.130000	0.395229
3.131000	0.395229
3.132000	0.395229
3.133000	0.485498
3.134000	0.846022
3.135000	1.026190
3.136000	1.116460
3.137000	1.026190
3.138000	0.846022
3.139000	0.755937
3.140000	0.846022
3.141000	0.755937
3.142000	0.846022
3.143000	0.846022
3.144000	0.665668
3.145000	0.575583
3.146000	0.665668
3.147000	0.395229
3.148000	0.124974
3.149000	0.215059
3.150000	0.395229
3.151000	0.305144
3.152000	0.305144
3.153000	-0.235734
3.154000	-0.325819
3.155000	-0.325819
3.156000	-0.235734
3.157000	0.124974
3.158000	0.485498
3.159000	0.665668
3.160000	0.485498
3.161000	0.124974
3.162000	-0.325819
3.163000	-0.325819
3.164000	-0.235734
3.165000	0.305144
3.166000	1.026190
3.167000	1.567070
3.168000	1.386900
3.169000	1.116460
3.170000	0.575583
3.171000	0.305144
3.172000	0.395229
3.173000	0.575583
3.174000	0.936107
3.175000	0.846022
3.176000	0.575583
3.177000	0.305144
3.178000	0.034705
3.179000	0.215059
3.180000	0.305144
3.181000	0.395229
3.182000	0.485498
3.183000	0.395229
3.184000	0.034705
3.185000	-0.145465
3.186000	-0.325819
3.187000	-0.055380
3.188000	0.395229
3.189000	0.665668
3.190000	0.846022
3.191000	0.665668
3.192000	0.305144
3.193000	0.034705
3.194000	-0.145465
3.195000	0.124974
3.196000	0.575583
3.197000	1.206550
3.198000	1.386900
3.199000	1.296630
3.200000	1.026190
3.201000	0.575583
3.202000	0.395229
3.203000	0.485498
3.204000	0.665668
3.205000	0.936107
3.206000	0.846022
3.207000	0.846022
3.208000	0.665668
3.209000	0.395229
3.210000	0.395229
3.211000	0.485498
3.212000	0.485498
3.213000	0.665668
3.214000	0.575583
3.215000	0.395229
3.216000	0.124974
3.217000	0.215059
3.218000	0.034705
3.219000	0.124974
3.220000	0.215059
3.221000	0.305144
3.222000	0.305144
3.223000	0.215059
3.224000	-0.145465
3.225000	-0.055380
3.226000	-0.145465
3.227000	-0.145465
3.228000	0.215059
3.229000	0.124974
3.230000	0.124974
3.231000	0.034705
3.232000	0.034705
3.233000	-0.235734
3.234000	-0.055380
3.235000	0.124974
3.236000	0.305144
3.237000	0.305144
3.238000	0.215059
3.239000	0.124974
3.240000	-0.055380
3.241000	-0.145465
3.242000	-0.055380
3.243000	0.215059
3.244000	0.395229
3.245000	0.575583
3.246000	0.395229
3.247000	0.215059
3.248000	-0.055380
3.249000	-0.145465
3.250000	-0.055380
3.251000	0.215059
3.252000	0.395229
3.253000	0.485498
3.254000	0.305144
3.255000	0.305144
3.256000	-0.055380
3.257000	-0.055380
3.258000	0.124974
3.259000	0.215059
3.260000	0.305144
3.261000	0.215059
3.262000	0.395229
3.263000	0.215059
3.264000	0.215059
3.265000	0.305144
3.266000	0.485498
3.267000	0.575583
3.268000	0.755937
3.269000	0.575583
3.270000	0.575583
3.271000	0.575583
3.272000	0.485498
3.273000	0.665668
3.274000	0.755937
3.275000	0.846022
3.276000	0.846022
3.277000	0.846022
3.278000	1.026190
3.279000	0.936107
3.280000	0.936107
3.281000	0.936107
3.282000	0.936107
3.283000	0.936107
3.284000	1.116460
3.285000	1.026190
3.286000	0.936107
3.287000	1.026190
3.288000	0.936107
3.289000	0.936107
3.290000	0.846022
3.291000	0.936107
3.292000	0.846022
3.293000	0.846022
3.294000	0.755937
3.295000	0.575583
3.296000	0.305144
3.297000	0.395229
3.298000	0.485498
3.299000	0.485498
3.300000	0.485498
3.301000	0.395229
3.302000	0.485498
3.303000	0.485498
3.304000	0.395229
3.305000	0.395229
3.306000	0.485498
3.307000	0.575583
3.308000	0.395229
3.309000	0.575583
3.310000	0.485498
3.311000	0.575583
3.312000	0.665668
3.313000	0.485498
3.314000	0.395229
3.315000	0.485498
3.316000	0.485498
3.317000	0.485498
3.318000	0.485498
3.319000	0.305144
3.320000	0.215059
3.321000	0.215059
3.322000	0.305144
3.323000	0.215059
3.324000	0.215059
3.325000	0.305144
3.326000	0.215059
3.327000	0.034705
3.328000	-0.055380
3.329000	-0.325819
3.330000	-0.235734
3.331000	0.034705
3.332000	-0.055380
3.333000	0.034705
3.334000	-0.055380
3.335000	0.034705
3.336000	-0.145465
3.337000	0.034705
3.338000	0.034705
3.339000	0.034705
3.340000	0.034705
3.341000	0.124974
3.342000	0.034705
3.343000	-0.055380
3.344000	0.124974
3.345000	0.124974
3.346000	0.124974
3.347000	0.305144
3.348000	0.305144
3.349000	0.305144
3.350000	0.395229
3.351000	0.215059
3.352000	0.215059
3.353000	0.305144
3.354000	0.215059
3.355000	0.215059
3.356000	0.124974
3.357000	0.215059
3.358000	0.034705
3.359000	-0.055380
3.360000	-0.055380
3.361000	0.124974
3.362000	0.215059
3.363000	0.215059
3.364000	0.215059
3.365000	0.305144
3.366000	0.034705
3.367000	0.215059
3.368000	0.305144
3.369000	0.305144
3.370000	0.305144
3.371000	0.575583
3.372000	0.575583
3.373000	0.665668
3.374000	0.665668
3.375000	0.665668
3.376000	0.665668
3.377000	0.485498
3.378000	0.665668
3.379000	0.665668
3.380000	0.846022
3.381000	0.936107
3.382000	0.936107
3.383000	0.846022
3.384000	0.846022
3.385000	0.755937
3.386000	0.665668
3.387000	0.665668
3.388000	0.485498
3.389000	0.485498
3.390000	0.575583
3.391000	0.575583
3.392000	0.485498
3.393000	0.485498
3.394000	0.575583
3.395000	0.485498
3.396000	0.575583
3.397000	0.485498
3.398000	0.485498
3.399000	0.395229
3.400000	0.575583
3.401000	0.665668
3.402000	0.665668
3.403000	0.665668
3.404000	0.755937
3.405000	0.665668
3.406000	0.755937
3.407000	0.665668
3.408000	0.575583
3.409000	0.665668
3.410000	0.575583
3.411000	0.575583
3.412000	0.575583
3.413000	0.575583
3.414000	0.485498
3.415000	0.395229
3.416000	0.305144
3.417000	0.215059
3.418000	0.305144
3.419000	0.215059
3.420000	0.215059
3.421000	0.124974
3.422000	-0.055380
3.423000	-0.055380
3.424000	0.034705
3.425000	0.034705
3.426000	0.034705
3.427000	0.124974
3.428000	0.124974
3.429000	0.124974
3.430000	0.034705
3.431000	0.034705
3.432000	0.034705
3.433000	0.034705
3.434000	0.215059
3.435000	0.305144
3.436000	0.215059
3.437000	0.395229
3.438000	0.305144
3.439000	0.305144
3.440000	0.395229
3.441000	0.305144
3.442000	0.305144
3.443000	0.395229
3.444000	0.395229
3.445000	0.485498
3.446000	0.665668
3.447000	0.485498
3.448000	0.485498
3.449000	0.395229
3.450000	0.305144
3.451000	0.395229
3.452000	0.485498
3.453000	0.305144
3.454000	0.305144
3.455000	0.395229
3.456000	0.395229
3.457000	0.485498
3.458000	0.575583
3.459000	0.305144
3.460000	0.305144
3.461000	0.215059
3.462000	0.305144
3.463000	0.305144
3.464000	0.395229
3.465000	0.485498
3.466000	0.485498
3.467000	0.575583
3.468000	0.665668
3.469000	0.575583
3.470000	0.485498
3.471000	0.575583
3.472000	0.485498
3.473000	0.665668
3.474000	0.665668
3.475000	0.755937
3.476000	0.575583
3.477000	0.575583
3.478000	0.485498
3.479000	0.395229
3.480000	0.485498
3.481000	0.395229
3.482000	0.485498
3.483000	0.395229
3.484000	0.485498
3.485000	0.305144
3.486000	0.305144
3.487000	0.305144
3.488000	0.305144
3.489000	0.395229
3.490000	0.395229
3.491000	0.485498
3.492000	0.395229
3.493000	0.395229
3.494000	0.305144
3.495000	0.305144
3.496000	0.395229
3.497000	0.575583
3.498000	0.485498
3.499000	0.575583
