-0.500000	-0.067747
-0.499000	-0.067747
-0.498000	-0.058700
-0.497000	-0.076775
-0.496000	-0.058700
-0.495000	-0.067747
-0.494000	-0.058700
-0.493000	-0.058700
-0.492000	-0.058700
-0.491000	-0.058700
-0.490000	-0.058700
-0.489000	-0.058700
-0.488000	-0.058700
-0.487000	-0.058700
-0.486000	-0.058700
-0.485000	-0.067747
-0.484000	-0.058700
-0.483000	-0.049672
-0.482000	-0.058700
-0.481000	-0.058700
-0.480000	-0.058700
-0.479000	-0.058700
-0.478000	-0.058700
-0.477000	-0.058700
-0.476000	-0.058700
-0.475000	-0.058700
-0.474000	-0.076775
-0.473000	-0.058700
-0.472000	-0.067747
-0.471000	-0.058700
-0.470000	-0.058700
-0.469000	-0.058700
-0.468000	-0.049672
-0.467000	-0.058700
-0.466000	-0.067747
-0.465000	-0.058700
-0.464000	-0.058700
-0.463000	-0.058700
-0.462000	-0.067747
-0.461000	-0.067747
-0.460000	-0.058700
-0.459000	-0.058700
-0.458000	-0.058700
-0.457000	-0.067747
-0.456000	-0.058700
-0.455000	-0.058700
-0.454000	-0.067747
-0.453000	-0.049672
-0.452000	-0.058700
-0.451000	-0.058700
-0.450000	-0.058700
-0.449000	-0.067747
-0.448000	-0.058700
-0.447000	-0.058700
-0.446000	-0.058700
-0.445000	-0.067747
-0.444000	-0.058700
-0.443000	-0.058700
-0.442000	-0.058700
-0.441000	-0.067747
-0.440000	-0.058700
-0.439000	-0.067747
-0.438000	-0.058700
-0.437000	-0.076775
-0.436000	-0.067747
-0.435000	-0.058700
-0.434000	-0.058700
-0.433000	-0.058700
-0.432000	-0.058700
-0.431000	-0.067747
-0.430000	-0.058700
-0.429000	-0.058700
-0.428000	-0.058700
-0.427000	-0.058700
-0.426000	-0.067747
-0.425000	-0.067747
-0.424000	-0.067747
-0.423000	-0.058700
-0.422000	-0.067747
-0.421000	-0.058700
-0.420000	-0.058700
-0.419000	-0.067747
-0.418000	-0.067747
-0.417000	-0.049672
-0.416000	-0.058700
-0.415000	-0.058700
-0.414000	-0.067747
-0.413000	-0.058700
-0.412000	-0.058700
-0.411000	-0.058700
-0.410000	-0.058700
-0.409000	-0.067747
-0.408000	-0.067747
-0.407000	-0.058700
-0.406000	-0.058700
-0.405000	-0.067747
-0.404000	-0.058700
-0.403000	-0.049672
-0.402000	-0.067747
-0.401000	-0.067747
-0.400000	-0.058700
-0.399000	-0.058700
-0.398000	-0.058700
-0.397000	-0.058700
-0.396000	-0.058700
-0.395000	-0.067747
-0.394000	-0.058700
-0.393000	-0.067747
-0.392000	-0.076775
-0.391000	-0.058700
-0.390000	-0.067747
-0.389000	-0.076775
-0.388000	-0.067747
-0.387000	-0.058700
-0.386000	-0.067747
-0.385000	-0.058700
-0.384000	-0.058700
-0.383000	-0.058700
-0.382000	-0.067747
-0.381000	-0.067747
-0.380000	-0.067747
-0.379000	-0.058700
-0.378000	-0.058700
-0.377000	-0.058700
-0.376000	-0.067747
-0.375000	-0.067747
-0.374000	-0.058700
-0.373000	-0.067747
-0.372000	-0.076775
-0.371000	-0.058700
-0.370000	-0.058700
-0.369000	-0.058700
-0.368000	-0.058700
-0.367000	-0.049672
-0.366000	-0.058700
-0.365000	-0.067747
-0.364000	-0.067747
-0.363000	-0.067747
-0.362000	-0.058700
-0.361000	-0.058700
-0.360000	-0.058700
-0.359000	-0.058700
-0.358000	-0.067747
-0.357000	-0.058700
-0.356000	-0.067747
-0.355000	-0.067747
-0.354000	-0.049672
-0.353000	-0.058700
-0.352000	-0.058700
-0.351000	-0.058700
-0.350000	-0.049672
-0.349000	-0.058700
-0.348000	-0.058700
-0.347000	-0.058700
-0.346000	-0.058700
-0.345000	-0.058700
-0.344000	-0.058700
-0.343000	-0.067747
-0.342000	-0.058700
-0.341000	-0.067747
-0.340000	-0.067747
-0.339000	-0.058700
-0.338000	-0.058700
-0.337000	-0.058700
-0.336000	-0.058700
-0.335000	-0.058700
-0.334000	-0.049672
-0.333000	-0.058700
-0.332000	-0.067747
-0.331000	-0.058700
-0.330000	-0.049672
-0.329000	-0.067747
-0.328000	-0.058700
-0.327000	-0.058700
-0.326000	-0.058700
-0.325000	-0.058700
-0.324000	-0.058700
-0.323000	-0.058700
-0.322000	-0.058700
-0.321000	-0.049672
-0.320000	-0.067747
-0.319000	-0.067747
-0.318000	-0.058700
-0.317000	-0.067747
-0.316000	-0.049672
-0.315000	-0.058700
-0.314000	-0.067747
-0.313000	-0.049672
-0.312000	-0.049672
-0.311000	-0.058700
-0.310000	-0.058700
-0.309000	-0.067747
-0.308000	-0.067747
-0.307000	-0.058700
-0.306000	-0.058700
-0.305000	-0.058700
-0.304000	-0.067747
-0.303000	-0.058700
-0.302000	-0.058700
-0.301000	-0.049672
-0.300000	-0.067747
-0.299000	-0.049672
-0.298000	-0.058700
-0.297000	-0.049672
-0.296000	-0.058700
-0.295000	-0.058700
-0.294000	-0.049672
-0.293000	-0.058700
-0.292000	-0.058700
-0.291000	-0.058700
-0.290000	-0.058700
-0.289000	-0.058700
-0.288000	-0.058700
-0.287000	-0.067747
-0.286000	-0.058700
-0.285000	-0.067747
-0.284000	-0.058700
-0.283000	-0.049672
-0.282000	-0.058700
-0.281000	-0.058700
-0.280000	-0.058700
-0.279000	-0.067747
-0.278000	-0.058700
-0.277000	-0.058700
-0.276000	-0.067747
-0.275000	-0.067747
-0.274000	-0.058700
-0.273000	-0.067747
-0.272000	-0.058700
-0.271000	-0.067747
-0.270000	-0.058700
-0.269000	-0.067747
-0.268000	-0.058700
-0.267000	-0.058700
-0.266000	-0.067747
-0.265000	-0.067747
-0.264000	-0.058700
-0.263000	-0.067747
-0.262000	-0.067747
-0.261000	-0.067747
-0.260000	-0.058700
-0.259000	-0.058700
-0.258000	-0.058700
-0.257000	-0.067747
-0.256000	-0.058700
-0.255000	-0.067747
-0.254000	-0.067747
-0.253000	-0.058700
-0.252000	-0.058700
-0.251000	-0.058700
-0.250000	-0.067747
-0.249000	-0.058700
-0.248000	-0.058700
-0.247000	-0.058700
-0.246000	-0.058700
-0.245000	-0.067747
-0.244000	-0.058700
-0.243000	-0.067747
-0.242000	-0.058700
-0.241000	-0.058700
-0.240000	-0.067747
-0.239000	-0.067747
-0.238000	-0.067747
-0.237000	-0.058700
-0.236000	-0.067747
-0.235000	-0.067747
-0.234000	-0.058700
-0.233000	-0.067747
-0.232000	-0.067747
-0.231000	-0.067747
-0.230000	-0.067747
-0.229000	-0.058700
-0.228000	-0.058700
-0.227000	-0.067747
-0.226000	-0.067747
-0.225000	-0.067747
-0.224000	-0.067747
-0.223000	-0.067747
-0.222000	-0.058700
-0.221000	-0.058700
-0.220000	-0.058700
-0.219000	-0.058700
-0.218000	-0.067747
-0.217000	-0.058700
-0.216000	-0.058700
-0.215000	-0.067747
-0.214000	-0.058700
-0.213000	-0.067747
-0.212000	-0.058700
-0.211000	-0.067747
-0.210000	-0.067747
-0.209000	-0.058700
-0.208000	-0.058700
-0.207000	-0.076775
-0.206000	-0.058700
-0.205000	-0.067747
-0.204000	-0.049672
-0.203000	-0.058700
-0.202000	-0.058700
-0.201000	-0.058700
-0.200000	-0.058700
-0.199000	-0.067747
-0.198000	-0.058700
-0.197000	-0.058700
-0.196000	-0.067747
-0.195000	-0.067747
-0.194000	-0.067747
-0.193000	-0.067747
-0.192000	-0.058700
-0.191000	-0.058700
-0.190000	-0.058700
-0.189000	-0.067747
-0.188000	-0.067747
-0.187000	-0.058700
-0.186000	-0.058700
-0.185000	-0.067747
-0.184000	-0.067747
-0.183000	-0.058700
-0.182000	-0.058700
-0.181000	-0.058700
-0.180000	-0.067747
-0.179000	-0.058700
-0.178000	-0.067747
-0.177000	-0.058700
-0.176000	-0.067747
-0.175000	-0.058700
-0.174000	-0.058700
-0.173000	-0.058700
-0.172000	-0.058700
-0.171000	-0.067747
-0.170000	-0.067747
-0.169000	-0.058700
-0.168000	-0.049672
-0.167000	-0.058700
-0.166000	-0.067747
-0.165000	-0.049672
-0.164000	-0.058700
-0.163000	-0.049672
-0.162000	-0.049672
-0.161000	-0.058700
-0.160000	-0.058700
-0.159000	-0.058700
-0.158000	-0.058700
-0.157000	-0.058700
-0.156000	-0.067747
-0.155000	-0.049672
-0.154000	-0.058700
-0.153000	-0.058700
-0.152000	-0.049672
-0.151000	-0.067747
-0.150000	-0.058700
-0.149000	-0.049672
-0.148000	-0.067747
-0.147000	-0.058700
-0.146000	-0.067747
-0.145000	-0.058700
-0.144000	-0.049672
-0.143000	-0.067747
-0.142000	-0.058700
-0.141000	-0.067747
-0.140000	-0.067747
-0.139000	-0.067747
-0.138000	-0.049672
-0.137000	-0.067747
-0.136000	-0.058700
-0.135000	-0.049672
-0.134000	-0.058700
-0.133000	-0.058700
-0.132000	-0.058700
-0.131000	-0.067747
-0.130000	-0.058700
-0.129000	-0.058700
-0.128000	-0.058700
-0.127000	-0.049672
-0.126000	-0.049672
-0.125000	-0.058700
-0.124000	-0.067747
-0.123000	-0.058700
-0.122000	-0.058700
-0.121000	-0.058700
-0.120000	-0.058700
-0.119000	-0.067747
-0.118000	-0.049672
-0.117000	-0.058700
-0.116000	-0.058700
-0.115000	-0.058700
-0.114000	-0.058700
-0.113000	-0.067747
-0.112000	-0.058700
-0.111000	-0.067747
-0.110000	-0.049672
-0.109000	-0.058700
-0.108000	-0.067747
-0.107000	-0.067747
-0.106000	-0.067747
-0.105000	-0.058700
-0.104000	-0.067747
-0.103000	-0.049672
-0.102000	-0.058700
-0.101000	-0.058700
-0.100000	-0.058700
-0.099000	-0.058700
-0.098000	-0.058700
-0.097000	-0.058700
-0.096000	-0.058700
-0.095000	-0.058700
-0.094000	-0.067747
-0.093000	-0.058700
-0.092000	-0.058700
-0.091000	-0.067747
-0.090000	-0.067747
-0.089000	-0.067747
-0.088000	-0.067747
-0.087000	-0.058700
-0.086000	-0.049672
-0.085000	-0.058700
-0.084000	-0.058700
-0.083000	-0.058700
-0.082000	-0.058700
-0.081000	-0.067747
-0.080000	-0.058700
-0.079000	-0.067747
-0.078000	-0.058700
-0.077000	-0.058700
-0.076000	-0.067747
-0.075000	-0.067747
-0.074000	-0.058700
-0.073000	-0.067747
-0.072000	-0.058700
-0.071000	-0.058700
-0.070000	-0.067747
-0.069000	-0.058700
-0.068000	-0.067747
-0.067000	-0.067747
-0.066000	-0.058700
-0.065000	-0.058700
-0.064000	-0.067747
-0.063000	-0.058700
-0.062000	-0.058700
-0.061000	-0.067747
-0.060000	-0.067747
-0.059000	-0.058700
-0.058000	-0.058700
-0.057000	-0.058700
-0.056000	-0.067747
-0.055000	-0.067747
-0.054000	-0.067747
-0.053000	-0.067747
-0.052000	-0.067747
-0.051000	-0.067747
-0.050000	-0.067747
-0.049000	-0.067747
-0.048000	-0.049672
-0.047000	-0.058700
-0.046000	-0.058700
-0.045000	-0.076775
-0.044000	-0.058700
-0.043000	-0.076775
-0.042000	-0.067747
-0.041000	-0.067747
-0.040000	-0.067747
-0.039000	-0.058700
-0.038000	-0.049672
-0.037000	-0.058700
-0.036000	-0.067747
-0.035000	-0.067747
-0.034000	-0.058700
-0.033000	-0.076775
-0.032000	-0.049672
-0.031000	-0.067747
-0.030000	-0.067747
-0.029000	-0.049672
-0.028000	-0.058700
-0.027000	-0.067747
-0.026000	-0.058700
-0.025000	-0.067747
-0.024000	-0.076775
-0.023000	-0.067747
-0.022000	-0.049672
-0.021000	-0.022570
-0.020000	0.004533
-0.019000	0.022589
-0.018000	0.031617
-0.017000	0.040663
-0.016000	0.058719
-0.015000	0.058719
-0.014000	0.094849
-0.013000	0.121952
-0.012000	0.121952
-0.011000	0.112924
-0.010000	0.121952
-0.009000	0.103896
-0.008000	0.076793
-0.007000	0.085822
-0.006000	0.094849
-0.005000	0.067747
-0.004000	0.058719
-0.003000	0.040663
-0.002000	0.013560
-0.001000	0.004533
0.000000	0.013560
0.001000	0.013560
0.002000	-0.040645
0.003000	-0.049672
0.004000	-0.058700
0.005000	-0.103877
0.006000	-0.112905
0.007000	-0.176138
0.008000	-0.266474
0.009000	-0.284530
0.010000	-0.338735
0.011000	-0.410996
0.012000	-0.456173
0.013000	-0.582639
0.014000	-0.691030
0.015000	-0.763291
0.016000	-0.871702
0.017000	-0.898804
0.018000	-1.007200
0.019000	-1.260130
0.020000	-1.287230
0.021000	-1.169790
0.022000	-1.061400
0.023000	-1.341420
0.024000	-1.341420
0.025000	-1.395620
0.026000	-1.476930
0.027000	-1.097530
0.028000	-1.097530
0.029000	-1.061400
0.030000	-0.989121
0.031000	-1.124630
0.032000	-1.196890
0.033000	-0.989121
0.034000	-0.790394
0.035000	-0.636826
0.036000	-0.645872
0.037000	-0.790394
0.038000	-0.781366
0.039000	-0.582639
0.040000	-0.510378
0.041000	-0.727161
0.042000	-0.898804
0.043000	-0.980093
0.044000	-0.889757
0.045000	-0.727161
0.046000	-0.745235
0.047000	-0.853627
0.048000	-1.115590
0.049000	-1.034300
0.050000	-0.889757
0.051000	-0.862655
0.052000	-0.835571
0.053000	-0.691030
0.054000	-0.591667
0.055000	-0.564565
0.056000	-0.582639
0.057000	-0.537462
0.058000	-0.374866
0.059000	-0.257446
0.060000	-0.302604
0.061000	-0.438099
0.062000	-0.438099
0.063000	-0.383912
0.064000	-0.338735
0.065000	-0.410996
0.066000	-0.672974
0.067000	-1.061400
0.068000	-1.043330
0.069000	-0.952991
0.070000	-0.799440
0.071000	-0.925888
0.072000	-0.934935
0.073000	-0.817496
0.074000	-0.907832
0.075000	-1.025270
0.076000	-1.314330
0.077000	-1.296260
0.078000	-0.889757
0.079000	-1.007200
0.080000	-1.251100
0.081000	-1.594350
0.082000	-1.386590
0.083000	-0.862655
0.084000	-1.377570
0.085000	-0.763291
0.086000	-0.429071
0.087000	-0.528434
0.088000	-0.185166
0.089000	-0.149036
0.090000	0.158082
0.091000	-0.528434
0.092000	0.519424
0.093000	0.925907
0.094000	-0.094849
0.095000	-0.140008
0.096000	0.474247
0.097000	0.031617
0.098000	0.058719
0.099000	0.121952
0.100000	-0.076775
0.101000	-0.230343
0.102000	0.338754
0.103000	0.510378
0.104000	-0.284530
0.105000	-0.537462
0.106000	-0.212269
0.107000	-0.429071
0.108000	-0.763291
0.109000	-0.862655
0.110000	-1.233030
0.111000	-1.097530
0.112000	-0.871702
0.113000	-0.943963
0.114000	-1.251100
0.115000	-1.233030
0.116000	-1.124630
0.117000	-1.196890
0.118000	-1.260130
0.119000	-1.178820
0.120000	-1.088500
0.121000	-0.691030
0.122000	-0.365838
0.123000	-0.736207
0.124000	-0.835571
0.125000	-0.564565
0.126000	-0.176138
0.127000	-0.239371
0.128000	-0.284530
0.129000	-0.230343
0.130000	-0.149036
0.131000	-0.022570
0.132000	0.040663
0.133000	-0.149036
0.134000	-0.167110
0.135000	-0.049672
0.136000	-0.121933
0.137000	-0.149036
0.138000	-0.203241
0.139000	-0.121933
0.140000	-0.076775
0.141000	-0.058700
0.142000	-0.094849
0.143000	-0.203241
0.144000	-0.284530
0.145000	-0.203241
0.146000	-0.049672
0.147000	-0.013542
0.148000	-0.103877
0.149000	-0.176138
0.150000	-0.094849
0.151000	-0.013542
0.152000	0.013560
0.153000	0.040663
0.154000	0.031617
0.155000	0.031617
0.156000	0.085822
0.157000	0.076793
0.158000	0.094849
0.159000	0.121952
0.160000	0.176157
0.161000	0.230362
0.162000	0.203259
0.163000	0.185185
0.164000	0.248418
0.165000	0.374884
0.166000	0.411014
0.167000	0.338754
0.168000	0.284549
0.169000	0.347782
0.170000	0.438117
0.171000	0.555555
0.172000	0.555555
0.173000	0.447145
0.174000	0.420042
0.175000	0.537480
0.176000	0.618788
0.177000	0.618788
0.178000	0.510378
0.179000	0.492322
0.180000	0.465219
0.181000	0.672974
0.182000	0.808487
0.183000	0.492322
0.184000	0.483275
0.185000	0.808487
0.186000	0.835571
0.187000	0.663946
0.188000	0.636844
0.189000	0.781384
0.190000	0.898804
0.191000	0.745254
0.192000	1.088500
0.193000	0.934935
0.194000	1.847300
0.195000	2.262830
0.196000	0.989139
0.197000	0.492322
0.198000	1.467900
0.199000	2.298960
0.200000	2.262830
0.201000	1.440800
0.202000	1.973770
0.203000	1.802120
0.204000	-0.257446
0.205000	-1.603390
0.206000	-0.980093
0.207000	0.121952
0.208000	0.194213
0.209000	-1.260130
0.210000	-3.789430
0.211000	-4.195910
0.212000	-2.443480
0.213000	-1.178820
0.214000	-1.025270
0.215000	-0.925888
0.216000	-1.522090
0.217000	-1.847280
0.218000	-2.118290
0.219000	-1.449830
0.220000	-0.203241
0.221000	-0.140008
0.222000	-0.691030
0.223000	-1.088500
0.224000	-0.989121
0.225000	0.347782
0.226000	1.314330
0.227000	0.907851
0.228000	-0.058700
0.229000	-1.016220
0.230000	-1.413700
0.231000	-1.160760
0.232000	-0.727161
0.233000	-0.980093
0.234000	-1.142690
0.235000	-1.413700
0.236000	-1.368520
0.237000	-0.736207
0.238000	0.293595
0.239000	0.880748
0.240000	0.672974
0.241000	0.383912
0.242000	0.618788
0.243000	0.582658
0.244000	0.546508
0.245000	0.239390
0.246000	-0.013542
0.247000	0.103896
0.248000	0.158082
0.249000	0.140026
0.250000	0.257446
0.251000	0.392958
0.252000	0.401986
0.253000	0.320679
0.254000	0.257446
0.255000	0.492322
0.256000	0.934935
0.257000	1.106580
0.258000	0.826543
0.259000	0.311651
0.260000	0.374884
0.261000	0.907851
0.262000	1.214970
0.263000	1.160780
0.264000	1.124630
0.265000	0.853646
0.266000	0.772338
0.267000	0.880748
0.268000	1.052370
0.269000	1.467900
0.270000	1.395640
0.271000	1.133680
0.272000	0.763310
0.273000	0.609742
0.274000	0.691049
0.275000	1.160780
0.276000	1.621470
0.277000	0.700077
0.278000	0.564583
0.279000	1.901500
0.280000	1.784070
0.281000	0.736207
0.282000	0.492322
0.283000	1.025270
0.284000	1.205940
0.285000	0.709105
0.286000	0.627816
0.287000	1.088500
0.288000	1.034320
0.289000	0.844618
0.290000	1.829220
0.291000	2.280880
0.292000	1.016240
0.293000	-0.140008
0.294000	0.700077
0.295000	1.079480
0.296000	0.971083
0.297000	0.835571
0.298000	0.682021
0.299000	0.022589
0.300000	0.212287
0.301000	0.889776
0.302000	0.989139
0.303000	0.555555
0.304000	0.275520
0.305000	0.194213
0.306000	0.293595
0.307000	0.356810
0.308000	0.076793
0.309000	-0.465201
0.310000	-1.142690
0.311000	-1.585320
0.312000	-1.088500
0.313000	0.962037
0.314000	3.148070
0.315000	1.973770
0.316000	-0.221315
0.317000	-1.341420
0.318000	-1.820180
0.319000	-1.467880
0.320000	-0.429071
0.321000	0.230362
0.322000	0.871720
0.323000	1.666630
0.324000	1.214970
0.325000	-0.266474
0.326000	-1.955690
0.327000	-2.208600
0.328000	-1.079460
0.329000	0.546508
0.330000	2.154420
0.331000	2.497680
0.332000	0.844618
0.333000	-0.880729
0.334000	-1.594350
0.335000	-0.980093
0.336000	-0.519406
0.337000	-0.429071
0.338000	-0.022570
0.339000	0.374884
0.340000	-0.194213
0.341000	-0.103877
0.342000	0.546508
0.343000	0.149054
0.344000	-0.510378
0.345000	-0.311632
0.346000	-0.112905
0.347000	-0.167110
0.348000	-0.239371
0.349000	-0.266474
0.350000	-0.374866
0.351000	-0.302604
0.352000	-0.401968
0.353000	-0.049672
0.354000	-0.456173
0.355000	-0.853627
0.356000	-0.094849
0.357000	0.347782
0.358000	-0.004514
0.359000	0.302623
0.360000	0.275520
0.361000	-0.329707
0.362000	-0.103877
0.363000	0.058719
0.364000	-0.591667
0.365000	-0.998168
0.366000	0.067747
0.367000	1.070450
0.368000	1.278200
0.369000	0.889776
0.370000	0.239390
0.371000	-0.347763
0.372000	0.067747
0.373000	1.025270
0.374000	1.630500
0.375000	1.467900
0.376000	1.242070
0.377000	1.034320
0.378000	0.781384
0.379000	0.682021
0.380000	0.682021
0.381000	0.663946
0.382000	0.844618
0.383000	1.070450
0.384000	1.341430
0.385000	1.495000
0.386000	1.251100
0.387000	0.808487
0.388000	0.808487
0.389000	1.115610
0.390000	1.449850
0.391000	1.305300
0.392000	0.898804
0.393000	0.663946
0.394000	0.880748
0.395000	1.079480
0.396000	1.133680
0.397000	0.727179
0.398000	0.365856
0.399000	0.456191
0.400000	0.582658
0.401000	0.754282
0.402000	0.654918
0.403000	0.645872
0.404000	0.682021
0.405000	0.636844
0.406000	0.392958
0.407000	0.401986
0.408000	0.266493
0.409000	0.275520
0.410000	0.383912
0.411000	0.465219
0.412000	0.320679
0.413000	0.103896
0.414000	0.130980
0.415000	-0.022570
0.416000	-0.031617
0.417000	0.112924
0.418000	0.284549
0.419000	0.085822
0.420000	-0.149036
0.421000	0.085822
0.422000	0.456191
0.423000	0.248418
0.424000	-0.004514
0.425000	0.049691
0.426000	0.203259
0.427000	0.401986
0.428000	0.392958
0.429000	0.158082
0.430000	-0.194213
0.431000	0.004533
0.432000	0.320679
0.433000	0.311651
0.434000	0.149054
0.435000	0.320679
0.436000	0.519424
0.437000	0.483275
0.438000	0.501350
0.439000	0.447145
0.440000	0.483275
0.441000	0.645872
0.442000	0.727179
0.443000	0.672974
0.444000	0.537480
0.445000	0.374884
0.446000	0.429089
0.447000	0.564583
0.448000	0.528452
0.449000	0.456191
0.450000	0.401986
0.451000	0.447145
0.452000	0.727179
0.453000	0.898804
0.454000	0.691049
0.455000	0.492322
0.456000	0.745254
0.457000	0.573611
0.458000	0.302623
0.459000	0.555555
0.460000	0.456191
0.461000	0.140026
0.462000	0.230362
0.463000	0.221315
0.464000	0.176157
0.465000	0.528452
0.466000	0.528452
0.467000	0.401986
0.468000	0.591686
0.469000	0.727179
0.470000	0.555555
0.471000	0.411014
0.472000	0.320679
0.473000	0.356810
0.474000	0.510378
0.475000	0.528452
0.476000	0.284549
0.477000	0.293595
0.478000	0.420042
0.479000	0.329726
0.480000	0.573611
0.481000	0.600714
0.482000	0.609742
0.483000	0.871720
0.484000	1.007210
0.485000	0.745254
0.486000	0.727179
0.487000	0.663946
0.488000	0.564583
0.489000	0.510378
0.490000	0.700077
0.491000	0.817515
0.492000	0.736207
0.493000	0.682021
0.494000	0.392958
0.495000	0.609742
0.496000	0.799440
0.497000	0.916879
0.498000	0.808487
0.499000	0.763310
0.500000	0.853646
0.501000	1.124630
0.502000	0.799440
0.503000	0.627816
0.504000	0.691049
0.505000	0.474247
0.506000	0.465219
0.507000	0.609742
0.508000	0.564583
0.509000	0.537480
0.510000	0.682021
0.511000	0.691049
0.512000	0.799440
0.513000	0.844618
0.514000	0.618788
0.515000	0.682021
0.516000	0.618788
0.517000	0.456191
0.518000	0.537480
0.519000	0.401986
0.520000	0.230362
0.521000	0.338754
0.522000	0.465219
0.523000	0.374884
0.524000	0.429089
0.525000	0.320679
0.526000	0.329726
0.527000	0.501350
0.528000	0.456191
0.529000	0.320679
0.530000	0.429089
0.531000	0.320679
0.532000	0.221315
0.533000	0.266493
0.534000	0.112924
0.535000	0.085822
0.536000	0.203259
0.537000	0.257446
0.538000	0.140026
0.539000	0.329726
0.540000	0.130980
0.541000	0.121952
0.542000	0.311651
0.543000	0.347782
0.544000	0.257446
0.545000	0.365856
0.546000	0.266493
0.547000	0.185185
0.548000	0.311651
0.549000	0.293595
0.550000	0.365856
0.551000	0.438117
0.552000	0.420042
0.553000	0.465219
0.554000	0.383912
0.555000	0.501350
0.556000	0.627816
0.557000	0.691049
0.558000	0.609742
0.559000	0.627816
0.560000	0.636844
0.561000	0.772338
0.562000	0.727179
0.563000	0.519424
0.564000	0.564583
0.565000	0.483275
0.566000	0.492322
0.567000	0.555555
0.568000	0.682021
0.569000	0.591686
0.570000	0.510378
0.571000	0.736207
0.572000	0.745254
0.573000	0.745254
0.574000	0.799440
0.575000	0.582658
0.576000	0.654918
0.577000	0.799440
0.578000	0.555555
0.579000	0.392958
0.580000	0.438117
0.581000	0.447145
0.582000	0.636844
0.583000	0.537480
0.584000	0.374884
0.585000	0.320679
0.586000	0.627816
0.587000	0.537480
0.588000	0.365856
0.589000	0.194213
0.590000	0.212287
0.591000	0.085822
0.592000	0.194213
0.593000	0.212287
0.594000	-0.149036
0.595000	-0.130980
0.596000	0.022589
0.597000	0.058719
0.598000	0.121952
0.599000	0.058719
0.600000	-0.149036
0.601000	-0.022570
0.602000	-0.022570
0.603000	0.049691
0.604000	0.040663
0.605000	-0.022570
0.606000	-0.004514
0.607000	-0.058700
0.608000	0.112924
0.609000	0.149054
0.610000	0.103896
0.611000	0.212287
0.612000	0.257446
0.613000	0.203259
0.614000	0.401986
0.615000	0.401986
0.616000	0.356810
0.617000	0.456191
0.618000	0.483275
0.619000	0.411014
0.620000	0.356810
0.621000	0.438117
0.622000	0.555555
0.623000	0.555555
0.624000	0.528452
0.625000	0.573611
0.626000	0.374884
0.627000	0.465219
0.628000	0.555555
0.629000	0.564583
0.630000	0.465219
0.631000	0.356810
0.632000	0.329726
0.633000	0.347782
0.634000	0.420042
0.635000	0.293595
0.636000	0.185185
0.637000	0.185185
0.638000	0.194213
0.639000	0.121952
0.640000	0.094849
0.641000	0.076793
0.642000	0.076793
0.643000	0.185185
0.644000	0.049691
0.645000	0.049691
0.646000	0.058719
0.647000	0.076793
0.648000	-0.004514
0.649000	-0.103877
0.650000	-0.149036
0.651000	-0.040645
0.652000	0.040663
0.653000	0.103896
0.654000	0.040663
0.655000	-0.040645
0.656000	0.022589
0.657000	0.176157
0.658000	0.185185
0.659000	0.103896
0.660000	0.121952
0.661000	0.085822
0.662000	0.049691
0.663000	0.203259
0.664000	0.329726
0.665000	0.121952
0.666000	0.176157
0.667000	0.293595
0.668000	0.185185
0.669000	0.239390
0.670000	0.365856
0.671000	0.194213
0.672000	0.194213
0.673000	0.365856
0.674000	0.347782
0.675000	0.266493
0.676000	0.248418
0.677000	0.167129
0.678000	0.140026
0.679000	0.230362
0.680000	0.275520
0.681000	0.275520
0.682000	0.176157
0.683000	0.112924
0.684000	0.121952
0.685000	0.085822
0.686000	-0.031617
0.687000	0.176157
0.688000	0.248418
0.689000	0.103896
0.690000	0.067747
0.691000	0.040663
0.692000	-0.130980
0.693000	-0.031617
0.694000	0.058719
0.695000	-0.022570
0.696000	-0.112905
0.697000	-0.121933
0.698000	-0.130980
0.699000	-0.031617
0.700000	-0.013542
0.701000	-0.076775
0.702000	-0.058700
0.703000	-0.004514
0.704000	-0.004514
0.705000	-0.004514
0.706000	-0.031617
0.707000	-0.076775
0.708000	-0.058700
0.709000	-0.031617
0.710000	0.031617
0.711000	0.130980
0.712000	0.085822
0.713000	0.067747
0.714000	0.121952
0.715000	0.194213
0.716000	0.176157
0.717000	0.185185
0.718000	0.248418
0.719000	0.284549
0.720000	0.266493
0.721000	0.293595
0.722000	0.239390
0.723000	0.275520
0.724000	0.338754
0.725000	0.320679
0.726000	0.383912
0.727000	0.438117
0.728000	0.420042
0.729000	0.392958
0.730000	0.411014
0.731000	0.401986
0.732000	0.411014
0.733000	0.411014
0.734000	0.392958
0.735000	0.392958
0.736000	0.383912
0.737000	0.329726
0.738000	0.293595
0.739000	0.320679
0.740000	0.284549
0.741000	0.230362
0.742000	0.212287
0.743000	0.212287
0.744000	0.176157
0.745000	0.130980
0.746000	0.049691
0.747000	0.022589
0.748000	0.022589
0.749000	-0.022570
0.750000	-0.076775
0.751000	-0.103877
0.752000	-0.149036
0.753000	-0.140008
0.754000	-0.112905
0.755000	-0.140008
0.756000	-0.194213
0.757000	-0.221315
0.758000	-0.221315
0.759000	-0.275502
0.760000	-0.293577
0.761000	-0.329707
0.762000	-0.338735
0.763000	-0.284530
0.764000	-0.221315
0.765000	-0.194213
0.766000	-0.185166
0.767000	-0.212269
0.768000	-0.221315
0.769000	-0.203241
0.770000	-0.167110
0.771000	-0.112905
0.772000	-0.112905
0.773000	-0.085803
0.774000	-0.103877
0.775000	-0.085803
0.776000	-0.022570
0.777000	0.058719
0.778000	0.112924
0.779000	0.149054
0.780000	0.112924
0.781000	0.103896
0.782000	0.212287
0.783000	0.284549
0.784000	0.302623
0.785000	0.293595
0.786000	0.266493
0.787000	0.230362
0.788000	0.275520
0.789000	0.311651
0.790000	0.311651
0.791000	0.374884
0.792000	0.420042
0.793000	0.420042
0.794000	0.338754
0.795000	0.302623
0.796000	0.293595
0.797000	0.320679
0.798000	0.266493
0.799000	0.230362
0.800000	0.176157
0.801000	0.167129
0.802000	0.185185
0.803000	0.158082
0.804000	0.112924
0.805000	0.049691
0.806000	0.013560
0.807000	0.031617
0.808000	0.067747
0.809000	-0.049672
0.810000	-0.103877
0.811000	-0.067747
0.812000	-0.094849
0.813000	-0.158082
0.814000	-0.203241
0.815000	-0.293577
0.816000	-0.356810
0.817000	-0.158082
0.818000	-0.085803
0.819000	-0.248399
0.820000	-0.239371
0.821000	-0.194213
0.822000	-0.347763
0.823000	-0.266474
0.824000	-0.130980
0.825000	-0.167110
0.826000	-0.158082
0.827000	-0.031617
0.828000	-0.103877
0.829000	-0.185166
0.830000	-0.076775
0.831000	-0.013542
0.832000	-0.121933
0.833000	-0.058700
0.834000	0.140026
0.835000	0.194213
0.836000	0.103896
0.837000	0.103896
0.838000	0.085822
0.839000	0.185185
0.840000	0.212287
0.841000	0.158082
0.842000	0.185185
0.843000	0.248418
0.844000	0.257446
0.845000	0.275520
0.846000	0.194213
0.847000	0.067747
0.848000	0.149054
0.849000	0.257446
0.850000	0.221315
0.851000	0.149054
0.852000	0.112924
0.853000	0.158082
0.854000	0.185185
0.855000	0.067747
0.856000	-0.049672
0.857000	-0.013542
0.858000	0.067747
0.859000	0.049691
0.860000	-0.058700
0.861000	-0.112905
0.862000	-0.149036
0.863000	-0.130980
0.864000	-0.176138
0.865000	-0.176138
0.866000	-0.103877
0.867000	-0.185166
0.868000	-0.221315
0.869000	-0.275502
0.870000	-0.185166
0.871000	-0.320679
0.872000	-0.329707
0.873000	-0.239371
0.874000	-0.203241
0.875000	-0.302604
0.876000	-0.320679
0.877000	-0.365838
0.878000	-0.401968
0.879000	-0.275502
0.880000	-0.040645
0.881000	-0.176138
0.882000	-0.239371
0.883000	-0.176138
0.884000	-0.076775
0.885000	-0.103877
0.886000	-0.094849
0.887000	-0.130980
0.888000	-0.058700
0.889000	-0.031617
0.890000	-0.140008
0.891000	-0.121933
0.892000	-0.022570
0.893000	-0.140008
0.894000	-0.004514
0.895000	0.185185
0.896000	0.049691
0.897000	-0.031617
0.898000	0.194213
0.899000	0.031617
0.900000	-0.158082
0.901000	-0.103877
0.902000	-0.112905
0.903000	-0.022570
0.904000	-0.058700
0.905000	-0.094849
0.906000	-0.130980
0.907000	-0.347763
0.908000	-0.239371
0.909000	-0.158082
0.910000	-0.149036
0.911000	-0.013542
0.912000	-0.149036
0.913000	-0.356810
0.914000	-0.194213
0.915000	-0.094849
0.916000	-0.510378
0.917000	-0.483276
0.918000	-0.383912
0.919000	-0.338735
0.920000	-0.302604
0.921000	-0.320679
0.922000	-0.447145
0.923000	-0.429071
0.924000	-0.474229
0.925000	-0.438099
0.926000	-0.383912
0.927000	-0.456173
0.928000	-0.410996
0.929000	-0.320679
0.930000	-0.528434
0.931000	-0.528434
0.932000	-0.266474
0.933000	-0.347763
0.934000	-0.429071
0.935000	-0.564565
0.936000	-0.519406
0.937000	-0.356810
0.938000	-0.329707
0.939000	-0.438099
0.940000	-0.329707
0.941000	-0.338735
0.942000	-0.320679
0.943000	-0.356810
0.944000	-0.293577
0.945000	-0.365838
0.946000	-0.212269
0.947000	-0.248399
0.948000	-0.356810
0.949000	-0.293577
0.950000	-0.284530
0.951000	-0.266474
0.952000	-0.149036
0.953000	-0.347763
0.954000	-0.257446
0.955000	-0.040645
0.956000	-0.140008
0.957000	-0.130980
0.958000	-0.194213
0.959000	-0.365838
0.960000	-0.248399
0.961000	-0.140008
0.962000	-0.257446
0.963000	-0.266474
0.964000	-0.149036
0.965000	-0.203241
0.966000	-0.302604
0.967000	-0.275502
0.968000	-0.392940
0.969000	-0.320679
0.970000	-0.284530
0.971000	-0.438099
0.972000	-0.374866
0.973000	-0.347763
0.974000	-0.410996
0.975000	-0.356810
0.976000	-0.456173
0.977000	-0.591667
0.978000	-0.636826
0.979000	-0.474229
0.980000	-0.347763
0.981000	-0.374866
0.982000	-0.302604
0.983000	-0.691030
0.984000	-1.052350
0.985000	-0.808468
0.986000	-0.293577
0.987000	-0.248399
0.988000	-0.871702
0.989000	-1.260130
0.990000	-0.971065
0.991000	-0.609742
0.992000	-0.185166
0.993000	-0.112905
0.994000	-0.492304
0.995000	-0.682002
0.996000	-0.555537
0.997000	-0.781366
0.998000	-0.754263
0.999000	-0.465201
1.000000	-0.167110
1.001000	-0.266474
1.002000	-0.465201
1.003000	-0.474229
1.004000	-0.320679
1.005000	-0.140008
1.006000	-0.058700
1.007000	-0.293577
1.008000	-0.555537
1.009000	-0.239371
1.010000	0.194213
1.011000	0.185185
1.012000	-0.058700
1.013000	-0.167110
1.014000	-0.248399
1.015000	-0.230343
1.016000	0.022589
1.017000	0.076793
1.018000	-0.112905
1.019000	-0.230343
1.020000	-0.149036
1.021000	0.266493
1.022000	0.483275
1.023000	0.040663
1.024000	-0.546509
1.025000	-0.817496
1.026000	-0.718133
1.027000	-0.365838
1.028000	0.040663
1.029000	0.103896
1.030000	-0.076775
1.031000	-0.176138
1.032000	-0.194213
1.033000	-0.221315
1.034000	-0.040645
1.035000	-0.004514
1.036000	-0.356810
1.037000	-0.844599
1.038000	-0.862655
1.039000	-0.709105
1.040000	-0.645872
1.041000	-0.654900
1.042000	-0.691030
1.043000	-0.663928
1.044000	-0.691030
1.045000	-0.718133
1.046000	-0.582639
1.047000	-0.374866
1.048000	-0.338735
1.049000	-0.627798
1.050000	-0.808468
1.051000	-0.709105
1.052000	-0.401968
1.053000	-0.112905
1.054000	-0.031617
1.055000	-0.158082
1.056000	-0.239371
1.057000	-0.194213
1.058000	-0.022570
1.059000	0.121952
1.060000	0.076793
1.061000	-0.013542
1.062000	-0.022570
1.063000	0.149054
1.064000	0.329726
1.065000	0.474247
1.066000	0.374884
1.067000	0.338754
1.068000	0.365856
1.069000	0.392958
1.070000	0.275520
1.071000	0.203259
1.072000	0.167129
1.073000	-0.049672
1.074000	-0.239371
1.075000	-0.311632
1.076000	-0.293577
1.077000	-0.248399
1.078000	-0.140008
1.079000	-0.185166
1.080000	-0.275502
1.081000	-0.311632
1.082000	-0.266474
1.083000	-0.149036
1.084000	-0.031617
1.085000	-0.058700
1.086000	-0.275502
1.087000	-0.356810
1.088000	-0.212269
1.089000	-0.076775
1.090000	-0.320679
1.091000	-0.573593
1.092000	-0.636826
1.093000	-0.582639
1.094000	-0.456173
1.095000	-0.447145
1.096000	-0.609742
1.097000	-0.718133
1.098000	-0.663928
1.099000	-0.555537
1.100000	-0.501332
1.101000	-0.392940
1.102000	-0.329707
1.103000	-0.456173
1.104000	-0.573593
1.105000	-0.510378
1.106000	-0.392940
1.107000	-0.311632
1.108000	-0.365838
1.109000	-0.501332
1.110000	-0.600695
1.111000	-0.465201
1.112000	-0.311632
1.113000	-0.275502
1.114000	-0.338735
1.115000	-0.383912
1.116000	-0.410996
1.117000	-0.392940
1.118000	-0.293577
1.119000	-0.194213
1.120000	-0.203241
1.121000	-0.311632
1.122000	-0.392940
1.123000	-0.383912
1.124000	-0.311632
1.125000	-0.230343
1.126000	-0.302604
1.127000	-0.456173
1.128000	-0.483276
1.129000	-0.401968
1.130000	-0.356810
1.131000	-0.429071
1.132000	-0.528434
1.133000	-0.555537
1.134000	-0.573593
1.135000	-0.573593
1.136000	-0.555537
1.137000	-0.564565
1.138000	-0.618770
1.139000	-0.709105
1.140000	-0.727161
1.141000	-0.672974
1.142000	-0.591667
1.143000	-0.582639
1.144000	-0.790394
1.145000	-0.898804
1.146000	-0.799440
1.147000	-0.682002
1.148000	-0.645872
1.149000	-0.682002
1.150000	-0.772338
1.151000	-0.808468
1.152000	-0.799440
1.153000	-0.772338
1.154000	-0.763291
1.155000	-0.718133
1.156000	-0.672974
1.157000	-0.781366
1.158000	-0.871702
1.159000	-0.781366
1.160000	-0.645872
1.161000	-0.609742
1.162000	-0.682002
1.163000	-0.736207
1.164000	-0.745235
1.165000	-0.645872
1.166000	-0.546509
1.167000	-0.591667
1.168000	-0.636826
1.169000	-0.618770
1.170000	-0.591667
1.171000	-0.546509
1.172000	-0.501332
1.173000	-0.438099
1.174000	-0.447145
1.175000	-0.465201
1.176000	-0.510378
1.177000	-0.492304
1.178000	-0.429071
1.179000	-0.392940
1.180000	-0.438099
1.181000	-0.537462
1.182000	-0.528434
1.183000	-0.474229
1.184000	-0.420043
1.185000	-0.456173
1.186000	-0.528434
1.187000	-0.501332
1.188000	-0.483276
1.189000	-0.546509
1.190000	-0.718133
1.191000	-0.880729
1.192000	-0.925888
1.193000	-0.853627
1.194000	-0.835571
1.195000	-0.826524
1.196000	-0.736207
1.197000	-0.645872
1.198000	-0.636826
1.199000	-0.600695
1.200000	-0.582639
1.201000	-0.420043
1.202000	-0.248399
1.203000	-0.221315
1.204000	-0.365838
1.205000	-0.474229
1.206000	-0.537462
1.207000	-0.456173
1.208000	-0.456173
1.209000	-0.573593
1.210000	-0.618770
1.211000	-0.826524
1.212000	-1.079460
1.213000	-0.943963
1.214000	-0.654900
1.215000	-0.573593
1.216000	-0.618770
1.217000	-0.654900
1.218000	-0.636826
1.219000	-0.528434
1.220000	-0.347763
1.221000	-0.311632
1.222000	-0.365838
1.223000	-0.239371
1.224000	-0.094849
1.225000	-0.004514
1.226000	-0.004514
1.227000	0.293595
1.228000	0.239390
1.229000	0.212287
1.230000	0.293595
1.231000	0.149054
1.232000	0.049691
1.233000	0.257446
1.234000	0.501350
1.235000	0.537480
1.236000	0.591686
1.237000	0.654918
1.238000	0.672974
1.239000	0.465219
1.240000	0.266493
1.241000	0.248418
1.242000	0.130980
1.243000	0.176157
1.244000	0.293595
1.245000	0.112924
1.246000	-0.058700
1.247000	0.022589
1.248000	0.076793
1.249000	-0.022570
1.250000	-0.176138
1.251000	-0.564565
1.252000	-0.085803
1.253000	-0.167110
1.254000	-1.088500
1.255000	0.365856
1.256000	0.826543
1.257000	-1.332390
1.258000	-0.438099
1.259000	1.151740
1.260000	0.880748
1.261000	-1.061400
1.262000	-0.447145
1.263000	-0.645872
1.264000	0.085822
1.265000	0.844618
1.266000	1.142710
1.267000	-0.618770
1.268000	-1.964720
1.269000	0.022589
1.270000	0.420042
1.271000	0.645872
1.272000	-0.392940
1.273000	-0.167110
1.274000	-1.043330
1.275000	-1.061400
1.276000	0.383912
1.277000	2.958370
1.278000	0.474247
1.279000	-1.187870
1.280000	-2.208600
1.281000	-1.233030
1.282000	0.293595
1.283000	1.495000
1.284000	2.091180
1.285000	-0.121933
1.286000	-0.546509
1.287000	-1.106560
1.288000	-0.329707
1.289000	0.962037
1.290000	0.925907
1.291000	-1.305290
1.292000	-0.040645
1.293000	1.549210
1.294000	-0.600695
1.295000	-0.709105
1.296000	1.160780
1.297000	1.079480
1.298000	-0.745235
1.299000	-0.130980
1.300000	-0.456173
1.301000	-1.666630
1.302000	0.745254
1.303000	2.777720
1.304000	0.293595
1.305000	-1.829220
1.306000	-1.088500
1.307000	-0.320679
1.308000	1.449850
1.309000	1.729860
1.310000	-0.320679
1.311000	-2.371200
1.312000	-0.853627
1.313000	0.745254
1.314000	0.230362
1.315000	-0.609742
1.316000	-0.546509
1.317000	0.176157
1.318000	0.582658
1.319000	0.962037
1.320000	0.727179
1.321000	-0.049672
1.322000	-0.158082
1.323000	0.510378
1.324000	0.031617
1.325000	-1.467880
1.326000	-0.356810
1.327000	0.962037
1.328000	-0.121933
1.329000	-1.196890
1.330000	-0.871702
1.331000	-0.239371
1.332000	0.429089
1.333000	2.235730
1.334000	0.907851
1.335000	-1.765990
1.336000	-0.736207
1.337000	1.007210
1.338000	0.049691
1.339000	-0.176138
1.340000	0.049691
1.341000	-0.555537
1.342000	-0.817496
1.343000	0.266493
1.344000	0.510378
1.345000	0.185185
1.346000	0.275520
1.347000	0.004533
1.348000	-1.142690
1.349000	-0.898804
1.350000	0.943981
1.351000	1.847300
1.352000	0.221315
1.353000	-1.738890
1.354000	-1.151720
1.355000	0.284549
1.356000	0.582658
1.357000	-0.158082
1.358000	-0.483276
1.359000	-0.546509
1.360000	0.329726
1.361000	0.528452
1.362000	0.465219
1.363000	0.239390
1.364000	-0.031617
1.365000	-0.158082
1.366000	-0.239371
1.367000	-0.239371
1.368000	-0.817496
1.369000	-0.528434
1.370000	0.230362
1.371000	0.257446
1.372000	-0.546509
1.373000	-0.871702
1.374000	-0.185166
1.375000	0.483275
1.376000	0.772338
1.377000	0.609742
1.378000	-0.149036
1.379000	-0.709105
1.380000	-0.221315
1.381000	0.112924
1.382000	-0.103877
1.383000	0.049691
1.384000	0.257446
1.385000	-0.176138
1.386000	-0.140008
1.387000	0.474247
1.388000	0.483275
1.389000	0.365856
1.390000	-0.058700
1.391000	-0.338735
1.392000	-0.022570
1.393000	0.591686
1.394000	0.528452
1.395000	-0.076775
1.396000	-0.781366
1.397000	-0.447145
1.398000	0.266493
1.399000	0.474247
1.400000	0.149054
1.401000	-0.176138
1.402000	0.121952
1.403000	0.302623
1.404000	-0.140008
1.405000	-0.356810
1.406000	-0.275502
1.407000	-0.194213
1.408000	-0.176138
1.409000	-0.257446
1.410000	-0.212269
1.411000	0.167129
1.412000	0.140026
1.413000	-0.338735
1.414000	-0.672974
1.415000	-0.374866
1.416000	0.275520
1.417000	0.447145
1.418000	-0.239371
1.419000	-0.429071
1.420000	-0.140008
1.421000	0.031617
1.422000	-0.275502
1.423000	-0.329707
1.424000	0.176157
1.425000	0.185185
1.426000	0.031617
1.427000	-0.203241
1.428000	-0.112905
1.429000	-0.076775
1.430000	0.194213
1.431000	0.067747
1.432000	-0.438099
1.433000	-0.374866
1.434000	0.158082
1.435000	0.347782
1.436000	0.248418
1.437000	0.302623
1.438000	-0.176138
1.439000	-0.356810
1.440000	-0.158082
1.441000	0.212287
1.442000	0.248418
1.443000	0.329726
1.444000	0.004533
1.445000	0.212287
1.446000	0.094849
1.447000	0.049691
1.448000	0.040663
1.449000	0.401986
1.450000	0.411014
1.451000	0.257446
1.452000	-0.058700
1.453000	0.130980
1.454000	0.203259
1.455000	0.112924
1.456000	-0.140008
1.457000	-0.239371
1.458000	0.103896
1.459000	0.140026
1.460000	0.004533
1.461000	0.058719
1.462000	0.022589
1.463000	-0.176138
1.464000	-0.284530
1.465000	-0.167110
1.466000	0.022589
1.467000	0.049691
1.468000	0.031617
1.469000	-0.167110
1.470000	-0.221315
1.471000	-0.275502
1.472000	-0.257446
1.473000	-0.248399
1.474000	-0.311632
1.475000	-0.185166
1.476000	-0.067747
1.477000	-0.067747
1.478000	-0.221315
1.479000	-0.266474
1.480000	-0.121933
1.481000	-0.058700
1.482000	0.031617
1.483000	-0.094849
1.484000	-0.067747
1.485000	-0.076775
1.486000	-0.149036
1.487000	-0.058700
1.488000	-0.040645
1.489000	0.085822
1.490000	0.022589
1.491000	0.158082
1.492000	0.338754
1.493000	0.356810
1.494000	0.176157
1.495000	0.058719
1.496000	0.049691
1.497000	-0.004514
1.498000	-0.013542
1.499000	-0.076775
1.500000	0.121952
1.501000	0.365856
1.502000	0.257446
1.503000	0.185185
1.504000	0.067747
1.505000	-0.058700
1.506000	0.085822
1.507000	0.338754
1.508000	0.130980
1.509000	0.013560
1.510000	0.257446
1.511000	0.275520
1.512000	0.076793
1.513000	-0.049672
1.514000	0.067747
1.515000	0.031617
1.516000	0.013560
1.517000	-0.094849
1.518000	-0.103877
1.519000	-0.094849
1.520000	-0.076775
1.521000	-0.076775
1.522000	-0.167110
1.523000	-0.158082
1.524000	-0.058700
1.525000	-0.040645
1.526000	-0.203241
1.527000	-0.239371
1.528000	-0.329707
1.529000	-0.356810
1.530000	-0.365838
1.531000	-0.410996
1.532000	-0.284530
1.533000	-0.049672
1.534000	-0.040645
1.535000	-0.040645
1.536000	-0.176138
1.537000	-0.302604
1.538000	-0.158082
1.539000	-0.103877
1.540000	-0.167110
1.541000	0.004533
1.542000	-0.167110
1.543000	-0.257446
1.544000	-0.049672
1.545000	-0.031617
1.546000	-0.176138
1.547000	-0.103877
1.548000	-0.149036
1.549000	0.221315
1.550000	0.546508
1.551000	0.040663
1.552000	-0.031617
1.553000	0.293595
1.554000	0.112924
1.555000	0.112924
1.556000	0.392958
1.557000	0.013560
1.558000	-0.230343
1.559000	0.248418
1.560000	0.176157
1.561000	-0.293577
1.562000	-0.311632
1.563000	0.212287
1.564000	0.176157
1.565000	0.176157
1.566000	0.185185
1.567000	0.302623
1.568000	0.121952
1.569000	-0.013542
1.570000	-0.112905
1.571000	-0.429071
1.572000	-0.140008
1.573000	0.158082
1.574000	0.140026
1.575000	-0.275502
1.576000	-0.230343
1.577000	-0.284530
1.578000	0.004533
1.579000	0.013560
1.580000	-0.266474
1.581000	-0.392940
1.582000	-0.149036
1.583000	0.049691
1.584000	0.040663
1.585000	0.004533
1.586000	-0.374866
1.587000	-0.537462
1.588000	-0.383912
1.589000	-0.149036
1.590000	-0.338735
1.591000	-0.474229
1.592000	-0.356810
1.593000	-0.185166
1.594000	-0.149036
1.595000	-0.167110
1.596000	-0.167110
1.597000	-0.004514
1.598000	0.049691
1.599000	-0.085803
1.600000	-0.257446
1.601000	-0.293577
1.602000	-0.185166
1.603000	-0.266474
1.604000	-0.221315
1.605000	-0.194213
1.606000	0.239390
1.607000	0.438117
1.608000	0.167129
1.609000	0.040663
1.610000	0.284549
1.611000	0.004533
1.612000	0.176157
1.613000	0.447145
1.614000	0.212287
1.615000	-0.185166
1.616000	0.158082
1.617000	0.320679
1.618000	0.284549
1.619000	0.013560
1.620000	-0.013542
1.621000	0.040663
1.622000	-0.130980
1.623000	0.248418
1.624000	0.465219
1.625000	0.085822
1.626000	-0.293577
1.627000	-0.194213
1.628000	0.022589
1.629000	-0.013542
1.630000	-0.013542
1.631000	-0.013542
1.632000	-0.365838
1.633000	-0.492304
1.634000	-0.347763
1.635000	-0.221315
1.636000	-0.040645
1.637000	-0.112905
1.638000	-0.239371
1.639000	-0.094849
1.640000	0.140026
1.641000	0.085822
1.642000	-0.221315
1.643000	-0.338735
1.644000	-0.140008
1.645000	-0.185166
1.646000	-0.239371
1.647000	-0.221315
1.648000	-0.194213
1.649000	-0.167110
1.650000	-0.004514
1.651000	-0.067747
1.652000	-0.103877
1.653000	0.049691
1.654000	0.103896
1.655000	-0.158082
1.656000	-0.040645
1.657000	0.085822
1.658000	0.040663
1.659000	0.049691
1.660000	-0.076775
1.661000	-0.040645
1.662000	0.248418
1.663000	0.130980
1.664000	0.158082
1.665000	0.383912
1.666000	0.573611
1.667000	0.293595
1.668000	0.356810
1.669000	0.149054
1.670000	-0.049672
1.671000	0.248418
1.672000	0.374884
1.673000	-0.031617
1.674000	-0.040645
1.675000	-0.040645
1.676000	0.040663
1.677000	0.194213
1.678000	0.447145
1.679000	0.447145
1.680000	0.365856
1.681000	0.140026
1.682000	0.013560
1.683000	0.094849
1.684000	-0.067747
1.685000	-0.392940
1.686000	-0.130980
1.687000	-0.112905
1.688000	-0.230343
1.689000	-0.383912
1.690000	-0.618770
1.691000	-0.320679
1.692000	0.031617
1.693000	0.158082
1.694000	-0.121933
1.695000	-0.221315
1.696000	-0.212269
1.697000	0.085822
1.698000	-0.067747
1.699000	-0.275502
1.700000	-0.293577
1.701000	-0.302604
1.702000	-0.600695
1.703000	-0.609742
1.704000	-0.329707
1.705000	-0.004514
1.706000	0.076793
1.707000	-0.031617
1.708000	-0.049672
1.709000	0.140026
1.710000	0.401986
1.711000	0.411014
1.712000	-0.049672
1.713000	-0.528434
1.714000	-0.149036
1.715000	0.140026
1.716000	-0.149036
1.717000	-0.338735
1.718000	0.013560
1.719000	0.401986
1.720000	0.438117
1.721000	0.456191
1.722000	0.510378
1.723000	0.212287
1.724000	0.040663
1.725000	0.212287
1.726000	0.212287
1.727000	0.067747
1.728000	0.275520
1.729000	0.203259
1.730000	-0.311632
1.731000	-0.248399
1.732000	0.239390
1.733000	0.320679
1.734000	0.112924
1.735000	0.004533
1.736000	-0.067747
1.737000	-0.004514
1.738000	0.013560
1.739000	0.121952
1.740000	0.103896
1.741000	-0.013542
1.742000	-0.040645
1.743000	-0.022570
1.744000	-0.239371
1.745000	-0.221315
1.746000	-0.158082
1.747000	-0.176138
1.748000	-0.374866
1.749000	-0.546509
1.750000	-0.429071
1.751000	-0.040645
1.752000	0.040663
1.753000	-0.221315
1.754000	-0.401968
1.755000	-0.365838
1.756000	-0.194213
1.757000	-0.112905
1.758000	-0.212269
1.759000	-0.347763
1.760000	-0.230343
1.761000	-0.140008
1.762000	-0.221315
1.763000	-0.230343
1.764000	-0.094849
1.765000	-0.013542
1.766000	0.058719
1.767000	-0.094849
1.768000	-0.158082
1.769000	0.022589
1.770000	0.176157
1.771000	0.031617
1.772000	-0.112905
1.773000	0.013560
1.774000	0.076793
1.775000	0.158082
1.776000	0.149054
1.777000	0.085822
1.778000	-0.040645
1.779000	0.194213
1.780000	0.203259
1.781000	0.112924
1.782000	0.004533
1.783000	0.149054
1.784000	0.311651
1.785000	0.266493
1.786000	0.130980
1.787000	0.085822
1.788000	0.085822
1.789000	0.167129
1.790000	0.149054
1.791000	-0.031617
1.792000	-0.067747
1.793000	0.067747
1.794000	0.076793
1.795000	-0.049672
1.796000	-0.194213
1.797000	-0.121933
1.798000	0.121952
1.799000	0.167129
1.800000	0.112924
1.801000	-0.040645
1.802000	-0.112905
1.803000	-0.140008
1.804000	-0.076775
1.805000	-0.049672
1.806000	-0.103877
1.807000	-0.203241
1.808000	-0.058700
1.809000	-0.103877
1.810000	-0.239371
1.811000	-0.176138
1.812000	-0.103877
1.813000	-0.058700
1.814000	-0.076775
1.815000	-0.094849
1.816000	-0.230343
1.817000	-0.185166
1.818000	-0.058700
1.819000	0.076793
1.820000	-0.121933
1.821000	-0.248399
1.822000	-0.103877
1.823000	0.103896
1.824000	0.121952
1.825000	-0.103877
1.826000	-0.167110
1.827000	-0.185166
1.828000	-0.085803
1.829000	0.031617
1.830000	0.049691
1.831000	-0.004514
1.832000	0.103896
1.833000	0.085822
1.834000	0.067747
1.835000	0.085822
1.836000	0.031617
1.837000	0.013560
1.838000	0.022589
1.839000	0.094849
1.840000	0.040663
1.841000	0.085822
1.842000	0.158082
1.843000	0.112924
1.844000	0.040663
1.845000	0.004533
1.846000	0.058719
1.847000	0.293595
1.848000	0.248418
1.849000	0.013560
1.850000	-0.049672
1.851000	0.040663
1.852000	0.076793
1.853000	0.031617
1.854000	0.067747
1.855000	0.040663
1.856000	0.067747
1.857000	0.004533
1.858000	0.049691
1.859000	0.058719
1.860000	0.040663
1.861000	0.058719
1.862000	0.040663
1.863000	-0.067747
1.864000	-0.040645
1.865000	0.103896
1.866000	0.049691
1.867000	0.031617
1.868000	-0.040645
1.869000	-0.212269
1.870000	-0.130980
1.871000	0.031617
1.872000	-0.004514
1.873000	-0.140008
1.874000	-0.140008
1.875000	-0.121933
1.876000	-0.076775
1.877000	-0.094849
1.878000	-0.140008
1.879000	-0.103877
1.880000	-0.049672
1.881000	-0.094849
1.882000	-0.185166
1.883000	-0.185166
1.884000	-0.112905
1.885000	-0.004514
1.886000	-0.094849
1.887000	-0.140008
1.888000	-0.121933
1.889000	-0.040645
1.890000	-0.004514
1.891000	-0.013542
1.892000	-0.076775
1.893000	-0.094849
1.894000	-0.049672
1.895000	0.013560
1.896000	0.103896
1.897000	0.022589
1.898000	-0.004514
1.899000	0.031617
1.900000	0.022589
1.901000	0.004533
1.902000	0.049691
1.903000	0.013560
1.904000	0.085822
1.905000	0.212287
1.906000	0.130980
1.907000	0.013560
1.908000	0.103896
1.909000	0.176157
1.910000	0.140026
1.911000	0.040663
1.912000	0.004533
1.913000	0.013560
1.914000	0.085822
1.915000	0.031617
1.916000	-0.040645
1.917000	-0.103877
1.918000	-0.004514
1.919000	0.067747
1.920000	0.049691
1.921000	-0.004514
1.922000	-0.004514
1.923000	-0.040645
1.924000	-0.040645
1.925000	-0.031617
1.926000	-0.049672
1.927000	-0.112905
1.928000	-0.158082
1.929000	-0.094849
1.930000	-0.058700
1.931000	-0.112905
1.932000	-0.176138
1.933000	-0.140008
1.934000	-0.094849
1.935000	-0.085803
1.936000	-0.085803
1.937000	-0.185166
1.938000	-0.221315
1.939000	-0.140008
1.940000	-0.103877
1.941000	-0.194213
1.942000	-0.212269
1.943000	-0.140008
1.944000	-0.031617
1.945000	-0.076775
1.946000	-0.121933
1.947000	-0.158082
1.948000	-0.085803
1.949000	-0.040645
1.950000	-0.013542
1.951000	-0.013542
1.952000	-0.031617
1.953000	0.022589
1.954000	0.013560
1.955000	0.013560
1.956000	-0.049672
1.957000	-0.022570
1.958000	0.031617
1.959000	0.094849
1.960000	-0.022570
1.961000	-0.058700
1.962000	0.076793
1.963000	0.167129
1.964000	0.121952
1.965000	0.058719
1.966000	0.013560
1.967000	0.103896
1.968000	0.185185
1.969000	0.140026
1.970000	0.013560
1.971000	0.040663
1.972000	0.031617
1.973000	0.013560
1.974000	0.040663
1.975000	-0.040645
1.976000	-0.013542
1.977000	0.112924
1.978000	0.067747
1.979000	-0.022570
1.980000	0.004533
1.981000	-0.013542
1.982000	0.031617
1.983000	0.049691
1.984000	-0.067747
1.985000	-0.158082
1.986000	-0.085803
1.987000	-0.004514
1.988000	0.022589
1.989000	-0.049672
1.990000	-0.121933
1.991000	-0.076775
1.992000	-0.004514
1.993000	-0.058700
1.994000	-0.130980
1.995000	-0.085803
1.996000	-0.058700
1.997000	-0.085803
1.998000	-0.167110
1.999000	-0.058700
2.000000	-0.013542
2.001000	-0.067747
2.002000	-0.121933
2.003000	-0.103877
2.004000	-0.121933
2.005000	0.004533
2.006000	0.049691
2.007000	-0.103877
2.008000	-0.130980
2.009000	-0.031617
2.010000	0.022589
2.011000	0.067747
2.012000	-0.004514
2.013000	-0.112905
2.014000	-0.031617
2.015000	0.121952
2.016000	0.058719
2.017000	-0.022570
2.018000	0.058719
2.019000	-0.022570
2.020000	0.013560
2.021000	0.031617
2.022000	0.031617
2.023000	0.067747
2.024000	0.158082
2.025000	0.085822
2.026000	0.031617
2.027000	0.040663
2.028000	0.085822
2.029000	0.121952
2.030000	0.085822
2.031000	0.004533
2.032000	-0.040645
2.033000	-0.031617
2.034000	0.085822
2.035000	0.112924
2.036000	0.031617
2.037000	-0.013542
2.038000	-0.076775
2.039000	0.004533
2.040000	0.067747
2.041000	0.067747
2.042000	-0.094849
2.043000	-0.103877
2.044000	-0.022570
2.045000	-0.022570
2.046000	0.013560
2.047000	-0.058700
2.048000	-0.094849
2.049000	-0.094849
2.050000	-0.004514
2.051000	-0.067747
2.052000	-0.013542
2.053000	-0.076775
2.054000	-0.121933
2.055000	-0.103877
2.056000	-0.022570
2.057000	-0.076775
2.058000	-0.167110
2.059000	-0.112905
2.060000	-0.112905
2.061000	-0.067747
2.062000	-0.022570
2.063000	0.067747
2.064000	-0.076775
2.065000	-0.094849
2.066000	-0.067747
2.067000	-0.040645
2.068000	-0.040645
2.069000	-0.058700
2.070000	0.004533
2.071000	0.013560
2.072000	-0.013542
2.073000	-0.022570
2.074000	0.031617
2.075000	0.076793
2.076000	0.022589
2.077000	-0.013542
2.078000	-0.013542
2.079000	0.013560
2.080000	0.049691
2.081000	0.103896
2.082000	0.004533
2.083000	-0.022570
2.084000	0.031617
2.085000	0.040663
2.086000	0.067747
2.087000	0.040663
2.088000	0.058719
2.089000	0.103896
2.090000	-0.058700
2.091000	-0.004514
2.092000	0.058719
2.093000	0.094849
2.094000	-0.013542
2.095000	-0.031617
2.096000	-0.031617
2.097000	-0.094849
2.098000	0.013560
2.099000	0.004533
2.100000	-0.040645
2.101000	-0.085803
2.102000	0.013560
2.103000	0.049691
2.104000	-0.528434
2.105000	-0.600695
2.106000	0.718151
2.107000	1.504030
2.108000	-0.962037
2.109000	-0.501332
2.110000	-0.844599
2.111000	0.609742
2.112000	-0.329707
2.113000	0.465219
2.114000	0.528452
2.115000	-0.266474
2.116000	-1.630480
2.117000	0.149054
2.118000	1.070450
2.119000	0.447145
2.120000	-0.239371
2.121000	-0.185166
2.122000	0.194213
2.123000	-1.729840
2.124000	-0.871702
2.125000	1.865350
2.126000	1.657600
2.127000	-2.009880
2.128000	-0.293577
2.129000	1.413700
2.130000	-0.546509
2.131000	-0.998168
2.132000	0.338754
2.133000	0.718151
2.134000	-0.383912
2.135000	0.031617
2.136000	-0.293577
2.137000	-0.248399
2.138000	-0.013542
2.139000	1.088500
2.140000	0.212287
2.141000	-0.781366
2.142000	-0.130980
2.143000	0.962037
2.144000	-1.070430
2.145000	-1.386590
2.146000	0.700077
2.147000	1.025270
2.148000	0.022589
2.149000	0.230362
2.150000	-0.248399
2.151000	-1.106560
2.152000	-0.067747
2.153000	0.727179
2.154000	0.221315
2.155000	0.085822
2.156000	-0.311632
2.157000	-0.934935
2.158000	-0.962037
2.159000	0.365856
2.160000	1.260150
2.161000	0.447145
2.162000	-0.221315
2.163000	-0.230343
2.164000	-0.889757
2.165000	-0.754263
2.166000	1.097550
2.167000	1.034320
2.168000	-0.311632
2.169000	-0.591667
2.170000	-0.745235
2.171000	-0.682002
2.172000	0.998167
2.173000	1.350460
2.174000	-0.501332
2.175000	-0.709105
2.176000	0.121952
2.177000	0.176157
2.178000	-0.103877
2.179000	0.121952
2.180000	0.158082
2.181000	0.519424
2.182000	0.140026
2.183000	-0.817496
2.184000	-0.564565
2.185000	0.700077
2.186000	0.853646
2.187000	0.031617
2.188000	-0.501332
2.189000	-0.429071
2.190000	0.239390
2.191000	0.546508
2.192000	-0.004514
2.193000	-0.365838
2.194000	-0.076775
2.195000	0.356810
2.196000	0.094849
2.197000	-0.410996
2.198000	-0.356810
2.199000	0.347782
2.200000	0.338754
2.201000	-0.130980
2.202000	-0.438099
2.203000	-0.094849
2.204000	0.203259
2.205000	0.031617
2.206000	-0.410996
2.207000	-0.130980
2.208000	0.329726
2.209000	0.230362
2.210000	-0.248399
2.211000	-0.392940
2.212000	-0.203241
2.213000	0.103896
2.214000	0.266493
2.215000	0.076793
2.216000	-0.149036
2.217000	-0.347763
2.218000	-0.293577
2.219000	-0.022570
2.220000	0.293595
2.221000	0.149054
2.222000	-0.130980
2.223000	-0.076775
2.224000	0.076793
2.225000	0.049691
2.226000	-0.067747
2.227000	-0.049672
2.228000	0.149054
2.229000	0.176157
2.230000	-0.248399
2.231000	-0.365838
2.232000	-0.094849
2.233000	0.392958
2.234000	0.365856
2.235000	-0.103877
2.236000	-0.410996
2.237000	-0.022570
2.238000	0.374884
2.239000	0.266493
2.240000	-0.058700
2.241000	-0.058700
2.242000	-0.013542
2.243000	-0.094849
2.244000	-0.221315
2.245000	-0.149036
2.246000	0.275520
2.247000	0.347782
2.248000	0.004533
2.249000	-0.311632
2.250000	-0.130980
2.251000	0.194213
2.252000	0.311651
2.253000	-0.040645
2.254000	-0.320679
2.255000	-0.112905
2.256000	0.067747
2.257000	-0.076775
2.258000	-0.248399
2.259000	-0.076775
2.260000	0.076793
2.261000	0.049691
2.262000	-0.158082
2.263000	-0.176138
2.264000	-0.004514
2.265000	0.085822
2.266000	-0.149036
2.267000	-0.167110
2.268000	-0.058700
2.269000	-0.040645
2.270000	-0.167110
2.271000	-0.203241
2.272000	-0.049672
2.273000	0.085822
2.274000	0.049691
2.275000	-0.158082
2.276000	-0.158082
2.277000	-0.094849
2.278000	0.004533
2.279000	-0.067747
2.280000	-0.076775
2.281000	0.004533
2.282000	0.067747
2.283000	-0.058700
2.284000	-0.185166
2.285000	-0.040645
2.286000	0.158082
2.287000	0.158082
2.288000	-0.058700
2.289000	-0.185166
2.290000	-0.094849
2.291000	0.103896
2.292000	0.067747
2.293000	0.031617
2.294000	0.013560
2.295000	0.058719
2.296000	0.067747
2.297000	0.049691
2.298000	0.049691
2.299000	0.112924
2.300000	0.130980
2.301000	-0.031617
2.302000	-0.094849
2.303000	-0.058700
2.304000	0.076793
2.305000	0.094849
2.306000	0.049691
2.307000	-0.076775
2.308000	-0.040645
2.309000	0.094849
2.310000	0.121952
2.311000	0.049691
2.312000	-0.031617
2.313000	0.004533
2.314000	0.049691
2.315000	-0.013542
2.316000	-0.203241
2.317000	-0.194213
2.318000	-0.094849
2.319000	0.058719
2.320000	0.004533
2.321000	-0.094849
2.322000	-0.130980
2.323000	0.004533
2.324000	0.067747
2.325000	-0.040645
2.326000	-0.194213
2.327000	-0.167110
2.328000	0.013560
2.329000	-0.049672
2.330000	-0.212269
2.331000	-0.284530
2.332000	-0.022570
2.333000	0.130980
2.334000	0.013560
2.335000	-0.203241
2.336000	-0.149036
2.337000	0.013560
2.338000	0.076793
2.339000	-0.031617
2.340000	-0.121933
2.341000	0.004533
2.342000	0.058719
2.343000	-0.022570
2.344000	-0.176138
2.345000	-0.058700
2.346000	0.112924
2.347000	0.176157
2.348000	-0.031617
2.349000	-0.149036
2.350000	-0.058700
2.351000	0.185185
2.352000	0.185185
2.353000	0.013560
2.354000	-0.022570
2.355000	0.049691
2.356000	0.121952
2.357000	0.031617
2.358000	0.022589
2.359000	0.058719
2.360000	0.140026
2.361000	0.049691
2.362000	-0.094849
2.363000	-0.121933
2.364000	0.040663
2.365000	0.167129
2.366000	0.140026
2.367000	0.040663
2.368000	-0.031617
2.369000	0.040663
2.370000	0.067747
2.371000	0.049691
2.372000	-0.076775
2.373000	-0.094849
2.374000	-0.076775
2.375000	-0.013542
2.376000	-0.049672
2.377000	-0.094849
2.378000	-0.112905
2.379000	-0.058700
2.380000	-0.022570
2.381000	-0.058700
2.382000	-0.067747
2.383000	-0.067747
2.384000	0.004533
2.385000	-0.040645
2.386000	-0.112905
2.387000	-0.176138
2.388000	-0.076775
2.389000	-0.058700
2.390000	-0.085803
2.391000	-0.185166
2.392000	-0.130980
2.393000	-0.004514
2.394000	0.022589
2.395000	-0.031617
2.396000	-0.094849
2.397000	-0.031617
2.398000	0.040663
2.399000	0.049691
2.400000	-0.067747
2.401000	-0.085803
2.402000	-0.031617
2.403000	0.022589
2.404000	-0.022570
2.405000	-0.040645
2.406000	0.031617
2.407000	0.121952
2.408000	0.085822
2.409000	-0.031617
2.410000	-0.013542
2.411000	0.094849
2.412000	0.158082
2.413000	0.085822
2.414000	0.022589
2.415000	0.031617
2.416000	0.049691
2.417000	0.031617
2.418000	0.031617
2.419000	0.022589
2.420000	0.049691
2.421000	0.049691
2.422000	0.022589
2.423000	0.004533
2.424000	0.058719
2.425000	0.085822
2.426000	0.022589
2.427000	-0.031617
2.428000	-0.076775
2.429000	-0.013542
2.430000	0.004533
2.431000	0.004533
2.432000	-0.031617
2.433000	-0.031617
2.434000	-0.049672
2.435000	-0.094849
2.436000	-0.103877
2.437000	-0.085803
2.438000	-0.022570
2.439000	-0.076775
2.440000	-0.085803
2.441000	-0.085803
2.442000	-0.040645
2.443000	-0.049672
2.444000	-0.067747
2.445000	-0.094849
2.446000	-0.076775
2.447000	-0.085803
2.448000	-0.103877
2.449000	-0.112905
2.450000	-0.103877
2.451000	-0.049672
2.452000	-0.067747
2.453000	-0.040645
2.454000	-0.049672
2.455000	0.013560
2.456000	-0.004514
2.457000	-0.022570
2.458000	-0.049672
2.459000	-0.031617
2.460000	-0.013542
2.461000	0.004533
2.462000	-0.031617
2.463000	-0.058700
2.464000	-0.067747
2.465000	-0.013542
2.466000	0.031617
2.467000	-0.004514
2.468000	0.004533
2.469000	0.004533
2.470000	0.058719
2.471000	0.040663
2.472000	0.031617
2.473000	-0.022570
2.474000	-0.013542
2.475000	-0.013542
2.476000	0.004533
2.477000	-0.004514
2.478000	-0.004514
2.479000	0.022589
2.480000	0.004533
2.481000	0.013560
2.482000	-0.040645
2.483000	-0.013542
2.484000	0.013560
2.485000	0.040663
2.486000	-0.022570
2.487000	-0.058700
2.488000	-0.040645
2.489000	0.004533
2.490000	-0.013542
2.491000	-0.067747
2.492000	-0.085803
2.493000	-0.022570
2.494000	0.004533
2.495000	-0.058700
2.496000	-0.058700
2.497000	-0.040645
2.498000	0.004533
2.499000	-0.040645
2.500000	-0.076775
2.501000	-0.112905
2.502000	-0.040645
2.503000	0.004533
2.504000	-0.040645
2.505000	-0.076775
2.506000	-0.085803
2.507000	-0.022570
2.508000	-0.022570
2.509000	-0.058700
2.510000	-0.112905
2.511000	-0.067747
2.512000	-0.040645
2.513000	-0.022570
2.514000	-0.085803
2.515000	-0.031617
2.516000	0.013560
2.517000	0.040663
2.518000	-0.004514
2.519000	-0.049672
2.520000	-0.040645
2.521000	-0.022570
2.522000	-0.013542
2.523000	-0.049672
2.524000	-0.013542
2.525000	-0.004514
2.526000	0.058719
2.527000	0.031617
2.528000	0.031617
2.529000	0.004533
2.530000	0.049691
2.531000	0.049691
2.532000	0.049691
2.533000	0.022589
2.534000	0.031617
2.535000	0.076793
2.536000	0.049691
2.537000	0.031617
2.538000	-0.022570
2.539000	0.031617
2.540000	0.049691
2.541000	0.049691
2.542000	0.004533
2.543000	0.022589
2.544000	0.058719
2.545000	0.076793
2.546000	0.040663
2.547000	-0.022570
2.548000	-0.022570
2.549000	0.022589
2.550000	0.049691
2.551000	-0.013542
2.552000	-0.022570
2.553000	-0.040645
2.554000	0.004533
2.555000	-0.013542
2.556000	-0.031617
2.557000	-0.049672
2.558000	-0.031617
2.559000	-0.004514
2.560000	-0.040645
2.561000	-0.076775
2.562000	-0.049672
2.563000	-0.004514
2.564000	-0.058700
2.565000	-0.067747
2.566000	-0.112905
2.567000	-0.058700
2.568000	-0.058700
2.569000	-0.040645
2.570000	-0.067747
2.571000	-0.031617
2.572000	-0.022570
2.573000	-0.022570
2.574000	-0.031617
2.575000	-0.040645
2.576000	-0.031617
2.577000	-0.031617
2.578000	-0.022570
2.579000	-0.049672
2.580000	-0.031617
2.581000	-0.013542
2.582000	0.013560
2.583000	-0.013542
2.584000	-0.013542
2.585000	-0.031617
2.586000	0.004533
2.587000	0.013560
2.588000	0.013560
2.589000	0.013560
2.590000	0.013560
2.591000	0.031617
2.592000	0.013560
2.593000	0.004533
2.594000	-0.022570
2.595000	-0.022570
2.596000	-0.022570
2.597000	-0.004514
2.598000	0.004533
2.599000	-0.004514
2.600000	-0.031617
2.601000	-0.022570
2.602000	-0.004514
2.603000	-0.013542
2.604000	-0.013542
2.605000	-0.031617
2.606000	-0.013542
2.607000	-0.040645
2.608000	-0.049672
2.609000	-0.058700
2.610000	-0.031617
2.611000	-0.058700
2.612000	-0.040645
2.613000	-0.067747
2.614000	-0.049672
2.615000	-0.040645
2.616000	-0.022570
2.617000	-0.013542
2.618000	-0.022570
2.619000	-0.031617
2.620000	-0.049672
2.621000	-0.040645
2.622000	-0.040645
2.623000	-0.049672
2.624000	-0.049672
2.625000	-0.013542
2.626000	-0.022570
2.627000	-0.022570
2.628000	-0.031617
2.629000	-0.031617
2.630000	0.004533
2.631000	0.004533
2.632000	0.004533
2.633000	-0.022570
2.634000	-0.013542
2.635000	-0.013542
2.636000	0.022589
2.637000	-0.004514
2.638000	-0.013542
2.639000	-0.031617
2.640000	-0.031617
2.641000	-0.040645
2.642000	-0.040645
2.643000	-0.031617
2.644000	-0.013542
2.645000	0.013560
2.646000	-0.022570
2.647000	-0.031617
2.648000	-0.031617
2.649000	-0.004514
2.650000	-0.022570
2.651000	-0.022570
2.652000	-0.040645
2.653000	-0.040645
2.654000	-0.031617
2.655000	-0.031617
2.656000	-0.031617
2.657000	-0.040645
2.658000	-0.031617
2.659000	-0.031617
2.660000	-0.031617
2.661000	-0.031617
2.662000	-0.022570
2.663000	-0.004514
2.664000	0.040663
2.665000	-0.004514
2.666000	-0.004514
2.667000	-0.022570
2.668000	-0.004514
2.669000	-0.004514
2.670000	-0.004514
2.671000	-0.004514
2.672000	0.013560
2.673000	0.013560
2.674000	-0.013542
2.675000	0.013560
2.676000	-0.004514
2.677000	0.031617
2.678000	0.022589
2.679000	0.022589
2.680000	-0.004514
2.681000	-0.013542
2.682000	-0.013542
2.683000	0.004533
2.684000	0.013560
2.685000	-0.004514
2.686000	-0.013542
2.687000	-0.022570
2.688000	-0.022570
2.689000	-0.031617
2.690000	-0.013542
2.691000	-0.013542
2.692000	-0.022570
2.693000	-0.058700
2.694000	-0.067747
2.695000	-0.058700
2.696000	-0.049672
2.697000	-0.040645
2.698000	-0.040645
2.699000	-0.058700
2.700000	-0.076775
2.701000	-0.067747
2.702000	-0.058700
2.703000	-0.040645
2.704000	-0.067747
2.705000	-0.058700
2.706000	-0.058700
2.707000	-0.058700
2.708000	-0.058700
2.709000	-0.031617
2.710000	-0.031617
2.711000	-0.013542
2.712000	-0.022570
2.713000	-0.049672
2.714000	-0.031617
2.715000	-0.040645
2.716000	-0.022570
2.717000	-0.022570
2.718000	0.013560
2.719000	-0.004514
2.720000	0.013560
2.721000	-0.004514
2.722000	0.022589
2.723000	0.013560
2.724000	0.013560
2.725000	0.004533
2.726000	0.013560
2.727000	0.022589
2.728000	0.031617
2.729000	0.031617
2.730000	0.031617
2.731000	0.022589
2.732000	0.013560
2.733000	0.031617
2.734000	0.004533
2.735000	0.013560
2.736000	0.013560
2.737000	0.040663
2.738000	0.022589
2.739000	0.013560
2.740000	-0.004514
2.741000	0.004533
2.742000	-0.004514
2.743000	-0.022570
2.744000	-0.004514
2.745000	-0.004514
2.746000	0.004533
2.747000	-0.040645
2.748000	-0.022570
2.749000	-0.031617
2.750000	-0.004514
2.751000	-0.022570
2.752000	-0.022570
2.753000	-0.022570
2.754000	-0.022570
2.755000	-0.013542
2.756000	-0.022570
2.757000	-0.040645
2.758000	-0.040645
2.759000	-0.049672
2.760000	-0.049672
2.761000	-0.049672
2.762000	-0.040645
2.763000	-0.022570
2.764000	-0.022570
2.765000	-0.004514
2.766000	-0.013542
2.767000	-0.013542
2.768000	-0.004514
2.769000	-0.013542
2.770000	-0.013542
2.771000	-0.040645
2.772000	-0.004514
2.773000	-0.013542
2.774000	-0.004514
2.775000	-0.013542
2.776000	-0.004514
2.777000	-0.013542
2.778000	-0.004514
2.779000	-0.004514
2.780000	-0.004514
2.781000	-0.013542
2.782000	0.004533
2.783000	-0.004514
2.784000	-0.004514
2.785000	0.013560
2.786000	-0.004514
2.787000	0.013560
2.788000	-0.004514
2.789000	-0.013542
2.790000	-0.013542
2.791000	-0.004514
2.792000	0.004533
2.793000	-0.004514
2.794000	-0.004514
2.795000	0.004533
2.796000	0.013560
2.797000	0.004533
2.798000	0.004533
2.799000	-0.013542
2.800000	0.004533
2.801000	-0.004514
2.802000	-0.004514
2.803000	-0.022570
2.804000	-0.022570
2.805000	-0.022570
2.806000	-0.031617
2.807000	-0.031617
2.808000	-0.040645
2.809000	-0.022570
2.810000	-0.031617
2.811000	-0.031617
2.812000	-0.058700
2.813000	-0.049672
2.814000	-0.049672
2.815000	-0.022570
2.816000	-0.058700
2.817000	-0.076775
2.818000	-0.076775
2.819000	-0.058700
2.820000	-0.058700
2.821000	-0.076775
2.822000	-0.094849
2.823000	-0.085803
2.824000	-0.067747
2.825000	-0.085803
2.826000	-0.094849
2.827000	-0.094849
2.828000	-0.067747
2.829000	-0.058700
2.830000	-0.058700
2.831000	-0.067747
2.832000	-0.067747
2.833000	-0.058700
2.834000	-0.058700
2.835000	-0.049672
2.836000	-0.058700
2.837000	-0.049672
2.838000	-0.031617
2.839000	-0.013542
2.840000	-0.022570
2.841000	-0.022570
2.842000	-0.013542
2.843000	0.004533
2.844000	-0.013542
2.845000	0.004533
2.846000	0.013560
2.847000	0.031617
2.848000	0.013560
2.849000	0.022589
2.850000	0.031617
2.851000	0.031617
2.852000	0.040663
2.853000	0.022589
2.854000	0.013560
2.855000	0.022589
2.856000	0.040663
2.857000	0.031617
2.858000	0.031617
2.859000	0.022589
2.860000	0.022589
2.861000	0.022589
2.862000	0.013560
2.863000	0.004533
2.864000	-0.013542
2.865000	0.004533
2.866000	-0.022570
2.867000	-0.022570
2.868000	-0.040645
2.869000	-0.013542
2.870000	-0.022570
2.871000	-0.022570
2.872000	-0.049672
2.873000	-0.049672
2.874000	-0.040645
2.875000	-0.040645
2.876000	-0.049672
2.877000	-0.058700
2.878000	-0.049672
2.879000	-0.058700
2.880000	-0.049672
2.881000	-0.067747
2.882000	-0.040645
2.883000	-0.049672
2.884000	-0.031617
2.885000	-0.040645
2.886000	-0.031617
2.887000	-0.031617
2.888000	-0.004514
2.889000	-0.013542
2.890000	-0.013542
2.891000	-0.031617
2.892000	-0.013542
2.893000	0.013560
2.894000	0.013560
2.895000	0.004533
2.896000	-0.004514
2.897000	0.022589
2.898000	0.031617
2.899000	0.022589
2.900000	0.013560
2.901000	0.031617
2.902000	0.031617
2.903000	0.040663
2.904000	0.031617
2.905000	0.031617
2.906000	0.040663
2.907000	0.031617
2.908000	0.013560
2.909000	0.013560
2.910000	0.022589
2.911000	0.022589
2.912000	0.031617
2.913000	0.004533
2.914000	0.004533
2.915000	-0.004514
2.916000	0.004533
2.917000	0.013560
2.918000	-0.004514
2.919000	-0.022570
2.920000	-0.031617
2.921000	0.004533
2.922000	-0.022570
2.923000	-0.031617
2.924000	-0.040645
2.925000	-0.040645
2.926000	-0.049672
2.927000	-0.067747
2.928000	-0.058700
2.929000	-0.049672
2.930000	-0.049672
2.931000	-0.031617
2.932000	-0.058700
2.933000	-0.058700
2.934000	-0.049672
2.935000	-0.049672
2.936000	-0.031617
2.937000	-0.058700
2.938000	-0.058700
2.939000	-0.058700
2.940000	-0.031617
2.941000	-0.049672
2.942000	-0.049672
2.943000	-0.040645
2.944000	-0.022570
2.945000	-0.040645
2.946000	-0.040645
2.947000	-0.031617
2.948000	-0.013542
2.949000	0.004533
2.950000	-0.031617
2.951000	-0.031617
2.952000	-0.022570
2.953000	0.004533
2.954000	-0.031617
2.955000	-0.022570
2.956000	-0.031617
2.957000	-0.022570
2.958000	-0.004514
2.959000	0.004533
2.960000	-0.022570
2.961000	-0.004514
2.962000	-0.004514
2.963000	-0.013542
2.964000	-0.004514
2.965000	-0.031617
2.966000	-0.004514
2.967000	0.004533
2.968000	-0.004514
2.969000	-0.022570
2.970000	-0.004514
2.971000	-0.013542
2.972000	-0.013542
2.973000	-0.004514
2.974000	-0.031617
2.975000	-0.013542
2.976000	-0.004514
2.977000	0.004533
2.978000	-0.022570
2.979000	-0.004514
2.980000	-0.013542
2.981000	-0.004514
2.982000	-0.022570
2.983000	-0.022570
2.984000	-0.040645
2.985000	-0.004514
2.986000	-0.022570
2.987000	-0.013542
2.988000	-0.013542
2.989000	-0.013542
2.990000	-0.013542
2.991000	-0.022570
2.992000	-0.031617
2.993000	-0.022570
2.994000	-0.004514
2.995000	-0.022570
2.996000	-0.022570
2.997000	-0.031617
2.998000	-0.022570
2.999000	-0.022570
3.000000	-0.022570
3.001000	-0.031617
3.002000	-0.031617
3.003000	-0.031617
3.004000	-0.022570
3.005000	-0.031617
3.006000	-0.049672
3.007000	-0.022570
3.008000	-0.022570
3.009000	-0.022570
3.010000	-0.031617
3.011000	-0.022570
3.012000	-0.022570
3.013000	-0.022570
3.014000	-0.013542
3.015000	-0.040645
3.016000	-0.022570
3.017000	-0.013542
3.018000	-0.004514
3.019000	-0.022570
3.020000	-0.022570
3.021000	-0.013542
3.022000	-0.004514
3.023000	-0.004514
3.024000	-0.004514
3.025000	-0.022570
3.026000	-0.013542
3.027000	-0.013542
3.028000	-0.004514
3.029000	-0.022570
3.030000	-0.022570
3.031000	-0.013542
3.032000	-0.004514
3.033000	-0.004514
3.034000	-0.013542
3.035000	-0.022570
3.036000	-0.013542
3.037000	0.004533
3.038000	-0.022570
3.039000	-0.049672
3.040000	-0.031617
3.041000	-0.031617
3.042000	-0.031617
3.043000	-0.013542
3.044000	-0.022570
3.045000	-0.040645
3.046000	-0.040645
3.047000	-0.040645
3.048000	-0.031617
3.049000	-0.040645
3.050000	-0.022570
3.051000	-0.022570
3.052000	-0.040645
3.053000	-0.031617
3.054000	-0.031617
3.055000	-0.022570
3.056000	-0.031617
3.057000	-0.040645
3.058000	-0.040645
3.059000	-0.031617
3.060000	-0.031617
3.061000	-0.022570
3.062000	-0.022570
3.063000	-0.013542
3.064000	-0.022570
3.065000	-0.004514
3.066000	-0.022570
3.067000	-0.022570
3.068000	-0.004514
3.069000	-0.004514
3.070000	-0.022570
3.071000	-0.004514
3.072000	-0.013542
3.073000	-0.013542
3.074000	0.004533
3.075000	-0.013542
3.076000	-0.022570
3.077000	-0.004514
3.078000	-0.004514
3.079000	-0.013542
3.080000	-0.022570
3.081000	-0.022570
3.082000	-0.013542
3.083000	-0.013542
3.084000	-0.004514
3.085000	-0.013542
3.086000	-0.040645
3.087000	-0.022570
3.088000	-0.013542
3.089000	-0.022570
3.090000	-0.031617
3.091000	-0.022570
3.092000	-0.031617
3.093000	-0.022570
3.094000	-0.031617
3.095000	-0.022570
3.096000	-0.022570
3.097000	-0.004514
3.098000	-0.004514
3.099000	-0.004514
3.100000	-0.004514
3.101000	-0.022570
3.102000	-0.004514
3.103000	-0.004514
3.104000	-0.004514
3.105000	-0.013542
3.106000	0.004533
3.107000	-0.004514
3.108000	0.004533
3.109000	0.004533
3.110000	0.031617
3.111000	0.013560
3.112000	0.013560
3.113000	0.031617
3.114000	0.004533
3.115000	0.013560
3.116000	0.013560
3.117000	0.013560
3.118000	0.013560
3.119000	0.013560
3.120000	0.004533
3.121000	0.004533
3.122000	0.013560
3.123000	0.013560
3.124000	0.013560
3.125000	-0.004514
3.126000	-0.004514
3.127000	0.004533
3.128000	-0.004514
3.129000	-0.013542
3.130000	-0.013542
3.131000	-0.031617
3.132000	-0.040645
3.133000	-0.040645
3.134000	-0.031617
3.135000	-0.040645
3.136000	-0.031617
3.137000	-0.031617
3.138000	-0.031617
3.139000	-0.040645
3.140000	-0.058700
3.141000	-0.058700
3.142000	-0.058700
3.143000	-0.049672
3.144000	-0.058700
3.145000	-0.058700
3.146000	-0.058700
3.147000	-0.040645
3.148000	-0.040645
3.149000	-0.040645
3.150000	-0.049672
3.151000	-0.058700
3.152000	-0.049672
3.153000	-0.031617
3.154000	-0.013542
3.155000	-0.022570
3.156000	-0.013542
3.157000	-0.004514
3.158000	-0.022570
3.159000	-0.031617
3.160000	-0.013542
3.161000	-0.004514
3.162000	0.004533
3.163000	0.004533
3.164000	-0.004514
3.165000	0.013560
3.166000	0.013560
3.167000	0.004533
3.168000	-0.013542
3.169000	0.013560
3.170000	0.022589
3.171000	0.022589
3.172000	0.013560
3.173000	0.004533
3.174000	-0.013542
3.175000	-0.013542
3.176000	-0.022570
3.177000	-0.004514
3.178000	-0.022570
3.179000	-0.004514
3.180000	-0.004514
3.181000	-0.031617
3.182000	-0.031617
3.183000	-0.040645
3.184000	-0.031617
3.185000	-0.040645
3.186000	-0.058700
3.187000	-0.058700
3.188000	-0.067747
3.189000	-0.058700
3.190000	-0.058700
3.191000	-0.058700
3.192000	-0.067747
3.193000	-0.076775
3.194000	-0.076775
3.195000	-0.058700
3.196000	-0.058700
3.197000	-0.076775
3.198000	-0.067747
3.199000	-0.058700
3.200000	-0.067747
3.201000	-0.040645
3.202000	-0.049672
3.203000	-0.040645
3.204000	-0.049672
3.205000	-0.049672
3.206000	-0.040645
3.207000	-0.040645
3.208000	-0.031617
3.209000	-0.031617
3.210000	-0.022570
3.211000	-0.013542
3.212000	0.004533
3.213000	0.004533
3.214000	0.004533
3.215000	-0.013542
3.216000	0.013560
3.217000	0.004533
3.218000	0.004533
3.219000	0.022589
3.220000	0.022589
3.221000	0.013560
3.222000	0.022589
3.223000	0.022589
3.224000	0.013560
3.225000	0.022589
3.226000	0.031617
3.227000	0.022589
3.228000	0.004533
3.229000	-0.004514
3.230000	0.004533
3.231000	0.022589
3.232000	0.013560
3.233000	0.013560
3.234000	-0.004514
3.235000	-0.004514
3.236000	0.004533
3.237000	-0.004514
3.238000	0.004533
3.239000	-0.022570
3.240000	-0.022570
3.241000	-0.031617
3.242000	-0.013542
3.243000	-0.013542
3.244000	-0.022570
3.245000	-0.031617
3.246000	-0.040645
3.247000	-0.040645
3.248000	-0.040645
3.249000	-0.040645
3.250000	-0.031617
3.251000	-0.040645
3.252000	-0.058700
3.253000	-0.058700
3.254000	-0.058700
3.255000	-0.040645
3.256000	-0.040645
3.257000	-0.031617
3.258000	-0.040645
3.259000	-0.031617
3.260000	-0.031617
3.261000	-0.031617
3.262000	-0.031617
3.263000	-0.040645
3.264000	-0.040645
3.265000	-0.040645
3.266000	-0.022570
3.267000	-0.022570
3.268000	-0.013542
3.269000	-0.004514
3.270000	-0.004514
3.271000	-0.004514
3.272000	-0.013542
3.273000	0.004533
3.274000	0.004533
3.275000	0.004533
3.276000	-0.004514
3.277000	0.004533
3.278000	0.004533
3.279000	0.013560
3.280000	0.004533
3.281000	0.013560
3.282000	0.022589
3.283000	0.013560
3.284000	0.022589
3.285000	0.022589
3.286000	0.013560
3.287000	0.013560
3.288000	-0.004514
3.289000	0.004533
3.290000	0.013560
3.291000	0.022589
3.292000	0.013560
3.293000	-0.004514
3.294000	-0.013542
3.295000	-0.013542
3.296000	0.004533
3.297000	-0.013542
3.298000	-0.022570
3.299000	-0.031617
3.300000	-0.031617
3.301000	-0.031617
3.302000	-0.022570
3.303000	-0.004514
3.304000	-0.031617
3.305000	-0.031617
3.306000	-0.049672
3.307000	-0.040645
3.308000	-0.058700
3.309000	-0.049672
3.310000	-0.058700
3.311000	-0.040645
3.312000	-0.058700
3.313000	-0.049672
3.314000	-0.049672
3.315000	-0.040645
3.316000	-0.040645
3.317000	-0.040645
3.318000	-0.058700
3.319000	-0.040645
3.320000	-0.031617
3.321000	-0.022570
3.322000	-0.004514
3.323000	-0.022570
3.324000	-0.031617
3.325000	-0.022570
3.326000	-0.022570
3.327000	-0.013542
3.328000	-0.004514
3.329000	-0.004514
3.330000	0.013560
3.331000	0.004533
3.332000	0.004533
3.333000	0.013560
3.334000	-0.004514
3.335000	0.013560
3.336000	0.013560
3.337000	0.013560
3.338000	0.013560
3.339000	0.022589
3.340000	0.013560
3.341000	0.022589
3.342000	0.013560
3.343000	0.004533
3.344000	0.013560
3.345000	0.013560
3.346000	0.004533
3.347000	0.004533
3.348000	0.004533
3.349000	0.004533
3.350000	0.004533
3.351000	0.004533
3.352000	-0.004514
3.353000	-0.022570
3.354000	-0.022570
3.355000	-0.031617
3.356000	-0.022570
3.357000	-0.022570
3.358000	-0.040645
3.359000	-0.040645
3.360000	-0.031617
3.361000	-0.031617
3.362000	-0.031617
3.363000	-0.040645
3.364000	-0.040645
3.365000	-0.058700
3.366000	-0.049672
3.367000	-0.040645
3.368000	-0.040645
3.369000	-0.040645
3.370000	-0.049672
3.371000	-0.049672
3.372000	-0.058700
3.373000	-0.058700
3.374000	-0.040645
3.375000	-0.049672
3.376000	-0.031617
3.377000	-0.022570
3.378000	-0.031617
3.379000	-0.031617
3.380000	-0.031617
3.381000	-0.040645
3.382000	-0.031617
3.383000	-0.022570
3.384000	-0.013542
3.385000	-0.004514
3.386000	-0.022570
3.387000	-0.013542
3.388000	-0.004514
3.389000	-0.004514
3.390000	-0.022570
3.391000	-0.022570
3.392000	-0.022570
3.393000	-0.013542
3.394000	-0.013542
3.395000	-0.013542
3.396000	-0.022570
3.397000	-0.004514
3.398000	-0.004514
3.399000	0.004533
3.400000	-0.022570
3.401000	-0.013542
3.402000	-0.013542
3.403000	0.004533
3.404000	-0.004514
3.405000	-0.022570
3.406000	-0.022570
3.407000	-0.022570
3.408000	-0.013542
3.409000	-0.031617
3.410000	-0.031617
3.411000	-0.022570
3.412000	-0.031617
3.413000	-0.031617
3.414000	-0.031617
3.415000	-0.022570
3.416000	-0.022570
3.417000	-0.013542
3.418000	-0.031617
3.419000	-0.031617
3.420000	-0.031617
3.421000	-0.022570
3.422000	-0.022570
3.423000	-0.022570
3.424000	-0.031617
3.425000	-0.022570
3.426000	-0.004514
3.427000	-0.022570
3.428000	-0.022570
3.429000	-0.022570
3.430000	-0.022570
3.431000	-0.004514
3.432000	-0.004514
3.433000	-0.013542
3.434000	-0.013542
3.435000	-0.004514
3.436000	-0.004514
3.437000	-0.013542
3.438000	-0.004514
3.439000	-0.004514
3.440000	-0.004514
3.441000	0.004533
3.442000	-0.004514
3.443000	-0.022570
3.444000	-0.004514
3.445000	0.004533
3.446000	-0.004514
3.447000	-0.004514
3.448000	-0.022570
3.449000	-0.013542
3.450000	-0.013542
3.451000	-0.013542
3.452000	-0.022570
3.453000	-0.013542
3.454000	-0.013542
3.455000	-0.013542
3.456000	-0.013542
3.457000	-0.013542
3.458000	-0.022570
3.459000	-0.013542
3.460000	-0.022570
3.461000	-0.013542
3.462000	-0.004514
3.463000	-0.022570
3.464000	-0.004514
3.465000	-0.004514
3.466000	-0.022570
3.467000	-0.022570
3.468000	-0.004514
3.469000	-0.013542
3.470000	-0.004514
3.471000	-0.022570
3.472000	-0.022570
3.473000	-0.013542
3.474000	-0.022570
3.475000	-0.031617
3.476000	-0.013542
3.477000	-0.004514
3.478000	-0.013542
3.479000	-0.004514
3.480000	-0.013542
3.481000	-0.013542
3.482000	-0.004514
3.483000	-0.004514
3.484000	-0.022570
3.485000	-0.013542
3.486000	-0.004514
3.487000	-0.004514
3.488000	-0.004514
3.489000	-0.013542
3.490000	-0.013542
3.491000	-0.004514
3.492000	-0.013542
3.493000	-0.022570
3.494000	-0.022570
3.495000	-0.013542
3.496000	-0.022570
3.497000	-0.031617
3.498000	-0.013542
3.499000	-0.013542
