0.000000	0.319000
-0.091500	0.337000
-0.113000	0.337000
-0.046500	0.337000
-0.119000	0.319000
-0.093500	0.319000
-0.149000	0.337000
-0.165000	0.337000
-0.101000	0.337000
-0.130000	-0.201000
-0.221000	-0.255000
-0.675000	0.086000
-2.030000	1.560000
-3.360000	4.300000
-3.750000	6.650000
-4.480000	8.750000
-4.540000	8.890000
-4.720000	8.030000
-5.470000	8.250000
-6.910000	10.600000
-6.640000	11.600000
-7.600000	12.000000
-8.620000	11.300000
-9.360000	12.600000
-10.500000	14.900000
-10.300000	16.299999
-11.800000	16.700001
-12.100000	16.600000
-12.300000	17.000000
-12.600000	18.000000
-13.500000	19.299999
-13.700000	20.200001
-14.000000	20.799999
-14.100000	21.500000
-14.400000	21.200001
-15.200000	20.500000
-16.400000	13.600000
-18.600000	11.800000
-21.700001	9.410000
-25.900000	6.130000
-31.200001	5.380000
-37.099998	4.430000
-40.000000	2.080000
-46.000000	1.230000
-58.900002	2.510000
