0.000000	0.000000
20.872000	-0.128027
20.874001	-0.170703
20.813000	-0.213379
20.955000	-1.621680
21.177000	-2.944630
21.632000	-2.688570
22.454000	-1.664360
23.375000	-0.170703
24.368000	0.768164
25.458000	1.365630
26.622000	1.237600
26.624001	1.664360
28.999001	2.048440
30.150999	2.560550
31.329000	2.773930
32.480999	3.414060
33.556000	4.096870
33.520000	4.523630
35.473999	4.310250
36.416000	4.182230
37.312000	4.523630
38.155998	4.865040
38.923000	4.993070
39.666000	5.035740
40.335999	4.993070
41.008999	5.121090
41.668999	5.334470
42.324001	5.590530
42.851002	5.761230
43.445999	6.059960
43.950001	6.358690
44.423000	6.657420
45.007999	6.913480
45.512001	7.169530
46.094002	7.553610
46.582001	8.279100
47.152000	8.876560
47.694000	9.474020
48.208000	10.156800
48.235001	10.071500
49.339001	10.839600
49.904999	11.138400
50.469002	11.821200
50.478001	12.376000
51.648998	13.485500
52.292999	14.595100
52.869999	15.406000
53.443001	16.003401
54.098999	16.643600
54.743000	17.667801
55.382999	18.990700
55.985001	20.057600
56.634998	20.783100
56.591999	21.423201
57.827999	22.490101
58.504002	23.770399
59.393002	17.070299
60.768002	4.267580
62.471001	1.280270
