0.000000	-0.128027
0.001000	-0.085351
0.002000	-0.085351
0.003000	-0.085351
0.004000	-0.085351
0.005000	-0.128027
0.006000	-0.128027
0.007000	-0.128027
0.008000	-0.170703
0.009000	-0.128027
0.010000	-0.128027
0.011000	-0.128027
0.012000	-0.170703
0.013000	-0.128027
0.014000	-0.170703
0.015000	-0.170703
0.016000	-0.213379
0.017000	-0.298730
0.018000	-0.426758
0.019000	-0.512109
0.020000	-0.682813
0.021000	-0.896191
0.022000	-1.109570
0.023000	-1.322950
0.024000	-1.621680
0.025000	-1.877730
0.026000	-2.048440
0.027000	-2.261820
0.028000	-2.432520
0.029000	-2.603220
0.030000	-2.773930
0.031000	-2.901950
0.032000	-2.944630
0.033000	-2.944630
0.034000	-2.944630
0.035000	-2.944630
0.036000	-2.901950
0.037000	-2.901950
0.038000	-2.816600
0.039000	-2.731250
0.040000	-2.688570
0.041000	-2.603220
0.042000	-2.560550
0.043000	-2.432520
0.044000	-2.304490
0.045000	-2.176460
0.046000	-2.048440
0.047000	-1.920410
0.048000	-1.664360
0.049000	-1.493650
0.050000	-1.280270
0.051000	-1.109570
0.052000	-0.896191
0.053000	-0.725488
0.054000	-0.512109
0.055000	-0.298730
0.056000	-0.170703
0.057000	-0.042676
0.058000	0.085351
0.059000	0.213379
0.060000	0.341406
0.061000	0.426758
0.062000	0.554785
0.063000	0.640137
0.064000	0.768164
0.065000	0.896191
0.066000	1.024220
0.067000	1.152250
0.068000	1.280270
0.069000	1.365630
0.070000	1.322950
0.071000	1.408300
0.072000	1.365630
0.073000	1.408300
0.074000	1.408300
0.075000	1.322950
0.076000	1.280270
0.077000	1.237600
0.078000	1.237600
0.079000	1.237600
0.080000	1.237600
0.081000	1.237600
0.082000	1.237600
0.083000	1.280270
0.084000	1.365630
0.085000	1.450980
0.086000	1.536330
0.087000	1.621680
0.088000	1.664360
0.089000	1.664360
0.090000	1.707030
0.091000	1.749710
0.092000	1.835060
0.093000	1.877730
0.094000	2.005760
0.095000	2.005760
0.096000	2.048440
0.097000	2.133790
0.098000	2.219140
0.099000	2.304490
0.100000	2.347170
0.101000	2.389840
0.102000	2.432520
0.103000	2.475200
0.104000	2.560550
0.105000	2.560550
0.106000	2.560550
0.107000	2.560550
0.108000	2.560550
0.109000	2.645900
0.110000	2.645900
0.111000	2.731250
0.112000	2.773930
0.113000	2.773930
0.114000	2.816600
0.115000	2.944630
0.116000	2.987300
0.117000	3.115330
0.118000	3.200680
0.119000	3.286040
0.120000	3.414060
0.121000	3.456740
0.122000	3.584770
0.123000	3.712790
0.124000	3.755470
0.125000	3.883500
0.126000	3.968850
0.127000	4.011520
0.128000	4.096870
0.129000	4.182230
0.130000	4.267580
0.131000	4.352930
0.132000	4.395610
0.133000	4.438280
0.134000	4.480960
0.135000	4.480960
0.136000	4.523630
0.137000	4.566310
0.138000	4.566310
0.139000	4.523630
0.140000	4.438280
0.141000	4.395610
0.142000	4.352930
0.143000	4.352930
0.144000	4.310250
0.145000	4.224900
0.146000	4.182230
0.147000	4.139550
0.148000	4.139550
0.149000	4.139550
0.150000	4.182230
0.151000	4.182230
0.152000	4.182230
0.153000	4.224900
0.154000	4.267580
0.155000	4.310250
0.156000	4.310250
0.157000	4.395610
0.158000	4.480960
0.159000	4.480960
0.160000	4.523630
0.161000	4.566310
0.162000	4.608980
0.163000	4.651660
0.164000	4.737010
0.165000	4.737010
0.166000	4.822360
0.167000	4.865040
0.168000	4.865040
0.169000	4.865040
0.170000	4.907710
0.171000	4.950390
0.172000	4.950390
0.173000	4.950390
0.174000	4.950390
0.175000	4.993070
0.176000	4.993070
0.177000	4.993070
0.178000	4.907710
0.179000	4.993070
0.180000	4.993070
0.181000	5.035740
0.182000	5.035740
0.183000	5.035740
0.184000	5.035740
0.185000	4.993070
0.186000	4.993070
0.187000	5.035740
0.188000	5.035740
0.189000	5.035740
0.190000	5.035740
0.191000	5.035740
0.192000	4.993070
0.193000	4.993070
0.194000	5.035740
0.195000	5.035740
0.196000	5.035740
0.197000	5.078420
0.198000	5.035740
0.199000	5.078420
0.200000	5.121090
0.201000	5.163770
0.202000	5.163770
0.203000	5.163770
0.204000	5.163770
0.205000	5.206450
0.206000	5.249120
0.207000	5.291800
0.208000	5.334470
0.209000	5.334470
0.210000	5.419820
0.211000	5.419820
0.212000	5.462500
0.213000	5.505180
0.214000	5.547850
0.215000	5.590530
0.216000	5.590530
0.217000	5.633200
0.218000	5.675880
0.219000	5.675880
0.220000	5.718550
0.221000	5.761230
0.222000	5.718550
0.223000	5.718550
0.224000	5.761230
0.225000	5.803910
0.226000	5.803910
0.227000	5.846580
0.228000	5.846580
0.229000	5.889260
0.230000	5.931930
0.231000	5.974610
0.232000	6.059960
0.233000	6.059960
0.234000	6.102640
0.235000	6.102640
0.236000	6.187990
0.237000	6.230660
0.238000	6.273340
0.239000	6.316020
0.240000	6.358690
0.241000	6.358690
0.242000	6.444040
0.243000	6.486720
0.244000	6.529390
0.245000	6.614750
0.246000	6.614750
0.247000	6.614750
0.248000	6.657420
0.249000	6.742770
0.250000	6.742770
0.251000	6.785450
0.252000	6.828130
0.253000	6.828130
0.254000	6.870800
0.255000	6.913480
0.256000	6.913480
0.257000	6.956150
0.258000	6.998830
0.259000	6.998830
0.260000	7.041500
0.261000	7.126860
0.262000	7.126860
0.263000	7.126860
0.264000	7.169530
0.265000	7.212210
0.266000	7.254880
0.267000	7.340230
0.268000	7.425590
0.269000	7.425590
0.270000	7.382910
0.271000	7.510940
0.272000	7.553610
0.273000	7.681640
0.274000	7.724320
0.275000	7.852340
0.276000	7.895020
0.277000	7.895020
0.278000	8.023050
0.279000	8.151070
0.280000	8.279100
0.281000	8.321780
0.282000	8.407130
0.283000	8.449800
0.284000	8.620510
0.285000	8.705860
0.286000	8.791210
0.287000	8.833890
0.288000	8.876560
0.289000	8.919240
0.290000	9.004590
0.291000	9.089940
0.292000	9.175290
0.293000	9.217970
0.294000	9.303320
0.295000	9.346000
0.296000	9.474020
0.297000	9.602050
0.298000	9.687400
0.299000	9.730080
0.300000	9.815430
0.301000	9.943460
0.302000	10.028800
0.303000	10.114200
0.304000	10.156800
0.305000	10.242200
0.306000	10.242200
0.307000	10.284900
0.308000	10.370200
0.309000	10.412900
0.310000	10.455600
0.311000	10.156800
0.312000	10.071500
0.313000	10.156800
0.314000	10.370200
0.315000	10.668900
0.316000	10.626300
0.317000	10.583600
0.318000	10.583600
0.319000	10.668900
0.320000	10.839600
0.321000	11.095700
0.322000	11.095700
0.323000	11.138400
0.324000	11.095700
0.325000	11.095700
0.326000	11.138400
0.327000	11.138400
0.328000	11.138400
0.329000	11.309100
0.330000	11.351800
0.331000	11.479800
0.332000	11.565100
0.333000	11.650500
0.334000	11.693200
0.335000	11.693200
0.336000	11.821200
0.337000	11.863900
0.338000	11.949200
0.339000	11.991900
0.340000	12.034600
0.341000	12.162600
0.342000	12.205300
0.343000	12.290600
0.344000	12.376000
0.345000	12.504000
0.346000	12.717400
0.347000	12.802700
0.348000	12.930800
0.349000	13.058800
0.350000	13.229500
0.351000	13.357500
0.352000	13.485500
0.353000	13.698900
0.354000	13.869600
0.355000	13.997700
0.356000	14.083000
0.357000	14.211000
0.358000	14.296400
0.359000	14.424400
0.360000	14.595100
0.361000	14.680500
0.362000	14.851200
0.363000	14.936500
0.364000	15.021900
0.365000	15.149900
0.366000	15.277900
0.367000	15.406000
0.368000	15.406000
0.369000	15.491300
0.370000	15.576700
0.371000	15.704700
0.372000	15.790000
0.373000	15.790000
0.374000	15.875400
0.375000	15.918100
0.376000	16.003401
0.377000	16.046101
0.378000	16.174101
0.379000	16.259501
0.380000	16.344801
0.381000	16.430201
0.382000	16.472900
0.383000	16.600901
0.384000	16.643600
0.385000	16.814301
0.386000	16.942301
0.387000	17.027599
0.388000	17.113001
0.389000	17.240999
0.390000	17.411699
0.391000	17.497101
0.392000	17.667801
0.393000	17.881201
0.394000	18.009199
0.395000	18.222601
0.396000	18.350599
0.397000	18.563999
0.398000	18.691999
0.399000	18.820000
0.400000	18.990700
0.401000	19.204100
0.402000	19.289499
0.403000	19.460199
0.404000	19.630899
0.405000	19.673500
0.406000	19.844200
0.407000	19.929600
0.408000	20.057600
0.409000	20.185600
0.410000	20.313700
0.411000	20.356300
0.412000	20.399000
0.413000	20.484400
0.414000	20.569700
0.415000	20.740400
0.416000	20.783100
0.417000	20.868500
0.418000	20.953800
0.419000	20.996500
0.420000	21.081800
0.421000	21.167200
0.422000	21.295200
0.423000	21.380600
0.424000	21.423201
0.425000	21.551300
0.426000	21.636600
0.427000	21.764601
0.428000	21.935400
0.429000	22.106100
0.430000	22.191401
0.431000	22.319401
0.432000	22.490101
0.433000	22.618200
0.434000	22.746201
0.435000	22.916901
0.436000	23.130301
0.437000	23.301001
0.438000	23.429001
0.439000	23.599701
0.440000	23.770399
0.441000	23.941099
0.442000	24.239799
0.443000	23.727699
0.444000	22.020700
0.445000	23.556999
0.446000	24.922701
0.447000	22.532801
0.448000	17.070299
0.449000	13.485500
0.450000	15.960700
0.451000	17.027599
0.452000	12.760100
0.453000	8.321780
0.454000	7.425590
0.455000	5.547850
0.456000	4.267580
0.457000	4.438280
0.458000	3.926170
0.459000	3.542090
0.460000	1.408300
0.461000	0.000000
0.462000	-0.426758
0.463000	0.256055
0.464000	1.280270
