-0.300000	-17.595400
-0.299000	-18.623600
-0.298000	-17.595400
-0.297000	-17.595400
-0.296000	-18.109501
-0.295000	-17.595400
-0.294000	-17.595400
-0.293000	-17.595400
-0.292000	-17.595400
-0.291000	-17.080200
-0.290000	-17.080200
-0.289000	-17.595400
-0.288000	-16.566099
-0.287000	-17.595400
-0.286000	-17.595400
-0.285000	-18.109501
-0.284000	-17.595400
-0.283000	-17.595400
-0.282000	-18.109501
-0.281000	-17.595400
-0.280000	-17.595400
-0.279000	-17.595400
-0.278000	-18.109501
-0.277000	-18.109501
-0.276000	-17.080200
-0.275000	-17.595400
-0.274000	-17.595400
-0.273000	-17.595400
-0.272000	-18.109501
-0.271000	-17.595400
-0.270000	-17.595400
-0.269000	-18.109501
-0.268000	-17.595400
-0.267000	-17.595400
-0.266000	-17.595400
-0.265000	-17.080200
-0.264000	-17.595400
-0.263000	-17.595400
-0.262000	-17.595400
-0.261000	-18.109501
-0.260000	-18.109501
-0.259000	-16.566099
-0.258000	-18.109501
-0.257000	-17.595400
-0.256000	-17.595400
-0.255000	-17.595400
-0.254000	-18.109501
-0.253000	-18.109501
-0.252000	-17.595400
-0.251000	-18.109501
-0.250000	-17.595400
-0.249000	-17.595400
-0.248000	-17.080200
-0.247000	-17.080200
-0.246000	-17.080200
-0.245000	-17.080200
-0.244000	-17.595400
-0.243000	-17.595400
-0.242000	-17.595400
-0.241000	-18.623600
-0.240000	-17.595400
-0.239000	-18.109501
-0.238000	-17.595400
-0.237000	-17.595400
-0.236000	-17.595400
-0.235000	-18.109501
-0.234000	-17.595400
-0.233000	-17.080200
-0.232000	-16.566099
-0.231000	-17.080200
-0.230000	-17.595400
-0.229000	-17.595400
-0.228000	-17.595400
-0.227000	-17.595400
-0.226000	-17.080200
-0.225000	-17.595400
-0.224000	-17.080200
-0.223000	-17.080200
-0.222000	-17.595400
-0.221000	-16.566099
-0.220000	-17.595400
-0.219000	-17.080200
-0.218000	-18.109501
-0.217000	-17.595400
-0.216000	-18.109501
-0.215000	-17.080200
-0.214000	-17.595400
-0.213000	-17.595400
-0.212000	-17.595400
-0.211000	-17.595400
-0.210000	-18.109501
-0.209000	-17.595400
-0.208000	-17.595400
-0.207000	-17.595400
-0.206000	-18.109501
-0.205000	-17.595400
-0.204000	-17.595400
-0.203000	-17.595400
-0.202000	-16.566099
-0.201000	-17.595400
-0.200000	-17.080200
-0.199000	-18.109501
-0.198000	-17.595400
-0.197000	-17.080200
-0.196000	-17.595400
-0.195000	-17.595400
-0.194000	-17.595400
-0.193000	-17.595400
-0.192000	-17.595400
-0.191000	-17.080200
-0.190000	-17.080200
-0.189000	-18.109501
-0.188000	-17.595400
-0.187000	-17.595400
-0.186000	-17.595400
-0.185000	-17.595400
-0.184000	-17.080200
-0.183000	-17.595400
-0.182000	-17.080200
-0.181000	-16.566099
-0.180000	-18.109501
-0.179000	-17.595400
-0.178000	-17.595400
-0.177000	-18.109501
-0.176000	-18.109501
-0.175000	-17.080200
-0.174000	-17.595400
-0.173000	-18.109501
-0.172000	-17.595400
-0.171000	-18.109501
-0.170000	-18.109501
-0.169000	-17.080200
-0.168000	-18.109501
-0.167000	-17.080200
-0.166000	-17.595400
-0.165000	-17.595400
-0.164000	-17.595400
-0.163000	-17.080200
-0.162000	-17.595400
-0.161000	-17.595400
-0.160000	-17.595400
-0.159000	-18.109501
-0.158000	-17.595400
-0.157000	-17.080200
-0.156000	-18.109501
-0.155000	-17.595400
-0.154000	-17.595400
-0.153000	-17.080200
-0.152000	-17.595400
-0.151000	-18.109501
-0.150000	-18.109501
-0.149000	-17.080200
-0.148000	-17.595400
-0.147000	-18.109501
-0.146000	-17.595400
-0.145000	-18.109501
-0.144000	-17.595400
-0.143000	-17.595400
-0.142000	-18.109501
-0.141000	-17.595400
-0.140000	-17.595400
-0.139000	-17.080200
-0.138000	-17.080200
-0.137000	-17.080200
-0.136000	-17.595400
-0.135000	-17.595400
-0.134000	-17.080200
-0.133000	-17.080200
-0.132000	-17.080200
-0.131000	-17.595400
-0.130000	-16.566099
-0.129000	-18.109501
-0.128000	-17.595400
-0.127000	-17.595400
-0.126000	-18.109501
-0.125000	-17.595400
-0.124000	-18.109501
-0.123000	-17.595400
-0.122000	-17.595400
-0.121000	-17.595400
-0.120000	-18.109501
-0.119000	-17.595400
-0.118000	-17.595400
-0.117000	-17.595400
-0.116000	-17.595400
-0.115000	-17.595400
-0.114000	-17.595400
-0.113000	-17.595400
-0.112000	-17.595400
-0.111000	-17.595400
-0.110000	-17.595400
-0.109000	-17.595400
-0.108000	-17.595400
-0.107000	-17.595400
-0.106000	-17.595400
-0.105000	-17.595400
-0.104000	-17.595400
-0.103000	-17.595400
-0.102000	-17.080200
-0.101000	-17.595400
-0.100000	-17.080200
-0.099000	-17.080200
-0.098000	-16.566099
-0.097000	-17.595400
-0.096000	-17.595400
-0.095000	-17.080200
-0.094000	-17.595400
-0.093000	-17.595400
-0.092000	-17.595400
-0.091000	-17.595400
-0.090000	-18.109501
-0.089000	-18.109501
-0.088000	-18.109501
-0.087000	-16.566099
-0.086000	-17.595400
-0.085000	-16.566099
-0.084000	-17.595400
-0.083000	-17.595400
-0.082000	-17.595400
-0.081000	-17.595400
-0.080000	-17.595400
-0.079000	-17.595400
-0.078000	-18.109501
-0.077000	-17.595400
-0.076000	-17.595400
-0.075000	-18.109501
-0.074000	-17.595400
-0.073000	-18.109501
-0.072000	-17.595400
-0.071000	-17.595400
-0.070000	-17.080200
-0.069000	-17.595400
-0.068000	-17.080200
-0.067000	-18.109501
-0.066000	-17.595400
-0.065000	-17.080200
-0.064000	-17.595400
-0.063000	-17.595400
-0.062000	-18.109501
-0.061000	-17.595400
-0.060000	-17.595400
-0.059000	-18.109501
-0.058000	-17.595400
-0.057000	-17.595400
-0.056000	-17.080200
-0.055000	-18.109501
-0.054000	-17.080200
-0.053000	-16.566099
-0.052000	-17.595400
-0.051000	-17.595400
-0.050000	-17.080200
-0.049000	-17.595400
-0.048000	-17.595400
-0.047000	-17.595400
-0.046000	-17.595400
-0.045000	-18.109501
-0.044000	-16.566099
-0.043000	-18.109501
-0.042000	-18.109501
-0.041000	-17.080200
-0.040000	-18.109501
-0.039000	-17.595400
-0.038000	-17.595400
-0.037000	-18.109501
-0.036000	-19.652901
-0.035000	-20.681101
-0.034000	-22.224400
-0.033000	-22.738501
-0.032000	-23.253700
-0.031000	-23.253700
-0.030000	-23.767799
-0.029000	-23.253700
-0.028000	-23.253700
-0.027000	-23.767799
-0.026000	-23.767799
-0.025000	-24.797001
-0.024000	-25.825300
-0.023000	-26.854500
-0.022000	-26.854500
-0.021000	-27.368601
-0.020000	-27.882700
-0.019000	-26.854500
-0.018000	-27.368601
-0.017000	-25.825300
-0.016000	-25.825300
-0.015000	-25.311199
-0.014000	-27.368601
-0.013000	-28.396799
-0.012000	-29.426100
-0.011000	-29.940201
-0.010000	-30.969400
-0.009000	-30.969400
-0.008000	-30.455299
-0.007000	-29.426100
-0.006000	-30.455299
-0.005000	-29.426100
-0.004000	-29.426100
-0.003000	-29.426100
-0.002000	-29.426100
-0.001000	-29.426100
0.000000	-29.426100
0.001000	-28.396799
0.002000	-27.882700
0.003000	-28.396799
0.004000	-28.912001
0.005000	-29.940201
0.006000	-30.455299
0.007000	-30.455299
0.008000	-31.997700
0.009000	-33.541000
0.010000	-33.541000
0.011000	-33.026901
0.012000	-31.997700
0.013000	-29.940201
0.014000	-29.940201
0.015000	-29.426100
0.016000	-30.969400
0.017000	-30.969400
0.018000	-32.512798
0.019000	-34.056198
0.020000	-35.598499
0.021000	-36.627701
0.022000	-36.113602
0.023000	-35.084400
0.024000	-34.056198
0.025000	-32.512798
0.026000	-31.483500
0.027000	-29.940201
0.028000	-29.940201
0.029000	-30.455299
0.030000	-29.940201
0.031000	-32.512798
0.032000	-33.026901
0.033000	-35.598499
0.034000	-36.627701
0.035000	-36.627701
0.036000	-37.657001
0.037000	-37.141800
0.038000	-36.113602
0.039000	-35.084400
0.040000	-34.056198
0.041000	-33.026901
0.042000	-33.026901
0.043000	-34.056198
0.044000	-35.084400
0.045000	-35.084400
0.046000	-36.113602
0.047000	-37.141800
0.048000	-37.141800
0.049000	-36.113602
0.050000	-34.570301
0.051000	-33.026901
0.052000	-31.997700
0.053000	-31.483500
0.054000	-31.483500
0.055000	-33.026901
0.056000	-33.026901
0.057000	-34.570301
0.058000	-35.598499
0.059000	-36.627701
0.060000	-36.627701
0.061000	-36.627701
0.062000	-35.084400
0.063000	-32.512798
0.064000	-31.483500
0.065000	-30.969400
0.066000	-31.997700
0.067000	-31.997700
0.068000	-33.026901
0.069000	-35.598499
0.070000	-35.598499
0.071000	-36.113602
0.072000	-36.113602
0.073000	-34.570301
0.074000	-34.056198
0.075000	-31.483500
0.076000	-32.512798
0.077000	-33.026901
0.078000	-33.026901
0.079000	-32.512798
0.080000	-34.570301
0.081000	-35.598499
0.082000	-35.084400
0.083000	-35.598499
0.084000	-34.056198
0.085000	-35.084400
0.086000	-34.056198
0.087000	-33.541000
0.088000	-31.997700
0.089000	-34.056198
0.090000	-34.570301
0.091000	-35.084400
0.092000	-36.113602
0.093000	-36.113602
0.094000	-35.598499
0.095000	-34.570301
0.096000	-31.997700
0.097000	-31.997700
0.098000	-35.598499
0.099000	-35.598499
0.100000	-35.084400
0.101000	-34.570301
0.102000	-35.598499
0.103000	-36.627701
0.104000	-34.570301
0.105000	-35.598499
0.106000	-34.570301
0.107000	-35.084400
0.108000	-34.056198
0.109000	-31.483500
0.110000	-33.026901
0.111000	-34.056198
0.112000	-33.026901
0.113000	-32.512798
0.114000	-31.997700
0.115000	-34.570301
0.116000	-34.570301
0.117000	-32.512798
0.118000	-33.026901
0.119000	-33.026901
0.120000	-33.541000
0.121000	-32.512798
0.122000	-31.997700
0.123000	-32.512798
0.124000	-33.026901
0.125000	-33.541000
0.126000	-31.997700
0.127000	-31.997700
0.128000	-35.598499
0.129000	-31.997700
0.130000	-30.969400
0.131000	-32.512798
0.132000	-30.969400
0.133000	-32.512798
0.134000	-30.969400
0.135000	-29.426100
0.136000	-30.455299
0.137000	-33.026901
0.138000	-32.512798
0.139000	-30.455299
0.140000	66.251900
0.141000	-62.347599
0.142000	-90.125000
0.143000	-20.167000
0.144000	9.667880
0.145000	-17.595400
0.146000	-65.434402
0.147000	-15.022800
0.148000	-29.940201
0.149000	-34.570301
0.150000	-21.710300
0.151000	-24.797001
0.152000	-15.022800
0.153000	-30.455299
0.154000	-16.566099
0.155000	-33.026901
0.156000	-21.710300
0.157000	-31.997700
0.158000	-31.997700
0.159000	-30.969400
0.160000	-24.281900
0.161000	-28.396799
0.162000	-23.253700
0.163000	-22.738501
0.164000	-99.899300
0.165000	-5.763640
0.166000	26.128700
0.167000	-12.451200
0.168000	-52.574402
0.169000	-33.026901
0.170000	1.952120
0.171000	18.927000
0.172000	-6.277750
0.173000	-28.396799
0.174000	-41.257801
0.175000	-9.364470
0.176000	-158.026001
0.177000	0.408754
0.178000	11.725300
0.179000	9.153770
0.180000	-37.141800
0.181000	-23.253700
0.182000	5.038840
0.183000	47.219501
0.184000	32.816200
0.185000	-0.619452
0.186000	-38.685200
0.187000	-30.455299
0.188000	-37.141800
0.189000	-30.455299
0.190000	-37.657001
0.191000	-26.854500
0.192000	-18.623600
0.193000	9.667880
0.194000	-0.619452
0.195000	-4.735440
0.196000	-0.619452
0.197000	-13.479400
0.198000	-22.224400
0.199000	-51.545200
0.200000	-50.516998
0.201000	-38.685200
0.202000	-27.368601
0.203000	-23.767799
0.204000	-12.965300
0.205000	-3.192070
0.206000	-3.192070
0.207000	-8.336270
0.208000	-20.681101
0.209000	-24.281900
0.210000	-33.026901
0.211000	-39.714500
0.212000	-40.228600
0.213000	-29.426100
0.214000	-20.167000
0.215000	-11.936000
0.216000	-2.676920
0.217000	-5.763640
0.218000	-12.965300
0.219000	-22.224400
0.220000	-29.940201
0.221000	-35.598499
0.222000	-38.685200
0.223000	-34.570301
0.224000	-27.368601
0.225000	-20.681101
0.226000	-12.965300
0.227000	-7.821110
0.228000	-6.277750
0.229000	-5.763640
0.230000	-13.479400
0.231000	-19.652901
0.232000	-22.738501
0.233000	-25.311199
0.234000	-22.224400
0.235000	-20.681101
0.236000	-13.994600
0.237000	-10.907800
0.238000	-9.364470
0.239000	-9.878580
0.240000	-14.508700
0.241000	-16.566099
0.242000	-20.681101
0.243000	-24.797001
0.244000	-25.825300
0.245000	-23.253700
0.246000	-20.681101
0.247000	-14.508700
0.248000	-10.907800
0.249000	-9.364470
0.250000	-13.479400
0.251000	-18.623600
0.252000	-20.681101
0.253000	-23.767799
0.254000	-23.253700
0.255000	-25.825300
0.256000	-24.797001
0.257000	-22.738501
0.258000	-20.681101
0.259000	-19.652901
0.260000	-19.652901
0.261000	-22.224400
0.262000	-24.281900
0.263000	-27.368601
0.264000	-28.396799
0.265000	-27.882700
0.266000	-26.339399
0.267000	-22.738501
0.268000	-21.710300
0.269000	-21.196199
0.270000	-21.710300
0.271000	-22.224400
0.272000	-23.253700
0.273000	-22.738501
0.274000	-24.281900
0.275000	-22.738501
0.276000	-22.738501
0.277000	-23.767799
0.278000	-23.253700
0.279000	-23.767799
0.280000	-23.767799
0.281000	-22.738501
0.282000	-24.281900
0.283000	-24.797001
0.284000	-24.281900
0.285000	-24.797001
0.286000	-25.311199
0.287000	-22.224400
0.288000	-20.681101
0.289000	-19.652901
0.290000	-17.080200
0.291000	-18.109501
0.292000	-20.167000
0.293000	-21.196199
0.294000	-22.738501
0.295000	-23.767799
0.296000	-24.797001
0.297000	-23.253700
0.298000	-22.224400
0.299000	-23.253700
0.300000	-20.681101
0.301000	-18.623600
0.302000	-18.623600
0.303000	-19.652901
0.304000	-20.167000
0.305000	-21.196199
0.306000	-22.738501
0.307000	-23.767799
0.308000	-22.738501
0.309000	-22.224400
0.310000	-22.224400
0.311000	-20.167000
0.312000	-19.652901
0.313000	-19.652901
0.314000	-19.137699
0.315000	-21.196199
0.316000	-21.196199
0.317000	-24.281900
0.318000	-23.767799
0.319000	-24.281900
0.320000	-23.767799
0.321000	-25.825300
0.322000	-24.281900
0.323000	-22.738501
0.324000	-22.738501
0.325000	-22.738501
0.326000	-23.253700
0.327000	-20.167000
0.328000	-21.196199
0.329000	-20.681101
0.330000	-22.738501
0.331000	-21.710300
0.332000	-20.681101
0.333000	-20.681101
0.334000	-21.710300
0.335000	-21.710300
0.336000	-20.681101
0.337000	-22.738501
0.338000	-22.224400
0.339000	-26.339399
0.340000	-25.825300
0.341000	-22.738501
0.342000	-23.253700
0.343000	-25.825300
0.344000	-18.623600
0.345000	-15.536900
0.346000	-17.595400
0.347000	-15.022800
0.348000	-10.907800
0.349000	-13.994600
0.350000	-18.623600
0.351000	-23.253700
0.352000	-18.623600
0.353000	-18.623600
0.354000	-24.281900
0.355000	-23.253700
0.356000	-19.652901
0.357000	-16.052000
0.358000	-17.595400
0.359000	-19.652901
0.360000	-14.508700
0.361000	-15.022800
0.362000	-15.022800
0.363000	-17.080200
0.364000	-16.566099
0.365000	-13.994600
0.366000	-17.595400
0.367000	-17.595400
0.368000	-18.623600
0.369000	-16.052000
0.370000	-19.137699
0.371000	-19.652901
0.372000	-18.623600
0.373000	-20.167000
0.374000	-15.022800
0.375000	-19.652901
0.376000	-13.994600
0.377000	-16.052000
0.378000	-16.052000
0.379000	-18.623600
0.380000	-17.595400
0.381000	-18.109501
0.382000	-23.767799
0.383000	-19.652901
0.384000	-19.137699
0.385000	-18.623600
0.386000	-17.595400
0.387000	-14.508700
0.388000	-14.508700
0.389000	-13.994600
0.390000	-14.508700
0.391000	-16.052000
0.392000	-25.311199
0.393000	-12.965300
0.394000	-7.307010
0.395000	-17.595400
0.396000	-18.623600
0.397000	-10.393700
0.398000	-7.307010
0.399000	-10.393700
0.400000	-12.451200
0.401000	-12.451200
0.402000	-9.878580
0.403000	-15.022800
0.404000	-15.536900
0.405000	-13.479400
0.406000	-9.878580
0.407000	-9.878580
0.408000	-10.393700
0.409000	-4.735440
0.410000	-5.763640
0.411000	-6.792900
0.412000	-9.878580
0.413000	-8.850370
0.414000	-10.907800
0.415000	-9.364470
0.416000	-10.393700
0.417000	-9.364470
0.418000	-9.364470
0.419000	-4.735440
0.420000	-7.821110
0.421000	-5.763640
0.422000	-6.792900
0.423000	-12.965300
0.424000	-7.307010
0.425000	-7.821110
0.426000	-6.277750
0.427000	-8.336270
0.428000	-6.277750
0.429000	-8.336270
0.430000	-6.792900
0.431000	-11.421900
0.432000	-6.792900
0.433000	-9.878580
0.434000	-6.277750
0.435000	-15.022800
0.436000	-11.421900
0.437000	-13.994600
0.438000	-4.220280
0.439000	-7.307010
0.440000	-6.792900
0.441000	-6.277750
0.442000	-2.162810
0.443000	-3.192070
0.444000	-17.080200
0.445000	-4.220280
0.446000	7.096310
0.447000	6.067050
0.448000	-3.192070
0.449000	-1.648710
0.450000	3.495480
0.451000	1.952120
0.452000	0.923911
0.453000	1.438010
0.454000	1.952120
0.455000	-4.735440
0.456000	-5.249540
0.457000	0.408754
0.458000	-4.220280
0.459000	-2.676920
0.460000	-1.134610
0.461000	1.952120
0.462000	-0.105349
0.463000	0.923911
0.464000	4.524740
0.465000	-0.619452
0.466000	5.038840
0.467000	2.981380
0.468000	-3.706180
0.469000	-2.162810
0.470000	-1.134610
0.471000	-4.220280
0.472000	1.952120
0.473000	5.038840
0.474000	2.466220
0.475000	4.524740
0.476000	9.667880
0.477000	16.869499
0.478000	11.211200
0.479000	17.898800
0.480000	16.355400
0.481000	16.355400
0.482000	10.697100
0.483000	18.412901
0.484000	5.038840
0.485000	7.610410
0.486000	-8.336270
0.487000	6.582210
0.488000	7.096310
0.489000	15.326200
0.490000	10.697100
0.491000	20.985500
0.492000	18.927000
0.493000	18.412901
0.494000	2.466220
0.495000	10.697100
0.496000	18.412901
0.497000	3.495480
0.498000	6.582210
0.499000	7.096310
0.500000	13.783900
0.501000	19.956301
0.502000	25.100500
0.503000	31.272900
0.504000	25.100500
0.505000	22.527800
0.506000	24.071199
0.507000	15.326200
0.508000	11.725300
0.509000	5.038840
0.510000	7.096310
0.511000	8.639670
0.512000	13.783900
0.513000	16.355400
0.514000	11.211200
0.515000	13.268700
0.516000	21.499599
0.517000	23.042999
0.518000	28.186100
0.519000	20.985500
0.520000	27.672001
0.521000	29.215401
0.522000	33.845501
0.523000	36.417000
0.524000	35.902901
0.525000	30.244600
0.526000	28.186100
0.527000	22.527800
0.528000	15.841300
0.529000	19.442200
0.530000	23.042999
0.531000	19.442200
0.532000	19.956301
0.533000	18.412901
0.534000	17.898800
0.535000	24.071199
0.536000	25.100500
0.537000	20.985500
0.538000	15.326200
0.539000	-6.277750
0.540000	-0.619452
0.541000	12.240500
0.542000	13.783900
0.543000	17.898800
0.544000	17.898800
0.545000	42.589401
0.546000	52.363701
0.547000	59.565399
0.548000	61.107700
0.549000	64.194397
0.550000	60.593601
0.551000	63.680302
0.552000	56.478699
0.553000	53.391899
0.554000	52.877800
0.555000	56.992802
0.556000	54.421200
0.557000	53.391899
0.558000	51.848598
0.559000	47.733601
0.560000	47.219501
0.561000	40.017899
0.562000	41.561199
0.563000	36.417000
0.564000	41.561199
0.565000	39.503799
0.566000	47.733601
0.567000	46.190300
0.568000	50.820400
0.569000	51.848598
0.570000	57.507900
0.571000	56.478699
0.572000	58.021999
0.573000	56.992802
0.574000	55.449402
0.575000	59.565399
0.576000	63.166199
0.577000	67.795197
0.578000	69.852699
0.579000	71.910202
0.580000	70.882004
0.581000	70.882004
0.582000	67.795197
0.583000	66.251900
0.584000	63.166199
0.585000	61.622799
0.586000	61.107700
0.587000	62.651100
0.588000	65.223701
0.589000	63.680302
0.590000	65.223701
0.591000	64.194397
0.592000	62.651100
0.593000	62.136902
0.594000	60.079498
0.595000	58.536098
0.596000	58.536098
0.597000	60.079498
0.598000	60.079498
0.599000	64.708504
0.600000	64.708504
0.601000	65.223701
0.602000	63.680302
0.603000	63.166199
0.604000	60.079498
0.605000	60.593601
0.606000	59.050201
0.607000	61.107700
0.608000	58.536098
0.609000	65.223701
0.610000	62.651100
0.611000	66.251900
0.612000	63.680302
0.613000	65.737801
0.614000	62.651100
0.615000	64.194397
0.616000	61.622799
0.617000	64.708504
0.618000	63.680302
0.619000	65.737801
0.620000	66.766998
0.621000	66.251900
0.622000	66.251900
0.623000	65.737801
0.624000	62.136902
0.625000	61.622799
0.626000	58.536098
0.627000	59.565399
0.628000	58.021999
0.629000	59.565399
0.630000	62.136902
0.631000	65.737801
0.632000	66.251900
0.633000	67.795197
0.634000	69.338600
0.635000	69.852699
0.636000	70.882004
0.637000	73.968697
0.638000	76.026199
0.639000	74.996902
0.640000	75.511002
0.641000	73.453499
0.642000	74.996902
0.643000	69.852699
0.644000	67.281097
0.645000	63.166199
0.646000	63.166199
0.647000	42.075298
0.648000	50.306301
0.649000	49.277000
0.650000	49.791100
0.651000	54.935299
0.652000	64.194397
0.653000	69.338600
0.654000	72.939400
0.655000	76.540298
0.656000	81.169296
0.657000	83.741898
0.658000	85.799400
0.659000	84.255997
0.660000	83.227798
0.661000	84.255997
0.662000	84.770103
0.663000	82.712700
0.664000	84.770103
0.665000	82.712700
0.666000	82.712700
0.667000	81.169296
0.668000	79.626999
0.669000	78.597702
0.670000	76.026199
0.671000	74.482803
0.672000	76.026199
0.673000	76.540298
0.674000	78.597702
0.675000	78.597702
0.676000	77.054398
0.677000	76.026199
0.678000	78.083603
0.679000	77.054398
0.680000	78.597702
0.681000	80.141098
0.682000	83.741898
0.683000	83.741898
0.684000	86.313499
0.685000	86.313499
0.686000	85.285301
0.687000	80.655197
0.688000	82.198601
0.689000	77.054398
0.690000	77.054398
0.691000	76.026199
0.692000	76.540298
0.693000	76.026199
0.694000	80.655197
0.695000	81.684502
0.696000	85.285301
0.697000	84.770103
0.698000	85.799400
0.699000	83.741898
0.700000	82.198601
0.701000	79.111801
0.702000	74.482803
0.703000	74.996902
0.704000	74.482803
0.705000	77.054398
0.706000	78.083603
0.707000	81.684502
0.708000	81.169296
0.709000	82.712700
0.710000	82.198601
0.711000	83.741898
0.712000	80.655197
0.713000	80.655197
0.714000	92.486900
0.715000	76.026199
0.716000	87.342697
0.717000	70.367897
0.718000	77.568497
0.719000	70.882004
0.720000	68.309303
0.721000	84.255997
0.722000	70.882004
0.723000	82.198601
0.724000	84.770103
0.725000	87.856903
0.726000	95.058502
0.727000	88.886101
0.728000	104.832001
0.729000	89.400200
0.730000	99.173401
0.731000	82.198601
0.732000	94.544403
0.733000	87.856903
0.734000	92.486900
0.735000	94.544403
0.736000	87.856903
0.737000	108.432999
0.738000	87.856903
0.739000	109.975998
0.740000	95.058502
0.741000	107.403999
0.742000	98.145203
0.743000	100.203003
0.744000	108.432999
0.745000	95.572601
0.746000	107.403999
0.747000	93.000999
0.748000	115.120003
0.749000	94.544403
0.750000	108.432999
0.751000	101.231003
0.752000	104.318001
0.753000	100.203003
0.754000	91.971802
0.755000	99.173401
0.756000	88.371002
0.757000	100.203003
0.758000	89.914299
0.759000	96.601898
0.760000	91.971802
0.761000	90.429497
0.762000	91.457703
0.763000	82.198601
0.764000	89.914299
0.765000	81.684502
0.766000	87.342697
0.767000	75.511002
0.768000	82.198601
0.769000	79.626999
0.770000	76.540298
0.771000	82.712700
0.772000	78.597702
0.773000	88.371002
0.774000	82.198601
0.775000	90.429497
0.776000	85.799400
0.777000	87.856903
0.778000	87.342697
0.779000	77.054398
0.780000	79.111801
0.781000	74.996902
0.782000	73.968697
0.783000	71.396103
0.784000	76.026199
0.785000	72.425301
0.786000	77.568497
0.787000	81.684502
0.788000	79.626999
0.789000	84.255997
0.790000	76.026199
0.791000	81.169296
0.792000	76.540298
0.793000	79.111801
0.794000	78.083603
0.795000	80.655197
0.796000	76.026199
0.797000	65.223701
0.798000	68.824501
0.799000	63.680302
0.800000	65.223701
0.801000	59.050201
0.802000	62.651100
0.803000	60.079498
0.804000	61.622799
0.805000	62.136902
0.806000	58.021999
0.807000	59.050201
0.808000	52.363701
0.809000	56.992802
0.810000	53.907101
0.811000	64.194397
0.812000	60.079498
0.813000	64.708504
0.814000	71.910202
0.815000	67.281097
0.816000	79.111801
0.817000	80.655197
0.818000	92.486900
0.819000	83.741898
0.820000	89.914299
0.821000	83.227798
0.822000	82.198601
0.823000	85.799400
0.824000	82.198601
0.825000	90.943604
0.826000	88.886101
0.827000	94.544403
0.828000	89.914299
0.829000	96.601898
0.830000	85.285301
0.831000	88.371002
0.832000	89.914299
0.833000	87.342697
0.834000	93.000999
0.835000	88.886101
0.836000	102.774002
0.837000	97.630096
0.838000	107.917999
0.839000	107.403999
0.840000	115.634003
0.841000	102.774002
0.842000	99.688599
0.843000	105.347000
0.844000	94.029198
0.845000	102.260002
0.846000	101.231003
0.847000	107.403999
0.848000	101.231003
0.849000	107.403999
0.850000	103.804001
0.851000	99.688599
0.852000	97.630096
0.853000	89.400200
0.854000	99.173401
0.855000	90.943604
0.856000	97.630096
0.857000	98.659302
0.858000	101.746002
0.859000	96.601898
0.860000	96.601898
0.861000	97.630096
0.862000	89.914299
0.863000	88.886101
0.864000	84.255997
0.865000	87.856903
0.866000	86.828598
0.867000	86.313499
0.868000	90.429497
0.869000	87.856903
0.870000	91.971802
0.871000	85.285301
0.872000	87.856903
0.873000	82.198601
0.874000	83.227798
0.875000	79.626999
0.876000	80.141098
0.877000	81.684502
0.878000	81.169296
0.879000	82.712700
0.880000	80.141098
0.881000	80.655197
0.882000	74.996902
0.883000	72.425301
0.884000	70.367897
0.885000	69.338600
0.886000	70.882004
0.887000	68.824501
0.888000	70.882004
0.889000	67.281097
0.890000	68.824501
0.891000	63.680302
0.892000	62.651100
0.893000	59.565399
0.894000	58.021999
0.895000	53.391899
0.896000	46.705399
0.897000	46.705399
0.898000	43.618698
0.899000	41.561199
0.900000	37.446301
0.901000	38.474499
0.902000	38.474499
0.903000	36.417000
0.904000	37.446301
0.905000	35.387798
0.906000	37.960400
0.907000	27.157900
0.908000	30.244600
0.909000	26.643801
0.910000	25.100500
0.911000	19.442200
0.912000	12.240500
0.913000	10.183000
0.914000	6.067050
0.915000	-0.619452
0.916000	-0.619452
0.917000	0.408754
0.918000	-2.676920
0.919000	-2.162810
0.920000	-3.192070
0.921000	-3.706180
0.922000	-4.735440
0.923000	-5.249540
0.924000	-7.821110
0.925000	-9.878580
0.926000	-11.936000
0.927000	-11.421900
0.928000	-16.566099
0.929000	-12.451200
0.930000	-12.451200
0.931000	-3.706180
0.932000	6.067050
0.933000	2.981380
0.934000	12.754600
0.935000	8.639670
0.936000	17.898800
0.937000	2.466220
0.938000	7.610410
0.939000	-7.307010
0.940000	-10.907800
0.941000	-11.421900
0.942000	-2.162810
0.943000	-7.307010
0.944000	1.438010
0.945000	0.923911
0.946000	4.524740
0.947000	6.582210
0.948000	5.552950
0.949000	-4.220280
0.950000	-3.192070
0.951000	-7.307010
0.952000	-5.249540
0.953000	-11.421900
0.954000	-10.393700
0.955000	-5.763640
0.956000	-4.220280
0.957000	1.952120
0.958000	6.582210
0.959000	8.125570
0.960000	7.096310
0.961000	2.981380
0.962000	-1.134610
0.963000	-1.648710
0.964000	-6.792900
0.965000	-9.364470
0.966000	-11.936000
0.967000	-9.364470
0.968000	-16.566099
0.969000	-10.393700
0.970000	-1.134610
0.971000	-18.109501
0.972000	-18.623600
0.973000	-5.249540
0.974000	-0.619452
0.975000	-8.850370
0.976000	12.754600
0.977000	6.067050
0.978000	-7.307010
0.979000	9.667880
0.980000	0.923911
0.981000	-8.336270
0.982000	-5.763640
0.983000	-3.192070
0.984000	-3.706180
0.985000	-2.676920
0.986000	1.952120
0.987000	-7.307010
0.988000	-1.134610
0.989000	-2.162810
0.990000	-1.648710
0.991000	-3.706180
0.992000	-1.648710
0.993000	-7.307010
0.994000	-4.735440
0.995000	-0.105349
0.996000	0.408754
0.997000	2.981380
0.998000	0.923911
0.999000	2.466220
1.000000	-5.249540
1.001000	-0.619452
1.002000	-4.735440
1.003000	-2.162810
1.004000	-0.619452
1.005000	6.582210
1.006000	5.038840
1.007000	12.754600
1.008000	7.096310
1.009000	4.009580
1.010000	-3.706180
1.011000	-8.336270
1.012000	-12.451200
1.013000	-16.052000
1.014000	-17.595400
1.015000	-16.566099
1.016000	-10.907800
1.017000	-9.364470
1.018000	-3.192070
1.019000	-1.648710
1.020000	0.408754
1.021000	-4.220280
1.022000	-0.619452
1.023000	-0.105349
1.024000	-0.619452
1.025000	1.952120
1.026000	5.552950
1.027000	5.038840
1.028000	5.038840
1.029000	-2.162810
1.030000	-6.792900
1.031000	-12.965300
1.032000	-15.536900
1.033000	-17.595400
1.034000	-16.052000
1.035000	-13.994600
1.036000	-8.850370
1.037000	-3.192070
1.038000	4.009580
1.039000	6.067050
1.040000	8.125570
1.041000	7.096310
1.042000	5.038840
1.043000	-0.105349
1.044000	-3.192070
1.045000	-5.249540
1.046000	-5.763640
1.047000	-5.249540
1.048000	-6.277750
1.049000	-5.249540
1.050000	-5.763640
1.051000	-5.249540
1.052000	-5.763640
1.053000	-4.735440
1.054000	-4.220280
1.055000	-0.105349
1.056000	2.466220
1.057000	2.466220
1.058000	1.438010
1.059000	2.466220
1.060000	3.495480
1.061000	2.466220
1.062000	-0.619452
1.063000	-2.162810
1.064000	-5.249540
1.065000	-10.393700
1.066000	-10.393700
1.067000	-12.965300
1.068000	-14.508700
1.069000	-12.451200
1.070000	-12.965300
1.071000	-10.907800
1.072000	-8.336270
1.073000	-7.307010
1.074000	-4.735440
1.075000	0.923911
1.076000	2.466220
1.077000	7.096310
1.078000	7.610410
1.079000	11.725300
1.080000	8.639670
1.081000	8.639670
1.082000	5.552950
1.083000	1.438010
1.084000	-2.162810
1.085000	-6.277750
1.086000	-11.421900
1.087000	-9.364470
1.088000	-12.965300
1.089000	-12.451200
1.090000	-11.421900
1.091000	-9.878580
1.092000	-10.393700
1.093000	-5.763640
1.094000	-5.763640
1.095000	-3.192070
1.096000	1.438010
1.097000	2.466220
1.098000	6.067050
1.099000	6.067050
1.100000	6.067050
1.101000	2.981380
1.102000	3.495480
1.103000	1.438010
1.104000	-3.192070
1.105000	-3.192070
1.106000	-7.821110
1.107000	-6.277750
1.108000	-5.249540
1.109000	-1.134610
1.110000	-3.706180
1.111000	2.981380
1.112000	1.438010
1.113000	1.438010
1.114000	-2.162810
1.115000	-3.192070
1.116000	-11.936000
1.117000	-12.451200
1.118000	-17.080200
1.119000	-16.052000
1.120000	-15.022800
1.121000	-11.421900
1.122000	-12.965300
1.123000	-4.735440
1.124000	0.408754
1.125000	2.981380
1.126000	5.038840
1.127000	5.552950
1.128000	2.981380
1.129000	-2.162810
1.130000	0.408754
1.131000	-4.220280
1.132000	-2.162810
1.133000	-4.220280
1.134000	0.923911
1.135000	-0.105349
1.136000	-0.105349
1.137000	0.408754
1.138000	-4.735440
1.139000	-3.192070
1.140000	-6.277750
1.141000	-5.763640
1.142000	-9.364470
1.143000	-8.336270
1.144000	-7.307010
1.145000	-5.249540
1.146000	-1.648710
1.147000	1.952120
1.148000	0.408754
1.149000	3.495480
1.150000	4.009580
1.151000	4.009580
1.152000	2.981380
1.153000	0.923911
1.154000	-1.134610
1.155000	-3.706180
1.156000	-7.307010
1.157000	-7.821110
1.158000	-8.336270
1.159000	-4.735440
1.160000	-4.220280
1.161000	-3.192070
1.162000	-1.648710
1.163000	0.408754
1.164000	-2.676920
1.165000	-2.162810
1.166000	-5.249540
1.167000	-6.277750
1.168000	-7.307010
1.169000	-6.792900
1.170000	-7.821110
1.171000	-7.307010
1.172000	-6.277750
1.173000	-5.249540
1.174000	-4.220280
1.175000	-3.706180
1.176000	-5.763640
1.177000	-6.792900
1.178000	-5.249540
1.179000	-6.277750
1.180000	-3.706180
1.181000	-4.220280
1.182000	-2.162810
1.183000	-0.105349
1.184000	-0.105349
1.185000	1.438010
1.186000	-0.105349
1.187000	-0.619452
1.188000	-2.162810
1.189000	-3.706180
1.190000	-3.706180
1.191000	-4.220280
1.192000	-4.220280
1.193000	-4.220280
1.194000	-4.735440
1.195000	-2.676920
1.196000	-3.192070
1.197000	-1.134610
1.198000	-0.105349
1.199000	0.408754
1.200000	-0.619452
1.201000	0.408754
1.202000	-0.619452
1.203000	-0.619452
1.204000	-3.706180
1.205000	-4.220280
1.206000	-6.277750
1.207000	-4.220280
1.208000	-5.249540
1.209000	-3.192070
1.210000	-1.134610
1.211000	-0.619452
1.212000	0.923911
1.213000	-0.105349
1.214000	-0.619452
1.215000	-1.134610
1.216000	-3.706180
1.217000	-4.220280
1.218000	-6.277750
1.219000	-6.277750
1.220000	-5.249540
1.221000	-4.220280
1.222000	-4.735440
1.223000	-3.706180
1.224000	-3.192070
1.225000	-3.192070
1.226000	-5.249540
1.227000	-4.735440
1.228000	-5.763640
1.229000	-4.220280
1.230000	-4.735440
1.231000	-3.706180
1.232000	-4.735440
1.233000	-4.220280
1.234000	-4.735440
1.235000	-4.220280
1.236000	-4.735440
1.237000	-4.220280
1.238000	-5.763640
1.239000	-4.220280
1.240000	-3.192070
1.241000	-2.162810
1.242000	-3.192070
1.243000	-2.676920
1.244000	-3.192070
1.245000	-2.162810
1.246000	-2.162810
1.247000	-2.676920
1.248000	-2.162810
1.249000	-2.162810
1.250000	-2.162810
1.251000	-1.648710
1.252000	-1.648710
1.253000	-2.162810
1.254000	-1.134610
1.255000	-1.648710
1.256000	-1.134610
1.257000	-2.162810
1.258000	-1.648710
1.259000	-2.676920
1.260000	-2.162810
1.261000	-3.192070
1.262000	-2.162810
1.263000	-2.162810
1.264000	-2.162810
1.265000	-2.676920
1.266000	-3.192070
1.267000	-3.706180
1.268000	-4.220280
1.269000	-4.220280
1.270000	-4.220280
1.271000	-3.192070
1.272000	-2.676920
1.273000	-1.648710
1.274000	-2.162810
1.275000	-1.648710
1.276000	-1.648710
1.277000	-2.676920
1.278000	-2.676920
1.279000	-3.192070
1.280000	-4.220280
1.281000	-5.249540
1.282000	-4.735440
1.283000	-5.249540
1.284000	-5.249540
1.285000	-5.249540
1.286000	-6.792900
1.287000	-5.763640
1.288000	-6.792900
1.289000	-5.249540
1.290000	-5.763640
1.291000	-4.220280
1.292000	-3.706180
1.293000	-2.162810
1.294000	-1.648710
1.295000	-0.619452
1.296000	-0.619452
1.297000	-0.619452
1.298000	-2.162810
1.299000	-1.648710
1.300000	-2.162810
1.301000	-2.162810
1.302000	-2.676920
1.303000	-3.192070
1.304000	-4.220280
1.305000	-4.220280
1.306000	-5.249540
1.307000	-5.249540
1.308000	-4.220280
1.309000	-4.220280
1.310000	-2.676920
1.311000	-2.162810
1.312000	-1.134610
1.313000	-1.134610
1.314000	0.923911
1.315000	-0.105349
1.316000	0.923911
1.317000	-0.105349
1.318000	-0.619452
1.319000	-1.648710
1.320000	-2.162810
1.321000	-3.192070
1.322000	-3.706180
1.323000	-3.706180
1.324000	-4.735440
1.325000	-3.192070
1.326000	-3.706180
1.327000	-3.192070
1.328000	-3.706180
1.329000	-2.676920
1.330000	-2.676920
1.331000	-3.706180
1.332000	-5.249540
1.333000	-6.792900
1.334000	-5.763640
1.335000	-6.277750
1.336000	-4.735440
1.337000	-4.735440
1.338000	-4.220280
1.339000	-2.676920
1.340000	-2.676920
1.341000	-4.220280
1.342000	-3.192070
1.343000	-3.706180
1.344000	-4.220280
1.345000	-3.706180
1.346000	-3.192070
1.347000	-3.706180
1.348000	-3.192070
1.349000	-4.220280
1.350000	-3.706180
1.351000	-4.220280
1.352000	-4.220280
1.353000	-5.249540
1.354000	-4.735440
1.355000	-3.706180
1.356000	-3.192070
1.357000	-3.192070
1.358000	-1.134610
1.359000	-1.648710
1.360000	-1.134610
1.361000	-1.648710
1.362000	-1.134610
1.363000	-2.162810
1.364000	-1.648710
1.365000	-1.648710
1.366000	-1.134610
1.367000	-1.648710
1.368000	-1.134610
1.369000	-2.162810
1.370000	-3.192070
1.371000	-3.192070
1.372000	-3.192070
1.373000	-3.706180
1.374000	-3.706180
1.375000	-3.192070
1.376000	-3.706180
1.377000	-3.192070
1.378000	-3.192070
1.379000	-2.162810
1.380000	-2.162810
1.381000	-2.162810
1.382000	-3.706180
1.383000	-3.706180
1.384000	-3.706180
1.385000	-3.192070
1.386000	-4.220280
1.387000	-3.706180
1.388000	-4.220280
1.389000	-4.220280
1.390000	-4.220280
1.391000	-4.220280
1.392000	-4.220280
1.393000	-4.220280
1.394000	-3.192070
1.395000	-2.162810
1.396000	-2.162810
1.397000	-1.648710
1.398000	-3.192070
1.399000	-3.706180
1.400000	-5.249540
1.401000	-4.220280
1.402000	-4.220280
1.403000	-4.735440
1.404000	-3.192070
1.405000	-3.706180
1.406000	-2.162810
1.407000	-2.162810
1.408000	-2.676920
1.409000	-3.192070
1.410000	-1.648710
1.411000	-2.676920
1.412000	-1.648710
1.413000	-1.648710
1.414000	-0.105349
1.415000	-0.619452
1.416000	-2.162810
1.417000	-2.162810
1.418000	-3.192070
1.419000	-3.192070
1.420000	-3.706180
1.421000	-4.735440
1.422000	-5.249540
1.423000	-3.706180
1.424000	-3.706180
1.425000	-1.648710
1.426000	-2.162810
1.427000	-2.162810
1.428000	-2.676920
1.429000	-1.648710
1.430000	-0.619452
1.431000	-1.648710
1.432000	-2.676920
1.433000	-1.648710
1.434000	-3.192070
1.435000	-2.676920
1.436000	-3.192070
1.437000	-4.735440
1.438000	-5.249540
1.439000	-7.307010
1.440000	-6.277750
1.441000	-7.307010
1.442000	-5.763640
1.443000	-5.763640
1.444000	-3.192070
1.445000	-3.706180
1.446000	-2.162810
1.447000	-2.162810
1.448000	-3.192070
1.449000	-2.676920
1.450000	-2.676920
1.451000	-2.676920
1.452000	-1.648710
1.453000	-2.676920
1.454000	-1.648710
1.455000	-1.648710
1.456000	-1.134610
1.457000	-2.162810
1.458000	-2.162810
1.459000	-3.706180
1.460000	-4.220280
1.461000	-5.249540
1.462000	-5.249540
1.463000	-5.763640
1.464000	-4.220280
1.465000	-3.706180
1.466000	-1.648710
1.467000	-1.134610
1.468000	-1.134610
1.469000	-1.134610
1.470000	-2.676920
1.471000	-2.162810
1.472000	-3.192070
1.473000	-2.676920
1.474000	-2.676920
1.475000	-2.676920
1.476000	-1.648710
1.477000	-2.162810
1.478000	-1.134610
1.479000	-1.648710
1.480000	-1.648710
1.481000	-2.676920
1.482000	-3.192070
1.483000	-4.220280
1.484000	-3.706180
1.485000	-5.249540
1.486000	-4.735440
1.487000	-3.192070
1.488000	-3.706180
1.489000	-2.676920
1.490000	-2.676920
1.491000	-2.676920
1.492000	-3.192070
1.493000	-2.676920
1.494000	-2.676920
1.495000	-3.192070
1.496000	-2.162810
1.497000	-1.648710
1.498000	-2.676920
1.499000	-3.706180
1.500000	-3.192070
1.501000	-4.220280
1.502000	-4.220280
1.503000	-4.220280
1.504000	-3.706180
1.505000	-3.706180
1.506000	-2.676920
1.507000	-2.676920
1.508000	-2.162810
1.509000	-2.676920
1.510000	-3.706180
1.511000	-3.192070
1.512000	-2.676920
1.513000	-3.192070
1.514000	-4.220280
1.515000	-2.162810
1.516000	-3.192070
1.517000	-2.162810
1.518000	-2.162810
1.519000	-1.134610
1.520000	-1.648710
1.521000	-2.162810
1.522000	-2.162810
1.523000	-3.192070
1.524000	-3.706180
1.525000	-3.706180
1.526000	-2.676920
1.527000	-4.220280
1.528000	-1.648710
1.529000	-3.192070
1.530000	-1.648710
1.531000	-2.162810
1.532000	-2.162810
1.533000	-2.676920
1.534000	-3.192070
1.535000	-3.706180
1.536000	-3.706180
1.537000	-4.220280
1.538000	-3.706180
1.539000	-3.192070
1.540000	-3.706180
1.541000	-2.162810
1.542000	-2.162810
1.543000	-2.162810
1.544000	-3.192070
1.545000	-3.706180
1.546000	-4.735440
1.547000	-4.735440
1.548000	-4.220280
1.549000	-4.735440
1.550000	-4.220280
1.551000	-3.706180
1.552000	-3.192070
1.553000	-3.706180
1.554000	-3.706180
1.555000	-3.706180
1.556000	-3.192070
1.557000	-3.706180
1.558000	-3.192070
1.559000	-3.706180
1.560000	-3.192070
1.561000	-2.162810
1.562000	-2.676920
1.563000	-2.676920
1.564000	-2.162810
1.565000	-4.220280
1.566000	-3.706180
1.567000	-2.676920
1.568000	-2.676920
1.569000	-2.162810
1.570000	-2.676920
1.571000	-2.676920
1.572000	-2.162810
1.573000	-2.162810
1.574000	-2.676920
1.575000	-2.162810
1.576000	-3.192070
1.577000	-2.676920
1.578000	-2.676920
1.579000	-2.162810
1.580000	-2.162810
1.581000	-1.648710
1.582000	-1.648710
1.583000	-1.648710
1.584000	-2.162810
1.585000	-2.162810
1.586000	-2.162810
1.587000	-3.192070
1.588000	-3.706180
1.589000	-4.220280
1.590000	-3.192070
1.591000	-3.706180
1.592000	-2.676920
1.593000	-4.220280
1.594000	-3.192070
1.595000	-3.706180
1.596000	-3.192070
1.597000	-3.192070
1.598000	-3.706180
1.599000	-4.220280
1.600000	-3.706180
1.601000	-4.220280
1.602000	-3.706180
1.603000	-3.706180
1.604000	-2.676920
1.605000	-3.192070
1.606000	-2.676920
1.607000	-3.192070
1.608000	-3.192070
1.609000	-3.192070
1.610000	-3.706180
1.611000	-4.220280
1.612000	-3.706180
1.613000	-3.706180
1.614000	-3.706180
1.615000	-3.192070
1.616000	-3.192070
1.617000	-2.676920
1.618000	-2.676920
1.619000	-2.676920
1.620000	-3.192070
1.621000	-3.192070
1.622000	-2.676920
1.623000	-2.162810
1.624000	-2.162810
1.625000	-1.648710
1.626000	-2.162810
1.627000	-1.648710
1.628000	-2.162810
1.629000	-2.162810
1.630000	-2.676920
1.631000	-2.676920
1.632000	-2.676920
1.633000	-2.162810
1.634000	-2.676920
1.635000	-2.162810
1.636000	-2.162810
1.637000	-2.676920
1.638000	-2.162810
1.639000	-2.676920
1.640000	-3.192070
1.641000	-3.192070
1.642000	-3.706180
1.643000	-3.192070
1.644000	-3.192070
1.645000	-3.192070
1.646000	-2.676920
1.647000	-3.192070
1.648000	-3.706180
1.649000	-3.192070
1.650000	-4.220280
1.651000	-4.735440
1.652000	-3.706180
1.653000	-4.735440
1.654000	-3.706180
1.655000	-4.220280
1.656000	-3.192070
1.657000	-3.706180
1.658000	-3.706180
1.659000	-3.706180
1.660000	-4.220280
1.661000	-3.192070
1.662000	-4.220280
1.663000	-3.192070
1.664000	-3.192070
1.665000	-3.706180
1.666000	-3.706180
1.667000	-2.676920
1.668000	-2.676920
1.669000	-3.192070
1.670000	-3.192070
1.671000	-3.192070
1.672000	-3.192070
1.673000	-3.192070
1.674000	-4.220280
1.675000	-3.706180
1.676000	-3.192070
1.677000	-3.706180
1.678000	-2.676920
1.679000	-3.192070
1.680000	-1.648710
1.681000	-2.162810
1.682000	-2.162810
1.683000	-2.162810
1.684000	-2.676920
1.685000	-2.162810
1.686000	-2.162810
1.687000	-2.676920
1.688000	-2.162810
1.689000	-2.162810
1.690000	-2.162810
1.691000	-3.192070
1.692000	-2.676920
1.693000	-3.706180
1.694000	-2.676920
1.695000	-3.192070
1.696000	-3.192070
1.697000	-3.192070
1.698000	-3.192070
1.699000	-2.676920
1.700000	-3.192070
1.701000	-3.192070
1.702000	-3.192070
1.703000	-3.192070
1.704000	-4.220280
1.705000	-3.706180
1.706000	-3.706180
1.707000	-3.706180
1.708000	-3.706180
1.709000	-2.676920
1.710000	-2.162810
1.711000	-2.162810
1.712000	-1.134610
1.713000	-1.648710
1.714000	-2.162810
1.715000	-2.676920
1.716000	-3.706180
1.717000	-4.220280
1.718000	-6.277750
1.719000	-4.220280
1.720000	-5.763640
1.721000	-4.220280
1.722000	-5.249540
1.723000	-3.706180
1.724000	-3.192070
1.725000	-3.192070
1.726000	-2.676920
1.727000	-2.162810
1.728000	-2.676920
1.729000	-3.192070
1.730000	-2.162810
1.731000	-3.192070
1.732000	-1.648710
1.733000	-2.162810
1.734000	-1.134610
1.735000	-2.676920
1.736000	-2.162810
1.737000	-3.706180
1.738000	-2.676920
1.739000	-2.676920
1.740000	-3.706180
1.741000	-2.676920
1.742000	-2.676920
1.743000	-2.676920
1.744000	-2.676920
1.745000	-3.192070
1.746000	-3.192070
1.747000	-3.706180
1.748000	-3.706180
1.749000	-3.192070
1.750000	-3.192070
1.751000	-3.192070
1.752000	-3.192070
1.753000	-2.676920
1.754000	-3.192070
1.755000	-3.192070
1.756000	-3.706180
1.757000	-4.220280
1.758000	-4.220280
1.759000	-4.735440
1.760000	-3.192070
1.761000	-4.220280
1.762000	-2.676920
1.763000	-2.676920
1.764000	-2.676920
1.765000	-2.676920
1.766000	-3.192070
1.767000	-3.706180
1.768000	-4.220280
1.769000	-3.706180
1.770000	-4.220280
1.771000	-4.220280
1.772000	-4.220280
1.773000	-3.706180
1.774000	-2.676920
1.775000	-3.192070
1.776000	-2.676920
1.777000	-2.162810
1.778000	-3.706180
1.779000	-3.192070
1.780000	-2.162810
1.781000	-3.192070
1.782000	-2.676920
1.783000	-3.192070
1.784000	-3.192070
1.785000	-3.192070
1.786000	-3.192070
1.787000	-2.676920
1.788000	-3.192070
1.789000	-3.192070
1.790000	-3.192070
1.791000	-2.162810
1.792000	-2.676920
1.793000	-2.676920
1.794000	-4.220280
1.795000	-3.192070
1.796000	-1.648710
1.797000	-2.162810
1.798000	-1.648710
1.799000	-0.619452
1.800000	-1.648710
1.801000	-1.648710
1.802000	-2.162810
1.803000	-2.162810
1.804000	-3.192070
1.805000	-4.220280
1.806000	-4.220280
1.807000	-4.735440
1.808000	-2.676920
1.809000	-3.192070
1.810000	-4.220280
1.811000	-2.676920
1.812000	-2.676920
1.813000	-3.192070
1.814000	-4.220280
1.815000	-2.162810
1.816000	-2.676920
1.817000	-2.162810
1.818000	-2.162810
1.819000	-3.706180
1.820000	-3.706180
1.821000	-4.220280
1.822000	-3.706180
1.823000	-3.706180
1.824000	-3.192070
1.825000	-3.706180
1.826000	-3.706180
1.827000	-3.192070
1.828000	-2.162810
1.829000	-4.220280
1.830000	-2.676920
1.831000	-2.676920
1.832000	-3.192070
1.833000	-2.676920
1.834000	-2.676920
1.835000	-2.676920
1.836000	-3.192070
1.837000	-2.676920
1.838000	-3.706180
1.839000	-3.192070
1.840000	-3.192070
1.841000	-2.162810
1.842000	-3.192070
1.843000	-2.676920
1.844000	-3.192070
1.845000	-2.676920
1.846000	-2.676920
1.847000	-2.162810
1.848000	-3.192070
1.849000	-2.676920
1.850000	-2.162810
1.851000	-2.676920
1.852000	-2.676920
1.853000	-2.676920
1.854000	-3.192070
1.855000	-3.706180
1.856000	-3.706180
1.857000	-3.706180
1.858000	-3.706180
1.859000	-4.220280
1.860000	-3.706180
1.861000	-3.192070
1.862000	-2.676920
1.863000	-2.162810
1.864000	-2.162810
1.865000	-2.676920
1.866000	-3.192070
1.867000	-3.706180
1.868000	-3.706180
1.869000	-3.192070
1.870000	-3.706180
1.871000	-3.192070
1.872000	-3.192070
1.873000	-3.192070
1.874000	-3.192070
1.875000	-3.192070
1.876000	-3.192070
1.877000	-3.706180
1.878000	-4.220280
1.879000	-3.192070
1.880000	-3.706180
1.881000	-3.192070
1.882000	-2.676920
1.883000	-2.162810
1.884000	-2.676920
1.885000	-3.192070
1.886000	-2.676920
1.887000	-2.676920
1.888000	-3.192070
1.889000	-3.706180
1.890000	-3.192070
1.891000	-3.192070
1.892000	-3.706180
1.893000	-2.676920
1.894000	-3.192070
1.895000	-2.162810
1.896000	-3.192070
1.897000	-2.676920
1.898000	-3.192070
1.899000	-2.162810
1.900000	-2.676920
1.901000	-2.162810
1.902000	-2.676920
1.903000	-3.192070
1.904000	-2.676920
1.905000	-3.192070
1.906000	-3.192070
1.907000	-3.706180
1.908000	-3.706180
1.909000	-3.706180
1.910000	-4.220280
1.911000	-3.706180
1.912000	-3.706180
1.913000	-3.706180
1.914000	-3.192070
1.915000	-3.706180
1.916000	-2.676920
1.917000	-2.676920
1.918000	-3.192070
1.919000	-3.192070
1.920000	-3.192070
1.921000	-3.706180
1.922000	-2.676920
1.923000	-3.192070
1.924000	-3.192070
1.925000	-2.162810
1.926000	-2.162810
1.927000	-3.192070
1.928000	-3.192070
1.929000	-3.192070
1.930000	-3.192070
1.931000	-3.706180
1.932000	-3.706180
1.933000	-3.192070
1.934000	-2.676920
1.935000	-3.192070
1.936000	-2.162810
1.937000	-3.192070
1.938000	-2.676920
1.939000	-2.676920
1.940000	-2.676920
1.941000	-2.676920
1.942000	-3.192070
1.943000	-3.192070
1.944000	-2.676920
1.945000	-2.676920
1.946000	-2.162810
1.947000	-2.676920
1.948000	-2.162810
1.949000	-2.162810
1.950000	-2.162810
1.951000	-3.192070
1.952000	-2.676920
1.953000	-2.676920
1.954000	-3.192070
1.955000	-2.676920
1.956000	-2.676920
1.957000	-2.162810
1.958000	-2.162810
1.959000	-3.192070
1.960000	-3.706180
1.961000	-4.220280
1.962000	-3.192070
1.963000	-3.192070
1.964000	-2.676920
1.965000	-2.676920
1.966000	-3.192070
1.967000	-2.676920
1.968000	-3.192070
1.969000	-2.162810
1.970000	-3.706180
1.971000	-3.192070
1.972000	-3.706180
1.973000	-3.706180
1.974000	-3.706180
1.975000	-3.192070
1.976000	-3.192070
1.977000	-3.706180
1.978000	-2.676920
1.979000	-2.162810
1.980000	-3.192070
1.981000	-3.192070
1.982000	-3.192070
1.983000	-3.192070
1.984000	-3.192070
1.985000	-3.192070
1.986000	-3.192070
1.987000	-2.676920
1.988000	-2.162810
1.989000	-2.676920
1.990000	-2.162810
1.991000	-2.162810
1.992000	-3.192070
1.993000	-3.192070
1.994000	-3.192070
1.995000	-3.706180
1.996000	-3.192070
1.997000	-3.192070
1.998000	-2.676920
1.999000	-2.676920
2.000000	-2.162810
2.001000	-2.676920
2.002000	-3.192070
2.003000	-2.676920
2.004000	-3.192070
2.005000	-4.220280
2.006000	-3.192070
2.007000	-3.192070
2.008000	-2.162810
2.009000	-1.648710
2.010000	-1.648710
2.011000	-2.676920
2.012000	-2.162810
2.013000	-3.192070
2.014000	-3.706180
2.015000	-3.706180
2.016000	-3.706180
2.017000	-3.192070
2.018000	-3.706180
2.019000	-3.706180
2.020000	-1.648710
2.021000	-3.192070
2.022000	-3.192070
2.023000	-3.192070
2.024000	-4.220280
2.025000	-4.220280
2.026000	-4.220280
2.027000	-3.706180
2.028000	-3.192070
2.029000	-2.676920
2.030000	-2.676920
2.031000	-3.192070
2.032000	-2.676920
2.033000	-3.192070
2.034000	-3.192070
2.035000	-3.706180
2.036000	-3.192070
2.037000	-3.706180
2.038000	-3.192070
2.039000	-3.192070
2.040000	-3.192070
2.041000	-2.676920
2.042000	-2.676920
2.043000	-2.676920
2.044000	-3.192070
2.045000	-3.192070
2.046000	-3.192070
2.047000	-3.192070
2.048000	-3.706180
2.049000	-2.676920
2.050000	-3.192070
2.051000	-2.162810
2.052000	-2.162810
2.053000	-2.162810
2.054000	-2.162810
2.055000	-2.162810
2.056000	-2.676920
2.057000	-3.706180
2.058000	-2.676920
2.059000	-2.676920
2.060000	-2.676920
2.061000	-2.676920
2.062000	-2.162810
2.063000	-2.676920
2.064000	-2.676920
2.065000	-3.192070
2.066000	-4.220280
2.067000	-3.706180
2.068000	-3.192070
2.069000	-3.192070
2.070000	-3.706180
2.071000	-3.706180
2.072000	-3.706180
2.073000	-3.706180
2.074000	-4.220280
2.075000	-3.706180
2.076000	-3.706180
2.077000	-3.706180
2.078000	-4.735440
2.079000	-3.192070
2.080000	-3.706180
2.081000	-3.706180
2.082000	-3.192070
2.083000	-4.220280
2.084000	-3.192070
2.085000	-3.192070
2.086000	-3.192070
2.087000	-3.706180
2.088000	-4.735440
2.089000	-4.220280
2.090000	-3.192070
2.091000	-3.192070
2.092000	-2.162810
2.093000	-2.676920
2.094000	-2.676920
2.095000	-2.676920
2.096000	-2.162810
2.097000	-3.192070
2.098000	-2.676920
2.099000	-3.706180
2.100000	-3.192070
2.101000	-2.676920
2.102000	-3.192070
2.103000	-2.162810
2.104000	-2.676920
2.105000	-1.648710
2.106000	-1.648710
2.107000	-2.676920
2.108000	-1.648710
2.109000	-2.676920
2.110000	-3.192070
2.111000	-2.676920
2.112000	-3.192070
2.113000	-2.676920
2.114000	-2.676920
2.115000	-3.192070
2.116000	-3.192070
2.117000	-3.192070
2.118000	-3.192070
2.119000	-3.192070
2.120000	-2.676920
2.121000	-3.192070
2.122000	-4.220280
2.123000	-2.676920
2.124000	-3.706180
2.125000	-3.192070
2.126000	-3.192070
2.127000	-4.220280
2.128000	-3.706180
2.129000	-3.706180
2.130000	-2.676920
2.131000	-3.192070
2.132000	-3.192070
2.133000	-4.220280
2.134000	-3.192070
2.135000	-2.676920
2.136000	-4.220280
2.137000	-3.192070
2.138000	-3.192070
2.139000	-2.676920
2.140000	-2.676920
2.141000	-3.706180
2.142000	-3.706180
2.143000	-3.706180
2.144000	-3.192070
2.145000	-3.706180
2.146000	-3.706180
2.147000	-2.676920
2.148000	-2.676920
2.149000	-3.192070
2.150000	-3.192070
2.151000	-2.676920
2.152000	-2.676920
2.153000	-2.676920
2.154000	-3.706180
2.155000	-3.192070
2.156000	-2.676920
2.157000	-2.162810
2.158000	-2.162810
2.159000	-3.192070
2.160000	-2.162810
2.161000	-2.676920
2.162000	-3.192070
2.163000	-3.192070
2.164000	-3.706180
2.165000	-2.676920
2.166000	-3.192070
2.167000	-2.162810
2.168000	-2.676920
2.169000	-2.676920
2.170000	-2.676920
2.171000	-2.676920
2.172000	-3.192070
2.173000	-2.676920
2.174000	-3.706180
2.175000	-3.706180
2.176000	-3.192070
2.177000	-3.192070
2.178000	-3.192070
2.179000	-3.192070
2.180000	-3.192070
2.181000	-2.676920
2.182000	-3.706180
2.183000	-3.706180
2.184000	-3.706180
2.185000	-2.676920
2.186000	-3.706180
2.187000	-2.676920
2.188000	-3.706180
2.189000	-3.192070
2.190000	-3.192070
2.191000	-3.192070
2.192000	-3.706180
2.193000	-3.706180
2.194000	-3.192070
2.195000	-3.192070
2.196000	-3.192070
2.197000	-3.706180
2.198000	-3.192070
2.199000	-3.192070
