-0.300000	-0.466385
-0.299000	-0.466385
-0.298000	-0.448457
-0.297000	-0.466385
-0.296000	-0.448457
-0.295000	-0.466385
-0.294000	-0.466385
-0.293000	-0.466385
-0.292000	-0.448457
-0.291000	-0.466385
-0.290000	-0.466385
-0.289000	-0.466385
-0.288000	-0.466385
-0.287000	-0.448457
-0.286000	-0.466385
-0.285000	-0.466385
-0.284000	-0.466385
-0.283000	-0.466385
-0.282000	-0.448457
-0.281000	-0.466385
-0.280000	-0.466385
-0.279000	-0.448457
-0.278000	-0.448457
-0.277000	-0.466385
-0.276000	-0.466385
-0.275000	-0.466385
-0.274000	-0.448457
-0.273000	-0.466385
-0.272000	-0.466385
-0.271000	-0.466385
-0.270000	-0.466385
-0.269000	-0.448457
-0.268000	-0.448457
-0.267000	-0.466385
-0.266000	-0.448457
-0.265000	-0.466385
-0.264000	-0.466385
-0.263000	-0.466385
-0.262000	-0.466385
-0.261000	-0.448457
-0.260000	-0.466385
-0.259000	-0.466385
-0.258000	-0.466385
-0.257000	-0.466385
-0.256000	-0.448457
-0.255000	-0.466385
-0.254000	-0.466385
-0.253000	-0.484350
-0.252000	-0.466385
-0.251000	-0.448457
-0.250000	-0.466385
-0.249000	-0.466385
-0.248000	-0.466385
-0.247000	-0.448457
-0.246000	-0.466385
-0.245000	-0.466385
-0.244000	-0.448457
-0.243000	-0.466385
-0.242000	-0.448457
-0.241000	-0.466385
-0.240000	-0.466385
-0.239000	-0.466385
-0.238000	-0.448457
-0.237000	-0.466385
-0.236000	-0.466385
-0.235000	-0.466385
-0.234000	-0.466385
-0.233000	-0.448457
-0.232000	-0.448457
-0.231000	-0.448457
-0.230000	-0.448457
-0.229000	-0.448457
-0.228000	-0.466385
-0.227000	-0.448457
-0.226000	-0.466385
-0.225000	-0.466385
-0.224000	-0.466385
-0.223000	-0.466385
-0.222000	-0.466385
-0.221000	-0.466385
-0.220000	-0.466385
-0.219000	-0.466385
-0.218000	-0.466385
-0.217000	-0.466385
-0.216000	-0.466385
-0.215000	-0.466385
-0.214000	-0.466385
-0.213000	-0.466385
-0.212000	-0.466385
-0.211000	-0.466385
-0.210000	-0.448457
-0.209000	-0.466385
-0.208000	-0.466385
-0.207000	-0.466385
-0.206000	-0.448457
-0.205000	-0.466385
-0.204000	-0.466385
-0.203000	-0.466385
-0.202000	-0.466385
-0.201000	-0.448457
-0.200000	-0.466385
-0.199000	-0.466385
-0.198000	-0.466385
-0.197000	-0.448457
-0.196000	-0.466385
-0.195000	-0.448457
-0.194000	-0.448457
-0.193000	-0.448457
-0.192000	-0.466385
-0.191000	-0.448457
-0.190000	-0.448457
-0.189000	-0.466385
-0.188000	-0.448457
-0.187000	-0.466385
-0.186000	-0.466385
-0.185000	-0.466385
-0.184000	-0.466385
-0.183000	-0.466385
-0.182000	-0.466385
-0.181000	-0.448457
-0.180000	-0.448457
-0.179000	-0.466385
-0.178000	-0.430529
-0.177000	-0.466385
-0.176000	-0.466385
-0.175000	-0.466385
-0.174000	-0.466385
-0.173000	-0.448457
-0.172000	-0.466385
-0.171000	-0.466385
-0.170000	-0.448457
-0.169000	-0.466385
-0.168000	-0.466385
-0.167000	-0.466385
-0.166000	-0.466385
-0.165000	-0.448457
-0.164000	-0.466385
-0.163000	-0.466385
-0.162000	-0.466385
-0.161000	-0.466385
-0.160000	-0.466385
-0.159000	-0.466385
-0.158000	-0.466385
-0.157000	-0.466385
-0.156000	-0.466385
-0.155000	-0.448457
-0.154000	-0.466385
-0.153000	-0.466385
-0.152000	-0.448457
-0.151000	-0.466385
-0.150000	-0.466385
-0.149000	-0.466385
-0.148000	-0.466385
-0.147000	-0.448457
-0.146000	-0.466385
-0.145000	-0.466385
-0.144000	-0.484350
-0.143000	-0.448457
-0.142000	-0.466385
-0.141000	-0.466385
-0.140000	-0.466385
-0.139000	-0.430529
-0.138000	-0.448457
-0.137000	-0.466385
-0.136000	-0.466385
-0.135000	-0.466385
-0.134000	-0.448457
-0.133000	-0.466385
-0.132000	-0.466385
-0.131000	-0.466385
-0.130000	-0.466385
-0.129000	-0.448457
-0.128000	-0.448457
-0.127000	-0.466385
-0.126000	-0.466385
-0.125000	-0.448457
-0.124000	-0.466385
-0.123000	-0.448457
-0.122000	-0.466385
-0.121000	-0.448457
-0.120000	-0.448457
-0.119000	-0.448457
-0.118000	-0.466385
-0.117000	-0.448457
-0.116000	-0.448457
-0.115000	-0.466385
-0.114000	-0.466385
-0.113000	-0.466385
-0.112000	-0.466385
-0.111000	-0.466385
-0.110000	-0.466385
-0.109000	-0.466385
-0.108000	-0.466385
-0.107000	-0.466385
-0.106000	-0.466385
-0.105000	-0.466385
-0.104000	-0.466385
-0.103000	-0.448457
-0.102000	-0.466385
-0.101000	-0.466385
-0.100000	-0.466385
-0.099000	-0.448457
-0.098000	-0.466385
-0.097000	-0.466385
-0.096000	-0.466385
-0.095000	-0.466385
-0.094000	-0.466385
-0.093000	-0.466385
-0.092000	-0.448457
-0.091000	-0.466385
-0.090000	-0.448457
-0.089000	-0.466385
-0.088000	-0.448457
-0.087000	-0.466385
-0.086000	-0.466385
-0.085000	-0.448457
-0.084000	-0.430529
-0.083000	-0.466385
-0.082000	-0.448457
-0.081000	-0.448457
-0.080000	-0.430529
-0.079000	-0.448457
-0.078000	-0.466385
-0.077000	-0.448457
-0.076000	-0.448457
-0.075000	-0.466385
-0.074000	-0.466385
-0.073000	-0.448457
-0.072000	-0.466385
-0.071000	-0.466385
-0.070000	-0.466385
-0.069000	-0.466385
-0.068000	-0.466385
-0.067000	-0.466385
-0.066000	-0.448457
-0.065000	-0.448457
-0.064000	-0.484350
-0.063000	-0.466385
-0.062000	-0.448457
-0.061000	-0.466385
-0.060000	-0.448457
-0.059000	-0.466385
-0.058000	-0.448457
-0.057000	-0.448457
-0.056000	-0.466385
-0.055000	-0.466385
-0.054000	-0.466385
-0.053000	-0.466385
-0.052000	-0.466385
-0.051000	-0.466385
-0.050000	-0.466385
-0.049000	-0.466385
-0.048000	-0.448457
-0.047000	-0.448457
-0.046000	-0.466385
-0.045000	-0.466385
-0.044000	-0.466385
-0.043000	-0.466385
-0.042000	-0.448457
-0.041000	-0.466385
-0.040000	-0.448457
-0.039000	-0.448457
-0.038000	-0.430529
-0.037000	-0.394636
-0.036000	-0.340816
-0.035000	-0.251139
-0.034000	-0.143497
-0.033000	-0.071749
-0.032000	0.035893
-0.031000	0.125569
-0.030000	0.251139
-0.029000	0.322888
-0.028000	0.412564
-0.027000	0.502278
-0.026000	0.556099
-0.025000	0.609919
-0.024000	0.609919
-0.023000	0.609919
-0.022000	0.627847
-0.021000	0.627847
-0.020000	0.609919
-0.019000	0.609919
-0.018000	0.609919
-0.017000	0.609919
-0.016000	0.645775
-0.015000	0.663703
-0.014000	0.663703
-0.013000	0.663703
-0.012000	0.663703
-0.011000	0.645775
-0.010000	0.574027
-0.009000	0.466385
-0.008000	0.376708
-0.007000	0.215246
-0.006000	0.053821
-0.005000	-0.089677
-0.004000	-0.269067
-0.003000	-0.484350
-0.002000	-0.735489
-0.001000	-0.986591
0.000000	-1.255690
0.001000	-1.470940
0.002000	-1.686190
0.003000	-1.883540
0.004000	-2.098790
0.005000	-2.296110
0.006000	-2.421680
0.007000	-2.511350
0.008000	-2.636920
0.009000	-2.726640
0.010000	-2.888060
0.011000	-3.121270
0.012000	-3.426230
0.013000	-3.749120
0.014000	-4.089930
0.015000	-4.448720
0.016000	-4.843350
0.017000	-5.220060
0.018000	-5.614700
0.019000	-5.937580
0.020000	-6.224620
0.021000	-6.475750
0.022000	-6.691000
0.023000	-6.942140
0.024000	-7.175350
0.025000	-7.462350
0.026000	-7.731410
0.027000	-7.928730
0.028000	-8.179870
0.029000	-8.448940
0.030000	-8.682150
0.031000	-9.058860
0.032000	-9.345890
0.033000	-9.686700
0.034000	-9.973700
0.035000	-10.206900
0.036000	-10.404200
0.037000	-10.565700
0.038000	-10.709200
0.039000	-10.763000
0.040000	-10.709200
0.041000	-10.547700
0.042000	-10.224800
0.043000	-9.901950
0.044000	-9.596990
0.045000	-9.274100
0.046000	-9.022960
0.047000	-8.897430
0.048000	-8.825640
0.049000	-8.825640
0.050000	-8.861540
0.051000	-8.861540
0.052000	-8.915360
0.053000	-8.861540
0.054000	-8.771860
0.055000	-8.664220
0.056000	-8.484830
0.057000	-8.359260
0.058000	-8.215760
0.059000	-8.144010
0.060000	-8.090190
0.061000	-8.126050
0.062000	-8.233690
0.063000	-8.323400
0.064000	-8.466900
0.065000	-8.646290
0.066000	-8.807720
0.067000	-8.951210
0.068000	-9.112680
0.069000	-9.202350
0.070000	-9.327920
0.071000	-9.453490
0.072000	-9.632880
0.073000	-9.776380
0.074000	-9.937840
0.075000	-10.081300
0.076000	-10.224800
0.077000	-10.368400
0.078000	-10.547700
0.079000	-10.780900
0.080000	-10.942400
0.081000	-11.121800
0.082000	-11.283200
0.083000	-11.516400
0.084000	-11.839300
0.085000	-12.180100
0.086000	-12.449200
0.087000	-12.610700
0.088000	-12.718300
0.089000	-12.772100
0.090000	-12.897700
0.091000	-13.005300
0.092000	-13.130900
0.093000	-13.292300
0.094000	-13.382000
0.095000	-13.220500
0.096000	-13.453700
0.097000	-13.328200
0.098000	-13.669000
0.099000	-14.009800
0.100000	-14.278900
0.101000	-14.548000
0.102000	-14.530100
0.103000	-14.673600
0.104000	-14.709400
0.105000	-14.799100
0.106000	-14.888800
0.107000	-14.924700
0.108000	-14.637700
0.109000	-14.601800
0.110000	-14.422400
0.111000	-14.548000
0.112000	-14.709400
0.113000	-14.799100
0.114000	-14.888800
0.115000	-14.906800
0.116000	-14.888800
0.117000	-14.942600
0.118000	-14.996400
0.119000	-15.050300
0.120000	-15.086200
0.121000	-15.014400
0.122000	-14.870900
0.123000	-14.817000
0.124000	-14.763200
0.125000	-14.745300
0.126000	-14.745300
0.127000	-14.745300
0.128000	-14.781200
0.129000	-14.817000
0.130000	-15.014400
0.131000	-15.104100
0.132000	-15.229700
0.133000	-15.301400
0.134000	-15.247600
0.135000	-15.193800
0.136000	-15.122000
0.137000	-15.068200
0.138000	-15.122000
0.139000	-15.193800
0.140000	-19.265800
0.141000	-13.848400
0.142000	-17.220800
0.143000	-12.000700
0.144000	-9.309990
0.145000	-9.489380
0.146000	-7.641740
0.147000	-10.045500
0.148000	-8.664220
0.149000	-8.789790
0.150000	-8.323400
0.151000	-8.323400
0.152000	-10.099300
0.153000	-11.588200
0.154000	-12.969400
0.155000	-13.902200
0.156000	-14.225100
0.157000	-14.530100
0.158000	-15.014400
0.159000	-15.624300
0.160000	-15.355200
0.161000	-14.852900
0.162000	-14.386600
0.163000	-13.722800
0.164000	-6.457790
0.165000	-6.708930
0.166000	-1.793830
0.167000	-3.462090
0.168000	-6.511610
0.169000	-10.924400
0.170000	-13.866300
0.171000	-13.525500
0.172000	-12.503000
0.173000	-11.193500
0.174000	-12.216000
0.175000	-12.538900
0.176000	-6.421930
0.177000	-7.229130
0.178000	-0.574027
0.179000	-1.327440
0.180000	-3.067450
0.181000	-6.260470
0.182000	-9.471460
0.183000	-7.928730
0.184000	-7.534090
0.185000	-6.816570
0.186000	-7.874910
0.187000	-8.825640
0.188000	-10.440100
0.189000	-11.444600
0.190000	-11.355000
0.191000	-10.942400
0.192000	-11.014100
0.193000	-11.337000
0.194000	-12.682400
0.195000	-13.758700
0.196000	-13.794600
0.197000	-13.794600
0.198000	-12.951500
0.199000	-12.736200
0.200000	-13.346100
0.201000	-13.794600
0.202000	-15.068200
0.203000	-15.749900
0.204000	-16.485300
0.205000	-16.700600
0.206000	-16.377701
0.207000	-16.108601
0.208000	-15.301400
0.209000	-14.404500
0.210000	-13.561400
0.211000	-12.736200
0.212000	-12.431300
0.213000	-12.144200
0.214000	-12.018700
0.215000	-12.180100
0.216000	-11.893100
0.217000	-11.247300
0.218000	-10.476000
0.219000	-9.507310
0.220000	-9.076780
0.221000	-8.879470
0.222000	-9.238250
0.223000	-9.561130
0.224000	-9.471460
0.225000	-9.614950
0.226000	-9.399670
0.227000	-9.292070
0.228000	-9.094750
0.229000	-8.789790
0.230000	-8.646290
0.231000	-8.305440
0.232000	-8.197830
0.233000	-8.502760
0.234000	-8.843610
0.235000	-9.274100
0.236000	-9.561130
0.237000	-9.758450
0.238000	-9.830200
0.239000	-9.955770
0.240000	-10.171000
0.241000	-10.458000
0.242000	-10.691300
0.243000	-10.996200
0.244000	-11.319100
0.245000	-11.642000
0.246000	-11.911100
0.247000	-12.162200
0.248000	-12.574800
0.249000	-12.879700
0.250000	-13.184700
0.251000	-13.507600
0.252000	-13.597200
0.253000	-13.669000
0.254000	-13.579300
0.255000	-13.489600
0.256000	-13.453700
0.257000	-13.382000
0.258000	-13.579300
0.259000	-13.848400
0.260000	-14.153300
0.261000	-14.548000
0.262000	-14.924700
0.263000	-15.444900
0.264000	-15.821600
0.265000	-16.126600
0.266000	-16.395599
0.267000	-16.395599
0.268000	-16.288000
0.269000	-16.216200
0.270000	-16.090700
0.271000	-16.090700
0.272000	-16.000999
0.273000	-15.893400
0.274000	-15.803700
0.275000	-15.624300
0.276000	-15.660200
0.277000	-15.767800
0.278000	-15.965100
0.279000	-16.234200
0.280000	-16.431499
0.281000	-16.718500
0.282000	-16.862000
0.283000	-16.826200
0.284000	-16.808201
0.285000	-16.575001
0.286000	-16.431499
0.287000	-16.288000
0.288000	-16.198299
0.289000	-16.323900
0.290000	-16.431499
0.291000	-16.736401
0.292000	-16.897900
0.293000	-17.041401
0.294000	-17.184900
0.295000	-17.292500
0.296000	-17.418100
0.297000	-17.507799
0.298000	-17.687201
0.299000	-17.866600
0.300000	-18.010099
0.301000	-18.081900
0.302000	-18.225401
0.303000	-18.189501
0.304000	-18.225401
0.305000	-18.243299
0.306000	-18.404699
0.307000	-18.620001
0.308000	-18.907000
0.309000	-19.194000
0.310000	-19.499001
0.311000	-19.696301
0.312000	-19.857700
0.313000	-19.929501
0.314000	-20.055000
0.315000	-20.090900
0.316000	-20.126801
0.317000	-20.306200
0.318000	-20.162701
0.319000	-20.288200
0.320000	-20.288200
0.321000	-20.288200
0.322000	-20.467600
0.323000	-20.521500
0.324000	-20.682899
0.325000	-20.934000
0.326000	-21.023701
0.327000	-21.113400
0.328000	-21.328699
0.329000	-21.382500
0.330000	-21.507999
0.331000	-21.507999
0.332000	-21.597799
0.333000	-21.436300
0.334000	-21.615700
0.335000	-21.561899
0.336000	-21.687401
0.337000	-21.669500
0.338000	-21.597799
0.339000	-21.777100
0.340000	-21.902700
0.341000	-22.171801
0.342000	-22.405001
0.343000	-22.440901
0.344000	-22.763700
0.345000	-22.781700
0.346000	-23.176300
0.347000	-23.337799
0.348000	-23.284000
0.349000	-23.373600
0.350000	-23.086599
0.351000	-23.140499
0.352000	-22.745800
0.353000	-23.104601
0.354000	-23.158400
0.355000	-23.463301
0.356000	-23.786200
0.357000	-24.073200
0.358000	-24.360300
0.359000	-24.647200
0.360000	-24.844601
0.361000	-25.059900
0.362000	-25.113701
0.363000	-25.167500
0.364000	-25.221300
0.365000	-25.203300
0.366000	-25.275101
0.367000	-25.293100
0.368000	-25.311001
0.369000	-25.508301
0.370000	-25.544201
0.371000	-25.849100
0.372000	-26.136200
0.373000	-26.369301
0.374000	-26.656401
0.375000	-26.710199
0.376000	-26.925400
0.377000	-26.889601
0.378000	-26.817801
0.379000	-26.817801
0.380000	-26.656401
0.381000	-26.692301
0.382000	-26.728100
0.383000	-26.799900
0.384000	-27.122700
0.385000	-27.302099
0.386000	-27.643000
0.387000	-27.858200
0.388000	-28.019699
0.389000	-28.037600
0.390000	-28.181101
0.391000	-28.145201
0.392000	-28.234900
0.393000	-27.589199
0.394000	-27.625000
0.395000	-27.678801
0.396000	-27.302099
0.397000	-27.822300
0.398000	-27.571199
0.399000	-27.858200
0.400000	-28.127300
0.401000	-27.894100
0.402000	-28.145201
0.403000	-28.109400
0.404000	-28.127300
0.405000	-28.288799
0.406000	-28.055599
0.407000	-27.768499
0.408000	-27.104799
0.409000	-27.033100
0.410000	-26.907499
0.411000	-27.051001
0.412000	-27.589199
0.413000	-27.930000
0.414000	-27.876200
0.415000	-27.912100
0.416000	-27.660900
0.417000	-27.750601
0.418000	-28.019699
0.419000	-28.163200
0.420000	-28.521900
0.421000	-28.414301
0.422000	-28.127300
0.423000	-28.073500
0.424000	-27.732700
0.425000	-28.019699
0.426000	-28.019699
0.427000	-28.181101
0.428000	-28.073500
0.429000	-27.840300
0.430000	-27.965799
0.431000	-28.037600
0.432000	-28.234900
0.433000	-28.109400
0.434000	-27.983801
0.435000	-27.625000
0.436000	-27.194500
0.437000	-27.230400
0.438000	-27.051001
0.439000	-27.230400
0.440000	-26.997200
0.441000	-26.351400
0.442000	-25.615900
0.443000	-24.808701
0.444000	-24.503799
0.445000	-24.270599
0.446000	-24.414101
0.447000	-24.665199
0.448000	-24.898399
0.449000	-24.880501
0.450000	-24.593500
0.451000	-24.665199
0.452000	-24.880501
0.453000	-25.526199
0.454000	-25.885000
0.455000	-26.028500
0.456000	-25.741501
0.457000	-25.598000
0.458000	-25.490400
0.459000	-25.651800
0.460000	-25.454500
0.461000	-25.311001
0.462000	-24.970200
0.463000	-24.988100
0.464000	-24.772800
0.465000	-25.275101
0.466000	-25.113701
0.467000	-25.131599
0.468000	-24.145000
0.469000	-23.481300
0.470000	-22.243500
0.471000	-22.207600
0.472000	-21.938601
0.473000	-21.597799
0.474000	-21.830900
0.475000	-21.023701
0.476000	-20.629101
0.477000	-20.019199
0.478000	-19.588699
0.479000	-19.624500
0.480000	-19.624500
0.481000	-19.301701
0.482000	-18.924900
0.483000	-18.440599
0.484000	-18.171499
0.485000	-18.476500
0.486000	-18.422701
0.487000	-19.050501
0.488000	-18.924900
0.489000	-19.481001
0.490000	-19.678400
0.491000	-19.768000
0.492000	-19.768000
0.493000	-19.265800
0.494000	-18.530300
0.495000	-17.705099
0.496000	-17.167000
0.497000	-17.346399
0.498000	-17.669300
0.499000	-18.261200
0.500000	-18.548201
0.501000	-18.655899
0.502000	-18.620001
0.503000	-18.691700
0.504000	-18.494400
0.505000	-17.669300
0.506000	-16.808201
0.507000	-15.893400
0.508000	-15.122000
0.509000	-14.906800
0.510000	-14.709400
0.511000	-14.763200
0.512000	-14.835000
0.513000	-14.817000
0.514000	-14.960600
0.515000	-14.727400
0.516000	-14.494200
0.517000	-14.476200
0.518000	-14.583900
0.519000	-14.619700
0.520000	-14.422400
0.521000	-13.830500
0.522000	-13.328200
0.523000	-13.059100
0.524000	-13.148800
0.525000	-13.382000
0.526000	-13.417900
0.527000	-13.130900
0.528000	-12.718300
0.529000	-12.700300
0.530000	-12.897700
0.531000	-13.543400
0.532000	-14.189200
0.533000	-14.225100
0.534000	-14.153300
0.535000	-13.740700
0.536000	-13.704900
0.537000	-13.974000
0.538000	-13.991900
0.539000	-13.256400
0.540000	-12.144200
0.541000	-10.745000
0.542000	-10.368400
0.543000	-11.085900
0.544000	-11.893100
0.545000	-12.628600
0.546000	-12.377400
0.547000	-11.839300
0.548000	-11.157600
0.549000	-10.870600
0.550000	-10.727100
0.551000	-10.583600
0.552000	-10.332500
0.553000	-9.579060
0.554000	-8.771860
0.555000	-7.874910
0.556000	-7.641740
0.557000	-7.498240
0.558000	-7.713480
0.559000	-7.444420
0.560000	-7.031820
0.561000	-6.081080
0.562000	-5.542950
0.563000	-5.058600
0.564000	-5.058600
0.565000	-5.130350
0.566000	-5.399450
0.567000	-5.345630
0.568000	-5.417380
0.569000	-5.345630
0.570000	-5.489130
0.571000	-5.614700
0.572000	-5.704370
0.573000	-5.614700
0.574000	-5.345630
0.575000	-4.825420
0.576000	-4.771600
0.577000	-4.950990
0.578000	-5.435310
0.579000	-6.009330
0.580000	-6.332220
0.581000	-6.332220
0.582000	-6.116970
0.583000	-5.865840
0.584000	-5.937580
0.585000	-6.027300
0.586000	-6.368110
0.587000	-6.619250
0.588000	-6.780680
0.589000	-6.852430
0.590000	-6.834500
0.591000	-6.906250
0.592000	-6.978000
0.593000	-6.995960
0.594000	-6.978000
0.595000	-6.870390
0.596000	-6.601320
0.597000	-6.296360
0.598000	-6.027300
0.599000	-6.045230
0.600000	-5.937580
0.601000	-5.973480
0.602000	-5.883760
0.603000	-5.740270
0.604000	-5.525020
0.605000	-5.417380
0.606000	-5.363560
0.607000	-5.471200
0.608000	-5.471200
0.609000	-5.596770
0.610000	-5.578800
0.611000	-5.578800
0.612000	-5.686440
0.613000	-5.865840
0.614000	-6.027300
0.615000	-6.224620
0.616000	-6.314290
0.617000	-6.511610
0.618000	-6.726860
0.619000	-6.942140
0.620000	-7.300880
0.621000	-7.426450
0.622000	-7.462350
0.623000	-7.408520
0.624000	-7.265030
0.625000	-7.229130
0.626000	-7.157390
0.627000	-7.211210
0.628000	-7.247100
0.629000	-7.121530
0.630000	-7.013890
0.631000	-6.852430
0.632000	-6.708930
0.633000	-6.565430
0.634000	-6.439860
0.635000	-6.350180
0.636000	-6.296360
0.637000	-6.224620
0.638000	-6.350180
0.639000	-6.475750
0.640000	-6.583360
0.641000	-6.708930
0.642000	-6.708930
0.643000	-6.673070
0.644000	-6.637180
0.645000	-6.529540
0.646000	-6.673070
0.647000	-6.995960
0.648000	-7.247100
0.649000	-7.372670
0.650000	-7.157390
0.651000	-6.601320
0.652000	-5.883760
0.653000	-5.291810
0.654000	-4.915100
0.655000	-4.771600
0.656000	-4.807460
0.657000	-4.933030
0.658000	-4.861280
0.659000	-4.950990
0.660000	-4.753670
0.661000	-4.646030
0.662000	-4.663960
0.663000	-4.646030
0.664000	-4.843350
0.665000	-5.076560
0.666000	-5.237990
0.667000	-5.417380
0.668000	-5.489130
0.669000	-5.632620
0.670000	-5.794090
0.671000	-5.955510
0.672000	-6.134900
0.673000	-6.224620
0.674000	-6.224620
0.675000	-6.099050
0.676000	-5.794090
0.677000	-5.542950
0.678000	-5.255920
0.679000	-5.309740
0.680000	-5.578800
0.681000	-5.740270
0.682000	-5.847910
0.683000	-5.542950
0.684000	-5.148310
0.685000	-4.610140
0.686000	-4.143760
0.687000	-3.820870
0.688000	-3.731190
0.689000	-3.856720
0.690000	-4.000260
0.691000	-3.982290
0.692000	-3.982290
0.693000	-3.767050
0.694000	-3.623550
0.695000	-3.623550
0.696000	-3.659410
0.697000	-3.749120
0.698000	-3.767050
0.699000	-3.480050
0.700000	-3.210950
0.701000	-2.583140
0.702000	-1.991150
0.703000	-1.453010
0.704000	-1.040410
0.705000	-0.986591
0.706000	-1.183950
0.707000	-1.632400
0.708000	-1.973220
0.709000	-2.098790
0.710000	-1.937330
0.711000	-1.632400
0.712000	-1.309520
0.713000	-1.004560
0.714000	-0.717524
0.715000	-0.807237
0.716000	-0.304960
0.717000	0.358780
0.718000	1.022480
0.719000	1.686190
0.720000	1.865580
0.721000	1.686190
0.722000	1.237730
0.723000	0.843093
0.724000	0.825165
0.725000	1.022480
0.726000	1.183950
0.727000	1.237730
0.728000	1.201870
0.729000	1.058380
0.730000	0.807237
0.731000	0.699596
0.732000	0.807237
0.733000	1.022480
0.734000	1.363300
0.735000	1.506830
0.736000	1.453010
0.737000	1.022480
0.738000	0.466385
0.739000	-0.017928
0.740000	-0.107641
0.741000	-0.143497
0.742000	0.107641
0.743000	0.376708
0.744000	0.376708
0.745000	0.376708
0.746000	-0.071749
0.747000	-0.251139
0.748000	-0.484350
0.749000	-0.502278
0.750000	-0.304960
0.751000	-0.053821
0.752000	0.251139
0.753000	0.358780
0.754000	0.753417
0.755000	0.896914
0.756000	1.399190
0.757000	1.614440
0.758000	1.775900
0.759000	1.560620
0.760000	1.076300
0.761000	0.789273
0.762000	0.789273
0.763000	1.219800
0.764000	1.650330
0.765000	2.224360
0.766000	2.296110
0.767000	1.793830
0.768000	1.291550
0.769000	0.304960
0.770000	-0.017928
0.771000	-0.071749
0.772000	0.233211
0.773000	0.861058
0.774000	1.130130
0.775000	1.327440
0.776000	1.417120
0.777000	1.291550
0.778000	1.309520
0.779000	0.843093
0.780000	0.789273
0.781000	0.215246
0.782000	-0.340816
0.783000	-0.466385
0.784000	-0.466385
0.785000	0.340816
0.786000	1.183950
0.787000	2.152610
0.788000	2.654890
0.789000	2.690740
0.790000	2.188460
0.791000	1.596510
0.792000	1.291550
0.793000	1.327440
0.794000	2.027040
0.795000	2.744560
0.796000	3.031600
0.797000	2.583140
0.798000	1.757970
0.799000	1.022480
0.800000	0.735489
0.801000	1.237730
0.802000	2.009110
0.803000	2.690740
0.804000	2.941880
0.805000	2.672810
0.806000	2.439600
0.807000	2.278180
0.808000	2.403750
0.809000	2.852200
0.810000	3.372410
0.811000	3.390340
0.812000	3.408270
0.813000	3.444160
0.814000	3.480050
0.815000	3.928510
0.816000	4.592210
0.817000	5.363560
0.818000	5.883760
0.819000	6.099050
0.820000	5.973480
0.821000	5.542950
0.822000	4.753670
0.823000	4.484570
0.824000	4.376970
0.825000	4.663960
0.826000	5.381490
0.827000	5.919660
0.828000	6.116970
0.829000	5.542950
0.830000	4.556320
0.831000	3.982290
0.832000	3.533840
0.833000	3.784980
0.834000	4.305220
0.835000	4.950990
0.836000	5.112420
0.837000	4.986850
0.838000	4.448720
0.839000	4.323150
0.840000	4.018190
0.841000	4.018190
0.842000	4.143760
0.843000	4.018190
0.844000	3.874690
0.845000	3.623550
0.846000	3.820870
0.847000	4.125830
0.848000	4.448720
0.849000	4.681890
0.850000	4.717780
0.851000	4.233430
0.852000	3.695300
0.853000	3.354480
0.854000	3.372410
0.855000	3.695300
0.856000	4.143760
0.857000	4.574280
0.858000	4.717780
0.859000	4.448720
0.860000	4.125830
0.861000	3.802940
0.862000	3.515910
0.863000	3.336520
0.864000	3.354480
0.865000	3.390340
0.866000	3.390340
0.867000	3.390340
0.868000	3.480050
0.869000	3.444160
0.870000	3.318590
0.871000	3.175090
0.872000	2.923950
0.873000	2.654890
0.874000	2.493420
0.875000	2.511350
0.876000	2.798380
0.877000	2.888060
0.878000	3.031600
0.879000	2.995700
0.880000	2.870130
0.881000	2.547250
0.882000	2.367850
0.883000	2.349930
0.884000	2.403750
0.885000	2.547250
0.886000	2.726640
0.887000	2.888060
0.888000	2.888060
0.889000	2.834240
0.890000	2.798380
0.891000	2.618990
0.892000	2.385780
0.893000	2.296110
0.894000	2.278180
0.895000	2.332000
0.896000	2.367850
0.897000	2.511350
0.898000	2.547250
0.899000	2.367850
0.900000	2.224360
0.901000	2.009110
0.902000	1.865580
0.903000	1.865580
0.904000	1.973220
0.905000	2.224360
0.906000	2.457570
0.907000	2.349930
0.908000	2.278180
0.909000	1.883540
0.910000	1.453010
0.911000	1.148050
0.912000	0.896914
0.913000	0.825165
0.914000	0.574027
0.915000	0.322888
0.916000	0.340816
0.917000	0.251139
0.918000	0.340816
0.919000	0.448457
0.920000	0.448457
0.921000	0.394636
0.922000	-0.053821
0.923000	-0.215246
0.924000	-0.161462
0.925000	-0.753417
0.926000	0.358780
0.927000	0.287032
0.928000	0.143497
0.929000	0.591955
0.930000	0.053821
0.931000	0.197318
0.932000	-0.071749
0.933000	-0.161462
0.934000	-0.107641
0.935000	0.071749
0.936000	0.143497
0.937000	0.645775
0.938000	0.591955
0.939000	0.430529
0.940000	0.143497
0.941000	-0.304960
0.942000	0.179390
0.943000	-0.197318
0.944000	0.287032
0.945000	0.663703
0.946000	0.287032
0.947000	0.609919
0.948000	0.089677
0.949000	-0.053821
0.950000	-0.089677
0.951000	-0.251139
0.952000	0.125569
0.953000	0.304960
0.954000	0.251139
0.955000	0.394636
0.956000	0.107641
0.957000	-0.125569
0.958000	-0.071749
0.959000	-0.179390
0.960000	0.340816
0.961000	0.287032
0.962000	0.233211
0.963000	0.215246
0.964000	-0.233211
0.965000	-0.053821
0.966000	0.053821
0.967000	0.071749
0.968000	0.699596
0.969000	0.376708
0.970000	0.143497
0.971000	0.000000
0.972000	-0.269067
0.973000	0.161462
0.974000	0.269067
0.975000	0.053821
0.976000	0.287032
0.977000	-0.251139
0.978000	0.287032
0.979000	0.161462
0.980000	0.269067
0.981000	0.017928
0.982000	-0.269067
0.983000	-0.394636
0.984000	0.161462
0.985000	0.197318
0.986000	0.861058
0.987000	0.574027
0.988000	0.197318
0.989000	-0.053821
0.990000	-0.376708
0.991000	-0.233211
0.992000	0.304960
0.993000	0.340816
0.994000	0.825165
0.995000	0.394636
0.996000	0.071749
0.997000	-0.107641
0.998000	-0.107641
0.999000	0.143497
1.000000	0.520206
1.001000	0.645775
1.002000	0.968663
1.003000	0.376708
1.004000	0.340816
1.005000	-0.161462
1.006000	-0.269067
1.007000	0.215246
1.008000	0.179390
1.009000	0.412564
1.010000	0.502278
1.011000	-0.071749
1.012000	-0.071749
1.013000	-0.017928
1.014000	-0.053821
1.015000	0.520206
1.016000	0.520206
1.017000	0.699596
1.018000	0.269067
1.019000	-0.269067
1.020000	-0.412564
1.021000	-0.394636
1.022000	-0.179390
1.023000	0.412564
1.024000	0.430529
1.025000	0.502278
1.026000	0.197318
1.027000	-0.071749
1.028000	-0.125569
1.029000	-0.125569
1.030000	0.089677
1.031000	0.340816
1.032000	0.322888
1.033000	0.215246
1.034000	0.143497
1.035000	0.053821
1.036000	0.215246
1.037000	0.161462
1.038000	0.215246
1.039000	0.017928
1.040000	-0.179390
1.041000	-0.287032
1.042000	-0.197318
1.043000	-0.143497
1.044000	0.215246
1.045000	0.502278
1.046000	0.825165
1.047000	0.789273
1.048000	0.699596
1.049000	0.484350
1.050000	0.161462
1.051000	-0.035893
1.052000	-0.125569
1.053000	-0.071749
1.054000	0.107641
1.055000	0.089677
1.056000	0.215246
1.057000	0.233211
1.058000	0.358780
1.059000	0.448457
1.060000	0.358780
1.061000	0.287032
1.062000	0.143497
1.063000	0.035893
1.064000	0.071749
1.065000	-0.071749
1.066000	0.089677
1.067000	-0.143497
1.068000	0.017928
1.069000	0.107641
1.070000	-0.125569
1.071000	0.089677
1.072000	0.017928
1.073000	0.053821
1.074000	0.358780
1.075000	0.340816
1.076000	0.484350
1.077000	0.520206
1.078000	0.538134
1.079000	0.520206
1.080000	0.394636
1.081000	0.125569
1.082000	0.125569
1.083000	-0.215246
1.084000	-0.089677
1.085000	-0.161462
1.086000	-0.233211
1.087000	0.179390
1.088000	0.053821
1.089000	0.430529
1.090000	0.574027
1.091000	0.430529
1.092000	0.520206
1.093000	0.269067
1.094000	0.197318
1.095000	0.071749
1.096000	-0.089677
1.097000	-0.071749
1.098000	-0.197318
1.099000	-0.107641
1.100000	0.071749
1.101000	0.251139
1.102000	0.484350
1.103000	0.556099
1.104000	0.520206
1.105000	0.448457
1.106000	0.251139
1.107000	0.125569
1.108000	0.107641
1.109000	-0.197318
1.110000	-0.089677
1.111000	-0.197318
1.112000	-0.269067
1.113000	-0.197318
1.114000	-0.089677
1.115000	0.017928
1.116000	0.161462
1.117000	0.125569
1.118000	0.287032
1.119000	0.071749
1.120000	0.179390
1.121000	0.161462
1.122000	0.287032
1.123000	0.304960
1.124000	0.107641
1.125000	0.161462
1.126000	0.035893
1.127000	0.053821
1.128000	0.179390
1.129000	0.394636
1.130000	0.430529
1.131000	0.394636
1.132000	0.233211
1.133000	0.215246
1.134000	0.089677
1.135000	0.089677
1.136000	0.197318
1.137000	0.071749
1.138000	0.053821
1.139000	-0.197318
1.140000	-0.322888
1.141000	-0.251139
1.142000	-0.233211
1.143000	0.017928
1.144000	0.179390
1.145000	0.179390
1.146000	0.233211
1.147000	0.251139
1.148000	0.358780
1.149000	0.484350
1.150000	0.502278
1.151000	0.574027
1.152000	0.322888
1.153000	0.215246
1.154000	0.125569
1.155000	0.179390
1.156000	0.304960
1.157000	0.430529
1.158000	0.574027
1.159000	0.609919
1.160000	0.609919
1.161000	0.520206
1.162000	0.430529
1.163000	0.233211
1.164000	0.035893
1.165000	-0.143497
1.166000	-0.215246
1.167000	-0.340816
1.168000	-0.233211
1.169000	-0.197318
1.170000	0.000000
1.171000	0.053821
1.172000	0.269067
1.173000	0.340816
1.174000	0.287032
1.175000	0.215246
1.176000	0.089677
1.177000	0.053821
1.178000	0.000000
1.179000	0.053821
1.180000	0.233211
1.181000	0.304960
1.182000	0.394636
1.183000	0.430529
1.184000	0.304960
1.185000	0.269067
1.186000	0.251139
1.187000	0.233211
1.188000	0.358780
1.189000	0.269067
1.190000	0.376708
1.191000	0.340816
1.192000	0.233211
1.193000	0.143497
1.194000	0.000000
1.195000	-0.035893
1.196000	-0.035893
1.197000	-0.071749
1.198000	0.000000
1.199000	-0.053821
1.200000	-0.017928
1.201000	0.107641
1.202000	0.125569
1.203000	0.215246
1.204000	0.304960
1.205000	0.322888
1.206000	0.269067
1.207000	0.143497
1.208000	0.071749
1.209000	0.053821
1.210000	0.071749
1.211000	0.107641
1.212000	0.179390
1.213000	0.287032
1.214000	0.322888
1.215000	0.376708
1.216000	0.358780
1.217000	0.394636
1.218000	0.340816
1.219000	0.304960
1.220000	0.233211
1.221000	0.143497
1.222000	0.107641
1.223000	0.035893
1.224000	0.035893
1.225000	-0.071749
1.226000	-0.089677
1.227000	-0.071749
1.228000	0.017928
1.229000	0.071749
1.230000	0.161462
1.231000	0.233211
1.232000	0.215246
1.233000	0.179390
1.234000	0.107641
1.235000	0.053821
1.236000	0.000000
1.237000	0.017928
1.238000	0.071749
1.239000	0.125569
1.240000	0.197318
1.241000	0.251139
1.242000	0.287032
1.243000	0.322888
1.244000	0.340816
1.245000	0.322888
1.246000	0.322888
1.247000	0.251139
1.248000	0.197318
1.249000	0.125569
1.250000	0.071749
1.251000	0.125569
1.252000	0.107641
1.253000	0.161462
1.254000	0.125569
1.255000	0.107641
1.256000	0.035893
1.257000	0.053821
1.258000	0.035893
1.259000	0.179390
1.260000	0.233211
1.261000	0.287032
1.262000	0.304960
1.263000	0.251139
1.264000	0.197318
1.265000	0.089677
1.266000	0.000000
1.267000	0.035893
1.268000	0.071749
1.269000	0.161462
1.270000	0.197318
1.271000	0.287032
1.272000	0.287032
1.273000	0.269067
1.274000	0.233211
1.275000	0.179390
1.276000	0.143497
1.277000	0.143497
1.278000	0.053821
1.279000	0.035893
1.280000	-0.035893
1.281000	-0.053821
1.282000	-0.053821
1.283000	0.000000
1.284000	0.035893
1.285000	0.071749
1.286000	0.107641
1.287000	0.179390
1.288000	0.161462
1.289000	0.197318
1.290000	0.215246
1.291000	0.269067
1.292000	0.322888
1.293000	0.287032
1.294000	0.233211
1.295000	0.215246
1.296000	0.107641
1.297000	0.107641
1.298000	0.179390
1.299000	0.251139
1.300000	0.340816
1.301000	0.394636
1.302000	0.376708
1.303000	0.340816
1.304000	0.287032
1.305000	0.233211
1.306000	0.161462
1.307000	0.089677
1.308000	0.035893
1.309000	0.017928
1.310000	-0.017928
1.311000	0.000000
1.312000	0.035893
1.313000	0.089677
1.314000	0.161462
1.315000	0.197318
1.316000	0.269067
1.317000	0.233211
1.318000	0.233211
1.319000	0.287032
1.320000	0.233211
1.321000	0.269067
1.322000	0.251139
1.323000	0.233211
1.324000	0.251139
1.325000	0.197318
1.326000	0.233211
1.327000	0.269067
1.328000	0.251139
1.329000	0.322888
1.330000	0.322888
1.331000	0.322888
1.332000	0.340816
1.333000	0.304960
1.334000	0.251139
1.335000	0.269067
1.336000	0.161462
1.337000	0.143497
1.338000	0.053821
1.339000	0.017928
1.340000	0.017928
1.341000	0.035893
1.342000	0.107641
1.343000	0.143497
1.344000	0.161462
1.345000	0.197318
1.346000	0.179390
1.347000	0.179390
1.348000	0.179390
1.349000	0.161462
1.350000	0.161462
1.351000	0.125569
1.352000	0.071749
1.353000	0.071749
1.354000	0.053821
1.355000	0.089677
1.356000	0.107641
1.357000	0.179390
1.358000	0.197318
1.359000	0.233211
1.360000	0.233211
1.361000	0.233211
1.362000	0.233211
1.363000	0.197318
1.364000	0.161462
1.365000	0.125569
1.366000	0.143497
1.367000	0.107641
1.368000	0.107641
1.369000	0.089677
1.370000	0.053821
1.371000	0.089677
1.372000	0.107641
1.373000	0.125569
1.374000	0.143497
1.375000	0.179390
1.376000	0.179390
1.377000	0.197318
1.378000	0.161462
1.379000	0.143497
1.380000	0.125569
1.381000	0.089677
1.382000	0.125569
1.383000	0.107641
1.384000	0.107641
1.385000	0.125569
1.386000	0.143497
1.387000	0.179390
1.388000	0.215246
1.389000	0.233211
1.390000	0.287032
1.391000	0.287032
1.392000	0.287032
1.393000	0.215246
1.394000	0.179390
1.395000	0.125569
1.396000	0.125569
1.397000	0.089677
1.398000	0.107641
1.399000	0.161462
1.400000	0.143497
1.401000	0.089677
1.402000	0.089677
1.403000	0.125569
1.404000	0.197318
1.405000	0.251139
1.406000	0.251139
1.407000	0.251139
1.408000	0.161462
1.409000	0.143497
1.410000	0.089677
1.411000	0.107641
1.412000	0.125569
1.413000	0.161462
1.414000	0.197318
1.415000	0.233211
1.416000	0.215246
1.417000	0.251139
1.418000	0.197318
1.419000	0.215246
1.420000	0.251139
1.421000	0.304960
1.422000	0.287032
1.423000	0.197318
1.424000	0.071749
1.425000	0.071749
1.426000	0.035893
1.427000	0.143497
1.428000	0.161462
1.429000	0.215246
1.430000	0.179390
1.431000	0.161462
1.432000	0.143497
1.433000	0.197318
1.434000	0.179390
1.435000	0.251139
1.436000	0.287032
1.437000	0.251139
1.438000	0.161462
1.439000	0.125569
1.440000	0.071749
1.441000	0.071749
1.442000	0.107641
1.443000	0.143497
1.444000	0.233211
1.445000	0.215246
1.446000	0.197318
1.447000	0.179390
1.448000	0.161462
1.449000	0.161462
1.450000	0.143497
1.451000	0.125569
1.452000	0.125569
1.453000	0.089677
1.454000	0.107641
1.455000	0.089677
1.456000	0.089677
1.457000	0.107641
1.458000	0.125569
1.459000	0.179390
1.460000	0.197318
1.461000	0.197318
1.462000	0.215246
1.463000	0.251139
1.464000	0.233211
1.465000	0.215246
1.466000	0.215246
1.467000	0.197318
1.468000	0.197318
1.469000	0.197318
1.470000	0.179390
1.471000	0.179390
1.472000	0.197318
1.473000	0.215246
1.474000	0.287032
1.475000	0.287032
1.476000	0.340816
1.477000	0.322888
1.478000	0.215246
1.479000	0.215246
1.480000	0.107641
1.481000	0.107641
1.482000	0.107641
1.483000	0.125569
1.484000	0.143497
1.485000	0.143497
1.486000	0.107641
1.487000	0.143497
1.488000	0.071749
1.489000	0.125569
1.490000	0.143497
1.491000	0.161462
1.492000	0.215246
1.493000	0.179390
1.494000	0.179390
1.495000	0.161462
1.496000	0.179390
1.497000	0.233211
1.498000	0.215246
1.499000	0.287032
1.500000	0.233211
1.501000	0.215246
1.502000	0.215246
1.503000	0.233211
1.504000	0.269067
1.505000	0.322888
1.506000	0.287032
1.507000	0.287032
1.508000	0.251139
1.509000	0.161462
1.510000	0.143497
1.511000	0.089677
1.512000	0.107641
1.513000	0.089677
1.514000	0.053821
1.515000	0.071749
1.516000	0.053821
1.517000	0.053821
1.518000	0.107641
1.519000	0.125569
1.520000	0.161462
1.521000	0.179390
1.522000	0.161462
1.523000	0.161462
1.524000	0.107641
1.525000	0.161462
1.526000	0.125569
1.527000	0.125569
1.528000	0.161462
1.529000	0.143497
1.530000	0.161462
1.531000	0.197318
1.532000	0.161462
1.533000	0.197318
1.534000	0.197318
1.535000	0.161462
1.536000	0.215246
1.537000	0.143497
1.538000	0.161462
1.539000	0.143497
1.540000	0.107641
1.541000	0.089677
1.542000	0.053821
1.543000	0.089677
1.544000	0.089677
1.545000	0.125569
1.546000	0.143497
1.547000	0.179390
1.548000	0.197318
1.549000	0.197318
1.550000	0.215246
1.551000	0.215246
1.552000	0.179390
1.553000	0.179390
1.554000	0.143497
1.555000	0.107641
1.556000	0.143497
1.557000	0.143497
1.558000	0.161462
1.559000	0.179390
1.560000	0.161462
1.561000	0.197318
1.562000	0.215246
1.563000	0.215246
1.564000	0.233211
1.565000	0.233211
1.566000	0.215246
1.567000	0.179390
1.568000	0.161462
1.569000	0.125569
1.570000	0.161462
1.571000	0.143497
1.572000	0.179390
1.573000	0.179390
1.574000	0.197318
1.575000	0.215246
1.576000	0.215246
1.577000	0.233211
1.578000	0.233211
1.579000	0.233211
1.580000	0.215246
1.581000	0.179390
1.582000	0.143497
1.583000	0.161462
1.584000	0.143497
1.585000	0.161462
1.586000	0.197318
1.587000	0.179390
1.588000	0.179390
1.589000	0.179390
1.590000	0.161462
1.591000	0.179390
1.592000	0.179390
1.593000	0.197318
1.594000	0.179390
1.595000	0.143497
1.596000	0.143497
1.597000	0.143497
1.598000	0.107641
1.599000	0.089677
1.600000	0.143497
1.601000	0.161462
1.602000	0.179390
1.603000	0.179390
1.604000	0.197318
1.605000	0.215246
1.606000	0.197318
1.607000	0.197318
1.608000	0.197318
1.609000	0.179390
1.610000	0.161462
1.611000	0.179390
1.612000	0.161462
1.613000	0.179390
1.614000	0.179390
1.615000	0.179390
1.616000	0.179390
1.617000	0.161462
1.618000	0.143497
1.619000	0.161462
1.620000	0.161462
1.621000	0.143497
1.622000	0.143497
1.623000	0.143497
1.624000	0.143497
1.625000	0.143497
1.626000	0.143497
1.627000	0.143497
1.628000	0.161462
1.629000	0.179390
1.630000	0.197318
1.631000	0.179390
1.632000	0.197318
1.633000	0.233211
1.634000	0.233211
1.635000	0.233211
1.636000	0.215246
1.637000	0.215246
1.638000	0.233211
1.639000	0.233211
1.640000	0.233211
1.641000	0.233211
1.642000	0.197318
1.643000	0.197318
1.644000	0.179390
1.645000	0.197318
1.646000	0.197318
1.647000	0.197318
1.648000	0.215246
1.649000	0.179390
1.650000	0.143497
1.651000	0.107641
1.652000	0.125569
1.653000	0.143497
1.654000	0.143497
1.655000	0.161462
1.656000	0.161462
1.657000	0.143497
1.658000	0.125569
1.659000	0.125569
1.660000	0.143497
1.661000	0.143497
1.662000	0.161462
1.663000	0.161462
1.664000	0.161462
1.665000	0.179390
1.666000	0.197318
1.667000	0.197318
1.668000	0.179390
1.669000	0.179390
1.670000	0.179390
1.671000	0.161462
1.672000	0.161462
1.673000	0.161462
1.674000	0.161462
1.675000	0.179390
1.676000	0.179390
1.677000	0.197318
1.678000	0.197318
1.679000	0.161462
1.680000	0.143497
1.681000	0.143497
1.682000	0.143497
1.683000	0.107641
1.684000	0.143497
1.685000	0.143497
1.686000	0.143497
1.687000	0.143497
1.688000	0.143497
1.689000	0.143497
1.690000	0.125569
1.691000	0.107641
1.692000	0.143497
1.693000	0.143497
1.694000	0.143497
1.695000	0.161462
1.696000	0.161462
1.697000	0.143497
1.698000	0.161462
1.699000	0.143497
1.700000	0.125569
1.701000	0.143497
1.702000	0.143497
1.703000	0.143497
1.704000	0.143497
1.705000	0.161462
1.706000	0.161462
1.707000	0.161462
1.708000	0.179390
1.709000	0.197318
1.710000	0.179390
1.711000	0.197318
1.712000	0.179390
1.713000	0.161462
1.714000	0.107641
1.715000	0.125569
1.716000	0.161462
1.717000	0.179390
1.718000	0.215246
1.719000	0.143497
1.720000	0.161462
1.721000	0.143497
1.722000	0.179390
1.723000	0.233211
1.724000	0.287032
1.725000	0.179390
1.726000	0.143497
1.727000	0.071749
1.728000	0.143497
1.729000	0.179390
1.730000	0.269067
1.731000	0.269067
1.732000	0.215246
1.733000	0.161462
1.734000	0.161462
1.735000	0.143497
1.736000	0.179390
1.737000	0.251139
1.738000	0.269067
1.739000	0.251139
1.740000	0.215246
1.741000	0.179390
1.742000	0.107641
1.743000	0.161462
1.744000	0.179390
1.745000	0.233211
1.746000	0.215246
1.747000	0.179390
1.748000	0.143497
1.749000	0.143497
1.750000	0.179390
1.751000	0.287032
1.752000	0.287032
1.753000	0.251139
1.754000	0.197318
1.755000	0.179390
1.756000	0.161462
1.757000	0.179390
1.758000	0.197318
1.759000	0.197318
1.760000	0.215246
1.761000	0.197318
1.762000	0.179390
1.763000	0.161462
1.764000	0.179390
1.765000	0.179390
1.766000	0.179390
1.767000	0.143497
1.768000	0.125569
1.769000	0.125569
1.770000	0.125569
1.771000	0.143497
1.772000	0.179390
1.773000	0.161462
1.774000	0.143497
1.775000	0.089677
1.776000	0.089677
1.777000	0.143497
1.778000	0.197318
1.779000	0.233211
1.780000	0.269067
1.781000	0.233211
1.782000	0.179390
1.783000	0.161462
1.784000	0.161462
1.785000	0.197318
1.786000	0.251139
1.787000	0.251139
1.788000	0.251139
1.789000	0.179390
1.790000	0.161462
1.791000	0.143497
1.792000	0.179390
1.793000	0.197318
1.794000	0.215246
1.795000	0.215246
1.796000	0.179390
1.797000	0.089677
1.798000	0.089677
1.799000	0.089677
1.800000	0.143497
1.801000	0.179390
1.802000	0.179390
1.803000	0.161462
1.804000	0.125569
1.805000	0.089677
1.806000	0.125569
1.807000	0.179390
1.808000	0.215246
1.809000	0.233211
1.810000	0.269067
1.811000	0.215246
1.812000	0.179390
1.813000	0.143497
1.814000	0.179390
1.815000	0.215246
1.816000	0.233211
1.817000	0.233211
1.818000	0.179390
1.819000	0.161462
1.820000	0.179390
1.821000	0.197318
1.822000	0.215246
1.823000	0.197318
1.824000	0.179390
1.825000	0.107641
1.826000	0.089677
1.827000	0.161462
1.828000	0.143497
1.829000	0.143497
1.830000	0.071749
1.831000	0.053821
1.832000	0.089677
1.833000	0.125569
1.834000	0.161462
1.835000	0.179390
1.836000	0.143497
1.837000	0.125569
1.838000	0.107641
1.839000	0.107641
1.840000	0.125569
1.841000	0.197318
1.842000	0.251139
1.843000	0.251139
1.844000	0.233211
1.845000	0.179390
1.846000	0.107641
1.847000	0.125569
1.848000	0.179390
1.849000	0.269067
1.850000	0.304960
1.851000	0.269067
1.852000	0.179390
1.853000	0.107641
1.854000	0.089677
1.855000	0.125569
1.856000	0.143497
1.857000	0.197318
1.858000	0.179390
1.859000	0.143497
1.860000	0.107641
1.861000	0.071749
1.862000	0.089677
1.863000	0.107641
1.864000	0.161462
1.865000	0.197318
1.866000	0.179390
1.867000	0.161462
1.868000	0.107641
1.869000	0.107641
1.870000	0.107641
1.871000	0.197318
1.872000	0.251139
1.873000	0.233211
1.874000	0.233211
1.875000	0.179390
1.876000	0.179390
1.877000	0.179390
1.878000	0.215246
1.879000	0.233211
1.880000	0.233211
1.881000	0.215246
1.882000	0.197318
1.883000	0.179390
1.884000	0.161462
1.885000	0.179390
1.886000	0.197318
1.887000	0.197318
1.888000	0.179390
1.889000	0.179390
1.890000	0.179390
1.891000	0.179390
1.892000	0.179390
1.893000	0.197318
1.894000	0.197318
1.895000	0.197318
1.896000	0.215246
1.897000	0.197318
1.898000	0.179390
1.899000	0.179390
1.900000	0.179390
1.901000	0.179390
1.902000	0.179390
1.903000	0.161462
1.904000	0.215246
1.905000	0.215246
1.906000	0.215246
1.907000	0.215246
1.908000	0.179390
1.909000	0.161462
1.910000	0.143497
1.911000	0.161462
1.912000	0.197318
1.913000	0.197318
1.914000	0.215246
1.915000	0.197318
1.916000	0.179390
1.917000	0.179390
1.918000	0.179390
1.919000	0.197318
1.920000	0.197318
1.921000	0.215246
1.922000	0.179390
1.923000	0.197318
1.924000	0.161462
1.925000	0.161462
1.926000	0.197318
1.927000	0.197318
1.928000	0.179390
1.929000	0.179390
1.930000	0.161462
1.931000	0.143497
1.932000	0.161462
1.933000	0.161462
1.934000	0.179390
1.935000	0.179390
1.936000	0.161462
1.937000	0.161462
1.938000	0.125569
1.939000	0.125569
1.940000	0.161462
1.941000	0.143497
1.942000	0.161462
1.943000	0.161462
1.944000	0.161462
1.945000	0.143497
1.946000	0.161462
1.947000	0.161462
1.948000	0.179390
1.949000	0.197318
1.950000	0.197318
1.951000	0.161462
1.952000	0.161462
1.953000	0.143497
1.954000	0.161462
1.955000	0.179390
1.956000	0.179390
1.957000	0.179390
1.958000	0.161462
1.959000	0.179390
1.960000	0.161462
1.961000	0.143497
1.962000	0.161462
1.963000	0.143497
1.964000	0.125569
1.965000	0.143497
1.966000	0.161462
1.967000	0.161462
1.968000	0.125569
1.969000	0.125569
1.970000	0.143497
1.971000	0.143497
1.972000	0.161462
1.973000	0.161462
1.974000	0.125569
1.975000	0.125569
1.976000	0.143497
1.977000	0.161462
1.978000	0.161462
1.979000	0.197318
1.980000	0.197318
1.981000	0.179390
1.982000	0.197318
1.983000	0.161462
1.984000	0.161462
1.985000	0.143497
1.986000	0.161462
1.987000	0.197318
1.988000	0.215246
1.989000	0.215246
1.990000	0.197318
1.991000	0.161462
1.992000	0.161462
1.993000	0.161462
1.994000	0.197318
1.995000	0.197318
1.996000	0.179390
1.997000	0.197318
1.998000	0.197318
1.999000	0.179390
2.000000	0.161462
2.001000	0.143497
2.002000	0.143497
2.003000	0.143497
2.004000	0.179390
2.005000	0.179390
2.006000	0.161462
2.007000	0.143497
2.008000	0.125569
2.009000	0.161462
2.010000	0.179390
2.011000	0.215246
2.012000	0.215246
2.013000	0.179390
2.014000	0.125569
2.015000	0.107641
2.016000	0.125569
2.017000	0.179390
2.018000	0.179390
2.019000	0.233211
2.020000	0.233211
2.021000	0.197318
2.022000	0.161462
2.023000	0.143497
2.024000	0.143497
2.025000	0.179390
2.026000	0.215246
2.027000	0.233211
2.028000	0.215246
2.029000	0.161462
2.030000	0.143497
2.031000	0.143497
2.032000	0.179390
2.033000	0.197318
2.034000	0.197318
2.035000	0.197318
2.036000	0.179390
2.037000	0.125569
2.038000	0.161462
2.039000	0.161462
2.040000	0.197318
2.041000	0.197318
2.042000	0.197318
2.043000	0.179390
2.044000	0.161462
2.045000	0.143497
2.046000	0.161462
2.047000	0.179390
2.048000	0.215246
2.049000	0.215246
2.050000	0.215246
2.051000	0.215246
2.052000	0.197318
2.053000	0.215246
2.054000	0.197318
2.055000	0.179390
2.056000	0.197318
2.057000	0.197318
2.058000	0.197318
2.059000	0.197318
2.060000	0.179390
2.061000	0.197318
2.062000	0.179390
2.063000	0.179390
2.064000	0.197318
2.065000	0.179390
2.066000	0.179390
2.067000	0.179390
2.068000	0.161462
2.069000	0.161462
2.070000	0.161462
2.071000	0.161462
2.072000	0.179390
2.073000	0.179390
2.074000	0.161462
2.075000	0.143497
2.076000	0.143497
2.077000	0.143497
2.078000	0.179390
2.079000	0.197318
2.080000	0.197318
2.081000	0.179390
2.082000	0.161462
2.083000	0.107641
2.084000	0.107641
2.085000	0.143497
2.086000	0.179390
2.087000	0.179390
2.088000	0.179390
2.089000	0.179390
2.090000	0.143497
2.091000	0.107641
2.092000	0.143497
2.093000	0.197318
2.094000	0.215246
2.095000	0.215246
2.096000	0.179390
2.097000	0.125569
2.098000	0.107641
2.099000	0.143497
2.100000	0.197318
2.101000	0.233211
2.102000	0.215246
2.103000	0.179390
2.104000	0.161462
2.105000	0.107641
2.106000	0.107641
2.107000	0.179390
2.108000	0.215246
2.109000	0.233211
2.110000	0.215246
2.111000	0.197318
2.112000	0.125569
2.113000	0.089677
2.114000	0.107641
2.115000	0.161462
2.116000	0.215246
2.117000	0.233211
2.118000	0.197318
2.119000	0.161462
2.120000	0.107641
2.121000	0.089677
2.122000	0.125569
2.123000	0.179390
2.124000	0.215246
2.125000	0.215246
2.126000	0.197318
2.127000	0.179390
2.128000	0.143497
2.129000	0.143497
2.130000	0.179390
2.131000	0.197318
2.132000	0.197318
2.133000	0.215246
2.134000	0.179390
2.135000	0.143497
2.136000	0.125569
2.137000	0.143497
2.138000	0.179390
2.139000	0.215246
2.140000	0.215246
2.141000	0.197318
2.142000	0.143497
2.143000	0.089677
2.144000	0.089677
2.145000	0.125569
2.146000	0.179390
2.147000	0.197318
2.148000	0.197318
2.149000	0.179390
2.150000	0.161462
2.151000	0.143497
2.152000	0.143497
2.153000	0.179390
2.154000	0.197318
2.155000	0.215246
2.156000	0.215246
2.157000	0.215246
2.158000	0.161462
2.159000	0.179390
2.160000	0.179390
2.161000	0.197318
2.162000	0.233211
2.163000	0.233211
2.164000	0.197318
2.165000	0.179390
2.166000	0.161462
2.167000	0.161462
2.168000	0.179390
2.169000	0.179390
2.170000	0.197318
2.171000	0.179390
2.172000	0.161462
2.173000	0.143497
2.174000	0.161462
2.175000	0.161462
2.176000	0.179390
2.177000	0.179390
2.178000	0.179390
2.179000	0.143497
2.180000	0.161462
2.181000	0.179390
2.182000	0.179390
2.183000	0.179390
2.184000	0.179390
2.185000	0.143497
2.186000	0.143497
2.187000	0.143497
2.188000	0.161462
2.189000	0.215246
2.190000	0.215246
2.191000	0.197318
2.192000	0.161462
2.193000	0.161462
2.194000	0.161462
2.195000	0.179390
2.196000	0.197318
2.197000	0.215246
2.198000	0.233211
2.199000	0.197318
