-0.300000	-0.463123
-0.299000	-0.374180
-0.298000	-0.463123
-0.297000	-0.463123
-0.296000	-0.374180
-0.295000	-0.374180
-0.294000	-0.374180
-0.293000	-0.374180
-0.292000	-0.463123
-0.291000	-0.463123
-0.290000	-0.374180
-0.289000	-0.463123
-0.288000	-0.463123
-0.287000	-0.374180
-0.286000	-0.374180
-0.285000	-0.552248
-0.284000	-0.374180
-0.283000	-0.463123
-0.282000	-0.552248
-0.281000	-0.463123
-0.280000	-0.463123
-0.279000	-0.374180
-0.278000	-0.463123
-0.277000	-0.463123
-0.276000	-0.552248
-0.275000	-0.463123
-0.274000	-0.374180
-0.273000	-0.463123
-0.272000	-0.463123
-0.271000	-0.552248
-0.270000	-0.463123
-0.269000	-0.463123
-0.268000	-0.374180
-0.267000	-0.463123
-0.266000	-0.374180
-0.265000	-0.374180
-0.264000	-0.552248
-0.263000	-0.552248
-0.262000	-0.374180
-0.261000	-0.374180
-0.260000	-0.463123
-0.259000	-0.463123
-0.258000	-0.374180
-0.257000	-0.463123
-0.256000	-0.552248
-0.255000	-0.463123
-0.254000	-0.374180
-0.253000	-0.463123
-0.252000	-0.374180
-0.251000	-0.374180
-0.250000	-0.463123
-0.249000	-0.374180
-0.248000	-0.463123
-0.247000	-0.463123
-0.246000	-0.463123
-0.245000	-0.552248
-0.244000	-0.374180
-0.243000	-0.374180
-0.242000	-0.374180
-0.241000	-0.552248
-0.240000	-0.641191
-0.239000	-0.463123
-0.238000	-0.374180
-0.237000	-0.552248
-0.236000	-0.374180
-0.235000	-0.552248
-0.234000	-0.463123
-0.233000	-0.374180
-0.232000	-0.374180
-0.231000	-0.374180
-0.230000	-0.374180
-0.229000	-0.552248
-0.228000	-0.463123
-0.227000	-0.463123
-0.226000	-0.552248
-0.225000	-0.463123
-0.224000	-0.463123
-0.223000	-0.463123
-0.222000	-0.374180
-0.221000	-0.374180
-0.220000	-0.285237
-0.219000	-0.463123
-0.218000	-0.285237
-0.217000	-0.552248
-0.216000	-0.374180
-0.215000	-0.374180
-0.214000	-0.374180
-0.213000	-0.463123
-0.212000	-0.374180
-0.211000	-0.463123
-0.210000	-0.374180
-0.209000	-0.285237
-0.208000	-0.463123
-0.207000	-0.552248
-0.206000	-0.463123
-0.205000	-0.552248
-0.204000	-0.463123
-0.203000	-0.374180
-0.202000	-0.374180
-0.201000	-0.463123
-0.200000	-0.552248
-0.199000	-0.552248
-0.198000	-0.374180
-0.197000	-0.463123
-0.196000	-0.463123
-0.195000	-0.552248
-0.194000	-0.463123
-0.193000	-0.374180
-0.192000	-0.463123
-0.191000	-0.374180
-0.190000	-0.552248
-0.189000	-0.374180
-0.188000	-0.463123
-0.187000	-0.374180
-0.186000	-0.374180
-0.185000	-0.463123
-0.184000	-0.463123
-0.183000	-0.463123
-0.182000	-0.552248
-0.181000	-0.552248
-0.180000	-0.463123
-0.179000	-0.463123
-0.178000	-0.463123
-0.177000	-0.552248
-0.176000	-0.374180
-0.175000	-0.463123
-0.174000	-0.463123
-0.173000	-0.374180
-0.172000	-0.463123
-0.171000	-0.463123
-0.170000	-0.374180
-0.169000	-0.552248
-0.168000	-0.463123
-0.167000	-0.552248
-0.166000	-0.374180
-0.165000	-0.374180
-0.164000	-0.463123
-0.163000	-0.552248
-0.162000	-0.374180
-0.161000	-0.552248
-0.160000	-0.463123
-0.159000	-0.463123
-0.158000	-0.463123
-0.157000	-0.463123
-0.156000	-0.641191
-0.155000	-0.463123
-0.154000	-0.463123
-0.153000	-0.463123
-0.152000	-0.374180
-0.151000	-0.463123
-0.150000	-0.552248
-0.149000	-0.374180
-0.148000	-0.374180
-0.147000	-0.374180
-0.146000	-0.463123
-0.145000	-0.463123
-0.144000	-0.463123
-0.143000	-0.374180
-0.142000	-0.463123
-0.141000	-0.285237
-0.140000	-0.463123
-0.139000	-0.463123
-0.138000	-0.463123
-0.137000	-0.374180
-0.136000	-0.374180
-0.135000	-0.463123
-0.134000	-0.374180
-0.133000	-0.374180
-0.132000	-0.374180
-0.131000	-0.374180
-0.130000	-0.374180
-0.129000	-0.552248
-0.128000	-0.374180
-0.127000	-0.374180
-0.126000	-0.374180
-0.125000	-0.374180
-0.124000	-0.463123
-0.123000	-0.463123
-0.122000	-0.463123
-0.121000	-0.374180
-0.120000	-0.463123
-0.119000	-0.463123
-0.118000	-0.463123
-0.117000	-0.463123
-0.116000	-0.463123
-0.115000	-0.463123
-0.114000	-0.463123
-0.113000	-0.552248
-0.112000	-0.552248
-0.111000	-0.463123
-0.110000	-0.463123
-0.109000	-0.463123
-0.108000	-0.374180
-0.107000	-0.374180
-0.106000	-0.463123
-0.105000	-0.552248
-0.104000	-0.552248
-0.103000	-0.374180
-0.102000	-0.463123
-0.101000	-0.463123
-0.100000	-0.374180
-0.099000	-0.552248
-0.098000	-0.374180
-0.097000	-0.463123
-0.096000	-0.374180
-0.095000	-0.552248
-0.094000	-0.463123
-0.093000	-0.463123
-0.092000	-0.463123
-0.091000	-0.374180
-0.090000	-0.552248
-0.089000	-0.463123
-0.088000	-0.463123
-0.087000	-0.463123
-0.086000	-0.463123
-0.085000	-0.463123
-0.084000	-0.463123
-0.083000	-0.463123
-0.082000	-0.552248
-0.081000	-0.552248
-0.080000	-0.463123
-0.079000	-0.463123
-0.078000	-0.552248
-0.077000	-0.374180
-0.076000	-0.463123
-0.075000	-0.374180
-0.074000	-0.552248
-0.073000	-0.374180
-0.072000	-0.463123
-0.071000	-0.374180
-0.070000	-0.463123
-0.069000	-0.463123
-0.068000	-0.552248
-0.067000	-0.463123
-0.066000	-0.374180
-0.065000	-0.463123
-0.064000	-0.374180
-0.063000	-0.374180
-0.062000	-0.463123
-0.061000	-0.463123
-0.060000	-0.374180
-0.059000	-0.374180
-0.058000	-0.552248
-0.057000	-0.463123
-0.056000	-0.463123
-0.055000	-0.374180
-0.054000	-0.463123
-0.053000	-0.374180
-0.052000	-0.374180
-0.051000	-0.374180
-0.050000	-0.374180
-0.049000	-0.374180
-0.048000	-0.374180
-0.047000	-0.374180
-0.046000	-0.463123
-0.045000	-0.463123
-0.044000	-0.285237
-0.043000	-0.374180
-0.042000	-0.374180
-0.041000	-0.374180
-0.040000	-0.463123
-0.039000	-0.374180
-0.038000	-0.374180
-0.037000	-0.285237
-0.036000	-0.285237
-0.035000	-0.374180
-0.034000	-0.196294
-0.033000	-0.196294
-0.032000	-0.018226
-0.031000	-0.018226
-0.030000	0.159842
-0.029000	0.070717
-0.028000	0.159842
-0.027000	0.159842
-0.026000	0.337728
-0.025000	0.159842
-0.024000	0.248785
-0.023000	-0.018226
-0.022000	-0.018226
-0.021000	0.070717
-0.020000	0.070717
-0.019000	0.159842
-0.018000	-0.018226
-0.017000	0.070717
-0.016000	0.337728
-0.015000	0.426671
-0.014000	0.070717
-0.013000	0.248785
-0.012000	0.426671
-0.011000	-0.107169
-0.010000	-0.107169
-0.009000	0.248785
-0.008000	0.070717
-0.007000	-0.196294
-0.006000	-0.107169
-0.005000	-0.196294
-0.004000	0.159842
-0.003000	0.159842
-0.002000	-0.374180
-0.001000	-0.463123
0.000000	-0.463123
0.001000	-0.463123
0.002000	-0.730134
0.003000	-0.730134
0.004000	-0.730134
0.005000	-0.997144
0.006000	-1.086090
0.007000	-0.908202
0.008000	-0.908202
0.009000	-0.908202
0.010000	-0.552248
0.011000	-0.730134
0.012000	-0.730134
0.013000	-0.730134
0.014000	-0.997144
0.015000	-1.175210
0.016000	-1.353100
0.017000	-1.442220
0.018000	-1.620110
0.019000	-2.065010
0.020000	-2.154130
0.021000	-2.510080
0.022000	-2.065010
0.023000	-2.065010
0.024000	-2.243070
0.025000	-2.599030
0.026000	-2.599030
0.027000	-3.044110
0.028000	-3.221990
0.029000	-4.200910
0.030000	-4.200910
0.031000	-4.734930
0.032000	-5.446840
0.033000	-4.290040
0.034000	-4.467920
0.035000	-4.467920
0.036000	-4.467920
0.037000	-4.467920
0.038000	-3.400060
0.039000	-2.421140
0.040000	-2.421140
0.041000	-2.243070
0.042000	-1.709050
0.043000	-1.442220
0.044000	-0.997144
0.045000	-0.641191
0.046000	-0.552248
0.047000	-0.285237
0.048000	0.426671
0.049000	0.693682
0.050000	0.871750
0.051000	1.227700
0.052000	1.761730
0.053000	2.295560
0.054000	2.829590
0.055000	2.829590
0.056000	3.363610
0.057000	3.541490
0.058000	3.630620
0.059000	3.630620
0.060000	3.452550
0.061000	3.808500
0.062000	5.054430
0.063000	5.321450
0.064000	4.876370
0.065000	4.698480
0.066000	4.698480
0.067000	5.054430
0.068000	4.965490
0.069000	4.698480
0.070000	4.164460
0.071000	3.808500
0.072000	2.740640
0.073000	2.384690
0.074000	2.740640
0.075000	2.473630
0.076000	2.117680
0.077000	2.206620
0.078000	1.494710
0.079000	1.316650
0.080000	2.028550
0.081000	1.672600
0.082000	1.583660
0.083000	2.206620
0.084000	0.871750
0.085000	0.337728
0.086000	0.960692
0.087000	1.138760
0.088000	0.515796
0.089000	0.248785
0.090000	1.138760
0.091000	1.138760
0.092000	1.138760
0.093000	1.316650
0.094000	0.070717
0.095000	-1.175210
0.096000	1.405770
0.097000	2.651520
0.098000	1.761730
0.099000	0.248785
0.100000	-0.463123
0.101000	1.316650
0.102000	0.782807
0.103000	3.185540
0.104000	2.028550
0.105000	1.049640
0.106000	1.049640
0.107000	1.138760
0.108000	5.944410
0.109000	1.583660
0.110000	0.159842
0.111000	5.766340
0.112000	3.986570
0.113000	4.164460
0.114000	6.389310
0.115000	3.808500
0.116000	3.363610
0.117000	3.185540
0.118000	3.007650
0.119000	3.185540
0.120000	4.253580
0.121000	5.410390
0.122000	3.541490
0.123000	3.185540
0.124000	4.253580
0.125000	3.274480
0.126000	4.609540
0.127000	5.321450
0.128000	3.986570
0.129000	0.337728
0.130000	5.054430
0.131000	7.101400
0.132000	5.321450
0.133000	4.520410
0.134000	1.939610
0.135000	1.672600
0.136000	3.897450
0.137000	3.185540
0.138000	3.274480
0.139000	2.206620
0.140000	-3.044110
0.141000	3.897450
0.142000	13.419800
0.143000	-7.582750
0.144000	0.871750
0.145000	-1.086090
0.146000	15.644800
0.147000	2.473630
0.148000	-13.100300
0.149000	4.698480
0.150000	5.677400
0.151000	7.546290
0.152000	5.232500
0.153000	-11.587500
0.154000	-5.535780
0.155000	4.520410
0.156000	1.316650
0.157000	-3.133050
0.158000	-3.489000
0.159000	-4.200910
0.160000	-4.467920
0.161000	-1.264160
0.162000	6.300360
0.163000	2.384690
0.164000	30.773701
0.165000	-38.730598
0.166000	-31.967100
0.167000	17.335699
0.168000	7.724180
0.169000	-11.676500
0.170000	-11.765400
0.171000	-21.821800
0.172000	-1.798180
0.173000	16.445700
0.174000	2.206620
0.175000	-7.404680
0.176000	-4.290040
0.177000	10.127100
0.178000	16.267599
0.179000	16.356701
0.180000	3.808500
0.181000	-3.667070
0.182000	11.996000
0.183000	13.419800
0.184000	12.886000
0.185000	22.942301
0.186000	16.178699
0.187000	-10.252500
0.188000	-5.268950
0.189000	8.169260
0.190000	9.237120
0.191000	7.101400
0.192000	8.525210
0.193000	6.300360
0.194000	14.220800
0.195000	8.436270
0.196000	7.279280
0.197000	14.042800
0.198000	6.745260
0.199000	-0.819259
0.200000	-6.247870
0.201000	-11.053500
0.202000	-5.713850
0.203000	1.138760
0.204000	0.426671
0.205000	-1.086090
0.206000	-6.247870
0.207000	-4.378980
0.208000	-1.798180
0.209000	-5.001940
0.210000	-13.011400
0.211000	-14.791300
0.212000	-15.058300
0.213000	-6.425760
0.214000	-0.374180
0.215000	-4.467920
0.216000	-8.116770
0.217000	-6.336820
0.218000	-1.175210
0.219000	4.164460
0.220000	1.227700
0.221000	-3.577950
0.222000	-5.090890
0.223000	-2.332020
0.224000	2.562580
0.225000	4.787420
0.226000	2.295560
0.227000	-2.866040
0.228000	-6.069800
0.229000	-6.069800
0.230000	-5.535780
0.231000	-5.535780
0.232000	-5.090890
0.233000	-3.221990
0.234000	-3.221990
0.235000	-4.111970
0.236000	-2.777100
0.237000	-1.709050
0.238000	0.070717
0.239000	-1.353100
0.240000	-4.111970
0.241000	-3.667070
0.242000	-2.687970
0.243000	-1.709050
0.244000	-1.086090
0.245000	-0.730134
0.246000	-0.107169
0.247000	1.227700
0.248000	0.960692
0.249000	-0.374180
0.250000	-0.463123
0.251000	0.159842
0.252000	2.473630
0.253000	3.541490
0.254000	2.651520
0.255000	0.426671
0.256000	-1.620110
0.257000	-2.154130
0.258000	-1.798180
0.259000	-0.374180
0.260000	0.159842
0.261000	-1.086090
0.262000	-1.442220
0.263000	0.070717
0.264000	1.494710
0.265000	1.494710
0.266000	-0.196294
0.267000	-3.310940
0.268000	-4.912820
0.269000	-5.535780
0.270000	-6.781710
0.271000	-7.048720
0.272000	-7.404680
0.273000	-9.807590
0.274000	-10.163500
0.275000	-10.252500
0.276000	-11.587500
0.277000	-11.053500
0.278000	-10.341600
0.279000	-8.917620
0.280000	-7.315730
0.281000	-6.959780
0.282000	-7.048720
0.283000	-6.514880
0.284000	-5.535780
0.285000	-5.535780
0.286000	-4.467920
0.287000	-4.645990
0.288000	-5.535780
0.289000	-3.933900
0.290000	-2.421140
0.291000	-0.641191
0.292000	2.562580
0.293000	2.918530
0.294000	0.604739
0.295000	-0.374180
0.296000	-1.976060
0.297000	-1.887120
0.298000	-1.353100
0.299000	-2.599030
0.300000	-3.489000
0.301000	-3.044110
0.302000	-3.756010
0.303000	-3.310940
0.304000	-1.709050
0.305000	-1.175210
0.306000	-1.264160
0.307000	-1.798180
0.308000	-1.798180
0.309000	-0.285237
0.310000	0.871750
0.311000	1.850670
0.312000	1.049640
0.313000	-1.175210
0.314000	-1.976060
0.315000	-2.866040
0.316000	-2.510080
0.317000	-2.777100
0.318000	-4.823880
0.319000	-3.133050
0.320000	-2.777100
0.321000	-2.866040
0.322000	-2.065010
0.323000	-2.332020
0.324000	-3.133050
0.325000	-3.044110
0.326000	-4.200910
0.327000	-7.404680
0.328000	-4.378980
0.329000	-4.290040
0.330000	-7.671690
0.331000	-6.247870
0.332000	-5.357900
0.333000	-6.425760
0.334000	-3.667070
0.335000	-5.001940
0.336000	-5.891920
0.337000	-5.535780
0.338000	-1.620110
0.339000	-2.332020
0.340000	-4.912820
0.341000	-5.891920
0.342000	-6.781710
0.343000	-8.561660
0.344000	-0.552248
0.345000	-5.980860
0.346000	-4.912820
0.347000	-6.781710
0.348000	-5.891920
0.349000	-0.997144
0.350000	-2.332020
0.351000	-1.620110
0.352000	-1.086090
0.353000	-0.908202
0.354000	0.693682
0.355000	-0.018226
0.356000	-0.819259
0.357000	0.515796
0.358000	2.206620
0.359000	2.562580
0.360000	0.871750
0.361000	-0.463123
0.362000	1.138760
0.363000	3.007650
0.364000	3.007650
0.365000	1.049640
0.366000	-0.018226
0.367000	0.515796
0.368000	1.227700
0.369000	1.939610
0.370000	1.494710
0.371000	-1.531170
0.372000	-2.332020
0.373000	-2.332020
0.374000	-1.086090
0.375000	-0.018226
0.376000	-5.535780
0.377000	-3.756010
0.378000	-4.111970
0.379000	-1.976060
0.380000	-3.933900
0.381000	-5.535780
0.382000	-2.154130
0.383000	-2.866040
0.384000	-2.154130
0.385000	-4.111970
0.386000	-5.001940
0.387000	-4.556860
0.388000	-3.933900
0.389000	-4.111970
0.390000	-7.404680
0.391000	-6.781710
0.392000	-5.357900
0.393000	14.843800
0.394000	-12.032400
0.395000	-6.425760
0.396000	5.410390
0.397000	-8.205710
0.398000	-0.285237
0.399000	2.473630
0.400000	0.159842
0.401000	-3.756010
0.402000	-8.561660
0.403000	-3.044110
0.404000	-0.819259
0.405000	-1.798180
0.406000	-0.641191
0.407000	0.337728
0.408000	1.494710
0.409000	-0.374180
0.410000	0.515796
0.411000	1.672600
0.412000	4.342530
0.413000	3.541490
0.414000	2.206620
0.415000	-1.620110
0.416000	1.405770
0.417000	2.473630
0.418000	0.604739
0.419000	0.070717
0.420000	-0.730134
0.421000	1.672600
0.422000	1.939610
0.423000	-0.997144
0.424000	9.415190
0.425000	-2.065010
0.426000	-7.404680
0.427000	0.248785
0.428000	-0.641191
0.429000	2.206620
0.430000	0.426671
0.431000	-1.264160
0.432000	-3.133050
0.433000	-5.624910
0.434000	-0.374180
0.435000	-1.620110
0.436000	1.494710
0.437000	0.070717
0.438000	-6.959780
0.439000	-5.891920
0.440000	-4.200910
0.441000	-6.069800
0.442000	2.562580
0.443000	0.604739
0.444000	0.693682
0.445000	3.719560
0.446000	-25.114500
0.447000	-22.978800
0.448000	-2.777100
0.449000	0.248785
0.450000	-2.332020
0.451000	-2.599030
0.452000	-2.866040
0.453000	-1.531170
0.454000	-8.027640
0.455000	-7.137850
0.456000	-7.582750
0.457000	0.960692
0.458000	6.211420
0.459000	1.405770
0.460000	-2.421140
0.461000	-5.535780
0.462000	-4.378980
0.463000	-3.133050
0.464000	3.808500
0.465000	3.897450
0.466000	-0.641191
0.467000	-1.798180
0.468000	-0.374180
0.469000	2.651520
0.470000	1.227700
0.471000	16.267599
0.472000	10.038200
0.473000	13.419800
0.474000	14.398900
0.475000	4.609540
0.476000	12.886000
0.477000	22.586201
0.478000	22.230301
0.479000	20.895399
0.480000	20.094500
0.481000	10.661100
0.482000	15.110800
0.483000	22.942301
0.484000	24.544201
0.485000	20.183500
0.486000	20.628401
0.487000	16.000799
0.488000	20.094500
0.489000	23.476200
0.490000	16.445700
0.491000	14.665700
0.492000	20.717501
0.493000	17.958599
0.494000	17.780600
0.495000	17.157600
0.496000	11.106000
0.497000	9.593070
0.498000	14.665700
0.499000	8.258200
0.500000	6.745260
0.501000	7.012270
0.502000	5.054430
0.503000	5.677400
0.504000	0.871750
0.505000	-4.467920
0.506000	-4.467920
0.507000	2.651520
0.508000	2.473630
0.509000	-3.400060
0.510000	-1.086090
0.511000	2.295560
0.512000	0.871750
0.513000	3.897450
0.514000	4.609540
0.515000	4.075520
0.516000	9.415190
0.517000	18.492599
0.518000	17.335699
0.519000	8.436270
0.520000	4.253580
0.521000	8.881170
0.522000	10.216000
0.523000	10.839000
0.524000	8.970110
0.525000	7.457350
0.526000	11.017100
0.527000	15.110800
0.528000	14.665700
0.529000	11.729000
0.530000	15.555700
0.531000	20.361401
0.532000	12.530000
0.533000	10.127100
0.534000	16.445700
0.535000	20.806400
0.536000	23.832100
0.537000	23.565300
0.538000	19.204599
0.539000	18.403500
0.540000	23.921301
0.541000	33.532600
0.542000	33.977501
0.543000	25.345100
0.544000	22.586201
0.545000	24.900200
0.546000	26.056999
0.547000	30.951799
0.548000	30.239901
0.549000	21.963200
0.550000	18.047600
0.551000	20.450500
0.552000	20.984301
0.553000	17.691601
0.554000	16.801600
0.555000	18.581600
0.556000	20.895399
0.557000	21.696400
0.558000	19.560499
0.559000	19.204599
0.560000	21.874300
0.561000	20.005400
0.562000	12.797000
0.563000	11.195000
0.564000	13.419800
0.565000	13.153000
0.566000	12.619000
0.567000	13.686800
0.568000	10.928100
0.569000	12.797000
0.570000	17.780600
0.571000	19.471600
0.572000	14.042800
0.573000	7.991190
0.574000	7.101400
0.575000	2.384690
0.576000	7.190340
0.577000	13.241900
0.578000	12.707900
0.579000	12.174100
0.580000	11.551100
0.581000	9.682200
0.582000	10.750100
0.583000	12.351900
0.584000	10.750100
0.585000	9.059230
0.586000	9.771140
0.587000	10.928100
0.588000	14.932700
0.589000	17.246700
0.590000	15.466800
0.591000	13.686800
0.592000	15.911700
0.593000	15.110800
0.594000	14.220800
0.595000	15.199800
0.596000	17.602699
0.597000	16.712700
0.598000	14.576800
0.599000	15.466800
0.600000	17.869699
0.601000	16.445700
0.602000	15.377800
0.603000	16.623800
0.604000	15.288700
0.605000	14.843800
0.606000	14.932700
0.607000	15.110800
0.608000	13.419800
0.609000	11.551100
0.610000	10.750100
0.611000	9.148180
0.612000	10.394100
0.613000	10.305200
0.614000	8.703280
0.615000	7.368230
0.616000	8.169260
0.617000	7.991190
0.618000	6.389310
0.619000	5.143380
0.620000	5.588460
0.621000	4.253580
0.622000	2.651520
0.623000	3.986570
0.624000	4.609540
0.625000	3.185540
0.626000	1.672600
0.627000	1.494710
0.628000	2.562580
0.629000	4.965490
0.630000	3.986570
0.631000	3.452550
0.632000	2.651520
0.633000	0.960692
0.634000	1.672600
0.635000	2.473630
0.636000	1.939610
0.637000	1.138760
0.638000	2.829590
0.639000	3.630620
0.640000	3.007650
0.641000	4.787420
0.642000	6.122300
0.643000	6.834390
0.644000	7.101400
0.645000	6.834390
0.646000	7.902250
0.647000	13.330900
0.648000	16.623800
0.649000	15.288700
0.650000	12.707900
0.651000	9.059230
0.652000	9.059230
0.653000	14.932700
0.654000	13.775900
0.655000	8.881170
0.656000	8.881170
0.657000	13.241900
0.658000	14.398900
0.659000	12.974900
0.660000	10.750100
0.661000	7.012270
0.662000	8.970110
0.663000	13.864900
0.664000	12.440900
0.665000	9.415190
0.666000	8.792220
0.667000	10.038200
0.668000	10.305200
0.669000	7.813300
0.670000	4.253580
0.671000	3.630620
0.672000	6.478430
0.673000	6.745260
0.674000	4.075520
0.675000	2.651520
0.676000	3.363610
0.677000	6.033350
0.678000	3.452550
0.679000	1.583660
0.680000	0.871750
0.681000	1.583660
0.682000	3.007650
0.683000	3.452550
0.684000	0.871750
0.685000	-2.510080
0.686000	-1.353100
0.687000	-2.954980
0.688000	-5.179830
0.689000	-1.353100
0.690000	-2.599030
0.691000	-4.467920
0.692000	-0.997144
0.693000	-3.489000
0.694000	-3.577950
0.695000	-1.442220
0.696000	2.740640
0.697000	-1.086090
0.698000	-5.090890
0.699000	0.159842
0.700000	0.426671
0.701000	-1.887120
0.702000	-3.844960
0.703000	-6.781710
0.704000	-7.671690
0.705000	-2.599030
0.706000	1.939610
0.707000	0.871750
0.708000	1.049640
0.709000	4.342530
0.710000	4.787420
0.711000	4.075520
0.712000	4.609540
0.713000	5.054430
0.714000	7.635240
0.715000	7.457350
0.716000	5.944410
0.717000	8.792220
0.718000	2.384690
0.719000	-0.463123
0.720000	2.206620
0.721000	0.604739
0.722000	-7.582750
0.723000	-9.362700
0.724000	-4.734930
0.725000	-3.133050
0.726000	-6.247870
0.727000	-9.095690
0.728000	-8.828670
0.729000	-7.582750
0.730000	-7.671690
0.731000	-12.655400
0.732000	-11.320500
0.733000	-9.629520
0.734000	-8.205710
0.735000	-13.545400
0.736000	-14.613200
0.737000	-11.053500
0.738000	-13.189400
0.739000	-15.414300
0.740000	-12.922400
0.741000	-10.608400
0.742000	-14.524300
0.743000	-15.859200
0.744000	-11.854400
0.745000	-9.540580
0.746000	-11.765400
0.747000	-13.723300
0.748000	-12.744300
0.749000	-8.294650
0.750000	-8.917620
0.751000	-12.833500
0.752000	-15.414300
0.753000	-12.121400
0.754000	-10.341600
0.755000	-14.791300
0.756000	-17.105101
0.757000	-15.592200
0.758000	-11.142500
0.759000	-10.608400
0.760000	-11.231400
0.761000	-12.210500
0.762000	-10.252500
0.763000	-7.315730
0.764000	-8.650610
0.765000	-9.540580
0.766000	-10.074600
0.767000	-6.781710
0.768000	-7.315730
0.769000	-9.095690
0.770000	-9.362700
0.771000	-9.629520
0.772000	-9.540580
0.773000	-8.116770
0.774000	-6.336820
0.775000	-8.205710
0.776000	-7.938700
0.777000	-6.158750
0.778000	-5.713850
0.779000	-6.781710
0.780000	-9.807590
0.781000	-9.184630
0.782000	-8.561660
0.783000	-9.273570
0.784000	-12.210500
0.785000	-13.812400
0.786000	-13.011400
0.787000	-11.854400
0.788000	-11.854400
0.789000	-12.566500
0.790000	-10.341600
0.791000	-9.362700
0.792000	-10.786500
0.793000	-12.566500
0.794000	-12.299500
0.795000	-13.456300
0.796000	-14.346200
0.797000	-9.718650
0.798000	-9.451640
0.799000	-11.854400
0.800000	-12.477300
0.801000	-11.765400
0.802000	-11.409500
0.803000	-11.142500
0.804000	-9.273570
0.805000	-7.760630
0.806000	-6.781710
0.807000	-3.310940
0.808000	-3.933900
0.809000	-10.697600
0.810000	-7.137850
0.811000	-6.247870
0.812000	-10.875500
0.813000	-15.147300
0.814000	-11.587500
0.815000	-10.341600
0.816000	-17.728100
0.817000	-18.529100
0.818000	-11.943500
0.819000	-11.854400
0.820000	-19.952900
0.821000	-17.995100
0.822000	-10.786500
0.823000	-13.634300
0.824000	-20.397800
0.825000	-17.995100
0.826000	-12.477300
0.827000	-15.592200
0.828000	-19.329901
0.829000	-17.728100
0.830000	-14.435400
0.831000	-15.859200
0.832000	-21.198799
0.833000	-21.821800
0.834000	-18.173000
0.835000	-17.461100
0.836000	-18.173000
0.837000	-18.795900
0.838000	-21.287800
0.839000	-16.838100
0.840000	-16.749100
0.841000	-24.402599
0.842000	-25.826599
0.843000	-19.597000
0.844000	-20.397800
0.845000	-27.428499
0.846000	-26.538500
0.847000	-19.597000
0.848000	-20.041901
0.849000	-24.046700
0.850000	-23.512600
0.851000	-18.529100
0.852000	-20.575899
0.853000	-25.559601
0.854000	-23.601801
0.855000	-18.707001
0.856000	-21.109900
0.857000	-26.983400
0.858000	-24.491600
0.859000	-18.974001
0.860000	-20.131001
0.861000	-24.847500
0.862000	-23.334700
0.863000	-18.885099
0.864000	-18.974001
0.865000	-19.952900
0.866000	-16.838100
0.867000	-13.723300
0.868000	-15.503200
0.869000	-16.749100
0.870000	-14.969200
0.871000	-14.880300
0.872000	-16.927000
0.873000	-17.105101
0.874000	-15.236200
0.875000	-14.613200
0.876000	-14.613200
0.877000	-14.524300
0.878000	-12.121400
0.879000	-10.163500
0.880000	-10.341600
0.881000	-11.587500
0.882000	-11.053500
0.883000	-9.896540
0.884000	-9.896540
0.885000	-12.210500
0.886000	-13.278400
0.887000	-12.210500
0.888000	-12.032400
0.889000	-12.299500
0.890000	-12.032400
0.891000	-11.231400
0.892000	-10.608400
0.893000	-10.875500
0.894000	-11.498400
0.895000	-10.519500
0.896000	-8.205710
0.897000	-8.205710
0.898000	-8.917620
0.899000	-8.472720
0.900000	-8.828670
0.901000	-10.252500
0.902000	-11.142500
0.903000	-10.608400
0.904000	-10.519500
0.905000	-10.341600
0.906000	-10.252500
0.907000	-7.404680
0.908000	-3.400060
0.909000	-4.467920
0.910000	-5.980860
0.911000	-4.556860
0.912000	-4.111970
0.913000	-3.756010
0.914000	-2.954980
0.915000	-1.709050
0.916000	-1.620110
0.917000	-2.510080
0.918000	-1.620110
0.919000	-0.285237
0.920000	-0.641191
0.921000	-1.442220
0.922000	1.316650
0.923000	3.452550
0.924000	6.478430
0.925000	0.960692
0.926000	-0.374180
0.927000	-1.175210
0.928000	0.337728
0.929000	-1.798180
0.930000	0.515796
0.931000	-0.018226
0.932000	-1.887120
0.933000	-0.018226
0.934000	6.122300
0.935000	0.426671
0.936000	-6.247870
0.937000	-1.976060
0.938000	-3.489000
0.939000	-3.489000
0.940000	-0.374180
0.941000	-4.823880
0.942000	-8.205710
0.943000	3.007650
0.944000	2.295560
0.945000	-4.823880
0.946000	-0.107169
0.947000	2.562580
0.948000	-4.912820
0.949000	-6.692770
0.950000	-2.332020
0.951000	-3.756010
0.952000	-3.844960
0.953000	-6.247870
0.954000	-10.875500
0.955000	-2.687970
0.956000	4.876370
0.957000	-0.107169
0.958000	-2.954980
0.959000	-0.196294
0.960000	1.583660
0.961000	0.337728
0.962000	-1.442220
0.963000	-1.620110
0.964000	-1.264160
0.965000	-1.887120
0.966000	-3.221990
0.967000	-3.221990
0.968000	0.337728
0.969000	2.651520
0.970000	10.038200
0.971000	3.808500
0.972000	-5.624910
0.973000	7.457350
0.974000	7.991190
0.975000	1.761730
0.976000	1.494710
0.977000	4.253580
0.978000	-2.154130
0.979000	-4.556860
0.980000	0.248785
0.981000	4.075520
0.982000	-0.819259
0.983000	-5.268950
0.984000	2.117680
0.985000	10.127100
0.986000	4.342530
0.987000	1.227700
0.988000	3.185540
0.989000	4.876370
0.990000	-1.620110
0.991000	-5.624910
0.992000	-3.044110
0.993000	1.583660
0.994000	-1.353100
0.995000	-9.184630
0.996000	-5.624910
0.997000	0.337728
0.998000	1.049640
0.999000	1.761730
1.000000	1.672600
1.001000	-0.819259
1.002000	-2.065010
1.003000	-2.687970
1.004000	-0.730134
1.005000	0.070717
1.006000	-0.374180
1.007000	-4.200910
1.008000	-3.577950
1.009000	0.960692
1.010000	0.515796
1.011000	-1.887120
1.012000	-3.756010
1.013000	-5.446840
1.014000	0.070717
1.015000	6.656320
1.016000	2.918530
1.017000	2.295560
1.018000	5.410390
1.019000	2.473630
1.020000	2.117680
1.021000	2.028550
1.022000	-3.756010
1.023000	-5.624910
1.024000	-2.332020
1.025000	-2.332020
1.026000	-4.111970
1.027000	-0.374180
1.028000	2.117680
1.029000	3.897450
1.030000	7.457350
1.031000	5.588460
1.032000	0.159842
1.033000	-2.510080
1.034000	-2.243070
1.035000	-2.777100
1.036000	-5.624910
1.037000	-7.671690
1.038000	-6.336820
1.039000	-5.090890
1.040000	-3.221990
1.041000	3.452550
1.042000	6.211420
1.043000	0.248785
1.044000	-4.912820
1.045000	-1.620110
1.046000	3.897450
1.047000	0.693682
1.048000	-5.179830
1.049000	-7.849760
1.050000	-8.205710
1.051000	-3.933900
1.052000	2.384690
1.053000	0.515796
1.054000	-3.756010
1.055000	-1.442220
1.056000	3.274480
1.057000	4.075520
1.058000	0.693682
1.059000	-3.044110
1.060000	-2.599030
1.061000	0.871750
1.062000	2.117680
1.063000	-0.107169
1.064000	0.426671
1.065000	2.651520
1.066000	3.096600
1.067000	1.939610
1.068000	0.070717
1.069000	-2.421140
1.070000	-1.531170
1.071000	-0.819259
1.072000	-1.709050
1.073000	-1.086090
1.074000	0.693682
1.075000	-0.374180
1.076000	2.473630
1.077000	4.520410
1.078000	1.316650
1.079000	-0.730134
1.080000	-4.111970
1.081000	-6.959780
1.082000	-5.357900
1.083000	-3.667070
1.084000	-5.802790
1.085000	-4.823880
1.086000	-0.997144
1.087000	1.405770
1.088000	4.431470
1.089000	5.054430
1.090000	0.426671
1.091000	-3.756010
1.092000	-2.687970
1.093000	-1.798180
1.094000	-3.133050
1.095000	-5.624910
1.096000	-7.938700
1.097000	-6.158750
1.098000	0.426671
1.099000	3.185540
1.100000	1.761730
1.101000	2.295560
1.102000	1.316650
1.103000	0.337728
1.104000	2.918530
1.105000	2.829590
1.106000	-2.687970
1.107000	-7.493800
1.108000	-5.713850
1.109000	-1.353100
1.110000	1.583660
1.111000	-0.374180
1.112000	0.337728
1.113000	3.897450
1.114000	4.253580
1.115000	4.253580
1.116000	3.363610
1.117000	0.337728
1.118000	-2.065010
1.119000	-3.400060
1.120000	-2.599030
1.121000	0.248785
1.122000	1.672600
1.123000	-0.908202
1.124000	0.604739
1.125000	3.541490
1.126000	1.672600
1.127000	-0.730134
1.128000	-1.175210
1.129000	-3.756010
1.130000	-6.158750
1.131000	-4.556860
1.132000	-1.175210
1.133000	0.960692
1.134000	-0.908202
1.135000	-0.463123
1.136000	1.494710
1.137000	2.473630
1.138000	0.604739
1.139000	-4.023020
1.140000	-5.980860
1.141000	-4.823880
1.142000	-2.510080
1.143000	-2.065010
1.144000	-3.133050
1.145000	-2.243070
1.146000	0.604739
1.147000	1.939610
1.148000	1.583660
1.149000	0.515796
1.150000	1.049640
1.151000	0.871750
1.152000	-1.353100
1.153000	-1.531170
1.154000	-0.196294
1.155000	-1.353100
1.156000	-3.489000
1.157000	-3.044110
1.158000	-0.196294
1.159000	1.316650
1.160000	3.274480
1.161000	5.143380
1.162000	3.274480
1.163000	0.604739
1.164000	2.473630
1.165000	3.096600
1.166000	0.782807
1.167000	-2.243070
1.168000	-3.221990
1.169000	-1.175210
1.170000	1.494710
1.171000	2.117680
1.172000	2.028550
1.173000	2.473630
1.174000	1.850670
1.175000	1.761730
1.176000	2.206620
1.177000	1.939610
1.178000	1.049640
1.179000	0.515796
1.180000	-1.442220
1.181000	-2.065010
1.182000	0.159842
1.183000	1.049640
1.184000	-0.552248
1.185000	-1.798180
1.186000	-1.531170
1.187000	-0.997144
1.188000	0.604739
1.189000	0.070717
1.190000	-2.065010
1.191000	-2.421140
1.192000	-0.730134
1.193000	0.604739
1.194000	-0.374180
1.195000	-1.709050
1.196000	-2.866040
1.197000	-3.400060
1.198000	-2.332020
1.199000	-2.243070
1.200000	-3.044110
1.201000	-2.866040
1.202000	-2.599030
1.203000	-2.243070
1.204000	-0.819259
1.205000	0.426671
1.206000	0.337728
1.207000	-0.641191
1.208000	-1.264160
1.209000	-1.620110
1.210000	-2.421140
1.211000	-2.065010
1.212000	-1.976060
1.213000	-2.866040
1.214000	-2.777100
1.215000	-1.709050
1.216000	-0.552248
1.217000	0.960692
1.218000	1.227700
1.219000	0.871750
1.220000	1.138760
1.221000	2.206620
1.222000	2.384690
1.223000	0.604739
1.224000	-1.175210
1.225000	-1.086090
1.226000	-0.196294
1.227000	-0.374180
1.228000	-0.730134
1.229000	-0.374180
1.230000	0.515796
1.231000	1.227700
1.232000	2.117680
1.233000	1.939610
1.234000	1.405770
1.235000	0.515796
1.236000	-0.107169
1.237000	-0.463123
1.238000	-0.730134
1.239000	-0.908202
1.240000	-1.086090
1.241000	-1.442220
1.242000	-2.332020
1.243000	-2.154130
1.244000	-1.175210
1.245000	-1.086090
1.246000	-1.620110
1.247000	-1.976060
1.248000	-2.332020
1.249000	-1.976060
1.250000	-1.531170
1.251000	-1.620110
1.252000	-2.599030
1.253000	-2.954980
1.254000	-2.687970
1.255000	-2.777100
1.256000	-3.756010
1.257000	-3.133050
1.258000	-2.243070
1.259000	-2.954980
1.260000	-3.400060
1.261000	-2.332020
1.262000	-0.997144
1.263000	-0.552248
1.264000	0.337728
1.265000	0.070717
1.266000	-0.463123
1.267000	-0.285237
1.268000	-0.285237
1.269000	-0.463123
1.270000	-0.819259
1.271000	-1.264160
1.272000	-1.353100
1.273000	-0.641191
1.274000	0.604739
1.275000	1.405770
1.276000	1.850670
1.277000	2.295560
1.278000	2.562580
1.279000	2.295560
1.280000	1.583660
1.281000	1.850670
1.282000	1.405770
1.283000	-0.018226
1.284000	-0.908202
1.285000	-0.552248
1.286000	0.426671
1.287000	0.426671
1.288000	0.604739
1.289000	0.515796
1.290000	1.227700
1.291000	1.049640
1.292000	0.426671
1.293000	0.248785
1.294000	-0.196294
1.295000	-1.531170
1.296000	-2.154130
1.297000	-1.531170
1.298000	-1.709050
1.299000	-2.599030
1.300000	-2.687970
1.301000	-2.154130
1.302000	-1.442220
1.303000	-1.175210
1.304000	-1.353100
1.305000	-1.442220
1.306000	-1.620110
1.307000	-1.798180
1.308000	-1.798180
1.309000	-1.353100
1.310000	-1.620110
1.311000	-1.620110
1.312000	-1.264160
1.313000	-1.442220
1.314000	-1.353100
1.315000	-0.908202
1.316000	-0.552248
1.317000	-0.196294
1.318000	-0.018226
1.319000	0.159842
1.320000	0.337728
1.321000	0.693682
1.322000	0.871750
1.323000	0.693682
1.324000	1.227700
1.325000	1.672600
1.326000	1.494710
1.327000	0.604739
1.328000	0.515796
1.329000	1.494710
1.330000	2.117680
1.331000	1.672600
1.332000	0.515796
1.333000	0.871750
1.334000	1.672600
1.335000	1.850670
1.336000	1.316650
1.337000	0.960692
1.338000	0.782807
1.339000	0.693682
1.340000	0.960692
1.341000	0.515796
1.342000	0.070717
1.343000	-0.730134
1.344000	-1.175210
1.345000	-1.086090
1.346000	-1.264160
1.347000	-1.264160
1.348000	-1.086090
1.349000	-0.730134
1.350000	-0.552248
1.351000	-0.819259
1.352000	-1.353100
1.353000	-1.264160
1.354000	-1.086090
1.355000	-1.887120
1.356000	-2.421140
1.357000	-2.154130
1.358000	-2.421140
1.359000	-2.866040
1.360000	-2.866040
1.361000	-1.798180
1.362000	-1.620110
1.363000	-1.264160
1.364000	-1.264160
1.365000	-1.175210
1.366000	-1.442220
1.367000	-1.086090
1.368000	-1.531170
1.369000	-1.353100
1.370000	-1.175210
1.371000	-1.442220
1.372000	-1.620110
1.373000	-1.264160
1.374000	-0.552248
1.375000	-0.552248
1.376000	-0.552248
1.377000	-0.463123
1.378000	0.070717
1.379000	-0.107169
1.380000	-0.285237
1.381000	-0.196294
1.382000	0.248785
1.383000	-0.018226
1.384000	-0.107169
1.385000	0.070717
1.386000	-0.196294
1.387000	-0.196294
1.388000	-0.018226
1.389000	0.159842
1.390000	-0.819259
1.391000	-0.196294
1.392000	0.337728
1.393000	-0.285237
1.394000	0.070717
1.395000	0.337728
1.396000	0.337728
1.397000	0.070717
1.398000	0.159842
1.399000	-0.641191
1.400000	-0.552248
1.401000	-0.463123
1.402000	-0.641191
1.403000	-0.997144
1.404000	-0.730134
1.405000	-0.463123
1.406000	-0.908202
1.407000	-0.552248
1.408000	-0.374180
1.409000	-0.908202
1.410000	-0.641191
1.411000	-0.730134
1.412000	-1.353100
1.413000	-1.264160
1.414000	-1.531170
1.415000	-1.442220
1.416000	-1.620110
1.417000	-1.798180
1.418000	-1.887120
1.419000	-1.887120
1.420000	-1.976060
1.421000	-1.798180
1.422000	-1.353100
1.423000	-1.264160
1.424000	-1.353100
1.425000	-1.620110
1.426000	-1.353100
1.427000	-1.353100
1.428000	-1.531170
1.429000	-1.709050
1.430000	-1.264160
1.431000	-1.620110
1.432000	-1.620110
1.433000	-0.730134
1.434000	0.070717
1.435000	-0.285237
1.436000	-0.463123
1.437000	0.070717
1.438000	-0.107169
1.439000	-0.196294
1.440000	0.604739
1.441000	0.871750
1.442000	-0.196294
1.443000	-0.285237
1.444000	0.070717
1.445000	0.782807
1.446000	0.693682
1.447000	0.782807
1.448000	0.515796
1.449000	0.248785
1.450000	-0.196294
1.451000	0.159842
1.452000	0.693682
1.453000	0.604739
1.454000	0.248785
1.455000	0.248785
1.456000	0.604739
1.457000	0.604739
1.458000	0.070717
1.459000	-0.285237
1.460000	-0.641191
1.461000	-0.908202
1.462000	-0.819259
1.463000	-0.730134
1.464000	-0.997144
1.465000	-1.264160
1.466000	-0.908202
1.467000	0.070717
1.468000	-0.641191
1.469000	-1.086090
1.470000	-0.997144
1.471000	-0.997144
1.472000	-1.798180
1.473000	-1.976060
1.474000	-2.065010
1.475000	-1.976060
1.476000	-1.798180
1.477000	-1.264160
1.478000	-1.175210
1.479000	-0.819259
1.480000	-0.463123
1.481000	-0.285237
1.482000	-0.196294
1.483000	-0.463123
1.484000	-0.285237
1.485000	-0.552248
1.486000	-0.374180
1.487000	-0.552248
1.488000	-0.552248
1.489000	-0.107169
1.490000	0.782807
1.491000	0.693682
1.492000	0.248785
1.493000	0.248785
1.494000	0.782807
1.495000	1.227700
1.496000	0.693682
1.497000	0.871750
1.498000	0.782807
1.499000	0.693682
1.500000	0.871750
1.501000	1.049640
1.502000	0.693682
1.503000	0.159842
1.504000	0.515796
1.505000	1.138760
1.506000	1.049640
1.507000	0.871750
1.508000	0.693682
1.509000	-0.107169
1.510000	-0.285237
1.511000	-0.018226
1.512000	0.159842
1.513000	-0.285237
1.514000	-0.819259
1.515000	-0.641191
1.516000	-0.641191
1.517000	-0.730134
1.518000	-0.463123
1.519000	-0.908202
1.520000	-1.086090
1.521000	-1.086090
1.522000	-1.264160
1.523000	-1.976060
1.524000	-1.976060
1.525000	-1.798180
1.526000	-1.798180
1.527000	-1.887120
1.528000	-1.531170
1.529000	-1.442220
1.530000	-1.353100
1.531000	-1.442220
1.532000	-1.798180
1.533000	-1.798180
1.534000	-1.709050
1.535000	-1.620110
1.536000	-1.976060
1.537000	-1.976060
1.538000	-1.442220
1.539000	-1.264160
1.540000	-1.353100
1.541000	-0.819259
1.542000	-0.819259
1.543000	-0.997144
1.544000	-0.552248
1.545000	-0.374180
1.546000	-0.374180
1.547000	-0.819259
1.548000	-0.908202
1.549000	-0.641191
1.550000	-0.285237
1.551000	-0.285237
1.552000	0.070717
1.553000	0.248785
1.554000	-0.374180
1.555000	-0.374180
1.556000	0.159842
1.557000	0.515796
1.558000	0.159842
1.559000	-0.196294
1.560000	-0.285237
1.561000	0.248785
1.562000	0.070717
1.563000	-0.196294
1.564000	-0.196294
1.565000	-0.107169
1.566000	-0.374180
1.567000	-0.196294
1.568000	-0.107169
1.569000	-0.552248
1.570000	-0.552248
1.571000	-0.463123
1.572000	-0.641191
1.573000	-0.730134
1.574000	-0.552248
1.575000	-0.819259
1.576000	-1.264160
1.577000	-1.264160
1.578000	-0.908202
1.579000	-1.086090
1.580000	-1.264160
1.581000	-1.353100
1.582000	-1.442220
1.583000	-1.709050
1.584000	-1.353100
1.585000	-1.353100
1.586000	-1.353100
1.587000	-1.620110
1.588000	-1.620110
1.589000	-1.620110
1.590000	-1.353100
1.591000	-1.086090
1.592000	-1.264160
1.593000	-1.264160
1.594000	-1.531170
1.595000	-1.086090
1.596000	-0.997144
1.597000	-1.175210
1.598000	-1.264160
1.599000	-0.641191
1.600000	-0.730134
1.601000	-0.730134
1.602000	-0.196294
1.603000	-0.018226
1.604000	-0.018226
1.605000	0.070717
1.606000	-0.107169
1.607000	-0.196294
1.608000	-0.107169
1.609000	0.070717
1.610000	0.159842
1.611000	0.248785
1.612000	0.248785
1.613000	0.337728
1.614000	0.604739
1.615000	0.693682
1.616000	0.871750
1.617000	0.782807
1.618000	0.693682
1.619000	0.604739
1.620000	0.515796
1.621000	0.159842
1.622000	0.070717
1.623000	0.159842
1.624000	-0.018226
1.625000	-0.196294
1.626000	-0.196294
1.627000	0.070717
1.628000	-0.107169
1.629000	-0.374180
1.630000	-0.374180
1.631000	-0.374180
1.632000	-0.730134
1.633000	-0.641191
1.634000	-0.730134
1.635000	-1.175210
1.636000	-1.175210
1.637000	-1.086090
1.638000	-0.997144
1.639000	-1.264160
1.640000	-1.264160
1.641000	-1.709050
1.642000	-1.442220
1.643000	-1.086090
1.644000	-0.997144
1.645000	-0.997144
1.646000	-0.908202
1.647000	-0.908202
1.648000	-0.908202
1.649000	-0.997144
1.650000	-0.730134
1.651000	-0.730134
1.652000	-0.819259
1.653000	-0.730134
1.654000	-0.374180
1.655000	-0.374180
1.656000	-0.196294
1.657000	0.070717
1.658000	0.159842
1.659000	0.070717
1.660000	0.070717
1.661000	0.604739
1.662000	0.337728
1.663000	0.426671
1.664000	0.693682
1.665000	0.337728
1.666000	0.337728
1.667000	0.337728
1.668000	0.426671
1.669000	0.515796
1.670000	0.604739
1.671000	0.426671
1.672000	0.426671
1.673000	0.248785
1.674000	0.248785
1.675000	0.426671
1.676000	0.070717
1.677000	-0.196294
1.678000	-0.374180
1.679000	-0.463123
1.680000	-0.552248
1.681000	-0.552248
1.682000	-0.641191
1.683000	-0.908202
1.684000	-0.908202
1.685000	-0.908202
1.686000	-0.819259
1.687000	-0.908202
1.688000	-1.264160
1.689000	-1.353100
1.690000	-1.175210
1.691000	-1.264160
1.692000	-1.442220
1.693000	-1.709050
1.694000	-1.531170
1.695000	-1.353100
1.696000	-1.709050
1.697000	-1.442220
1.698000	-1.353100
1.699000	-1.442220
1.700000	-1.264160
1.701000	-1.086090
1.702000	-1.264160
1.703000	-1.353100
1.704000	-0.997144
1.705000	-0.997144
1.706000	-1.086090
1.707000	-1.086090
1.708000	-0.997144
1.709000	-0.997144
1.710000	-0.641191
1.711000	-0.374180
1.712000	-0.463123
1.713000	-0.641191
1.714000	-0.018226
1.715000	-0.196294
1.716000	-0.285237
1.717000	-0.374180
1.718000	-0.819259
1.719000	-0.107169
1.720000	-0.196294
1.721000	-0.374180
1.722000	0.159842
1.723000	0.515796
1.724000	0.337728
1.725000	-0.107169
1.726000	-0.107169
1.727000	0.159842
1.728000	-0.285237
1.729000	-0.819259
1.730000	-0.641191
1.731000	-0.285237
1.732000	-0.374180
1.733000	-0.374180
1.734000	-0.819259
1.735000	-0.730134
1.736000	-0.196294
1.737000	-0.107169
1.738000	-0.463123
1.739000	-0.908202
1.740000	-1.709050
1.741000	-1.620110
1.742000	-0.552248
1.743000	-0.730134
1.744000	-1.442220
1.745000	-1.442220
1.746000	-1.442220
1.747000	-1.709050
1.748000	-0.819259
1.749000	-0.552248
1.750000	-1.264160
1.751000	-1.620110
1.752000	-1.264160
1.753000	-1.175210
1.754000	-0.819259
1.755000	-0.730134
1.756000	-1.442220
1.757000	-1.798180
1.758000	-1.264160
1.759000	-0.730134
1.760000	-0.819259
1.761000	-1.175210
1.762000	-1.175210
1.763000	-0.908202
1.764000	-0.374180
1.765000	0.159842
1.766000	0.070717
1.767000	-0.463123
1.768000	-1.086090
1.769000	-0.641191
1.770000	-0.285237
1.771000	0.070717
1.772000	-0.285237
1.773000	-0.730134
1.774000	-0.641191
1.775000	-0.107169
1.776000	0.337728
1.777000	0.159842
1.778000	0.159842
1.779000	0.159842
1.780000	0.248785
1.781000	0.337728
1.782000	0.604739
1.783000	0.248785
1.784000	-0.285237
1.785000	-0.018226
1.786000	0.248785
1.787000	0.070717
1.788000	-0.018226
1.789000	0.070717
1.790000	0.070717
1.791000	0.159842
1.792000	0.248785
1.793000	-0.018226
1.794000	0.159842
1.795000	-0.107169
1.796000	-0.463123
1.797000	-0.374180
1.798000	-0.107169
1.799000	-0.107169
1.800000	-0.374180
1.801000	-0.730134
1.802000	-0.730134
1.803000	-0.463123
1.804000	-0.285237
1.805000	-0.552248
1.806000	-0.819259
1.807000	-0.997144
1.808000	-0.196294
1.809000	0.070717
1.810000	-0.997144
1.811000	-1.264160
1.812000	-0.107169
1.813000	-0.374180
1.814000	-1.442220
1.815000	-0.997144
1.816000	-0.018226
1.817000	-0.285237
1.818000	-1.442220
1.819000	-1.086090
1.820000	0.248785
1.821000	0.159842
1.822000	-0.285237
1.823000	-0.374180
1.824000	-0.552248
1.825000	0.159842
1.826000	-0.018226
1.827000	-0.285237
1.828000	-0.285237
1.829000	-0.196294
1.830000	0.159842
1.831000	0.070717
1.832000	-0.196294
1.833000	-0.107169
1.834000	0.159842
1.835000	0.070717
1.836000	0.248785
1.837000	0.159842
1.838000	0.159842
1.839000	-0.196294
1.840000	0.159842
1.841000	-0.018226
1.842000	-0.463123
1.843000	-0.730134
1.844000	-0.552248
1.845000	-0.552248
1.846000	-0.730134
1.847000	-0.463123
1.848000	-0.819259
1.849000	-0.908202
1.850000	-0.908202
1.851000	-0.819259
1.852000	-0.641191
1.853000	-0.997144
1.854000	-1.175210
1.855000	-1.442220
1.856000	-1.709050
1.857000	-1.086090
1.858000	-1.264160
1.859000	-1.976060
1.860000	-1.976060
1.861000	-1.887120
1.862000	-1.887120
1.863000	-0.908202
1.864000	-0.819259
1.865000	-1.620110
1.866000	-2.154130
1.867000	-1.709050
1.868000	-0.730134
1.869000	-0.908202
1.870000	-0.997144
1.871000	-1.442220
1.872000	-1.887120
1.873000	-1.353100
1.874000	-0.819259
1.875000	-0.819259
1.876000	-0.997144
1.877000	-0.908202
1.878000	-0.819259
1.879000	-0.641191
1.880000	-0.374180
1.881000	-0.018226
1.882000	-0.285237
1.883000	-0.463123
1.884000	-0.374180
1.885000	-0.107169
1.886000	-0.196294
1.887000	-0.018226
1.888000	-0.285237
1.889000	-0.374180
1.890000	-0.196294
1.891000	0.159842
1.892000	0.248785
1.893000	0.248785
1.894000	0.070717
1.895000	0.070717
1.896000	0.159842
1.897000	0.248785
1.898000	-0.018226
1.899000	-0.285237
1.900000	-0.107169
1.901000	-0.196294
1.902000	-0.107169
1.903000	0.070717
1.904000	-0.196294
1.905000	-0.552248
1.906000	-0.908202
1.907000	-0.552248
1.908000	-0.285237
1.909000	-0.641191
1.910000	-0.908202
1.911000	-0.730134
1.912000	-0.552248
1.913000	-0.552248
1.914000	-0.641191
1.915000	-0.908202
1.916000	-0.997144
1.917000	-1.086090
1.918000	-1.264160
1.919000	-1.175210
1.920000	-1.086090
1.921000	-0.997144
1.922000	-1.353100
1.923000	-1.175210
1.924000	-0.730134
1.925000	-0.374180
1.926000	-0.730134
1.927000	-0.908202
1.928000	-1.086090
1.929000	-0.908202
1.930000	-0.730134
1.931000	-0.819259
1.932000	-1.086090
1.933000	-1.175210
1.934000	-0.641191
1.935000	-0.374180
1.936000	-0.285237
1.937000	-0.285237
1.938000	-0.463123
1.939000	-0.374180
1.940000	-0.374180
1.941000	0.070717
1.942000	-0.018226
1.943000	-0.196294
1.944000	-0.285237
1.945000	-0.285237
1.946000	-0.107169
1.947000	0.159842
1.948000	0.159842
1.949000	-0.018226
1.950000	-0.107169
1.951000	-0.107169
1.952000	0.159842
1.953000	0.248785
1.954000	0.159842
1.955000	-0.285237
1.956000	-0.107169
1.957000	0.070717
1.958000	0.159842
1.959000	-0.018226
1.960000	-0.196294
1.961000	-0.463123
1.962000	-0.374180
1.963000	-0.374180
1.964000	-0.463123
1.965000	-0.374180
1.966000	-0.374180
1.967000	-0.374180
1.968000	-0.285237
1.969000	-0.463123
1.970000	-0.463123
1.971000	-0.463123
1.972000	-0.730134
1.973000	-0.908202
1.974000	-0.819259
1.975000	-0.641191
1.976000	-0.552248
1.977000	-0.908202
1.978000	-1.175210
1.979000	-0.908202
1.980000	-0.641191
1.981000	-0.552248
1.982000	-0.641191
1.983000	-0.641191
1.984000	-0.641191
1.985000	-0.285237
1.986000	-0.463123
1.987000	-0.463123
1.988000	-0.463123
1.989000	-0.463123
1.990000	-0.463123
1.991000	-0.374180
1.992000	-0.374180
1.993000	-0.107169
1.994000	-0.196294
1.995000	-0.374180
1.996000	-0.285237
1.997000	0.337728
1.998000	0.515796
1.999000	0.337728
2.000000	-0.107169
2.001000	0.159842
2.002000	0.070717
2.003000	-0.196294
2.004000	0.070717
2.005000	0.159842
2.006000	-0.018226
2.007000	-0.285237
2.008000	-0.107169
2.009000	0.070717
2.010000	0.070717
2.011000	-0.018226
2.012000	-0.285237
2.013000	-0.463123
2.014000	-0.285237
2.015000	-0.374180
2.016000	-0.997144
2.017000	-0.997144
2.018000	-0.641191
2.019000	-0.730134
2.020000	-0.997144
2.021000	-0.997144
2.022000	-1.264160
2.023000	-1.442220
2.024000	-1.264160
2.025000	-1.353100
2.026000	-1.531170
2.027000	-1.620110
2.028000	-1.709050
2.029000	-1.620110
2.030000	-1.442220
2.031000	-1.175210
2.032000	-1.175210
2.033000	-1.709050
2.034000	-1.709050
2.035000	-1.531170
2.036000	-1.442220
2.037000	-1.531170
2.038000	-1.620110
2.039000	-1.442220
2.040000	-1.086090
2.041000	-0.908202
2.042000	-0.730134
2.043000	-0.819259
2.044000	-1.264160
2.045000	-0.997144
2.046000	-0.552248
2.047000	-0.374180
2.048000	-0.730134
2.049000	-0.730134
2.050000	-0.641191
2.051000	-0.374180
2.052000	-0.018226
2.053000	0.070717
2.054000	-0.196294
2.055000	-0.196294
2.056000	-0.018226
2.057000	-0.107169
2.058000	0.070717
2.059000	0.248785
2.060000	0.070717
2.061000	-0.374180
2.062000	-0.196294
2.063000	0.159842
2.064000	0.248785
2.065000	-0.018226
2.066000	-0.285237
2.067000	-0.374180
2.068000	-0.107169
2.069000	0.070717
2.070000	-0.196294
2.071000	-0.463123
2.072000	-0.374180
2.073000	-0.285237
2.074000	-0.641191
2.075000	-0.552248
2.076000	-0.641191
2.077000	-0.819259
2.078000	-0.908202
2.079000	-0.908202
2.080000	-0.730134
2.081000	-0.641191
2.082000	-0.997144
2.083000	-1.264160
2.084000	-1.086090
2.085000	-0.819259
2.086000	-0.908202
2.087000	-0.908202
2.088000	-1.086090
2.089000	-1.175210
2.090000	-0.908202
2.091000	-0.908202
2.092000	-0.997144
2.093000	-0.997144
2.094000	-0.730134
2.095000	-0.730134
2.096000	-0.730134
2.097000	-0.552248
2.098000	-0.374180
2.099000	-0.374180
2.100000	-0.463123
2.101000	-0.374180
2.102000	-0.196294
2.103000	-0.196294
2.104000	-0.107169
2.105000	-0.196294
2.106000	-0.107169
2.107000	-0.018226
2.108000	0.159842
2.109000	0.070717
2.110000	0.070717
2.111000	-0.107169
2.112000	0.248785
2.113000	0.426671
2.114000	0.426671
2.115000	0.159842
2.116000	0.426671
2.117000	0.337728
2.118000	0.248785
2.119000	0.159842
2.120000	0.159842
2.121000	0.159842
2.122000	-0.107169
2.123000	-0.107169
2.124000	-0.018226
2.125000	0.070717
2.126000	-0.196294
2.127000	-0.285237
2.128000	-0.196294
2.129000	-0.196294
2.130000	-0.196294
2.131000	-0.196294
2.132000	-0.463123
2.133000	-0.552248
2.134000	-0.552248
2.135000	-0.552248
2.136000	-0.374180
2.137000	-0.730134
2.138000	-0.997144
2.139000	-0.997144
2.140000	-0.730134
2.141000	-0.730134
2.142000	-0.641191
2.143000	-0.819259
2.144000	-0.997144
2.145000	-0.997144
2.146000	-0.730134
2.147000	-0.641191
2.148000	-0.641191
2.149000	-0.819259
2.150000	-0.997144
2.151000	-1.086090
2.152000	-0.641191
2.153000	-0.463123
2.154000	-0.552248
2.155000	-0.819259
2.156000	-0.819259
2.157000	-0.552248
2.158000	-0.196294
2.159000	-0.285237
2.160000	-0.374180
2.161000	-0.552248
2.162000	-0.374180
2.163000	-0.374180
2.164000	-0.285237
2.165000	-0.196294
2.166000	-0.196294
2.167000	-0.285237
2.168000	-0.107169
2.169000	-0.018226
2.170000	0.070717
2.171000	0.159842
2.172000	0.070717
2.173000	-0.107169
2.174000	-0.374180
2.175000	-0.107169
2.176000	0.070717
2.177000	-0.107169
2.178000	-0.196294
2.179000	-0.374180
2.180000	-0.374180
2.181000	-0.463123
2.182000	-0.374180
2.183000	-0.552248
2.184000	-0.641191
2.185000	-0.641191
2.186000	-0.908202
2.187000	-0.908202
2.188000	-0.908202
2.189000	-0.997144
2.190000	-0.997144
2.191000	-1.086090
2.192000	-1.264160
2.193000	-1.442220
2.194000	-1.353100
2.195000	-1.264160
2.196000	-1.442220
2.197000	-1.442220
2.198000	-1.264160
2.199000	-1.353100
