-0.300000	0.721048
-0.299000	0.721048
-0.298000	0.630963
-0.297000	0.721048
-0.296000	0.721048
-0.295000	0.721048
-0.294000	0.721048
-0.293000	0.721048
-0.292000	0.721048
-0.291000	0.630963
-0.290000	0.630963
-0.289000	0.721048
-0.288000	0.630963
-0.287000	0.721048
-0.286000	0.721048
-0.285000	0.630963
-0.284000	0.721048
-0.283000	0.721048
-0.282000	0.721048
-0.281000	0.630963
-0.280000	0.721048
-0.279000	0.721048
-0.278000	0.721048
-0.277000	0.721048
-0.276000	0.721048
-0.275000	0.721048
-0.274000	0.630963
-0.273000	0.721048
-0.272000	0.721048
-0.271000	0.721048
-0.270000	0.721048
-0.269000	0.721048
-0.268000	0.721048
-0.267000	0.811317
-0.266000	0.811317
-0.265000	0.721048
-0.264000	0.721048
-0.263000	0.721048
-0.262000	0.811317
-0.261000	0.630963
-0.260000	0.721048
-0.259000	0.721048
-0.258000	0.630963
-0.257000	0.721048
-0.256000	0.811317
-0.255000	0.721048
-0.254000	0.811317
-0.253000	0.721048
-0.252000	0.721048
-0.251000	0.721048
-0.250000	0.630963
-0.249000	0.721048
-0.248000	0.811317
-0.247000	0.630963
-0.246000	0.721048
-0.245000	0.721048
-0.244000	0.721048
-0.243000	0.721048
-0.242000	0.721048
-0.241000	0.721048
-0.240000	0.721048
-0.239000	0.721048
-0.238000	0.721048
-0.237000	0.811317
-0.236000	0.721048
-0.235000	0.630963
-0.234000	0.721048
-0.233000	0.811317
-0.232000	0.721048
-0.231000	0.721048
-0.230000	0.721048
-0.229000	0.630963
-0.228000	0.811317
-0.227000	0.811317
-0.226000	0.811317
-0.225000	0.811317
-0.224000	0.630963
-0.223000	0.630963
-0.222000	0.721048
-0.221000	0.721048
-0.220000	0.630963
-0.219000	0.721048
-0.218000	0.630963
-0.217000	0.721048
-0.216000	0.630963
-0.215000	0.540878
-0.214000	0.721048
-0.213000	0.540878
-0.212000	0.540878
-0.211000	0.721048
-0.210000	0.630963
-0.209000	0.630963
-0.208000	0.811317
-0.207000	0.630963
-0.206000	0.721048
-0.205000	0.721048
-0.204000	0.811317
-0.203000	0.721048
-0.202000	0.630963
-0.201000	0.811317
-0.200000	0.721048
-0.199000	0.901402
-0.198000	0.811317
-0.197000	0.721048
-0.196000	0.721048
-0.195000	0.721048
-0.194000	0.721048
-0.193000	0.811317
-0.192000	0.721048
-0.191000	0.721048
-0.190000	0.721048
-0.189000	0.721048
-0.188000	0.811317
-0.187000	0.811317
-0.186000	0.811317
-0.185000	0.811317
-0.184000	0.721048
-0.183000	0.721048
-0.182000	0.811317
-0.181000	0.540878
-0.180000	0.630963
-0.179000	0.721048
-0.178000	0.630963
-0.177000	0.721048
-0.176000	0.721048
-0.175000	0.721048
-0.174000	0.721048
-0.173000	0.630963
-0.172000	0.721048
-0.171000	0.540878
-0.170000	0.721048
-0.169000	0.811317
-0.168000	0.721048
-0.167000	0.721048
-0.166000	0.721048
-0.165000	0.811317
-0.164000	0.630963
-0.163000	0.630963
-0.162000	0.630963
-0.161000	0.811317
-0.160000	0.811317
-0.159000	0.901402
-0.158000	0.811317
-0.157000	0.721048
-0.156000	0.811317
-0.155000	0.630963
-0.154000	0.811317
-0.153000	0.721048
-0.152000	0.721048
-0.151000	0.901402
-0.150000	0.811317
-0.149000	0.721048
-0.148000	0.811317
-0.147000	0.630963
-0.146000	0.721048
-0.145000	0.630963
-0.144000	0.630963
-0.143000	0.721048
-0.142000	0.811317
-0.141000	0.630963
-0.140000	0.630963
-0.139000	0.721048
-0.138000	0.630963
-0.137000	0.811317
-0.136000	0.811317
-0.135000	0.811317
-0.134000	0.721048
-0.133000	0.630963
-0.132000	0.721048
-0.131000	0.721048
-0.130000	0.721048
-0.129000	0.811317
-0.128000	0.811317
-0.127000	0.721048
-0.126000	0.721048
-0.125000	0.811317
-0.124000	0.721048
-0.123000	0.811317
-0.122000	0.721048
-0.121000	0.721048
-0.120000	0.721048
-0.119000	0.721048
-0.118000	0.811317
-0.117000	0.811317
-0.116000	0.811317
-0.115000	0.901402
-0.114000	0.721048
-0.113000	0.630963
-0.112000	0.630963
-0.111000	0.721048
-0.110000	0.721048
-0.109000	0.540878
-0.108000	0.630963
-0.107000	0.721048
-0.106000	0.721048
-0.105000	0.630963
-0.104000	0.721048
-0.103000	0.811317
-0.102000	0.811317
-0.101000	0.721048
-0.100000	0.811317
-0.099000	0.630963
-0.098000	0.721048
-0.097000	0.811317
-0.096000	0.630963
-0.095000	0.630963
-0.094000	0.721048
-0.093000	0.721048
-0.092000	0.811317
-0.091000	0.721048
-0.090000	0.630963
-0.089000	0.721048
-0.088000	0.811317
-0.087000	0.721048
-0.086000	0.811317
-0.085000	0.721048
-0.084000	0.721048
-0.083000	0.811317
-0.082000	0.901402
-0.081000	0.721048
-0.080000	0.901402
-0.079000	0.721048
-0.078000	0.721048
-0.077000	0.630963
-0.076000	0.721048
-0.075000	0.811317
-0.074000	0.721048
-0.073000	0.721048
-0.072000	0.721048
-0.071000	0.721048
-0.070000	0.811317
-0.069000	0.811317
-0.068000	0.721048
-0.067000	0.811317
-0.066000	0.721048
-0.065000	0.721048
-0.064000	0.811317
-0.063000	0.721048
-0.062000	0.540878
-0.061000	0.721048
-0.060000	0.630963
-0.059000	0.721048
-0.058000	0.721048
-0.057000	0.721048
-0.056000	0.630963
-0.055000	0.811317
-0.054000	0.630963
-0.053000	0.811317
-0.052000	0.721048
-0.051000	0.811317
-0.050000	0.811317
-0.049000	0.630963
-0.048000	0.630963
-0.047000	0.721048
-0.046000	0.721048
-0.045000	0.540878
-0.044000	0.721048
-0.043000	0.721048
-0.042000	0.721048
-0.041000	0.811317
-0.040000	0.721048
-0.039000	0.721048
-0.038000	0.721048
-0.037000	0.811317
-0.036000	1.081570
-0.035000	1.532360
-0.034000	2.073060
-0.033000	2.613940
-0.032000	3.425250
-0.031000	3.965950
-0.030000	4.596910
-0.029000	5.408230
-0.028000	5.949100
-0.027000	6.580070
-0.026000	7.120760
-0.025000	7.571550
-0.024000	7.841810
-0.023000	8.112250
-0.022000	8.382690
-0.021000	8.563040
-0.020000	8.653130
-0.019000	9.103730
-0.018000	9.103730
-0.017000	9.554530
-0.016000	9.824970
-0.015000	10.365700
-0.014000	10.455900
-0.013000	10.906500
-0.012000	11.177000
-0.011000	11.627600
-0.010000	11.447400
-0.009000	11.537500
-0.008000	11.267100
-0.007000	10.546000
-0.006000	10.185500
-0.005000	10.005100
-0.004000	9.374170
-0.003000	8.743210
-0.002000	7.661640
-0.001000	6.760240
0.000000	5.588400
0.001000	5.318140
0.002000	4.596910
0.003000	4.056220
0.004000	3.334980
0.005000	2.613940
0.006000	2.613940
0.007000	2.884380
0.008000	3.244900
0.009000	3.785780
0.010000	4.146300
0.011000	3.695690
0.012000	3.154810
0.013000	2.163330
0.014000	1.261930
0.015000	0.270439
0.016000	-0.901402
0.017000	-1.802800
0.018000	-3.064730
0.019000	-4.056220
0.020000	-4.326650
0.021000	-4.416740
0.022000	-4.326650
0.023000	-4.146300
0.024000	-4.146300
0.025000	-4.596910
0.026000	-5.227870
0.027000	-5.588400
0.028000	-4.777260
0.029000	-5.047700
0.030000	-6.580070
0.031000	-6.219360
0.032000	-8.653130
0.033000	-9.194000
0.034000	-10.636100
0.035000	-11.357100
0.036000	-11.447400
0.037000	-12.078400
0.038000	-12.709300
0.039000	-13.340300
0.040000	-12.529000
0.041000	-10.816500
0.042000	-9.013650
0.043000	-6.219360
0.044000	-3.605420
0.045000	-1.712530
0.046000	0.270439
0.047000	1.892890
0.048000	2.523850
0.049000	2.884380
0.050000	3.064730
0.051000	3.064730
0.052000	3.605420
0.053000	4.236390
0.054000	5.137790
0.055000	6.670150
0.056000	8.022160
0.057000	10.185500
0.058000	11.447400
0.059000	12.889500
0.060000	13.159900
0.061000	13.430400
0.062000	13.520500
0.063000	13.250000
0.064000	12.979800
0.065000	12.348800
0.066000	11.627600
0.067000	10.996600
0.068000	11.086900
0.069000	10.726200
0.070000	10.816500
0.071000	10.455900
0.072000	10.275600
0.073000	9.824970
0.074000	9.374170
0.075000	9.374170
0.076000	10.185500
0.077000	10.636100
0.078000	10.906500
0.079000	10.275600
0.080000	8.653130
0.081000	9.644610
0.082000	10.275600
0.083000	10.636100
0.084000	9.824970
0.085000	7.661640
0.086000	6.309630
0.087000	6.940590
0.088000	7.932080
0.089000	8.382690
0.090000	8.923560
0.091000	8.743210
0.092000	8.472770
0.093000	8.923560
0.094000	8.743210
0.095000	6.670150
0.096000	12.078400
0.097000	10.365700
0.098000	11.086900
0.099000	6.580070
0.100000	4.056220
0.101000	4.957430
0.102000	4.146300
0.103000	6.760240
0.104000	6.039190
0.105000	5.588400
0.106000	5.498310
0.107000	5.858830
0.108000	5.227870
0.109000	10.816500
0.110000	10.275600
0.111000	10.816500
0.112000	9.554530
0.113000	8.382690
0.114000	9.013650
0.115000	9.644610
0.116000	10.185500
0.117000	10.906500
0.118000	10.636100
0.119000	9.824970
0.120000	10.095400
0.121000	11.267100
0.122000	12.889500
0.123000	13.790900
0.124000	13.340300
0.125000	13.700800
0.126000	14.512000
0.127000	15.142900
0.128000	15.864200
0.129000	14.151400
0.130000	15.593700
0.131000	14.151400
0.132000	12.799400
0.133000	12.529000
0.134000	13.430400
0.135000	15.233200
0.136000	16.675301
0.137000	16.585199
0.138000	17.306299
0.139000	17.937201
0.140000	44.978199
0.141000	-91.308502
0.142000	7.571550
0.143000	1.892890
0.144000	49.935799
0.145000	69.405403
0.146000	11.988100
0.147000	37.677200
0.148000	12.979800
0.149000	39.479801
0.150000	47.321800
0.151000	47.231602
0.152000	42.184101
0.153000	18.387800
0.154000	12.709300
0.155000	15.413400
0.156000	21.813101
0.157000	22.804600
0.158000	16.585199
0.159000	16.675301
0.160000	5.768750
0.161000	10.636100
0.162000	26.950899
0.163000	28.122700
0.164000	-46.780998
0.165000	62.554798
0.166000	94.643501
0.167000	116.817001
0.168000	37.046299
0.169000	-10.636100
0.170000	-18.297701
0.171000	-18.928699
0.172000	9.374170
0.173000	13.430400
0.174000	31.367599
0.175000	4.146300
0.176000	-86.711601
0.177000	49.034401
0.178000	80.221603
0.179000	119.611000
0.180000	49.845699
0.181000	-4.867350
0.182000	7.120760
0.183000	-0.270439
0.184000	26.500299
0.185000	34.973000
0.186000	48.673901
0.187000	20.911699
0.188000	13.159900
0.189000	13.430400
0.190000	11.717900
0.191000	17.396299
0.192000	26.770700
0.193000	18.117599
0.194000	0.540878
0.195000	-3.244900
0.196000	-3.425250
0.197000	15.323300
0.198000	20.731501
0.199000	22.354000
0.200000	20.280701
0.201000	7.571550
0.202000	1.171840
0.203000	-10.095400
0.204000	-13.520500
0.205000	-10.636100
0.206000	-8.292600
0.207000	-1.712530
0.208000	2.433770
0.209000	8.743210
0.210000	15.413400
0.211000	16.675301
0.212000	18.928699
0.213000	20.010300
0.214000	17.306299
0.215000	16.585199
0.216000	17.576700
0.217000	18.207701
0.218000	27.762199
0.219000	33.801201
0.220000	37.767300
0.221000	33.801201
0.222000	28.753700
0.223000	27.491699
0.224000	27.040899
0.225000	31.998600
0.226000	32.088600
0.227000	31.908501
0.228000	31.367599
0.229000	29.024099
0.230000	31.097200
0.231000	33.170399
0.232000	33.620998
0.233000	35.063099
0.234000	32.539398
0.235000	30.015600
0.236000	29.384600
0.237000	29.655100
0.238000	30.195801
0.239000	29.564800
0.240000	28.032400
0.241000	28.843700
0.242000	29.294399
0.243000	29.204300
0.244000	30.105700
0.245000	30.646601
0.246000	29.835199
0.247000	27.852301
0.248000	26.500299
0.249000	24.156601
0.250000	21.001900
0.251000	21.272200
0.252000	22.534100
0.253000	25.328400
0.254000	27.671900
0.255000	30.015600
0.256000	32.269001
0.257000	31.187201
0.258000	29.474701
0.259000	28.032400
0.260000	26.139700
0.261000	25.598900
0.262000	24.697399
0.263000	24.787500
0.264000	22.624399
0.265000	20.010300
0.266000	19.018801
0.267000	18.478100
0.268000	19.109100
0.269000	20.731501
0.270000	21.362499
0.271000	22.534100
0.272000	22.534100
0.273000	23.796000
0.274000	26.049500
0.275000	26.500299
0.276000	26.500299
0.277000	24.967899
0.278000	22.714500
0.279000	21.452600
0.280000	19.649700
0.281000	19.559700
0.282000	19.649700
0.283000	19.379299
0.284000	21.182100
0.285000	21.723000
0.286000	23.075001
0.287000	24.877800
0.288000	25.238300
0.289000	26.049500
0.290000	24.877800
0.291000	25.328400
0.292000	24.246799
0.293000	24.066500
0.294000	23.615900
0.295000	22.894600
0.296000	22.894600
0.297000	21.993401
0.298000	22.173599
0.299000	22.444000
0.300000	22.894600
0.301000	22.354000
0.302000	23.435499
0.303000	23.525600
0.304000	23.796000
0.305000	23.886299
0.306000	22.984900
0.307000	22.083500
0.308000	21.632900
0.309000	20.100500
0.310000	19.830099
0.311000	18.748501
0.312000	18.027300
0.313000	16.945700
0.314000	17.306299
0.315000	16.585199
0.316000	15.954200
0.317000	17.216200
0.318000	15.503400
0.319000	19.469601
0.320000	20.461100
0.321000	19.109100
0.322000	20.010300
0.323000	19.199100
0.324000	18.207701
0.325000	17.756901
0.326000	16.134399
0.327000	15.323300
0.328000	18.478100
0.329000	17.396299
0.330000	17.125900
0.331000	16.765400
0.332000	19.109100
0.333000	17.396299
0.334000	19.649700
0.335000	17.666800
0.336000	17.666800
0.337000	18.838600
0.338000	19.018801
0.339000	20.461100
0.340000	16.765400
0.341000	16.044300
0.342000	15.142900
0.343000	12.258500
0.344000	15.954200
0.345000	12.438900
0.346000	11.717900
0.347000	10.185500
0.348000	10.185500
0.349000	14.241500
0.350000	13.700800
0.351000	16.494900
0.352000	11.807900
0.353000	19.559700
0.354000	14.692300
0.355000	12.168500
0.356000	11.807900
0.357000	12.078400
0.358000	9.554530
0.359000	8.112250
0.360000	8.202520
0.361000	7.120760
0.362000	7.301110
0.363000	7.211030
0.364000	7.751720
0.365000	9.374170
0.366000	9.284090
0.367000	9.734700
0.368000	9.464440
0.369000	11.177000
0.370000	8.292600
0.371000	7.120760
0.372000	6.039190
0.373000	4.056220
0.374000	3.605420
0.375000	1.171840
0.376000	3.785780
0.377000	3.965950
0.378000	3.605420
0.379000	5.498310
0.380000	5.678670
0.381000	7.120760
0.382000	6.850320
0.383000	6.219360
0.384000	5.858830
0.385000	2.073060
0.386000	1.532360
0.387000	-0.901402
0.388000	-0.630963
0.389000	-1.532360
0.390000	0.270439
0.391000	-0.991487
0.392000	-0.270439
0.393000	-2.073060
0.394000	7.391200
0.395000	4.596910
0.396000	-1.261930
0.397000	7.571550
0.398000	1.442280
0.399000	0.901402
0.400000	-0.270439
0.401000	-3.334980
0.402000	2.073060
0.403000	0.811317
0.404000	-2.704020
0.405000	-1.532360
0.406000	-0.721048
0.407000	0.540878
0.408000	-0.811317
0.409000	9.644610
0.410000	9.644610
0.411000	4.416740
0.412000	1.261930
0.413000	-1.712530
0.414000	-5.137790
0.415000	-0.811317
0.416000	-0.360524
0.417000	0.540878
0.418000	0.180354
0.419000	-5.047700
0.420000	-6.940590
0.421000	-7.481280
0.422000	-5.498310
0.423000	-0.540878
0.424000	-3.785780
0.425000	-2.794290
0.426000	-9.103730
0.427000	-9.013650
0.428000	-7.211030
0.429000	-3.064730
0.430000	-2.433770
0.431000	-7.661640
0.432000	-9.824970
0.433000	-10.996600
0.434000	-7.120760
0.435000	-6.219360
0.436000	-8.112250
0.437000	-5.318140
0.438000	-9.644610
0.439000	-9.284090
0.440000	-17.035801
0.441000	-12.438900
0.442000	-0.991487
0.443000	3.425250
0.444000	0.630963
0.445000	-0.630963
0.446000	2.884380
0.447000	-2.343500
0.448000	-10.275600
0.449000	-8.292600
0.450000	0.811317
0.451000	2.794290
0.452000	-4.236390
0.453000	-8.563040
0.454000	-13.881000
0.455000	-13.881000
0.456000	-11.357100
0.457000	-6.309630
0.458000	-10.816500
0.459000	-11.267100
0.460000	-14.602200
0.461000	-10.996600
0.462000	-9.644610
0.463000	-5.227870
0.464000	-11.807900
0.465000	-11.717900
0.466000	-20.821600
0.467000	-17.847099
0.468000	-18.027300
0.469000	-4.236390
0.470000	-5.949100
0.471000	1.982970
0.472000	-4.687180
0.473000	-8.022160
0.474000	-3.875860
0.475000	-11.717900
0.476000	-1.982970
0.477000	2.073060
0.478000	1.892890
0.479000	-0.450609
0.480000	-1.261930
0.481000	-3.154810
0.482000	2.884380
0.483000	9.915050
0.484000	10.816500
0.485000	8.382690
0.486000	-1.442280
0.487000	0.180354
0.488000	-3.965950
0.489000	-1.892890
0.490000	-10.726200
0.491000	-13.340300
0.492000	-9.915050
0.493000	-10.546000
0.494000	-10.005100
0.495000	-1.802800
0.496000	6.399710
0.497000	1.081570
0.498000	-13.159900
0.499000	-14.151400
0.500000	-15.503400
0.501000	-14.061400
0.502000	-19.559700
0.503000	-19.018801
0.504000	-18.658300
0.505000	-19.199100
0.506000	-9.103730
0.507000	1.532360
0.508000	4.777260
0.509000	7.211030
0.510000	5.678670
0.511000	6.129270
0.512000	5.498310
0.513000	1.712530
0.514000	-1.171840
0.515000	-2.704020
0.516000	0.180354
0.517000	0.811317
0.518000	-3.605420
0.519000	-9.194000
0.520000	-9.194000
0.521000	-5.137790
0.522000	0.901402
0.523000	0.901402
0.524000	-2.794290
0.525000	-6.399710
0.526000	-6.489800
0.527000	-3.244900
0.528000	-0.180354
0.529000	4.056220
0.530000	0.540878
0.531000	-6.489800
0.532000	-14.331800
0.533000	-19.109100
0.534000	-11.898000
0.535000	-8.292600
0.536000	-6.309630
0.537000	-10.455900
0.538000	-15.503400
0.539000	-15.864200
0.540000	0.000000
0.541000	14.241500
0.542000	17.937201
0.543000	6.489800
0.544000	-13.700800
0.545000	-20.641199
0.546000	-20.641199
0.547000	-15.864200
0.548000	-13.610600
0.549000	-15.323300
0.550000	-17.756901
0.551000	-23.345400
0.552000	-21.632900
0.553000	-19.830099
0.554000	-11.086900
0.555000	-7.211030
0.556000	-2.613940
0.557000	-8.923560
0.558000	-10.816500
0.559000	-13.700800
0.560000	-7.841810
0.561000	-3.515340
0.562000	4.326650
0.563000	7.211030
0.564000	8.292600
0.565000	5.137790
0.566000	4.777260
0.567000	4.596910
0.568000	6.940590
0.569000	7.571550
0.570000	7.481280
0.571000	5.498310
0.572000	3.425250
0.573000	2.343500
0.574000	5.588400
0.575000	8.022160
0.576000	11.898000
0.577000	8.563040
0.578000	1.712530
0.579000	-5.227870
0.580000	-9.374170
0.581000	-9.915050
0.582000	-6.580070
0.583000	-5.137790
0.584000	-4.056220
0.585000	-6.399710
0.586000	-8.923560
0.587000	-10.816500
0.588000	-12.258500
0.589000	-11.807900
0.590000	-11.717900
0.591000	-11.717900
0.592000	-11.627600
0.593000	-11.717900
0.594000	-11.177000
0.595000	-9.374170
0.596000	-6.850320
0.597000	-3.064730
0.598000	-0.901402
0.599000	1.171840
0.600000	-0.630963
0.601000	-0.540878
0.602000	-0.721048
0.603000	0.450609
0.604000	1.802800
0.605000	3.515340
0.606000	2.974460
0.607000	2.073060
0.608000	-0.180354
0.609000	-0.811317
0.610000	-0.721048
0.611000	-1.171840
0.612000	-0.721048
0.613000	-1.802800
0.614000	-3.785780
0.615000	-3.875860
0.616000	-4.596910
0.617000	-4.687180
0.618000	-5.588400
0.619000	-9.103730
0.620000	-10.185500
0.621000	-12.258500
0.622000	-12.348800
0.623000	-10.005100
0.624000	-8.563040
0.625000	-7.030680
0.626000	-7.571550
0.627000	-8.292600
0.628000	-8.202520
0.629000	-8.382690
0.630000	-7.571550
0.631000	-6.850320
0.632000	-6.309630
0.633000	-6.039190
0.634000	-6.129270
0.635000	-5.408230
0.636000	-4.506820
0.637000	-5.137790
0.638000	-5.588400
0.639000	-6.670150
0.640000	-8.382690
0.641000	-8.202520
0.642000	-8.653130
0.643000	-6.760240
0.644000	-4.506820
0.645000	-4.506820
0.646000	-3.605420
0.647000	-2.884380
0.648000	-9.374170
0.649000	-13.250000
0.650000	-12.529000
0.651000	-7.932080
0.652000	-3.334980
0.653000	0.811317
0.654000	3.425250
0.655000	3.605420
0.656000	1.622450
0.657000	0.721048
0.658000	-1.892890
0.659000	-0.630963
0.660000	-0.991487
0.661000	-0.630963
0.662000	0.721048
0.663000	-0.180354
0.664000	-0.360524
0.665000	-2.253410
0.666000	-4.506820
0.667000	-4.867350
0.668000	-5.949100
0.669000	-6.580070
0.670000	-8.112250
0.671000	-9.915050
0.672000	-10.636100
0.673000	-11.627600
0.674000	-11.988100
0.675000	-11.086900
0.676000	-11.177000
0.677000	-7.571550
0.678000	-6.580070
0.679000	-7.211030
0.680000	-9.644610
0.681000	-13.971300
0.682000	-14.602200
0.683000	-13.971300
0.684000	-9.464440
0.685000	-4.687180
0.686000	-1.982970
0.687000	-0.991487
0.688000	-0.721048
0.689000	-2.613940
0.690000	-4.777260
0.691000	-6.850320
0.692000	-6.399710
0.693000	-5.678670
0.694000	-3.965950
0.695000	-4.056220
0.696000	-6.760240
0.697000	-9.464440
0.698000	-9.734700
0.699000	-10.906500
0.700000	-8.112250
0.701000	-6.670150
0.702000	-3.154810
0.703000	-0.180354
0.704000	2.794290
0.705000	3.785780
0.706000	1.352010
0.707000	-3.154810
0.708000	-8.382690
0.709000	-10.816500
0.710000	-10.005100
0.711000	-6.399710
0.712000	-3.334980
0.713000	-1.982970
0.714000	-2.974460
0.715000	-2.163330
0.716000	-1.532360
0.717000	1.532360
0.718000	13.971300
0.719000	18.117599
0.720000	20.010300
0.721000	16.585199
0.722000	11.267100
0.723000	12.438900
0.724000	7.481280
0.725000	10.185500
0.726000	11.627600
0.727000	13.159900
0.728000	9.284090
0.729000	5.408230
0.730000	4.506820
0.731000	-1.081570
0.732000	1.261930
0.733000	1.171840
0.734000	2.884380
0.735000	6.309630
0.736000	5.588400
0.737000	1.261930
0.738000	-3.785780
0.739000	-6.940590
0.740000	-10.546000
0.741000	-9.103730
0.742000	-6.399710
0.743000	-4.236390
0.744000	-3.244900
0.745000	-6.670150
0.746000	-5.949100
0.747000	-11.717900
0.748000	-13.790900
0.749000	-11.898000
0.750000	-10.185500
0.751000	-7.211030
0.752000	-5.858830
0.753000	-1.892890
0.754000	-4.146300
0.755000	-0.811317
0.756000	0.360524
0.757000	5.408230
0.758000	6.489800
0.759000	2.613940
0.760000	-0.630963
0.761000	-5.047700
0.762000	-7.120760
0.763000	-4.326650
0.764000	2.253410
0.765000	6.489800
0.766000	9.554530
0.767000	10.365700
0.768000	1.442280
0.769000	-2.613940
0.770000	-10.996600
0.771000	-11.086900
0.772000	-6.850320
0.773000	-4.957430
0.774000	-0.450609
0.775000	-0.540878
0.776000	-1.532360
0.777000	-1.171840
0.778000	-3.064730
0.779000	2.343500
0.780000	-3.875860
0.781000	-8.202520
0.782000	-11.898000
0.783000	-16.404800
0.784000	-14.241500
0.785000	-12.258500
0.786000	-2.794290
0.787000	3.064730
0.788000	10.365700
0.789000	10.095400
0.790000	5.949100
0.791000	-2.073060
0.792000	-8.563040
0.793000	-7.751720
0.794000	-4.056220
0.795000	5.318140
0.796000	16.855600
0.797000	18.838600
0.798000	5.949100
0.799000	-3.605420
0.800000	-6.940590
0.801000	-3.875860
0.802000	3.965950
0.803000	10.365700
0.804000	11.177000
0.805000	9.554530
0.806000	5.047700
0.807000	1.712530
0.808000	5.678670
0.809000	10.095400
0.810000	10.185500
0.811000	7.481280
0.812000	8.382690
0.813000	3.785780
0.814000	2.613940
0.815000	7.391200
0.816000	13.610600
0.817000	19.469601
0.818000	21.723000
0.819000	23.165100
0.820000	21.091999
0.821000	17.216200
0.822000	12.348800
0.823000	2.974460
0.824000	2.523850
0.825000	6.940590
0.826000	13.610600
0.827000	22.534100
0.828000	24.066500
0.829000	20.641199
0.830000	15.233200
0.831000	1.442280
0.832000	-1.892890
0.833000	-1.352010
0.834000	4.777260
0.835000	9.915050
0.836000	10.546000
0.837000	6.309630
0.838000	7.211030
0.839000	-2.163330
0.840000	-5.588400
0.841000	-2.073060
0.842000	-1.712530
0.843000	-2.343500
0.844000	-3.605420
0.845000	-4.416740
0.846000	-2.523850
0.847000	0.000000
0.848000	2.704020
0.849000	9.824970
0.850000	6.039190
0.851000	0.991487
0.852000	-2.794290
0.853000	-7.391200
0.854000	-8.833480
0.855000	-3.064730
0.856000	2.884380
0.857000	7.751720
0.858000	9.824970
0.859000	7.932080
0.860000	4.416740
0.861000	0.360524
0.862000	-3.605420
0.863000	-4.056220
0.864000	-2.794290
0.865000	-3.605420
0.866000	-2.794290
0.867000	-0.811317
0.868000	-1.892890
0.869000	-1.712530
0.870000	-1.171840
0.871000	-3.605420
0.872000	-5.858830
0.873000	-8.112250
0.874000	-9.734700
0.875000	-7.841810
0.876000	-6.129270
0.877000	-1.982970
0.878000	-1.171840
0.879000	-1.442280
0.880000	-3.965950
0.881000	-5.318140
0.882000	-7.481280
0.883000	-8.202520
0.884000	-6.580070
0.885000	-4.146300
0.886000	-1.892890
0.887000	0.090085
0.888000	1.171840
0.889000	2.343500
0.890000	1.622450
0.891000	-0.180354
0.892000	-1.171840
0.893000	-3.064730
0.894000	-3.244900
0.895000	-1.261930
0.896000	2.613940
0.897000	4.506820
0.898000	5.588400
0.899000	5.768750
0.900000	4.506820
0.901000	3.244900
0.902000	0.630963
0.903000	0.090085
0.904000	2.163330
0.905000	4.146300
0.906000	6.940590
0.907000	13.881000
0.908000	10.816500
0.909000	7.030680
0.910000	2.794290
0.911000	1.802800
0.912000	3.064730
0.913000	0.630963
0.914000	1.081570
0.915000	2.433770
0.916000	0.090085
0.917000	1.171840
0.918000	2.613940
0.919000	3.965950
0.920000	3.965950
0.921000	1.261930
0.922000	0.630963
0.923000	-1.982970
0.924000	-10.095400
0.925000	1.261930
0.926000	-7.301110
0.927000	-0.180354
0.928000	5.047700
0.929000	-1.892890
0.930000	3.785780
0.931000	-0.630963
0.932000	-3.334980
0.933000	-1.081570
0.934000	-1.171840
0.935000	-0.721048
0.936000	2.884380
0.937000	4.236390
0.938000	6.489800
0.939000	2.794290
0.940000	-0.180354
0.941000	1.171840
0.942000	-5.498310
0.943000	0.901402
0.944000	2.974460
0.945000	0.991487
0.946000	9.734700
0.947000	1.892890
0.948000	1.712530
0.949000	-0.180354
0.950000	-3.695690
0.951000	-0.450609
0.952000	-1.802800
0.953000	0.721048
0.954000	3.965950
0.955000	0.360524
0.956000	-0.270439
0.957000	-2.343500
0.958000	-4.236390
0.959000	0.090085
0.960000	-0.630963
0.961000	2.884380
0.962000	2.794290
0.963000	-1.171840
0.964000	-0.360524
0.965000	-3.334980
0.966000	-3.244900
0.967000	3.605420
0.968000	-0.090085
0.969000	6.850320
0.970000	1.171840
0.971000	-2.433770
0.972000	0.090085
0.973000	-2.163330
0.974000	-1.081570
0.975000	6.039190
0.976000	-3.244900
0.977000	1.892890
0.978000	-1.442280
0.979000	1.532360
0.980000	0.000000
0.981000	-0.180354
0.982000	-4.056220
0.983000	-4.416740
0.984000	-3.154810
0.985000	6.940590
0.986000	4.416740
0.987000	6.219360
0.988000	4.326650
0.989000	-3.605420
0.990000	-5.227870
0.991000	-1.712530
0.992000	-0.991487
0.993000	6.399710
0.994000	4.867350
0.995000	5.047700
0.996000	0.991487
0.997000	-1.982970
0.998000	-0.630963
0.999000	1.352010
1.000000	5.858830
1.001000	10.275600
1.002000	7.211030
1.003000	8.743210
1.004000	0.991487
1.005000	-0.721048
1.006000	-0.090085
1.007000	-2.343500
1.008000	3.334980
1.009000	4.867350
1.010000	1.261930
1.011000	1.442280
1.012000	-1.892890
1.013000	-3.244900
1.014000	0.721048
1.015000	1.171840
1.016000	7.751720
1.017000	4.056220
1.018000	1.442280
1.019000	-1.712530
1.020000	-7.571550
1.021000	-7.301110
1.022000	-1.802800
1.023000	0.180354
1.024000	4.957430
1.025000	2.974460
1.026000	0.991487
1.027000	-0.540878
1.028000	-4.056220
1.029000	-1.802800
1.030000	0.540878
1.031000	1.532360
1.032000	2.974460
1.033000	2.073060
1.034000	-0.630963
1.035000	0.090085
1.036000	-0.721048
1.037000	1.261930
1.038000	-0.090085
1.039000	-1.442280
1.040000	-3.334980
1.041000	-4.326650
1.042000	-4.867350
1.043000	-1.622450
1.044000	0.270439
1.045000	5.588400
1.046000	7.841810
1.047000	9.734700
1.048000	8.472770
1.049000	5.318140
1.050000	2.704020
1.051000	-0.721048
1.052000	-1.442280
1.053000	-0.180354
1.054000	-0.450609
1.055000	1.081570
1.056000	1.081570
1.057000	2.343500
1.058000	2.884380
1.059000	3.605420
1.060000	4.326650
1.061000	2.613940
1.062000	0.811317
1.063000	-0.090085
1.064000	-1.712530
1.065000	-0.991487
1.066000	-4.056220
1.067000	-1.442280
1.068000	-3.154810
1.069000	-3.875860
1.070000	-0.630963
1.071000	-3.064730
1.072000	-0.901402
1.073000	1.712530
1.074000	1.892890
1.075000	5.678670
1.076000	5.858830
1.077000	7.120760
1.078000	7.661640
1.079000	6.039190
1.080000	3.785780
1.081000	2.073060
1.082000	-2.253410
1.083000	-1.081570
1.084000	-4.777260
1.085000	-4.416740
1.086000	-1.081570
1.087000	-3.875860
1.088000	2.704020
1.089000	3.244900
1.090000	4.056220
1.091000	6.850320
1.092000	2.974460
1.093000	2.884380
1.094000	1.081570
1.095000	-0.360524
1.096000	-1.081570
1.097000	-3.425250
1.098000	-2.794290
1.099000	-1.892890
1.100000	-0.721048
1.101000	2.704020
1.102000	4.326650
1.103000	6.039190
1.104000	6.940590
1.105000	4.056220
1.106000	2.523850
1.107000	1.442280
1.108000	-1.712530
1.109000	-1.442280
1.110000	-4.687180
1.111000	-5.227870
1.112000	-6.039190
1.113000	-5.318140
1.114000	-4.326650
1.115000	-2.163330
1.116000	-0.901402
1.117000	0.180354
1.118000	-1.261930
1.119000	0.811317
1.120000	-0.630963
1.121000	0.901402
1.122000	1.622450
1.123000	1.622450
1.124000	2.073060
1.125000	0.090085
1.126000	0.360524
1.127000	-0.090085
1.128000	1.802800
1.129000	3.965950
1.130000	3.785780
1.131000	3.695690
1.132000	3.334980
1.133000	1.261930
1.134000	0.000000
1.135000	-0.180354
1.136000	-1.261930
1.137000	-0.540878
1.138000	-3.244900
1.139000	-5.047700
1.140000	-5.768750
1.141000	-7.571550
1.142000	-4.506820
1.143000	-2.073060
1.144000	-0.540878
1.145000	1.802800
1.146000	1.261930
1.147000	2.253410
1.148000	4.146300
1.149000	4.596910
1.150000	7.211030
1.151000	5.858830
1.152000	5.408230
1.153000	2.613940
1.154000	2.343500
1.155000	3.425250
1.156000	3.965950
1.157000	6.219360
1.158000	7.030680
1.159000	7.841810
1.160000	6.850320
1.161000	6.309630
1.162000	4.236390
1.163000	1.892890
1.164000	-0.721048
1.165000	-2.884380
1.166000	-6.039190
1.167000	-5.949100
1.168000	-6.309630
1.169000	-4.146300
1.170000	-3.965950
1.171000	-0.901402
1.172000	0.540878
1.173000	1.982970
1.174000	2.343500
1.175000	1.802800
1.176000	0.901402
1.177000	-0.630963
1.178000	-0.360524
1.179000	0.270439
1.180000	0.991487
1.181000	3.605420
1.182000	3.875860
1.183000	3.605420
1.184000	3.965950
1.185000	2.884380
1.186000	2.884380
1.187000	3.695690
1.188000	2.523850
1.189000	4.326650
1.190000	3.334980
1.191000	3.154810
1.192000	2.073060
1.193000	0.000000
1.194000	-1.261930
1.195000	-2.613940
1.196000	-3.244900
1.197000	-2.253410
1.198000	-2.974460
1.199000	-1.892890
1.200000	-1.261930
1.201000	-1.261930
1.202000	0.270439
1.203000	1.352010
1.204000	2.163330
1.205000	2.343500
1.206000	1.442280
1.207000	0.630963
1.208000	-0.450609
1.209000	-0.991487
1.210000	-0.270439
1.211000	0.450609
1.212000	1.442280
1.213000	2.343500
1.214000	3.785780
1.215000	4.056220
1.216000	4.596910
1.217000	4.236390
1.218000	3.695690
1.219000	2.794290
1.220000	1.802800
1.221000	0.901402
1.222000	-0.090085
1.223000	-0.360524
1.224000	-2.163330
1.225000	-2.343500
1.226000	-2.794290
1.227000	-3.064730
1.228000	-2.343500
1.229000	-0.901402
1.230000	-0.180354
1.231000	0.540878
1.232000	0.270439
1.233000	0.270439
1.234000	-0.270439
1.235000	-1.171840
1.236000	-0.991487
1.237000	-1.171840
1.238000	-0.901402
1.239000	0.270439
1.240000	1.261930
1.241000	2.073060
1.242000	3.154810
1.243000	3.154810
1.244000	3.515340
1.245000	3.695690
1.246000	3.244900
1.247000	2.884380
1.248000	1.802800
1.249000	0.450609
1.250000	0.090085
1.251000	-0.630963
1.252000	0.360524
1.253000	-0.270439
1.254000	-0.180354
1.255000	-0.450609
1.256000	-0.721048
1.257000	-1.532360
1.258000	-0.090085
1.259000	0.360524
1.260000	1.532360
1.261000	2.163330
1.262000	2.163330
1.263000	1.982970
1.264000	0.901402
1.265000	0.090085
1.266000	-0.450609
1.267000	-0.630963
1.268000	-0.360524
1.269000	0.270439
1.270000	1.442280
1.271000	1.802800
1.272000	2.253410
1.273000	2.163330
1.274000	1.532360
1.275000	1.081570
1.276000	0.721048
1.277000	-0.270439
1.278000	-0.811317
1.279000	-1.532360
1.280000	-2.523850
1.281000	-3.154810
1.282000	-2.974460
1.283000	-2.613940
1.284000	-2.073060
1.285000	-1.171840
1.286000	-0.360524
1.287000	-0.180354
1.288000	0.450609
1.289000	0.811317
1.290000	1.712530
1.291000	2.523850
1.292000	2.704020
1.293000	2.794290
1.294000	2.253410
1.295000	1.171840
1.296000	0.991487
1.297000	0.991487
1.298000	1.442280
1.299000	2.794290
1.300000	3.785780
1.301000	4.146300
1.302000	4.236390
1.303000	3.695690
1.304000	2.974460
1.305000	1.532360
1.306000	0.630963
1.307000	0.000000
1.308000	-1.261930
1.309000	-1.802800
1.310000	-1.982970
1.311000	-2.253410
1.312000	-1.532360
1.313000	-0.721048
1.314000	0.090085
1.315000	1.352010
1.316000	1.442280
1.317000	2.253410
1.318000	2.523850
1.319000	2.163330
1.320000	2.794290
1.321000	2.433770
1.322000	2.523850
1.323000	2.433770
1.324000	1.802800
1.325000	2.163330
1.326000	2.163330
1.327000	2.613940
1.328000	3.154810
1.329000	3.064730
1.330000	3.515340
1.331000	3.515340
1.332000	3.064730
1.333000	2.974460
1.334000	2.523850
1.335000	1.442280
1.336000	1.171840
1.337000	-0.180354
1.338000	-0.901402
1.339000	-1.352010
1.340000	-1.622450
1.341000	-1.081570
1.342000	-0.721048
1.343000	0.180354
1.344000	0.630963
1.345000	0.630963
1.346000	1.081570
1.347000	0.811317
1.348000	0.811317
1.349000	0.721048
1.350000	0.270439
1.351000	-0.180354
1.352000	-0.270439
1.353000	-0.721048
1.354000	-0.721048
1.355000	-0.360524
1.356000	0.000000
1.357000	0.360524
1.358000	1.081570
1.359000	1.261930
1.360000	1.532360
1.361000	1.712530
1.362000	1.532360
1.363000	1.081570
1.364000	0.811317
1.365000	0.450609
1.366000	0.090085
1.367000	-0.090085
1.368000	-0.180354
1.369000	-0.540878
1.370000	-0.450609
1.371000	-0.721048
1.372000	-0.540878
1.373000	-0.270439
1.374000	0.180354
1.375000	0.180354
1.376000	0.721048
1.377000	0.270439
1.378000	0.360524
1.379000	0.180354
1.380000	-0.180354
1.381000	-0.180354
1.382000	-0.270439
1.383000	-0.090085
1.384000	-0.090085
1.385000	0.270439
1.386000	0.721048
1.387000	0.991487
1.388000	1.261930
1.389000	2.163330
1.390000	2.343500
1.391000	2.523850
1.392000	2.163330
1.393000	1.892890
1.394000	0.721048
1.395000	0.450609
1.396000	0.090085
1.397000	-0.180354
1.398000	0.000000
1.399000	-0.090085
1.400000	0.090085
1.401000	0.000000
1.402000	-0.270439
1.403000	0.090085
1.404000	0.811317
1.405000	1.622450
1.406000	1.982970
1.407000	1.532360
1.408000	1.622450
1.409000	0.180354
1.410000	0.270439
1.411000	0.000000
1.412000	0.270439
1.413000	0.811317
1.414000	1.261930
1.415000	1.352010
1.416000	2.343500
1.417000	1.352010
1.418000	1.892890
1.419000	1.982970
1.420000	2.253410
1.421000	2.343500
1.422000	1.622450
1.423000	1.081570
1.424000	0.270439
1.425000	-0.811317
1.426000	-0.450609
1.427000	-0.360524
1.428000	0.721048
1.429000	0.901402
1.430000	1.171840
1.431000	1.171840
1.432000	1.081570
1.433000	0.630963
1.434000	1.712530
1.435000	2.163330
1.436000	1.982970
1.437000	1.532360
1.438000	1.171840
1.439000	-0.270439
1.440000	-0.360524
1.441000	-0.540878
1.442000	-0.090085
1.443000	0.540878
1.444000	0.630963
1.445000	1.171840
1.446000	1.081570
1.447000	0.811317
1.448000	0.450609
1.449000	0.630963
1.450000	0.090085
1.451000	-0.090085
1.452000	-0.540878
1.453000	-0.360524
1.454000	-0.811317
1.455000	-0.540878
1.456000	-0.360524
1.457000	-0.180354
1.458000	0.270439
1.459000	0.360524
1.460000	1.081570
1.461000	1.261930
1.462000	1.712530
1.463000	1.622450
1.464000	1.802800
1.465000	1.892890
1.466000	1.442280
1.467000	1.622450
1.468000	1.261930
1.469000	1.171840
1.470000	1.261930
1.471000	1.171840
1.472000	1.532360
1.473000	2.163330
1.474000	1.982970
1.475000	3.244900
1.476000	2.974460
1.477000	2.704020
1.478000	2.433770
1.479000	0.721048
1.480000	0.811317
1.481000	0.090085
1.482000	-0.180354
1.483000	0.270439
1.484000	0.270439
1.485000	0.090085
1.486000	0.270439
1.487000	-0.090085
1.488000	-0.270439
1.489000	-0.360524
1.490000	0.090085
1.491000	0.630963
1.492000	0.721048
1.493000	0.901402
1.494000	0.721048
1.495000	0.630963
1.496000	1.352010
1.497000	1.442280
1.498000	2.433770
1.499000	2.163330
1.500000	2.253410
1.501000	2.073060
1.502000	1.892890
1.503000	2.253410
1.504000	2.794290
1.505000	2.974460
1.506000	3.064730
1.507000	2.523850
1.508000	1.712530
1.509000	1.081570
1.510000	0.000000
1.511000	-0.270439
1.512000	-0.721048
1.513000	-0.721048
1.514000	-0.901402
1.515000	-1.442280
1.516000	-1.171840
1.517000	-0.991487
1.518000	-0.721048
1.519000	-0.090085
1.520000	0.000000
1.521000	0.270439
1.522000	0.721048
1.523000	0.270439
1.524000	0.450609
1.525000	0.000000
1.526000	0.180354
1.527000	0.540878
1.528000	0.180354
1.529000	0.540878
1.530000	0.630963
1.531000	0.811317
1.532000	0.991487
1.533000	0.901402
1.534000	0.991487
1.535000	1.081570
1.536000	0.540878
1.537000	0.811317
1.538000	0.090085
1.539000	-0.090085
1.540000	-0.090085
1.541000	-0.630963
1.542000	-0.811317
1.543000	-0.721048
1.544000	-0.540878
1.545000	-0.090085
1.546000	0.270439
1.547000	0.630963
1.548000	0.991487
1.549000	1.171840
1.550000	1.171840
1.551000	1.171840
1.552000	1.171840
1.553000	0.901402
1.554000	0.270439
1.555000	0.270439
1.556000	0.000000
1.557000	0.180354
1.558000	0.540878
1.559000	0.721048
1.560000	0.991487
1.561000	0.901402
1.562000	1.081570
1.563000	1.622450
1.564000	1.892890
1.565000	1.712530
1.566000	1.712530
1.567000	0.901402
1.568000	0.540878
1.569000	0.540878
1.570000	0.180354
1.571000	0.811317
1.572000	0.901402
1.573000	1.261930
1.574000	1.532360
1.575000	1.442280
1.576000	1.622450
1.577000	1.712530
1.578000	1.982970
1.579000	1.802800
1.580000	1.442280
1.581000	1.081570
1.582000	0.721048
1.583000	0.270439
1.584000	0.540878
1.585000	0.811317
1.586000	0.721048
1.587000	1.081570
1.588000	0.901402
1.589000	0.901402
1.590000	0.901402
1.591000	0.901402
1.592000	0.991487
1.593000	0.991487
1.594000	0.630963
1.595000	0.540878
1.596000	0.360524
1.597000	0.000000
1.598000	0.090085
1.599000	0.090085
1.600000	0.090085
1.601000	0.450609
1.602000	0.721048
1.603000	0.811317
1.604000	1.081570
1.605000	0.991487
1.606000	1.171840
1.607000	1.261930
1.608000	0.991487
1.609000	1.081570
1.610000	0.901402
1.611000	0.721048
1.612000	0.811317
1.613000	0.811317
1.614000	0.991487
1.615000	0.991487
1.616000	0.901402
1.617000	0.811317
1.618000	0.630963
1.619000	0.360524
1.620000	0.270439
1.621000	0.360524
1.622000	0.180354
1.623000	0.180354
1.624000	0.360524
1.625000	0.180354
1.626000	0.360524
1.627000	0.450609
1.628000	0.540878
1.629000	0.901402
1.630000	1.081570
1.631000	1.081570
1.632000	1.442280
1.633000	1.622450
1.634000	1.892890
1.635000	1.892890
1.636000	1.982970
1.637000	1.892890
1.638000	1.892890
1.639000	1.982970
1.640000	1.982970
1.641000	1.802800
1.642000	1.712530
1.643000	1.171840
1.644000	1.261930
1.645000	1.081570
1.646000	1.261930
1.647000	1.442280
1.648000	1.261930
1.649000	0.991487
1.650000	0.540878
1.651000	0.180354
1.652000	0.180354
1.653000	0.090085
1.654000	0.450609
1.655000	0.360524
1.656000	0.360524
1.657000	0.180354
1.658000	0.180354
1.659000	0.270439
1.660000	0.180354
1.661000	0.540878
1.662000	0.630963
1.663000	0.721048
1.664000	0.811317
1.665000	0.991487
1.666000	1.081570
1.667000	1.081570
1.668000	1.171840
1.669000	1.081570
1.670000	0.811317
1.671000	0.901402
1.672000	0.721048
1.673000	0.721048
1.674000	0.811317
1.675000	0.991487
1.676000	0.991487
1.677000	1.081570
1.678000	0.901402
1.679000	0.991487
1.680000	0.811317
1.681000	0.450609
1.682000	0.270439
1.683000	0.270439
1.684000	0.090085
1.685000	0.090085
1.686000	0.180354
1.687000	0.180354
1.688000	0.090085
1.689000	0.090085
1.690000	0.090085
1.691000	0.000000
1.692000	-0.090085
1.693000	-0.090085
1.694000	0.180354
1.695000	0.180354
1.696000	0.360524
1.697000	0.180354
1.698000	0.180354
1.699000	0.090085
1.700000	-0.180354
1.701000	-0.090085
1.702000	0.000000
1.703000	0.180354
1.704000	0.270439
1.705000	0.270439
1.706000	0.450609
1.707000	0.630963
1.708000	0.721048
1.709000	0.811317
1.710000	0.991487
1.711000	0.811317
1.712000	0.811317
1.713000	0.540878
1.714000	0.450609
1.715000	0.360524
1.716000	0.360524
1.717000	0.901402
1.718000	0.630963
1.719000	1.081570
1.720000	0.540878
1.721000	0.540878
1.722000	0.901402
1.723000	1.532360
1.724000	1.532360
1.725000	1.622450
1.726000	0.360524
1.727000	0.450609
1.728000	0.180354
1.729000	1.261930
1.730000	1.622450
1.731000	1.982970
1.732000	1.712530
1.733000	1.081570
1.734000	0.450609
1.735000	0.540878
1.736000	1.171840
1.737000	1.802800
1.738000	2.163330
1.739000	1.892890
1.740000	1.622450
1.741000	0.630963
1.742000	0.721048
1.743000	0.360524
1.744000	1.622450
1.745000	1.171840
1.746000	1.532360
1.747000	0.991487
1.748000	0.450609
1.749000	0.540878
1.750000	1.171840
1.751000	1.622450
1.752000	2.433770
1.753000	1.802800
1.754000	1.622450
1.755000	1.081570
1.756000	0.811317
1.757000	1.081570
1.758000	1.171840
1.759000	1.442280
1.760000	1.352010
1.761000	1.081570
1.762000	0.811317
1.763000	0.901402
1.764000	0.630963
1.765000	0.901402
1.766000	0.721048
1.767000	0.360524
1.768000	0.180354
1.769000	-0.180354
1.770000	-0.180354
1.771000	0.090085
1.772000	0.090085
1.773000	0.360524
1.774000	-0.090085
1.775000	-0.180354
1.776000	-0.360524
1.777000	-0.090085
1.778000	0.811317
1.779000	1.442280
1.780000	1.892890
1.781000	1.982970
1.782000	1.171840
1.783000	0.991487
1.784000	0.811317
1.785000	1.261930
1.786000	1.802800
1.787000	1.892890
1.788000	1.532360
1.789000	1.081570
1.790000	0.450609
1.791000	0.360524
1.792000	0.450609
1.793000	0.991487
1.794000	1.171840
1.795000	0.991487
1.796000	0.540878
1.797000	-0.090085
1.798000	-0.540878
1.799000	-0.360524
1.800000	-0.090085
1.801000	0.450609
1.802000	0.630963
1.803000	0.450609
1.804000	0.000000
1.805000	-0.090085
1.806000	0.000000
1.807000	0.630963
1.808000	0.991487
1.809000	1.802800
1.810000	1.802800
1.811000	1.442280
1.812000	1.081570
1.813000	1.171840
1.814000	1.171840
1.815000	1.261930
1.816000	1.892890
1.817000	1.802800
1.818000	1.081570
1.819000	0.991487
1.820000	0.901402
1.821000	1.081570
1.822000	1.081570
1.823000	1.081570
1.824000	0.450609
1.825000	0.000000
1.826000	0.180354
1.827000	-0.360524
1.828000	0.360524
1.829000	-0.090085
1.830000	-0.360524
1.831000	-0.721048
1.832000	-0.721048
1.833000	-0.270439
1.834000	0.090085
1.835000	0.270439
1.836000	0.630963
1.837000	-0.090085
1.838000	-0.360524
1.839000	-0.270439
1.840000	0.180354
1.841000	0.991487
1.842000	1.622450
1.843000	1.802800
1.844000	1.622450
1.845000	0.721048
1.846000	0.630963
1.847000	0.540878
1.848000	1.261930
1.849000	1.982970
1.850000	2.163330
1.851000	1.892890
1.852000	1.081570
1.853000	0.180354
1.854000	-0.180354
1.855000	-0.180354
1.856000	0.270439
1.857000	0.270439
1.858000	0.450609
1.859000	0.000000
1.860000	-0.450609
1.861000	-0.721048
1.862000	-0.901402
1.863000	-0.360524
1.864000	0.090085
1.865000	0.721048
1.866000	0.721048
1.867000	0.270439
1.868000	0.180354
1.869000	0.000000
1.870000	0.270439
1.871000	0.811317
1.872000	1.532360
1.873000	1.892890
1.874000	1.532360
1.875000	1.171840
1.876000	0.901402
1.877000	1.081570
1.878000	1.442280
1.879000	1.532360
1.880000	1.802800
1.881000	1.442280
1.882000	1.081570
1.883000	0.901402
1.884000	0.901402
1.885000	0.991487
1.886000	0.991487
1.887000	0.991487
1.888000	1.081570
1.889000	0.991487
1.890000	0.991487
1.891000	1.081570
1.892000	1.171840
1.893000	1.352010
1.894000	1.171840
1.895000	1.261930
1.896000	1.261930
1.897000	1.261930
1.898000	1.171840
1.899000	0.991487
1.900000	1.081570
1.901000	0.901402
1.902000	0.901402
1.903000	1.081570
1.904000	1.261930
1.905000	1.442280
1.906000	1.622450
1.907000	1.261930
1.908000	0.991487
1.909000	0.630963
1.910000	0.811317
1.911000	0.721048
1.912000	1.081570
1.913000	1.171840
1.914000	1.352010
1.915000	1.171840
1.916000	1.171840
1.917000	0.901402
1.918000	1.081570
1.919000	1.081570
1.920000	1.352010
1.921000	1.171840
1.922000	1.171840
1.923000	0.901402
1.924000	0.630963
1.925000	0.721048
1.926000	0.811317
1.927000	0.901402
1.928000	1.081570
1.929000	0.811317
1.930000	0.630963
1.931000	0.360524
1.932000	0.450609
1.933000	0.450609
1.934000	0.630963
1.935000	0.630963
1.936000	0.630963
1.937000	0.180354
1.938000	0.090085
1.939000	0.090085
1.940000	0.180354
1.941000	0.450609
1.942000	0.540878
1.943000	0.540878
1.944000	0.360524
1.945000	0.450609
1.946000	0.450609
1.947000	0.721048
1.948000	0.901402
1.949000	1.081570
1.950000	0.991487
1.951000	0.901402
1.952000	0.540878
1.953000	0.540878
1.954000	0.540878
1.955000	0.721048
1.956000	0.721048
1.957000	0.901402
1.958000	0.630963
1.959000	0.630963
1.960000	0.540878
1.961000	0.360524
1.962000	0.360524
1.963000	0.360524
1.964000	0.360524
1.965000	0.450609
1.966000	0.360524
1.967000	0.360524
1.968000	0.180354
1.969000	0.090085
1.970000	0.270439
1.971000	0.090085
1.972000	0.180354
1.973000	0.180354
1.974000	0.270439
1.975000	0.180354
1.976000	0.270439
1.977000	0.450609
1.978000	0.721048
1.979000	0.811317
1.980000	0.991487
1.981000	0.811317
1.982000	0.811317
1.983000	0.811317
1.984000	0.630963
1.985000	0.721048
1.986000	0.901402
1.987000	1.171840
1.988000	1.442280
1.989000	1.352010
1.990000	1.171840
1.991000	0.991487
1.992000	0.811317
1.993000	0.901402
1.994000	0.991487
1.995000	1.081570
1.996000	1.261930
1.997000	1.081570
1.998000	0.991487
1.999000	0.721048
2.000000	0.450609
2.001000	0.270439
2.002000	0.360524
2.003000	0.540878
2.004000	0.630963
2.005000	0.540878
2.006000	0.630963
2.007000	0.450609
2.008000	0.360524
2.009000	0.450609
2.010000	0.811317
2.011000	1.081570
2.012000	0.991487
2.013000	0.721048
2.014000	0.540878
2.015000	0.270439
2.016000	0.360524
2.017000	0.540878
2.018000	1.171840
2.019000	1.622450
2.020000	1.442280
2.021000	1.171840
2.022000	0.901402
2.023000	0.721048
2.024000	0.630963
2.025000	0.991487
2.026000	1.442280
2.027000	1.532360
2.028000	1.261930
2.029000	0.811317
2.030000	0.450609
2.031000	0.450609
2.032000	0.721048
2.033000	1.171840
2.034000	1.171840
2.035000	1.081570
2.036000	0.901402
2.037000	0.540878
2.038000	0.450609
2.039000	0.721048
2.040000	1.171840
2.041000	1.171840
2.042000	1.081570
2.043000	0.991487
2.044000	0.811317
2.045000	0.721048
2.046000	0.811317
2.047000	1.081570
2.048000	1.352010
2.049000	1.442280
2.050000	1.622450
2.051000	1.622450
2.052000	1.442280
2.053000	1.261930
2.054000	1.171840
2.055000	1.261930
2.056000	1.171840
2.057000	1.081570
2.058000	1.171840
2.059000	1.081570
2.060000	1.081570
2.061000	0.901402
2.062000	0.991487
2.063000	0.901402
2.064000	0.901402
2.065000	0.811317
2.066000	0.901402
2.067000	0.721048
2.068000	0.630963
2.069000	0.630963
2.070000	0.540878
2.071000	0.630963
2.072000	0.721048
2.073000	0.630963
2.074000	0.540878
2.075000	0.360524
2.076000	0.270439
2.077000	0.360524
2.078000	0.630963
2.079000	0.811317
2.080000	0.991487
2.081000	0.901402
2.082000	0.540878
2.083000	0.000000
2.084000	-0.090085
2.085000	0.360524
2.086000	0.630963
2.087000	0.811317
2.088000	0.811317
2.089000	0.540878
2.090000	0.090085
2.091000	0.000000
2.092000	0.360524
2.093000	0.811317
2.094000	1.081570
2.095000	1.171840
2.096000	0.721048
2.097000	0.270439
2.098000	0.180354
2.099000	0.450609
2.100000	0.811317
2.101000	1.171840
2.102000	1.352010
2.103000	1.081570
2.104000	0.540878
2.105000	0.180354
2.106000	0.180354
2.107000	0.540878
2.108000	1.081570
2.109000	1.442280
2.110000	1.261930
2.111000	0.721048
2.112000	0.180354
2.113000	0.000000
2.114000	0.180354
2.115000	0.540878
2.116000	1.081570
2.117000	1.171840
2.118000	1.081570
2.119000	0.540878
2.120000	0.180354
2.121000	0.000000
2.122000	0.180354
2.123000	0.811317
2.124000	1.261930
2.125000	1.352010
2.126000	0.991487
2.127000	0.630963
2.128000	0.450609
2.129000	0.630963
2.130000	0.630963
2.131000	1.081570
2.132000	1.261930
2.133000	1.261930
2.134000	0.901402
2.135000	0.450609
2.136000	0.270439
2.137000	0.360524
2.138000	0.721048
2.139000	0.991487
2.140000	1.081570
2.141000	0.721048
2.142000	0.360524
2.143000	0.090085
2.144000	-0.090085
2.145000	0.270439
2.146000	0.721048
2.147000	0.991487
2.148000	1.081570
2.149000	0.901402
2.150000	0.630963
2.151000	0.450609
2.152000	0.540878
2.153000	0.721048
2.154000	1.081570
2.155000	1.261930
2.156000	1.261930
2.157000	1.081570
2.158000	0.811317
2.159000	0.811317
2.160000	0.811317
2.161000	1.171840
2.162000	1.352010
2.163000	1.532360
2.164000	1.261930
2.165000	0.991487
2.166000	0.721048
2.167000	0.721048
2.168000	0.811317
2.169000	1.081570
2.170000	1.171840
2.171000	0.991487
2.172000	0.811317
2.173000	0.540878
2.174000	0.540878
2.175000	0.450609
2.176000	0.630963
2.177000	0.721048
2.178000	0.540878
2.179000	0.630963
2.180000	0.630963
2.181000	0.540878
2.182000	0.901402
2.183000	0.901402
2.184000	0.901402
2.185000	0.450609
2.186000	0.450609
2.187000	0.270439
2.188000	0.721048
2.189000	0.901402
2.190000	1.261930
2.191000	1.171840
2.192000	0.901402
2.193000	0.721048
2.194000	0.450609
2.195000	0.811317
2.196000	1.081570
2.197000	1.532360
2.198000	1.352010
2.199000	1.171840
