-0.300000	0.091297
-0.299000	0.082269
-0.298000	0.100326
-0.297000	0.091297
-0.296000	0.109372
-0.295000	0.091297
-0.294000	0.091297
-0.293000	0.100326
-0.292000	0.091297
-0.291000	0.091297
-0.290000	0.091297
-0.289000	0.091297
-0.288000	0.091297
-0.287000	0.100326
-0.286000	0.109372
-0.285000	0.100326
-0.284000	0.100326
-0.283000	0.091297
-0.282000	0.091297
-0.281000	0.100326
-0.280000	0.091297
-0.279000	0.091297
-0.278000	0.082269
-0.277000	0.100326
-0.276000	0.091297
-0.275000	0.100326
-0.274000	0.082269
-0.273000	0.109372
-0.272000	0.091297
-0.271000	0.100326
-0.270000	0.091297
-0.269000	0.082269
-0.268000	0.091297
-0.267000	0.100326
-0.266000	0.091297
-0.265000	0.082269
-0.264000	0.091297
-0.263000	0.091297
-0.262000	0.091297
-0.261000	0.091297
-0.260000	0.091297
-0.259000	0.091297
-0.258000	0.100326
-0.257000	0.100326
-0.256000	0.091297
-0.255000	0.109372
-0.254000	0.100326
-0.253000	0.091297
-0.252000	0.091297
-0.251000	0.100326
-0.250000	0.100326
-0.249000	0.082269
-0.248000	0.091297
-0.247000	0.082269
-0.246000	0.082269
-0.245000	0.100326
-0.244000	0.100326
-0.243000	0.100326
-0.242000	0.100326
-0.241000	0.100326
-0.240000	0.091297
-0.239000	0.091297
-0.238000	0.100326
-0.237000	0.091297
-0.236000	0.100326
-0.235000	0.082269
-0.234000	0.091297
-0.233000	0.073242
-0.232000	0.091297
-0.231000	0.109372
-0.230000	0.082269
-0.229000	0.091297
-0.228000	0.100326
-0.227000	0.100326
-0.226000	0.082269
-0.225000	0.091297
-0.224000	0.091297
-0.223000	0.091297
-0.222000	0.091297
-0.221000	0.091297
-0.220000	0.091297
-0.219000	0.100326
-0.218000	0.100326
-0.217000	0.091297
-0.216000	0.100326
-0.215000	0.100326
-0.214000	0.091297
-0.213000	0.100326
-0.212000	0.091297
-0.211000	0.091297
-0.210000	0.091297
-0.209000	0.100326
-0.208000	0.091297
-0.207000	0.100326
-0.206000	0.091297
-0.205000	0.091297
-0.204000	0.109372
-0.203000	0.100326
-0.202000	0.091297
-0.201000	0.091297
-0.200000	0.091297
-0.199000	0.091297
-0.198000	0.091297
-0.197000	0.082269
-0.196000	0.100326
-0.195000	0.091297
-0.194000	0.091297
-0.193000	0.100326
-0.192000	0.091297
-0.191000	0.091297
-0.190000	0.100326
-0.189000	0.100326
-0.188000	0.100326
-0.187000	0.100326
-0.186000	0.091297
-0.185000	0.100326
-0.184000	0.091297
-0.183000	0.100326
-0.182000	0.100326
-0.181000	0.091297
-0.180000	0.100326
-0.179000	0.091297
-0.178000	0.100326
-0.177000	0.091297
-0.176000	0.091297
-0.175000	0.091297
-0.174000	0.091297
-0.173000	0.100326
-0.172000	0.082269
-0.171000	0.091297
-0.170000	0.091297
-0.169000	0.100326
-0.168000	0.100326
-0.167000	0.109372
-0.166000	0.109372
-0.165000	0.100326
-0.164000	0.100326
-0.163000	0.109372
-0.162000	0.091297
-0.161000	0.091297
-0.160000	0.091297
-0.159000	0.100326
-0.158000	0.091297
-0.157000	0.091297
-0.156000	0.082269
-0.155000	0.109372
-0.154000	0.091297
-0.153000	0.091297
-0.152000	0.100326
-0.151000	0.091297
-0.150000	0.091297
-0.149000	0.091297
-0.148000	0.091297
-0.147000	0.091297
-0.146000	0.091297
-0.145000	0.091297
-0.144000	0.082269
-0.143000	0.100326
-0.142000	0.100326
-0.141000	0.091297
-0.140000	0.091297
-0.139000	0.091297
-0.138000	0.091297
-0.137000	0.100326
-0.136000	0.091297
-0.135000	0.091297
-0.134000	0.091297
-0.133000	0.091297
-0.132000	0.091297
-0.131000	0.109372
-0.130000	0.091297
-0.129000	0.100326
-0.128000	0.091297
-0.127000	0.091297
-0.126000	0.082269
-0.125000	0.100326
-0.124000	0.091297
-0.123000	0.091297
-0.122000	0.100326
-0.121000	0.091297
-0.120000	0.100326
-0.119000	0.091297
-0.118000	0.082269
-0.117000	0.100326
-0.116000	0.091297
-0.115000	0.100326
-0.114000	0.091297
-0.113000	0.091297
-0.112000	0.091297
-0.111000	0.091297
-0.110000	0.091297
-0.109000	0.091297
-0.108000	0.091297
-0.107000	0.091297
-0.106000	0.100326
-0.105000	0.100326
-0.104000	0.091297
-0.103000	0.109372
-0.102000	0.091297
-0.101000	0.100326
-0.100000	0.091297
-0.099000	0.100326
-0.098000	0.091297
-0.097000	0.100326
-0.096000	0.100326
-0.095000	0.091297
-0.094000	0.091297
-0.093000	0.091297
-0.092000	0.100326
-0.091000	0.100326
-0.090000	0.091297
-0.089000	0.100326
-0.088000	0.100326
-0.087000	0.082269
-0.086000	0.091297
-0.085000	0.082269
-0.084000	0.100326
-0.083000	0.091297
-0.082000	0.100326
-0.081000	0.100326
-0.080000	0.091297
-0.079000	0.100326
-0.078000	0.091297
-0.077000	0.100326
-0.076000	0.100326
-0.075000	0.091297
-0.074000	0.082269
-0.073000	0.091297
-0.072000	0.091297
-0.071000	0.100326
-0.070000	0.100326
-0.069000	0.100326
-0.068000	0.100326
-0.067000	0.082269
-0.066000	0.082269
-0.065000	0.100326
-0.064000	0.100326
-0.063000	0.091297
-0.062000	0.082269
-0.061000	0.091297
-0.060000	0.091297
-0.059000	0.100326
-0.058000	0.100326
-0.057000	0.100326
-0.056000	0.100326
-0.055000	0.091297
-0.054000	0.091297
-0.053000	0.091297
-0.052000	0.091297
-0.051000	0.091297
-0.050000	0.100326
-0.049000	0.091297
-0.048000	0.091297
-0.047000	0.082269
-0.046000	0.091297
-0.045000	0.073242
-0.044000	0.091297
-0.043000	0.091297
-0.042000	0.091297
-0.041000	0.091297
-0.040000	0.091297
-0.039000	0.091297
-0.038000	0.091297
-0.037000	0.082269
-0.036000	0.082269
-0.035000	0.064195
-0.034000	0.064195
-0.033000	0.055167
-0.032000	0.037092
-0.031000	0.019036
-0.030000	0.019036
-0.029000	0.000962
-0.028000	0.019036
-0.027000	0.010008
-0.026000	0.000962
-0.025000	0.019036
-0.024000	0.028065
-0.023000	0.028065
-0.022000	0.046139
-0.021000	0.055167
-0.020000	0.055167
-0.019000	0.055167
-0.018000	0.064195
-0.017000	0.064195
-0.016000	0.091297
-0.015000	0.082269
-0.014000	0.100326
-0.013000	0.073242
-0.012000	0.091297
-0.011000	0.118400
-0.010000	0.127428
-0.009000	0.127428
-0.008000	0.172605
-0.007000	0.172605
-0.006000	0.163559
-0.005000	0.208736
-0.004000	0.208736
-0.003000	0.208736
-0.002000	0.244866
-0.001000	0.280996
0.000000	0.262922
0.001000	0.299071
0.002000	0.317127
0.003000	0.308099
0.004000	0.317127
0.005000	0.344229
0.006000	0.371332
0.007000	0.362304
0.008000	0.344229
0.009000	0.344229
0.010000	0.335201
0.011000	0.326155
0.012000	0.353257
0.013000	0.380360
0.014000	0.398435
0.015000	0.443593
0.016000	0.443593
0.017000	0.470696
0.018000	0.515854
0.019000	0.570059
0.020000	0.624264
0.021000	0.687497
0.022000	0.687497
0.023000	0.723628
0.024000	0.804917
0.025000	0.877196
0.026000	0.940429
0.027000	1.012690
0.028000	1.112050
0.029000	1.238520
0.030000	1.247550
0.031000	1.346910
0.032000	1.383040
0.033000	1.283680
0.034000	1.274650
0.035000	1.292720
0.036000	1.274650
0.037000	1.166260
0.038000	1.021720
0.039000	0.886224
0.040000	0.795889
0.041000	0.669423
0.042000	0.533929
0.043000	0.452621
0.044000	0.317127
0.045000	0.190661
0.046000	0.127428
0.047000	0.046139
0.048000	-0.071299
0.049000	-0.125504
0.050000	-0.170662
0.051000	-0.242924
0.052000	-0.306157
0.053000	-0.378418
0.054000	-0.432623
0.055000	-0.486827
0.056000	-0.550060
0.057000	-0.577163
0.058000	-0.586191
0.059000	-0.586191
0.060000	-0.595219
0.061000	-0.613293
0.062000	-0.694582
0.063000	-0.703629
0.064000	-0.649424
0.065000	-0.550060
0.066000	-0.477799
0.067000	-0.414567
0.068000	-0.405520
0.069000	-0.279054
0.070000	-0.161634
0.071000	-0.035168
0.072000	0.118400
0.073000	0.208736
0.074000	0.199708
0.075000	0.244866
0.076000	0.371332
0.077000	0.335201
0.078000	0.425537
0.079000	0.488770
0.080000	0.326155
0.081000	0.299071
0.082000	0.362304
0.083000	0.344229
0.084000	0.380360
0.085000	0.416491
0.086000	0.280996
0.087000	0.199708
0.088000	0.262922
0.089000	0.199708
0.090000	0.028065
0.091000	-0.008066
0.092000	0.000962
0.093000	-0.008066
0.094000	0.100326
0.095000	0.208736
0.096000	-0.062271
0.097000	-0.260998
0.098000	-0.125504
0.099000	0.073242
0.100000	0.064195
0.101000	-0.062271
0.102000	-0.152588
0.103000	-0.306157
0.104000	-0.170662
0.105000	-0.071299
0.106000	-0.080327
0.107000	-0.152588
0.108000	-0.459725
0.109000	-0.080327
0.110000	-0.026140
0.111000	-0.486827
0.112000	-0.279054
0.113000	-0.369390
0.114000	-0.495855
0.115000	-0.134532
0.116000	0.000962
0.117000	-0.008066
0.118000	0.064195
0.119000	0.064195
0.120000	0.010008
0.121000	-0.035168
0.122000	0.127428
0.123000	0.154531
0.124000	0.064195
0.125000	0.154531
0.126000	0.055167
0.127000	-0.053225
0.128000	0.064195
0.129000	0.199708
0.130000	-0.251970
0.131000	-0.351334
0.132000	-0.206793
0.133000	-0.143560
0.134000	0.091297
0.135000	0.199708
0.136000	0.028065
0.137000	0.064195
0.138000	0.082269
0.139000	0.190661
0.140000	-0.351334
0.141000	-0.775890
0.142000	-0.270026
0.143000	0.136475
0.144000	-0.342287
0.145000	0.073242
0.146000	-0.793946
0.147000	0.217764
0.148000	1.166260
0.149000	-0.251970
0.150000	-0.477799
0.151000	-0.116457
0.152000	0.118400
0.153000	1.590820
0.154000	1.374010
0.155000	0.786861
0.156000	0.687497
0.157000	0.958485
0.158000	1.500480
0.159000	1.663080
0.160000	1.130110
0.161000	0.895252
0.162000	0.506826
0.163000	0.335201
0.164000	3.442610
0.165000	7.155260
0.166000	3.424550
0.167000	0.732656
0.168000	3.280010
0.169000	3.523920
0.170000	2.674800
0.171000	3.162590
0.172000	1.112050
0.173000	-0.631349
0.174000	0.497798
0.175000	0.868149
0.176000	1.491450
0.177000	-0.893328
0.178000	-2.943850
0.179000	-3.097420
0.180000	-0.342287
0.181000	-0.089355
0.182000	-2.329590
0.183000	-3.747800
0.184000	-3.124520
0.185000	-3.142590
0.186000	-2.293460
0.187000	0.416491
0.188000	0.136475
0.189000	-0.875254
0.190000	-1.128190
0.191000	-0.965589
0.192000	-0.938487
0.193000	-0.793946
0.194000	-1.471450
0.195000	-0.613293
0.196000	-0.658452
0.197000	-0.694582
0.198000	0.037092
0.199000	1.256580
0.200000	2.024400
0.201000	2.882560
0.202000	2.277330
0.203000	1.780510
0.204000	2.078600
0.205000	2.187000
0.206000	2.990950
0.207000	3.243880
0.208000	2.909660
0.209000	3.180650
0.210000	4.047840
0.211000	3.812980
0.212000	3.641360
0.213000	2.421870
0.214000	1.437250
0.215000	1.500480
0.216000	1.672100
0.217000	1.292720
0.218000	0.786861
0.219000	0.028065
0.220000	0.190661
0.221000	0.597161
0.222000	0.687497
0.223000	0.335201
0.224000	-0.188737
0.225000	-0.360362
0.226000	0.055167
0.227000	0.651367
0.228000	1.247550
0.229000	1.554680
0.230000	1.572740
0.231000	1.645020
0.232000	1.843750
0.233000	1.925040
0.234000	2.123760
0.235000	2.358640
0.236000	2.376700
0.237000	2.403800
0.238000	2.268300
0.239000	2.304430
0.240000	2.593500
0.241000	2.557370
0.242000	2.322510
0.243000	2.141840
0.244000	2.087630
0.245000	2.078600
0.246000	2.015370
0.247000	1.888910
0.248000	1.997300
0.249000	2.114740
0.250000	2.096680
0.251000	1.970210
0.252000	1.672100
0.253000	1.464350
0.254000	1.410140
0.255000	1.545640
0.256000	1.717280
0.257000	1.726310
0.258000	1.410140
0.259000	1.112050
0.260000	1.021720
0.261000	1.066900
0.262000	1.184310
0.263000	1.084950
0.264000	0.931382
0.265000	0.967513
0.266000	1.274650
0.267000	1.708230
0.268000	2.051500
0.269000	2.232170
0.270000	2.376700
0.271000	2.494130
0.272000	2.611570
0.273000	2.918690
0.274000	3.171620
0.275000	3.379400
0.276000	3.532950
0.277000	3.605220
0.278000	3.478760
0.279000	3.352290
0.280000	3.180650
0.281000	3.000000
0.282000	2.873530
0.283000	2.620600
0.284000	2.331540
0.285000	2.042470
0.286000	1.879880
0.287000	1.690180
0.288000	1.690180
0.289000	1.554680
0.290000	1.346910
0.291000	1.184310
0.292000	0.958485
0.293000	1.012690
0.294000	1.310780
0.295000	1.545640
0.296000	1.807620
0.297000	1.897930
0.298000	1.906980
0.299000	2.069580
0.300000	2.205070
0.301000	2.277330
0.302000	2.313460
0.303000	2.322510
0.304000	2.159910
0.305000	2.141840
0.306000	2.123760
0.307000	2.223150
0.308000	2.232170
0.309000	2.015370
0.310000	1.879880
0.311000	1.798570
0.312000	1.834700
0.313000	1.952140
0.314000	1.961170
0.315000	2.033450
0.316000	1.988270
0.317000	1.970210
0.318000	2.141840
0.319000	2.105710
0.320000	2.033450
0.321000	2.033450
0.322000	2.042470
0.323000	2.033450
0.324000	1.979240
0.325000	1.979240
0.326000	2.114740
0.327000	2.250230
0.328000	2.078600
0.329000	1.952140
0.330000	2.114740
0.331000	2.087630
0.332000	1.897930
0.333000	1.970210
0.334000	1.798570
0.335000	1.843750
0.336000	1.970210
0.337000	1.979240
0.338000	1.744380
0.339000	1.897930
0.340000	2.087630
0.341000	2.286360
0.342000	2.412830
0.343000	2.105710
0.344000	1.952140
0.345000	2.521240
0.346000	2.259280
0.347000	2.385740
0.348000	2.503160
0.349000	2.078600
0.350000	2.096680
0.351000	2.114740
0.352000	2.123760
0.353000	1.934080
0.354000	1.735340
0.355000	1.780510
0.356000	1.807620
0.357000	1.500480
0.358000	1.238520
0.359000	1.310780
0.360000	1.455320
0.361000	1.410140
0.362000	1.247550
0.363000	1.130110
0.364000	1.130110
0.365000	1.247550
0.366000	1.410140
0.367000	1.491450
0.368000	1.455320
0.369000	1.337880
0.370000	1.364990
0.371000	1.699210
0.372000	1.744380
0.373000	1.672100
0.374000	1.635970
0.375000	1.916010
0.376000	2.015370
0.377000	1.780510
0.378000	1.934080
0.379000	1.852780
0.380000	1.888910
0.381000	1.961170
0.382000	1.816640
0.383000	1.825670
0.384000	1.771470
0.385000	1.906980
0.386000	2.024400
0.387000	1.906980
0.388000	1.916010
0.389000	1.997300
0.390000	2.114740
0.391000	2.177970
0.392000	2.024400
0.393000	0.344229
0.394000	1.681150
0.395000	1.807620
0.396000	1.328860
0.397000	2.268300
0.398000	1.419170
0.399000	1.238520
0.400000	1.825670
0.401000	2.214100
0.402000	2.602520
0.403000	2.069580
0.404000	1.807620
0.405000	2.015370
0.406000	1.852780
0.407000	1.789540
0.408000	2.033450
0.409000	2.105710
0.410000	1.663080
0.411000	1.608870
0.412000	1.545640
0.413000	1.392090
0.414000	1.482410
0.415000	1.744380
0.416000	1.717280
0.417000	1.617920
0.418000	1.744380
0.419000	1.735340
0.420000	1.852780
0.421000	1.852780
0.422000	1.599840
0.423000	1.473380
0.424000	1.256580
0.425000	2.286360
0.426000	2.232170
0.427000	1.888910
0.428000	1.780510
0.429000	1.401120
0.430000	1.473380
0.431000	1.708230
0.432000	1.979240
0.433000	1.807620
0.434000	1.328860
0.435000	1.310780
0.436000	0.967513
0.437000	1.509510
0.438000	1.979240
0.439000	1.952140
0.440000	2.006340
0.441000	1.852780
0.442000	0.877196
0.443000	0.687497
0.444000	1.166260
0.445000	2.141840
0.446000	4.770500
0.447000	3.975580
0.448000	2.051500
0.449000	2.042470
0.450000	1.663080
0.451000	1.410140
0.452000	1.645020
0.453000	1.970210
0.454000	2.367670
0.455000	1.997300
0.456000	1.897930
0.457000	1.301750
0.458000	0.732656
0.459000	0.904280
0.460000	1.645020
0.461000	2.196040
0.462000	2.060530
0.463000	1.572740
0.464000	0.759758
0.465000	0.913326
0.466000	1.419170
0.467000	1.590820
0.468000	1.247550
0.469000	0.786861
0.470000	-1.055920
0.471000	-1.444350
0.472000	-0.541032
0.473000	-2.194100
0.474000	-2.275410
0.475000	-1.083010
0.476000	-2.230230
0.477000	-3.856210
0.478000	-3.811040
0.479000	-3.494890
0.480000	-3.115490
0.481000	-2.898690
0.482000	-2.989030
0.483000	-3.440690
0.484000	-3.711670
0.485000	-3.756850
0.486000	-3.422610
0.487000	-2.934820
0.488000	-3.467790
0.489000	-3.856210
0.490000	-2.501240
0.491000	-2.374770
0.492000	-2.970950
0.493000	-2.492190
0.494000	-2.076660
0.495000	-2.004400
0.496000	-1.516610
0.497000	-0.947515
0.498000	-1.209470
0.499000	-0.531986
0.500000	-0.224868
0.501000	-0.098402
0.502000	0.217764
0.503000	0.434565
0.504000	0.976560
0.505000	1.482410
0.506000	1.202390
0.507000	0.434565
0.508000	0.280996
0.509000	0.696525
0.510000	0.190661
0.511000	-0.279054
0.512000	-0.468753
0.513000	-0.929459
0.514000	-1.335940
0.515000	-1.877940
0.516000	-3.133550
0.517000	-4.073020
0.518000	-4.045910
0.519000	-3.223880
0.520000	-2.998050
0.521000	-3.386480
0.522000	-3.531020
0.523000	-3.368420
0.524000	-3.250990
0.525000	-3.106450
0.526000	-3.269040
0.527000	-3.702650
0.528000	-3.820080
0.529000	-3.603280
0.530000	-3.982680
0.531000	-4.082040
0.532000	-3.106450
0.533000	-3.178730
0.534000	-3.973630
0.535000	-4.208510
0.536000	-4.533700
0.537000	-4.759530
0.538000	-4.208510
0.539000	-3.892340
0.540000	-4.813740
0.541000	-6.286130
0.542000	-6.132580
0.543000	-5.292480
0.544000	-4.931160
0.545000	-5.319580
0.546000	-6.150640
0.547000	-6.773940
0.548000	-6.331310
0.549000	-5.653820
0.550000	-5.364760
0.551000	-5.509280
0.552000	-5.301530
0.553000	-5.301530
0.554000	-5.175060
0.555000	-5.283450
0.556000	-5.437020
0.557000	-5.680920
0.558000	-5.671880
0.559000	-5.545410
0.560000	-5.735110
0.561000	-5.536380
0.562000	-5.084720
0.563000	-4.651140
0.564000	-4.822760
0.565000	-4.849870
0.566000	-5.220220
0.567000	-5.328630
0.568000	-5.427990
0.569000	-5.861580
0.570000	-6.620370
0.571000	-6.638430
0.572000	-6.132580
0.573000	-5.464120
0.574000	-4.515630
0.575000	-4.497570
0.576000	-5.590590
0.577000	-6.186770
0.578000	-6.024170
0.579000	-6.286130
0.580000	-6.240980
0.581000	-5.879650
0.582000	-5.933840
0.583000	-6.132580
0.584000	-5.753190
0.585000	-5.391860
0.586000	-5.662850
0.587000	-5.753190
0.588000	-6.006120
0.589000	-6.268080
0.590000	-6.286130
0.591000	-5.960940
0.592000	-6.150640
0.593000	-6.132580
0.594000	-6.105480
0.595000	-6.078380
0.596000	-6.159670
0.597000	-6.159670
0.598000	-6.087410
0.599000	-6.060300
0.600000	-6.168710
0.601000	-6.060300
0.602000	-5.879650
0.603000	-5.997070
0.604000	-5.897710
0.605000	-5.825450
0.606000	-6.042250
0.607000	-6.123540
0.608000	-5.843520
0.609000	-5.771240
0.610000	-5.626720
0.611000	-5.554460
0.612000	-5.554460
0.613000	-5.635750
0.614000	-5.500250
0.615000	-5.464120
0.616000	-5.491230
0.617000	-5.554460
0.618000	-5.473150
0.619000	-5.382820
0.620000	-5.373790
0.621000	-5.301530
0.622000	-5.156990
0.623000	-5.346690
0.624000	-5.364760
0.625000	-5.202160
0.626000	-5.138930
0.627000	-5.084720
0.628000	-5.084720
0.629000	-5.310550
0.630000	-5.301530
0.631000	-5.247320
0.632000	-5.120860
0.633000	-4.949230
0.634000	-5.012460
0.635000	-5.102800
0.636000	-5.039570
0.637000	-5.030520
0.638000	-5.166030
0.639000	-5.156990
0.640000	-5.084720
0.641000	-5.202160
0.642000	-5.292480
0.643000	-5.156990
0.644000	-5.238290
0.645000	-5.247320
0.646000	-5.391860
0.647000	-5.789320
0.648000	-6.042250
0.649000	-5.870610
0.650000	-5.762210
0.651000	-5.211190
0.652000	-5.337660
0.653000	-5.915780
0.654000	-5.608650
0.655000	-5.066650
0.656000	-5.446050
0.657000	-6.060300
0.658000	-6.024170
0.659000	-5.798340
0.660000	-5.581540
0.661000	-5.301530
0.662000	-5.437020
0.663000	-5.807390
0.664000	-5.843520
0.665000	-5.680920
0.666000	-5.608650
0.667000	-5.635750
0.668000	-5.581540
0.669000	-5.373790
0.670000	-4.967290
0.671000	-4.759530
0.672000	-5.138930
0.673000	-5.319580
0.674000	-5.030520
0.675000	-4.904050
0.676000	-5.075700
0.677000	-5.229270
0.678000	-5.093750
0.679000	-4.931160
0.680000	-5.021490
0.681000	-5.048590
0.682000	-5.202160
0.683000	-5.256350
0.684000	-4.876970
0.685000	-4.380130
0.686000	-4.316900
0.687000	-3.874270
0.688000	-3.585210
0.689000	-3.928480
0.690000	-3.783950
0.691000	-3.350350
0.692000	-3.621340
0.693000	-3.458740
0.694000	-3.223880
0.695000	-3.512950
0.696000	-3.774910
0.697000	-3.178730
0.698000	-2.853530
0.699000	-3.260010
0.700000	-3.034190
0.701000	-2.419930
0.702000	-1.977300
0.703000	-1.579840
0.704000	-1.444350
0.705000	-2.049580
0.706000	-2.600600
0.707000	-2.618660
0.708000	-2.663830
0.709000	-3.088390
0.710000	-3.160650
0.711000	-3.106450
0.712000	-3.160650
0.713000	-3.151620
0.714000	-3.612310
0.715000	-3.088390
0.716000	-2.835460
0.717000	-2.528320
0.718000	-2.410900
0.719000	-2.031500
0.720000	-1.859880
0.721000	-1.706310
0.722000	-1.218520
0.723000	-1.480480
0.724000	-1.308840
0.725000	-1.543710
0.726000	-1.977300
0.727000	-1.688240
0.728000	-1.254650
0.729000	-1.146240
0.730000	-1.923110
0.731000	-1.254650
0.732000	-1.137210
0.733000	-0.992692
0.734000	-1.290780
0.735000	-1.227550
0.736000	-0.875254
0.737000	-0.893328
0.738000	-0.956543
0.739000	-1.697280
0.740000	-1.182390
0.741000	-1.254650
0.742000	-1.092060
0.743000	-1.516610
0.744000	-1.272710
0.745000	-1.083010
0.746000	-1.272710
0.747000	-0.911384
0.748000	-0.938487
0.749000	-0.902356
0.750000	-1.381120
0.751000	-0.604265
0.752000	-0.504883
0.753000	-0.658452
0.754000	-0.550060
0.755000	-0.053225
0.756000	0.280996
0.757000	-0.026140
0.758000	-0.089355
0.759000	-0.351334
0.760000	-0.125504
0.761000	-0.098402
0.762000	-0.215821
0.763000	-0.251970
0.764000	-0.360362
0.765000	-0.161634
0.766000	-0.351334
0.767000	-0.495855
0.768000	-0.712657
0.769000	-0.550060
0.770000	-0.667480
0.771000	-0.793946
0.772000	-0.703629
0.773000	-1.055920
0.774000	-1.055920
0.775000	-0.983645
0.776000	-0.857179
0.777000	-1.182390
0.778000	-1.146240
0.779000	-0.911384
0.780000	-0.857179
0.781000	-0.812021
0.782000	-0.983645
0.783000	-0.757815
0.784000	-0.640396
0.785000	-0.378418
0.786000	-0.396492
0.787000	-0.423595
0.788000	-0.378418
0.789000	-0.297129
0.790000	-0.306157
0.791000	-0.531986
0.792000	-0.215821
0.793000	-0.089355
0.794000	-0.071299
0.795000	0.109372
0.796000	0.208736
0.797000	-0.098402
0.798000	-0.125504
0.799000	0.253894
0.800000	0.208736
0.801000	0.280996
0.802000	0.326155
0.803000	0.353257
0.804000	0.217764
0.805000	0.172605
0.806000	0.190661
0.807000	0.055167
0.808000	0.217764
0.809000	0.380360
0.810000	0.561031
0.811000	0.308099
0.812000	0.660394
0.813000	0.949457
0.814000	0.940429
0.815000	0.850093
0.816000	1.103030
0.817000	1.410140
0.818000	1.030750
0.819000	1.229490
0.820000	1.401120
0.821000	1.383040
0.822000	0.985588
0.823000	1.193340
0.824000	1.536610
0.825000	1.265620
0.826000	1.066900
0.827000	1.193340
0.828000	1.383040
0.829000	1.175290
0.830000	1.112050
0.831000	1.184310
0.832000	1.509510
0.833000	1.581790
0.834000	1.292720
0.835000	1.428220
0.836000	1.355960
0.837000	1.536610
0.838000	1.428220
0.839000	1.617920
0.840000	1.599840
0.841000	1.798570
0.842000	1.744380
0.843000	1.753410
0.844000	1.870850
0.845000	1.879880
0.846000	2.078600
0.847000	1.879880
0.848000	1.870850
0.849000	1.780510
0.850000	1.979240
0.851000	2.006340
0.852000	1.970210
0.853000	2.033450
0.854000	2.060530
0.855000	1.997300
0.856000	1.943110
0.857000	2.241200
0.858000	2.123760
0.859000	1.861800
0.860000	1.807620
0.861000	2.078600
0.862000	2.123760
0.863000	1.825670
0.864000	1.735340
0.865000	1.690180
0.866000	1.599840
0.867000	1.355960
0.868000	1.383040
0.869000	1.464350
0.870000	1.328860
0.871000	1.346910
0.872000	1.292720
0.873000	1.346910
0.874000	1.184310
0.875000	1.175290
0.876000	1.048820
0.877000	1.093980
0.878000	1.039790
0.879000	0.768786
0.880000	0.795889
0.881000	0.940429
0.882000	0.931382
0.883000	0.741684
0.884000	0.795889
0.885000	0.967513
0.886000	0.994616
0.887000	0.922354
0.888000	0.868149
0.889000	0.958485
0.890000	0.877196
0.891000	0.877196
0.892000	0.859121
0.893000	0.895252
0.894000	0.949457
0.895000	0.940429
0.896000	0.768786
0.897000	0.687497
0.898000	0.850093
0.899000	0.732656
0.900000	0.750730
0.901000	0.877196
0.902000	0.913326
0.903000	0.922354
0.904000	0.877196
0.905000	0.931382
0.906000	0.886224
0.907000	0.714600
0.908000	0.280996
0.909000	0.515854
0.910000	0.615217
0.911000	0.443593
0.912000	0.434565
0.913000	0.380360
0.914000	0.308099
0.915000	0.136475
0.916000	0.145503
0.917000	0.262922
0.918000	0.163559
0.919000	0.037092
0.920000	0.127428
0.921000	0.145503
0.922000	0.082269
0.923000	-0.369390
0.924000	-0.251970
0.925000	-0.071299
0.926000	0.262922
0.927000	0.299071
0.928000	0.082269
0.929000	0.181633
0.930000	0.028065
0.931000	0.037092
0.932000	0.524901
0.933000	0.073242
0.934000	-0.920412
0.935000	0.064195
0.936000	0.642320
0.937000	0.055167
0.938000	0.091297
0.939000	0.443593
0.940000	-0.008066
0.941000	0.326155
0.942000	0.579087
0.943000	0.037092
0.944000	-0.342287
0.945000	0.407463
0.946000	0.190661
0.947000	-0.414567
0.948000	0.515854
0.949000	0.551985
0.950000	-0.053225
0.951000	0.371332
0.952000	0.461668
0.953000	0.235838
0.954000	0.687497
0.955000	0.416491
0.956000	-0.423595
0.957000	-0.089355
0.958000	0.335201
0.959000	-0.107429
0.960000	-0.116457
0.961000	0.082269
0.962000	-0.044197
0.963000	0.091297
0.964000	0.253894
0.965000	0.145503
0.966000	0.271968
0.967000	0.344229
0.968000	-0.053225
0.969000	-0.224868
0.970000	-0.089355
0.971000	-0.053225
0.972000	-0.170662
0.973000	0.470696
0.974000	-0.568116
0.975000	-0.866226
0.976000	0.145503
0.977000	0.299071
0.978000	-0.224868
0.979000	0.470696
0.980000	0.226792
0.981000	-0.541032
0.982000	0.326155
0.983000	0.308099
0.984000	-0.260998
0.985000	-0.080327
0.986000	0.010008
0.987000	-0.224868
0.988000	-0.378418
0.989000	0.010008
0.990000	0.163559
0.991000	0.244866
0.992000	0.262922
0.993000	0.091297
0.994000	0.109372
0.995000	0.470696
0.996000	0.524901
0.997000	0.010008
0.998000	-0.044197
0.999000	-0.080327
1.000000	-0.062271
1.001000	0.118400
1.002000	0.479724
1.003000	0.226792
1.004000	0.028065
1.005000	-0.161634
1.006000	0.100326
1.007000	0.290024
1.008000	0.181633
1.009000	-0.242924
1.010000	0.073242
1.011000	0.163559
1.012000	0.100326
1.013000	0.678451
1.014000	0.253894
1.015000	-0.513930
1.016000	-0.044197
1.017000	0.299071
1.018000	-0.387464
1.019000	-0.080327
1.020000	0.064195
1.021000	-0.197765
1.022000	0.118400
1.023000	0.597161
1.024000	0.028065
1.025000	-0.017094
1.026000	0.317127
1.027000	0.118400
1.028000	-0.152588
1.029000	-0.143560
1.030000	-0.450697
1.031000	-0.224868
1.032000	0.299071
1.033000	0.280996
1.034000	0.280996
1.035000	0.280996
1.036000	0.326155
1.037000	0.551985
1.038000	0.434565
1.039000	0.199708
1.040000	0.136475
1.041000	-0.270026
1.042000	-0.577163
1.043000	0.064195
1.044000	0.570059
1.045000	0.136475
1.046000	-0.315203
1.047000	-0.008066
1.048000	0.524901
1.049000	0.597161
1.050000	0.696525
1.051000	0.362304
1.052000	-0.224868
1.053000	-0.125504
1.054000	0.398435
1.055000	0.199708
1.056000	-0.333259
1.057000	-0.279054
1.058000	-0.026140
1.059000	0.262922
1.060000	0.290024
1.061000	-0.062271
1.062000	-0.170662
1.063000	0.073242
1.064000	0.136475
1.065000	-0.089355
1.066000	-0.188737
1.067000	-0.080327
1.068000	0.073242
1.069000	0.362304
1.070000	0.280996
1.071000	0.109372
1.072000	0.271968
1.073000	0.181633
1.074000	0.064195
1.075000	0.109372
1.076000	-0.062271
1.077000	-0.432623
1.078000	-0.098402
1.079000	0.100326
1.080000	0.145503
1.081000	0.407463
1.082000	0.290024
1.083000	0.082269
1.084000	0.407463
1.085000	0.561031
1.086000	0.136475
1.087000	-0.098402
1.088000	-0.062271
1.089000	-0.279054
1.090000	0.163559
1.091000	0.488770
1.092000	0.154531
1.093000	0.190661
1.094000	0.190661
1.095000	0.217764
1.096000	0.597161
1.097000	0.479724
1.098000	-0.260998
1.099000	-0.260998
1.100000	-0.017094
1.101000	-0.008066
1.102000	0.037092
1.103000	0.127428
1.104000	-0.206793
1.105000	-0.188737
1.106000	0.398435
1.107000	0.606189
1.108000	0.443593
1.109000	0.073242
1.110000	0.010008
1.111000	-0.044197
1.112000	-0.062271
1.113000	-0.215821
1.114000	-0.170662
1.115000	-0.414567
1.116000	-0.179690
1.117000	0.181633
1.118000	0.335201
1.119000	0.290024
1.120000	0.416491
1.121000	0.226792
1.122000	-0.143560
1.123000	0.100326
1.124000	0.190661
1.125000	-0.206793
1.126000	-0.270026
1.127000	-0.008066
1.128000	0.000962
1.129000	0.317127
1.130000	0.551985
1.131000	0.335201
1.132000	-0.035168
1.133000	0.064195
1.134000	0.082269
1.135000	0.163559
1.136000	-0.026140
1.137000	-0.233896
1.138000	0.055167
1.139000	0.353257
1.140000	0.470696
1.141000	0.308099
1.142000	0.172605
1.143000	0.064195
1.144000	0.244866
1.145000	0.208736
1.146000	0.019036
1.147000	-0.026140
1.148000	-0.035168
1.149000	0.010008
1.150000	0.064195
1.151000	-0.017094
1.152000	0.037092
1.153000	0.136475
1.154000	0.028065
1.155000	0.091297
1.156000	0.290024
1.157000	0.353257
1.158000	0.064195
1.159000	-0.035168
1.160000	-0.071299
1.161000	-0.224868
1.162000	-0.098402
1.163000	0.127428
1.164000	-0.008066
1.165000	-0.224868
1.166000	-0.053225
1.167000	0.172605
1.168000	0.290024
1.169000	0.190661
1.170000	-0.098402
1.171000	-0.161634
1.172000	0.010008
1.173000	-0.035168
1.174000	-0.026140
1.175000	0.064195
1.176000	-0.053225
1.177000	-0.035168
1.178000	0.064195
1.179000	0.055167
1.180000	0.154531
1.181000	0.235838
1.182000	-0.044197
1.183000	-0.098402
1.184000	0.091297
1.185000	0.136475
1.186000	0.127428
1.187000	0.127428
1.188000	0.046139
1.189000	0.010008
1.190000	0.253894
1.191000	0.271968
1.192000	0.082269
1.193000	0.010008
1.194000	0.082269
1.195000	0.118400
1.196000	0.208736
1.197000	0.253894
1.198000	0.172605
1.199000	0.127428
1.200000	0.181633
1.201000	0.217764
1.202000	0.226792
1.203000	0.199708
1.204000	0.100326
1.205000	0.000962
1.206000	0.082269
1.207000	0.127428
1.208000	0.100326
1.209000	0.154531
1.210000	0.208736
1.211000	0.145503
1.212000	0.109372
1.213000	0.208736
1.214000	0.199708
1.215000	0.154531
1.216000	0.055167
1.217000	0.019036
1.218000	-0.026140
1.219000	0.028065
1.220000	0.037092
1.221000	-0.044197
1.222000	-0.116457
1.223000	0.028065
1.224000	0.163559
1.225000	0.154531
1.226000	0.055167
1.227000	0.055167
1.228000	0.118400
1.229000	0.082269
1.230000	0.028065
1.231000	-0.017094
1.232000	-0.044197
1.233000	-0.062271
1.234000	-0.017094
1.235000	0.046139
1.236000	0.127428
1.237000	0.091297
1.238000	0.100326
1.239000	0.145503
1.240000	0.118400
1.241000	0.127428
1.242000	0.208736
1.243000	0.190661
1.244000	0.082269
1.245000	0.055167
1.246000	0.145503
1.247000	0.181633
1.248000	0.190661
1.249000	0.181633
1.250000	0.127428
1.251000	0.145503
1.252000	0.172605
1.253000	0.235838
1.254000	0.235838
1.255000	0.226792
1.256000	0.235838
1.257000	0.199708
1.258000	0.127428
1.259000	0.217764
1.260000	0.244866
1.261000	0.190661
1.262000	0.154531
1.263000	0.073242
1.264000	0.019036
1.265000	0.064195
1.266000	0.136475
1.267000	0.091297
1.268000	0.064195
1.269000	0.100326
1.270000	0.127428
1.271000	0.109372
1.272000	0.154531
1.273000	0.118400
1.274000	0.010008
1.275000	-0.044197
1.276000	-0.044197
1.277000	-0.071299
1.278000	-0.107429
1.279000	-0.053225
1.280000	-0.017094
1.281000	-0.026140
1.282000	-0.044197
1.283000	0.073242
1.284000	0.136475
1.285000	0.091297
1.286000	0.055167
1.287000	0.046139
1.288000	0.073242
1.289000	0.037092
1.290000	0.046139
1.291000	-0.008066
1.292000	0.010008
1.293000	0.064195
1.294000	0.064195
1.295000	0.145503
1.296000	0.190661
1.297000	0.100326
1.298000	0.145503
1.299000	0.172605
1.300000	0.172605
1.301000	0.172605
1.302000	0.154531
1.303000	0.118400
1.304000	0.136475
1.305000	0.172605
1.306000	0.136475
1.307000	0.181633
1.308000	0.163559
1.309000	0.136475
1.310000	0.154531
1.311000	0.163559
1.312000	0.118400
1.313000	0.118400
1.314000	0.127428
1.315000	0.073242
1.316000	0.073242
1.317000	0.091297
1.318000	0.055167
1.319000	0.064195
1.320000	0.055167
1.321000	0.028065
1.322000	0.010008
1.323000	0.000962
1.324000	0.019036
1.325000	-0.008066
1.326000	0.019036
1.327000	0.037092
1.328000	0.055167
1.329000	-0.026140
1.330000	-0.080327
1.331000	-0.017094
1.332000	0.055167
1.333000	0.073242
1.334000	-0.026140
1.335000	-0.017094
1.336000	0.000962
1.337000	0.010008
1.338000	0.019036
1.339000	0.064195
1.340000	0.000962
1.341000	0.010008
1.342000	0.055167
1.343000	0.091297
1.344000	0.127428
1.345000	0.100326
1.346000	0.109372
1.347000	0.136475
1.348000	0.100326
1.349000	0.100326
1.350000	0.091297
1.351000	0.109372
1.352000	0.145503
1.353000	0.136475
1.354000	0.100326
1.355000	0.154531
1.356000	0.208736
1.357000	0.163559
1.358000	0.181633
1.359000	0.244866
1.360000	0.190661
1.361000	0.100326
1.362000	0.136475
1.363000	0.154531
1.364000	0.100326
1.365000	0.154531
1.366000	0.127428
1.367000	0.082269
1.368000	0.118400
1.369000	0.181633
1.370000	0.118400
1.371000	0.118400
1.372000	0.145503
1.373000	0.136475
1.374000	0.091297
1.375000	0.082269
1.376000	0.091297
1.377000	0.064195
1.378000	0.046139
1.379000	0.046139
1.380000	0.109372
1.381000	0.073242
1.382000	0.055167
1.383000	0.037092
1.384000	0.082269
1.385000	0.073242
1.386000	0.082269
1.387000	0.091297
1.388000	0.046139
1.389000	0.064195
1.390000	0.082269
1.391000	0.100326
1.392000	0.064195
1.393000	0.064195
1.394000	0.064195
1.395000	0.000962
1.396000	0.082269
1.397000	0.064195
1.398000	0.046139
1.399000	0.064195
1.400000	0.127428
1.401000	0.082269
1.402000	0.109372
1.403000	0.154531
1.404000	0.073242
1.405000	0.091297
1.406000	0.118400
1.407000	0.100326
1.408000	0.064195
1.409000	0.154531
1.410000	0.082269
1.411000	0.100326
1.412000	0.154531
1.413000	0.136475
1.414000	0.100326
1.415000	0.145503
1.416000	0.136475
1.417000	0.136475
1.418000	0.163559
1.419000	0.163559
1.420000	0.172605
1.421000	0.154531
1.422000	0.127428
1.423000	0.136475
1.424000	0.163559
1.425000	0.127428
1.426000	0.154531
1.427000	0.145503
1.428000	0.091297
1.429000	0.136475
1.430000	0.136475
1.431000	0.118400
1.432000	0.163559
1.433000	0.109372
1.434000	0.028065
1.435000	0.055167
1.436000	0.073242
1.437000	0.082269
1.438000	0.073242
1.439000	0.091297
1.440000	0.046139
1.441000	0.019036
1.442000	0.091297
1.443000	0.118400
1.444000	0.055167
1.445000	0.028065
1.446000	0.000962
1.447000	0.010008
1.448000	0.046139
1.449000	0.064195
1.450000	0.073242
1.451000	0.028065
1.452000	0.000962
1.453000	0.019036
1.454000	0.046139
1.455000	0.046139
1.456000	0.037092
1.457000	0.019036
1.458000	0.019036
1.459000	0.100326
1.460000	0.127428
1.461000	0.127428
1.462000	0.109372
1.463000	0.100326
1.464000	0.154531
1.465000	0.127428
1.466000	0.109372
1.467000	0.046139
1.468000	0.055167
1.469000	0.136475
1.470000	0.127428
1.471000	0.100326
1.472000	0.172605
1.473000	0.136475
1.474000	0.163559
1.475000	0.208736
1.476000	0.136475
1.477000	0.100326
1.478000	0.109372
1.479000	0.118400
1.480000	0.055167
1.481000	0.064195
1.482000	0.082269
1.483000	0.118400
1.484000	0.091297
1.485000	0.064195
1.486000	0.100326
1.487000	0.100326
1.488000	0.100326
1.489000	0.037092
1.490000	0.037092
1.491000	0.010008
1.492000	0.082269
1.493000	0.073242
1.494000	-0.026140
1.495000	0.010008
1.496000	0.010008
1.497000	0.028065
1.498000	0.037092
1.499000	0.055167
1.500000	0.028065
1.501000	-0.008066
1.502000	0.019036
1.503000	0.082269
1.504000	0.028065
1.505000	-0.008066
1.506000	0.046139
1.507000	0.010008
1.508000	0.010008
1.509000	0.055167
1.510000	0.091297
1.511000	0.055167
1.512000	0.055167
1.513000	0.073242
1.514000	0.136475
1.515000	0.127428
1.516000	0.091297
1.517000	0.082269
1.518000	0.082269
1.519000	0.082269
1.520000	0.127428
1.521000	0.118400
1.522000	0.127428
1.523000	0.154531
1.524000	0.181633
1.525000	0.127428
1.526000	0.172605
1.527000	0.190661
1.528000	0.127428
1.529000	0.145503
1.530000	0.118400
1.531000	0.118400
1.532000	0.163559
1.533000	0.163559
1.534000	0.127428
1.535000	0.127428
1.536000	0.172605
1.537000	0.199708
1.538000	0.136475
1.539000	0.100326
1.540000	0.127428
1.541000	0.100326
1.542000	0.100326
1.543000	0.136475
1.544000	0.064195
1.545000	0.046139
1.546000	0.100326
1.547000	0.109372
1.548000	0.109372
1.549000	0.127428
1.550000	0.064195
1.551000	0.073242
1.552000	0.064195
1.553000	0.028065
1.554000	0.091297
1.555000	0.118400
1.556000	0.037092
1.557000	0.028065
1.558000	0.064195
1.559000	0.073242
1.560000	0.073242
1.561000	0.064195
1.562000	0.010008
1.563000	0.100326
1.564000	0.091297
1.565000	0.064195
1.566000	0.118400
1.567000	0.055167
1.568000	0.055167
1.569000	0.127428
1.570000	0.109372
1.571000	0.046139
1.572000	0.109372
1.573000	0.100326
1.574000	0.082269
1.575000	0.100326
1.576000	0.145503
1.577000	0.127428
1.578000	0.100326
1.579000	0.100326
1.580000	0.163559
1.581000	0.145503
1.582000	0.118400
1.583000	0.154531
1.584000	0.109372
1.585000	0.109372
1.586000	0.136475
1.587000	0.154531
1.588000	0.136475
1.589000	0.172605
1.590000	0.109372
1.591000	0.109372
1.592000	0.145503
1.593000	0.136475
1.594000	0.118400
1.595000	0.136475
1.596000	0.100326
1.597000	0.127428
1.598000	0.127428
1.599000	0.073242
1.600000	0.100326
1.601000	0.118400
1.602000	0.055167
1.603000	0.064195
1.604000	0.082269
1.605000	0.037092
1.606000	0.055167
1.607000	0.073242
1.608000	0.064195
1.609000	0.064195
1.610000	0.046139
1.611000	0.019036
1.612000	0.073242
1.613000	0.055167
1.614000	0.010008
1.615000	0.019036
1.616000	0.037092
1.617000	0.000962
1.618000	0.028065
1.619000	0.028065
1.620000	0.046139
1.621000	0.064195
1.622000	0.055167
1.623000	0.055167
1.624000	0.064195
1.625000	0.064195
1.626000	0.064195
1.627000	0.046139
1.628000	0.064195
1.629000	0.082269
1.630000	0.091297
1.631000	0.082269
1.632000	0.109372
1.633000	0.100326
1.634000	0.091297
1.635000	0.145503
1.636000	0.118400
1.637000	0.109372
1.638000	0.127428
1.639000	0.145503
1.640000	0.118400
1.641000	0.163559
1.642000	0.145503
1.643000	0.118400
1.644000	0.091297
1.645000	0.100326
1.646000	0.127428
1.647000	0.109372
1.648000	0.127428
1.649000	0.136475
1.650000	0.100326
1.651000	0.100326
1.652000	0.109372
1.653000	0.091297
1.654000	0.091297
1.655000	0.091297
1.656000	0.082269
1.657000	0.046139
1.658000	0.055167
1.659000	0.055167
1.660000	0.046139
1.661000	0.037092
1.662000	0.046139
1.663000	0.037092
1.664000	0.037092
1.665000	0.046139
1.666000	0.064195
1.667000	0.046139
1.668000	0.046139
1.669000	0.037092
1.670000	0.028065
1.671000	0.037092
1.672000	0.055167
1.673000	0.055167
1.674000	0.037092
1.675000	0.046139
1.676000	0.037092
1.677000	0.082269
1.678000	0.100326
1.679000	0.091297
1.680000	0.109372
1.681000	0.100326
1.682000	0.082269
1.683000	0.100326
1.684000	0.109372
1.685000	0.100326
1.686000	0.100326
1.687000	0.100326
1.688000	0.109372
1.689000	0.136475
1.690000	0.118400
1.691000	0.127428
1.692000	0.136475
1.693000	0.136475
1.694000	0.145503
1.695000	0.145503
1.696000	0.154531
1.697000	0.136475
1.698000	0.127428
1.699000	0.118400
1.700000	0.145503
1.701000	0.109372
1.702000	0.127428
1.703000	0.136475
1.704000	0.109372
1.705000	0.109372
1.706000	0.127428
1.707000	0.118400
1.708000	0.109372
1.709000	0.127428
1.710000	0.082269
1.711000	0.082269
1.712000	0.091297
1.713000	0.064195
1.714000	0.064195
1.715000	0.073242
1.716000	0.046139
1.717000	0.091297
1.718000	0.091297
1.719000	0.091297
1.720000	0.100326
1.721000	0.064195
1.722000	0.064195
1.723000	0.037092
1.724000	0.064195
1.725000	0.064195
1.726000	0.064195
1.727000	0.037092
1.728000	0.100326
1.729000	0.145503
1.730000	0.082269
1.731000	0.055167
1.732000	0.082269
1.733000	0.073242
1.734000	0.082269
1.735000	0.145503
1.736000	0.064195
1.737000	0.046139
1.738000	0.073242
1.739000	0.127428
1.740000	0.181633
1.741000	0.163559
1.742000	0.037092
1.743000	0.091297
1.744000	0.181633
1.745000	0.118400
1.746000	0.118400
1.747000	0.172605
1.748000	0.100326
1.749000	0.046139
1.750000	0.145503
1.751000	0.172605
1.752000	0.127428
1.753000	0.109372
1.754000	0.100326
1.755000	0.073242
1.756000	0.136475
1.757000	0.190661
1.758000	0.127428
1.759000	0.082269
1.760000	0.100326
1.761000	0.127428
1.762000	0.145503
1.763000	0.136475
1.764000	0.064195
1.765000	0.046139
1.766000	0.046139
1.767000	0.100326
1.768000	0.136475
1.769000	0.091297
1.770000	0.055167
1.771000	0.055167
1.772000	0.073242
1.773000	0.109372
1.774000	0.109372
1.775000	0.073242
1.776000	0.028065
1.777000	0.046139
1.778000	0.046139
1.779000	0.055167
1.780000	0.055167
1.781000	0.055167
1.782000	0.010008
1.783000	0.037092
1.784000	0.091297
1.785000	0.064195
1.786000	0.055167
1.787000	0.055167
1.788000	0.073242
1.789000	0.073242
1.790000	0.055167
1.791000	0.055167
1.792000	0.055167
1.793000	0.055167
1.794000	0.046139
1.795000	0.073242
1.796000	0.091297
1.797000	0.073242
1.798000	0.046139
1.799000	0.073242
1.800000	0.082269
1.801000	0.118400
1.802000	0.091297
1.803000	0.082269
1.804000	0.073242
1.805000	0.100326
1.806000	0.109372
1.807000	0.118400
1.808000	0.100326
1.809000	0.046139
1.810000	0.073242
1.811000	0.136475
1.812000	0.127428
1.813000	0.046139
1.814000	0.100326
1.815000	0.109372
1.816000	0.073242
1.817000	0.109372
1.818000	0.154531
1.819000	0.064195
1.820000	0.073242
1.821000	0.100326
1.822000	0.046139
1.823000	0.082269
1.824000	0.073242
1.825000	0.091297
1.826000	0.064195
1.827000	0.055167
1.828000	0.073242
1.829000	0.091297
1.830000	0.073242
1.831000	0.037092
1.832000	0.064195
1.833000	0.091297
1.834000	0.055167
1.835000	0.046139
1.836000	0.073242
1.837000	0.028065
1.838000	0.064195
1.839000	0.082269
1.840000	0.055167
1.841000	0.028065
1.842000	0.118400
1.843000	0.100326
1.844000	0.073242
1.845000	0.082269
1.846000	0.100326
1.847000	0.091297
1.848000	0.073242
1.849000	0.109372
1.850000	0.109372
1.851000	0.100326
1.852000	0.100326
1.853000	0.118400
1.854000	0.091297
1.855000	0.145503
1.856000	0.172605
1.857000	0.118400
1.858000	0.100326
1.859000	0.172605
1.860000	0.190661
1.861000	0.172605
1.862000	0.145503
1.863000	0.109372
1.864000	0.082269
1.865000	0.136475
1.866000	0.217764
1.867000	0.136475
1.868000	0.091297
1.869000	0.091297
1.870000	0.127428
1.871000	0.136475
1.872000	0.163559
1.873000	0.136475
1.874000	0.109372
1.875000	0.082269
1.876000	0.100326
1.877000	0.127428
1.878000	0.127428
1.879000	0.100326
1.880000	0.082269
1.881000	0.046139
1.882000	0.091297
1.883000	0.118400
1.884000	0.082269
1.885000	0.055167
1.886000	0.055167
1.887000	0.055167
1.888000	0.082269
1.889000	0.118400
1.890000	0.082269
1.891000	0.055167
1.892000	0.046139
1.893000	0.064195
1.894000	0.055167
1.895000	0.082269
1.896000	0.073242
1.897000	0.064195
1.898000	0.064195
1.899000	0.091297
1.900000	0.073242
1.901000	0.064195
1.902000	0.064195
1.903000	0.055167
1.904000	0.064195
1.905000	0.109372
1.906000	0.127428
1.907000	0.091297
1.908000	0.055167
1.909000	0.109372
1.910000	0.127428
1.911000	0.127428
1.912000	0.109372
1.913000	0.091297
1.914000	0.082269
1.915000	0.109372
1.916000	0.118400
1.917000	0.109372
1.918000	0.109372
1.919000	0.127428
1.920000	0.109372
1.921000	0.118400
1.922000	0.136475
1.923000	0.136475
1.924000	0.082269
1.925000	0.082269
1.926000	0.100326
1.927000	0.109372
1.928000	0.109372
1.929000	0.118400
1.930000	0.100326
1.931000	0.091297
1.932000	0.127428
1.933000	0.136475
1.934000	0.091297
1.935000	0.064195
1.936000	0.064195
1.937000	0.073242
1.938000	0.082269
1.939000	0.091297
1.940000	0.073242
1.941000	0.064195
1.942000	0.055167
1.943000	0.082269
1.944000	0.082269
1.945000	0.073242
1.946000	0.082269
1.947000	0.055167
1.948000	0.037092
1.949000	0.046139
1.950000	0.082269
1.951000	0.091297
1.952000	0.046139
1.953000	0.037092
1.954000	0.073242
1.955000	0.091297
1.956000	0.082269
1.957000	0.055167
1.958000	0.055167
1.959000	0.073242
1.960000	0.073242
1.961000	0.082269
1.962000	0.100326
1.963000	0.082269
1.964000	0.100326
1.965000	0.091297
1.966000	0.082269
1.967000	0.082269
1.968000	0.091297
1.969000	0.091297
1.970000	0.073242
1.971000	0.091297
1.972000	0.100326
1.973000	0.118400
1.974000	0.109372
1.975000	0.100326
1.976000	0.091297
1.977000	0.109372
1.978000	0.136475
1.979000	0.118400
1.980000	0.082269
1.981000	0.091297
1.982000	0.100326
1.983000	0.118400
1.984000	0.109372
1.985000	0.082269
1.986000	0.082269
1.987000	0.082269
1.988000	0.082269
1.989000	0.091297
1.990000	0.082269
1.991000	0.091297
1.992000	0.082269
1.993000	0.064195
1.994000	0.073242
1.995000	0.091297
1.996000	0.073242
1.997000	0.055167
1.998000	0.028065
1.999000	0.046139
2.000000	0.073242
2.001000	0.064195
2.002000	0.046139
2.003000	0.073242
2.004000	0.055167
2.005000	0.055167
2.006000	0.073242
2.007000	0.073242
2.008000	0.055167
2.009000	0.037092
2.010000	0.064195
2.011000	0.064195
2.012000	0.064195
2.013000	0.100326
2.014000	0.082269
2.015000	0.073242
2.016000	0.109372
2.017000	0.109372
2.018000	0.091297
2.019000	0.091297
2.020000	0.091297
2.021000	0.109372
2.022000	0.118400
2.023000	0.145503
2.024000	0.118400
2.025000	0.118400
2.026000	0.136475
2.027000	0.163559
2.028000	0.154531
2.029000	0.154531
2.030000	0.118400
2.031000	0.127428
2.032000	0.145503
2.033000	0.145503
2.034000	0.163559
2.035000	0.136475
2.036000	0.127428
2.037000	0.145503
2.038000	0.163559
2.039000	0.136475
2.040000	0.109372
2.041000	0.109372
2.042000	0.100326
2.043000	0.118400
2.044000	0.145503
2.045000	0.118400
2.046000	0.091297
2.047000	0.100326
2.048000	0.100326
2.049000	0.100326
2.050000	0.100326
2.051000	0.109372
2.052000	0.055167
2.053000	0.055167
2.054000	0.073242
2.055000	0.082269
2.056000	0.064195
2.057000	0.055167
2.058000	0.055167
2.059000	0.046139
2.060000	0.082269
2.061000	0.091297
2.062000	0.073242
2.063000	0.055167
2.064000	0.064195
2.065000	0.073242
2.066000	0.082269
2.067000	0.082269
2.068000	0.064195
2.069000	0.055167
2.070000	0.091297
2.071000	0.082269
2.072000	0.073242
2.073000	0.082269
2.074000	0.109372
2.075000	0.091297
2.076000	0.109372
2.077000	0.100326
2.078000	0.109372
2.079000	0.118400
2.080000	0.100326
2.081000	0.091297
2.082000	0.109372
2.083000	0.127428
2.084000	0.109372
2.085000	0.100326
2.086000	0.109372
2.087000	0.109372
2.088000	0.127428
2.089000	0.109372
2.090000	0.118400
2.091000	0.109372
2.092000	0.109372
2.093000	0.109372
2.094000	0.100326
2.095000	0.091297
2.096000	0.100326
2.097000	0.091297
2.098000	0.091297
2.099000	0.091297
2.100000	0.091297
2.101000	0.082269
2.102000	0.082269
2.103000	0.064195
2.104000	0.073242
2.105000	0.064195
2.106000	0.064195
2.107000	0.055167
2.108000	0.046139
2.109000	0.064195
2.110000	0.064195
2.111000	0.073242
2.112000	0.055167
2.113000	0.055167
2.114000	0.055167
2.115000	0.046139
2.116000	0.055167
2.117000	0.046139
2.118000	0.055167
2.119000	0.064195
2.120000	0.046139
2.121000	0.046139
2.122000	0.073242
2.123000	0.064195
2.124000	0.055167
2.125000	0.055167
2.126000	0.082269
2.127000	0.082269
2.128000	0.091297
2.129000	0.073242
2.130000	0.064195
2.131000	0.082269
2.132000	0.091297
2.133000	0.100326
2.134000	0.091297
2.135000	0.091297
2.136000	0.091297
2.137000	0.100326
2.138000	0.118400
2.139000	0.127428
2.140000	0.109372
2.141000	0.091297
2.142000	0.100326
2.143000	0.109372
2.144000	0.127428
2.145000	0.118400
2.146000	0.109372
2.147000	0.100326
2.148000	0.091297
2.149000	0.118400
2.150000	0.145503
2.151000	0.136475
2.152000	0.100326
2.153000	0.073242
2.154000	0.091297
2.155000	0.118400
2.156000	0.118400
2.157000	0.100326
2.158000	0.073242
2.159000	0.082269
2.160000	0.100326
2.161000	0.100326
2.162000	0.082269
2.163000	0.091297
2.164000	0.082269
2.165000	0.064195
2.166000	0.073242
2.167000	0.091297
2.168000	0.082269
2.169000	0.055167
2.170000	0.055167
2.171000	0.055167
2.172000	0.064195
2.173000	0.082269
2.174000	0.100326
2.175000	0.064195
2.176000	0.064195
2.177000	0.055167
2.178000	0.082269
2.179000	0.091297
2.180000	0.100326
2.181000	0.082269
2.182000	0.082269
2.183000	0.100326
2.184000	0.100326
2.185000	0.109372
2.186000	0.109372
2.187000	0.100326
2.188000	0.091297
2.189000	0.109372
2.190000	0.127428
2.191000	0.127428
2.192000	0.118400
2.193000	0.127428
2.194000	0.136475
2.195000	0.118400
2.196000	0.154531
2.197000	0.145503
2.198000	0.127428
2.199000	0.136475
