0.000000	-0.447000
-0.026400	-0.429000
-0.019300	-0.447000
-0.020200	-0.465000
-0.043100	-0.447000
-0.035100	-0.465000
-0.013400	-0.465000
-0.023900	-0.340000
-0.012100	0.411000
-0.042700	0.608000
-0.166000	0.662000
-0.822000	-0.268000
-2.460000	-2.090000
-3.670000	-3.420000
-4.730000	-6.210000
-5.600000	-8.150000
-6.650000	-10.400000
-7.110000	-9.570000
-7.760000	-8.890000
-7.820000	-8.070000
-8.100000	-9.080000
-8.840000	-10.200000
-8.840000	-11.800000
-10.200000	-13.100000
-10.800000	-14.200000
-11.300000	-14.600000
-11.800000	-14.800000
-12.200000	-14.700000
-12.700000	-15.200000
-13.000000	-19.200001
-13.000000	-8.640000
-14.800000	-14.200000
-15.700000	-6.440000
-16.799999	-12.500000
-18.100000	-3.060000
-19.700001	-10.400000
-21.299999	-13.800000
-22.400000	-16.400000
-22.799999	-12.400000
-22.700001	-9.050000
-22.799999	-9.070000
-22.700001	-9.530000
-23.400000	-11.300000
-23.700001	-13.600000
-24.299999	-14.100000
-24.700001	-16.200001
-25.000000	-15.600000
-25.500000	-16.799999
-26.000000	-16.799999
-26.400000	-18.000000
-26.600000	-18.799999
-27.000000	-20.100000
-27.799999	-20.600000
-28.000000	-21.500000
-28.400000	-21.799999
-29.000000	-23.200001
-29.500000	-23.700001
-30.000000	-25.100000
-30.900000	-26.100000
-31.100000	-26.600000
-31.799999	-27.900000
-32.099998	-27.200001
-32.700001	-28.000000
-33.500000	-27.500000
-34.000000	-28.400000
-34.900002	-28.000000
-35.799999	-27.100000
-36.700001	-24.400000
-37.700001	-24.799999
-38.400002	-25.400000
-39.400002	-24.100000
-40.299999	-20.600000
-41.200001	-18.100000
-42.400002	-19.700001
-43.299999	-18.500000
-44.500000	-15.100000
-45.299999	-14.500000
-46.200001	-13.100000
-47.000000	-14.100000
-47.900002	-12.100000
-48.400002	-11.100000
-49.000000	-7.620000
-48.900002	-5.040000
-49.400002	-5.690000
-50.099998	-6.310000
-50.500000	-6.760000
-51.299999	-6.580000
-52.299999	-5.510000
-53.200001	-5.670000
-53.700001	-7.280000
-54.599998	-7.230000
-55.400002	-6.280000
-55.900002	-6.620000
-56.299999	-5.870000
-57.099998	-4.740000
-57.799999	-5.470000
-58.299999	-5.780000
