-0.300000	0.056053
-0.299000	0.045867
-0.298000	0.045867
-0.297000	0.045867
-0.296000	0.050960
-0.295000	0.050960
-0.294000	0.050960
-0.293000	0.050960
-0.292000	0.050960
-0.291000	0.056053
-0.290000	0.045867
-0.289000	0.050960
-0.288000	0.045867
-0.287000	0.050960
-0.286000	0.050960
-0.285000	0.056053
-0.284000	0.045867
-0.283000	0.056053
-0.282000	0.040764
-0.281000	0.050960
-0.280000	0.050960
-0.279000	0.045867
-0.278000	0.050960
-0.277000	0.045867
-0.276000	0.050960
-0.275000	0.040764
-0.274000	0.045867
-0.273000	0.040764
-0.272000	0.045867
-0.271000	0.045867
-0.270000	0.045867
-0.269000	0.045867
-0.268000	0.040764
-0.267000	0.050960
-0.266000	0.045867
-0.265000	0.045867
-0.264000	0.050960
-0.263000	0.045867
-0.262000	0.056053
-0.261000	0.045867
-0.260000	0.045867
-0.259000	0.050960
-0.258000	0.040764
-0.257000	0.045867
-0.256000	0.045867
-0.255000	0.050960
-0.254000	0.045867
-0.253000	0.050960
-0.252000	0.045867
-0.251000	0.040764
-0.250000	0.045867
-0.249000	0.045867
-0.248000	0.050960
-0.247000	0.040764
-0.246000	0.050960
-0.245000	0.040764
-0.244000	0.050960
-0.243000	0.045867
-0.242000	0.050960
-0.241000	0.045867
-0.240000	0.040764
-0.239000	0.040764
-0.238000	0.045867
-0.237000	0.050960
-0.236000	0.045867
-0.235000	0.050960
-0.234000	0.045867
-0.233000	0.045867
-0.232000	0.045867
-0.231000	0.050960
-0.230000	0.045867
-0.229000	0.045867
-0.228000	0.045867
-0.227000	0.045867
-0.226000	0.045867
-0.225000	0.045867
-0.224000	0.045867
-0.223000	0.045867
-0.222000	0.045867
-0.221000	0.045867
-0.220000	0.045867
-0.219000	0.050960
-0.218000	0.045867
-0.217000	0.050960
-0.216000	0.050960
-0.215000	0.050960
-0.214000	0.045867
-0.213000	0.045867
-0.212000	0.045867
-0.211000	0.045867
-0.210000	0.040764
-0.209000	0.045867
-0.208000	0.045867
-0.207000	0.050960
-0.206000	0.040764
-0.205000	0.045867
-0.204000	0.050960
-0.203000	0.045867
-0.202000	0.050960
-0.201000	0.040764
-0.200000	0.045867
-0.199000	0.045867
-0.198000	0.045867
-0.197000	0.045867
-0.196000	0.045867
-0.195000	0.050960
-0.194000	0.045867
-0.193000	0.045867
-0.192000	0.045867
-0.191000	0.045867
-0.190000	0.045867
-0.189000	0.045867
-0.188000	0.045867
-0.187000	0.045867
-0.186000	0.050960
-0.185000	0.050960
-0.184000	0.045867
-0.183000	0.045867
-0.182000	0.045867
-0.181000	0.050960
-0.180000	0.045867
-0.179000	0.050960
-0.178000	0.050960
-0.177000	0.045867
-0.176000	0.045867
-0.175000	0.045867
-0.174000	0.045867
-0.173000	0.045867
-0.172000	0.050960
-0.171000	0.045867
-0.170000	0.050960
-0.169000	0.056053
-0.168000	0.040764
-0.167000	0.045867
-0.166000	0.050960
-0.165000	0.045867
-0.164000	0.045867
-0.163000	0.045867
-0.162000	0.045867
-0.161000	0.050960
-0.160000	0.050960
-0.159000	0.050960
-0.158000	0.045867
-0.157000	0.045867
-0.156000	0.045867
-0.155000	0.040764
-0.154000	0.050960
-0.153000	0.045867
-0.152000	0.056053
-0.151000	0.045867
-0.150000	0.045867
-0.149000	0.050960
-0.148000	0.040764
-0.147000	0.045867
-0.146000	0.045867
-0.145000	0.045867
-0.144000	0.045867
-0.143000	0.045867
-0.142000	0.045867
-0.141000	0.056053
-0.140000	0.050960
-0.139000	0.040764
-0.138000	0.045867
-0.137000	0.045867
-0.136000	0.050960
-0.135000	0.040764
-0.134000	0.035671
-0.133000	0.050960
-0.132000	0.045867
-0.131000	0.050960
-0.130000	0.045867
-0.129000	0.050960
-0.128000	0.050960
-0.127000	0.050960
-0.126000	0.045867
-0.125000	0.045867
-0.124000	0.050960
-0.123000	0.050960
-0.122000	0.056053
-0.121000	0.050960
-0.120000	0.045867
-0.119000	0.045867
-0.118000	0.040764
-0.117000	0.045867
-0.116000	0.045867
-0.115000	0.045867
-0.114000	0.056053
-0.113000	0.045867
-0.112000	0.050960
-0.111000	0.045867
-0.110000	0.050960
-0.109000	0.050960
-0.108000	0.045867
-0.107000	0.050960
-0.106000	0.045867
-0.105000	0.040764
-0.104000	0.050960
-0.103000	0.040764
-0.102000	0.040764
-0.101000	0.045867
-0.100000	0.045867
-0.099000	0.050960
-0.098000	0.045867
-0.097000	0.045867
-0.096000	0.040764
-0.095000	0.045867
-0.094000	0.050960
-0.093000	0.050960
-0.092000	0.050960
-0.091000	0.040764
-0.090000	0.040764
-0.089000	0.045867
-0.088000	0.045867
-0.087000	0.045867
-0.086000	0.045867
-0.085000	0.045867
-0.084000	0.045867
-0.083000	0.040764
-0.082000	0.056053
-0.081000	0.050960
-0.080000	0.050960
-0.079000	0.050960
-0.078000	0.040764
-0.077000	0.045867
-0.076000	0.045867
-0.075000	0.050960
-0.074000	0.045867
-0.073000	0.050960
-0.072000	0.045867
-0.071000	0.050960
-0.070000	0.045867
-0.069000	0.045867
-0.068000	0.050960
-0.067000	0.045867
-0.066000	0.045867
-0.065000	0.050960
-0.064000	0.050960
-0.063000	0.050960
-0.062000	0.040764
-0.061000	0.045867
-0.060000	0.050960
-0.059000	0.050960
-0.058000	0.045867
-0.057000	0.040764
-0.056000	0.045867
-0.055000	0.045867
-0.054000	0.050960
-0.053000	0.045867
-0.052000	0.050960
-0.051000	0.045867
-0.050000	0.040764
-0.049000	0.050960
-0.048000	0.045867
-0.047000	0.045867
-0.046000	0.045867
-0.045000	0.040764
-0.044000	0.045867
-0.043000	0.045867
-0.042000	0.045867
-0.041000	0.050960
-0.040000	0.040764
-0.039000	0.050960
-0.038000	0.045867
-0.037000	0.045867
-0.036000	0.045867
-0.035000	0.040764
-0.034000	0.040764
-0.033000	0.050960
-0.032000	0.040764
-0.031000	0.040764
-0.030000	0.040764
-0.029000	0.045867
-0.028000	0.045867
-0.027000	0.045867
-0.026000	0.050960
-0.025000	0.050960
-0.024000	0.056053
-0.023000	0.061146
-0.022000	0.061146
-0.021000	0.066249
-0.020000	0.076435
-0.019000	0.066249
-0.018000	0.071342
-0.017000	0.091724
-0.016000	0.117199
-0.015000	0.091724
-0.014000	0.076435
-0.013000	0.101920
-0.012000	0.132488
-0.011000	0.127395
-0.010000	0.101920
-0.009000	0.107013
-0.008000	0.132488
-0.007000	0.152869
-0.006000	0.127395
-0.005000	0.127395
-0.004000	0.163066
-0.003000	0.188540
-0.002000	0.163066
-0.001000	0.142684
0.000000	0.173262
0.001000	0.203829
0.002000	0.203829
0.003000	0.183448
0.004000	0.193644
0.005000	0.229315
0.006000	0.234407
0.007000	0.214026
0.008000	0.203829
0.009000	0.229315
0.010000	0.280264
0.011000	0.264986
0.012000	0.229315
0.013000	0.249697
0.014000	0.305749
0.015000	0.336327
0.016000	0.315935
0.017000	0.305749
0.018000	0.331224
0.019000	0.356709
0.020000	0.346513
0.021000	0.315935
0.022000	0.285367
0.023000	0.280264
0.024000	0.280264
0.025000	0.244604
0.026000	0.198737
0.027000	0.198737
0.028000	0.188540
0.029000	0.142684
0.030000	0.086631
0.031000	0.086631
0.032000	0.122302
0.033000	0.086631
0.034000	0.040764
0.035000	-0.015289
0.036000	0.025475
0.037000	0.061146
0.038000	0.040764
0.039000	0.005093
0.040000	0.000000
0.041000	0.040764
0.042000	0.061146
0.043000	0.061146
0.044000	0.071342
0.045000	0.101920
0.046000	0.183448
0.047000	0.239500
0.048000	0.244604
0.049000	0.290460
0.050000	0.392380
0.051000	0.473908
0.052000	0.529961
0.053000	0.570735
0.054000	0.662459
0.055000	0.743986
0.056000	0.805132
0.057000	0.835710
0.058000	0.886670
0.059000	0.988590
0.060000	1.049740
0.061000	1.080310
0.062000	1.121080
0.063000	1.187330
0.064000	1.248470
0.065000	1.268850
0.066000	1.268850
0.067000	1.289240
0.068000	1.330000
0.069000	1.375870
0.070000	1.360580
0.071000	1.324910
0.072000	1.340200
0.073000	1.360580
0.074000	1.350390
0.075000	1.319810
0.076000	1.319810
0.077000	1.294330
0.078000	1.248470
0.079000	1.202610
0.080000	1.207710
0.081000	1.243380
0.082000	1.161840
0.083000	1.049740
0.084000	1.024260
0.085000	1.075210
0.086000	1.100700
0.087000	1.014060
0.088000	0.917248
0.089000	0.912145
0.090000	0.958012
0.091000	0.927434
0.092000	0.794946
0.093000	0.713408
0.094000	0.764368
0.095000	0.815328
0.096000	0.749079
0.097000	0.713408
0.098000	0.703222
0.099000	0.779657
0.100000	0.769461
0.101000	0.708315
0.102000	0.687933
0.103000	0.743986
0.104000	0.845906
0.105000	0.876474
0.106000	0.850999
0.107000	0.871381
0.108000	0.998776
0.109000	1.085410
0.110000	0.978394
0.111000	0.901959
0.112000	1.044640
0.113000	1.212800
0.114000	1.248470
0.115000	1.141460
0.116000	1.121080
0.117000	1.289240
0.118000	1.375870
0.119000	1.335100
0.120000	1.238280
0.121000	1.263760
0.122000	1.401340
0.123000	1.401340
0.124000	1.289240
0.125000	1.233180
0.126000	1.314720
0.127000	1.411540
0.128000	1.350390
0.129000	1.126170
0.130000	1.054830
0.131000	1.187330
0.132000	1.268850
0.133000	1.126170
0.134000	0.968198
0.135000	1.024260
0.136000	1.172040
0.137000	1.187330
0.138000	1.014060
0.139000	0.907052
0.140000	0.998776
0.141000	0.983487
0.142000	0.871381
0.143000	1.161840
0.144000	0.850999
0.145000	1.105790
0.146000	0.825524
0.147000	0.519775
0.148000	1.115980
0.149000	0.754182
0.150000	1.044640
0.151000	0.983487
0.152000	0.932527
0.153000	1.258660
0.154000	1.024260
0.155000	1.110880
0.156000	1.090500
0.157000	0.866288
0.158000	1.299430
0.159000	1.105790
0.160000	1.034450
0.161000	1.233180
0.162000	1.166930
0.163000	1.279050
0.164000	0.983487
0.165000	0.631881
0.166000	1.207710
0.167000	0.264986
0.168000	0.183448
0.169000	0.703222
0.170000	1.126170
0.171000	0.998776
0.172000	-0.321038
0.173000	-0.254789
0.174000	0.631881
0.175000	0.514672
0.176000	0.056053
0.177000	-0.310842
0.178000	0.479001
0.179000	0.076435
0.180000	-0.677737
0.181000	-0.081538
0.182000	0.876474
0.183000	0.647170
0.184000	-0.453526
0.185000	-0.764368
0.186000	0.071342
0.187000	0.784750
0.188000	0.417855
0.189000	-0.086631
0.190000	-0.163066
0.191000	0.565632
0.192000	1.075210
0.193000	0.397473
0.194000	-0.422948
0.195000	-0.407669
0.196000	0.713408
0.197000	1.105790
0.198000	-0.045867
0.199000	-0.417855
0.200000	0.494290
0.201000	1.330000
0.202000	1.070120
0.203000	0.112106
0.204000	0.152869
0.205000	0.840803
0.206000	1.034450
0.207000	0.514672
0.208000	0.015289
0.209000	0.514672
0.210000	1.319810
0.211000	1.161840
0.212000	0.331224
0.213000	-0.275171
0.214000	0.163066
0.215000	0.718511
0.216000	0.107013
0.217000	-0.642066
0.218000	-0.433144
0.219000	0.305749
0.220000	0.392380
0.221000	-0.422948
0.222000	-0.743986
0.223000	-0.341420
0.224000	-0.066249
0.225000	-0.366895
0.226000	-0.932527
0.227000	-0.723604
0.228000	-0.076435
0.229000	0.244604
0.230000	-0.015289
0.231000	-0.509579
0.232000	-0.249697
0.233000	0.326131
0.234000	0.168158
0.235000	-0.448433
0.236000	-0.499393
0.237000	0.224211
0.238000	0.672644
0.239000	0.259882
0.240000	-0.157973
0.241000	0.096817
0.242000	0.545250
0.243000	0.468815
0.244000	-0.112106
0.245000	-0.275171
0.246000	0.219118
0.247000	0.749079
0.248000	0.698130
0.249000	0.168158
0.250000	0.117199
0.251000	0.662459
0.252000	0.769461
0.253000	0.208933
0.254000	-0.249697
0.255000	0.086631
0.256000	0.642066
0.257000	0.535064
0.258000	0.056053
0.259000	-0.061146
0.260000	0.356709
0.261000	0.524868
0.262000	0.056053
0.263000	-0.407669
0.264000	-0.336327
0.265000	0.147777
0.266000	0.305749
0.267000	-0.096817
0.268000	-0.321038
0.269000	0.000000
0.270000	0.321038
0.271000	0.096817
0.272000	-0.382184
0.273000	-0.382184
0.274000	0.056053
0.275000	0.224211
0.276000	-0.040764
0.277000	-0.188540
0.278000	0.107013
0.279000	0.407669
0.280000	0.219118
0.281000	-0.157973
0.282000	-0.229315
0.283000	0.112106
0.284000	0.351606
0.285000	0.101920
0.286000	-0.076435
0.287000	0.142684
0.288000	0.468815
0.289000	0.392380
0.290000	0.020382
0.291000	-0.020382
0.292000	0.280264
0.293000	0.463722
0.294000	0.351606
0.295000	0.168158
0.296000	0.305749
0.297000	0.642066
0.298000	0.713408
0.299000	0.448433
0.300000	0.219118
0.301000	0.382184
0.302000	0.677737
0.303000	0.606395
0.304000	0.346513
0.305000	0.366895
0.306000	0.611499
0.307000	0.713408
0.308000	0.428051
0.309000	0.178355
0.310000	0.315935
0.311000	0.494290
0.312000	0.377091
0.313000	0.147777
0.314000	0.152869
0.315000	0.377091
0.316000	0.468815
0.317000	0.259882
0.318000	0.010196
0.319000	0.101920
0.320000	0.264986
0.321000	0.224211
0.322000	0.101920
0.323000	0.061146
0.324000	0.264986
0.325000	0.397473
0.326000	0.249697
0.327000	0.112106
0.328000	0.183448
0.329000	0.295553
0.330000	0.290460
0.331000	0.224211
0.332000	0.203829
0.333000	0.315935
0.334000	0.422948
0.335000	0.341420
0.336000	0.254789
0.337000	0.326131
0.338000	0.473908
0.339000	0.417855
0.340000	0.305749
0.341000	0.382184
0.342000	0.596210
0.343000	0.636973
0.344000	0.448433
0.345000	0.417855
0.346000	0.540157
0.347000	0.616592
0.348000	0.519775
0.349000	0.438237
0.350000	0.463722
0.351000	0.540157
0.352000	0.616592
0.353000	0.524868
0.354000	0.443330
0.355000	0.412762
0.356000	0.535064
0.357000	0.504486
0.358000	0.351606
0.359000	0.275171
0.360000	0.366895
0.361000	0.499393
0.362000	0.417855
0.363000	0.234407
0.364000	0.229315
0.365000	0.331224
0.366000	0.428051
0.367000	0.254789
0.368000	0.219118
0.369000	0.387277
0.370000	0.382184
0.371000	0.371998
0.372000	0.321038
0.373000	0.326131
0.374000	0.417855
0.375000	0.392380
0.376000	0.382184
0.377000	0.336327
0.378000	0.321038
0.379000	0.463722
0.380000	0.428051
0.381000	0.326131
0.382000	0.407669
0.383000	0.519775
0.384000	0.529961
0.385000	0.377091
0.386000	0.310842
0.387000	0.499393
0.388000	0.601303
0.389000	0.550343
0.390000	0.489197
0.391000	0.463722
0.392000	0.535064
0.393000	0.468815
0.394000	0.580921
0.395000	0.321038
0.396000	0.285367
0.397000	0.738893
0.398000	0.784750
0.399000	0.540157
0.400000	0.361802
0.401000	0.509579
0.402000	0.886670
0.403000	0.672644
0.404000	0.203829
0.405000	0.173262
0.406000	0.448433
0.407000	0.616592
0.408000	0.290460
0.409000	-0.010196
0.410000	0.142684
0.411000	0.244604
0.412000	0.208933
0.413000	-0.071342
0.414000	-0.168158
0.415000	0.071342
0.416000	0.107013
0.417000	0.112106
0.418000	0.081538
0.419000	-0.020382
0.420000	0.117199
0.421000	0.107013
0.422000	-0.005093
0.423000	0.040764
0.424000	0.163066
0.425000	0.377091
0.426000	0.305749
0.427000	0.178355
0.428000	0.239500
0.429000	0.295553
0.430000	0.371998
0.431000	0.326131
0.432000	0.351606
0.433000	0.443330
0.434000	0.402566
0.435000	0.331224
0.436000	0.366895
0.437000	0.815328
0.438000	1.248470
0.439000	0.978394
0.440000	0.565632
0.441000	0.713408
0.442000	1.115980
0.443000	1.151660
0.444000	0.805132
0.445000	1.019160
0.446000	1.839590
0.447000	1.778430
0.448000	0.922341
0.449000	0.412762
0.450000	0.800039
0.451000	1.187330
0.452000	0.570735
0.453000	-0.101920
0.454000	0.112106
0.455000	0.718511
0.456000	0.677737
0.457000	-0.366895
0.458000	-0.963105
0.459000	-0.259882
0.460000	0.458619
0.461000	0.050960
0.462000	-0.845906
0.463000	-0.886670
0.464000	-0.122302
0.465000	0.152869
0.466000	-0.448433
0.467000	-0.917248
0.468000	-0.570735
0.469000	-0.056053
0.470000	-0.519775
0.471000	-1.248470
0.472000	-1.151660
0.473000	-0.708315
0.474000	-0.591117
0.475000	-1.065020
0.476000	-1.487970
0.477000	-1.273950
0.478000	-1.197510
0.479000	-1.309620
0.480000	-1.268850
0.481000	-1.156750
0.482000	-1.110880
0.483000	-1.314720
0.484000	-1.375870
0.485000	-1.243380
0.486000	-1.075210
0.487000	-0.988590
0.488000	-1.187330
0.489000	-1.391160
0.490000	-1.044640
0.491000	-0.764368
0.492000	-0.820421
0.493000	-0.978394
0.494000	-0.881577
0.495000	-0.473908
0.496000	-0.341420
0.497000	-0.535064
0.498000	-0.524868
0.499000	0.061146
0.500000	0.621684
0.501000	0.499393
0.502000	0.188540
0.503000	0.580921
0.504000	1.309620
0.505000	1.431920
0.506000	0.932527
0.507000	0.560539
0.508000	0.876474
0.509000	1.380960
0.510000	1.131260
0.511000	0.504486
0.512000	0.249697
0.513000	0.499393
0.514000	0.652262
0.515000	-0.081538
0.516000	-1.039540
0.517000	-1.136370
0.518000	-0.575828
0.519000	-0.366895
0.520000	-0.835710
0.521000	-1.182220
0.522000	-0.891763
0.523000	-0.428051
0.524000	-0.417855
0.525000	-0.784750
0.526000	-0.932527
0.527000	-0.616592
0.528000	-0.351606
0.529000	-0.565632
0.530000	-0.993683
0.531000	-0.901959
0.532000	-0.219118
0.533000	0.035671
0.534000	-0.494290
0.535000	-1.024260
0.536000	-0.861195
0.537000	-0.280264
0.538000	-0.203829
0.539000	-0.647170
0.540000	-0.856092
0.541000	-0.794946
0.542000	-0.805132
0.543000	-0.993683
0.544000	-1.019160
0.545000	-0.896866
0.546000	-1.019160
0.547000	-1.396250
0.548000	-1.457390
0.549000	-1.090500
0.550000	-0.703222
0.551000	-0.749079
0.552000	-1.014060
0.553000	-1.008970
0.554000	-0.601303
0.555000	-0.326131
0.556000	-0.519775
0.557000	-0.800039
0.558000	-0.540157
0.559000	-0.056053
0.560000	-0.030578
0.561000	-0.244604
0.562000	-0.112106
0.563000	0.259882
0.564000	0.473908
0.565000	0.438237
0.566000	0.229315
0.567000	0.198737
0.568000	0.463722
0.569000	0.570735
0.570000	0.356709
0.571000	0.137591
0.572000	0.315935
0.573000	0.723604
0.574000	0.876474
0.575000	0.693026
0.576000	0.540157
0.577000	0.509579
0.578000	0.616592
0.579000	0.779657
0.580000	0.779657
0.581000	0.693026
0.582000	0.642066
0.583000	0.738893
0.584000	0.907052
0.585000	0.917248
0.586000	0.830617
0.587000	0.769461
0.588000	0.815328
0.589000	0.891763
0.590000	0.861195
0.591000	0.881577
0.592000	0.988590
0.593000	1.029350
0.594000	0.927434
0.595000	0.881577
0.596000	0.968198
0.597000	1.075210
0.598000	1.075210
0.599000	1.008970
0.600000	1.029350
0.601000	1.177130
0.602000	1.243380
0.603000	1.202610
0.604000	1.131260
0.605000	1.100700
0.606000	1.182220
0.607000	1.187330
0.608000	1.105790
0.609000	1.172040
0.610000	1.248470
0.611000	1.172040
0.612000	1.075210
0.613000	1.039540
0.614000	1.100700
0.615000	1.136370
0.616000	1.039540
0.617000	0.978394
0.618000	0.922341
0.619000	0.968198
0.620000	1.085410
0.621000	1.029350
0.622000	0.968198
0.623000	0.952919
0.624000	0.937630
0.625000	0.907052
0.626000	0.856092
0.627000	0.886670
0.628000	0.958012
0.629000	0.917248
0.630000	0.845906
0.631000	0.830617
0.632000	0.917248
0.633000	0.952919
0.634000	0.861195
0.635000	0.800039
0.636000	0.830617
0.637000	0.835710
0.638000	0.861195
0.639000	0.774564
0.640000	0.713408
0.641000	0.738893
0.642000	0.754182
0.643000	0.749079
0.644000	0.677737
0.645000	0.606395
0.646000	0.672644
0.647000	0.616592
0.648000	0.458619
0.649000	0.448433
0.650000	0.606395
0.651000	0.789853
0.652000	0.642066
0.653000	0.468815
0.654000	0.494290
0.655000	0.616592
0.656000	0.647170
0.657000	0.371998
0.658000	0.127395
0.659000	0.300656
0.660000	0.545250
0.661000	0.479001
0.662000	0.168158
0.663000	-0.015289
0.664000	0.137591
0.665000	0.214026
0.666000	-0.015289
0.667000	-0.254789
0.668000	-0.198737
0.669000	0.066249
0.670000	0.081538
0.671000	-0.203829
0.672000	-0.392380
0.673000	-0.326131
0.674000	-0.198737
0.675000	-0.315935
0.676000	-0.489197
0.677000	-0.484104
0.678000	-0.366895
0.679000	-0.310842
0.680000	-0.438237
0.681000	-0.555446
0.682000	-0.504486
0.683000	-0.428051
0.684000	-0.402566
0.685000	-0.484104
0.686000	-0.489197
0.687000	-0.254789
0.688000	-0.168158
0.689000	-0.326131
0.690000	-0.519775
0.691000	-0.489197
0.692000	-0.310842
0.693000	-0.346513
0.694000	-0.550343
0.695000	-0.672644
0.696000	-0.626788
0.697000	-0.422948
0.698000	-0.433144
0.699000	-0.682841
0.700000	-0.687933
0.701000	-0.428051
0.702000	-0.183448
0.703000	-0.173262
0.704000	-0.392380
0.705000	-0.489197
0.706000	-0.458619
0.707000	-0.438237
0.708000	-0.524868
0.709000	-0.672644
0.710000	-0.657355
0.711000	-0.550343
0.712000	-0.529961
0.713000	-0.652262
0.714000	-0.784750
0.715000	-0.667552
0.716000	-0.428051
0.717000	-0.305749
0.718000	-0.219118
0.719000	-0.203829
0.720000	-0.188540
0.721000	-0.163066
0.722000	-0.137591
0.723000	-0.132488
0.724000	-0.417855
0.725000	-0.458619
0.726000	-0.285367
0.727000	-0.219118
0.728000	-0.387277
0.729000	-0.443330
0.730000	-0.361802
0.731000	-0.295553
0.732000	-0.397473
0.733000	-0.453526
0.734000	-0.397473
0.735000	-0.341420
0.736000	-0.356709
0.737000	-0.514672
0.738000	-0.616592
0.739000	-0.611499
0.740000	-0.642066
0.741000	-0.621684
0.742000	-0.733801
0.743000	-0.774564
0.744000	-0.723604
0.745000	-0.621684
0.746000	-0.591117
0.747000	-0.794946
0.748000	-0.835710
0.749000	-0.591117
0.750000	-0.489197
0.751000	-0.636973
0.752000	-0.693026
0.753000	-0.570735
0.754000	-0.463722
0.755000	-0.377091
0.756000	-0.326131
0.757000	-0.371998
0.758000	-0.519775
0.759000	-0.422948
0.760000	-0.234407
0.761000	-0.305749
0.762000	-0.438237
0.763000	-0.321038
0.764000	-0.122302
0.765000	-0.224211
0.766000	-0.397473
0.767000	-0.377091
0.768000	-0.402566
0.769000	-0.514672
0.770000	-0.514672
0.771000	-0.489197
0.772000	-0.519775
0.773000	-0.519775
0.774000	-0.407669
0.775000	-0.387277
0.776000	-0.499393
0.777000	-0.535064
0.778000	-0.473908
0.779000	-0.428051
0.780000	-0.524868
0.781000	-0.575828
0.782000	-0.428051
0.783000	-0.305749
0.784000	-0.371998
0.785000	-0.448433
0.786000	-0.407669
0.787000	-0.203829
0.788000	-0.117199
0.789000	-0.224211
0.790000	-0.254789
0.791000	-0.188540
0.792000	-0.045867
0.793000	0.086631
0.794000	0.005093
0.795000	-0.035671
0.796000	0.050960
0.797000	-0.020382
0.798000	-0.178355
0.799000	-0.163066
0.800000	0.061146
0.801000	0.224211
0.802000	0.142684
0.803000	0.061146
0.804000	0.219118
0.805000	0.366895
0.806000	0.234407
0.807000	-0.010196
0.808000	0.035671
0.809000	0.224211
0.810000	0.259882
0.811000	0.433144
0.812000	0.519775
0.813000	0.458619
0.814000	0.560539
0.815000	0.687933
0.816000	0.591117
0.817000	0.417855
0.818000	0.631881
0.819000	1.008970
0.820000	0.927434
0.821000	0.652262
0.822000	0.657355
0.823000	0.769461
0.824000	0.830617
0.825000	0.820421
0.826000	0.728697
0.827000	0.667552
0.828000	0.652262
0.829000	0.759275
0.830000	0.733801
0.831000	0.524868
0.832000	0.586014
0.833000	0.901959
0.834000	0.952919
0.835000	0.672644
0.836000	0.479001
0.837000	0.723604
0.838000	0.947816
0.839000	0.677737
0.840000	0.616592
0.841000	0.800039
0.842000	0.886670
0.843000	0.886670
0.844000	0.856092
0.845000	0.789853
0.846000	0.703222
0.847000	0.774564
0.848000	0.917248
0.849000	0.769461
0.850000	0.555446
0.851000	0.835710
0.852000	1.166930
0.853000	1.008970
0.854000	0.749079
0.855000	0.871381
0.856000	1.100700
0.857000	0.952919
0.858000	0.733801
0.859000	0.779657
0.860000	0.896866
0.861000	0.896866
0.862000	0.866288
0.863000	0.805132
0.864000	0.718511
0.865000	0.682841
0.866000	0.789853
0.867000	0.769461
0.868000	0.519775
0.869000	0.535064
0.870000	0.789853
0.871000	0.743986
0.872000	0.494290
0.873000	0.453526
0.874000	0.662459
0.875000	0.672644
0.876000	0.438237
0.877000	0.331224
0.878000	0.366895
0.879000	0.448433
0.880000	0.519775
0.881000	0.514672
0.882000	0.407669
0.883000	0.417855
0.884000	0.575828
0.885000	0.586014
0.886000	0.377091
0.887000	0.244604
0.888000	0.412762
0.889000	0.529961
0.890000	0.371998
0.891000	0.259882
0.892000	0.382184
0.893000	0.545250
0.894000	0.514672
0.895000	0.377091
0.896000	0.310842
0.897000	0.346513
0.898000	0.407669
0.899000	0.433144
0.900000	0.285367
0.901000	0.193644
0.902000	0.346513
0.903000	0.555446
0.904000	0.484104
0.905000	0.244604
0.906000	0.249697
0.907000	0.448433
0.908000	0.351606
0.909000	0.086631
0.910000	0.152869
0.911000	0.392380
0.912000	0.377091
0.913000	0.101920
0.914000	-0.050960
0.915000	0.107013
0.916000	0.183448
0.917000	0.035671
0.918000	-0.132488
0.919000	-0.147777
0.920000	0.040764
0.921000	0.208933
0.922000	0.107013
0.923000	-0.315935
0.924000	0.096817
0.925000	0.310842
0.926000	-0.244604
0.927000	-0.045867
0.928000	0.071342
0.929000	-0.168158
0.930000	0.107013
0.931000	0.050960
0.932000	-0.040764
0.933000	0.086631
0.934000	-0.178355
0.935000	-0.142684
0.936000	0.178355
0.937000	0.203829
0.938000	0.020382
0.939000	-0.280264
0.940000	0.056053
0.941000	0.239500
0.942000	-0.091724
0.943000	0.086631
0.944000	-0.107013
0.945000	0.035671
0.946000	0.387277
0.947000	-0.107013
0.948000	-0.208933
0.949000	0.025475
0.950000	0.147777
0.951000	0.173262
0.952000	-0.203829
0.953000	-0.178355
0.954000	0.147777
0.955000	0.076435
0.956000	-0.086631
0.957000	-0.112106
0.958000	-0.015289
0.959000	0.066249
0.960000	0.035671
0.961000	0.112106
0.962000	0.015289
0.963000	-0.020382
0.964000	0.117199
0.965000	-0.050960
0.966000	-0.025475
0.967000	0.045867
0.968000	-0.122302
0.969000	0.117199
0.970000	0.035671
0.971000	-0.020382
0.972000	-0.020382
0.973000	-0.015289
0.974000	0.198737
0.975000	-0.010196
0.976000	-0.259882
0.977000	0.086631
0.978000	0.081538
0.979000	0.101920
0.980000	0.056053
0.981000	-0.107013
0.982000	-0.071342
0.983000	-0.076435
0.984000	0.081538
0.985000	0.183448
0.986000	-0.112106
0.987000	0.061146
0.988000	0.040764
0.989000	-0.173262
0.990000	0.091724
0.991000	0.122302
0.992000	-0.061146
0.993000	0.010196
0.994000	0.000000
0.995000	0.132488
0.996000	0.101920
0.997000	-0.112106
0.998000	-0.091724
0.999000	0.015289
1.000000	0.122302
1.001000	0.061146
1.002000	-0.045867
1.003000	0.030578
1.004000	-0.025475
1.005000	0.081538
1.006000	-0.056053
1.007000	-0.147777
1.008000	0.321038
1.009000	0.234407
1.010000	-0.096817
1.011000	0.000000
1.012000	0.000000
1.013000	-0.010196
1.014000	0.050960
1.015000	-0.112106
1.016000	-0.163066
1.017000	-0.056053
1.018000	0.086631
1.019000	-0.071342
1.020000	-0.336327
1.021000	0.040764
1.022000	0.382184
1.023000	0.214026
1.024000	-0.086631
1.025000	-0.229315
1.026000	0.127395
1.027000	0.361802
1.028000	0.010196
1.029000	-0.336327
1.030000	-0.295553
1.031000	0.107013
1.032000	0.285367
1.033000	-0.183448
1.034000	-0.366895
1.035000	0.107013
1.036000	0.422948
1.037000	0.168158
1.038000	-0.239500
1.039000	-0.091724
1.040000	0.351606
1.041000	0.270078
1.042000	-0.224211
1.043000	-0.443330
1.044000	-0.112106
1.045000	0.275171
1.046000	0.081538
1.047000	-0.346513
1.048000	-0.285367
1.049000	0.234407
1.050000	0.448433
1.051000	0.107013
1.052000	-0.163066
1.053000	0.010196
1.054000	0.295553
1.055000	0.259882
1.056000	-0.127395
1.057000	-0.259882
1.058000	-0.015289
1.059000	0.219118
1.060000	0.066249
1.061000	-0.285367
1.062000	-0.254789
1.063000	0.096817
1.064000	0.275171
1.065000	0.005093
1.066000	-0.321038
1.067000	-0.081538
1.068000	0.198737
1.069000	0.224211
1.070000	0.010196
1.071000	-0.259882
1.072000	0.005093
1.073000	0.315935
1.074000	0.045867
1.075000	-0.229315
1.076000	-0.122302
1.077000	0.152869
1.078000	0.152869
1.079000	-0.101920
1.080000	-0.066249
1.081000	0.152869
1.082000	0.275171
1.083000	0.152869
1.084000	-0.178355
1.085000	-0.040764
1.086000	0.203829
1.087000	0.096817
1.088000	-0.071342
1.089000	-0.305749
1.090000	-0.107013
1.091000	0.173262
1.092000	-0.005093
1.093000	-0.127395
1.094000	-0.050960
1.095000	0.137591
1.096000	0.112106
1.097000	-0.015289
1.098000	0.005093
1.099000	0.015289
1.100000	0.071342
1.101000	0.112106
1.102000	0.005093
1.103000	-0.005093
1.104000	0.015289
1.105000	0.015289
1.106000	0.122302
1.107000	0.056053
1.108000	-0.076435
1.109000	-0.020382
1.110000	-0.066249
1.111000	-0.045867
1.112000	-0.015289
1.113000	-0.061146
1.114000	-0.076435
1.115000	-0.010196
1.116000	0.025475
1.117000	-0.005093
1.118000	0.010196
1.119000	0.107013
1.120000	0.040764
1.121000	-0.076435
1.122000	-0.142684
1.123000	0.010196
1.124000	0.163066
1.125000	0.025475
1.126000	-0.147777
1.127000	-0.010196
1.128000	0.188540
1.129000	0.219118
1.130000	0.086631
1.131000	0.015289
1.132000	0.025475
1.133000	0.005093
1.134000	0.015289
1.135000	-0.061146
1.136000	-0.071342
1.137000	0.005093
1.138000	-0.091724
1.139000	-0.107013
1.140000	-0.045867
1.141000	0.050960
1.142000	0.107013
1.143000	-0.061146
1.144000	-0.101920
1.145000	0.025475
1.146000	-0.005093
1.147000	-0.010196
1.148000	-0.035671
1.149000	0.015289
1.150000	0.025475
1.151000	-0.066249
1.152000	0.035671
1.153000	0.183448
1.154000	0.229315
1.155000	0.086631
1.156000	-0.066249
1.157000	0.005093
1.158000	0.173262
1.159000	0.132488
1.160000	-0.107013
1.161000	-0.193644
1.162000	-0.061146
1.163000	0.107013
1.164000	0.066249
1.165000	-0.117199
1.166000	-0.061146
1.167000	0.152869
1.168000	0.152869
1.169000	-0.086631
1.170000	-0.234407
1.171000	-0.035671
1.172000	0.152869
1.173000	0.035671
1.174000	-0.157973
1.175000	-0.147777
1.176000	0.061146
1.177000	0.214026
1.178000	0.122302
1.179000	-0.086631
1.180000	-0.091724
1.181000	0.137591
1.182000	0.203829
1.183000	0.020382
1.184000	-0.132488
1.185000	-0.015289
1.186000	0.173262
1.187000	0.066249
1.188000	-0.127395
1.189000	-0.071342
1.190000	0.091724
1.191000	0.122302
1.192000	-0.035671
1.193000	-0.183448
1.194000	-0.081538
1.195000	0.137591
1.196000	0.168158
1.197000	-0.025475
1.198000	-0.163066
1.199000	-0.005093
1.200000	0.152869
1.201000	0.081538
1.202000	-0.091724
1.203000	-0.096817
1.204000	0.056053
1.205000	0.066249
1.206000	-0.076435
1.207000	-0.107013
1.208000	0.010196
1.209000	0.127395
1.210000	0.071342
1.211000	-0.076435
1.212000	-0.081538
1.213000	0.112106
1.214000	0.219118
1.215000	0.066249
1.216000	-0.101920
1.217000	-0.066249
1.218000	0.101920
1.219000	0.137591
1.220000	-0.005093
1.221000	-0.127395
1.222000	-0.035671
1.223000	0.112106
1.224000	0.091724
1.225000	-0.020382
1.226000	-0.061146
1.227000	0.010196
1.228000	0.086631
1.229000	0.025475
1.230000	-0.096817
1.231000	-0.112106
1.232000	-0.005093
1.233000	0.066249
1.234000	-0.010196
1.235000	-0.107013
1.236000	-0.045867
1.237000	0.091724
1.238000	0.127395
1.239000	0.035671
1.240000	-0.056053
1.241000	-0.005093
1.242000	0.101920
1.243000	0.066249
1.244000	-0.005093
1.245000	-0.020382
1.246000	0.030578
1.247000	0.076435
1.248000	0.030578
1.249000	-0.020382
1.250000	-0.015289
1.251000	0.061146
1.252000	0.056053
1.253000	-0.015289
1.254000	-0.045867
1.255000	0.000000
1.256000	0.040764
1.257000	0.025475
1.258000	-0.005093
1.259000	-0.040764
1.260000	-0.015289
1.261000	0.025475
1.262000	0.040764
1.263000	0.025475
1.264000	-0.010196
1.265000	0.010196
1.266000	0.040764
1.267000	0.040764
1.268000	0.020382
1.269000	0.040764
1.270000	0.066249
1.271000	0.015289
1.272000	-0.015289
1.273000	-0.015289
1.274000	0.020382
1.275000	0.030578
1.276000	-0.015289
1.277000	-0.035671
1.278000	0.025475
1.279000	0.020382
1.280000	-0.015289
1.281000	-0.015289
1.282000	0.010196
1.283000	0.025475
1.284000	0.010196
1.285000	-0.015289
1.286000	-0.035671
1.287000	-0.020382
1.288000	0.015289
1.289000	0.000000
1.290000	-0.030578
1.291000	-0.025475
1.292000	0.020382
1.293000	0.081538
1.294000	0.050960
1.295000	0.010196
1.296000	0.030578
1.297000	0.081538
1.298000	0.066249
1.299000	0.025475
1.300000	-0.005093
1.301000	0.005093
1.302000	0.020382
1.303000	0.015289
1.304000	-0.015289
1.305000	-0.020382
1.306000	0.025475
1.307000	0.035671
1.308000	0.005093
1.309000	-0.020382
1.310000	-0.010196
1.311000	0.020382
1.312000	0.030578
1.313000	-0.030578
1.314000	-0.045867
1.315000	-0.005093
1.316000	0.000000
1.317000	0.000000
1.318000	-0.020382
1.319000	-0.005093
1.320000	0.040764
1.321000	0.045867
1.322000	0.010196
1.323000	0.000000
1.324000	0.040764
1.325000	0.086631
1.326000	0.056053
1.327000	0.005093
1.328000	0.010196
1.329000	0.035671
1.330000	0.081538
1.331000	0.015289
1.332000	-0.061146
1.333000	-0.005093
1.334000	0.025475
1.335000	0.005093
1.336000	-0.025475
1.337000	-0.035671
1.338000	0.025475
1.339000	0.061146
1.340000	0.000000
1.341000	-0.015289
1.342000	0.010196
1.343000	0.061146
1.344000	0.035671
1.345000	-0.020382
1.346000	-0.020382
1.347000	0.015289
1.348000	0.045867
1.349000	0.005093
1.350000	-0.056053
1.351000	-0.005093
1.352000	0.045867
1.353000	0.025475
1.354000	-0.010196
1.355000	-0.005093
1.356000	0.025475
1.357000	0.045867
1.358000	0.015289
1.359000	-0.025475
1.360000	-0.010196
1.361000	0.010196
1.362000	-0.005093
1.363000	-0.020382
1.364000	-0.005093
1.365000	0.010196
1.366000	0.025475
1.367000	0.035671
1.368000	0.030578
1.369000	0.020382
1.370000	0.045867
1.371000	0.040764
1.372000	0.000000
1.373000	-0.010196
1.374000	0.000000
1.375000	0.005093
1.376000	-0.015289
1.377000	-0.040764
1.378000	-0.005093
1.379000	0.020382
1.380000	0.005093
1.381000	-0.005093
1.382000	0.030578
1.383000	0.045867
1.384000	0.025475
1.385000	0.015289
1.386000	0.015289
1.387000	-0.005093
1.388000	0.015289
1.389000	0.020382
1.390000	0.020382
1.391000	0.010196
1.392000	0.015289
1.393000	0.025475
1.394000	0.030578
1.395000	0.020382
1.396000	0.010196
1.397000	0.000000
1.398000	0.030578
1.399000	0.015289
1.400000	0.005093
1.401000	-0.015289
1.402000	-0.035671
1.403000	0.000000
1.404000	0.030578
1.405000	-0.005093
1.406000	-0.050960
1.407000	0.010196
1.408000	0.061146
1.409000	0.010196
1.410000	-0.010196
1.411000	0.020382
1.412000	0.045867
1.413000	0.040764
1.414000	0.005093
1.415000	0.025475
1.416000	0.035671
1.417000	0.010196
1.418000	0.020382
1.419000	0.010196
1.420000	0.015289
1.421000	0.025475
1.422000	0.020382
1.423000	0.015289
1.424000	-0.005093
1.425000	-0.010196
1.426000	0.010196
1.427000	0.020382
1.428000	0.010196
1.429000	-0.010196
1.430000	-0.005093
1.431000	0.030578
1.432000	0.025475
1.433000	-0.005093
1.434000	0.030578
1.435000	0.020382
1.436000	-0.010196
1.437000	0.030578
1.438000	0.035671
1.439000	0.000000
1.440000	0.010196
1.441000	0.010196
1.442000	0.020382
1.443000	0.005093
1.444000	0.000000
1.445000	0.005093
1.446000	-0.005093
1.447000	-0.005093
1.448000	0.010196
1.449000	-0.010196
1.450000	-0.020382
1.451000	-0.025475
1.452000	0.015289
1.453000	0.035671
1.454000	-0.010196
1.455000	-0.020382
1.456000	0.005093
1.457000	0.025475
1.458000	0.040764
1.459000	0.025475
1.460000	-0.015289
1.461000	0.020382
1.462000	0.035671
1.463000	0.015289
1.464000	-0.020382
1.465000	-0.015289
1.466000	0.020382
1.467000	0.030578
1.468000	-0.020382
1.469000	-0.015289
1.470000	0.050960
1.471000	0.061146
1.472000	0.010196
1.473000	-0.040764
1.474000	0.000000
1.475000	0.086631
1.476000	0.045867
1.477000	-0.015289
1.478000	-0.040764
1.479000	0.025475
1.480000	0.081538
1.481000	0.010196
1.482000	-0.050960
1.483000	0.010196
1.484000	0.076435
1.485000	0.066249
1.486000	-0.040764
1.487000	-0.081538
1.488000	0.030578
1.489000	0.086631
1.490000	0.005093
1.491000	-0.107013
1.492000	-0.086631
1.493000	0.040764
1.494000	0.061146
1.495000	-0.010196
1.496000	-0.071342
1.497000	0.010196
1.498000	0.132488
1.499000	0.081538
1.500000	-0.020382
1.501000	-0.020382
1.502000	0.040764
1.503000	0.107013
1.504000	0.035671
1.505000	-0.066249
1.506000	-0.020382
1.507000	0.061146
1.508000	0.076435
1.509000	-0.005093
1.510000	-0.045867
1.511000	0.020382
1.512000	0.061146
1.513000	0.035671
1.514000	-0.040764
1.515000	-0.076435
1.516000	0.020382
1.517000	0.050960
1.518000	-0.050960
1.519000	-0.091724
1.520000	-0.030578
1.521000	0.081538
1.522000	0.076435
1.523000	-0.035671
1.524000	-0.040764
1.525000	0.066249
1.526000	0.152869
1.527000	0.035671
1.528000	-0.086631
1.529000	-0.015289
1.530000	0.086631
1.531000	0.081538
1.532000	-0.035671
1.533000	-0.076435
1.534000	0.010196
1.535000	0.081538
1.536000	0.010196
1.537000	-0.040764
1.538000	-0.030578
1.539000	0.040764
1.540000	0.066249
1.541000	-0.025475
1.542000	-0.066249
1.543000	0.015289
1.544000	0.076435
1.545000	0.035671
1.546000	-0.056053
1.547000	-0.035671
1.548000	0.071342
1.549000	0.091724
1.550000	-0.015289
1.551000	-0.045867
1.552000	0.035671
1.553000	0.071342
1.554000	0.010196
1.555000	-0.030578
1.556000	-0.015289
1.557000	0.035671
1.558000	0.045867
1.559000	-0.005093
1.560000	-0.030578
1.561000	-0.015289
1.562000	0.040764
1.563000	0.050960
1.564000	-0.015289
1.565000	-0.035671
1.566000	0.015289
1.567000	0.045867
1.568000	0.015289
1.569000	-0.020382
1.570000	-0.005093
1.571000	0.061146
1.572000	0.061146
1.573000	-0.010196
1.574000	-0.020382
1.575000	0.030578
1.576000	0.071342
1.577000	0.025475
1.578000	-0.025475
1.579000	-0.035671
1.580000	0.020382
1.581000	0.045867
1.582000	-0.005093
1.583000	-0.050960
1.584000	0.005093
1.585000	0.061146
1.586000	0.040764
1.587000	-0.005093
1.588000	-0.005093
1.589000	0.045867
1.590000	0.081538
1.591000	0.005093
1.592000	-0.035671
1.593000	-0.010196
1.594000	0.040764
1.595000	0.040764
1.596000	-0.015289
1.597000	-0.045867
1.598000	0.000000
1.599000	0.050960
1.600000	0.015289
1.601000	-0.010196
1.602000	-0.020382
1.603000	0.025475
1.604000	0.056053
1.605000	-0.010196
1.606000	-0.035671
1.607000	0.005093
1.608000	0.050960
1.609000	0.040764
1.610000	-0.020382
1.611000	-0.035671
1.612000	0.035671
1.613000	0.056053
1.614000	0.025475
1.615000	-0.005093
1.616000	-0.020382
1.617000	0.035671
1.618000	0.050960
1.619000	-0.010196
1.620000	-0.035671
1.621000	0.005093
1.622000	0.030578
1.623000	0.000000
1.624000	-0.030578
1.625000	-0.020382
1.626000	0.030578
1.627000	0.056053
1.628000	0.005093
1.629000	-0.040764
1.630000	-0.015289
1.631000	0.066249
1.632000	0.066249
1.633000	-0.020382
1.634000	-0.030578
1.635000	0.020382
1.636000	0.050960
1.637000	0.025475
1.638000	-0.015289
1.639000	0.015289
1.640000	0.040764
1.641000	0.040764
1.642000	-0.010196
1.643000	-0.015289
1.644000	0.020382
1.645000	0.050960
1.646000	0.025475
1.647000	-0.030578
1.648000	-0.030578
1.649000	0.020382
1.650000	0.040764
1.651000	0.010196
1.652000	-0.025475
1.653000	0.000000
1.654000	0.045867
1.655000	0.030578
1.656000	-0.015289
1.657000	-0.010196
1.658000	0.030578
1.659000	0.035671
1.660000	-0.005093
1.661000	-0.030578
1.662000	0.000000
1.663000	0.040764
1.664000	0.040764
1.665000	-0.010196
1.666000	-0.020382
1.667000	0.010196
1.668000	0.050960
1.669000	0.030578
1.670000	-0.005093
1.671000	0.000000
1.672000	0.025475
1.673000	0.030578
1.674000	0.005093
1.675000	-0.005093
1.676000	0.015289
1.677000	0.030578
1.678000	0.015289
1.679000	0.000000
1.680000	0.005093
1.681000	0.020382
1.682000	0.035671
1.683000	0.015289
1.684000	-0.015289
1.685000	-0.010196
1.686000	0.030578
1.687000	0.030578
1.688000	-0.010196
1.689000	-0.015289
1.690000	0.010196
1.691000	0.040764
1.692000	0.010196
1.693000	-0.005093
1.694000	0.005093
1.695000	0.035671
1.696000	0.020382
1.697000	-0.010196
1.698000	-0.005093
1.699000	0.025475
1.700000	0.040764
1.701000	0.015289
1.702000	-0.020382
1.703000	0.000000
1.704000	0.030578
1.705000	0.040764
1.706000	-0.010196
1.707000	-0.020382
1.708000	0.015289
1.709000	0.045867
1.710000	0.020382
1.711000	-0.015289
1.712000	-0.020382
1.713000	0.030578
1.714000	0.056053
1.715000	-0.020382
1.716000	-0.045867
1.717000	0.035671
1.718000	0.101920
1.719000	0.040764
1.720000	-0.086631
1.721000	-0.071342
1.722000	0.081538
1.723000	0.132488
1.724000	0.005093
1.725000	-0.132488
1.726000	-0.071342
1.727000	0.112106
1.728000	0.122302
1.729000	-0.025475
1.730000	-0.112106
1.731000	0.020382
1.732000	0.142684
1.733000	0.056053
1.734000	-0.112106
1.735000	-0.081538
1.736000	0.101920
1.737000	0.137591
1.738000	-0.045867
1.739000	-0.142684
1.740000	-0.010196
1.741000	0.163066
1.742000	0.096817
1.743000	-0.091724
1.744000	-0.107013
1.745000	0.066249
1.746000	0.168158
1.747000	0.005093
1.748000	-0.157973
1.749000	-0.030578
1.750000	0.142684
1.751000	0.091724
1.752000	-0.081538
1.753000	-0.122302
1.754000	0.050960
1.755000	0.152869
1.756000	0.045867
1.757000	-0.107013
1.758000	-0.066249
1.759000	0.101920
1.760000	0.127395
1.761000	-0.030578
1.762000	-0.107013
1.763000	0.005093
1.764000	0.122302
1.765000	0.066249
1.766000	-0.066249
1.767000	-0.081538
1.768000	0.035671
1.769000	0.101920
1.770000	0.005093
1.771000	-0.081538
1.772000	-0.030578
1.773000	0.086631
1.774000	0.066249
1.775000	-0.056053
1.776000	-0.091724
1.777000	0.020382
1.778000	0.117199
1.779000	0.035671
1.780000	-0.066249
1.781000	-0.045867
1.782000	0.050960
1.783000	0.086631
1.784000	0.010196
1.785000	-0.050960
1.786000	0.005093
1.787000	0.086631
1.788000	0.056053
1.789000	-0.045867
1.790000	-0.045867
1.791000	0.050960
1.792000	0.076435
1.793000	0.000000
1.794000	-0.066249
1.795000	-0.010196
1.796000	0.071342
1.797000	0.061146
1.798000	-0.056053
1.799000	-0.076435
1.800000	0.020382
1.801000	0.096817
1.802000	0.025475
1.803000	-0.061146
1.804000	-0.030578
1.805000	0.061146
1.806000	0.071342
1.807000	-0.005093
1.808000	-0.040764
1.809000	0.020382
1.810000	0.071342
1.811000	0.025475
1.812000	-0.030578
1.813000	-0.015289
1.814000	0.015289
1.815000	0.066249
1.816000	0.040764
1.817000	-0.020382
1.818000	-0.030578
1.819000	0.030578
1.820000	0.076435
1.821000	0.040764
1.822000	-0.035671
1.823000	-0.030578
1.824000	0.015289
1.825000	0.045867
1.826000	0.025475
1.827000	-0.020382
1.828000	0.005093
1.829000	0.030578
1.830000	0.000000
1.831000	-0.035671
1.832000	0.000000
1.833000	0.056053
1.834000	0.035671
1.835000	-0.035671
1.836000	-0.040764
1.837000	-0.005093
1.838000	0.040764
1.839000	0.020382
1.840000	-0.015289
1.841000	-0.020382
1.842000	0.015289
1.843000	0.045867
1.844000	0.020382
1.845000	-0.005093
1.846000	0.005093
1.847000	0.035671
1.848000	0.035671
1.849000	-0.005093
1.850000	-0.015289
1.851000	0.056053
1.852000	0.050960
1.853000	0.000000
1.854000	-0.030578
1.855000	-0.015289
1.856000	0.035671
1.857000	0.045867
1.858000	0.000000
1.859000	-0.035671
1.860000	-0.020382
1.861000	0.015289
1.862000	0.025475
1.863000	-0.010196
1.864000	-0.020382
1.865000	0.010196
1.866000	0.025475
1.867000	0.015289
1.868000	-0.010196
1.869000	0.000000
1.870000	0.025475
1.871000	0.040764
1.872000	0.010196
1.873000	-0.015289
1.874000	0.010196
1.875000	0.056053
1.876000	0.045867
1.877000	-0.005093
1.878000	-0.025475
1.879000	0.000000
1.880000	0.050960
1.881000	0.035671
1.882000	-0.005093
1.883000	-0.010196
1.884000	0.015289
1.885000	0.025475
1.886000	0.000000
1.887000	-0.005093
1.888000	0.005093
1.889000	0.035671
1.890000	0.025475
1.891000	0.000000
1.892000	-0.015289
1.893000	0.010196
1.894000	0.045867
1.895000	0.020382
1.896000	0.000000
1.897000	0.005093
1.898000	0.035671
1.899000	0.020382
1.900000	0.000000
1.901000	-0.005093
1.902000	0.010196
1.903000	0.015289
1.904000	0.010196
1.905000	0.005093
1.906000	0.020382
1.907000	0.015289
1.908000	0.010196
1.909000	-0.005093
1.910000	0.015289
1.911000	0.015289
1.912000	0.030578
1.913000	0.005093
1.914000	-0.005093
1.915000	0.015289
1.916000	0.020382
1.917000	0.030578
1.918000	0.005093
1.919000	0.005093
1.920000	0.020382
1.921000	0.035671
1.922000	-0.005093
1.923000	-0.020382
1.924000	0.000000
1.925000	0.030578
1.926000	0.015289
1.927000	0.000000
1.928000	-0.005093
1.929000	0.000000
1.930000	0.020382
1.931000	0.020382
1.932000	0.005093
1.933000	-0.010196
1.934000	0.010196
1.935000	0.020382
1.936000	0.005093
1.937000	-0.010196
1.938000	0.010196
1.939000	0.025475
1.940000	-0.005093
1.941000	-0.005093
1.942000	0.010196
1.943000	0.020382
1.944000	0.000000
1.945000	-0.005093
1.946000	0.010196
1.947000	0.015289
1.948000	0.010196
1.949000	-0.010196
1.950000	-0.005093
1.951000	0.010196
1.952000	0.020382
1.953000	0.015289
1.954000	0.000000
1.955000	0.005093
1.956000	0.025475
1.957000	0.040764
1.958000	0.005093
1.959000	-0.010196
1.960000	0.020382
1.961000	0.030578
1.962000	0.005093
1.963000	-0.010196
1.964000	0.000000
1.965000	0.020382
1.966000	0.020382
1.967000	0.010196
1.968000	-0.010196
1.969000	0.000000
1.970000	0.025475
1.971000	0.010196
1.972000	0.005093
1.973000	0.010196
1.974000	0.020382
1.975000	0.015289
1.976000	0.000000
1.977000	0.005093
1.978000	0.010196
1.979000	0.015289
1.980000	0.020382
1.981000	0.010196
1.982000	0.010196
1.983000	0.020382
1.984000	0.025475
1.985000	0.015289
1.986000	0.020382
1.987000	0.020382
1.988000	0.020382
1.989000	0.005093
1.990000	0.010196
1.991000	0.020382
1.992000	0.015289
1.993000	0.010196
1.994000	0.005093
1.995000	0.015289
1.996000	0.020382
1.997000	0.010196
1.998000	0.015289
1.999000	0.010196
2.000000	-0.010196
2.001000	0.015289
2.002000	0.025475
2.003000	0.015289
2.004000	-0.015289
2.005000	0.000000
2.006000	0.045867
2.007000	0.030578
2.008000	-0.020382
2.009000	-0.040764
2.010000	0.015289
2.011000	0.061146
2.012000	0.020382
2.013000	-0.020382
2.014000	-0.010196
2.015000	0.020382
2.016000	0.025475
2.017000	0.010196
2.018000	0.015289
2.019000	0.005093
2.020000	0.010196
2.021000	0.020382
2.022000	0.030578
2.023000	0.010196
2.024000	0.000000
2.025000	0.010196
2.026000	0.025475
2.027000	0.015289
2.028000	0.005093
2.029000	0.005093
2.030000	0.000000
2.031000	0.005093
2.032000	0.015289
2.033000	0.025475
2.034000	0.010196
2.035000	0.000000
2.036000	0.010196
2.037000	0.020382
2.038000	0.015289
2.039000	0.005093
2.040000	0.000000
2.041000	-0.010196
2.042000	0.000000
2.043000	0.025475
2.044000	0.025475
2.045000	0.005093
2.046000	-0.020382
2.047000	0.005093
2.048000	0.040764
2.049000	0.040764
2.050000	0.000000
2.051000	-0.015289
2.052000	0.005093
2.053000	0.035671
2.054000	0.045867
2.055000	0.000000
2.056000	-0.020382
2.057000	0.000000
2.058000	0.035671
2.059000	0.025475
2.060000	-0.010196
2.061000	-0.020382
2.062000	0.010196
2.063000	0.035671
2.064000	0.010196
2.065000	-0.010196
2.066000	0.000000
2.067000	0.020382
2.068000	0.020382
2.069000	0.000000
2.070000	-0.020382
2.071000	0.005093
2.072000	0.045867
2.073000	0.025475
2.074000	-0.010196
2.075000	-0.010196
2.076000	0.025475
2.077000	0.035671
2.078000	0.000000
2.079000	-0.025475
2.080000	0.015289
2.081000	0.040764
2.082000	0.010196
2.083000	-0.020382
2.084000	-0.005093
2.085000	0.040764
2.086000	0.035671
2.087000	0.020382
2.088000	-0.005093
2.089000	-0.015289
2.090000	0.025475
2.091000	0.030578
2.092000	0.010196
2.093000	-0.015289
2.094000	-0.005093
2.095000	0.030578
2.096000	0.020382
2.097000	-0.010196
2.098000	0.000000
2.099000	0.020382
2.100000	0.020382
2.101000	0.015289
2.102000	0.010196
2.103000	0.000000
2.104000	0.020382
2.105000	0.030578
2.106000	0.020382
2.107000	-0.005093
2.108000	0.005093
2.109000	0.025475
2.110000	0.020382
2.111000	0.005093
2.112000	0.005093
2.113000	0.015289
2.114000	0.015289
2.115000	-0.005093
2.116000	-0.005093
2.117000	0.025475
2.118000	0.035671
2.119000	0.000000
2.120000	-0.020382
2.121000	0.005093
2.122000	0.030578
2.123000	0.020382
2.124000	0.000000
2.125000	0.000000
2.126000	0.020382
2.127000	0.030578
2.128000	0.010196
2.129000	-0.015289
2.130000	-0.005093
2.131000	0.030578
2.132000	0.040764
2.133000	-0.005093
2.134000	-0.005093
2.135000	0.010196
2.136000	0.040764
2.137000	0.025475
2.138000	-0.010196
2.139000	-0.005093
2.140000	0.030578
2.141000	0.025475
2.142000	0.010196
2.143000	-0.015289
2.144000	-0.010196
2.145000	0.015289
2.146000	0.030578
2.147000	0.015289
2.148000	-0.005093
2.149000	-0.010196
2.150000	0.005093
2.151000	0.025475
2.152000	0.015289
2.153000	0.010196
2.154000	0.015289
2.155000	0.020382
2.156000	0.010196
2.157000	0.010196
2.158000	0.010196
2.159000	0.005093
2.160000	0.020382
2.161000	0.010196
2.162000	0.010196
2.163000	0.005093
2.164000	0.015289
2.165000	0.020382
2.166000	0.005093
2.167000	0.000000
2.168000	0.005093
2.169000	0.010196
2.170000	0.005093
2.171000	0.005093
2.172000	0.010196
2.173000	0.010196
2.174000	0.005093
2.175000	0.005093
2.176000	0.015289
2.177000	0.005093
2.178000	0.005093
2.179000	0.005093
2.180000	0.010196
2.181000	0.005093
2.182000	0.010196
2.183000	0.010196
2.184000	0.010196
2.185000	0.005093
2.186000	0.010196
2.187000	0.015289
2.188000	0.015289
2.189000	0.015289
2.190000	0.005093
2.191000	0.005093
2.192000	0.000000
2.193000	0.005093
2.194000	0.010196
2.195000	0.015289
2.196000	0.020382
2.197000	0.010196
2.198000	0.000000
2.199000	0.010196
