-0.300000	0.866721
-0.299000	0.866721
-0.298000	0.929512
-0.297000	0.929512
-0.296000	0.929512
-0.295000	0.866721
-0.294000	0.803930
-0.293000	0.992432
-0.292000	0.866721
-0.291000	0.929512
-0.290000	0.803930
-0.289000	0.803930
-0.288000	0.866721
-0.287000	0.866721
-0.286000	0.929512
-0.285000	0.929512
-0.284000	0.866721
-0.283000	0.866721
-0.282000	0.929512
-0.281000	0.929512
-0.280000	0.866721
-0.279000	0.866721
-0.278000	0.929512
-0.277000	0.866721
-0.276000	0.866721
-0.275000	0.866721
-0.274000	0.929512
-0.273000	0.866721
-0.272000	0.866721
-0.271000	0.992432
-0.270000	0.929512
-0.269000	0.803930
-0.268000	0.929512
-0.267000	0.866721
-0.266000	0.929512
-0.265000	0.929512
-0.264000	0.929512
-0.263000	0.866721
-0.262000	0.866721
-0.261000	0.866721
-0.260000	0.866721
-0.259000	0.803930
-0.258000	0.866721
-0.257000	0.866721
-0.256000	0.741011
-0.255000	0.866721
-0.254000	0.929512
-0.253000	0.866721
-0.252000	0.866721
-0.251000	0.929512
-0.250000	0.866721
-0.249000	0.866721
-0.248000	0.929512
-0.247000	0.866721
-0.246000	0.866721
-0.245000	0.866721
-0.244000	0.803930
-0.243000	0.866721
-0.242000	0.866721
-0.241000	0.866721
-0.240000	0.866721
-0.239000	0.803930
-0.238000	0.866721
-0.237000	0.866721
-0.236000	0.866721
-0.235000	0.929512
-0.234000	0.929512
-0.233000	0.866721
-0.232000	0.803930
-0.231000	0.929512
-0.230000	0.929512
-0.229000	0.803930
-0.228000	0.866721
-0.227000	0.803930
-0.226000	0.803930
-0.225000	0.803930
-0.224000	0.866721
-0.223000	0.803930
-0.222000	0.929512
-0.221000	0.866721
-0.220000	0.866721
-0.219000	0.866721
-0.218000	0.866721
-0.217000	0.992432
-0.216000	0.803930
-0.215000	0.803930
-0.214000	0.866721
-0.213000	0.929512
-0.212000	0.866721
-0.211000	0.929512
-0.210000	0.803930
-0.209000	0.741011
-0.208000	0.866721
-0.207000	0.866721
-0.206000	0.866721
-0.205000	0.866721
-0.204000	0.866721
-0.203000	0.929512
-0.202000	0.866721
-0.201000	0.929512
-0.200000	0.929512
-0.199000	0.866721
-0.198000	0.929512
-0.197000	0.929512
-0.196000	0.866721
-0.195000	0.866721
-0.194000	0.929512
-0.193000	0.866721
-0.192000	0.866721
-0.191000	0.866721
-0.190000	0.992432
-0.189000	0.929512
-0.188000	0.866721
-0.187000	0.866721
-0.186000	0.929512
-0.185000	0.929512
-0.184000	0.866721
-0.183000	0.866721
-0.182000	0.803930
-0.181000	0.866721
-0.180000	0.929512
-0.179000	0.866721
-0.178000	0.866721
-0.177000	0.866721
-0.176000	0.866721
-0.175000	0.992432
-0.174000	0.866721
-0.173000	0.929512
-0.172000	0.866721
-0.171000	0.866721
-0.170000	0.803930
-0.169000	0.929512
-0.168000	0.929512
-0.167000	0.929512
-0.166000	0.866721
-0.165000	0.866721
-0.164000	0.866721
-0.163000	0.803930
-0.162000	0.866721
-0.161000	0.866721
-0.160000	0.866721
-0.159000	0.866721
-0.158000	0.929512
-0.157000	0.929512
-0.156000	0.866721
-0.155000	0.803930
-0.154000	0.803930
-0.153000	0.866721
-0.152000	0.866721
-0.151000	0.929512
-0.150000	0.866721
-0.149000	0.866721
-0.148000	0.866721
-0.147000	0.866721
-0.146000	0.866721
-0.145000	0.866721
-0.144000	0.929512
-0.143000	0.803930
-0.142000	0.866721
-0.141000	0.866721
-0.140000	0.866721
-0.139000	0.866721
-0.138000	0.803930
-0.137000	0.866721
-0.136000	0.992432
-0.135000	0.866721
-0.134000	0.866721
-0.133000	0.866721
-0.132000	0.803930
-0.131000	0.866721
-0.130000	0.866721
-0.129000	0.866721
-0.128000	0.929512
-0.127000	0.866721
-0.126000	0.741011
-0.125000	0.866721
-0.124000	0.866721
-0.123000	0.866721
-0.122000	0.866721
-0.121000	0.803930
-0.120000	0.803930
-0.119000	0.866721
-0.118000	0.866721
-0.117000	0.866721
-0.116000	0.866721
-0.115000	0.803930
-0.114000	0.866721
-0.113000	0.992432
-0.112000	0.929512
-0.111000	0.866721
-0.110000	0.866721
-0.109000	0.866721
-0.108000	0.866721
-0.107000	0.992432
-0.106000	0.803930
-0.105000	0.866721
-0.104000	0.866721
-0.103000	0.929512
-0.102000	0.929512
-0.101000	0.803930
-0.100000	0.866721
-0.099000	0.866721
-0.098000	0.866721
-0.097000	0.929512
-0.096000	0.992432
-0.095000	0.866721
-0.094000	0.803930
-0.093000	0.866721
-0.092000	0.992432
-0.091000	0.866721
-0.090000	0.866721
-0.089000	0.803930
-0.088000	0.866721
-0.087000	0.866721
-0.086000	0.866721
-0.085000	0.929512
-0.084000	0.866721
-0.083000	0.866721
-0.082000	0.929512
-0.081000	0.803930
-0.080000	0.866721
-0.079000	0.866721
-0.078000	0.866721
-0.077000	0.866721
-0.076000	0.803930
-0.075000	0.803930
-0.074000	0.866721
-0.073000	0.803930
-0.072000	0.866721
-0.071000	0.866721
-0.070000	0.866721
-0.069000	0.866721
-0.068000	0.866721
-0.067000	0.866721
-0.066000	0.866721
-0.065000	0.866721
-0.064000	0.803930
-0.063000	0.866721
-0.062000	0.803930
-0.061000	0.803930
-0.060000	0.866721
-0.059000	0.866721
-0.058000	0.866721
-0.057000	0.803930
-0.056000	0.866721
-0.055000	0.803930
-0.054000	0.803930
-0.053000	0.803930
-0.052000	0.803930
-0.051000	0.803930
-0.050000	0.678220
-0.049000	0.678220
-0.048000	0.552638
-0.047000	0.364136
-0.046000	0.238426
-0.045000	0.112844
-0.044000	-0.201369
-0.043000	-0.389870
-0.042000	-0.641163
-0.041000	-0.892455
-0.040000	-1.269460
-0.039000	-1.583540
-0.038000	-1.960540
-0.037000	-2.211840
-0.036000	-2.525920
-0.035000	-2.777210
-0.034000	-3.028630
-0.033000	-3.405510
-0.032000	-3.656800
-0.031000	-3.971010
-0.030000	-4.033800
-0.029000	-4.222310
-0.028000	-4.347890
-0.027000	-4.724890
-0.026000	-4.662100
-0.025000	-4.787680
-0.024000	-4.850600
-0.023000	-4.850600
-0.022000	-4.913390
-0.021000	-4.850600
-0.020000	-4.724890
-0.019000	-4.599310
-0.018000	-4.473600
-0.017000	-4.285100
-0.016000	-4.159520
-0.015000	-3.845300
-0.014000	-3.594010
-0.013000	-3.279930
-0.012000	-3.028630
-0.011000	-2.588840
-0.010000	-2.274630
-0.009000	-1.897630
-0.008000	-1.520750
-0.007000	-1.143750
-0.006000	-0.641163
-0.005000	-0.264160
-0.004000	0.175635
-0.003000	0.552638
-0.002000	1.118010
-0.001000	1.495020
0.000000	1.997600
0.001000	2.437400
0.002000	2.814400
0.003000	3.379770
0.004000	3.693990
0.005000	4.196570
0.006000	4.573580
0.007000	4.887660
0.008000	5.264660
0.009000	5.641540
0.010000	6.018540
0.011000	6.332620
0.012000	6.646830
0.013000	6.960920
0.014000	7.400710
0.015000	7.652000
0.016000	8.029010
0.017000	8.280300
0.018000	8.468800
0.019000	8.845810
0.020000	9.034310
0.021000	9.285600
0.022000	9.536890
0.023000	9.725390
0.024000	10.102300
0.025000	10.290800
0.026000	10.542100
0.027000	10.793400
0.028000	11.107600
0.029000	11.358900
0.030000	11.610200
0.031000	11.924200
0.032000	12.112700
0.033000	12.301200
0.034000	12.489700
0.035000	12.741000
0.036000	12.866700
0.037000	12.992300
0.038000	13.180800
0.039000	13.369300
0.040000	13.369300
0.041000	13.306500
0.042000	13.369300
0.043000	13.306500
0.044000	13.243600
0.045000	13.055200
0.046000	12.866700
0.047000	12.615500
0.048000	12.238400
0.049000	11.924200
0.050000	11.547400
0.051000	11.044800
0.052000	10.730600
0.053000	10.353600
0.054000	9.725390
0.055000	9.222680
0.056000	8.720090
0.057000	8.217510
0.058000	7.589210
0.059000	7.149420
0.060000	6.458330
0.061000	5.955750
0.062000	5.264660
0.063000	4.824870
0.064000	4.196570
0.065000	3.631070
0.066000	3.191270
0.067000	2.625900
0.068000	2.248890
0.069000	1.934810
0.070000	1.746310
0.071000	1.369310
0.072000	1.306520
0.073000	1.180800
0.074000	1.055220
0.075000	1.055220
0.076000	0.992432
0.077000	0.992432
0.078000	0.929512
0.079000	0.929512
0.080000	0.992432
0.081000	1.055220
0.082000	1.118010
0.083000	0.992432
0.084000	1.055220
0.085000	0.992432
0.086000	1.055220
0.087000	0.992432
0.088000	1.055220
0.089000	1.055220
0.090000	1.055220
0.091000	0.992432
0.092000	1.055220
0.093000	1.118010
0.094000	1.118010
0.095000	1.243720
0.096000	1.369310
0.097000	1.495020
0.098000	1.683520
0.099000	1.934810
0.100000	2.123310
0.101000	2.500190
0.102000	2.751480
0.103000	3.065690
0.104000	3.379770
0.105000	3.693990
0.106000	4.133780
0.107000	4.447860
0.108000	4.887660
0.109000	5.201740
0.110000	5.578750
0.111000	6.018540
0.112000	6.395540
0.113000	6.772420
0.114000	7.086630
0.115000	7.400710
0.116000	7.714920
0.117000	8.091800
0.118000	8.343090
0.119000	8.531590
0.120000	8.720090
0.121000	8.908600
0.122000	9.097100
0.123000	9.159890
0.124000	9.222680
0.125000	9.285600
0.126000	9.411180
0.127000	9.348390
0.128000	9.159890
0.129000	9.034310
0.130000	8.908600
0.131000	8.720090
0.132000	8.531590
0.133000	8.343090
0.134000	8.029010
0.135000	7.840510
0.136000	7.463500
0.137000	7.212210
0.138000	6.898130
0.139000	6.646830
0.140000	6.207040
0.141000	5.830040
0.142000	5.515950
0.143000	5.201740
0.144000	4.824870
0.145000	4.636370
0.146000	4.259360
0.147000	3.756780
0.148000	3.442570
0.149000	3.191270
0.150000	2.877190
0.151000	2.688690
0.152000	2.437400
0.153000	2.186100
0.154000	1.997600
0.155000	1.871890
0.156000	1.746310
0.157000	1.746310
0.158000	1.746310
0.159000	1.683520
0.160000	1.746310
0.161000	1.746310
0.162000	1.934810
0.163000	1.934810
0.164000	2.248890
0.165000	2.500190
0.166000	2.751480
0.167000	2.877190
0.168000	3.002900
0.169000	3.254190
0.170000	3.631070
0.171000	3.819570
0.172000	4.008070
0.173000	4.133780
0.174000	4.259360
0.175000	4.573580
0.176000	4.887660
0.177000	5.264660
0.178000	5.201740
0.179000	5.453030
0.180000	5.830040
0.181000	5.955750
0.182000	5.955750
0.183000	6.144250
0.184000	6.269830
0.185000	6.458330
0.186000	6.584040
0.187000	6.646830
0.188000	6.772420
0.189000	7.023840
0.190000	7.212210
0.191000	7.149420
0.192000	7.337920
0.193000	7.840510
0.194000	8.091800
0.195000	8.280300
0.196000	8.594510
0.197000	8.720090
0.198000	9.034310
0.199000	9.159890
0.200000	9.285600
0.201000	9.536890
0.202000	9.725390
0.203000	9.788180
0.204000	9.788180
0.205000	9.913770
0.206000	10.039500
0.207000	10.228000
0.208000	10.416500
0.209000	10.542100
0.210000	10.605000
0.211000	10.730600
0.212000	10.919100
0.213000	10.919100
0.214000	11.170400
0.215000	11.170400
0.216000	11.296100
0.217000	11.421600
0.218000	11.358900
0.219000	11.358900
0.220000	11.547400
0.221000	11.484400
0.222000	11.484400
0.223000	11.547400
0.224000	11.610200
0.225000	11.484400
0.226000	11.547400
0.227000	11.358900
0.228000	11.233100
0.229000	11.233100
0.230000	11.296100
0.231000	11.044800
0.232000	11.044800
0.233000	10.981900
0.234000	10.730600
0.235000	10.981900
0.236000	10.919100
0.237000	10.919100
0.238000	11.170400
0.239000	11.296100
0.240000	11.107600
0.241000	11.233100
0.242000	11.358900
0.243000	11.421600
0.244000	11.735900
0.245000	11.987200
0.246000	11.861400
0.247000	11.987200
0.248000	12.426900
0.249000	12.426900
0.250000	12.552500
0.251000	12.803800
0.252000	12.992300
0.253000	13.180800
0.254000	13.180800
0.255000	13.369300
0.256000	13.432100
0.257000	13.746300
0.258000	13.997600
0.259000	14.311700
0.260000	14.563000
0.261000	15.065700
0.262000	15.254100
0.263000	15.505400
0.264000	15.945200
0.265000	16.385000
0.266000	16.699200
0.267000	17.139000
0.268000	17.515800
0.269000	17.892900
0.270000	17.955601
0.271000	18.269899
0.272000	18.646900
0.273000	18.835199
0.274000	19.275000
0.275000	19.463499
0.276000	19.086700
0.277000	19.337900
0.278000	19.337900
0.279000	19.526300
0.280000	19.337900
0.281000	19.966101
0.282000	20.091801
0.283000	19.589199
0.284000	19.777700
0.285000	19.652000
0.286000	19.652000
0.287000	19.589199
0.288000	19.463499
0.289000	19.337900
0.290000	19.589199
0.291000	19.463499
0.292000	19.337900
0.293000	19.337900
0.294000	19.463499
0.295000	19.526300
0.296000	19.589199
0.297000	20.028999
0.298000	20.217501
0.299000	20.343100
0.300000	20.531601
0.301000	20.845699
0.302000	21.348400
0.303000	21.662500
0.304000	22.039499
0.305000	22.416401
0.306000	22.919100
0.307000	23.170401
0.308000	23.421700
0.309000	23.987000
0.310000	24.489799
0.311000	24.803801
0.312000	25.118099
0.313000	25.369301
0.314000	25.620600
0.315000	25.934700
0.316000	26.311701
0.317000	26.500200
0.318000	26.877100
0.319000	27.002800
0.320000	27.316900
0.321000	27.693899
0.322000	27.945200
0.323000	28.007999
0.324000	28.196501
0.325000	28.510700
0.326000	28.573500
0.327000	28.699200
0.328000	28.699200
0.329000	28.699200
0.330000	28.761999
0.331000	28.824800
0.332000	28.699200
0.333000	28.510700
0.334000	28.447800
0.335000	28.385000
0.336000	28.133699
0.337000	27.882401
0.338000	27.882401
0.339000	27.693899
0.340000	27.819599
0.341000	27.882401
0.342000	27.819599
0.343000	27.693899
0.344000	27.756701
0.345000	28.007999
0.346000	28.259399
0.347000	28.447800
0.348000	28.573500
0.349000	28.824800
0.350000	29.139000
0.351000	29.390301
0.352000	29.830099
0.353000	30.144199
0.354000	30.458200
0.355000	30.961000
0.356000	31.275000
0.357000	31.463499
0.358000	31.714800
0.359000	32.280300
0.360000	32.594398
0.361000	33.097000
0.362000	33.411201
0.363000	33.788101
0.364000	34.102299
0.365000	34.793400
0.366000	35.044701
0.367000	35.358799
0.368000	35.735802
0.369000	36.049900
0.370000	36.615398
0.371000	36.803902
0.372000	37.055199
0.373000	37.180901
0.374000	37.432201
0.375000	37.746201
0.376000	37.808998
0.377000	38.123199
0.378000	38.186001
0.379000	38.437302
0.380000	38.688599
0.381000	38.688599
0.382000	38.688599
0.383000	38.877102
0.384000	38.939899
0.385000	39.002800
0.386000	39.065601
0.387000	39.065601
0.388000	38.751499
0.389000	38.877102
0.390000	38.688599
0.391000	38.751499
0.392000	38.563000
0.393000	38.814301
0.394000	38.814301
0.395000	38.625801
0.396000	38.751499
0.397000	38.751499
0.398000	38.500099
0.399000	38.625801
0.400000	38.563000
0.401000	38.625801
0.402000	39.002800
0.403000	39.191299
0.404000	39.128399
0.405000	39.254101
0.406000	39.379700
0.407000	39.568199
0.408000	39.819500
0.409000	40.259300
0.410000	40.573502
0.411000	40.636299
0.412000	40.824799
0.413000	41.201801
0.414000	41.515900
0.415000	41.955700
0.416000	42.332699
0.417000	42.332699
0.418000	42.584000
0.419000	42.835300
0.420000	42.960899
0.421000	43.212299
0.422000	43.589100
0.423000	43.651901
0.424000	43.714901
0.425000	43.840401
0.426000	44.028900
0.427000	44.217400
0.428000	44.280201
0.429000	44.343201
0.430000	44.468700
0.431000	44.531502
0.432000	44.657200
0.433000	44.720001
0.434000	44.908501
0.435000	44.908501
0.436000	44.845699
0.437000	44.845699
0.438000	44.783001
0.439000	44.720001
0.440000	44.657200
0.441000	44.594398
0.442000	44.343201
0.443000	44.468700
0.444000	44.091702
0.445000	43.966202
0.446000	43.966202
0.447000	43.714901
0.448000	43.463600
0.449000	43.275101
0.450000	43.275101
0.451000	43.086601
0.452000	43.023800
0.453000	42.772499
0.454000	42.709599
0.455000	42.835300
0.456000	42.835300
0.457000	42.835300
0.458000	42.898102
0.459000	43.149399
0.460000	43.275101
0.461000	43.337898
0.462000	43.589100
0.463000	44.028900
0.464000	44.028900
0.465000	44.217400
0.466000	44.468700
0.467000	44.783001
0.468000	44.845699
0.469000	45.034199
0.470000	45.222698
0.471000	45.473999
0.472000	45.788101
0.473000	45.662399
0.474000	45.788101
0.475000	46.102200
0.476000	46.227901
0.477000	46.290699
0.478000	46.227901
0.479000	46.353600
0.480000	46.479198
0.481000	46.542000
0.482000	46.479198
0.483000	46.416401
0.484000	46.542000
0.485000	46.416401
0.486000	46.353600
0.487000	46.227901
0.488000	46.102200
0.489000	45.788101
0.490000	45.725300
0.491000	45.473999
0.492000	45.159801
0.493000	45.097000
0.494000	44.594398
0.495000	44.405899
0.496000	44.091702
0.497000	43.840401
0.498000	43.400600
0.499000	42.646801
0.500000	42.898102
0.501000	42.018501
0.502000	41.767200
0.503000	41.264599
0.504000	40.699100
0.505000	40.636299
0.506000	40.007999
0.507000	39.693901
0.508000	39.505402
0.509000	39.379700
0.510000	39.002800
0.511000	38.751499
0.512000	38.688599
0.513000	38.751499
0.514000	38.060299
0.515000	38.186001
0.516000	38.248798
0.517000	37.872002
0.518000	37.683498
0.519000	38.248798
0.520000	38.437302
0.521000	37.934700
0.522000	37.808998
0.523000	37.432201
0.524000	37.557701
0.525000	37.557701
0.526000	37.180901
0.527000	36.929401
0.528000	37.117901
0.529000	37.055199
0.530000	36.803902
0.531000	36.803902
0.532000	37.117901
0.533000	37.180901
0.534000	37.117901
0.535000	37.243698
0.536000	37.557701
0.537000	37.746201
0.538000	37.746201
0.539000	37.746201
0.540000	38.123199
0.541000	38.311699
0.542000	37.934700
0.543000	38.060299
0.544000	37.997501
0.545000	37.997501
0.546000	37.620499
0.547000	37.306499
0.548000	37.243698
0.549000	36.929401
0.550000	36.615398
0.551000	36.175598
0.552000	36.049900
0.553000	35.798599
0.554000	35.421700
0.555000	35.170399
0.556000	34.918999
0.557000	34.542099
0.558000	34.165100
0.559000	33.913799
0.560000	33.851002
0.561000	33.536800
0.562000	33.222698
0.563000	32.971401
0.564000	32.531601
0.565000	32.594398
0.566000	32.280300
0.567000	32.028900
0.568000	31.652000
0.569000	31.589100
0.570000	31.652000
0.571000	30.961000
0.572000	30.772499
0.573000	30.772499
0.574000	30.458200
0.575000	30.207001
0.576000	29.955700
0.577000	29.704399
0.578000	29.641600
0.579000	29.704399
0.580000	29.453100
0.581000	29.830099
0.582000	30.332701
0.583000	30.709700
0.584000	30.835300
0.585000	31.337799
0.586000	31.777599
0.587000	31.903299
0.588000	32.217400
0.589000	32.405899
0.590000	32.657200
0.591000	32.971401
0.592000	32.720100
0.593000	32.217400
0.594000	32.154598
0.595000	32.091801
0.596000	31.589100
0.597000	30.961000
0.598000	30.332701
0.599000	29.892900
0.600000	29.264601
0.601000	28.824800
0.602000	28.447800
0.603000	28.007999
0.604000	27.631100
0.605000	27.254101
0.606000	26.940001
0.607000	26.814301
0.608000	26.877100
0.609000	27.065599
0.610000	26.940001
0.611000	26.940001
0.612000	26.877100
0.613000	26.814301
0.614000	26.625799
0.615000	26.563000
0.616000	26.374500
0.617000	26.374500
0.618000	26.248899
0.619000	25.997499
0.620000	25.683399
0.621000	25.683399
0.622000	25.746201
0.623000	25.809099
0.624000	25.871901
0.625000	25.997499
0.626000	26.186001
0.627000	26.437300
0.628000	26.625799
0.629000	27.002800
0.630000	27.442600
0.631000	27.819599
0.632000	28.007999
0.633000	28.196501
0.634000	28.447800
0.635000	28.699200
0.636000	28.887600
0.637000	29.013300
0.638000	29.139000
0.639000	29.201799
0.640000	29.201799
0.641000	29.264601
0.642000	29.139000
0.643000	28.887600
0.644000	28.761999
0.645000	28.573500
0.646000	28.322201
0.647000	28.259399
0.648000	27.945200
0.649000	27.756701
0.650000	27.379801
0.651000	27.065599
0.652000	26.940001
0.653000	26.814301
0.654000	26.563000
0.655000	26.248899
0.656000	26.060400
0.657000	25.871901
0.658000	25.809099
0.659000	25.620600
0.660000	25.494900
0.661000	25.432100
0.662000	25.243601
0.663000	25.306400
0.664000	25.180799
0.665000	25.180799
0.666000	25.118099
0.667000	25.180799
0.668000	25.055099
0.669000	25.055099
0.670000	25.118099
0.671000	25.243601
0.672000	25.243601
0.673000	25.369301
0.674000	25.369301
0.675000	25.494900
0.676000	25.683399
0.677000	25.746201
0.678000	25.871901
0.679000	26.123199
0.680000	26.311701
0.681000	26.437300
0.682000	26.563000
0.683000	26.751499
0.684000	26.814301
0.685000	26.940001
0.686000	27.002800
0.687000	27.002800
0.688000	27.065599
0.689000	26.940001
0.690000	27.002800
0.691000	26.877100
0.692000	26.940001
0.693000	26.877100
0.694000	26.751499
0.695000	26.563000
0.696000	26.563000
0.697000	26.437300
0.698000	26.248899
0.699000	26.123199
0.700000	25.997499
0.701000	25.809099
0.702000	25.557699
0.703000	25.369301
0.704000	25.180799
0.705000	25.118099
0.706000	24.929600
0.707000	24.803801
0.708000	24.615299
0.709000	24.552601
0.710000	24.364100
0.711000	24.301300
0.712000	24.301300
0.713000	24.238501
0.714000	24.175501
0.715000	24.238501
0.716000	24.238501
0.717000	24.238501
0.718000	24.238501
0.719000	24.175501
0.720000	24.301300
0.721000	24.426800
0.722000	24.426800
0.723000	24.489799
0.724000	24.552601
0.725000	24.615299
0.726000	24.803801
0.727000	24.803801
0.728000	24.866600
0.729000	25.055099
0.730000	25.055099
0.731000	25.118099
0.732000	25.180799
0.733000	25.243601
0.734000	25.180799
0.735000	25.306400
0.736000	25.243601
0.737000	25.243601
0.738000	25.055099
0.739000	24.992300
0.740000	24.929600
0.741000	24.866600
0.742000	24.929600
0.743000	24.741100
0.744000	24.741100
0.745000	24.741100
0.746000	24.678301
0.747000	24.615299
0.748000	24.426800
0.749000	24.489799
0.750000	24.301300
0.751000	24.175501
0.752000	24.112801
0.753000	24.049999
0.754000	23.735800
0.755000	23.610201
0.756000	23.421700
0.757000	23.358900
0.758000	23.107599
0.759000	22.919100
0.760000	22.793400
0.761000	22.730600
0.762000	22.667801
0.763000	22.604900
0.764000	22.604900
0.765000	22.667801
0.766000	22.604900
0.767000	22.667801
0.768000	22.793400
0.769000	22.981899
0.770000	22.981899
0.771000	23.170401
0.772000	23.233200
0.773000	23.421700
0.774000	23.484501
0.775000	23.673000
0.776000	23.861500
0.777000	23.924299
0.778000	23.924299
0.779000	24.112801
0.780000	24.049999
0.781000	24.112801
0.782000	24.175501
0.783000	24.238501
0.784000	24.238501
0.785000	24.238501
0.786000	24.238501
0.787000	24.238501
0.788000	24.175501
0.789000	24.175501
0.790000	24.112801
0.791000	23.987000
0.792000	24.175501
0.793000	23.987000
0.794000	23.861500
0.795000	23.861500
0.796000	23.861500
0.797000	23.861500
0.798000	23.798700
0.799000	23.673000
0.800000	23.547300
0.801000	23.484501
0.802000	23.421700
0.803000	23.296000
0.804000	23.170401
0.805000	23.107599
0.806000	22.981899
0.807000	22.856199
0.808000	22.730600
0.809000	22.604900
0.810000	22.479300
0.811000	22.479300
0.812000	22.353600
0.813000	22.353600
0.814000	22.228001
0.815000	22.290800
0.816000	22.353600
0.817000	22.353600
0.818000	22.416401
0.819000	22.479300
0.820000	22.604900
0.821000	22.604900
0.822000	22.793400
0.823000	22.856199
0.824000	22.981899
0.825000	23.233200
0.826000	23.170401
0.827000	23.233200
0.828000	23.358900
0.829000	23.358900
0.830000	23.484501
0.831000	23.484501
0.832000	23.484501
0.833000	23.547300
0.834000	23.358900
0.835000	23.421700
0.836000	23.296000
0.837000	23.296000
0.838000	23.170401
0.839000	23.107599
0.840000	22.981899
0.841000	22.856199
0.842000	22.730600
0.843000	22.730600
0.844000	22.604900
0.845000	22.479300
0.846000	22.416401
0.847000	22.228001
0.848000	22.165100
0.849000	21.976601
0.850000	21.976601
0.851000	21.788200
0.852000	21.788200
0.853000	21.662500
0.854000	21.536800
0.855000	21.474001
0.856000	21.411200
0.857000	21.348400
0.858000	21.411200
0.859000	21.348400
0.860000	21.348400
0.861000	21.222700
0.862000	21.222700
0.863000	21.222700
0.864000	21.159901
0.865000	21.097099
0.866000	21.222700
0.867000	21.222700
0.868000	21.285500
0.869000	21.222700
0.870000	21.348400
0.871000	21.348400
0.872000	21.411200
0.873000	21.536800
0.874000	21.662500
0.875000	21.662500
0.876000	21.788200
0.877000	21.913799
0.878000	21.913799
0.879000	21.976601
0.880000	22.102301
0.881000	22.165100
0.882000	22.290800
0.883000	22.228001
0.884000	22.353600
0.885000	22.353600
0.886000	22.290800
0.887000	22.416401
0.888000	22.353600
0.889000	22.290800
0.890000	22.165100
0.891000	22.102301
0.892000	22.039499
0.893000	21.913799
0.894000	21.976601
0.895000	21.725300
0.896000	21.662500
0.897000	21.536800
0.898000	21.411200
0.899000	21.285500
0.900000	21.222700
0.901000	21.097099
0.902000	21.097099
0.903000	20.908600
0.904000	20.845699
0.905000	20.720100
0.906000	20.720100
0.907000	20.594400
0.908000	20.468800
0.909000	20.531601
0.910000	20.405899
0.911000	20.405899
0.912000	20.468800
0.913000	20.468800
0.914000	20.531601
0.915000	20.468800
0.916000	20.531601
0.917000	20.531601
0.918000	20.531601
0.919000	20.531601
0.920000	20.720100
0.921000	20.720100
0.922000	20.720100
0.923000	20.845699
0.924000	20.845699
0.925000	20.971399
0.926000	20.908600
0.927000	21.159901
0.928000	21.097099
0.929000	21.159901
0.930000	21.222700
0.931000	21.285500
0.932000	21.222700
0.933000	21.285500
0.934000	21.222700
0.935000	21.348400
0.936000	21.222700
0.937000	21.222700
0.938000	21.222700
0.939000	21.159901
0.940000	21.034201
0.941000	21.097099
0.942000	21.034201
0.943000	20.908600
0.944000	20.845699
0.945000	20.845699
0.946000	20.657301
0.947000	20.720100
0.948000	20.657301
0.949000	20.594400
0.950000	20.594400
0.951000	20.405899
0.952000	20.405899
0.953000	20.405899
0.954000	20.405899
0.955000	20.343100
0.956000	20.343100
0.957000	20.405899
0.958000	20.343100
0.959000	20.531601
0.960000	20.531601
0.961000	20.531601
0.962000	20.531601
0.963000	20.657301
0.964000	20.657301
0.965000	20.782900
0.966000	20.720100
0.967000	20.908600
0.968000	20.845699
0.969000	20.782900
0.970000	20.908600
0.971000	21.034201
0.972000	20.971399
0.973000	20.971399
0.974000	21.034201
0.975000	21.034201
0.976000	21.159901
0.977000	21.159901
0.978000	21.097099
0.979000	21.222700
0.980000	21.159901
0.981000	21.159901
0.982000	21.097099
0.983000	21.159901
0.984000	21.097099
0.985000	21.159901
0.986000	21.159901
0.987000	21.097099
0.988000	21.097099
0.989000	21.097099
0.990000	20.971399
0.991000	21.097099
0.992000	21.097099
0.993000	20.908600
0.994000	20.845699
0.995000	20.720100
0.996000	20.594400
0.997000	20.468800
0.998000	20.531601
0.999000	20.405899
1.000000	20.217501
1.001000	20.154600
1.002000	20.091801
1.003000	19.966101
1.004000	19.966101
1.005000	19.777700
1.006000	19.777700
1.007000	19.652000
1.008000	19.589199
1.009000	19.589199
1.010000	19.463499
1.011000	19.463499
1.012000	19.463499
1.013000	19.463499
1.014000	19.526300
1.015000	19.652000
1.016000	19.652000
1.017000	19.652000
1.018000	19.840500
1.019000	19.777700
1.020000	19.840500
1.021000	19.903299
1.022000	20.028999
1.023000	20.028999
1.024000	20.091801
1.025000	20.154600
1.026000	20.154600
1.027000	20.217501
1.028000	20.280300
1.029000	20.343100
1.030000	20.405899
1.031000	20.343100
1.032000	20.468800
1.033000	20.468800
1.034000	20.405899
1.035000	20.531601
1.036000	20.405899
1.037000	20.405899
1.038000	20.468800
1.039000	20.343100
1.040000	20.280300
1.041000	20.280300
1.042000	20.217501
1.043000	20.154600
1.044000	20.091801
1.045000	20.091801
1.046000	20.028999
1.047000	19.966101
1.048000	19.966101
1.049000	19.903299
1.050000	19.903299
1.051000	19.777700
1.052000	19.777700
1.053000	19.714800
1.054000	19.652000
1.055000	19.652000
1.056000	19.589199
1.057000	19.526300
1.058000	19.652000
1.059000	19.589199
1.060000	19.463499
1.061000	19.526300
1.062000	19.589199
1.063000	19.526300
1.064000	19.589199
1.065000	19.589199
1.066000	19.589199
1.067000	19.589199
1.068000	19.589199
1.069000	19.589199
1.070000	19.589199
1.071000	19.652000
1.072000	19.652000
1.073000	19.714800
1.074000	19.589199
1.075000	19.589199
1.076000	19.714800
1.077000	19.714800
1.078000	19.714800
1.079000	19.714800
1.080000	19.714800
1.081000	19.652000
1.082000	19.714800
1.083000	19.714800
1.084000	19.840500
1.085000	19.777700
1.086000	19.777700
1.087000	19.840500
1.088000	19.777700
1.089000	19.777700
1.090000	19.777700
1.091000	19.777700
1.092000	19.714800
1.093000	19.652000
1.094000	19.652000
1.095000	19.652000
1.096000	19.589199
1.097000	19.652000
1.098000	19.652000
1.099000	19.589199
1.100000	19.526300
1.101000	19.400700
1.102000	19.463499
1.103000	19.400700
1.104000	19.337900
1.105000	19.337900
1.106000	19.275000
1.107000	19.149401
1.108000	19.149401
1.109000	19.149401
1.110000	19.023701
1.111000	19.086700
1.112000	19.086700
1.113000	19.023701
1.114000	19.086700
1.115000	19.023701
1.116000	19.023701
1.117000	19.086700
1.118000	19.086700
1.119000	18.960899
1.120000	19.023701
1.121000	19.023701
1.122000	19.086700
1.123000	19.149401
1.124000	19.086700
1.125000	19.212200
1.126000	19.275000
1.127000	19.149401
1.128000	19.275000
1.129000	19.212200
1.130000	19.212200
1.131000	19.275000
1.132000	19.275000
1.133000	19.149401
1.134000	19.149401
1.135000	19.275000
1.136000	19.212200
1.137000	19.149401
1.138000	19.149401
1.139000	19.149401
1.140000	19.086700
1.141000	19.023701
1.142000	18.960899
1.143000	18.898100
1.144000	18.960899
1.145000	18.835199
1.146000	18.835199
1.147000	18.772400
1.148000	18.835199
1.149000	18.772400
1.150000	18.646900
1.151000	18.709600
1.152000	18.646900
1.153000	18.709600
1.154000	18.709600
1.155000	18.646900
1.156000	18.521099
1.157000	18.521099
1.158000	18.583900
1.159000	18.646900
1.160000	18.395399
1.161000	18.458401
1.162000	18.458401
1.163000	18.458401
1.164000	18.583900
1.165000	18.395399
1.166000	18.458401
1.167000	18.395399
1.168000	18.395399
1.169000	18.332600
1.170000	18.458401
1.171000	18.332600
1.172000	18.269899
1.173000	18.269899
1.174000	18.207100
1.175000	18.207100
1.176000	18.207100
1.177000	18.269899
1.178000	18.207100
1.179000	18.081400
1.180000	18.081400
1.181000	18.081400
1.182000	18.144100
1.183000	18.018600
1.184000	18.018600
1.185000	18.081400
1.186000	18.018600
1.187000	17.955601
1.188000	17.955601
1.189000	17.955601
1.190000	17.830099
1.191000	17.892900
1.192000	17.892900
1.193000	17.892900
1.194000	17.892900
1.195000	17.955601
1.196000	17.830099
1.197000	17.830099
1.198000	17.892900
1.199000	17.955601
1.200000	17.955601
1.201000	17.892900
1.202000	18.018600
1.203000	17.955601
1.204000	17.892900
1.205000	17.892900
1.206000	18.018600
1.207000	17.955601
1.208000	17.955601
1.209000	17.955601
1.210000	17.892900
1.211000	17.955601
1.212000	17.830099
1.213000	18.018600
1.214000	17.955601
1.215000	17.830099
1.216000	17.955601
1.217000	17.892900
1.218000	17.955601
1.219000	17.955601
1.220000	17.955601
1.221000	17.955601
1.222000	17.955601
1.223000	17.955601
1.224000	17.955601
1.225000	18.018600
1.226000	18.081400
1.227000	18.018600
1.228000	17.955601
1.229000	18.081400
1.230000	18.018600
1.231000	18.144100
1.232000	18.081400
1.233000	18.018600
1.234000	18.144100
1.235000	18.018600
1.236000	18.144100
1.237000	18.081400
1.238000	18.144100
1.239000	18.144100
1.240000	18.144100
1.241000	18.144100
1.242000	18.144100
1.243000	18.081400
1.244000	18.081400
1.245000	18.081400
1.246000	18.081400
1.247000	18.144100
1.248000	18.081400
1.249000	18.081400
1.250000	17.955601
1.251000	18.081400
1.252000	18.144100
1.253000	18.081400
1.254000	18.081400
1.255000	18.081400
1.256000	18.081400
1.257000	18.018600
1.258000	18.144100
1.259000	18.081400
1.260000	18.144100
1.261000	18.144100
1.262000	18.081400
1.263000	18.207100
1.264000	18.144100
1.265000	18.081400
1.266000	18.207100
1.267000	18.207100
1.268000	18.081400
1.269000	18.081400
1.270000	18.081400
1.271000	18.018600
1.272000	18.018600
1.273000	18.018600
1.274000	17.955601
1.275000	18.081400
1.276000	17.955601
1.277000	17.892900
1.278000	17.892900
1.279000	17.892900
1.280000	17.892900
1.281000	17.767300
1.282000	17.767300
1.283000	17.767300
1.284000	17.767300
1.285000	17.830099
1.286000	17.767300
1.287000	17.704300
1.288000	17.704300
1.289000	17.578800
1.290000	17.578800
1.291000	17.515800
1.292000	17.578800
1.293000	17.578800
1.294000	17.578800
1.295000	17.515800
1.296000	17.515800
1.297000	17.515800
1.298000	17.453100
1.299000	17.578800
1.300000	17.390301
1.301000	17.453100
1.302000	17.515800
1.303000	17.515800
1.304000	17.390301
1.305000	17.390301
1.306000	17.578800
1.307000	17.453100
1.308000	17.515800
1.309000	17.515800
1.310000	17.390301
1.311000	17.453100
1.312000	17.390301
1.313000	17.390301
1.314000	17.453100
1.315000	17.453100
1.316000	17.453100
1.317000	17.453100
1.318000	17.264601
1.319000	17.327499
1.320000	17.327499
1.321000	17.390301
1.322000	17.327499
1.323000	17.327499
1.324000	17.327499
1.325000	17.390301
1.326000	17.264601
1.327000	17.327499
1.328000	17.201799
1.329000	17.264601
1.330000	17.264601
1.331000	17.201799
1.332000	17.139000
1.333000	17.201799
1.334000	17.076200
1.335000	17.013300
1.336000	17.076200
1.337000	17.013300
1.338000	16.950500
1.339000	17.013300
1.340000	16.887699
1.341000	16.824800
1.342000	16.824800
1.343000	16.824800
1.344000	16.824800
1.345000	16.824800
1.346000	16.824800
1.347000	16.824800
1.348000	16.761999
1.349000	16.761999
1.350000	16.761999
1.351000	16.636400
1.352000	16.636400
1.353000	16.699200
1.354000	16.699200
1.355000	16.699200
1.356000	16.699200
1.357000	16.761999
1.358000	16.699200
1.359000	16.761999
1.360000	16.824800
1.361000	16.824800
1.362000	16.824800
1.363000	16.824800
1.364000	16.887699
1.365000	16.887699
1.366000	17.013300
1.367000	17.013300
1.368000	17.013300
1.369000	17.076200
1.370000	17.139000
1.371000	17.139000
1.372000	17.139000
1.373000	17.139000
1.374000	17.076200
1.375000	17.139000
1.376000	17.201799
1.377000	17.139000
1.378000	17.139000
1.379000	17.139000
1.380000	17.139000
1.381000	17.076200
1.382000	17.139000
1.383000	17.076200
1.384000	17.139000
1.385000	17.013300
1.386000	17.076200
1.387000	16.950500
1.388000	16.887699
1.389000	16.950500
1.390000	17.013300
1.391000	16.950500
1.392000	17.013300
1.393000	16.824800
1.394000	16.824800
1.395000	16.887699
1.396000	16.887699
1.397000	16.887699
1.398000	16.887699
1.399000	16.887699
1.400000	16.887699
1.401000	16.824800
1.402000	16.950500
1.403000	16.887699
1.404000	16.950500
1.405000	16.950500
1.406000	16.887699
1.407000	17.013300
1.408000	17.013300
1.409000	17.076200
1.410000	17.076200
1.411000	17.139000
1.412000	17.139000
1.413000	17.139000
1.414000	17.139000
1.415000	17.264601
1.416000	17.201799
1.417000	17.201799
1.418000	17.264601
1.419000	17.201799
1.420000	17.264601
1.421000	17.264601
1.422000	17.264601
1.423000	17.327499
1.424000	17.390301
1.425000	17.390301
1.426000	17.390301
1.427000	17.327499
1.428000	17.453100
1.429000	17.453100
1.430000	17.453100
1.431000	17.327499
1.432000	17.515800
1.433000	17.390301
1.434000	17.453100
1.435000	17.453100
1.436000	17.390301
1.437000	17.390301
1.438000	17.390301
1.439000	17.390301
1.440000	17.390301
1.441000	17.264601
1.442000	17.264601
1.443000	17.264601
1.444000	17.327499
1.445000	17.201799
1.446000	17.327499
1.447000	17.264601
1.448000	17.201799
1.449000	17.264601
1.450000	17.264601
1.451000	17.201799
1.452000	17.264601
1.453000	17.264601
1.454000	17.327499
1.455000	17.139000
1.456000	17.327499
1.457000	17.264601
1.458000	17.264601
1.459000	17.327499
1.460000	17.327499
1.461000	17.327499
1.462000	17.264601
1.463000	17.327499
1.464000	17.390301
1.465000	17.453100
1.466000	17.390301
1.467000	17.453100
1.468000	17.390301
1.469000	17.453100
1.470000	17.578800
1.471000	17.453100
1.472000	17.578800
1.473000	17.641600
1.474000	17.641600
1.475000	17.515800
1.476000	17.641600
1.477000	17.641600
1.478000	17.641600
1.479000	17.641600
1.480000	17.578800
1.481000	17.704300
1.482000	17.704300
1.483000	17.704300
1.484000	17.704300
1.485000	17.641600
1.486000	17.767300
1.487000	17.641600
1.488000	17.641600
1.489000	17.578800
1.490000	17.515800
1.491000	17.578800
1.492000	17.578800
1.493000	17.641600
1.494000	17.641600
1.495000	17.578800
1.496000	17.641600
1.497000	17.704300
1.498000	17.641600
1.499000	17.704300
1.500000	17.704300
1.501000	17.767300
1.502000	17.830099
1.503000	17.830099
1.504000	17.830099
1.505000	17.830099
1.506000	17.892900
1.507000	17.892900
1.508000	17.830099
1.509000	18.081400
1.510000	18.018600
1.511000	18.081400
1.512000	18.144100
1.513000	18.081400
1.514000	18.081400
1.515000	18.269899
1.516000	18.332600
1.517000	18.269899
1.518000	18.332600
1.519000	18.395399
1.520000	18.458401
1.521000	18.332600
1.522000	18.458401
1.523000	18.458401
1.524000	18.458401
1.525000	18.395399
1.526000	18.521099
1.527000	18.458401
1.528000	18.458401
1.529000	18.583900
1.530000	18.583900
1.531000	18.521099
1.532000	18.583900
1.533000	18.646900
1.534000	18.583900
1.535000	18.772400
1.536000	18.772400
1.537000	18.835199
1.538000	18.898100
1.539000	18.898100
1.540000	18.835199
1.541000	18.960899
1.542000	18.960899
1.543000	19.023701
1.544000	18.898100
1.545000	18.960899
1.546000	19.086700
1.547000	19.023701
1.548000	19.086700
1.549000	18.960899
1.550000	19.149401
1.551000	19.023701
1.552000	19.086700
1.553000	19.086700
1.554000	19.086700
1.555000	19.086700
1.556000	19.149401
1.557000	19.023701
1.558000	19.212200
1.559000	19.212200
1.560000	19.149401
1.561000	19.149401
1.562000	19.086700
1.563000	19.275000
1.564000	19.149401
1.565000	19.275000
1.566000	19.212200
1.567000	19.275000
1.568000	19.337900
1.569000	19.337900
1.570000	19.400700
1.571000	19.337900
1.572000	19.400700
1.573000	19.400700
1.574000	19.463499
1.575000	19.463499
1.576000	19.463499
1.577000	19.463499
1.578000	19.400700
1.579000	19.400700
1.580000	19.337900
1.581000	19.400700
1.582000	19.400700
1.583000	19.526300
1.584000	19.463499
1.585000	19.463499
1.586000	19.463499
1.587000	19.526300
1.588000	19.589199
1.589000	19.526300
1.590000	19.463499
1.591000	19.589199
1.592000	19.589199
1.593000	19.589199
1.594000	19.589199
1.595000	19.589199
1.596000	19.652000
1.597000	19.652000
1.598000	19.589199
1.599000	19.652000
1.600000	19.589199
1.601000	19.652000
1.602000	19.652000
1.603000	19.652000
1.604000	19.714800
1.605000	19.714800
1.606000	19.589199
1.607000	19.652000
1.608000	19.714800
1.609000	19.714800
1.610000	19.652000
1.611000	19.652000
1.612000	19.652000
1.613000	19.652000
1.614000	19.652000
1.615000	19.652000
1.616000	19.589199
1.617000	19.652000
1.618000	19.652000
1.619000	19.652000
1.620000	19.589199
1.621000	19.526300
1.622000	19.526300
1.623000	19.463499
1.624000	19.463499
1.625000	19.337900
1.626000	19.463499
1.627000	19.337900
1.628000	19.337900
1.629000	19.149401
1.630000	19.275000
1.631000	19.149401
1.632000	19.149401
1.633000	19.149401
1.634000	18.960899
1.635000	19.023701
1.636000	19.086700
1.637000	19.086700
1.638000	19.023701
1.639000	19.023701
1.640000	18.898100
1.641000	18.960899
1.642000	18.898100
1.643000	18.960899
1.644000	18.835199
1.645000	18.835199
1.646000	18.898100
1.647000	18.709600
1.648000	18.709600
1.649000	18.772400
1.650000	18.709600
1.651000	18.646900
1.652000	18.583900
1.653000	18.646900
1.654000	18.646900
1.655000	18.646900
1.656000	18.646900
1.657000	18.521099
1.658000	18.646900
1.659000	18.583900
1.660000	18.458401
1.661000	18.458401
1.662000	18.395399
1.663000	18.332600
1.664000	18.395399
1.665000	18.395399
1.666000	18.332600
1.667000	18.332600
1.668000	18.207100
1.669000	18.269899
1.670000	18.207100
1.671000	18.144100
1.672000	18.144100
1.673000	18.144100
1.674000	18.144100
1.675000	18.144100
1.676000	18.144100
1.677000	18.081400
1.678000	18.144100
1.679000	18.018600
1.680000	18.081400
1.681000	18.144100
1.682000	18.144100
1.683000	18.081400
1.684000	18.081400
1.685000	18.018600
1.686000	18.081400
1.687000	18.018600
1.688000	18.018600
1.689000	17.955601
1.690000	17.955601
1.691000	17.955601
1.692000	17.892900
1.693000	17.892900
1.694000	17.892900
1.695000	17.892900
1.696000	17.955601
1.697000	17.955601
1.698000	17.892900
1.699000	18.081400
1.700000	18.081400
1.701000	17.955601
1.702000	18.081400
1.703000	18.144100
1.704000	18.081400
1.705000	18.144100
1.706000	18.144100
1.707000	18.081400
1.708000	18.081400
1.709000	18.081400
1.710000	18.144100
1.711000	18.144100
1.712000	18.081400
1.713000	18.207100
1.714000	18.144100
1.715000	18.144100
1.716000	18.144100
1.717000	18.144100
1.718000	18.081400
1.719000	18.081400
1.720000	18.144100
1.721000	18.081400
1.722000	18.081400
1.723000	18.081400
1.724000	18.018600
1.725000	17.955601
1.726000	17.955601
1.727000	17.955601
1.728000	17.955601
1.729000	17.955601
1.730000	17.892900
1.731000	17.955601
1.732000	17.830099
1.733000	17.892900
1.734000	17.704300
1.735000	17.830099
1.736000	17.704300
1.737000	17.767300
1.738000	17.704300
1.739000	17.704300
1.740000	17.704300
1.741000	17.641600
1.742000	17.641600
1.743000	17.704300
1.744000	17.641600
1.745000	17.704300
1.746000	17.704300
1.747000	17.704300
1.748000	17.704300
1.749000	17.704300
1.750000	17.641600
1.751000	17.641600
1.752000	17.704300
1.753000	17.641600
1.754000	17.767300
1.755000	17.641600
1.756000	17.641600
1.757000	17.641600
1.758000	17.704300
1.759000	17.767300
1.760000	17.641600
1.761000	17.704300
1.762000	17.641600
1.763000	17.704300
1.764000	17.641600
1.765000	17.704300
1.766000	17.704300
1.767000	17.704300
1.768000	17.704300
1.769000	17.767300
1.770000	17.704300
1.771000	17.704300
1.772000	17.641600
1.773000	17.704300
1.774000	17.578800
1.775000	17.578800
1.776000	17.578800
1.777000	17.704300
1.778000	17.578800
1.779000	17.641600
1.780000	17.641600
1.781000	17.641600
1.782000	17.578800
1.783000	17.578800
1.784000	17.578800
1.785000	17.578800
1.786000	17.578800
1.787000	17.578800
1.788000	17.641600
1.789000	17.578800
1.790000	17.578800
1.791000	17.515800
1.792000	17.515800
1.793000	17.578800
1.794000	17.390301
1.795000	17.453100
1.796000	17.453100
1.797000	17.453100
1.798000	17.453100
1.799000	17.453100
1.800000	17.453100
1.801000	17.390301
1.802000	17.390301
1.803000	17.390301
1.804000	17.390301
1.805000	17.327499
1.806000	17.453100
1.807000	17.264601
1.808000	17.390301
1.809000	17.390301
1.810000	17.453100
1.811000	17.264601
1.812000	17.327499
1.813000	17.264601
1.814000	17.264601
1.815000	17.264601
1.816000	17.327499
1.817000	17.201799
1.818000	17.201799
1.819000	17.264601
1.820000	17.264601
1.821000	17.201799
1.822000	17.201799
1.823000	17.076200
1.824000	17.139000
1.825000	17.139000
1.826000	17.076200
1.827000	16.950500
1.828000	16.887699
1.829000	16.887699
1.830000	16.887699
1.831000	16.887699
1.832000	16.887699
1.833000	16.887699
1.834000	16.887699
1.835000	16.824800
1.836000	16.824800
1.837000	16.824800
1.838000	16.824800
1.839000	16.761999
1.840000	16.824800
1.841000	16.699200
1.842000	16.761999
1.843000	16.824800
1.844000	16.824800
1.845000	16.761999
1.846000	16.824800
1.847000	16.824800
1.848000	16.887699
1.849000	16.887699
1.850000	16.824800
1.851000	16.824800
1.852000	16.887699
1.853000	16.887699
1.854000	16.950500
1.855000	16.950500
1.856000	16.950500
1.857000	16.887699
1.858000	16.887699
1.859000	16.950500
1.860000	16.824800
1.861000	16.824800
1.862000	16.824800
1.863000	16.824800
1.864000	16.824800
1.865000	16.887699
1.866000	16.824800
1.867000	16.887699
1.868000	16.824800
1.869000	16.824800
1.870000	16.824800
1.871000	16.761999
1.872000	16.761999
1.873000	16.699200
1.874000	16.824800
1.875000	16.824800
1.876000	16.824800
1.877000	16.761999
1.878000	16.699200
1.879000	16.761999
1.880000	16.699200
1.881000	16.761999
1.882000	16.699200
1.883000	16.761999
1.884000	16.699200
1.885000	16.636400
1.886000	16.699200
1.887000	16.761999
1.888000	16.573500
1.889000	16.573500
1.890000	16.573500
1.891000	16.573500
1.892000	16.573500
1.893000	16.510700
1.894000	16.636400
1.895000	16.636400
1.896000	16.573500
1.897000	16.636400
1.898000	16.636400
1.899000	16.573500
1.900000	16.510700
1.901000	16.699200
1.902000	16.573500
1.903000	16.573500
1.904000	16.636400
1.905000	16.573500
1.906000	16.573500
1.907000	16.636400
1.908000	16.573500
1.909000	16.636400
1.910000	16.636400
1.911000	16.573500
1.912000	16.636400
1.913000	16.510700
1.914000	16.573500
1.915000	16.573500
1.916000	16.573500
1.917000	16.510700
1.918000	16.510700
1.919000	16.573500
1.920000	16.447901
1.921000	16.573500
1.922000	16.447901
1.923000	16.510700
1.924000	16.510700
1.925000	16.385000
1.926000	16.510700
1.927000	16.447901
1.928000	16.447901
1.929000	16.385000
1.930000	16.385000
1.931000	16.322201
1.932000	16.447901
1.933000	16.385000
1.934000	16.322201
1.935000	16.322201
1.936000	16.385000
1.937000	16.322201
1.938000	16.322201
1.939000	16.322201
1.940000	16.259399
1.941000	16.322201
1.942000	16.447901
1.943000	16.322201
1.944000	16.322201
1.945000	16.322201
1.946000	16.447901
1.947000	16.385000
1.948000	16.447901
1.949000	16.447901
1.950000	16.385000
1.951000	16.447901
1.952000	16.385000
1.953000	16.510700
1.954000	16.447901
1.955000	16.447901
1.956000	16.322201
1.957000	16.447901
1.958000	16.322201
1.959000	16.322201
1.960000	16.322201
1.961000	16.322201
1.962000	16.322201
1.963000	16.322201
1.964000	16.385000
1.965000	16.322201
1.966000	16.322201
1.967000	16.259399
1.968000	16.259399
1.969000	16.196600
1.970000	16.259399
1.971000	16.259399
1.972000	16.196600
1.973000	16.196600
1.974000	16.196600
1.975000	16.133699
1.976000	16.133699
1.977000	16.070900
1.978000	16.133699
1.979000	16.133699
1.980000	16.070900
1.981000	16.008101
1.982000	16.070900
1.983000	16.070900
1.984000	16.008101
1.985000	16.070900
1.986000	16.070900
1.987000	16.008101
1.988000	15.945200
1.989000	15.945200
1.990000	15.882400
1.991000	15.945200
1.992000	16.008101
1.993000	15.882400
1.994000	15.945200
1.995000	15.882400
1.996000	15.819600
1.997000	15.882400
1.998000	15.945200
1.999000	15.882400
2.000000	15.945200
2.001000	15.819600
2.002000	15.819600
2.003000	15.882400
2.004000	15.819600
2.005000	15.819600
2.006000	15.819600
2.007000	15.819600
2.008000	15.756800
2.009000	15.882400
2.010000	15.882400
2.011000	15.819600
2.012000	15.819600
2.013000	15.819600
2.014000	15.882400
2.015000	15.819600
2.016000	15.819600
2.017000	15.819600
2.018000	15.819600
2.019000	15.882400
2.020000	15.882400
2.021000	15.819600
2.022000	15.693900
2.023000	15.756800
2.024000	15.693900
2.025000	15.756800
2.026000	15.819600
2.027000	15.756800
2.028000	15.693900
2.029000	15.693900
2.030000	15.819600
2.031000	15.756800
2.032000	15.693900
2.033000	15.756800
2.034000	15.819600
2.035000	15.693900
2.036000	15.756800
2.037000	15.693900
2.038000	15.693900
2.039000	15.693900
2.040000	15.693900
2.041000	15.693900
2.042000	15.693900
2.043000	15.693900
2.044000	15.756800
2.045000	15.693900
2.046000	15.756800
2.047000	15.819600
2.048000	15.819600
2.049000	15.819600
2.050000	15.756800
2.051000	15.693900
2.052000	15.693900
2.053000	15.819600
2.054000	15.756800
2.055000	15.819600
2.056000	15.756800
2.057000	15.819600
2.058000	15.756800
2.059000	15.756800
2.060000	15.756800
2.061000	15.693900
2.062000	15.756800
2.063000	15.756800
2.064000	15.756800
2.065000	15.756800
2.066000	15.756800
2.067000	15.819600
2.068000	15.693900
2.069000	15.693900
2.070000	15.756800
2.071000	15.756800
2.072000	15.693900
2.073000	15.756800
2.074000	15.631100
2.075000	15.693900
2.076000	15.819600
2.077000	15.693900
2.078000	15.693900
2.079000	15.693900
2.080000	15.693900
2.081000	15.693900
2.082000	15.631100
2.083000	15.568300
2.084000	15.693900
2.085000	15.693900
2.086000	15.693900
2.087000	15.693900
2.088000	15.693900
2.089000	15.568300
2.090000	15.631100
2.091000	15.693900
2.092000	15.631100
2.093000	15.693900
2.094000	15.631100
2.095000	15.568300
2.096000	15.631100
2.097000	15.756800
2.098000	15.568300
2.099000	15.693900
2.100000	15.631100
2.101000	15.568300
2.102000	15.631100
2.103000	15.631100
2.104000	15.505400
2.105000	15.505400
2.106000	15.568300
2.107000	15.505400
2.108000	15.568300
2.109000	15.568300
2.110000	15.505400
2.111000	15.568300
2.112000	15.442600
2.113000	15.505400
2.114000	15.442600
2.115000	15.568300
2.116000	15.379800
2.117000	15.442600
2.118000	15.442600
2.119000	15.317000
2.120000	15.317000
2.121000	15.317000
2.122000	15.317000
2.123000	15.191300
2.124000	15.317000
2.125000	15.442600
2.126000	15.254100
2.127000	15.002800
2.128000	14.688700
2.129000	14.563000
2.130000	14.563000
2.131000	13.871900
2.132000	13.369300
2.133000	13.180800
2.134000	12.615500
2.135000	11.924200
2.136000	11.170400
2.137000	11.170400
2.138000	11.170400
2.139000	10.856300
2.140000	10.730600
2.141000	10.856300
2.142000	11.107600
2.143000	11.107600
2.144000	11.170400
2.145000	11.421600
2.146000	11.861400
2.147000	11.924200
2.148000	12.049900
2.149000	12.175700
2.150000	12.426900
2.151000	12.552500
2.152000	12.489700
2.153000	12.741000
2.154000	12.929500
2.155000	13.180800
2.156000	13.180800
2.157000	13.243600
2.158000	13.432100
2.159000	13.683400
2.160000	13.683400
2.161000	13.809100
2.162000	14.060400
2.163000	14.248900
2.164000	14.248900
2.165000	14.374500
2.166000	14.500200
2.167000	14.437400
2.168000	14.688700
2.169000	14.688700
2.170000	14.625900
2.171000	14.563000
2.172000	14.500200
2.173000	14.500200
2.174000	14.374500
2.175000	14.311700
2.176000	14.248900
2.177000	14.060400
2.178000	14.060400
2.179000	13.809100
2.180000	13.620600
2.181000	13.557800
2.182000	13.432100
2.183000	13.306500
2.184000	12.992300
2.185000	12.866700
2.186000	12.866700
2.187000	12.615500
2.188000	12.426900
2.189000	12.364000
2.190000	12.301200
2.191000	12.112700
2.192000	12.175700
2.193000	12.301200
2.194000	12.426900
2.195000	12.489700
2.196000	12.615500
2.197000	12.741000
2.198000	13.055200
2.199000	13.243600
2.200000	13.306500
2.201000	13.494900
2.202000	13.746300
2.203000	13.871900
2.204000	14.060400
2.205000	14.248900
2.206000	14.374500
2.207000	14.500200
2.208000	14.625900
2.209000	14.751500
2.210000	14.877200
2.211000	14.940000
2.212000	15.002800
2.213000	15.065700
2.214000	15.065700
2.215000	15.128500
2.216000	15.191300
2.217000	15.065700
2.218000	15.191300
2.219000	15.254100
2.220000	15.128500
2.221000	15.128500
2.222000	15.191300
2.223000	15.254100
2.224000	15.065700
2.225000	14.940000
2.226000	15.128500
2.227000	15.128500
2.228000	15.065700
2.229000	15.002800
2.230000	14.940000
2.231000	14.877200
2.232000	14.814300
2.233000	14.751500
2.234000	14.563000
2.235000	14.500200
2.236000	14.563000
2.237000	14.437400
2.238000	14.437400
2.239000	14.374500
2.240000	14.437400
2.241000	14.437400
2.242000	14.437400
2.243000	14.563000
2.244000	14.751500
2.245000	14.751500
2.246000	15.002800
2.247000	15.191300
2.248000	15.505400
2.249000	15.631100
2.250000	15.882400
2.251000	16.008101
2.252000	16.259399
2.253000	16.447901
2.254000	16.636400
2.255000	16.887699
2.256000	16.950500
2.257000	17.013300
2.258000	17.264601
2.259000	17.327499
2.260000	17.390301
2.261000	17.390301
2.262000	17.578800
2.263000	17.578800
2.264000	17.578800
2.265000	17.578800
2.266000	17.641600
2.267000	17.578800
2.268000	17.453100
2.269000	17.453100
2.270000	17.390301
2.271000	17.390301
2.272000	17.453100
2.273000	17.453100
2.274000	17.453100
2.275000	17.453100
2.276000	17.453100
2.277000	17.578800
2.278000	17.578800
2.279000	17.515800
2.280000	17.515800
2.281000	17.453100
2.282000	17.641600
2.283000	17.641600
2.284000	17.390301
2.285000	17.515800
2.286000	17.453100
2.287000	17.453100
2.288000	17.515800
2.289000	17.453100
2.290000	17.390301
2.291000	17.453100
2.292000	17.453100
2.293000	17.453100
2.294000	17.704300
2.295000	17.578800
2.296000	17.704300
2.297000	17.767300
2.298000	17.892900
2.299000	18.081400
2.300000	18.144100
2.301000	18.269899
2.302000	18.458401
2.303000	18.709600
2.304000	18.835199
2.305000	19.023701
2.306000	19.275000
2.307000	19.275000
2.308000	19.400700
2.309000	19.652000
2.310000	19.714800
2.311000	19.714800
2.312000	19.840500
2.313000	19.903299
2.314000	19.966101
2.315000	20.028999
2.316000	19.966101
2.317000	19.966101
2.318000	20.028999
2.319000	19.903299
2.320000	19.903299
2.321000	19.840500
2.322000	19.777700
2.323000	19.652000
2.324000	19.589199
2.325000	19.526300
2.326000	19.337900
2.327000	19.275000
2.328000	19.212200
2.329000	19.086700
2.330000	19.086700
2.331000	19.023701
2.332000	18.960899
2.333000	18.960899
2.334000	18.898100
2.335000	18.835199
2.336000	18.898100
2.337000	18.898100
2.338000	18.835199
2.339000	18.772400
2.340000	18.898100
2.341000	18.835199
2.342000	18.960899
2.343000	18.960899
2.344000	18.960899
2.345000	19.023701
2.346000	19.149401
2.347000	19.149401
2.348000	19.275000
2.349000	19.337900
2.350000	19.400700
2.351000	19.400700
2.352000	19.463499
2.353000	19.526300
2.354000	19.589199
2.355000	19.652000
2.356000	19.714800
2.357000	19.903299
2.358000	20.028999
2.359000	20.343100
2.360000	20.468800
2.361000	20.343100
2.362000	20.154600
2.363000	20.343100
2.364000	20.154600
2.365000	19.526300
2.366000	19.212200
2.367000	19.086700
2.368000	18.646900
2.369000	17.955601
2.370000	17.515800
2.371000	17.390301
2.372000	17.264601
2.373000	16.573500
2.374000	16.259399
2.375000	16.322201
2.376000	16.322201
2.377000	15.945200
2.378000	15.693900
2.379000	15.631100
2.380000	15.756800
2.381000	15.505400
2.382000	15.379800
2.383000	15.317000
2.384000	15.317000
2.385000	15.317000
2.386000	15.191300
2.387000	15.317000
2.388000	15.442600
2.389000	15.568300
2.390000	15.568300
2.391000	15.631100
2.392000	15.882400
2.393000	16.008101
2.394000	16.008101
2.395000	16.133699
2.396000	16.447901
2.397000	16.573500
2.398000	16.636400
2.399000	16.824800
2.400000	16.824800
2.401000	17.013300
2.402000	17.139000
2.403000	17.264601
2.404000	17.327499
2.405000	17.264601
2.406000	17.390301
2.407000	17.515800
2.408000	17.453100
2.409000	17.390301
2.410000	17.453100
2.411000	17.453100
2.412000	17.453100
2.413000	17.390301
2.414000	17.264601
2.415000	17.327499
2.416000	17.453100
2.417000	17.139000
2.418000	16.950500
2.419000	16.824800
2.420000	16.385000
2.421000	15.945200
2.422000	15.631100
2.423000	15.191300
2.424000	14.563000
2.425000	14.186100
2.426000	13.557800
2.427000	12.929500
2.428000	12.489700
2.429000	12.049900
2.430000	11.735900
2.431000	11.484400
2.432000	11.296100
2.433000	11.107600
2.434000	11.170400
2.435000	11.107600
2.436000	11.107600
2.437000	11.170400
2.438000	11.296100
2.439000	11.421600
2.440000	11.610200
2.441000	11.547400
2.442000	11.672900
2.443000	11.672900
2.444000	11.735900
2.445000	11.798700
2.446000	11.924200
2.447000	12.049900
2.448000	12.112700
2.449000	12.301200
2.450000	12.364000
2.451000	12.552500
2.452000	12.741000
2.453000	12.929500
2.454000	13.118000
2.455000	13.306500
2.456000	13.494900
2.457000	14.311700
2.458000	14.814300
2.459000	15.568300
2.460000	15.693900
2.461000	14.751500
2.462000	15.505400
2.463000	15.442600
2.464000	14.374500
2.465000	13.180800
2.466000	12.615500
2.467000	11.672900
2.468000	10.479300
2.469000	8.468800
2.470000	7.149420
2.471000	6.458330
2.472000	5.704460
2.473000	4.636370
2.474000	3.505490
2.475000	3.442570
2.476000	3.128480
2.477000	2.311690
2.478000	1.432100
2.479000	1.306520
2.480000	1.306520
2.481000	0.992432
2.482000	0.426927
2.483000	0.364136
2.484000	0.552638
2.485000	0.238426
2.486000	-0.012867
2.487000	0.238426
2.488000	0.803930
2.489000	1.055220
2.490000	1.118010
2.491000	1.620600
2.492000	2.248890
2.493000	2.625900
2.494000	3.065690
2.495000	3.631070
2.496000	4.259360
2.497000	4.887660
2.498000	5.453030
2.499000	5.892830
2.500000	6.521120
2.501000	6.960920
2.502000	7.589210
2.503000	7.966220
2.504000	8.343090
2.505000	8.657300
2.506000	8.782890
2.507000	9.097100
2.508000	9.159890
2.509000	9.285600
2.510000	9.285600
2.511000	9.348390
2.512000	9.411180
2.513000	9.285600
2.514000	9.159890
2.515000	8.908600
2.516000	8.720090
2.517000	8.343090
2.518000	7.714920
2.519000	7.212210
2.520000	6.772420
2.521000	6.081330
2.522000	5.327450
2.523000	4.699160
2.524000	4.259360
2.525000	3.756780
2.526000	3.379770
2.527000	2.814400
2.528000	2.563110
2.529000	2.248890
2.530000	1.997600
2.531000	1.934810
2.532000	1.746310
2.533000	1.871890
2.534000	1.871890
2.535000	1.997600
2.536000	2.060390
2.537000	2.311690
2.538000	2.625900
2.539000	3.002900
2.540000	3.379770
2.541000	3.756780
2.542000	4.133780
2.543000	4.636370
2.544000	5.138950
2.545000	5.515950
2.546000	5.892830
2.547000	6.395540
2.548000	6.835340
2.549000	7.212210
2.550000	7.463500
2.551000	7.652000
2.552000	8.029010
2.553000	8.406010
2.554000	8.531590
2.555000	8.845810
2.556000	9.034310
2.557000	9.285600
2.558000	9.285600
2.559000	9.536890
2.560000	9.599680
2.561000	9.662470
2.562000	9.788180
2.563000	9.662470
2.564000	9.662470
2.565000	9.411180
2.566000	9.348390
2.567000	9.097100
2.568000	8.908600
2.569000	8.657300
2.570000	8.406010
2.571000	8.154720
2.572000	7.777720
2.573000	7.463500
2.574000	7.149420
2.575000	6.960920
2.576000	6.709630
2.577000	6.521120
2.578000	6.332620
2.579000	6.081330
2.580000	6.018540
2.581000	6.018540
2.582000	6.081330
2.583000	6.144250
2.584000	6.207040
2.585000	6.332620
2.586000	6.584040
2.587000	6.772420
2.588000	7.023840
2.589000	7.275130
2.590000	7.526420
2.591000	7.903300
2.592000	8.154720
2.593000	8.594510
2.594000	8.782890
2.595000	9.222680
2.596000	9.473970
2.597000	9.788180
2.598000	10.228000
2.599000	10.353600
2.600000	10.667800
2.601000	10.919100
2.602000	11.044800
2.603000	11.170400
2.604000	11.358900
2.605000	11.421600
2.606000	11.421600
2.607000	11.610200
2.608000	11.672900
2.609000	11.735900
2.610000	11.798700
2.611000	11.861400
2.612000	11.861400
2.613000	11.798700
2.614000	11.798700
2.615000	11.798700
2.616000	11.798700
2.617000	11.610200
2.618000	11.484400
2.619000	11.421600
2.620000	11.358900
2.621000	11.107600
2.622000	10.981900
2.623000	10.793400
2.624000	10.667800
2.625000	10.605000
2.626000	10.353600
2.627000	10.228000
2.628000	9.913770
2.629000	9.850980
2.630000	9.662470
2.631000	9.473970
2.632000	9.285600
2.633000	9.097100
2.634000	9.034310
2.635000	8.971390
2.636000	9.034310
2.637000	9.097100
2.638000	9.159890
2.639000	9.411180
2.640000	9.473970
2.641000	9.725390
2.642000	9.976690
2.643000	10.290800
2.644000	10.542100
2.645000	10.793400
2.646000	11.170400
2.647000	11.421600
2.648000	11.672900
2.649000	11.924200
2.650000	12.238400
2.651000	12.426900
2.652000	12.803800
2.653000	12.866700
2.654000	13.180800
2.655000	13.306500
2.656000	13.557800
2.657000	13.557800
2.658000	13.683400
2.659000	13.746300
2.660000	13.746300
2.661000	13.746300
2.662000	13.683400
2.663000	13.683400
2.664000	13.620600
2.665000	13.620600
2.666000	13.557800
2.667000	13.432100
2.668000	13.432100
2.669000	13.180800
2.670000	13.180800
2.671000	12.992300
2.672000	12.866700
2.673000	12.803800
2.674000	12.552500
2.675000	12.489700
2.676000	12.426900
2.677000	12.238400
2.678000	11.924200
2.679000	11.924200
2.680000	11.798700
2.681000	11.798700
2.682000	11.861400
2.683000	11.672900
2.684000	11.672900
2.685000	11.672900
2.686000	11.735900
2.687000	11.672900
2.688000	11.735900
2.689000	11.861400
2.690000	11.987200
2.691000	12.112700
2.692000	12.301200
2.693000	12.489700
2.694000	12.678200
2.695000	12.992300
2.696000	13.369300
2.697000	13.620600
2.698000	13.934700
2.699000	14.311700
2.700000	14.563000
2.701000	14.688700
2.702000	14.940000
2.703000	15.128500
2.704000	15.317000
2.705000	15.568300
2.706000	15.568300
2.707000	15.631100
2.708000	15.693900
2.709000	15.693900
2.710000	15.631100
2.711000	15.505400
2.712000	15.568300
2.713000	15.505400
2.714000	15.317000
2.715000	15.191300
2.716000	14.940000
2.717000	14.877200
2.718000	14.688700
2.719000	14.563000
2.720000	14.500200
2.721000	14.437400
2.722000	14.186100
2.723000	14.186100
2.724000	14.060400
2.725000	14.060400
2.726000	14.123200
2.727000	14.060400
2.728000	13.997600
2.729000	13.871900
2.730000	13.871900
2.731000	13.871900
2.732000	13.871900
2.733000	13.809100
2.734000	13.871900
2.735000	13.934700
2.736000	13.997600
2.737000	14.186100
2.738000	14.248900
2.739000	14.437400
2.740000	14.625900
2.741000	14.814300
2.742000	14.940000
2.743000	15.191300
2.744000	15.317000
2.745000	15.568300
2.746000	15.882400
2.747000	16.008101
2.748000	16.070900
2.749000	16.322201
2.750000	16.510700
2.751000	16.573500
2.752000	16.699200
2.753000	16.887699
2.754000	17.076200
2.755000	17.013300
2.756000	17.076200
2.757000	17.013300
2.758000	17.013300
2.759000	16.887699
2.760000	16.761999
2.761000	16.573500
2.762000	16.385000
2.763000	16.259399
2.764000	15.882400
2.765000	15.693900
2.766000	15.505400
2.767000	15.191300
2.768000	15.065700
2.769000	14.688700
2.770000	14.500200
2.771000	14.311700
2.772000	13.997600
2.773000	13.746300
2.774000	13.620600
2.775000	13.306500
2.776000	13.118000
2.777000	12.992300
2.778000	12.866700
2.779000	12.615500
2.780000	12.552500
2.781000	12.489700
2.782000	12.489700
2.783000	12.426900
2.784000	12.426900
2.785000	12.364000
2.786000	12.552500
2.787000	12.426900
2.788000	12.489700
2.789000	12.552500
2.790000	12.615500
2.791000	12.615500
2.792000	12.741000
2.793000	12.803800
2.794000	12.866700
2.795000	12.929500
2.796000	12.929500
2.797000	13.055200
2.798000	13.118000
2.799000	13.243600
2.800000	13.243600
2.801000	13.306500
2.802000	13.306500
2.803000	13.180800
2.804000	13.180800
2.805000	13.180800
2.806000	12.992300
2.807000	12.866700
2.808000	12.741000
2.809000	12.615500
2.810000	12.364000
2.811000	12.238400
2.812000	11.987200
2.813000	11.798700
2.814000	11.421600
2.815000	11.233100
2.816000	11.044800
2.817000	10.667800
2.818000	10.479300
2.819000	10.228000
2.820000	10.039500
2.821000	9.850980
2.822000	9.473970
2.823000	9.348390
2.824000	9.222680
2.825000	9.034310
2.826000	8.971390
2.827000	8.720090
2.828000	8.657300
2.829000	8.657300
2.830000	8.720090
2.831000	8.657300
2.832000	8.657300
2.833000	8.720090
2.834000	8.845810
2.835000	8.908600
2.836000	8.971390
2.837000	9.034310
2.838000	9.159890
2.839000	9.285600
2.840000	9.348390
2.841000	9.411180
2.842000	9.411180
2.843000	9.599680
2.844000	9.536890
2.845000	9.599680
2.846000	9.725390
2.847000	9.725390
2.848000	9.788180
2.849000	9.913770
2.850000	9.850980
2.851000	9.788180
2.852000	9.850980
2.853000	9.913770
2.854000	9.913770
2.855000	9.850980
2.856000	9.850980
2.857000	9.850980
2.858000	9.788180
2.859000	9.725390
2.860000	9.662470
2.861000	9.536890
2.862000	9.536890
2.863000	9.411180
2.864000	9.285600
2.865000	9.097100
2.866000	8.971390
2.867000	8.845810
2.868000	8.657300
2.869000	8.531590
2.870000	8.406010
2.871000	8.217510
2.872000	8.029010
2.873000	7.840510
2.874000	7.652000
2.875000	7.589210
2.876000	7.526420
2.877000	7.526420
2.878000	7.400710
2.879000	7.275130
2.880000	7.337920
2.881000	7.337920
2.882000	7.275130
2.883000	7.275130
2.884000	7.337920
2.885000	7.337920
2.886000	7.463500
2.887000	7.463500
2.888000	7.589210
2.889000	7.714920
2.890000	7.777720
2.891000	7.903300
2.892000	8.029010
2.893000	8.217510
2.894000	8.406010
2.895000	8.406010
2.896000	8.531590
2.897000	8.720090
2.898000	8.782890
2.899000	8.908600
2.900000	9.034310
2.901000	9.097100
2.902000	9.034310
2.903000	9.159890
2.904000	9.159890
2.905000	9.159890
2.906000	9.097100
2.907000	9.159890
2.908000	8.908600
2.909000	9.034310
2.910000	9.034310
2.911000	8.720090
2.912000	8.657300
2.913000	8.594510
2.914000	8.468800
2.915000	8.343090
2.916000	8.343090
2.917000	8.217510
2.918000	8.029010
2.919000	7.903300
2.920000	7.903300
2.921000	7.840510
2.922000	7.777720
2.923000	7.652000
2.924000	7.589210
2.925000	7.589210
2.926000	7.589210
2.927000	7.589210
2.928000	7.589210
2.929000	7.526420
2.930000	7.589210
2.931000	7.652000
2.932000	7.589210
2.933000	7.652000
2.934000	7.652000
2.935000	7.777720
2.936000	7.903300
2.937000	7.903300
2.938000	8.091800
2.939000	8.154720
2.940000	8.280300
2.941000	8.280300
2.942000	8.406010
2.943000	8.657300
2.944000	8.657300
2.945000	8.845810
2.946000	8.845810
2.947000	8.908600
2.948000	8.971390
2.949000	8.971390
2.950000	8.908600
2.951000	9.034310
2.952000	8.908600
2.953000	9.034310
2.954000	9.034310
2.955000	9.034310
2.956000	8.908600
2.957000	8.908600
2.958000	8.908600
2.959000	8.845810
2.960000	8.782890
2.961000	8.720090
2.962000	8.657300
2.963000	8.657300
2.964000	8.594510
2.965000	8.468800
2.966000	8.468800
2.967000	8.406010
2.968000	8.343090
2.969000	8.280300
2.970000	8.217510
2.971000	8.154720
2.972000	8.091800
2.973000	7.966220
2.974000	7.903300
2.975000	7.840510
2.976000	7.840510
2.977000	7.714920
2.978000	7.714920
2.979000	7.652000
2.980000	7.652000
2.981000	7.714920
2.982000	7.652000
2.983000	7.652000
2.984000	7.652000
2.985000	7.714920
2.986000	7.840510
2.987000	7.840510
2.988000	7.840510
2.989000	7.966220
2.990000	8.091800
2.991000	8.091800
2.992000	8.217510
2.993000	8.406010
2.994000	8.343090
2.995000	8.531590
2.996000	8.594510
2.997000	8.720090
2.998000	8.782890
2.999000	8.845810
3.000000	8.971390
3.001000	8.908600
3.002000	8.971390
3.003000	9.097100
3.004000	9.159890
3.005000	9.097100
3.006000	8.971390
3.007000	9.034310
3.008000	8.971390
3.009000	9.034310
3.010000	8.908600
3.011000	8.908600
3.012000	8.782890
3.013000	8.782890
3.014000	8.720090
3.015000	8.657300
3.016000	8.531590
3.017000	8.657300
3.018000	8.468800
3.019000	8.406010
3.020000	8.343090
3.021000	8.280300
3.022000	8.280300
3.023000	8.154720
3.024000	8.154720
3.025000	8.154720
3.026000	8.154720
3.027000	8.154720
3.028000	8.154720
3.029000	8.217510
3.030000	8.280300
3.031000	8.217510
3.032000	8.280300
3.033000	8.406010
3.034000	8.343090
3.035000	8.406010
3.036000	8.406010
3.037000	8.531590
3.038000	8.594510
3.039000	8.468800
3.040000	8.594510
3.041000	8.594510
3.042000	8.657300
3.043000	8.720090
3.044000	8.782890
3.045000	8.782890
3.046000	8.720090
3.047000	8.845810
3.048000	8.908600
3.049000	8.782890
3.050000	8.908600
3.051000	8.782890
3.052000	8.971390
3.053000	8.908600
3.054000	8.908600
3.055000	8.908600
3.056000	8.782890
3.057000	8.845810
3.058000	8.782890
3.059000	8.720090
3.060000	8.782890
3.061000	8.782890
3.062000	8.845810
3.063000	8.720090
3.064000	8.657300
3.065000	8.720090
3.066000	8.657300
3.067000	8.657300
3.068000	8.594510
3.069000	8.657300
3.070000	8.531590
3.071000	8.468800
3.072000	8.531590
3.073000	8.531590
3.074000	8.406010
3.075000	8.468800
3.076000	8.531590
3.077000	8.468800
3.078000	8.406010
3.079000	8.594510
3.080000	8.531590
3.081000	8.594510
3.082000	8.468800
3.083000	8.468800
3.084000	8.531590
3.085000	8.531590
3.086000	8.531590
3.087000	8.594510
3.088000	8.531590
3.089000	8.594510
3.090000	8.531590
3.091000	8.531590
3.092000	8.594510
3.093000	8.657300
3.094000	8.594510
3.095000	8.720090
3.096000	8.657300
3.097000	8.657300
3.098000	8.657300
3.099000	8.782890
3.100000	8.845810
3.101000	8.782890
3.102000	8.782890
3.103000	8.782890
3.104000	8.782890
3.105000	8.782890
3.106000	8.720090
3.107000	8.720090
3.108000	8.720090
3.109000	8.657300
3.110000	8.594510
3.111000	8.531590
3.112000	8.657300
3.113000	8.531590
3.114000	8.594510
3.115000	8.531590
3.116000	8.468800
3.117000	8.343090
3.118000	8.343090
3.119000	8.343090
3.120000	8.280300
3.121000	8.343090
3.122000	8.280300
3.123000	8.217510
3.124000	8.217510
3.125000	8.217510
3.126000	8.343090
3.127000	8.343090
3.128000	8.217510
3.129000	8.280300
3.130000	8.217510
3.131000	8.343090
3.132000	8.343090
3.133000	8.406010
3.134000	8.468800
3.135000	8.468800
3.136000	8.468800
3.137000	8.468800
3.138000	8.468800
3.139000	8.531590
3.140000	8.531590
3.141000	8.531590
3.142000	8.594510
3.143000	8.657300
3.144000	8.594510
3.145000	8.531590
3.146000	8.594510
3.147000	8.657300
3.148000	8.720090
3.149000	8.468800
3.150000	8.594510
3.151000	8.531590
3.152000	8.531590
3.153000	8.531590
3.154000	8.406010
3.155000	8.468800
3.156000	8.406010
3.157000	8.343090
3.158000	8.343090
3.159000	8.343090
3.160000	8.343090
3.161000	8.280300
3.162000	8.280300
3.163000	8.280300
3.164000	8.280300
3.165000	8.343090
3.166000	8.280300
3.167000	8.217510
3.168000	8.280300
3.169000	8.343090
3.170000	8.468800
3.171000	8.343090
3.172000	8.406010
3.173000	8.406010
3.174000	8.468800
3.175000	8.468800
3.176000	8.531590
3.177000	8.531590
3.178000	8.468800
3.179000	8.594510
3.180000	8.594510
3.181000	8.657300
3.182000	8.720090
3.183000	8.782890
3.184000	8.782890
3.185000	8.782890
3.186000	8.845810
3.187000	8.782890
3.188000	8.782890
3.189000	8.845810
3.190000	8.845810
3.191000	8.845810
3.192000	8.908600
3.193000	8.845810
3.194000	8.908600
3.195000	8.845810
3.196000	8.845810
3.197000	8.971390
3.198000	8.845810
3.199000	8.782890
3.200000	8.845810
3.201000	8.782890
3.202000	8.782890
3.203000	8.782890
3.204000	8.782890
3.205000	8.782890
3.206000	8.657300
3.207000	8.657300
3.208000	8.594510
3.209000	8.657300
3.210000	8.531590
3.211000	8.657300
3.212000	8.594510
3.213000	8.531590
3.214000	8.594510
3.215000	8.531590
3.216000	8.468800
3.217000	8.468800
3.218000	8.531590
3.219000	8.531590
3.220000	8.594510
3.221000	8.531590
3.222000	8.657300
3.223000	8.594510
3.224000	8.594510
3.225000	8.657300
3.226000	8.657300
3.227000	8.594510
3.228000	8.657300
3.229000	8.657300
3.230000	8.657300
3.231000	8.720090
3.232000	8.720090
3.233000	8.782890
3.234000	8.782890
3.235000	8.782890
3.236000	8.908600
3.237000	8.908600
3.238000	8.908600
3.239000	8.908600
3.240000	8.845810
3.241000	8.845810
3.242000	8.782890
3.243000	8.908600
3.244000	8.782890
3.245000	8.782890
3.246000	8.845810
3.247000	8.845810
3.248000	8.908600
3.249000	8.782890
3.250000	8.720090
3.251000	8.657300
3.252000	8.720090
3.253000	8.657300
3.254000	8.594510
3.255000	8.531590
3.256000	8.594510
3.257000	8.343090
3.258000	8.406010
3.259000	8.343090
3.260000	8.343090
3.261000	8.406010
3.262000	8.343090
3.263000	8.280300
3.264000	8.280300
3.265000	8.343090
3.266000	8.343090
3.267000	8.343090
3.268000	8.406010
3.269000	8.343090
3.270000	8.468800
3.271000	8.531590
3.272000	8.468800
3.273000	8.531590
3.274000	8.531590
3.275000	8.531590
3.276000	8.657300
3.277000	8.657300
3.278000	8.594510
3.279000	8.657300
3.280000	8.720090
3.281000	8.720090
3.282000	8.720090
3.283000	8.720090
3.284000	8.720090
3.285000	8.720090
3.286000	8.782890
3.287000	8.782890
3.288000	8.782890
3.289000	8.782890
3.290000	8.782890
3.291000	8.720090
3.292000	8.720090
3.293000	8.657300
3.294000	8.594510
3.295000	8.657300
3.296000	8.531590
3.297000	8.531590
3.298000	8.531590
3.299000	8.468800
3.300000	8.531590
3.301000	8.406010
3.302000	8.468800
3.303000	8.406010
3.304000	8.406010
3.305000	8.343090
3.306000	8.343090
3.307000	8.343090
3.308000	8.343090
3.309000	8.343090
3.310000	8.280300
3.311000	8.343090
3.312000	8.280300
3.313000	8.280300
3.314000	8.280300
3.315000	8.406010
3.316000	8.343090
3.317000	8.343090
3.318000	8.343090
3.319000	8.406010
3.320000	8.406010
3.321000	8.406010
3.322000	8.468800
3.323000	8.468800
3.324000	8.531590
3.325000	8.531590
3.326000	8.531590
3.327000	8.531590
3.328000	8.594510
3.329000	8.531590
3.330000	8.657300
3.331000	8.657300
3.332000	8.782890
3.333000	8.845810
3.334000	8.657300
3.335000	8.782890
3.336000	8.908600
3.337000	8.908600
3.338000	8.908600
3.339000	9.034310
3.340000	9.034310
3.341000	8.971390
3.342000	9.034310
3.343000	9.034310
3.344000	9.159890
3.345000	9.097100
3.346000	9.097100
3.347000	9.159890
3.348000	9.097100
3.349000	9.222680
3.350000	9.222680
3.351000	9.222680
3.352000	9.285600
3.353000	9.222680
3.354000	9.159890
3.355000	9.285600
3.356000	9.159890
3.357000	9.222680
3.358000	9.222680
3.359000	9.285600
3.360000	9.285600
3.361000	9.285600
3.362000	9.285600
3.363000	9.348390
3.364000	9.348390
3.365000	9.411180
3.366000	9.411180
3.367000	9.411180
3.368000	9.411180
3.369000	9.599680
3.370000	9.662470
3.371000	9.662470
3.372000	9.662470
3.373000	9.788180
3.374000	9.788180
3.375000	9.850980
3.376000	9.913770
3.377000	9.976690
3.378000	9.913770
3.379000	10.039500
3.380000	10.165200
3.381000	10.102300
3.382000	10.290800
3.383000	10.228000
3.384000	10.228000
3.385000	10.290800
3.386000	10.290800
3.387000	10.416500
3.388000	10.353600
3.389000	10.353600
3.390000	10.416500
3.391000	10.416500
3.392000	10.416500
3.393000	10.479300
3.394000	10.416500
3.395000	10.416500
3.396000	10.479300
3.397000	10.479300
3.398000	10.479300
3.399000	10.416500
3.400000	10.479300
3.401000	10.416500
3.402000	10.416500
3.403000	10.479300
3.404000	10.416500
3.405000	10.416500
3.406000	10.416500
3.407000	10.353600
3.408000	10.353600
3.409000	10.416500
3.410000	10.416500
3.411000	10.416500
3.412000	10.353600
3.413000	10.416500
3.414000	10.416500
3.415000	10.353600
3.416000	10.416500
3.417000	10.416500
3.418000	10.353600
3.419000	10.416500
3.420000	10.416500
3.421000	10.353600
3.422000	10.416500
3.423000	10.353600
3.424000	10.353600
3.425000	10.353600
3.426000	10.416500
3.427000	10.416500
3.428000	10.353600
3.429000	10.353600
3.430000	10.353600
3.431000	10.290800
3.432000	10.353600
3.433000	10.353600
3.434000	10.290800
3.435000	10.353600
3.436000	10.353600
3.437000	10.290800
3.438000	10.228000
3.439000	10.228000
3.440000	10.228000
3.441000	10.102300
3.442000	10.228000
3.443000	10.165200
3.444000	10.165200
3.445000	10.102300
3.446000	10.102300
3.447000	10.165200
3.448000	10.039500
3.449000	10.039500
3.450000	10.039500
3.451000	9.913770
3.452000	9.913770
3.453000	9.913770
3.454000	9.788180
3.455000	9.788180
3.456000	9.725390
3.457000	9.725390
3.458000	9.788180
3.459000	9.725390
3.460000	9.662470
3.461000	9.662470
3.462000	9.599680
3.463000	9.662470
3.464000	9.662470
3.465000	9.599680
3.466000	9.599680
3.467000	9.536890
3.468000	9.536890
3.469000	9.599680
3.470000	9.536890
3.471000	9.599680
3.472000	9.536890
3.473000	9.536890
3.474000	9.599680
3.475000	9.536890
3.476000	9.725390
3.477000	9.662470
3.478000	9.725390
3.479000	9.599680
3.480000	9.725390
3.481000	9.788180
3.482000	9.788180
3.483000	9.725390
3.484000	9.725390
3.485000	9.725390
3.486000	9.788180
3.487000	9.725390
3.488000	9.788180
3.489000	9.725390
3.490000	9.725390
3.491000	9.725390
3.492000	9.662470
3.493000	9.599680
3.494000	9.725390
3.495000	9.599680
3.496000	9.662470
3.497000	9.725390
3.498000	9.662470
3.499000	9.788180
3.500000	9.662470
3.501000	9.662470
3.502000	9.662470
3.503000	9.662470
3.504000	9.662470
3.505000	9.662470
3.506000	9.662470
3.507000	9.725390
3.508000	9.725390
3.509000	9.662470
3.510000	9.662470
3.511000	9.788180
3.512000	9.725390
3.513000	9.725390
3.514000	9.788180
3.515000	9.725390
3.516000	9.788180
3.517000	9.788180
3.518000	9.788180
3.519000	9.788180
3.520000	9.850980
3.521000	9.850980
3.522000	9.788180
3.523000	9.850980
3.524000	9.788180
3.525000	9.850980
3.526000	9.913770
3.527000	9.913770
3.528000	9.788180
3.529000	9.850980
3.530000	9.850980
3.531000	9.913770
3.532000	9.788180
3.533000	9.788180
3.534000	9.788180
3.535000	9.788180
3.536000	9.725390
3.537000	9.788180
3.538000	9.725390
3.539000	9.725390
3.540000	9.725390
3.541000	9.662470
3.542000	9.788180
3.543000	9.725390
3.544000	9.725390
3.545000	9.788180
3.546000	9.662470
3.547000	9.788180
3.548000	9.788180
3.549000	9.725390
3.550000	9.850980
3.551000	9.850980
3.552000	9.788180
3.553000	9.850980
3.554000	9.725390
3.555000	9.850980
3.556000	9.850980
3.557000	9.850980
3.558000	9.788180
3.559000	9.850980
3.560000	9.850980
3.561000	9.725390
3.562000	9.788180
3.563000	9.850980
3.564000	9.850980
3.565000	9.725390
3.566000	9.788180
3.567000	9.850980
3.568000	9.725390
3.569000	9.788180
3.570000	9.788180
3.571000	9.788180
3.572000	9.788180
3.573000	9.725390
3.574000	9.725390
3.575000	9.788180
3.576000	9.850980
3.577000	9.725390
3.578000	9.788180
3.579000	9.725390
3.580000	9.725390
3.581000	9.788180
3.582000	9.788180
3.583000	9.850980
3.584000	9.788180
3.585000	9.725390
3.586000	9.850980
3.587000	9.788180
3.588000	9.788180
3.589000	9.725390
3.590000	9.913770
3.591000	9.725390
3.592000	9.788180
3.593000	9.788180
3.594000	9.788180
3.595000	9.725390
3.596000	9.725390
3.597000	9.788180
3.598000	9.725390
3.599000	9.725390
3.600000	9.725390
3.601000	9.788180
3.602000	9.788180
3.603000	9.850980
3.604000	9.662470
3.605000	9.725390
3.606000	9.725390
3.607000	9.725390
3.608000	9.662470
3.609000	9.725390
3.610000	9.662470
3.611000	9.725390
3.612000	9.788180
3.613000	9.725390
3.614000	9.662470
3.615000	9.725390
3.616000	9.788180
3.617000	9.662470
3.618000	9.599680
3.619000	9.662470
3.620000	9.662470
3.621000	9.599680
3.622000	9.662470
3.623000	9.599680
3.624000	9.599680
3.625000	9.536890
3.626000	9.662470
3.627000	9.599680
3.628000	9.473970
3.629000	9.536890
3.630000	9.473970
3.631000	9.411180
3.632000	9.411180
3.633000	9.348390
3.634000	9.411180
3.635000	9.411180
3.636000	9.348390
3.637000	9.411180
3.638000	9.285600
3.639000	9.222680
3.640000	9.159890
3.641000	9.222680
3.642000	9.285600
3.643000	9.222680
3.644000	9.222680
3.645000	9.285600
3.646000	9.222680
3.647000	9.222680
3.648000	9.348390
3.649000	9.285600
3.650000	9.159890
3.651000	9.285600
3.652000	9.285600
3.653000	9.285600
3.654000	9.348390
3.655000	9.411180
3.656000	9.411180
3.657000	9.348390
3.658000	9.348390
3.659000	9.348390
3.660000	9.411180
3.661000	9.411180
3.662000	9.285600
3.663000	9.348390
3.664000	9.411180
3.665000	9.473970
3.666000	9.411180
3.667000	9.411180
3.668000	9.411180
3.669000	9.599680
3.670000	9.536890
3.671000	9.473970
3.672000	9.536890
3.673000	9.411180
3.674000	9.473970
3.675000	9.411180
3.676000	9.536890
3.677000	9.536890
3.678000	9.536890
3.679000	9.599680
3.680000	9.536890
3.681000	9.599680
3.682000	9.536890
3.683000	9.662470
3.684000	9.599680
3.685000	9.599680
3.686000	9.599680
3.687000	9.536890
3.688000	9.599680
3.689000	9.473970
3.690000	9.473970
3.691000	9.536890
3.692000	9.662470
3.693000	9.536890
3.694000	9.536890
3.695000	9.536890
3.696000	9.473970
3.697000	9.536890
3.698000	9.411180
3.699000	9.473970
