-0.300000	0.073027
-0.299000	0.073027
-0.298000	3.042810
-0.297000	0.073027
-0.296000	0.073027
-0.295000	3.042810
-0.294000	3.042810
-0.293000	-2.902840
-0.292000	0.073027
-0.291000	0.073027
-0.290000	0.073027
-0.289000	3.042810
-0.288000	3.042810
-0.287000	3.042810
-0.286000	0.073027
-0.285000	3.042810
-0.284000	0.073027
-0.283000	0.073027
-0.282000	-2.902840
-0.281000	3.042810
-0.280000	-2.902840
-0.279000	0.073027
-0.278000	0.073027
-0.277000	0.073027
-0.276000	6.012590
-0.275000	3.042810
-0.274000	0.073027
-0.273000	3.042810
-0.272000	6.012590
-0.271000	0.073027
-0.270000	3.042810
-0.269000	0.073027
-0.268000	3.042810
-0.267000	0.073027
-0.266000	0.073027
-0.265000	3.042810
-0.264000	3.042810
-0.263000	0.073027
-0.262000	-2.902840
-0.261000	3.042810
-0.260000	3.042810
-0.259000	6.012590
-0.258000	0.073027
-0.257000	0.073027
-0.256000	6.012590
-0.255000	3.042810
-0.254000	3.042810
-0.253000	6.012590
-0.252000	3.042810
-0.251000	6.012590
-0.250000	0.073027
-0.249000	0.073027
-0.248000	-2.902840
-0.247000	6.012590
-0.246000	3.042810
-0.245000	3.042810
-0.244000	-2.902840
-0.243000	0.073027
-0.242000	-5.872620
-0.241000	3.042810
-0.240000	0.073027
-0.239000	0.073027
-0.238000	3.042810
-0.237000	0.073027
-0.236000	6.012590
-0.235000	0.073027
-0.234000	0.073027
-0.233000	6.012590
-0.232000	0.073027
-0.231000	6.012590
-0.230000	0.073027
-0.229000	0.073027
-0.228000	0.073027
-0.227000	3.042810
-0.226000	3.042810
-0.225000	0.073027
-0.224000	0.073027
-0.223000	3.042810
-0.222000	0.073027
-0.221000	-2.902840
-0.220000	0.073027
-0.219000	3.042810
-0.218000	0.073027
-0.217000	3.042810
-0.216000	0.073027
-0.215000	0.073027
-0.214000	0.073027
-0.213000	0.073027
-0.212000	3.042810
-0.211000	0.073027
-0.210000	0.073027
-0.209000	0.073027
-0.208000	0.073027
-0.207000	0.073027
-0.206000	3.042810
-0.205000	3.042810
-0.204000	3.042810
-0.203000	-2.902840
-0.202000	3.042810
-0.201000	-2.902840
-0.200000	0.073027
-0.199000	0.073027
-0.198000	0.073027
-0.197000	0.073027
-0.196000	-2.902840
-0.195000	0.073027
-0.194000	0.073027
-0.193000	6.012590
-0.192000	0.073027
-0.191000	3.042810
-0.190000	3.042810
-0.189000	0.073027
-0.188000	6.012590
-0.187000	3.042810
-0.186000	0.073027
-0.185000	0.073027
-0.184000	0.073027
-0.183000	0.073027
-0.182000	0.073027
-0.181000	0.073027
-0.180000	0.073027
-0.179000	6.012590
-0.178000	0.073027
-0.177000	6.012590
-0.176000	0.073027
-0.175000	0.073027
-0.174000	0.073027
-0.173000	0.073027
-0.172000	0.073027
-0.171000	0.073027
-0.170000	3.042810
-0.169000	0.073027
-0.168000	3.042810
-0.167000	3.042810
-0.166000	-2.902840
-0.165000	-2.902840
-0.164000	-2.902840
-0.163000	0.073027
-0.162000	3.042810
-0.161000	3.042810
-0.160000	0.073027
-0.159000	0.073027
-0.158000	0.073027
-0.157000	-2.902840
-0.156000	0.073027
-0.155000	0.073027
-0.154000	0.073027
-0.153000	3.042810
-0.152000	0.073027
-0.151000	0.073027
-0.150000	0.073027
-0.149000	0.073027
-0.148000	-2.902840
-0.147000	0.073027
-0.146000	0.073027
-0.145000	0.073027
-0.144000	0.073027
-0.143000	6.012590
-0.142000	0.073027
-0.141000	3.042810
-0.140000	0.073027
-0.139000	3.042810
-0.138000	3.042810
-0.137000	3.042810
-0.136000	0.073027
-0.135000	3.042810
-0.134000	3.042810
-0.133000	0.073027
-0.132000	0.073027
-0.131000	-2.902840
-0.130000	0.073027
-0.129000	3.042810
-0.128000	3.042810
-0.127000	0.073027
-0.126000	6.012590
-0.125000	0.073027
-0.124000	0.073027
-0.123000	0.073027
-0.122000	0.073027
-0.121000	0.073027
-0.120000	0.073027
-0.119000	0.073027
-0.118000	0.073027
-0.117000	3.042810
-0.116000	3.042810
-0.115000	-2.902840
-0.114000	3.042810
-0.113000	0.073027
-0.112000	3.042810
-0.111000	0.073027
-0.110000	0.073027
-0.109000	3.042810
-0.108000	3.042810
-0.107000	3.042810
-0.106000	0.073027
-0.105000	0.073027
-0.104000	-2.902840
-0.103000	3.042810
-0.102000	-2.902840
-0.101000	0.073027
-0.100000	0.073027
-0.099000	-2.902840
-0.098000	-2.902840
-0.097000	0.073027
-0.096000	0.073027
-0.095000	3.042810
-0.094000	0.073027
-0.093000	3.042810
-0.092000	3.042810
-0.091000	6.012590
-0.090000	0.073027
-0.089000	8.988460
-0.088000	6.012590
-0.087000	3.042810
-0.086000	3.042810
-0.085000	3.042810
-0.084000	0.073027
-0.083000	6.012590
-0.082000	3.042810
-0.081000	0.073027
-0.080000	3.042810
-0.079000	-2.902840
-0.078000	3.042810
-0.077000	0.073027
-0.076000	6.012590
-0.075000	3.042810
-0.074000	0.073027
-0.073000	3.042810
-0.072000	3.042810
-0.071000	3.042810
-0.070000	0.073027
-0.069000	0.073027
-0.068000	8.988460
-0.067000	0.073027
-0.066000	0.073027
-0.065000	3.042810
-0.064000	0.073027
-0.063000	3.042810
-0.062000	0.073027
-0.061000	0.073027
-0.060000	3.042810
-0.059000	0.073027
-0.058000	3.042810
-0.057000	6.012590
-0.056000	6.012590
-0.055000	3.042810
-0.054000	3.042810
-0.053000	0.073027
-0.052000	0.073027
-0.051000	0.073027
-0.050000	-2.902840
-0.049000	0.073027
-0.048000	-2.902840
-0.047000	-2.902840
-0.046000	-2.902840
-0.045000	0.073027
-0.044000	6.012590
-0.043000	3.042810
-0.042000	3.042810
-0.041000	3.042810
-0.040000	6.012590
-0.039000	6.012590
-0.038000	6.012590
-0.037000	8.988460
-0.036000	6.012590
-0.035000	8.988460
-0.034000	6.012590
-0.033000	6.012590
-0.032000	8.988460
-0.031000	11.958200
-0.030000	8.988460
-0.029000	8.988460
-0.028000	11.958200
-0.027000	8.988460
-0.026000	11.958200
-0.025000	11.958200
-0.024000	14.928000
-0.023000	11.958200
-0.022000	14.928000
-0.021000	14.928000
-0.020000	14.928000
-0.019000	11.958200
-0.018000	14.928000
-0.017000	17.897800
-0.016000	11.958200
-0.015000	11.958200
-0.014000	11.958200
-0.013000	8.988460
-0.012000	8.988460
-0.011000	14.928000
-0.010000	14.928000
-0.009000	11.958200
-0.008000	11.958200
-0.007000	11.958200
-0.006000	8.988460
-0.005000	11.958200
-0.004000	8.988460
-0.003000	8.988460
-0.002000	8.988460
-0.001000	8.988460
0.000000	6.012590
0.001000	8.988460
0.002000	6.012590
0.003000	3.042810
0.004000	6.012590
0.005000	6.012590
0.006000	3.042810
0.007000	6.012590
0.008000	0.073027
0.009000	8.988460
0.010000	8.988460
0.011000	6.012590
0.012000	3.042810
0.013000	3.042810
0.014000	6.012590
0.015000	6.012590
0.016000	6.012590
0.017000	3.042810
0.018000	6.012590
0.019000	6.012590
0.020000	3.042810
0.021000	6.012590
0.022000	8.988460
0.023000	8.988460
0.024000	6.012590
0.025000	6.012590
0.026000	8.988460
0.027000	8.988460
0.028000	6.012590
0.029000	8.988460
0.030000	8.988460
0.031000	6.012590
0.032000	8.988460
0.033000	6.012590
0.034000	8.988460
0.035000	0.073027
0.036000	6.012590
0.037000	3.042810
0.038000	6.012590
0.039000	8.988460
0.040000	6.012590
0.041000	6.012590
0.042000	8.988460
0.043000	8.988460
0.044000	6.012590
0.045000	8.988460
0.046000	6.012590
0.047000	3.042810
0.048000	8.988460
0.049000	8.988460
0.050000	6.012590
0.051000	6.012590
0.052000	8.988460
0.053000	11.958200
0.054000	8.988460
0.055000	14.928000
0.056000	11.958200
0.057000	14.928000
0.058000	14.928000
0.059000	17.897800
0.060000	17.897800
0.061000	14.928000
0.062000	14.928000
0.063000	17.897800
0.064000	20.873699
0.065000	20.873699
0.066000	23.843500
0.067000	20.873699
0.068000	23.843500
0.069000	26.813200
0.070000	26.813200
0.071000	29.789101
0.072000	29.789101
0.073000	29.789101
0.074000	26.813200
0.075000	29.789101
0.076000	23.843500
0.077000	26.813200
0.078000	29.789101
0.079000	26.813200
0.080000	26.813200
0.081000	23.843500
0.082000	29.789101
0.083000	23.843500
0.084000	26.813200
0.085000	23.843500
0.086000	26.813200
0.087000	26.813200
0.088000	26.813200
0.089000	29.789101
0.090000	26.813200
0.091000	29.789101
0.092000	26.813200
0.093000	26.813200
0.094000	32.758900
0.095000	29.789101
0.096000	29.789101
0.097000	32.758900
0.098000	32.758900
0.099000	32.758900
0.100000	32.758900
0.101000	35.728699
0.102000	26.813200
0.103000	32.758900
0.104000	32.758900
0.105000	35.728699
0.106000	32.758900
0.107000	32.758900
0.108000	32.758900
0.109000	32.758900
0.110000	26.813200
0.111000	35.728699
0.112000	32.758900
0.113000	32.758900
0.114000	29.789101
0.115000	26.813200
0.116000	29.789101
0.117000	32.758900
0.118000	29.789101
0.119000	26.813200
0.120000	26.813200
0.121000	29.789101
0.122000	26.813200
0.123000	23.843500
0.124000	26.813200
0.125000	26.813200
0.126000	29.789101
0.127000	29.789101
0.128000	29.789101
0.129000	29.789101
0.130000	29.789101
0.131000	29.789101
0.132000	32.758900
0.133000	32.758900
0.134000	35.728699
0.135000	35.728699
0.136000	35.728699
0.137000	29.789101
0.138000	35.728699
0.139000	35.728699
0.140000	35.728699
0.141000	38.698502
0.142000	38.698502
0.143000	38.698502
0.144000	35.728699
0.145000	44.644100
0.146000	38.698502
0.147000	41.674301
0.148000	38.698502
0.149000	44.644100
0.150000	44.644100
0.151000	44.644100
0.152000	44.644100
0.153000	44.644100
0.154000	47.613899
0.155000	44.644100
0.156000	47.613899
0.157000	44.644100
0.158000	50.589802
0.159000	50.589802
0.160000	50.589802
0.161000	47.613899
0.162000	47.613899
0.163000	47.613899
0.164000	50.589802
0.165000	47.613899
0.166000	50.589802
0.167000	44.644100
0.168000	50.589802
0.169000	47.613899
0.170000	44.644100
0.171000	47.613899
0.172000	47.613899
0.173000	41.674301
0.174000	44.644100
0.175000	44.644100
0.176000	50.589802
0.177000	47.613899
0.178000	41.674301
0.179000	44.644100
0.180000	47.613899
0.181000	44.644100
0.182000	41.674301
0.183000	44.644100
0.184000	50.589802
0.185000	44.644100
0.186000	44.644100
0.187000	44.644100
0.188000	44.644100
0.189000	50.589802
0.190000	53.559502
0.191000	50.589802
0.192000	47.613899
0.193000	50.589802
0.194000	44.644100
0.195000	44.644100
0.196000	47.613899
0.197000	44.644100
0.198000	44.644100
0.199000	47.613899
0.200000	44.644100
0.201000	38.698502
0.202000	44.644100
0.203000	44.644100
0.204000	41.674301
0.205000	41.674301
0.206000	47.613899
0.207000	44.644100
0.208000	47.613899
0.209000	41.674301
0.210000	44.644100
0.211000	47.613899
0.212000	47.613899
0.213000	47.613899
0.214000	44.644100
0.215000	41.674301
0.216000	41.674301
0.217000	44.644100
0.218000	44.644100
0.219000	41.674301
0.220000	47.613899
0.221000	41.674301
0.222000	44.644100
0.223000	44.644100
0.224000	44.644100
0.225000	44.644100
0.226000	50.589802
0.227000	50.589802
0.228000	41.674301
0.229000	47.613899
0.230000	44.644100
0.231000	47.613899
0.232000	44.644100
0.233000	53.559502
0.234000	44.644100
0.235000	47.613899
0.236000	50.589802
0.237000	47.613899
0.238000	50.589802
0.239000	50.589802
0.240000	56.529301
0.241000	56.529301
0.242000	56.529301
0.243000	56.529301
0.244000	56.529301
0.245000	56.529301
0.246000	50.589802
0.247000	53.559502
0.248000	59.499100
0.249000	53.559502
0.250000	50.589802
0.251000	53.559502
0.252000	56.529301
0.253000	47.613899
0.254000	50.589802
0.255000	53.559502
0.256000	53.559502
0.257000	50.589802
0.258000	59.499100
0.259000	50.589802
0.260000	50.589802
0.261000	56.529301
0.262000	59.499100
0.263000	53.559502
0.264000	56.529301
0.265000	56.529301
0.266000	56.529301
0.267000	50.589802
0.268000	50.589802
0.269000	47.613899
0.270000	50.589802
0.271000	50.589802
0.272000	47.613899
0.273000	44.644100
0.274000	50.589802
0.275000	53.559502
0.276000	41.674301
0.277000	56.529301
0.278000	53.559502
0.279000	50.589802
0.280000	44.644100
0.281000	56.529301
0.282000	50.589802
0.283000	41.674301
0.284000	59.499100
0.285000	56.529301
0.286000	53.559502
0.287000	56.529301
0.288000	56.529301
0.289000	50.589802
0.290000	47.613899
0.291000	56.529301
0.292000	59.499100
0.293000	56.529301
0.294000	50.589802
0.295000	50.589802
0.296000	56.529301
0.297000	56.529301
0.298000	50.589802
0.299000	56.529301
0.300000	56.529301
0.301000	53.559502
0.302000	50.589802
0.303000	50.589802
0.304000	56.529301
0.305000	50.589802
0.306000	50.589802
0.307000	53.559502
0.308000	56.529301
0.309000	50.589802
0.310000	50.589802
0.311000	47.613899
0.312000	50.589802
0.313000	44.644100
0.314000	44.644100
0.315000	47.613899
0.316000	50.589802
0.317000	50.589802
0.318000	47.613899
0.319000	44.644100
0.320000	47.613899
0.321000	47.613899
0.322000	47.613899
0.323000	44.644100
0.324000	50.589802
0.325000	41.674301
0.326000	50.589802
0.327000	47.613899
0.328000	53.559502
0.329000	50.589802
0.330000	50.589802
0.331000	50.589802
0.332000	53.559502
0.333000	53.559502
0.334000	47.613899
0.335000	56.529301
0.336000	56.529301
0.337000	56.529301
0.338000	56.529301
0.339000	56.529301
0.340000	50.589802
0.341000	59.499100
0.342000	56.529301
0.343000	62.474998
0.344000	62.474998
0.345000	59.499100
0.346000	59.499100
0.347000	62.474998
0.348000	56.529301
0.349000	53.559502
0.350000	59.499100
0.351000	59.499100
0.352000	56.529301
0.353000	56.529301
0.354000	56.529301
0.355000	56.529301
0.356000	56.529301
0.357000	56.529301
0.358000	50.589802
0.359000	50.589802
0.360000	56.529301
0.361000	50.589802
0.362000	53.559502
0.363000	50.589802
0.364000	47.613899
0.365000	50.589802
0.366000	56.529301
0.367000	50.589802
0.368000	47.613899
0.369000	44.644100
0.370000	47.613899
0.371000	53.559502
0.372000	50.589802
0.373000	47.613899
0.374000	47.613899
0.375000	50.589802
0.376000	47.613899
0.377000	50.589802
0.378000	47.613899
0.379000	53.559502
0.380000	56.529301
0.381000	50.589802
0.382000	53.559502
0.383000	56.529301
0.384000	53.559502
0.385000	47.613899
0.386000	56.529301
0.387000	50.589802
0.388000	44.644100
0.389000	56.529301
0.390000	53.559502
0.391000	53.559502
0.392000	53.559502
0.393000	59.499100
0.394000	56.529301
0.395000	53.559502
0.396000	59.499100
0.397000	62.474998
0.398000	59.499100
0.399000	59.499100
0.400000	62.474998
0.401000	56.529301
0.402000	50.589802
0.403000	53.559502
0.404000	56.529301
0.405000	62.474998
0.406000	59.499100
0.407000	62.474998
0.408000	56.529301
0.409000	56.529301
0.410000	59.499100
0.411000	56.529301
0.412000	56.529301
0.413000	59.499100
0.414000	56.529301
0.415000	56.529301
0.416000	59.499100
0.417000	50.589802
0.418000	50.589802
0.419000	56.529301
0.420000	53.559502
0.421000	56.529301
0.422000	53.559502
0.423000	53.559502
0.424000	53.559502
0.425000	50.589802
0.426000	53.559502
0.427000	50.589802
0.428000	53.559502
0.429000	56.529301
0.430000	56.529301
0.431000	59.499100
0.432000	56.529301
0.433000	56.529301
0.434000	56.529301
0.435000	50.589802
0.436000	53.559502
0.437000	53.559502
0.438000	56.529301
0.439000	56.529301
0.440000	56.529301
0.441000	56.529301
0.442000	59.499100
0.443000	62.474998
0.444000	53.559502
0.445000	59.499100
0.446000	68.414497
0.447000	59.499100
0.448000	59.499100
0.449000	65.444801
0.450000	62.474998
0.451000	62.474998
0.452000	65.444801
0.453000	65.444801
0.454000	56.529301
0.455000	65.444801
0.456000	62.474998
0.457000	65.444801
0.458000	65.444801
0.459000	59.499100
0.460000	65.444801
0.461000	62.474998
0.462000	62.474998
0.463000	62.474998
0.464000	62.474998
0.465000	59.499100
0.466000	62.474998
0.467000	56.529301
0.468000	59.499100
0.469000	59.499100
0.470000	59.499100
0.471000	56.529301
0.472000	59.499100
0.473000	59.499100
0.474000	62.474998
0.475000	56.529301
0.476000	56.529301
0.477000	59.499100
0.478000	56.529301
0.479000	56.529301
0.480000	50.589802
0.481000	56.529301
0.482000	56.529301
0.483000	56.529301
0.484000	59.499100
0.485000	56.529301
0.486000	59.499100
0.487000	56.529301
0.488000	59.499100
0.489000	53.559502
0.490000	65.444801
0.491000	56.529301
0.492000	56.529301
0.493000	62.474998
0.494000	53.559502
0.495000	62.474998
0.496000	56.529301
0.497000	62.474998
0.498000	59.499100
0.499000	50.589802
0.500000	74.360199
0.501000	59.499100
0.502000	53.559502
0.503000	62.474998
0.504000	62.474998
0.505000	68.414497
0.506000	65.444801
0.507000	65.444801
0.508000	74.360199
0.509000	68.414497
0.510000	65.444801
0.511000	74.360199
0.512000	77.330002
0.513000	71.384300
0.514000	56.529301
0.515000	80.299797
0.516000	80.299797
0.517000	65.444801
0.518000	56.529301
0.519000	74.360199
0.520000	68.414497
0.521000	50.589802
0.522000	65.444801
0.523000	68.414497
0.524000	68.414497
0.525000	68.414497
0.526000	65.444801
0.527000	68.414497
0.528000	68.414497
0.529000	65.444801
0.530000	68.414497
0.531000	68.414497
0.532000	68.414497
0.533000	65.444801
0.534000	68.414497
0.535000	65.444801
0.536000	59.499100
0.537000	59.499100
0.538000	62.474998
0.539000	59.499100
0.540000	62.474998
0.541000	62.474998
0.542000	62.474998
0.543000	62.474998
0.544000	53.559502
0.545000	56.529301
0.546000	62.474998
0.547000	62.474998
0.548000	62.474998
0.549000	62.474998
0.550000	68.414497
0.551000	68.414497
0.552000	56.529301
0.553000	59.499100
0.554000	65.444801
0.555000	65.444801
0.556000	71.384300
0.557000	68.414497
0.558000	71.384300
0.559000	68.414497
0.560000	71.384300
0.561000	68.414497
0.562000	74.360199
0.563000	71.384300
0.564000	68.414497
0.565000	74.360199
0.566000	74.360199
0.567000	71.384300
0.568000	62.474998
0.569000	68.414497
0.570000	80.299797
0.571000	65.444801
0.572000	71.384300
0.573000	80.299797
0.574000	77.330002
0.575000	71.384300
0.576000	77.330002
0.577000	74.360199
0.578000	80.299797
0.579000	77.330002
0.580000	77.330002
0.581000	86.245399
0.582000	86.245399
0.583000	83.275597
0.584000	68.414497
0.585000	68.414497
0.586000	68.414497
0.587000	59.499100
0.588000	59.499100
0.589000	56.529301
0.590000	59.499100
0.591000	62.474998
0.592000	59.499100
0.593000	56.529301
0.594000	56.529301
0.595000	68.414497
0.596000	71.384300
0.597000	62.474998
0.598000	62.474998
0.599000	65.444801
0.600000	62.474998
0.601000	68.414497
0.602000	68.414497
0.603000	74.360199
0.604000	74.360199
0.605000	83.275597
0.606000	71.384300
0.607000	68.414497
0.608000	71.384300
0.609000	74.360199
0.610000	71.384300
0.611000	71.384300
0.612000	68.414497
0.613000	68.414497
0.614000	68.414497
0.615000	62.474998
0.616000	62.474998
0.617000	68.414497
0.618000	68.414497
0.619000	74.360199
0.620000	71.384300
0.621000	74.360199
0.622000	77.330002
0.623000	77.330002
0.624000	65.444801
0.625000	62.474998
0.626000	65.444801
0.627000	71.384300
0.628000	68.414497
0.629000	62.474998
0.630000	65.444801
0.631000	62.474998
0.632000	59.499100
0.633000	56.529301
0.634000	59.499100
0.635000	59.499100
0.636000	59.499100
0.637000	59.499100
0.638000	56.529301
0.639000	56.529301
0.640000	53.559502
0.641000	56.529301
0.642000	53.559502
0.643000	56.529301
0.644000	53.559502
0.645000	59.499100
0.646000	59.499100
0.647000	56.529301
0.648000	62.474998
0.649000	59.499100
0.650000	56.529301
0.651000	56.529301
0.652000	62.474998
0.653000	62.474998
0.654000	59.499100
0.655000	62.474998
0.656000	59.499100
0.657000	62.474998
0.658000	62.474998
0.659000	62.474998
0.660000	65.444801
0.661000	65.444801
0.662000	62.474998
0.663000	62.474998
0.664000	62.474998
0.665000	62.474998
0.666000	62.474998
0.667000	62.474998
0.668000	65.444801
0.669000	59.499100
0.670000	62.474998
0.671000	62.474998
0.672000	59.499100
0.673000	62.474998
0.674000	59.499100
0.675000	59.499100
0.676000	59.499100
0.677000	59.499100
0.678000	62.474998
0.679000	59.499100
0.680000	56.529301
0.681000	56.529301
0.682000	59.499100
0.683000	50.589802
0.684000	53.559502
0.685000	56.529301
0.686000	56.529301
0.687000	50.589802
0.688000	53.559502
0.689000	56.529301
0.690000	53.559502
0.691000	56.529301
0.692000	53.559502
0.693000	53.559502
0.694000	56.529301
0.695000	53.559502
0.696000	53.559502
0.697000	53.559502
0.698000	59.499100
0.699000	56.529301
0.700000	56.529301
0.701000	53.559502
0.702000	56.529301
0.703000	53.559502
0.704000	56.529301
0.705000	56.529301
0.706000	56.529301
0.707000	53.559502
0.708000	53.559502
0.709000	56.529301
0.710000	59.499100
0.711000	59.499100
0.712000	56.529301
0.713000	56.529301
0.714000	62.474998
0.715000	56.529301
0.716000	56.529301
0.717000	53.559502
0.718000	56.529301
0.719000	56.529301
0.720000	53.559502
0.721000	53.559502
0.722000	59.499100
0.723000	59.499100
0.724000	53.559502
0.725000	59.499100
0.726000	56.529301
0.727000	56.529301
0.728000	53.559502
0.729000	59.499100
0.730000	53.559502
0.731000	53.559502
0.732000	56.529301
0.733000	53.559502
0.734000	53.559502
0.735000	50.589802
0.736000	53.559502
0.737000	50.589802
0.738000	56.529301
0.739000	56.529301
0.740000	56.529301
0.741000	56.529301
0.742000	53.559502
0.743000	53.559502
0.744000	53.559502
0.745000	56.529301
0.746000	47.613899
0.747000	50.589802
0.748000	53.559502
0.749000	50.589802
0.750000	56.529301
0.751000	53.559502
0.752000	53.559502
0.753000	50.589802
0.754000	50.589802
0.755000	50.589802
0.756000	53.559502
0.757000	56.529301
0.758000	53.559502
0.759000	56.529301
0.760000	53.559502
0.761000	56.529301
0.762000	56.529301
0.763000	56.529301
0.764000	53.559502
0.765000	53.559502
0.766000	50.589802
0.767000	53.559502
0.768000	53.559502
0.769000	53.559502
0.770000	47.613899
0.771000	47.613899
0.772000	50.589802
0.773000	50.589802
0.774000	50.589802
0.775000	50.589802
0.776000	50.589802
0.777000	50.589802
0.778000	50.589802
0.779000	50.589802
0.780000	50.589802
0.781000	50.589802
0.782000	47.613899
0.783000	47.613899
0.784000	44.644100
0.785000	50.589802
0.786000	47.613899
0.787000	47.613899
0.788000	47.613899
0.789000	50.589802
0.790000	50.589802
0.791000	44.644100
0.792000	47.613899
0.793000	50.589802
0.794000	50.589802
0.795000	50.589802
0.796000	47.613899
0.797000	53.559502
0.798000	50.589802
0.799000	50.589802
0.800000	47.613899
0.801000	47.613899
0.802000	50.589802
0.803000	47.613899
0.804000	56.529301
0.805000	50.589802
0.806000	50.589802
0.807000	50.589802
0.808000	50.589802
0.809000	50.589802
0.810000	53.559502
0.811000	50.589802
0.812000	53.559502
0.813000	53.559502
0.814000	50.589802
0.815000	50.589802
0.816000	47.613899
0.817000	47.613899
0.818000	47.613899
0.819000	47.613899
0.820000	47.613899
0.821000	47.613899
0.822000	47.613899
0.823000	47.613899
0.824000	50.589802
0.825000	47.613899
0.826000	47.613899
0.827000	47.613899
0.828000	50.589802
0.829000	44.644100
0.830000	47.613899
0.831000	50.589802
0.832000	44.644100
0.833000	44.644100
0.834000	44.644100
0.835000	44.644100
0.836000	44.644100
0.837000	41.674301
0.838000	47.613899
0.839000	50.589802
0.840000	47.613899
0.841000	44.644100
0.842000	47.613899
0.843000	47.613899
0.844000	47.613899
0.845000	50.589802
0.846000	47.613899
0.847000	44.644100
0.848000	47.613899
0.849000	47.613899
0.850000	44.644100
0.851000	53.559502
0.852000	44.644100
0.853000	47.613899
0.854000	47.613899
0.855000	50.589802
0.856000	50.589802
0.857000	50.589802
0.858000	56.529301
0.859000	50.589802
0.860000	50.589802
0.861000	50.589802
0.862000	50.589802
0.863000	53.559502
0.864000	50.589802
0.865000	47.613899
0.866000	50.589802
0.867000	53.559502
0.868000	50.589802
0.869000	47.613899
0.870000	47.613899
0.871000	47.613899
0.872000	47.613899
0.873000	50.589802
0.874000	50.589802
0.875000	47.613899
0.876000	50.589802
0.877000	44.644100
0.878000	44.644100
0.879000	47.613899
0.880000	47.613899
0.881000	44.644100
0.882000	47.613899
0.883000	44.644100
0.884000	44.644100
0.885000	47.613899
0.886000	44.644100
0.887000	44.644100
0.888000	47.613899
0.889000	47.613899
0.890000	44.644100
0.891000	44.644100
0.892000	47.613899
0.893000	47.613899
0.894000	47.613899
0.895000	47.613899
0.896000	47.613899
0.897000	50.589802
0.898000	47.613899
0.899000	47.613899
0.900000	50.589802
0.901000	44.644100
0.902000	47.613899
0.903000	47.613899
0.904000	44.644100
0.905000	47.613899
0.906000	47.613899
0.907000	44.644100
0.908000	47.613899
0.909000	50.589802
0.910000	50.589802
0.911000	47.613899
0.912000	44.644100
0.913000	47.613899
0.914000	47.613899
0.915000	47.613899
0.916000	47.613899
0.917000	47.613899
0.918000	50.589802
0.919000	44.644100
0.920000	47.613899
0.921000	50.589802
0.922000	47.613899
0.923000	44.644100
0.924000	44.644100
0.925000	44.644100
0.926000	47.613899
0.927000	47.613899
0.928000	44.644100
0.929000	44.644100
0.930000	47.613899
0.931000	44.644100
0.932000	41.674301
0.933000	41.674301
0.934000	44.644100
0.935000	44.644100
0.936000	41.674301
0.937000	44.644100
0.938000	44.644100
0.939000	44.644100
0.940000	41.674301
0.941000	44.644100
0.942000	44.644100
0.943000	50.589802
0.944000	44.644100
0.945000	47.613899
0.946000	44.644100
0.947000	47.613899
0.948000	41.674301
0.949000	44.644100
0.950000	41.674301
0.951000	44.644100
0.952000	44.644100
0.953000	44.644100
0.954000	44.644100
0.955000	44.644100
0.956000	47.613899
0.957000	44.644100
0.958000	41.674301
0.959000	47.613899
0.960000	44.644100
0.961000	41.674301
0.962000	47.613899
0.963000	41.674301
0.964000	44.644100
0.965000	44.644100
0.966000	44.644100
0.967000	41.674301
0.968000	41.674301
0.969000	41.674301
0.970000	38.698502
0.971000	41.674301
0.972000	41.674301
0.973000	38.698502
0.974000	38.698502
0.975000	38.698502
0.976000	38.698502
0.977000	41.674301
0.978000	44.644100
0.979000	44.644100
0.980000	41.674301
0.981000	41.674301
0.982000	41.674301
0.983000	41.674301
0.984000	41.674301
0.985000	38.698502
0.986000	44.644100
0.987000	38.698502
0.988000	38.698502
0.989000	41.674301
0.990000	44.644100
0.991000	41.674301
0.992000	38.698502
0.993000	41.674301
0.994000	38.698502
0.995000	41.674301
0.996000	41.674301
0.997000	44.644100
0.998000	41.674301
0.999000	47.613899
1.000000	44.644100
1.001000	44.644100
1.002000	44.644100
1.003000	41.674301
1.004000	38.698502
1.005000	47.613899
1.006000	44.644100
1.007000	50.589802
1.008000	44.644100
1.009000	44.644100
1.010000	41.674301
1.011000	47.613899
1.012000	44.644100
1.013000	41.674301
1.014000	41.674301
1.015000	44.644100
1.016000	44.644100
1.017000	44.644100
1.018000	41.674301
1.019000	44.644100
1.020000	44.644100
1.021000	41.674301
1.022000	44.644100
1.023000	41.674301
1.024000	41.674301
1.025000	44.644100
1.026000	41.674301
1.027000	44.644100
1.028000	38.698502
1.029000	41.674301
1.030000	38.698502
1.031000	38.698502
1.032000	44.644100
1.033000	41.674301
1.034000	44.644100
1.035000	41.674301
1.036000	41.674301
1.037000	38.698502
1.038000	44.644100
1.039000	35.728699
1.040000	41.674301
1.041000	41.674301
1.042000	41.674301
1.043000	44.644100
1.044000	41.674301
1.045000	44.644100
1.046000	44.644100
1.047000	44.644100
1.048000	44.644100
1.049000	44.644100
1.050000	44.644100
1.051000	41.674301
1.052000	47.613899
1.053000	41.674301
1.054000	41.674301
1.055000	41.674301
1.056000	41.674301
1.057000	44.644100
1.058000	44.644100
1.059000	41.674301
1.060000	41.674301
1.061000	47.613899
1.062000	47.613899
1.063000	44.644100
1.064000	41.674301
1.065000	41.674301
1.066000	41.674301
1.067000	41.674301
1.068000	44.644100
1.069000	44.644100
1.070000	44.644100
1.071000	41.674301
1.072000	41.674301
1.073000	38.698502
1.074000	44.644100
1.075000	41.674301
1.076000	38.698502
1.077000	41.674301
1.078000	41.674301
1.079000	38.698502
1.080000	41.674301
1.081000	44.644100
1.082000	38.698502
1.083000	41.674301
1.084000	38.698502
1.085000	41.674301
1.086000	38.698502
1.087000	38.698502
1.088000	41.674301
1.089000	38.698502
1.090000	44.644100
1.091000	41.674301
1.092000	35.728699
1.093000	38.698502
1.094000	38.698502
1.095000	41.674301
1.096000	38.698502
1.097000	41.674301
1.098000	41.674301
1.099000	38.698502
1.100000	41.674301
1.101000	38.698502
1.102000	41.674301
1.103000	38.698502
1.104000	38.698502
1.105000	38.698502
1.106000	38.698502
1.107000	38.698502
1.108000	38.698502
1.109000	41.674301
1.110000	41.674301
1.111000	41.674301
1.112000	41.674301
1.113000	38.698502
1.114000	38.698502
1.115000	44.644100
1.116000	38.698502
1.117000	41.674301
1.118000	35.728699
1.119000	41.674301
1.120000	38.698502
1.121000	35.728699
1.122000	41.674301
1.123000	38.698502
1.124000	38.698502
1.125000	38.698502
1.126000	41.674301
1.127000	41.674301
1.128000	38.698502
1.129000	38.698502
1.130000	41.674301
1.131000	38.698502
1.132000	38.698502
1.133000	38.698502
1.134000	38.698502
1.135000	38.698502
1.136000	38.698502
1.137000	38.698502
1.138000	41.674301
1.139000	38.698502
1.140000	38.698502
1.141000	41.674301
1.142000	44.644100
1.143000	35.728699
1.144000	41.674301
1.145000	41.674301
1.146000	38.698502
1.147000	41.674301
1.148000	41.674301
1.149000	41.674301
1.150000	38.698502
1.151000	41.674301
1.152000	41.674301
1.153000	38.698502
1.154000	35.728699
1.155000	38.698502
1.156000	38.698502
1.157000	35.728699
1.158000	38.698502
1.159000	41.674301
1.160000	41.674301
1.161000	38.698502
1.162000	41.674301
1.163000	38.698502
1.164000	38.698502
1.165000	38.698502
1.166000	38.698502
1.167000	38.698502
1.168000	41.674301
1.169000	35.728699
1.170000	38.698502
1.171000	41.674301
1.172000	38.698502
1.173000	38.698502
1.174000	41.674301
1.175000	41.674301
1.176000	44.644100
1.177000	38.698502
1.178000	38.698502
1.179000	35.728699
1.180000	38.698502
1.181000	41.674301
1.182000	44.644100
1.183000	41.674301
1.184000	38.698502
1.185000	41.674301
1.186000	38.698502
1.187000	41.674301
1.188000	38.698502
1.189000	38.698502
1.190000	41.674301
1.191000	41.674301
1.192000	41.674301
1.193000	38.698502
1.194000	41.674301
1.195000	38.698502
1.196000	38.698502
1.197000	35.728699
1.198000	44.644100
1.199000	44.644100
1.200000	41.674301
1.201000	38.698502
1.202000	38.698502
1.203000	35.728699
1.204000	35.728699
1.205000	44.644100
1.206000	35.728699
1.207000	38.698502
1.208000	41.674301
1.209000	41.674301
1.210000	38.698502
1.211000	41.674301
1.212000	38.698502
1.213000	38.698502
1.214000	38.698502
1.215000	35.728699
1.216000	38.698502
1.217000	41.674301
1.218000	38.698502
1.219000	38.698502
1.220000	41.674301
1.221000	38.698502
1.222000	38.698502
1.223000	38.698502
1.224000	38.698502
1.225000	38.698502
1.226000	38.698502
1.227000	44.644100
1.228000	38.698502
1.229000	38.698502
1.230000	35.728699
1.231000	38.698502
1.232000	41.674301
1.233000	35.728699
1.234000	38.698502
1.235000	35.728699
1.236000	32.758900
1.237000	32.758900
1.238000	35.728699
1.239000	35.728699
1.240000	35.728699
1.241000	41.674301
1.242000	32.758900
1.243000	35.728699
1.244000	35.728699
1.245000	38.698502
1.246000	38.698502
1.247000	35.728699
1.248000	38.698502
1.249000	35.728699
1.250000	38.698502
1.251000	38.698502
1.252000	35.728699
1.253000	35.728699
1.254000	41.674301
1.255000	38.698502
1.256000	35.728699
1.257000	35.728699
1.258000	38.698502
1.259000	38.698502
1.260000	35.728699
1.261000	38.698502
1.262000	38.698502
1.263000	35.728699
1.264000	41.674301
1.265000	35.728699
1.266000	35.728699
1.267000	38.698502
1.268000	35.728699
1.269000	35.728699
1.270000	35.728699
1.271000	38.698502
1.272000	35.728699
1.273000	38.698502
1.274000	41.674301
1.275000	38.698502
1.276000	38.698502
1.277000	41.674301
1.278000	35.728699
1.279000	38.698502
1.280000	38.698502
1.281000	38.698502
1.282000	38.698502
1.283000	38.698502
1.284000	38.698502
1.285000	35.728699
1.286000	38.698502
1.287000	35.728699
1.288000	38.698502
1.289000	35.728699
1.290000	38.698502
1.291000	38.698502
1.292000	35.728699
1.293000	44.644100
1.294000	38.698502
1.295000	38.698502
1.296000	38.698502
1.297000	41.674301
1.298000	38.698502
1.299000	35.728699
1.300000	41.674301
1.301000	35.728699
1.302000	38.698502
1.303000	38.698502
1.304000	35.728699
1.305000	35.728699
1.306000	35.728699
1.307000	38.698502
1.308000	38.698502
1.309000	38.698502
1.310000	35.728699
1.311000	35.728699
1.312000	38.698502
1.313000	41.674301
1.314000	35.728699
1.315000	41.674301
1.316000	35.728699
1.317000	38.698502
1.318000	38.698502
1.319000	35.728699
1.320000	35.728699
1.321000	35.728699
1.322000	35.728699
1.323000	35.728699
1.324000	38.698502
1.325000	38.698502
1.326000	38.698502
1.327000	38.698502
1.328000	38.698502
1.329000	38.698502
1.330000	38.698502
1.331000	38.698502
1.332000	38.698502
1.333000	41.674301
1.334000	38.698502
1.335000	32.758900
1.336000	38.698502
1.337000	35.728699
1.338000	35.728699
1.339000	35.728699
1.340000	41.674301
1.341000	35.728699
1.342000	38.698502
1.343000	38.698502
1.344000	41.674301
1.345000	41.674301
1.346000	35.728699
1.347000	35.728699
1.348000	38.698502
1.349000	41.674301
1.350000	38.698502
1.351000	38.698502
1.352000	38.698502
1.353000	32.758900
1.354000	38.698502
1.355000	35.728699
1.356000	38.698502
1.357000	38.698502
1.358000	38.698502
1.359000	35.728699
1.360000	38.698502
1.361000	38.698502
1.362000	35.728699
1.363000	38.698502
1.364000	38.698502
1.365000	38.698502
1.366000	35.728699
1.367000	35.728699
1.368000	38.698502
1.369000	32.758900
1.370000	35.728699
1.371000	35.728699
1.372000	38.698502
1.373000	35.728699
1.374000	38.698502
1.375000	32.758900
1.376000	38.698502
1.377000	38.698502
1.378000	38.698502
1.379000	38.698502
1.380000	38.698502
1.381000	35.728699
1.382000	32.758900
1.383000	35.728699
1.384000	35.728699
1.385000	35.728699
1.386000	35.728699
1.387000	35.728699
1.388000	38.698502
1.389000	35.728699
1.390000	38.698502
1.391000	38.698502
1.392000	38.698502
1.393000	35.728699
1.394000	38.698502
1.395000	38.698502
1.396000	41.674301
1.397000	35.728699
1.398000	35.728699
1.399000	35.728699
1.400000	35.728699
1.401000	38.698502
1.402000	35.728699
1.403000	35.728699
1.404000	35.728699
1.405000	35.728699
1.406000	35.728699
1.407000	35.728699
1.408000	38.698502
1.409000	35.728699
1.410000	38.698502
1.411000	38.698502
1.412000	38.698502
1.413000	38.698502
1.414000	35.728699
1.415000	38.698502
1.416000	38.698502
1.417000	35.728699
1.418000	38.698502
1.419000	38.698502
1.420000	38.698502
1.421000	38.698502
1.422000	38.698502
1.423000	32.758900
1.424000	38.698502
1.425000	35.728699
1.426000	38.698502
1.427000	35.728699
1.428000	38.698502
1.429000	38.698502
1.430000	38.698502
1.431000	38.698502
1.432000	32.758900
1.433000	35.728699
1.434000	38.698502
1.435000	38.698502
1.436000	35.728699
1.437000	35.728699
1.438000	32.758900
1.439000	35.728699
1.440000	35.728699
1.441000	38.698502
1.442000	38.698502
1.443000	38.698502
1.444000	35.728699
1.445000	35.728699
1.446000	32.758900
1.447000	35.728699
1.448000	35.728699
1.449000	35.728699
1.450000	35.728699
1.451000	35.728699
1.452000	38.698502
1.453000	38.698502
1.454000	32.758900
1.455000	38.698502
1.456000	35.728699
1.457000	38.698502
1.458000	38.698502
1.459000	35.728699
1.460000	38.698502
1.461000	38.698502
1.462000	35.728699
1.463000	38.698502
1.464000	35.728699
1.465000	35.728699
1.466000	38.698502
1.467000	35.728699
1.468000	35.728699
1.469000	35.728699
1.470000	38.698502
1.471000	38.698502
1.472000	35.728699
1.473000	35.728699
1.474000	35.728699
1.475000	35.728699
1.476000	38.698502
1.477000	41.674301
1.478000	38.698502
1.479000	35.728699
1.480000	35.728699
1.481000	32.758900
1.482000	38.698502
1.483000	38.698502
1.484000	35.728699
1.485000	38.698502
1.486000	35.728699
1.487000	38.698502
1.488000	38.698502
1.489000	35.728699
1.490000	41.674301
1.491000	38.698502
1.492000	38.698502
1.493000	38.698502
1.494000	38.698502
1.495000	38.698502
1.496000	38.698502
1.497000	38.698502
1.498000	41.674301
1.499000	35.728699
1.500000	38.698502
1.501000	41.674301
1.502000	38.698502
1.503000	38.698502
1.504000	38.698502
1.505000	38.698502
1.506000	35.728699
1.507000	38.698502
1.508000	38.698502
1.509000	38.698502
1.510000	35.728699
1.511000	38.698502
1.512000	41.674301
1.513000	35.728699
1.514000	32.758900
1.515000	35.728699
1.516000	35.728699
1.517000	35.728699
1.518000	38.698502
1.519000	38.698502
1.520000	35.728699
1.521000	35.728699
1.522000	35.728699
1.523000	38.698502
1.524000	35.728699
1.525000	38.698502
1.526000	35.728699
1.527000	38.698502
1.528000	44.644100
1.529000	38.698502
1.530000	38.698502
1.531000	35.728699
1.532000	35.728699
1.533000	32.758900
1.534000	38.698502
1.535000	35.728699
1.536000	35.728699
1.537000	35.728699
1.538000	38.698502
1.539000	38.698502
1.540000	38.698502
1.541000	35.728699
1.542000	35.728699
1.543000	35.728699
1.544000	38.698502
1.545000	35.728699
1.546000	32.758900
1.547000	38.698502
1.548000	35.728699
1.549000	38.698502
1.550000	38.698502
1.551000	38.698502
1.552000	38.698502
1.553000	32.758900
1.554000	35.728699
1.555000	38.698502
1.556000	38.698502
1.557000	35.728699
1.558000	35.728699
1.559000	38.698502
1.560000	38.698502
1.561000	38.698502
1.562000	35.728699
1.563000	38.698502
1.564000	38.698502
1.565000	35.728699
1.566000	38.698502
1.567000	35.728699
1.568000	35.728699
1.569000	35.728699
1.570000	35.728699
1.571000	38.698502
1.572000	38.698502
1.573000	35.728699
1.574000	38.698502
1.575000	32.758900
1.576000	35.728699
1.577000	38.698502
1.578000	35.728699
1.579000	35.728699
1.580000	38.698502
1.581000	38.698502
1.582000	35.728699
1.583000	38.698502
1.584000	38.698502
1.585000	32.758900
1.586000	35.728699
1.587000	32.758900
1.588000	32.758900
1.589000	38.698502
1.590000	38.698502
1.591000	38.698502
1.592000	32.758900
1.593000	38.698502
1.594000	35.728699
1.595000	38.698502
1.596000	35.728699
1.597000	38.698502
1.598000	35.728699
1.599000	38.698502
1.600000	35.728699
1.601000	38.698502
1.602000	32.758900
1.603000	35.728699
1.604000	35.728699
1.605000	38.698502
1.606000	35.728699
1.607000	38.698502
1.608000	35.728699
1.609000	38.698502
1.610000	35.728699
1.611000	38.698502
1.612000	35.728699
1.613000	38.698502
1.614000	38.698502
1.615000	38.698502
1.616000	35.728699
1.617000	35.728699
1.618000	32.758900
1.619000	32.758900
1.620000	35.728699
1.621000	35.728699
1.622000	35.728699
1.623000	38.698502
1.624000	38.698502
1.625000	35.728699
1.626000	35.728699
1.627000	38.698502
1.628000	38.698502
1.629000	38.698502
1.630000	35.728699
1.631000	38.698502
1.632000	38.698502
1.633000	35.728699
1.634000	38.698502
1.635000	35.728699
1.636000	38.698502
1.637000	35.728699
1.638000	38.698502
1.639000	38.698502
1.640000	35.728699
1.641000	38.698502
1.642000	38.698502
1.643000	41.674301
1.644000	38.698502
1.645000	38.698502
1.646000	38.698502
1.647000	35.728699
1.648000	35.728699
1.649000	38.698502
1.650000	35.728699
1.651000	38.698502
1.652000	41.674301
1.653000	35.728699
1.654000	38.698502
1.655000	35.728699
1.656000	38.698502
1.657000	35.728699
1.658000	38.698502
1.659000	38.698502
1.660000	35.728699
1.661000	38.698502
1.662000	41.674301
1.663000	35.728699
1.664000	35.728699
1.665000	35.728699
1.666000	35.728699
1.667000	38.698502
1.668000	38.698502
1.669000	35.728699
1.670000	35.728699
1.671000	38.698502
1.672000	35.728699
1.673000	32.758900
1.674000	38.698502
1.675000	41.674301
1.676000	35.728699
1.677000	38.698502
1.678000	41.674301
1.679000	41.674301
1.680000	38.698502
1.681000	38.698502
1.682000	38.698502
1.683000	38.698502
1.684000	35.728699
1.685000	35.728699
1.686000	38.698502
1.687000	38.698502
1.688000	38.698502
1.689000	38.698502
1.690000	41.674301
1.691000	35.728699
1.692000	35.728699
1.693000	38.698502
1.694000	35.728699
1.695000	38.698502
1.696000	38.698502
1.697000	35.728699
1.698000	35.728699
1.699000	35.728699
1.700000	35.728699
1.701000	35.728699
1.702000	35.728699
1.703000	38.698502
1.704000	38.698502
1.705000	35.728699
1.706000	38.698502
1.707000	38.698502
1.708000	38.698502
1.709000	38.698502
1.710000	35.728699
1.711000	38.698502
1.712000	38.698502
1.713000	32.758900
1.714000	32.758900
1.715000	38.698502
1.716000	32.758900
1.717000	35.728699
1.718000	38.698502
1.719000	35.728699
1.720000	35.728699
1.721000	35.728699
1.722000	38.698502
1.723000	35.728699
1.724000	38.698502
1.725000	35.728699
1.726000	38.698502
1.727000	35.728699
1.728000	35.728699
1.729000	38.698502
1.730000	35.728699
1.731000	38.698502
1.732000	32.758900
1.733000	38.698502
1.734000	35.728699
1.735000	32.758900
1.736000	35.728699
1.737000	38.698502
1.738000	38.698502
1.739000	32.758900
1.740000	38.698502
1.741000	38.698502
1.742000	38.698502
1.743000	38.698502
1.744000	38.698502
1.745000	38.698502
1.746000	38.698502
1.747000	38.698502
1.748000	35.728699
1.749000	38.698502
1.750000	35.728699
1.751000	35.728699
1.752000	32.758900
1.753000	32.758900
1.754000	35.728699
1.755000	35.728699
1.756000	35.728699
1.757000	35.728699
1.758000	38.698502
1.759000	35.728699
1.760000	38.698502
1.761000	32.758900
1.762000	38.698502
1.763000	35.728699
1.764000	35.728699
1.765000	38.698502
1.766000	35.728699
1.767000	38.698502
1.768000	38.698502
1.769000	38.698502
1.770000	32.758900
1.771000	38.698502
1.772000	38.698502
1.773000	35.728699
1.774000	35.728699
1.775000	38.698502
1.776000	35.728699
1.777000	35.728699
1.778000	38.698502
1.779000	35.728699
1.780000	32.758900
1.781000	35.728699
1.782000	35.728699
1.783000	38.698502
1.784000	35.728699
1.785000	35.728699
1.786000	35.728699
1.787000	38.698502
1.788000	35.728699
1.789000	38.698502
1.790000	38.698502
1.791000	35.728699
1.792000	35.728699
1.793000	35.728699
1.794000	38.698502
1.795000	35.728699
1.796000	41.674301
1.797000	35.728699
1.798000	38.698502
1.799000	32.758900
1.800000	35.728699
1.801000	38.698502
1.802000	32.758900
1.803000	35.728699
1.804000	38.698502
1.805000	38.698502
1.806000	35.728699
1.807000	38.698502
1.808000	41.674301
1.809000	35.728699
1.810000	41.674301
1.811000	35.728699
1.812000	38.698502
1.813000	38.698502
1.814000	35.728699
1.815000	38.698502
1.816000	35.728699
1.817000	38.698502
1.818000	38.698502
1.819000	35.728699
1.820000	32.758900
1.821000	32.758900
1.822000	32.758900
1.823000	35.728699
1.824000	32.758900
1.825000	38.698502
1.826000	35.728699
1.827000	35.728699
1.828000	41.674301
1.829000	35.728699
1.830000	35.728699
1.831000	38.698502
1.832000	38.698502
1.833000	32.758900
1.834000	35.728699
1.835000	32.758900
1.836000	41.674301
1.837000	38.698502
1.838000	32.758900
1.839000	35.728699
1.840000	35.728699
1.841000	38.698502
1.842000	35.728699
1.843000	35.728699
1.844000	38.698502
1.845000	35.728699
1.846000	38.698502
1.847000	38.698502
1.848000	32.758900
1.849000	38.698502
1.850000	35.728699
1.851000	35.728699
1.852000	32.758900
1.853000	35.728699
1.854000	38.698502
1.855000	35.728699
1.856000	35.728699
1.857000	35.728699
1.858000	35.728699
1.859000	35.728699
1.860000	38.698502
1.861000	35.728699
1.862000	41.674301
1.863000	38.698502
1.864000	38.698502
1.865000	35.728699
1.866000	38.698502
1.867000	38.698502
1.868000	35.728699
1.869000	35.728699
1.870000	35.728699
1.871000	35.728699
1.872000	38.698502
1.873000	41.674301
1.874000	32.758900
1.875000	35.728699
1.876000	38.698502
1.877000	38.698502
1.878000	35.728699
1.879000	38.698502
1.880000	38.698502
1.881000	35.728699
1.882000	35.728699
1.883000	35.728699
1.884000	38.698502
1.885000	35.728699
1.886000	38.698502
1.887000	32.758900
1.888000	35.728699
1.889000	38.698502
1.890000	35.728699
1.891000	38.698502
1.892000	35.728699
1.893000	38.698502
1.894000	35.728699
1.895000	35.728699
1.896000	35.728699
1.897000	35.728699
1.898000	35.728699
1.899000	35.728699
1.900000	38.698502
1.901000	38.698502
1.902000	38.698502
1.903000	35.728699
1.904000	35.728699
1.905000	35.728699
1.906000	38.698502
1.907000	35.728699
1.908000	35.728699
1.909000	38.698502
1.910000	38.698502
1.911000	41.674301
1.912000	35.728699
1.913000	38.698502
1.914000	35.728699
1.915000	32.758900
1.916000	32.758900
1.917000	38.698502
1.918000	35.728699
1.919000	35.728699
1.920000	35.728699
1.921000	35.728699
1.922000	35.728699
1.923000	32.758900
1.924000	35.728699
1.925000	38.698502
1.926000	35.728699
1.927000	38.698502
1.928000	38.698502
1.929000	35.728699
1.930000	38.698502
1.931000	38.698502
1.932000	32.758900
1.933000	32.758900
1.934000	35.728699
1.935000	32.758900
1.936000	38.698502
1.937000	35.728699
1.938000	35.728699
1.939000	38.698502
1.940000	41.674301
1.941000	38.698502
1.942000	35.728699
1.943000	38.698502
1.944000	35.728699
1.945000	38.698502
1.946000	35.728699
1.947000	35.728699
1.948000	35.728699
1.949000	35.728699
1.950000	38.698502
1.951000	35.728699
1.952000	35.728699
1.953000	32.758900
1.954000	38.698502
1.955000	35.728699
1.956000	35.728699
1.957000	35.728699
1.958000	35.728699
1.959000	35.728699
1.960000	35.728699
1.961000	38.698502
1.962000	35.728699
1.963000	38.698502
1.964000	35.728699
1.965000	35.728699
1.966000	32.758900
1.967000	38.698502
1.968000	35.728699
1.969000	32.758900
1.970000	35.728699
1.971000	35.728699
1.972000	38.698502
1.973000	35.728699
1.974000	38.698502
1.975000	35.728699
1.976000	35.728699
1.977000	35.728699
1.978000	35.728699
1.979000	35.728699
1.980000	35.728699
1.981000	38.698502
1.982000	35.728699
1.983000	41.674301
1.984000	38.698502
1.985000	38.698502
1.986000	35.728699
1.987000	35.728699
1.988000	35.728699
1.989000	38.698502
1.990000	35.728699
1.991000	35.728699
1.992000	38.698502
1.993000	38.698502
1.994000	38.698502
1.995000	38.698502
1.996000	35.728699
1.997000	41.674301
1.998000	35.728699
1.999000	35.728699
2.000000	32.758900
2.001000	32.758900
2.002000	38.698502
2.003000	41.674301
2.004000	32.758900
2.005000	35.728699
2.006000	35.728699
2.007000	32.758900
2.008000	41.674301
2.009000	38.698502
2.010000	38.698502
2.011000	38.698502
2.012000	38.698502
2.013000	35.728699
2.014000	35.728699
2.015000	35.728699
2.016000	35.728699
2.017000	38.698502
2.018000	35.728699
2.019000	35.728699
2.020000	32.758900
2.021000	35.728699
2.022000	38.698502
2.023000	35.728699
2.024000	35.728699
2.025000	32.758900
2.026000	38.698502
2.027000	32.758900
2.028000	35.728699
2.029000	35.728699
2.030000	38.698502
2.031000	35.728699
2.032000	35.728699
2.033000	32.758900
2.034000	41.674301
2.035000	38.698502
2.036000	32.758900
2.037000	35.728699
2.038000	35.728699
2.039000	35.728699
2.040000	38.698502
2.041000	35.728699
2.042000	38.698502
2.043000	35.728699
2.044000	35.728699
2.045000	38.698502
2.046000	38.698502
2.047000	35.728699
2.048000	35.728699
2.049000	35.728699
2.050000	35.728699
2.051000	38.698502
2.052000	35.728699
2.053000	35.728699
2.054000	32.758900
2.055000	35.728699
2.056000	32.758900
2.057000	35.728699
2.058000	38.698502
2.059000	35.728699
2.060000	38.698502
2.061000	35.728699
2.062000	35.728699
2.063000	32.758900
2.064000	35.728699
2.065000	35.728699
2.066000	35.728699
2.067000	38.698502
2.068000	32.758900
2.069000	35.728699
2.070000	32.758900
2.071000	35.728699
2.072000	38.698502
2.073000	35.728699
2.074000	35.728699
2.075000	35.728699
2.076000	35.728699
2.077000	35.728699
2.078000	38.698502
2.079000	44.644100
2.080000	38.698502
2.081000	32.758900
2.082000	35.728699
2.083000	35.728699
2.084000	35.728699
2.085000	32.758900
2.086000	35.728699
2.087000	35.728699
2.088000	35.728699
2.089000	35.728699
2.090000	38.698502
2.091000	32.758900
2.092000	38.698502
2.093000	38.698502
2.094000	38.698502
2.095000	38.698502
2.096000	38.698502
2.097000	35.728699
2.098000	35.728699
2.099000	32.758900
2.100000	38.698502
2.101000	35.728699
2.102000	35.728699
2.103000	38.698502
2.104000	32.758900
2.105000	38.698502
2.106000	35.728699
2.107000	38.698502
2.108000	38.698502
2.109000	35.728699
2.110000	38.698502
2.111000	35.728699
2.112000	35.728699
2.113000	38.698502
2.114000	38.698502
2.115000	35.728699
2.116000	38.698502
2.117000	32.758900
2.118000	38.698502
2.119000	29.789101
2.120000	35.728699
2.121000	38.698502
2.122000	32.758900
2.123000	35.728699
2.124000	38.698502
2.125000	38.698502
2.126000	32.758900
2.127000	29.789101
2.128000	29.789101
2.129000	29.789101
2.130000	35.728699
2.131000	20.873699
2.132000	23.843500
2.133000	32.758900
2.134000	41.674301
2.135000	41.674301
2.136000	38.698502
2.137000	47.613899
2.138000	50.589802
2.139000	47.613899
2.140000	41.674301
2.141000	44.644100
2.142000	44.644100
2.143000	44.644100
2.144000	38.698502
2.145000	41.674301
2.146000	38.698502
2.147000	32.758900
2.148000	32.758900
2.149000	32.758900
2.150000	35.728699
2.151000	38.698502
2.152000	38.698502
2.153000	35.728699
2.154000	29.789101
2.155000	35.728699
2.156000	35.728699
2.157000	35.728699
2.158000	32.758900
2.159000	38.698502
2.160000	35.728699
2.161000	29.789101
2.162000	32.758900
2.163000	26.813200
2.164000	32.758900
2.165000	26.813200
2.166000	26.813200
2.167000	32.758900
2.168000	35.728699
2.169000	29.789101
2.170000	29.789101
2.171000	29.789101
2.172000	32.758900
2.173000	32.758900
2.174000	29.789101
2.175000	35.728699
2.176000	32.758900
2.177000	35.728699
2.178000	35.728699
2.179000	35.728699
2.180000	32.758900
2.181000	35.728699
2.182000	35.728699
2.183000	35.728699
2.184000	38.698502
2.185000	38.698502
2.186000	38.698502
2.187000	38.698502
2.188000	38.698502
2.189000	38.698502
2.190000	38.698502
2.191000	35.728699
2.192000	32.758900
2.193000	38.698502
2.194000	35.728699
2.195000	41.674301
2.196000	35.728699
2.197000	38.698502
2.198000	32.758900
2.199000	35.728699
2.200000	35.728699
2.201000	32.758900
2.202000	38.698502
2.203000	35.728699
2.204000	35.728699
2.205000	32.758900
2.206000	32.758900
2.207000	32.758900
2.208000	32.758900
2.209000	35.728699
2.210000	32.758900
2.211000	35.728699
2.212000	32.758900
2.213000	32.758900
2.214000	29.789101
2.215000	35.728699
2.216000	29.789101
2.217000	26.813200
2.218000	32.758900
2.219000	32.758900
2.220000	32.758900
2.221000	29.789101
2.222000	35.728699
2.223000	32.758900
2.224000	32.758900
2.225000	29.789101
2.226000	35.728699
2.227000	38.698502
2.228000	32.758900
2.229000	38.698502
2.230000	29.789101
2.231000	32.758900
2.232000	32.758900
2.233000	41.674301
2.234000	38.698502
2.235000	35.728699
2.236000	35.728699
2.237000	35.728699
2.238000	41.674301
2.239000	32.758900
2.240000	35.728699
2.241000	35.728699
2.242000	38.698502
2.243000	35.728699
2.244000	32.758900
2.245000	38.698502
2.246000	38.698502
2.247000	35.728699
2.248000	29.789101
2.249000	35.728699
2.250000	35.728699
2.251000	35.728699
2.252000	32.758900
2.253000	32.758900
2.254000	35.728699
2.255000	32.758900
2.256000	32.758900
2.257000	29.789101
2.258000	29.789101
2.259000	35.728699
2.260000	29.789101
2.261000	29.789101
2.262000	32.758900
2.263000	35.728699
2.264000	29.789101
2.265000	26.813200
2.266000	29.789101
2.267000	32.758900
2.268000	32.758900
2.269000	29.789101
2.270000	32.758900
2.271000	32.758900
2.272000	32.758900
2.273000	29.789101
2.274000	35.728699
2.275000	32.758900
2.276000	32.758900
2.277000	32.758900
2.278000	38.698502
2.279000	35.728699
2.280000	35.728699
2.281000	35.728699
2.282000	35.728699
2.283000	35.728699
2.284000	32.758900
2.285000	32.758900
2.286000	32.758900
2.287000	35.728699
2.288000	32.758900
2.289000	35.728699
2.290000	32.758900
2.291000	35.728699
2.292000	35.728699
2.293000	32.758900
2.294000	35.728699
2.295000	35.728699
2.296000	32.758900
2.297000	32.758900
2.298000	35.728699
2.299000	32.758900
2.300000	35.728699
2.301000	35.728699
2.302000	26.813200
2.303000	29.789101
2.304000	32.758900
2.305000	29.789101
2.306000	29.789101
2.307000	32.758900
2.308000	29.789101
2.309000	26.813200
2.310000	35.728699
2.311000	29.789101
2.312000	29.789101
2.313000	32.758900
2.314000	32.758900
2.315000	32.758900
2.316000	29.789101
2.317000	29.789101
2.318000	29.789101
2.319000	29.789101
2.320000	29.789101
2.321000	26.813200
2.322000	26.813200
2.323000	32.758900
2.324000	32.758900
2.325000	35.728699
2.326000	29.789101
2.327000	29.789101
2.328000	35.728699
2.329000	32.758900
2.330000	32.758900
2.331000	32.758900
2.332000	35.728699
2.333000	35.728699
2.334000	35.728699
2.335000	35.728699
2.336000	32.758900
2.337000	32.758900
2.338000	32.758900
2.339000	32.758900
2.340000	35.728699
2.341000	29.789101
2.342000	35.728699
2.343000	32.758900
2.344000	35.728699
2.345000	32.758900
2.346000	32.758900
2.347000	35.728699
2.348000	32.758900
2.349000	32.758900
2.350000	32.758900
2.351000	35.728699
2.352000	32.758900
2.353000	32.758900
2.354000	32.758900
2.355000	32.758900
2.356000	26.813200
2.357000	32.758900
2.358000	29.789101
2.359000	32.758900
2.360000	23.843500
2.361000	20.873699
2.362000	17.897800
2.363000	29.789101
2.364000	20.873699
2.365000	14.928000
2.366000	26.813200
2.367000	32.758900
2.368000	26.813200
2.369000	29.789101
2.370000	29.789101
2.371000	38.698502
2.372000	38.698502
2.373000	32.758900
2.374000	32.758900
2.375000	41.674301
2.376000	32.758900
2.377000	38.698502
2.378000	38.698502
2.379000	35.728699
2.380000	32.758900
2.381000	26.813200
2.382000	29.789101
2.383000	32.758900
2.384000	35.728699
2.385000	38.698502
2.386000	38.698502
2.387000	38.698502
2.388000	32.758900
2.389000	38.698502
2.390000	32.758900
2.391000	29.789101
2.392000	32.758900
2.393000	35.728699
2.394000	32.758900
2.395000	32.758900
2.396000	29.789101
2.397000	32.758900
2.398000	35.728699
2.399000	29.789101
2.400000	29.789101
2.401000	29.789101
2.402000	32.758900
2.403000	32.758900
2.404000	26.813200
2.405000	29.789101
2.406000	26.813200
2.407000	26.813200
2.408000	26.813200
2.409000	29.789101
2.410000	29.789101
2.411000	29.789101
2.412000	26.813200
2.413000	29.789101
2.414000	26.813200
2.415000	26.813200
2.416000	29.789101
2.417000	23.843500
2.418000	26.813200
2.419000	23.843500
2.420000	20.873699
2.421000	17.897800
2.422000	20.873699
2.423000	17.897800
2.424000	20.873699
2.425000	23.843500
2.426000	26.813200
2.427000	35.728699
2.428000	35.728699
2.429000	35.728699
2.430000	32.758900
2.431000	38.698502
2.432000	35.728699
2.433000	35.728699
2.434000	35.728699
2.435000	38.698502
2.436000	35.728699
2.437000	32.758900
2.438000	32.758900
2.439000	32.758900
2.440000	32.758900
2.441000	32.758900
2.442000	26.813200
2.443000	29.789101
2.444000	35.728699
2.445000	38.698502
2.446000	35.728699
2.447000	32.758900
2.448000	32.758900
2.449000	29.789101
2.450000	26.813200
2.451000	26.813200
2.452000	26.813200
2.453000	23.843500
2.454000	29.789101
2.455000	23.843500
2.456000	23.843500
2.457000	32.758900
2.458000	23.843500
2.459000	26.813200
2.460000	14.928000
2.461000	-2.902840
2.462000	23.843500
2.463000	14.928000
2.464000	-2.902840
2.465000	-8.842410
2.466000	6.012590
2.467000	8.988460
2.468000	14.928000
2.469000	14.928000
2.470000	23.843500
2.471000	32.758900
2.472000	35.728699
2.473000	32.758900
2.474000	32.758900
2.475000	41.674301
2.476000	35.728699
2.477000	44.644100
2.478000	38.698502
2.479000	41.674301
2.480000	32.758900
2.481000	29.789101
2.482000	32.758900
2.483000	32.758900
2.484000	38.698502
2.485000	44.644100
2.486000	44.644100
2.487000	38.698502
2.488000	47.613899
2.489000	44.644100
2.490000	35.728699
2.491000	32.758900
2.492000	32.758900
2.493000	35.728699
2.494000	32.758900
2.495000	32.758900
2.496000	26.813200
2.497000	23.843500
2.498000	20.873699
2.499000	17.897800
2.500000	14.928000
2.501000	14.928000
2.502000	17.897800
2.503000	20.873699
2.504000	14.928000
2.505000	11.958200
2.506000	20.873699
2.507000	20.873699
2.508000	20.873699
2.509000	14.928000
2.510000	14.928000
2.511000	17.897800
2.512000	17.897800
2.513000	14.928000
2.514000	11.958200
2.515000	14.928000
2.516000	14.928000
2.517000	20.873699
2.518000	17.897800
2.519000	20.873699
2.520000	23.843500
2.521000	23.843500
2.522000	29.789101
2.523000	26.813200
2.524000	26.813200
2.525000	29.789101
2.526000	29.789101
2.527000	29.789101
2.528000	32.758900
2.529000	32.758900
2.530000	29.789101
2.531000	32.758900
2.532000	32.758900
2.533000	32.758900
2.534000	29.789101
2.535000	32.758900
2.536000	32.758900
2.537000	29.789101
2.538000	35.728699
2.539000	29.789101
2.540000	32.758900
2.541000	26.813200
2.542000	26.813200
2.543000	26.813200
2.544000	23.843500
2.545000	26.813200
2.546000	23.843500
2.547000	20.873699
2.548000	20.873699
2.549000	26.813200
2.550000	17.897800
2.551000	14.928000
2.552000	17.897800
2.553000	20.873699
2.554000	17.897800
2.555000	17.897800
2.556000	14.928000
2.557000	14.928000
2.558000	20.873699
2.559000	14.928000
2.560000	11.958200
2.561000	17.897800
2.562000	17.897800
2.563000	14.928000
2.564000	17.897800
2.565000	20.873699
2.566000	17.897800
2.567000	14.928000
2.568000	17.897800
2.569000	17.897800
2.570000	17.897800
2.571000	20.873699
2.572000	20.873699
2.573000	20.873699
2.574000	23.843500
2.575000	23.843500
2.576000	23.843500
2.577000	20.873699
2.578000	23.843500
2.579000	26.813200
2.580000	26.813200
2.581000	29.789101
2.582000	23.843500
2.583000	29.789101
2.584000	23.843500
2.585000	26.813200
2.586000	23.843500
2.587000	23.843500
2.588000	23.843500
2.589000	29.789101
2.590000	26.813200
2.591000	23.843500
2.592000	20.873699
2.593000	20.873699
2.594000	20.873699
2.595000	20.873699
2.596000	17.897800
2.597000	17.897800
2.598000	17.897800
2.599000	20.873699
2.600000	14.928000
2.601000	14.928000
2.602000	11.958200
2.603000	14.928000
2.604000	8.988460
2.605000	14.928000
2.606000	17.897800
2.607000	14.928000
2.608000	14.928000
2.609000	14.928000
2.610000	14.928000
2.611000	14.928000
2.612000	14.928000
2.613000	11.958200
2.614000	14.928000
2.615000	14.928000
2.616000	14.928000
2.617000	14.928000
2.618000	11.958200
2.619000	14.928000
2.620000	14.928000
2.621000	14.928000
2.622000	14.928000
2.623000	20.873699
2.624000	20.873699
2.625000	14.928000
2.626000	23.843500
2.627000	23.843500
2.628000	20.873699
2.629000	20.873699
2.630000	20.873699
2.631000	17.897800
2.632000	20.873699
2.633000	17.897800
2.634000	20.873699
2.635000	23.843500
2.636000	23.843500
2.637000	20.873699
2.638000	20.873699
2.639000	20.873699
2.640000	20.873699
2.641000	20.873699
2.642000	20.873699
2.643000	23.843500
2.644000	20.873699
2.645000	14.928000
2.646000	17.897800
2.647000	14.928000
2.648000	17.897800
2.649000	14.928000
2.650000	14.928000
2.651000	14.928000
2.652000	8.988460
2.653000	11.958200
2.654000	11.958200
2.655000	11.958200
2.656000	11.958200
2.657000	14.928000
2.658000	14.928000
2.659000	11.958200
2.660000	14.928000
2.661000	17.897800
2.662000	14.928000
2.663000	14.928000
2.664000	14.928000
2.665000	14.928000
2.666000	11.958200
2.667000	11.958200
2.668000	17.897800
2.669000	14.928000
2.670000	11.958200
2.671000	17.897800
2.672000	14.928000
2.673000	14.928000
2.674000	17.897800
2.675000	20.873699
2.676000	17.897800
2.677000	20.873699
2.678000	20.873699
2.679000	14.928000
2.680000	23.843500
2.681000	17.897800
2.682000	17.897800
2.683000	17.897800
2.684000	20.873699
2.685000	20.873699
2.686000	20.873699
2.687000	20.873699
2.688000	17.897800
2.689000	20.873699
2.690000	23.843500
2.691000	17.897800
2.692000	17.897800
2.693000	17.897800
2.694000	17.897800
2.695000	17.897800
2.696000	14.928000
2.697000	11.958200
2.698000	14.928000
2.699000	8.988460
2.700000	11.958200
2.701000	11.958200
2.702000	14.928000
2.703000	8.988460
2.704000	8.988460
2.705000	11.958200
2.706000	11.958200
2.707000	11.958200
2.708000	11.958200
2.709000	11.958200
2.710000	8.988460
2.711000	11.958200
2.712000	14.928000
2.713000	8.988460
2.714000	8.988460
2.715000	11.958200
2.716000	14.928000
2.717000	11.958200
2.718000	14.928000
2.719000	14.928000
2.720000	8.988460
2.721000	11.958200
2.722000	14.928000
2.723000	14.928000
2.724000	14.928000
2.725000	17.897800
2.726000	17.897800
2.727000	11.958200
2.728000	17.897800
2.729000	17.897800
2.730000	20.873699
2.731000	20.873699
2.732000	17.897800
2.733000	20.873699
2.734000	17.897800
2.735000	17.897800
2.736000	17.897800
2.737000	20.873699
2.738000	14.928000
2.739000	14.928000
2.740000	14.928000
2.741000	14.928000
2.742000	14.928000
2.743000	14.928000
2.744000	11.958200
2.745000	14.928000
2.746000	17.897800
2.747000	8.988460
2.748000	11.958200
2.749000	11.958200
2.750000	8.988460
2.751000	11.958200
2.752000	11.958200
2.753000	6.012590
2.754000	8.988460
2.755000	8.988460
2.756000	8.988460
2.757000	8.988460
2.758000	8.988460
2.759000	8.988460
2.760000	8.988460
2.761000	11.958200
2.762000	11.958200
2.763000	14.928000
2.764000	14.928000
2.765000	11.958200
2.766000	11.958200
2.767000	11.958200
2.768000	14.928000
2.769000	14.928000
2.770000	14.928000
2.771000	11.958200
2.772000	11.958200
2.773000	14.928000
2.774000	14.928000
2.775000	17.897800
2.776000	14.928000
2.777000	17.897800
2.778000	14.928000
2.779000	17.897800
2.780000	11.958200
2.781000	14.928000
2.782000	17.897800
2.783000	14.928000
2.784000	14.928000
2.785000	11.958200
2.786000	11.958200
2.787000	8.988460
2.788000	14.928000
2.789000	8.988460
2.790000	11.958200
2.791000	11.958200
2.792000	8.988460
2.793000	11.958200
2.794000	14.928000
2.795000	14.928000
2.796000	11.958200
2.797000	11.958200
2.798000	8.988460
2.799000	11.958200
2.800000	11.958200
2.801000	6.012590
2.802000	11.958200
2.803000	8.988460
2.804000	8.988460
2.805000	8.988460
2.806000	11.958200
2.807000	8.988460
2.808000	11.958200
2.809000	11.958200
2.810000	11.958200
2.811000	14.928000
2.812000	17.897800
2.813000	14.928000
2.814000	11.958200
2.815000	14.928000
2.816000	14.928000
2.817000	14.928000
2.818000	17.897800
2.819000	14.928000
2.820000	17.897800
2.821000	11.958200
2.822000	14.928000
2.823000	14.928000
2.824000	14.928000
2.825000	17.897800
2.826000	14.928000
2.827000	20.873699
2.828000	17.897800
2.829000	17.897800
2.830000	14.928000
2.831000	17.897800
2.832000	20.873699
2.833000	14.928000
2.834000	14.928000
2.835000	14.928000
2.836000	14.928000
2.837000	14.928000
2.838000	14.928000
2.839000	14.928000
2.840000	14.928000
2.841000	14.928000
2.842000	11.958200
2.843000	17.897800
2.844000	14.928000
2.845000	14.928000
2.846000	14.928000
2.847000	11.958200
2.848000	11.958200
2.849000	11.958200
2.850000	11.958200
2.851000	14.928000
2.852000	8.988460
2.853000	8.988460
2.854000	14.928000
2.855000	8.988460
2.856000	8.988460
2.857000	14.928000
2.858000	14.928000
2.859000	11.958200
2.860000	8.988460
2.861000	11.958200
2.862000	11.958200
2.863000	11.958200
2.864000	11.958200
2.865000	11.958200
2.866000	8.988460
2.867000	11.958200
2.868000	14.928000
2.869000	14.928000
2.870000	11.958200
2.871000	14.928000
2.872000	17.897800
2.873000	14.928000
2.874000	14.928000
2.875000	14.928000
2.876000	17.897800
2.877000	17.897800
2.878000	17.897800
2.879000	11.958200
2.880000	14.928000
2.881000	20.873699
2.882000	14.928000
2.883000	14.928000
2.884000	14.928000
2.885000	14.928000
2.886000	11.958200
2.887000	14.928000
2.888000	14.928000
2.889000	11.958200
2.890000	14.928000
2.891000	14.928000
2.892000	11.958200
2.893000	14.928000
2.894000	14.928000
2.895000	14.928000
2.896000	17.897800
2.897000	14.928000
2.898000	8.988460
2.899000	11.958200
2.900000	8.988460
2.901000	11.958200
2.902000	11.958200
2.903000	8.988460
2.904000	8.988460
2.905000	11.958200
2.906000	14.928000
2.907000	11.958200
2.908000	8.988460
2.909000	11.958200
2.910000	14.928000
2.911000	11.958200
2.912000	14.928000
2.913000	11.958200
2.914000	14.928000
2.915000	14.928000
2.916000	11.958200
2.917000	11.958200
2.918000	11.958200
2.919000	14.928000
2.920000	11.958200
2.921000	14.928000
2.922000	14.928000
2.923000	14.928000
2.924000	14.928000
2.925000	11.958200
2.926000	14.928000
2.927000	17.897800
2.928000	17.897800
2.929000	14.928000
2.930000	14.928000
2.931000	17.897800
2.932000	14.928000
2.933000	11.958200
2.934000	11.958200
2.935000	14.928000
2.936000	8.988460
2.937000	14.928000
2.938000	14.928000
2.939000	11.958200
2.940000	11.958200
2.941000	14.928000
2.942000	11.958200
2.943000	14.928000
2.944000	14.928000
2.945000	14.928000
2.946000	11.958200
2.947000	8.988460
2.948000	11.958200
2.949000	11.958200
2.950000	8.988460
2.951000	11.958200
2.952000	8.988460
2.953000	11.958200
2.954000	8.988460
2.955000	14.928000
2.956000	8.988460
2.957000	11.958200
2.958000	11.958200
2.959000	14.928000
2.960000	14.928000
2.961000	11.958200
2.962000	14.928000
2.963000	14.928000
2.964000	11.958200
2.965000	8.988460
2.966000	14.928000
2.967000	14.928000
2.968000	11.958200
2.969000	14.928000
2.970000	14.928000
2.971000	14.928000
2.972000	14.928000
2.973000	11.958200
2.974000	14.928000
2.975000	17.897800
2.976000	14.928000
2.977000	14.928000
2.978000	17.897800
2.979000	14.928000
2.980000	17.897800
2.981000	8.988460
2.982000	14.928000
2.983000	14.928000
2.984000	17.897800
2.985000	11.958200
2.986000	14.928000
2.987000	14.928000
2.988000	14.928000
2.989000	17.897800
2.990000	17.897800
2.991000	14.928000
2.992000	11.958200
2.993000	17.897800
2.994000	14.928000
2.995000	14.928000
2.996000	14.928000
2.997000	11.958200
2.998000	14.928000
2.999000	11.958200
3.000000	11.958200
3.001000	11.958200
3.002000	14.928000
3.003000	11.958200
3.004000	11.958200
3.005000	14.928000
3.006000	11.958200
3.007000	14.928000
3.008000	11.958200
3.009000	11.958200
3.010000	11.958200
3.011000	8.988460
3.012000	14.928000
3.013000	11.958200
3.014000	17.897800
3.015000	11.958200
3.016000	11.958200
3.017000	14.928000
3.018000	11.958200
3.019000	14.928000
3.020000	14.928000
3.021000	14.928000
3.022000	17.897800
3.023000	14.928000
3.024000	14.928000
3.025000	11.958200
3.026000	11.958200
3.027000	17.897800
3.028000	14.928000
3.029000	11.958200
3.030000	14.928000
3.031000	14.928000
3.032000	17.897800
3.033000	14.928000
3.034000	14.928000
3.035000	8.988460
3.036000	14.928000
3.037000	14.928000
3.038000	17.897800
3.039000	14.928000
3.040000	17.897800
3.041000	14.928000
3.042000	11.958200
3.043000	17.897800
3.044000	11.958200
3.045000	14.928000
3.046000	14.928000
3.047000	11.958200
3.048000	14.928000
3.049000	17.897800
3.050000	14.928000
3.051000	11.958200
3.052000	8.988460
3.053000	11.958200
3.054000	11.958200
3.055000	11.958200
3.056000	14.928000
3.057000	11.958200
3.058000	14.928000
3.059000	14.928000
3.060000	14.928000
3.061000	14.928000
3.062000	14.928000
3.063000	14.928000
3.064000	11.958200
3.065000	11.958200
3.066000	11.958200
3.067000	11.958200
3.068000	14.928000
3.069000	11.958200
3.070000	11.958200
3.071000	11.958200
3.072000	11.958200
3.073000	11.958200
3.074000	11.958200
3.075000	17.897800
3.076000	8.988460
3.077000	14.928000
3.078000	11.958200
3.079000	14.928000
3.080000	11.958200
3.081000	11.958200
3.082000	11.958200
3.083000	14.928000
3.084000	14.928000
3.085000	11.958200
3.086000	14.928000
3.087000	14.928000
3.088000	11.958200
3.089000	11.958200
3.090000	14.928000
3.091000	8.988460
3.092000	11.958200
3.093000	14.928000
3.094000	14.928000
3.095000	14.928000
3.096000	11.958200
3.097000	14.928000
3.098000	11.958200
3.099000	17.897800
3.100000	8.988460
3.101000	11.958200
3.102000	11.958200
3.103000	8.988460
3.104000	11.958200
3.105000	14.928000
3.106000	17.897800
3.107000	11.958200
3.108000	17.897800
3.109000	11.958200
3.110000	17.897800
3.111000	14.928000
3.112000	14.928000
3.113000	14.928000
3.114000	11.958200
3.115000	8.988460
3.116000	14.928000
3.117000	14.928000
3.118000	11.958200
3.119000	14.928000
3.120000	11.958200
3.121000	14.928000
3.122000	14.928000
3.123000	14.928000
3.124000	17.897800
3.125000	14.928000
3.126000	14.928000
3.127000	14.928000
3.128000	14.928000
3.129000	14.928000
3.130000	17.897800
3.131000	17.897800
3.132000	11.958200
3.133000	14.928000
3.134000	11.958200
3.135000	17.897800
3.136000	14.928000
3.137000	11.958200
3.138000	14.928000
3.139000	8.988460
3.140000	14.928000
3.141000	14.928000
3.142000	11.958200
3.143000	11.958200
3.144000	14.928000
3.145000	17.897800
3.146000	11.958200
3.147000	11.958200
3.148000	17.897800
3.149000	14.928000
3.150000	11.958200
3.151000	14.928000
3.152000	8.988460
3.153000	14.928000
3.154000	14.928000
3.155000	11.958200
3.156000	11.958200
3.157000	14.928000
3.158000	14.928000
3.159000	14.928000
3.160000	8.988460
3.161000	14.928000
3.162000	11.958200
3.163000	14.928000
3.164000	11.958200
3.165000	14.928000
3.166000	11.958200
3.167000	14.928000
3.168000	14.928000
3.169000	14.928000
3.170000	14.928000
3.171000	11.958200
3.172000	14.928000
3.173000	11.958200
3.174000	11.958200
3.175000	11.958200
3.176000	11.958200
3.177000	11.958200
3.178000	8.988460
3.179000	11.958200
3.180000	11.958200
3.181000	11.958200
3.182000	14.928000
3.183000	8.988460
3.184000	14.928000
3.185000	11.958200
3.186000	8.988460
3.187000	11.958200
3.188000	14.928000
3.189000	14.928000
3.190000	11.958200
3.191000	11.958200
3.192000	14.928000
3.193000	11.958200
3.194000	11.958200
3.195000	11.958200
3.196000	11.958200
3.197000	14.928000
3.198000	11.958200
3.199000	14.928000
3.200000	14.928000
3.201000	11.958200
3.202000	14.928000
3.203000	14.928000
3.204000	11.958200
3.205000	11.958200
3.206000	14.928000
3.207000	11.958200
3.208000	14.928000
3.209000	14.928000
3.210000	14.928000
3.211000	11.958200
3.212000	17.897800
3.213000	11.958200
3.214000	14.928000
3.215000	14.928000
3.216000	14.928000
3.217000	14.928000
3.218000	14.928000
3.219000	11.958200
3.220000	11.958200
3.221000	11.958200
3.222000	14.928000
3.223000	8.988460
3.224000	11.958200
3.225000	11.958200
3.226000	14.928000
3.227000	14.928000
3.228000	14.928000
3.229000	14.928000
3.230000	14.928000
3.231000	11.958200
3.232000	8.988460
3.233000	14.928000
3.234000	11.958200
3.235000	14.928000
3.236000	14.928000
3.237000	8.988460
3.238000	11.958200
3.239000	11.958200
3.240000	11.958200
3.241000	14.928000
3.242000	14.928000
3.243000	11.958200
3.244000	17.897800
3.245000	11.958200
3.246000	14.928000
3.247000	11.958200
3.248000	14.928000
3.249000	14.928000
3.250000	14.928000
3.251000	11.958200
3.252000	11.958200
3.253000	11.958200
3.254000	14.928000
3.255000	14.928000
3.256000	11.958200
3.257000	11.958200
3.258000	8.988460
3.259000	11.958200
3.260000	14.928000
3.261000	14.928000
3.262000	14.928000
3.263000	14.928000
3.264000	11.958200
3.265000	14.928000
3.266000	14.928000
3.267000	11.958200
3.268000	11.958200
3.269000	11.958200
3.270000	14.928000
3.271000	14.928000
3.272000	14.928000
3.273000	17.897800
3.274000	14.928000
3.275000	14.928000
3.276000	11.958200
3.277000	11.958200
3.278000	11.958200
3.279000	14.928000
3.280000	14.928000
3.281000	8.988460
3.282000	11.958200
3.283000	11.958200
3.284000	14.928000
3.285000	11.958200
3.286000	11.958200
3.287000	14.928000
3.288000	11.958200
3.289000	14.928000
3.290000	11.958200
3.291000	11.958200
3.292000	14.928000
3.293000	14.928000
3.294000	11.958200
3.295000	14.928000
3.296000	11.958200
3.297000	11.958200
3.298000	11.958200
3.299000	8.988460
3.300000	14.928000
3.301000	11.958200
3.302000	14.928000
3.303000	11.958200
3.304000	11.958200
3.305000	14.928000
3.306000	14.928000
3.307000	8.988460
3.308000	8.988460
3.309000	14.928000
3.310000	11.958200
3.311000	14.928000
3.312000	14.928000
3.313000	14.928000
3.314000	14.928000
3.315000	14.928000
3.316000	14.928000
3.317000	14.928000
3.318000	11.958200
3.319000	14.928000
3.320000	14.928000
3.321000	14.928000
3.322000	14.928000
3.323000	11.958200
3.324000	14.928000
3.325000	14.928000
3.326000	14.928000
3.327000	14.928000
3.328000	14.928000
3.329000	14.928000
3.330000	11.958200
3.331000	14.928000
3.332000	14.928000
3.333000	14.928000
3.334000	11.958200
3.335000	11.958200
3.336000	11.958200
3.337000	11.958200
3.338000	14.928000
3.339000	14.928000
3.340000	8.988460
3.341000	14.928000
3.342000	11.958200
3.343000	14.928000
3.344000	11.958200
3.345000	11.958200
3.346000	11.958200
3.347000	11.958200
3.348000	11.958200
3.349000	8.988460
3.350000	14.928000
3.351000	8.988460
3.352000	14.928000
3.353000	11.958200
3.354000	8.988460
3.355000	8.988460
3.356000	14.928000
3.357000	14.928000
3.358000	14.928000
3.359000	14.928000
3.360000	11.958200
3.361000	14.928000
3.362000	11.958200
3.363000	11.958200
3.364000	11.958200
3.365000	11.958200
3.366000	8.988460
3.367000	11.958200
3.368000	11.958200
3.369000	14.928000
3.370000	14.928000
3.371000	8.988460
3.372000	11.958200
3.373000	14.928000
3.374000	11.958200
3.375000	8.988460
3.376000	14.928000
3.377000	11.958200
3.378000	11.958200
3.379000	8.988460
3.380000	11.958200
3.381000	8.988460
3.382000	8.988460
3.383000	11.958200
3.384000	14.928000
3.385000	11.958200
3.386000	8.988460
3.387000	8.988460
3.388000	8.988460
3.389000	8.988460
3.390000	11.958200
3.391000	8.988460
3.392000	14.928000
3.393000	14.928000
3.394000	14.928000
3.395000	11.958200
3.396000	14.928000
3.397000	11.958200
3.398000	11.958200
3.399000	14.928000
3.400000	8.988460
3.401000	17.897800
3.402000	14.928000
3.403000	14.928000
3.404000	11.958200
3.405000	11.958200
3.406000	11.958200
3.407000	11.958200
3.408000	11.958200
3.409000	14.928000
3.410000	11.958200
3.411000	17.897800
3.412000	11.958200
3.413000	14.928000
3.414000	8.988460
3.415000	11.958200
3.416000	14.928000
3.417000	14.928000
3.418000	14.928000
3.419000	14.928000
3.420000	11.958200
3.421000	11.958200
3.422000	11.958200
3.423000	14.928000
3.424000	11.958200
3.425000	11.958200
3.426000	14.928000
3.427000	14.928000
3.428000	8.988460
3.429000	11.958200
3.430000	14.928000
3.431000	14.928000
3.432000	14.928000
3.433000	11.958200
3.434000	11.958200
3.435000	11.958200
3.436000	11.958200
3.437000	14.928000
3.438000	14.928000
3.439000	11.958200
3.440000	11.958200
3.441000	14.928000
3.442000	14.928000
3.443000	11.958200
3.444000	8.988460
3.445000	14.928000
3.446000	14.928000
3.447000	11.958200
3.448000	8.988460
3.449000	14.928000
3.450000	8.988460
3.451000	14.928000
3.452000	11.958200
3.453000	8.988460
3.454000	14.928000
3.455000	14.928000
3.456000	11.958200
3.457000	11.958200
3.458000	14.928000
3.459000	14.928000
3.460000	17.897800
3.461000	11.958200
3.462000	11.958200
3.463000	14.928000
3.464000	14.928000
3.465000	14.928000
3.466000	11.958200
3.467000	14.928000
3.468000	14.928000
3.469000	14.928000
3.470000	8.988460
3.471000	11.958200
3.472000	14.928000
3.473000	8.988460
3.474000	17.897800
3.475000	14.928000
3.476000	11.958200
3.477000	11.958200
3.478000	11.958200
3.479000	14.928000
3.480000	11.958200
3.481000	11.958200
3.482000	11.958200
3.483000	11.958200
3.484000	11.958200
3.485000	14.928000
3.486000	11.958200
3.487000	14.928000
3.488000	6.012590
3.489000	8.988460
3.490000	14.928000
3.491000	11.958200
3.492000	14.928000
3.493000	11.958200
3.494000	11.958200
3.495000	8.988460
3.496000	14.928000
3.497000	8.988460
3.498000	8.988460
3.499000	14.928000
3.500000	11.958200
3.501000	14.928000
3.502000	8.988460
3.503000	14.928000
3.504000	11.958200
3.505000	14.928000
3.506000	8.988460
3.507000	14.928000
3.508000	11.958200
3.509000	11.958200
3.510000	14.928000
3.511000	14.928000
3.512000	11.958200
3.513000	11.958200
3.514000	11.958200
3.515000	11.958200
3.516000	14.928000
3.517000	14.928000
3.518000	11.958200
3.519000	14.928000
3.520000	11.958200
3.521000	11.958200
3.522000	11.958200
3.523000	14.928000
3.524000	11.958200
3.525000	11.958200
3.526000	14.928000
3.527000	14.928000
3.528000	14.928000
3.529000	11.958200
3.530000	11.958200
3.531000	14.928000
3.532000	14.928000
3.533000	14.928000
3.534000	11.958200
3.535000	17.897800
3.536000	11.958200
3.537000	11.958200
3.538000	11.958200
3.539000	14.928000
3.540000	17.897800
3.541000	11.958200
3.542000	14.928000
3.543000	11.958200
3.544000	14.928000
3.545000	14.928000
3.546000	14.928000
3.547000	14.928000
3.548000	14.928000
3.549000	11.958200
3.550000	14.928000
3.551000	11.958200
3.552000	8.988460
3.553000	11.958200
3.554000	14.928000
3.555000	14.928000
3.556000	11.958200
3.557000	11.958200
3.558000	8.988460
3.559000	14.928000
3.560000	14.928000
3.561000	14.928000
3.562000	11.958200
3.563000	14.928000
3.564000	8.988460
3.565000	14.928000
3.566000	11.958200
3.567000	11.958200
3.568000	8.988460
3.569000	14.928000
3.570000	11.958200
3.571000	11.958200
3.572000	14.928000
3.573000	14.928000
3.574000	8.988460
3.575000	14.928000
3.576000	11.958200
3.577000	14.928000
3.578000	17.897800
3.579000	14.928000
3.580000	14.928000
3.581000	8.988460
3.582000	14.928000
3.583000	11.958200
3.584000	11.958200
3.585000	11.958200
3.586000	14.928000
3.587000	14.928000
3.588000	14.928000
3.589000	8.988460
3.590000	11.958200
3.591000	11.958200
3.592000	11.958200
3.593000	14.928000
3.594000	14.928000
3.595000	14.928000
3.596000	14.928000
3.597000	14.928000
3.598000	11.958200
3.599000	14.928000
3.600000	14.928000
3.601000	11.958200
3.602000	14.928000
3.603000	14.928000
3.604000	11.958200
3.605000	11.958200
3.606000	11.958200
3.607000	14.928000
3.608000	11.958200
3.609000	11.958200
3.610000	8.988460
3.611000	14.928000
3.612000	11.958200
3.613000	11.958200
3.614000	11.958200
3.615000	11.958200
3.616000	11.958200
3.617000	11.958200
3.618000	11.958200
3.619000	8.988460
3.620000	11.958200
3.621000	11.958200
3.622000	14.928000
3.623000	14.928000
3.624000	11.958200
3.625000	14.928000
3.626000	14.928000
3.627000	14.928000
3.628000	14.928000
3.629000	14.928000
3.630000	14.928000
3.631000	8.988460
3.632000	11.958200
3.633000	14.928000
3.634000	14.928000
3.635000	14.928000
3.636000	11.958200
3.637000	11.958200
3.638000	11.958200
3.639000	14.928000
3.640000	14.928000
3.641000	14.928000
3.642000	11.958200
3.643000	11.958200
3.644000	14.928000
3.645000	14.928000
3.646000	14.928000
3.647000	14.928000
3.648000	11.958200
3.649000	11.958200
3.650000	11.958200
3.651000	14.928000
3.652000	14.928000
3.653000	8.988460
3.654000	11.958200
3.655000	14.928000
3.656000	11.958200
3.657000	11.958200
3.658000	14.928000
3.659000	11.958200
3.660000	14.928000
3.661000	14.928000
3.662000	11.958200
3.663000	11.958200
3.664000	8.988460
3.665000	11.958200
3.666000	11.958200
3.667000	11.958200
3.668000	11.958200
3.669000	14.928000
3.670000	14.928000
3.671000	14.928000
3.672000	11.958200
3.673000	11.958200
3.674000	6.012590
3.675000	14.928000
3.676000	14.928000
3.677000	14.928000
3.678000	11.958200
3.679000	17.897800
3.680000	11.958200
3.681000	11.958200
3.682000	8.988460
3.683000	11.958200
3.684000	14.928000
3.685000	8.988460
3.686000	14.928000
3.687000	8.988460
3.688000	11.958200
3.689000	11.958200
3.690000	11.958200
3.691000	8.988460
3.692000	11.958200
3.693000	14.928000
3.694000	14.928000
3.695000	14.928000
3.696000	14.928000
3.697000	11.958200
3.698000	11.958200
3.699000	14.928000
