0.000000	0.348000
0.053500	0.366000
-0.130000	0.384000
-0.138000	0.366000
-0.008290	0.366000
-0.044600	0.384000
-0.132000	0.366000
-0.140000	0.366000
0.000890	0.366000
-0.014200	-0.208000
-0.133000	0.276000
0.578000	0.384000
1.640000	1.210000
2.320000	3.180000
3.590000	6.160000
4.090000	9.300000
4.370000	10.400000
5.000000	10.600000
5.200000	9.300000
5.790000	10.700000
6.050000	13.200000
6.840000	14.700000
6.940000	15.600000
7.140000	16.400000
7.620000	16.799999
7.840000	17.900000
8.200000	19.000000
8.730000	20.500000
8.880000	21.200001
9.270000	21.900000
9.690000	22.700001
9.990000	23.299999
10.000000	24.500000
10.200000	25.600000
10.200000	26.200001
10.700000	26.900000
10.800000	28.000000
10.900000	28.900000
11.600000	30.100000
11.700000	31.000000
11.800000	31.600000
12.100000	32.500000
12.100000	33.500000
12.100000	34.599998
13.000000	35.500000
13.200000	36.099998
13.300000	36.700001
14.000000	36.700001
14.100000	36.700001
14.700000	36.700001
14.600000	36.700001
14.800000	36.700001
15.000000	36.700001
15.200000	36.700001
15.500000	36.700001
16.000000	36.700001
16.100000	36.700001
16.500000	36.700001
16.799999	36.700001
17.299999	36.700001
17.700001	36.700001
17.600000	36.700001
18.200001	36.700001
18.200001	36.700001
18.500000	36.700001
19.100000	36.700001
19.400000	36.700001
19.799999	36.700001
20.299999	36.700001
21.000000	36.700001
23.100000	18.700001
26.900000	32.599998
30.900000	25.100000
30.900000	36.700001
36.500000	31.500000
37.500000	28.000000
38.500000	26.500000
39.099998	23.600000
39.799999	19.900000
41.400002	15.800000
42.700001	19.299999
42.700001	16.700001
47.299999	18.799999
49.799999	17.600000
51.200001	20.400000
53.299999	6.180000
